110
1807
7
0 5
0 9
0 13
0 14
0 15
0 18
0 20
0 21
0 26
0 28
0 29
0 30
0 32
0 35
0 37
0 44
0 45
0 46
0 48
0 49
0 50
0 52
0 55
0 73
0 75
0 76
0 80
0 81
0 82
0 85
0 94
0 104
1 3
1 5
1 6
1 10
1 14
1 15
1 17
1 20
1 26
1 27
1 28
1 30
1 32
1 40
1 41
1 43
1 44
1 47
1 51
1 52
1 61
1 63
1 68
1 70
1 77
1 78
1 81
1 83
1 91
1 93
1 94
1 96
1 99
1 101
1 102
1 106
2 3
2 4
2 5
2 7
2 8
2 11
2 13
2 19
2 27
2 29
2 31
2 32
2 33
2 39
2 40
2 45
2 49
2 50
2 55
2 61
2 62
2 63
2 65
2 66
2 70
2 77
2 79
2 82
2 83
2 84
2 87
2 94
2 97
2 102
2 106
2 107
3 4
3 6
3 9
3 10
3 18
3 28
3 32
3 35
3 40
3 42
3 45
3 51
3 52
3 55
3 59
3 60
3 62
3 63
3 64
3 66
3 70
3 73
3 75
3 80
3 82
3 87
3 88
3 91
3 98
3 100
3 103
3 106
4 5
4 7
4 10
4 18
4 22
4 27
4 28
4 44
4 45
4 47
4 52
4 53
4 56
4 62
4 64
4 66
4 71
4 72
4 76
4 77
4 79
4 81
4 82
4 86
4 96
4 100
5 13
5 16
5 22
5 29
5 32
5 38
5 44
5 48
5 54
5 62
5 66
5 67
5 68
5 69
5 76
5 80
5 81
5 83
5 87
5 88
5 92
5 93
5 95
5 107
6 11
6 14
6 20
6 21
6 22
6 26
6 34
6 37
6 38
6 39
6 41
6 43
6 44
6 48
6 49
6 51
6 55
6 58
6 60
6 71
6 78
6 83
6 90
6 91
6 93
6 98
6 100
6 103
6 107
7 8
7 16
7 19
7 27
7 30
7 32
7 34
7 37
7 39
7 43
7 45
7 46
7 52
7 53
7 54
7 56
7 59
7 61
7 62
7 63
7 67
7 70
7 75
7 76
7 80
7 94
7 97
7 98
7 107
7 109
8 17
8 20
8 28
8 32
8 34
8 37
8 43
8 44
8 48
8 49
8 54
8 56
8 59
8 60
8 61
8 63
8 66
8 67
8 69
8 70
8 71
8 73
8 74
8 77
8 80
8 82
8 83
8 86
8 94
8 96
9 11
9 12
9 14
9 16
9 23
9 24
9 27
9 28
9 30
9 32
9 36
9 37
9 39
9 42
9 44
9 45
9 54
9 55
9 76
9 77
9 78
9 81
9 82
9 85
9 90
9 95
9 96
9 98
9 99
9 101
9 109
10 11
10 12
10 14
10 16
10 27
10 28
10 30
10 32
10 34
10 37
10 38
10 39
10 40
10 46
10 48
10 50
10 54
10 57
10 60
10 69
10 77
10 84
10 89
10 99
10 101
10 102
10 104
11 14
11 19
11 20
11 26
11 27
11 33
11 36
11 38
11 42
11 46
11 48
11 53
11 57
11 59
11 60
11 63
11 64
11 69
11 73
11 74
11 77
11 78
11 80
11 82
11 90
11 92
11 103
11 105
11 107
11 109
12 14
12 24
12 26
12 28
12 31
12 34
12 37
12 44
12 45
12 47
12 49
12 56
12 58
12 63
12 66
12 73
12 74
12 81
12 83
12 84
12 85
12 95
12 97
12 105
12 109
13 17
13 21
13 22
13 23
13 25
13 32
13 33
13 35
13 38
13 42
13 50
13 53
13 63
13 67
13 73
13 75
13 80
13 81
13 85
13 90
13 91
13 92
13 93
13 94
13 95
13 98
13 99
13 102
13 104
13 105
13 107
14 15
14 19
14 20
14 25
14 28
14 38
14 42
14 43
14 50
14 52
14 58
14 62
14 64
14 65
14 70
14 81
14 86
14 93
14 95
14 96
14 97
14 101
14 102
14 103
14 105
14 107
14 108
15 20
15 28
15 29
15 30
15 32
15 40
15 46
15 52
15 54
15 56
15 58
15 59
15 61
15 62
15 63
15 67
15 68
15 72
15 75
15 77
15 79
15 83
15 92
15 97
15 99
15 100
15 102
15 106
16 19
16 27
16 30
16 31
16 36
16 38
16 41
16 45
16 48
16 49
16 51
16 56
16 58
16 59
16 61
16 62
16 63
16 64
16 66
16 72
16 76
16 80
16 83
16 85
16 87
16 88
16 92
16 94
16 102
16 105
16 107
17 26
17 27
17 37
17 43
17 48
17 50
17 54
17 56
17 61
17 64
17 65
17 71
17 73
17 75
17 76
17 79
17 93
17 95
17 96
17 105
17 109
18 19
18 21
18 22
18 24
18 25
18 31
18 42
18 44
18 45
18 49
18 59
18 65
18 68
18 69
18 71
18 72
18 73
18 75
18 76
18 85
18 87
18 88
18 93
18 99
18 100
18 102
18 104
19 23
19 24
19 27
19 29
19 32
19 33
19 34
19 36
19 37
19 40
19 48
19 49
19 51
19 56
19 58
19 62
19 63
19 65
19 66
19 69
19 70
19 82
19 93
19 94
19 99
19 102
19 105
20 25
20 28
20 30
20 36
20 41
20 44
20 47
20 51
20 53
20 57
20 64
20 65
20 66
20 69
20 76
20 79
20 80
20 82
20 89
20 90
20 95
20 97
20 99
20 104
20 106
20 107
21 25
21 26
21 29
21 34
21 40
21 41
21 42
21 53
21 55
21 57
21 62
21 63
21 65
21 67
21 71
21 73
21 79
21 83
21 84
21 85
21 88
21 97
21 100
21 101
21 108
21 109
22 25
22 29
22 33
22 37
22 39
22 42
22 46
22 50
22 56
22 65
22 68
22 72
22 79
22 80
22 83
22 84
22 86
22 89
22 90
22 93
22 96
22 101
22 102
22 106
22 109
23 25
23 27
23 29
23 30
23 32
23 37
23 44
23 55
23 57
23 63
23 64
23 68
23 69
23 70
23 71
23 77
23 82
23 84
23 86
23 88
23 99
23 108
23 109
24 25
24 33
24 38
24 41
24 44
24 45
24 51
24 60
24 61
24 63
24 65
24 66
24 70
24 73
24 83
24 84
24 87
24 88
24 92
24 93
24 94
24 95
24 99
24 103
24 106
24 108
25 29
25 33
25 35
25 39
25 43
25 45
25 52
25 56
25 60
25 62
25 66
25 67
25 69
25 70
25 72
25 74
25 76
25 77
25 83
25 85
25 87
25 88
25 89
25 91
25 92
25 94
25 99
25 100
25 103
25 107
25 108
26 37
26 40
26 43
26 49
26 53
26 56
26 57
26 60
26 73
26 78
26 79
26 83
26 87
26 89
26 92
26 95
26 98
26 109
27 29
27 32
27 34
27 38
27 39
27 41
27 43
27 45
27 47
27 48
27 50
27 52
27 53
27 58
27 60
27 63
27 66
27 69
27 74
27 81
27 86
27 88
27 90
27 92
27 106
27 107
27 108
27 109
28 36
28 38
28 43
28 44
28 45
28 49
28 52
28 55
28 56
28 57
28 62
28 63
28 69
28 71
28 74
28 78
28 80
28 82
28 83
28 88
28 90
28 92
28 94
28 97
28 98
28 99
28 100
28 104
28 108
29 30
29 32
29 33
29 36
29 39
29 42
29 47
29 53
29 57
29 58
29 60
29 62
29 67
29 69
29 70
29 76
29 77
29 79
29 80
29 91
29 92
29 94
29 95
29 96
29 97
29 99
29 102
29 105
29 106
29 108
30 31
30 42
30 45
30 46
30 50
30 51
30 55
30 58
30 59
30 69
30 77
30 78
30 84
30 85
30 87
30 88
30 89
30 92
30 96
30 100
30 101
30 102
30 103
30 105
30 106
30 109
31 32
31 33
31 35
31 38
31 45
31 50
31 53
31 54
31 55
31 65
31 67
31 68
31 71
31 73
31 77
31 79
31 91
31 99
31 108
32 36
32 39
32 40
32 45
32 46
32 47
32 51
32 52
32 54
32 55
32 67
32 73
32 76
32 81
32 87
32 89
32 90
32 94
32 99
32 102
32 108
33 37
33 38
33 39
33 44
33 45
33 57
33 59
33 61
33 62
33 64
33 66
33 67
33 68
33 69
33 71
33 76
33 86
33 88
33 92
33 93
33 96
33 99
33 100
33 105
33 106
34 39
34 51
34 54
34 56
34 57
34 58
34 59
34 60
34 62
34 65
34 66
34 72
34 73
34 74
34 75
34 81
34 82
34 85
34 86
34 89
34 90
34 93
34 104
34 106
34 107
34 108
34 109
35 36
35 37
35 45
35 49
35 50
35 52
35 55
35 58
35 59
35 60
35 63
35 67
35 71
35 74
35 77
35 83
35 89
35 92
35 93
35 96
35 99
35 104
35 105
35 107
36 39
36 41
36 44
36 49
36 50
36 51
36 54
36 57
36 58
36 64
36 65
36 67
36 70
36 71
36 78
36 79
36 81
36 83
36 88
36 89
36 93
36 96
36 102
36 104
36 106
37 41
37 43
37 46
37 48
37 54
37 55
37 56
37 57
37 62
37 63
37 67
37 68
37 71
37 74
37 77
37 78
37 82
37 84
37 85
37 90
37 96
37 107
37 109
38 39
38 40
38 41
38 42
38 45
38 51
38 53
38 54
38 55
38 56
38 57
38 58
38 64
38 65
38 67
38 73
38 74
38 81
38 90
38 93
38 99
38 101
39 42
39 44
39 45
39 47
39 48
39 52
39 58
39 59
39 60
39 61
39 62
39 63
39 64
39 65
39 69
39 74
39 75
39 79
39 84
39 96
39 99
39 101
39 102
39 104
39 105
39 106
39 108
39 109
40 44
40 47
40 49
40 51
40 57
40 59
40 61
40 67
40 68
40 78
40 82
40 84
40 85
40 86
40 92
40 95
40 97
40 98
40 101
40 105
41 43
41 45
41 50
41 55
41 61
41 69
41 70
41 80
41 81
41 84
41 91
41 93
41 95
41 96
41 97
41 98
41 100
41 101
41 103
42 44
42 49
42 52
42 53
42 55
42 65
42 71
42 74
42 76
42 78
42 88
42 94
42 97
42 98
42 99
42 104
42 106
43 45
43 46
43 47
43 51
43 52
43 54
43 56
43 58
43 72
43 74
43 77
43 79
43 84
43 89
43 95
43 96
43 100
43 101
43 102
43 109
44 48
44 51
44 55
44 60
44 69
44 74
44 77
44 78
44 79
44 82
44 86
44 87
44 90
44 93
44 94
44 106
44 109
45 47
45 48
45 63
45 69
45 75
45 76
45 78
45 80
45 84
45 88
45 90
45 92
45 93
45 96
45 97
45 102
45 104
45 105
45 106
45 109
46 52
46 57
46 63
46 68
46 70
46 74
46 78
46 79
46 80
46 81
46 83
46 85
46 86
46 87
46 88
46 91
46 101
46 103
46 104
47 48
47 49
47 50
47 52
47 55
47 60
47 66
47 69
47 71
47 82
47 85
47 86
47 88
47 90
47 94
47 95
47 96
47 97
47 100
47 101
47 103
47 107
48 50
48 52
48 53
48 56
48 59
48 62
48 67
48 73
48 76
48 80
48 83
48 89
48 105
49 55
49 57
49 61
49 64
49 65
49 67
49 68
49 69
49 73
49 76
49 79
49 80
49 82
49 84
49 85
49 88
49 90
49 94
49 96
49 97
49 102
49 103
49 109
50 51
50 54
50 59
50 61
50 62
50 65
50 70
50 72
50 74
50 75
50 79
50 82
50 84
50 92
50 94
50 97
50 102
50 108
51 54
51 55
51 57
51 58
51 59
51 64
51 68
51 72
51 74
51 76
51 79
51 82
51 84
51 89
51 91
51 93
51 94
51 99
51 101
51 103
51 104
51 106
51 108
51 109
52 55
52 60
52 61
52 63
52 67
52 69
52 72
52 73
52 75
52 77
52 88
52 89
52 91
52 92
52 104
52 108
52 109
53 55
53 59
53 64
53 68
53 72
53 76
53 77
53 78
53 79
53 81
53 82
53 83
53 85
53 89
53 91
53 92
53 94
53 95
53 96
53 98
53 104
54 55
54 56
54 61
54 65
54 67
54 71
54 72
54 91
54 96
54 99
54 103
54 105
54 107
54 109
55 57
55 59
55 64
55 69
55 74
55 76
55 80
55 85
55 90
55 91
55 96
55 103
55 106
55 107
56 58
56 65
56 66
56 72
56 75
56 76
56 78
56 79
56 83
56 84
56 86
56 87
56 94
56 96
56 100
56 102
56 105
56 106
56 108
57 58
57 61
57 65
57 67
57 68
57 71
57 72
57 88
57 89
57 90
57 93
57 97
57 98
57 102
57 105
57 109
58 59
58 60
58 62
58 63
58 65
58 68
58 71
58 73
58 76
58 79
58 84
58 85
58 88
58 91
58 94
58 98
58 102
58 104
58 105
58 106
59 64
59 70
59 72
59 74
59 92
59 99
59 103
60 67
60 72
60 74
60 77
60 79
60 86
60 89
60 91
60 93
60 94
60 97
60 100
60 101
60 105
60 107
60 109
61 62
61 69
61 73
61 78
61 79
61 80
61 81
61 83
61 84
61 87
61 91
61 92
61 93
61 96
61 97
61 98
61 100
61 105
61 106
61 108
62 64
62 66
62 73
62 77
62 78
62 80
62 81
62 86
62 87
62 88
62 95
62 98
62 99
62 100
62 102
62 107
62 108
63 65
63 66
63 69
63 73
63 76
63 79
63 82
63 83
63 88
63 90
63 92
63 94
63 95
63 97
63 107
63 109
64 68
64 71
64 73
64 86
64 98
65 72
65 73
65 74
65 75
65 82
65 85
65 90
65 92
65 93
65 96
65 98
65 101
65 103
65 104
65 105
65 106
65 108
65 109
66 69
66 72
66 73
66 78
66 81
66 84
66 90
66 94
66 95
66 96
66 97
66 103
66 106
66 107
66 108
67 69
67 70
67 72
67 80
67 82
67 90
67 92
67 93
67 94
67 99
67 104
67 106
68 70
68 81
68 83
68 90
68 92
68 97
68 98
68 101
68 105
68 107
69 76
69 77
69 78
69 81
69 82
69 83
69 85
69 89
69 90
69 92
69 97
69 104
69 109
70 81
70 82
70 86
70 90
70 95
70 98
70 100
70 105
70 107
71 74
71 79
71 80
71 81
71 83
71 84
71 88
71 89
71 91
71 92
71 96
71 97
71 98
71 99
72 79
72 80
72 84
72 87
72 92
72 95
72 98
72 103
72 106
73 74
73 79
73 80
73 81
73 83
73 90
73 91
73 93
73 94
73 99
73 102
73 106
74 79
74 80
74 82
74 84
74 85
74 88
74 89
74 90
74 99
74 100
74 104
74 108
75 80
75 81
75 82
75 85
75 88
75 89
75 90
75 92
75 96
75 101
75 104
75 109
76 81
76 82
76 88
76 90
76 95
76 96
76 101
76 103
76 105
77 86
77 90
77 95
77 96
77 97
77 99
77 101
77 102
77 103
77 104
77 108
78 85
78 87
78 92
78 94
78 95
78 96
78 97
78 101
79 80
79 81
79 82
79 87
79 88
79 90
79 99
79 100
79 108
80 81
80 94
80 100
80 101
80 107
80 108
81 87
81 92
81 93
81 100
81 101
81 109
82 87
82 89
82 90
82 92
82 95
82 96
82 100
82 102
82 103
82 106
82 109
83 89
83 99
83 100
83 104
83 108
84 85
84 90
84 97
84 102
84 104
85 90
85 92
85 93
85 97
85 107
85 109
86 93
86 98
86 100
86 107
87 88
87 90
87 95
87 104
87 106
87 108
88 91
88 92
88 94
88 97
88 98
88 101
89 91
89 92
89 93
89 95
89 99
89 104
90 94
90 99
90 104
90 106
92 95
92 97
92 98
92 100
92 103
93 94
93 99
93 102
93 104
93 105
93 108
94 101
94 102
94 104
94 105
94 108
95 96
95 97
95 103
95 104
95 108
96 97
96 98
96 101
96 102
96 105
96 107
96 109
97 98
97 99
97 100
97 105
97 108
97 109
98 106
99 100
99 102
99 103
99 107
100 106
100 107
101 105
101 107
102 104
102 108
102 109
103 108
104 107
104 108
104 109
105 106
106 108
108 109
26 28 48 20 63 68 74 16 51 1 62 17 83 73 3 69
33 59 11 53 61 84 29 101 104 86 5 41 15 94 46 12
36 34 27 43 39 109 60 91 9 99 77 87 38 72 19 96
64 49 22 108 71 21 2 75 80 98 106 13 105 18 82 79
50 92 6 85 25 54 93 88 14 30 40 95 56 8 24 55
78 47 23 44 97 4 0 66 81 52 65 100 31 70 42 57
32 90 58 107 103 35 76 102 10 37 7 67 45 89
