110
1866
22
0 2
0 17
0 24
0 25
0 32
0 34
0 38
0 39
0 40
0 44
0 47
0 49
0 53
0 55
0 58
0 59
0 60
0 61
0 66
0 67
0 69
0 72
0 77
0 92
0 93
0 94
0 95
0 103
0 104
0 108
1 4
1 9
1 13
1 14
1 18
1 24
1 26
1 27
1 28
1 30
1 31
1 40
1 42
1 44
1 51
1 62
1 64
1 69
1 71
1 72
1 74
1 78
1 82
1 83
1 84
1 86
1 90
1 98
1 102
1 104
1 106
2 3
2 4
2 5
2 7
2 8
2 11
2 12
2 14
2 19
2 25
2 33
2 35
2 38
2 40
2 41
2 43
2 45
2 48
2 49
2 53
2 54
2 55
2 59
2 64
2 66
2 75
2 80
2 87
2 89
2 93
2 94
2 97
2 99
2 104
2 105
3 4
3 6
3 8
3 10
3 12
3 14
3 17
3 18
3 29
3 30
3 32
3 34
3 38
3 40
3 43
3 46
3 50
3 54
3 57
3 59
3 60
3 65
3 72
3 73
3 77
3 80
3 81
3 83
3 94
3 96
3 100
3 101
3 102
3 106
4 5
4 6
4 7
4 13
4 16
4 22
4 24
4 27
4 30
4 31
4 32
4 33
4 35
4 37
4 42
4 45
4 49
4 54
4 56
4 59
4 60
4 61
4 62
4 63
4 66
4 67
4 70
4 72
4 77
4 79
4 80
4 83
4 91
4 96
4 98
4 100
4 103
4 104
4 108
4 109
5 6
5 9
5 14
5 20
5 22
5 25
5 28
5 29
5 36
5 37
5 39
5 40
5 42
5 46
5 52
5 57
5 71
5 76
5 84
5 89
5 93
5 97
5 106
5 108
6 14
6 28
6 34
6 36
6 37
6 38
6 39
6 40
6 41
6 42
6 43
6 44
6 45
6 48
6 49
6 53
6 55
6 56
6 59
6 60
6 62
6 65
6 67
6 68
6 77
6 83
6 84
6 85
6 87
6 90
6 91
6 93
6 96
6 97
6 102
7 10
7 15
7 23
7 25
7 26
7 36
7 38
7 40
7 45
7 47
7 49
7 54
7 60
7 67
7 68
7 72
7 73
7 79
7 83
7 84
7 85
7 87
7 95
7 96
7 99
7 105
8 18
8 20
8 28
8 32
8 33
8 47
8 48
8 49
8 54
8 56
8 59
8 61
8 62
8 66
8 67
8 69
8 70
8 72
8 75
8 78
8 83
8 86
8 87
8 88
8 89
8 90
8 92
8 93
8 107
9 11
9 13
9 18
9 26
9 29
9 31
9 32
9 35
9 39
9 41
9 47
9 49
9 51
9 52
9 54
9 57
9 58
9 62
9 64
9 72
9 74
9 77
9 84
9 89
9 95
9 99
9 101
9 102
9 104
9 106
9 109
10 21
10 22
10 25
10 28
10 31
10 33
10 37
10 38
10 48
10 54
10 57
10 64
10 67
10 75
10 94
10 95
10 100
10 101
10 107
10 108
10 109
11 13
11 16
11 28
11 30
11 34
11 37
11 44
11 45
11 48
11 49
11 51
11 55
11 56
11 60
11 61
11 64
11 68
11 69
11 70
11 71
11 72
11 74
11 79
11 80
11 82
11 83
11 84
11 85
11 86
11 92
11 94
11 96
11 101
11 105
11 107
11 108
12 15
12 16
12 17
12 18
12 22
12 25
12 30
12 37
12 39
12 46
12 52
12 54
12 55
12 60
12 63
12 64
12 65
12 69
12 70
12 72
12 73
12 77
12 80
12 82
12 84
12 90
12 94
12 100
12 101
12 103
12 108
12 109
13 16
13 19
13 26
13 34
13 35
13 36
13 42
13 45
13 47
13 50
13 52
13 63
13 67
13 72
13 74
13 80
13 81
13 82
13 87
13 89
13 95
13 99
13 100
13 106
13 108
14 16
14 17
14 20
14 21
14 22
14 26
14 27
14 29
14 33
14 34
14 35
14 36
14 39
14 40
14 46
14 48
14 49
14 53
14 56
14 63
14 66
14 74
14 75
14 77
14 78
14 79
14 84
14 85
14 86
14 90
14 93
14 95
14 96
14 97
14 98
14 101
14 108
14 109
15 19
15 26
15 36
15 44
15 45
15 48
15 53
15 54
15 56
15 61
15 66
15 67
15 70
15 71
15 73
15 76
15 77
15 82
15 83
15 84
15 85
15 86
15 89
15 91
15 93
15 94
15 97
15 100
15 102
15 104
15 108
16 27
16 28
16 32
16 42
16 47
16 49
16 56
16 59
16 61
16 64
16 72
16 80
16 82
16 96
16 97
16 99
16 100
16 101
16 103
16 105
16 107
17 21
17 36
17 37
17 39
17 42
17 43
17 46
17 47
17 48
17 50
17 57
17 59
17 70
17 72
17 74
17 75
17 76
17 79
17 80
17 81
17 83
17 84
17 85
17 86
17 88
17 90
17 97
17 99
17 100
18 25
18 33
18 35
18 40
18 41
18 42
18 43
18 47
18 52
18 56
18 61
18 65
18 66
18 67
18 69
18 75
18 82
18 84
18 89
18 96
18 97
18 98
18 104
18 107
19 20
19 21
19 23
19 24
19 30
19 32
19 33
19 35
19 37
19 39
19 40
19 42
19 55
19 58
19 62
19 63
19 65
19 66
19 70
19 71
19 74
19 79
19 84
19 89
19 91
19 94
19 95
19 96
19 97
19 108
19 109
20 25
20 27
20 29
20 31
20 32
20 34
20 38
20 40
20 41
20 42
20 45
20 52
20 56
20 57
20 58
20 64
20 68
20 73
20 76
20 78
20 86
20 91
20 93
20 101
20 104
21 22
21 23
21 25
21 32
21 38
21 39
21 42
21 44
21 46
21 47
21 56
21 57
21 68
21 69
21 70
21 71
21 75
21 77
21 80
21 83
21 86
21 90
21 93
21 95
21 97
21 100
21 102
22 23
22 24
22 28
22 29
22 31
22 35
22 36
22 39
22 42
22 46
22 53
22 57
22 60
22 63
22 66
22 72
22 76
22 77
22 96
22 97
22 99
22 105
23 24
23 28
23 29
23 34
23 39
23 41
23 43
23 45
23 56
23 60
23 63
23 66
23 74
23 76
23 78
23 81
23 82
23 87
23 88
23 89
23 99
23 102
23 104
23 107
24 27
24 28
24 30
24 32
24 36
24 44
24 47
24 50
24 53
24 60
24 65
24 66
24 67
24 68
24 75
24 78
24 79
24 83
24 84
24 86
24 89
24 92
24 94
24 96
24 99
24 105
25 27
25 28
25 30
25 36
25 37
25 41
25 43
25 44
25 45
25 55
25 59
25 63
25 70
25 78
25 84
25 86
25 93
25 96
25 97
25 99
26 30
26 31
26 35
26 37
26 39
26 42
26 45
26 48
26 52
26 54
26 55
26 58
26 59
26 60
26 61
26 64
26 65
26 66
26 67
26 73
26 76
26 77
26 80
26 82
26 84
26 86
26 88
26 89
26 92
26 95
26 98
26 107
27 30
27 32
27 36
27 37
27 38
27 42
27 43
27 50
27 55
27 67
27 69
27 70
27 71
27 73
27 75
27 78
27 79
27 80
27 84
27 85
27 86
27 89
27 92
27 93
27 98
27 99
27 100
27 106
27 107
27 108
28 30
28 31
28 32
28 34
28 35
28 36
28 37
28 40
28 42
28 43
28 46
28 49
28 51
28 52
28 58
28 59
28 62
28 63
28 67
28 73
28 75
28 77
28 81
28 82
28 84
28 90
28 94
28 96
28 97
28 99
28 100
28 104
28 106
28 107
28 109
29 30
29 34
29 40
29 41
29 46
29 48
29 49
29 51
29 56
29 57
29 59
29 60
29 63
29 64
29 65
29 66
29 69
29 75
29 77
29 78
29 81
29 83
29 84
29 87
29 90
29 93
29 94
29 100
29 103
29 104
29 106
29 107
30 32
30 34
30 40
30 42
30 43
30 44
30 45
30 47
30 48
30 51
30 53
30 59
30 61
30 62
30 64
30 66
30 82
30 86
30 88
30 89
30 91
30 92
30 93
30 95
31 34
31 40
31 41
31 43
31 44
31 45
31 49
31 53
31 58
31 71
31 75
31 77
31 78
31 80
31 82
31 84
31 92
31 105
31 106
32 38
32 39
32 40
32 42
32 45
32 48
32 51
32 52
32 56
32 57
32 59
32 60
32 64
32 65
32 68
32 72
32 73
32 76
32 79
32 88
32 92
32 99
32 100
32 101
32 103
32 106
32 107
32 108
32 109
33 34
33 38
33 45
33 47
33 51
33 53
33 56
33 61
33 62
33 63
33 64
33 66
33 70
33 71
33 73
33 74
33 75
33 78
33 80
33 85
33 88
33 91
33 92
33 96
33 98
33 99
33 100
33 101
33 106
33 108
33 109
34 35
34 37
34 41
34 47
34 48
34 51
34 60
34 64
34 65
34 69
34 78
34 79
34 80
34 81
34 82
34 86
34 90
34 91
34 94
34 95
34 104
34 106
34 108
35 36
35 37
35 38
35 43
35 44
35 49
35 51
35 53
35 67
35 75
35 78
35 86
35 88
35 90
35 93
35 100
35 101
35 102
35 106
35 109
36 40
36 42
36 43
36 46
36 47
36 49
36 52
36 55
36 60
36 61
36 64
36 68
36 69
36 70
36 71
36 72
36 76
36 84
36 87
36 93
36 94
36 97
36 106
36 107
36 108
37 38
37 44
37 47
37 50
37 56
37 57
37 61
37 64
37 66
37 72
37 75
37 83
37 99
37 105
37 108
37 109
38 39
38 40
38 42
38 43
38 45
38 48
38 49
38 52
38 53
38 56
38 61
38 65
38 67
38 71
38 75
38 81
38 83
38 84
38 88
38 92
38 93
38 99
38 104
38 105
38 106
38 107
39 43
39 46
39 52
39 53
39 54
39 56
39 57
39 59
39 60
39 62
39 68
39 72
39 73
39 75
39 76
39 80
39 84
39 89
39 91
39 96
39 99
39 107
39 108
40 42
40 43
40 47
40 49
40 54
40 55
40 60
40 61
40 70
40 76
40 78
40 80
40 82
40 83
40 87
40 98
40 100
40 104
40 108
41 42
41 55
41 56
41 58
41 60
41 63
41 65
41 68
41 69
41 70
41 71
41 80
41 83
41 86
41 87
41 88
41 90
41 98
41 100
41 101
41 103
41 107
42 46
42 49
42 50
42 52
42 53
42 55
42 62
42 63
42 67
42 68
42 72
42 74
42 75
42 77
42 79
42 83
42 88
42 90
42 92
42 95
42 96
42 99
42 104
42 105
43 45
43 48
43 52
43 54
43 59
43 60
43 63
43 70
43 71
43 72
43 82
43 85
43 87
43 88
43 90
43 91
43 92
43 95
43 99
43 101
43 105
43 108
44 51
44 52
44 53
44 55
44 60
44 61
44 62
44 63
44 64
44 65
44 66
44 68
44 69
44 74
44 78
44 79
44 88
44 92
44 97
44 98
44 99
44 104
44 105
44 109
45 47
45 58
45 59
45 66
45 68
45 69
45 86
45 89
45 92
45 93
45 94
45 100
45 101
45 103
45 105
45 108
46 51
46 53
46 55
46 58
46 59
46 62
46 63
46 64
46 66
46 71
46 72
46 74
46 75
46 79
46 82
46 89
46 90
46 93
46 95
46 96
46 99
46 100
46 103
46 104
46 106
46 107
47 54
47 56
47 57
47 60
47 65
47 66
47 70
47 71
47 73
47 74
47 78
47 86
47 92
47 94
47 102
47 106
47 108
48 49
48 51
48 53
48 54
48 60
48 61
48 62
48 63
48 64
48 65
48 66
48 71
48 72
48 75
48 78
48 80
48 82
48 84
48 92
48 100
48 101
48 102
48 104
48 105
48 108
49 51
49 52
49 54
49 57
49 61
49 63
49 65
49 66
49 69
49 71
49 73
49 78
49 83
49 84
49 85
49 89
49 92
49 96
49 100
49 103
49 106
50 53
50 55
50 59
50 60
50 63
50 69
50 79
50 83
50 88
50 91
50 92
50 93
50 95
50 98
50 99
50 100
50 102
50 103
50 104
50 105
50 106
51 52
51 54
51 58
51 60
51 61
51 62
51 66
51 67
51 69
51 75
51 76
51 77
51 81
51 82
51 84
51 86
51 96
52 54
52 55
52 58
52 62
52 64
52 65
52 68
52 70
52 71
52 72
52 73
52 74
52 76
52 80
52 81
52 89
52 91
52 94
52 95
52 97
52 98
52 104
52 105
52 109
53 54
53 57
53 66
53 68
53 70
53 71
53 74
53 79
53 80
53 84
53 85
53 95
53 101
53 105
53 106
53 107
54 59
54 62
54 65
54 74
54 78
54 79
54 85
54 90
54 95
54 97
54 100
54 101
54 102
54 104
54 107
55 60
55 72
55 73
55 84
55 87
55 88
55 91
55 93
55 94
55 104
56 57
56 72
56 74
56 79
56 83
56 85
56 86
56 87
56 90
56 92
56 93
56 95
56 99
56 101
57 62
57 70
57 72
57 76
57 81
57 83
57 84
57 86
57 87
57 88
57 101
57 109
58 59
58 62
58 66
58 67
58 69
58 70
58 71
58 72
58 78
58 80
58 89
58 90
58 91
58 93
58 94
58 95
58 98
58 100
58 102
58 103
58 107
59 60
59 68
59 70
59 71
59 73
59 76
59 77
59 78
59 89
59 93
59 98
59 100
60 62
60 63
60 66
60 68
60 71
60 72
60 75
60 78
60 83
60 84
60 85
60 86
60 90
60 91
60 92
60 94
60 103
60 105
60 108
60 109
61 63
61 73
61 75
61 79
61 80
61 83
61 86
61 91
61 96
61 98
61 100
61 103
61 105
61 107
61 109
62 64
62 65
62 70
62 72
62 74
62 78
62 79
62 83
62 87
62 88
62 90
62 94
62 98
63 70
63 74
63 75
63 76
63 77
63 79
63 81
63 84
63 85
63 89
63 90
63 91
63 93
63 98
63 102
63 103
63 104
63 106
64 70
64 71
64 73
64 74
64 78
64 82
64 84
64 85
64 88
64 90
64 93
64 99
64 102
64 106
65 69
65 73
65 74
65 76
65 80
65 93
65 94
65 108
66 68
66 74
66 84
66 85
66 86
66 87
66 89
66 94
66 95
66 96
66 104
66 105
66 106
66 107
66 108
66 109
67 68
67 69
67 75
67 78
67 79
67 80
67 82
67 83
67 85
67 86
67 87
67 88
67 91
67 92
67 93
67 94
67 95
67 96
67 97
67 104
67 105
67 108
68 69
68 72
68 73
68 77
68 78
68 80
68 81
68 85
68 86
68 87
68 88
68 98
68 100
68 102
68 105
69 70
69 71
69 74
69 76
69 82
69 89
69 91
69 95
69 108
69 109
70 71
70 72
70 75
70 79
70 86
70 91
70 92
70 97
70 100
70 101
70 105
70 106
70 108
71 74
71 76
71 77
71 78
71 80
71 92
71 93
71 96
71 106
71 108
72 86
72 88
72 89
72 97
72 108
72 109
73 76
73 77
73 79
73 80
73 81
73 82
73 83
73 87
73 88
73 90
73 95
73 101
73 103
73 105
73 106
74 77
74 78
74 79
74 80
74 84
74 87
74 89
74 92
74 93
74 97
74 98
74 99
74 100
74 102
74 104
74 107
74 108
74 109
75 77
75 81
75 83
75 91
75 92
75 97
75 105
75 108
76 77
76 78
76 81
76 82
76 85
76 87
76 88
76 90
76 94
76 99
76 104
76 107
77 78
77 83
77 89
77 91
77 92
77 93
77 97
77 99
77 101
77 104
77 106
78 79
78 82
78 83
78 84
78 90
78 92
78 94
78 106
78 109
79 88
79 89
79 90
79 96
79 97
79 100
79 106
80 84
80 87
80 88
80 89
80 91
80 94
80 100
80 103
80 105
80 108
81 89
81 93
81 95
81 98
81 99
81 101
81 102
81 104
81 108
82 84
82 88
82 90
82 95
82 96
82 101
82 104
82 105
82 107
83 84
83 85
83 104
84 86
84 93
84 101
85 88
85 91
85 103
85 104
85 106
85 109
86 90
86 92
86 94
86 97
86 99
86 100
86 101
86 104
87 89
87 94
87 98
87 99
87 100
87 107
87 108
88 89
88 91
88 93
88 94
88 100
88 105
89 91
89 93
89 95
89 106
90 97
90 100
90 101
90 102
90 107
91 92
91 95
91 97
91 98
91 102
92 94
92 95
92 101
92 102
92 103
92 108
92 109
93 95
93 98
93 101
93 107
94 95
94 97
94 99
94 102
94 106
95 105
95 108
96 98
96 109
97 99
97 102
97 104
98 100
99 101
99 103
99 105
99 106
99 108
100 105
100 106
100 108
102 103
102 105
102 108
103 105
103 106
103 108
104 107
104 108
106 108
44 13 53 16 92
52 89 21 15 49
73 70 43 25 101
3 94 48 60 96
85 109 107 108 55
23 28 37 30 65
95 62 69 9 63
17 34 106 86 1
102 77 68 64 90
75 20 82 50 36
84 99 33 67 22
24 38 8 0 41
79 54 12 47 100
56 88 10 61 80
87 35 32 78 14
51 81 58 40 19
59 42 5 91 39
4 83 105 104 46
2 18 57 76 27
11 45 7 31 71
26 103 93 74 66
97 98 72 29 6
