110
2989
5
0 1
0 2
0 3
0 7
0 9
0 10
0 11
0 12
0 14
0 16
0 19
0 24
0 31
0 33
0 37
0 39
0 41
0 45
0 47
0 48
0 49
0 50
0 51
0 56
0 58
0 59
0 62
0 63
0 64
0 72
0 74
0 75
0 77
0 79
0 80
0 81
0 83
0 86
0 87
0 89
0 90
0 91
0 93
0 96
0 97
0 99
0 100
0 101
0 106
0 108
1 5
1 6
1 9
1 10
1 11
1 12
1 13
1 15
1 19
1 22
1 24
1 26
1 29
1 30
1 31
1 32
1 33
1 34
1 42
1 46
1 47
1 49
1 50
1 54
1 55
1 56
1 59
1 60
1 67
1 68
1 70
1 71
1 73
1 77
1 80
1 81
1 82
1 85
1 87
1 88
1 89
1 90
1 92
1 95
1 97
1 98
1 99
1 100
1 101
1 103
1 104
1 105
1 106
1 108
1 109
2 6
2 7
2 8
2 10
2 11
2 13
2 14
2 15
2 16
2 19
2 21
2 22
2 23
2 28
2 31
2 32
2 34
2 36
2 37
2 38
2 42
2 43
2 45
2 46
2 48
2 49
2 50
2 51
2 52
2 54
2 56
2 60
2 61
2 62
2 63
2 65
2 66
2 67
2 69
2 71
2 72
2 74
2 79
2 81
2 84
2 85
2 86
2 87
2 90
2 91
2 93
2 94
2 95
2 97
2 102
2 103
2 104
3 5
3 6
3 7
3 8
3 9
3 12
3 19
3 20
3 23
3 25
3 27
3 31
3 32
3 33
3 34
3 35
3 36
3 37
3 44
3 45
3 46
3 50
3 51
3 52
3 55
3 56
3 59
3 60
3 61
3 62
3 63
3 64
3 67
3 68
3 70
3 72
3 74
3 76
3 79
3 82
3 83
3 84
3 85
3 88
3 91
3 93
3 94
3 95
3 96
3 97
3 98
3 101
3 102
3 108
4 5
4 8
4 10
4 11
4 12
4 14
4 15
4 16
4 18
4 23
4 26
4 27
4 28
4 32
4 33
4 36
4 38
4 39
4 40
4 47
4 48
4 50
4 51
4 53
4 54
4 55
4 57
4 58
4 60
4 64
4 66
4 67
4 70
4 72
4 74
4 75
4 76
4 77
4 78
4 79
4 80
4 81
4 83
4 84
4 86
4 90
4 95
4 99
4 100
4 103
4 108
5 6
5 7
5 8
5 10
5 13
5 15
5 17
5 19
5 22
5 23
5 25
5 27
5 28
5 33
5 34
5 36
5 39
5 41
5 43
5 44
5 46
5 47
5 48
5 49
5 50
5 52
5 53
5 54
5 55
5 56
5 57
5 59
5 61
5 63
5 65
5 68
5 72
5 73
5 74
5 75
5 79
5 81
5 83
5 85
5 88
5 89
5 91
5 92
5 95
5 96
5 98
5 100
5 101
5 102
5 103
5 105
5 106
5 108
5 109
6 9
6 12
6 13
6 14
6 16
6 19
6 22
6 24
6 26
6 28
6 29
6 31
6 33
6 39
6 42
6 45
6 47
6 48
6 49
6 50
6 53
6 57
6 58
6 59
6 60
6 62
6 63
6 64
6 66
6 67
6 69
6 73
6 76
6 78
6 79
6 80
6 81
6 82
6 83
6 84
6 85
6 86
6 90
6 92
6 95
6 96
6 97
6 98
6 99
6 101
6 104
6 107
6 109
7 8
7 11
7 13
7 15
7 16
7 19
7 20
7 22
7 24
7 26
7 28
7 29
7 30
7 31
7 32
7 35
7 36
7 37
7 39
7 41
7 45
7 46
7 51
7 55
7 56
7 57
7 59
7 62
7 65
7 67
7 68
7 69
7 70
7 71
7 73
7 74
7 76
7 78
7 79
7 80
7 81
7 82
7 84
7 89
7 90
7 92
7 93
7 94
7 95
7 97
7 99
7 100
7 101
7 103
7 104
7 107
7 108
8 12
8 15
8 21
8 25
8 26
8 28
8 29
8 32
8 33
8 34
8 37
8 38
8 39
8 43
8 44
8 45
8 48
8 49
8 50
8 51
8 52
8 54
8 56
8 57
8 59
8 63
8 64
8 65
8 66
8 68
8 77
8 79
8 83
8 84
8 89
8 90
8 92
8 93
8 94
8 95
8 96
8 100
8 104
9 11
9 12
9 14
9 17
9 18
9 19
9 20
9 22
9 24
9 26
9 27
9 28
9 29
9 30
9 33
9 34
9 35
9 37
9 38
9 39
9 47
9 49
9 51
9 53
9 54
9 55
9 58
9 59
9 60
9 61
9 62
9 63
9 65
9 66
9 67
9 68
9 69
9 71
9 72
9 75
9 77
9 79
9 81
9 82
9 85
9 86
9 88
9 90
9 92
9 94
9 95
9 100
9 102
9 103
9 104
9 107
9 109
10 11
10 14
10 16
10 17
10 18
10 19
10 20
10 21
10 22
10 25
10 26
10 27
10 31
10 32
10 35
10 38
10 40
10 42
10 44
10 45
10 47
10 49
10 53
10 54
10 56
10 57
10 60
10 65
10 69
10 70
10 73
10 76
10 79
10 81
10 82
10 83
10 85
10 87
10 89
10 90
10 91
10 92
10 99
10 103
10 105
10 109
11 12
11 15
11 16
11 18
11 21
11 22
11 23
11 24
11 25
11 26
11 28
11 29
11 30
11 31
11 33
11 36
11 37
11 39
11 42
11 45
11 49
11 50
11 56
11 59
11 60
11 63
11 64
11 66
11 69
11 72
11 73
11 79
11 81
11 82
11 83
11 84
11 88
11 89
11 91
11 92
11 94
11 96
11 99
11 102
11 104
11 105
11 106
11 108
12 14
12 15
12 17
12 19
12 22
12 24
12 25
12 26
12 28
12 29
12 30
12 34
12 36
12 43
12 45
12 47
12 49
12 51
12 52
12 53
12 58
12 59
12 60
12 61
12 62
12 63
12 66
12 71
12 72
12 74
12 75
12 76
12 78
12 79
12 80
12 81
12 82
12 86
12 89
12 91
12 92
12 95
12 97
12 100
12 104
12 105
12 107
12 108
12 109
13 17
13 25
13 26
13 27
13 28
13 29
13 30
13 31
13 32
13 33
13 34
13 35
13 36
13 38
13 39
13 45
13 46
13 49
13 51
13 54
13 58
13 61
13 62
13 63
13 64
13 67
13 68
13 72
13 75
13 76
13 77
13 78
13 81
13 82
13 84
13 87
13 88
13 91
13 92
13 94
13 97
13 99
13 100
13 102
13 103
14 15
14 21
14 24
14 27
14 28
14 30
14 31
14 32
14 33
14 34
14 38
14 40
14 41
14 46
14 48
14 50
14 51
14 52
14 53
14 54
14 55
14 56
14 61
14 62
14 66
14 67
14 68
14 69
14 70
14 71
14 73
14 74
14 75
14 76
14 77
14 78
14 79
14 80
14 82
14 84
14 92
14 95
14 96
14 98
14 99
14 100
14 101
14 106
14 109
15 16
15 20
15 21
15 24
15 25
15 26
15 27
15 30
15 34
15 36
15 37
15 38
15 39
15 40
15 43
15 45
15 46
15 47
15 49
15 51
15 53
15 55
15 58
15 59
15 61
15 62
15 64
15 65
15 66
15 68
15 70
15 71
15 72
15 73
15 75
15 76
15 77
15 83
15 84
15 85
15 88
15 89
15 90
15 92
15 93
15 94
15 96
15 99
15 100
15 101
15 102
15 103
15 104
15 106
15 109
16 17
16 19
16 21
16 23
16 27
16 28
16 29
16 32
16 39
16 40
16 41
16 45
16 48
16 50
16 51
16 52
16 56
16 59
16 60
16 61
16 64
16 65
16 68
16 70
16 71
16 72
16 74
16 75
16 78
16 80
16 82
16 84
16 91
16 92
16 93
16 94
16 95
16 98
16 99
16 102
16 103
16 104
16 107
16 109
17 23
17 24
17 25
17 27
17 28
17 29
17 32
17 33
17 34
17 36
17 37
17 38
17 40
17 41
17 42
17 43
17 44
17 45
17 46
17 47
17 48
17 53
17 54
17 55
17 56
17 57
17 60
17 61
17 64
17 67
17 68
17 69
17 70
17 72
17 74
17 79
17 80
17 81
17 82
17 83
17 85
17 87
17 89
17 91
17 92
17 93
17 94
17 98
17 99
17 101
17 103
17 105
17 106
17 107
18 19
18 20
18 21
18 25
18 30
18 32
18 33
18 34
18 38
18 39
18 41
18 43
18 47
18 48
18 49
18 50
18 52
18 57
18 58
18 59
18 61
18 65
18 66
18 67
18 69
18 70
18 74
18 77
18 81
18 83
18 84
18 85
18 89
18 90
18 91
18 92
18 94
18 96
18 97
18 98
18 102
18 103
18 105
18 108
19 21
19 22
19 23
19 24
19 27
19 28
19 29
19 31
19 37
19 40
19 43
19 46
19 48
19 49
19 50
19 51
19 52
19 54
19 56
19 58
19 61
19 63
19 64
19 65
19 71
19 74
19 75
19 76
19 78
19 82
19 83
19 85
19 86
19 87
19 89
19 90
19 91
19 92
19 93
19 94
19 95
19 99
19 101
19 102
19 103
19 105
19 106
19 107
19 108
19 109
20 23
20 24
20 25
20 27
20 28
20 29
20 30
20 32
20 33
20 34
20 35
20 36
20 38
20 43
20 44
20 48
20 50
20 52
20 56
20 57
20 58
20 60
20 61
20 62
20 63
20 64
20 67
20 70
20 71
20 72
20 74
20 76
20 77
20 80
20 84
20 85
20 87
20 89
20 90
20 91
20 93
20 99
20 100
20 101
20 103
20 105
20 107
20 108
20 109
21 23
21 24
21 26
21 29
21 30
21 31
21 33
21 35
21 36
21 38
21 41
21 43
21 46
21 51
21 55
21 57
21 58
21 62
21 63
21 66
21 67
21 68
21 69
21 70
21 71
21 72
21 74
21 77
21 78
21 82
21 84
21 86
21 88
21 90
21 91
21 92
21 94
21 97
21 103
21 106
21 107
21 108
21 109
22 24
22 25
22 27
22 29
22 30
22 31
22 33
22 35
22 36
22 38
22 39
22 40
22 41
22 42
22 43
22 44
22 47
22 49
22 53
22 54
22 55
22 56
22 58
22 64
22 66
22 67
22 69
22 70
22 73
22 75
22 77
22 79
22 82
22 85
22 86
22 90
22 91
22 92
22 93
22 94
22 95
22 96
22 97
22 98
22 99
22 100
22 101
22 104
22 105
22 106
22 108
23 26
23 27
23 28
23 29
23 30
23 34
23 39
23 40
23 42
23 45
23 48
23 50
23 51
23 52
23 53
23 54
23 56
23 57
23 58
23 59
23 60
23 62
23 63
23 64
23 67
23 70
23 71
23 72
23 73
23 75
23 77
23 78
23 79
23 80
23 82
23 83
23 84
23 87
23 88
23 92
23 93
23 94
23 95
23 98
23 102
23 105
23 106
23 107
23 108
24 26
24 28
24 31
24 32
24 35
24 38
24 39
24 41
24 42
24 47
24 48
24 49
24 51
24 52
24 53
24 55
24 56
24 58
24 59
24 60
24 62
24 63
24 65
24 66
24 69
24 70
24 73
24 76
24 77
24 78
24 88
24 91
24 95
24 99
24 103
24 104
24 105
24 107
24 108
24 109
25 26
25 27
25 30
25 31
25 33
25 35
25 37
25 40
25 43
25 45
25 46
25 47
25 48
25 49
25 51
25 53
25 57
25 59
25 61
25 67
25 70
25 73
25 75
25 76
25 77
25 78
25 79
25 80
25 83
25 84
25 85
25 87
25 88
25 89
25 95
25 99
25 101
25 102
25 107
25 108
26 27
26 31
26 33
26 35
26 36
26 37
26 38
26 39
26 43
26 44
26 45
26 47
26 52
26 53
26 54
26 55
26 57
26 59
26 61
26 65
26 67
26 68
26 70
26 71
26 72
26 76
26 78
26 81
26 84
26 85
26 90
26 91
26 92
26 96
26 97
26 100
26 102
26 104
26 105
27 29
27 31
27 36
27 37
27 42
27 47
27 48
27 51
27 52
27 53
27 55
27 56
27 57
27 59
27 60
27 61
27 63
27 67
27 68
27 70
27 75
27 82
27 84
27 86
27 87
27 92
27 94
27 95
27 96
27 97
27 98
27 99
27 100
27 101
27 102
27 103
27 104
27 105
27 106
27 107
27 109
28 29
28 30
28 33
28 35
28 36
28 39
28 40
28 42
28 43
28 45
28 46
28 47
28 48
28 49
28 50
28 51
28 53
28 55
28 56
28 60
28 61
28 63
28 64
28 65
28 67
28 69
28 76
28 78
28 79
28 80
28 81
28 84
28 85
28 87
28 88
28 91
28 92
28 94
28 97
28 100
28 101
28 102
28 103
28 104
28 106
29 30
29 31
29 33
29 35
29 36
29 37
29 43
29 47
29 49
29 51
29 55
29 56
29 57
29 58
29 59
29 61
29 62
29 64
29 66
29 67
29 68
29 72
29 73
29 76
29 78
29 79
29 85
29 87
29 89
29 90
29 91
29 93
29 96
29 105
29 106
29 108
29 109
30 31
30 36
30 37
30 39
30 40
30 41
30 42
30 43
30 44
30 47
30 48
30 49
30 50
30 52
30 53
30 54
30 58
30 59
30 60
30 62
30 64
30 67
30 68
30 70
30 73
30 75
30 78
30 79
30 80
30 82
30 83
30 84
30 85
30 87
30 88
30 90
30 91
30 92
30 93
30 94
30 95
30 97
30 100
30 101
30 102
30 103
30 104
30 105
30 106
30 108
30 109
31 34
31 35
31 36
31 38
31 39
31 40
31 41
31 47
31 49
31 51
31 53
31 56
31 57
31 58
31 59
31 64
31 66
31 68
31 71
31 73
31 75
31 78
31 79
31 80
31 82
31 85
31 86
31 87
31 89
31 90
31 94
31 95
31 96
31 99
31 104
31 105
31 106
31 108
31 109
32 33
32 34
32 36
32 37
32 38
32 39
32 43
32 44
32 46
32 47
32 48
32 52
32 53
32 54
32 55
32 62
32 63
32 67
32 69
32 74
32 77
32 81
32 82
32 84
32 85
32 89
32 94
32 95
32 100
32 101
32 102
32 104
32 105
32 106
32 107
32 108
32 109
33 34
33 36
33 39
33 42
33 44
33 48
33 49
33 57
33 58
33 59
33 61
33 66
33 70
33 71
33 72
33 74
33 75
33 80
33 81
33 82
33 83
33 84
33 89
33 90
33 92
33 93
33 94
33 95
33 96
33 97
33 99
33 102
33 107
33 108
34 36
34 37
34 38
34 40
34 41
34 42
34 43
34 46
34 47
34 49
34 55
34 56
34 58
34 60
34 64
34 65
34 66
34 71
34 72
34 73
34 74
34 79
34 83
34 84
34 86
34 87
34 91
34 95
34 100
34 101
34 102
34 103
34 104
34 106
34 107
34 108
35 37
35 41
35 44
35 45
35 46
35 47
35 48
35 50
35 54
35 55
35 56
35 57
35 60
35 62
35 63
35 64
35 66
35 67
35 71
35 73
35 75
35 76
35 80
35 83
35 86
35 87
35 89
35 91
35 92
35 94
35 96
35 99
35 100
35 102
35 103
35 107
35 108
35 109
36 37
36 38
36 39
36 40
36 43
36 44
36 46
36 47
36 48
36 50
36 51
36 55
36 56
36 57
36 58
36 61
36 63
36 65
36 66
36 69
36 72
36 74
36 75
36 76
36 77
36 79
36 80
36 81
36 83
36 86
36 87
36 94
36 96
36 97
36 98
36 99
36 101
36 102
36 106
36 107
37 45
37 49
37 51
37 54
37 55
37 56
37 61
37 64
37 65
37 66
37 67
37 69
37 70
37 72
37 78
37 79
37 81
37 84
37 85
37 86
37 87
37 89
37 90
37 92
37 93
37 94
37 95
37 96
37 97
37 103
37 104
37 106
38 39
38 41
38 43
38 47
38 50
38 51
38 53
38 54
38 60
38 64
38 66
38 67
38 68
38 71
38 72
38 73
38 74
38 75
38 77
38 78
38 79
38 82
38 84
38 85
38 91
38 92
38 93
38 94
38 96
38 97
38 99
38 101
38 103
38 105
39 40
39 42
39 44
39 48
39 50
39 52
39 53
39 54
39 55
39 57
39 60
39 61
39 63
39 64
39 66
39 68
39 76
39 77
39 80
39 81
39 83
39 87
39 90
39 92
39 96
39 97
39 99
39 100
39 102
39 104
39 105
39 106
39 109
40 41
40 44
40 45
40 46
40 47
40 51
40 52
40 53
40 59
40 60
40 61
40 66
40 70
40 73
40 78
40 80
40 81
40 82
40 83
40 84
40 88
40 89
40 90
40 93
40 95
40 96
40 100
40 104
41 42
41 43
41 53
41 54
41 55
41 56
41 58
41 59
41 60
41 61
41 63
41 65
41 66
41 75
41 77
41 79
41 80
41 82
41 84
41 86
41 87
41 91
41 92
41 96
41 100
41 101
41 103
41 109
42 43
42 45
42 50
42 51
42 52
42 53
42 54
42 55
42 57
42 58
42 60
42 61
42 63
42 65
42 66
42 67
42 73
42 74
42 75
42 78
42 83
42 85
42 86
42 91
42 93
42 94
42 95
42 103
42 104
42 107
42 108
42 109
43 45
43 46
43 48
43 49
43 51
43 53
43 54
43 61
43 62
43 64
43 65
43 66
43 70
43 77
43 78
43 79
43 80
43 82
43 83
43 84
43 85
43 89
43 90
43 91
43 92
43 93
43 94
43 96
43 97
43 98
43 99
43 103
43 105
43 106
43 109
44 45
44 48
44 52
44 53
44 57
44 58
44 63
44 66
44 68
44 69
44 70
44 75
44 77
44 78
44 79
44 80
44 81
44 84
44 87
44 91
44 92
44 93
44 95
44 96
44 103
44 104
44 109
45 46
45 48
45 49
45 52
45 54
45 55
45 61
45 64
45 65
45 67
45 69
45 70
45 73
45 75
45 76
45 77
45 79
45 84
45 86
45 87
45 94
45 95
45 96
45 97
45 101
45 103
45 106
45 107
45 108
46 47
46 48
46 50
46 51
46 53
46 55
46 56
46 59
46 60
46 61
46 65
46 71
46 73
46 76
46 78
46 83
46 85
46 86
46 87
46 90
46 91
46 92
46 94
46 95
46 97
46 100
46 101
46 102
46 105
46 108
46 109
47 51
47 54
47 56
47 57
47 58
47 60
47 62
47 63
47 64
47 65
47 67
47 69
47 70
47 72
47 74
47 75
47 79
47 81
47 82
47 87
47 88
47 89
47 90
47 94
47 97
47 99
47 100
47 101
47 103
47 104
47 105
47 106
47 108
47 109
48 51
48 52
48 53
48 55
48 56
48 57
48 58
48 59
48 60
48 61
48 68
48 69
48 72
48 73
48 75
48 76
48 77
48 78
48 79
48 81
48 82
48 85
48 86
48 88
48 91
48 100
48 105
48 107
48 108
48 109
49 50
49 51
49 53
49 55
49 56
49 59
49 61
49 62
49 63
49 65
49 66
49 67
49 78
49 79
49 80
49 81
49 82
49 83
49 86
49 88
49 89
49 90
49 93
49 95
49 96
49 98
49 99
49 103
49 104
50 51
50 53
50 54
50 56
50 61
50 63
50 65
50 68
50 70
50 71
50 75
50 76
50 77
50 83
50 84
50 85
50 86
50 92
50 95
50 97
50 98
50 102
50 103
50 104
50 105
50 107
51 52
51 54
51 56
51 58
51 61
51 62
51 63
51 64
51 65
51 66
51 67
51 68
51 75
51 76
51 77
51 78
51 79
51 80
51 83
51 88
51 93
51 95
51 96
51 97
51 100
51 101
51 102
51 105
51 106
52 54
52 58
52 59
52 60
52 63
52 64
52 65
52 69
52 71
52 73
52 75
52 76
52 77
52 82
52 85
52 86
52 87
52 89
52 90
52 93
52 95
52 96
52 98
52 101
52 102
52 103
52 104
52 108
52 109
53 56
53 57
53 59
53 60
53 61
53 64
53 65
53 66
53 67
53 68
53 71
53 75
53 76
53 77
53 78
53 79
53 80
53 83
53 84
53 88
53 89
53 90
53 92
53 93
53 94
53 95
53 97
53 99
53 101
53 102
53 107
53 109
54 57
54 59
54 60
54 64
54 66
54 67
54 71
54 74
54 76
54 77
54 78
54 80
54 82
54 86
54 87
54 90
54 91
54 94
54 96
54 98
54 99
54 102
54 104
54 106
54 108
54 109
55 56
55 57
55 60
55 62
55 64
55 66
55 68
55 71
55 72
55 74
55 75
55 78
55 80
55 82
55 86
55 90
55 91
55 92
55 94
55 95
55 96
55 101
55 104
55 106
55 107
55 108
56 57
56 61
56 66
56 68
56 72
56 73
56 74
56 75
56 76
56 78
56 82
56 83
56 84
56 85
56 86
56 87
56 90
56 91
56 93
56 97
56 100
56 104
57 61
57 64
57 65
57 70
57 71
57 74
57 75
57 78
57 79
57 80
57 82
57 83
57 84
57 86
57 88
57 90
57 92
57 94
57 95
57 98
57 99
57 100
57 101
57 103
57 104
57 108
57 109
58 59
58 65
58 66
58 67
58 68
58 69
58 70
58 71
58 72
58 74
58 75
58 76
58 77
58 81
58 83
58 85
58 88
58 90
58 91
58 95
58 99
58 102
58 104
58 105
58 106
58 107
58 108
58 109
59 61
59 66
59 68
59 71
59 73
59 76
59 77
59 78
59 79
59 83
59 87
59 89
59 90
59 91
59 93
59 94
59 97
59 98
59 100
59 101
59 103
59 104
59 106
59 107
60 61
60 62
60 64
60 66
60 69
60 70
60 72
60 73
60 81
60 87
60 89
60 91
60 94
60 95
60 98
60 100
60 101
60 103
60 106
60 107
60 109
61 63
61 64
61 67
61 70
61 71
61 74
61 76
61 83
61 85
61 86
61 89
61 92
61 93
61 94
61 96
61 97
61 103
61 104
61 106
61 107
61 109
62 68
62 70
62 71
62 72
62 74
62 77
62 79
62 80
62 81
62 82
62 83
62 84
62 85
62 88
62 89
62 93
62 95
62 103
62 107
63 64
63 67
63 68
63 69
63 71
63 72
63 76
63 77
63 81
63 82
63 87
63 88
63 92
63 94
63 96
63 97
63 99
63 102
63 104
63 105
63 106
63 107
63 109
64 66
64 68
64 69
64 70
64 73
64 74
64 75
64 76
64 79
64 85
64 86
64 90
64 91
64 92
64 96
64 99
64 102
64 103
64 104
64 106
64 107
64 108
65 68
65 71
65 73
65 75
65 78
65 80
65 82
65 87
65 89
65 90
65 91
65 93
65 94
65 99
65 101
65 102
65 103
65 106
65 107
65 108
65 109
66 69
66 73
66 74
66 75
66 76
66 77
66 78
66 79
66 81
66 83
66 85
66 87
66 88
66 89
66 90
66 92
66 94
66 97
66 98
66 100
66 101
66 103
66 104
67 68
67 69
67 70
67 71
67 78
67 80
67 83
67 86
67 88
67 90
67 94
67 99
67 102
67 103
67 106
67 107
67 108
67 109
68 69
68 71
68 72
68 76
68 77
68 83
68 84
68 85
68 86
68 87
68 89
68 92
68 93
68 94
68 95
68 101
68 102
68 103
68 107
68 108
68 109
69 70
69 73
69 74
69 77
69 78
69 80
69 81
69 83
69 85
69 86
69 87
69 91
69 92
69 94
69 96
69 99
69 102
69 103
69 104
70 72
70 73
70 76
70 77
70 79
70 80
70 81
70 82
70 84
70 85
70 88
70 89
70 90
70 92
70 93
70 94
70 95
70 97
70 100
70 101
70 105
70 106
70 108
71 72
71 73
71 76
71 78
71 79
71 80
71 81
71 82
71 83
71 84
71 85
71 86
71 89
71 90
71 91
71 92
71 93
71 96
71 97
71 101
71 103
71 104
71 105
71 106
71 107
71 109
72 74
72 75
72 76
72 77
72 78
72 79
72 80
72 81
72 82
72 84
72 85
72 89
72 91
72 92
72 96
72 100
72 103
72 104
72 105
72 107
72 108
72 109
73 74
73 75
73 77
73 79
73 81
73 82
73 86
73 90
73 94
73 99
73 102
73 105
73 107
74 75
74 77
74 78
74 81
74 84
74 86
74 87
74 88
74 89
74 90
74 92
74 93
74 96
74 98
74 100
74 102
74 104
74 105
74 107
74 108
74 109
75 80
75 82
75 83
75 85
75 86
75 88
75 89
75 90
75 92
75 94
75 95
75 96
75 98
75 104
75 107
75 108
76 81
76 82
76 83
76 85
76 86
76 87
76 88
76 91
76 94
76 95
76 96
76 97
76 98
76 99
76 102
76 103
76 104
76 107
77 78
77 80
77 81
77 84
77 88
77 89
77 94
77 96
77 98
77 99
77 100
77 101
77 104
77 105
77 107
77 108
78 80
78 82
78 83
78 86
78 87
78 93
78 94
78 95
78 98
78 99
78 100
78 103
78 107
79 81
79 82
79 84
79 85
79 86
79 87
79 88
79 91
79 94
79 95
79 96
79 98
79 101
79 102
79 103
79 104
79 105
79 106
79 107
79 109
80 81
80 83
80 84
80 86
80 87
80 88
80 91
80 96
80 97
80 106
80 107
80 109
81 85
81 86
81 87
81 90
81 93
81 98
81 100
81 101
81 104
81 105
81 107
81 108
82 83
82 85
82 87
82 88
82 89
82 90
82 91
82 94
82 95
82 96
82 102
82 105
82 108
83 85
83 86
83 87
83 90
83 94
83 95
83 101
83 102
83 105
83 106
84 85
84 87
84 90
84 91
84 92
84 94
84 95
84 97
84 98
84 101
84 102
84 104
84 105
85 90
85 92
85 97
85 102
85 105
85 107
86 89
86 90
86 93
86 94
86 96
86 97
86 103
86 104
86 106
86 109
87 89
87 90
87 91
87 95
87 96
87 101
87 104
87 105
87 107
88 90
88 91
88 94
88 95
88 96
88 98
88 103
88 105
88 106
88 107
88 108
89 90
89 92
89 93
89 94
89 95
89 96
89 97
89 99
89 104
89 107
89 108
90 91
90 95
90 96
90 97
90 98
90 99
90 101
90 103
90 104
90 108
91 94
91 96
91 97
91 98
91 99
91 100
91 104
91 107
92 95
92 96
92 97
92 101
92 103
92 104
92 106
92 109
93 96
93 101
93 102
93 107
93 109
94 98
94 99
94 101
94 102
94 107
94 108
94 109
95 99
95 101
95 102
95 103
95 106
95 108
96 99
96 102
96 104
96 106
96 108
96 109
97 98
97 99
97 104
97 105
97 106
97 107
97 109
98 100
98 102
98 103
98 107
98 108
98 109
99 100
99 101
99 102
99 109
100 101
100 102
100 104
100 108
101 103
101 104
101 105
101 107
101 109
102 103
103 107
103 108
104 105
104 107
104 108
105 109
106 107
106 109
108 109
24 12 26 20 44 106 39 68 69 79 15 94 5 35 65 98 27 85 57 17 56 48
91 1 11 51 53 75 82 87 101 93 62 77 18 32 67 76 49 71 109 25 70 97
59 90 46 23 33 9 72 21 86 78 63 36 10 92 29 6 55 45 37 73 95 34
16 103 84 88 74 22 52 3 28 60 107 19 99 13 83 41 50 104 31 42 64 100
30 80 105 8 0 4 96 47 66 108 61 2 58 43 40 81 14 38 102 7 89 54
