110
2936
22
0 2
0 3
0 5
0 7
0 9
0 12
0 16
0 17
0 21
0 24
0 26
0 28
0 32
0 33
0 35
0 36
0 37
0 39
0 40
0 41
0 42
0 43
0 45
0 46
0 49
0 50
0 51
0 52
0 53
0 55
0 58
0 59
0 60
0 62
0 63
0 64
0 65
0 66
0 72
0 73
0 74
0 75
0 77
0 80
0 81
0 85
0 88
0 90
0 93
0 95
0 96
0 98
0 101
0 103
0 104
0 105
0 109
1 4
1 6
1 9
1 11
1 12
1 13
1 16
1 18
1 20
1 23
1 25
1 28
1 32
1 33
1 35
1 36
1 37
1 38
1 40
1 41
1 42
1 43
1 44
1 48
1 50
1 51
1 54
1 57
1 58
1 60
1 63
1 64
1 67
1 68
1 71
1 75
1 77
1 79
1 80
1 81
1 83
1 86
1 89
1 90
1 94
1 100
1 101
1 103
1 106
1 107
1 109
2 4
2 5
2 6
2 8
2 9
2 12
2 14
2 17
2 19
2 20
2 21
2 25
2 33
2 35
2 36
2 37
2 38
2 43
2 44
2 45
2 46
2 50
2 52
2 53
2 54
2 59
2 62
2 65
2 67
2 76
2 78
2 82
2 84
2 85
2 86
2 88
2 91
2 92
2 93
2 96
2 98
2 100
2 101
2 105
2 109
3 5
3 7
3 9
3 12
3 15
3 16
3 19
3 22
3 23
3 25
3 31
3 38
3 39
3 40
3 43
3 45
3 49
3 50
3 51
3 54
3 55
3 56
3 58
3 59
3 64
3 66
3 70
3 71
3 73
3 76
3 77
3 79
3 80
3 82
3 87
3 89
3 90
3 91
3 92
3 97
3 101
3 105
3 106
3 109
4 8
4 10
4 12
4 13
4 14
4 17
4 19
4 20
4 21
4 22
4 23
4 25
4 28
4 30
4 33
4 36
4 39
4 40
4 41
4 43
4 44
4 46
4 48
4 49
4 50
4 51
4 54
4 56
4 57
4 58
4 65
4 67
4 68
4 71
4 72
4 73
4 75
4 76
4 77
4 79
4 80
4 81
4 84
4 86
4 87
4 93
4 94
4 95
4 96
4 100
4 101
4 105
4 108
5 7
5 10
5 15
5 19
5 21
5 24
5 29
5 31
5 33
5 37
5 39
5 41
5 43
5 44
5 46
5 48
5 51
5 55
5 58
5 62
5 65
5 66
5 68
5 71
5 72
5 73
5 74
5 75
5 81
5 88
5 90
5 91
5 92
5 96
5 97
5 101
5 104
5 105
5 107
5 108
5 109
6 9
6 10
6 12
6 15
6 18
6 19
6 21
6 26
6 31
6 32
6 34
6 35
6 37
6 38
6 41
6 46
6 48
6 56
6 57
6 58
6 62
6 63
6 65
6 69
6 70
6 71
6 73
6 74
6 78
6 79
6 81
6 83
6 84
6 85
6 87
6 88
6 89
6 90
6 92
6 93
6 95
6 96
6 97
6 101
6 102
6 106
6 107
7 9
7 10
7 11
7 13
7 15
7 17
7 18
7 19
7 21
7 22
7 23
7 24
7 25
7 28
7 31
7 33
7 35
7 38
7 39
7 41
7 47
7 48
7 50
7 52
7 56
7 57
7 61
7 64
7 65
7 66
7 71
7 73
7 75
7 80
7 84
7 86
7 88
7 90
7 93
7 94
7 95
7 99
7 100
7 102
7 103
7 104
7 105
7 106
7 108
8 10
8 16
8 18
8 19
8 22
8 25
8 26
8 27
8 29
8 30
8 31
8 32
8 34
8 36
8 37
8 40
8 41
8 42
8 43
8 44
8 47
8 48
8 49
8 50
8 51
8 52
8 53
8 54
8 56
8 58
8 60
8 61
8 62
8 63
8 64
8 66
8 68
8 69
8 72
8 74
8 76
8 77
8 78
8 80
8 82
8 86
8 87
8 88
8 89
8 90
8 91
8 92
8 93
8 94
8 95
8 101
8 102
8 104
8 105
8 106
8 108
9 11
9 12
9 14
9 16
9 18
9 19
9 21
9 22
9 23
9 24
9 27
9 28
9 29
9 30
9 35
9 39
9 41
9 43
9 44
9 47
9 48
9 49
9 52
9 54
9 56
9 57
9 62
9 63
9 64
9 70
9 75
9 81
9 82
9 83
9 85
9 88
9 91
9 94
9 95
9 96
9 97
9 98
9 100
9 108
9 109
10 12
10 13
10 15
10 18
10 19
10 20
10 22
10 25
10 28
10 29
10 32
10 33
10 34
10 35
10 36
10 37
10 40
10 41
10 42
10 43
10 46
10 48
10 50
10 52
10 53
10 54
10 57
10 58
10 61
10 64
10 65
10 67
10 68
10 70
10 71
10 80
10 81
10 82
10 85
10 88
10 89
10 93
10 94
10 96
10 101
10 102
10 103
10 107
11 12
11 15
11 16
11 17
11 21
11 25
11 26
11 27
11 30
11 33
11 37
11 41
11 45
11 46
11 48
11 50
11 51
11 52
11 54
11 55
11 59
11 60
11 61
11 64
11 66
11 67
11 68
11 71
11 75
11 79
11 81
11 83
11 86
11 87
11 91
11 92
11 93
11 95
11 96
11 98
11 100
11 101
11 102
11 105
12 14
12 15
12 16
12 17
12 18
12 20
12 21
12 25
12 27
12 28
12 29
12 31
12 32
12 33
12 36
12 37
12 38
12 41
12 42
12 44
12 45
12 47
12 48
12 49
12 51
12 55
12 56
12 57
12 58
12 59
12 62
12 63
12 65
12 67
12 72
12 77
12 79
12 80
12 87
12 89
12 92
12 94
12 95
12 96
12 97
12 99
12 100
12 104
12 107
12 109
13 14
13 18
13 19
13 20
13 25
13 26
13 28
13 29
13 30
13 33
13 36
13 37
13 38
13 39
13 40
13 41
13 43
13 45
13 50
13 51
13 52
13 53
13 56
13 57
13 59
13 60
13 62
13 63
13 66
13 67
13 68
13 69
13 71
13 73
13 75
13 78
13 81
13 83
13 86
13 88
13 91
13 94
13 95
13 97
13 99
13 100
13 102
13 105
13 106
13 109
14 16
14 17
14 20
14 23
14 24
14 25
14 26
14 28
14 29
14 30
14 31
14 32
14 33
14 38
14 40
14 41
14 44
14 51
14 52
14 54
14 55
14 57
14 58
14 63
14 65
14 66
14 70
14 75
14 77
14 79
14 81
14 82
14 84
14 86
14 91
14 92
14 94
14 95
14 97
14 99
14 100
14 102
14 103
14 104
14 105
14 106
14 107
14 108
15 18
15 22
15 26
15 28
15 29
15 30
15 33
15 34
15 35
15 36
15 37
15 38
15 40
15 42
15 45
15 46
15 47
15 48
15 49
15 50
15 51
15 52
15 53
15 54
15 61
15 62
15 64
15 65
15 67
15 69
15 72
15 73
15 75
15 76
15 77
15 79
15 80
15 82
15 85
15 86
15 87
15 88
15 89
15 90
15 91
15 94
15 96
15 100
15 101
15 102
15 105
15 106
15 109
16 19
16 21
16 22
16 26
16 27
16 31
16 32
16 34
16 35
16 38
16 39
16 40
16 43
16 46
16 47
16 49
16 51
16 52
16 53
16 54
16 55
16 56
16 57
16 58
16 60
16 61
16 62
16 63
16 64
16 67
16 68
16 71
16 72
16 74
16 76
16 77
16 78
16 79
16 81
16 82
16 84
16 85
16 88
16 94
16 96
16 102
16 104
16 105
16 106
16 107
16 109
17 18
17 19
17 20
17 23
17 24
17 25
17 26
17 29
17 32
17 34
17 37
17 38
17 39
17 40
17 42
17 44
17 45
17 46
17 50
17 51
17 52
17 53
17 56
17 58
17 59
17 60
17 63
17 65
17 69
17 70
17 71
17 72
17 73
17 74
17 78
17 83
17 84
17 85
17 87
17 88
17 89
17 90
17 95
17 96
17 99
17 101
17 102
17 103
17 104
17 107
18 19
18 21
18 23
18 24
18 25
18 27
18 29
18 30
18 31
18 33
18 39
18 42
18 43
18 46
18 47
18 48
18 51
18 53
18 54
18 55
18 56
18 58
18 60
18 62
18 63
18 64
18 65
18 66
18 68
18 69
18 73
18 74
18 78
18 84
18 85
18 90
18 91
18 92
18 93
18 94
18 95
18 98
18 99
18 100
18 108
18 109
19 20
19 21
19 27
19 29
19 32
19 36
19 39
19 40
19 41
19 45
19 46
19 48
19 50
19 52
19 53
19 54
19 55
19 56
19 57
19 59
19 61
19 62
19 63
19 65
19 67
19 71
19 73
19 75
19 76
19 77
19 79
19 81
19 84
19 85
19 89
19 90
19 92
19 94
19 97
19 100
19 101
19 102
19 104
19 105
19 106
19 109
20 22
20 30
20 33
20 35
20 37
20 38
20 39
20 45
20 46
20 48
20 51
20 52
20 56
20 58
20 60
20 61
20 66
20 70
20 71
20 72
20 74
20 78
20 80
20 84
20 91
20 92
20 95
20 96
20 100
20 103
20 107
20 108
20 109
21 22
21 23
21 27
21 29
21 32
21 33
21 34
21 35
21 37
21 38
21 42
21 43
21 44
21 46
21 52
21 53
21 56
21 61
21 62
21 63
21 65
21 67
21 69
21 70
21 71
21 72
21 76
21 77
21 79
21 80
21 81
21 82
21 86
21 87
21 88
21 90
21 91
21 93
21 94
21 97
21 99
21 100
21 101
21 102
21 103
21 104
21 105
21 106
21 108
22 24
22 26
22 31
22 34
22 37
22 39
22 42
22 43
22 44
22 45
22 47
22 48
22 49
22 51
22 53
22 54
22 59
22 60
22 61
22 62
22 63
22 67
22 68
22 69
22 70
22 72
22 73
22 76
22 77
22 78
22 79
22 82
22 84
22 85
22 87
22 88
22 90
22 92
22 93
22 94
22 99
22 100
22 101
22 104
22 108
23 31
23 32
23 33
23 35
23 38
23 39
23 41
23 44
23 45
23 47
23 51
23 52
23 54
23 55
23 60
23 62
23 66
23 67
23 68
23 70
23 74
23 75
23 76
23 77
23 79
23 92
23 93
23 95
23 97
23 101
23 103
23 106
23 109
24 25
24 30
24 33
24 36
24 38
24 43
24 44
24 46
24 47
24 49
24 51
24 52
24 54
24 55
24 60
24 61
24 62
24 65
24 67
24 68
24 69
24 74
24 75
24 80
24 81
24 82
24 85
24 88
24 90
24 91
24 94
24 97
24 99
24 101
24 102
24 103
24 104
24 105
24 106
24 108
25 29
25 33
25 37
25 42
25 45
25 46
25 48
25 49
25 51
25 52
25 53
25 54
25 55
25 57
25 59
25 65
25 67
25 68
25 69
25 70
25 73
25 74
25 75
25 78
25 79
25 81
25 84
25 86
25 87
25 88
25 89
25 91
25 92
25 93
25 95
25 100
25 101
25 102
25 104
25 109
26 27
26 28
26 30
26 31
26 32
26 33
26 34
26 36
26 39
26 40
26 42
26 43
26 46
26 47
26 48
26 50
26 52
26 56
26 61
26 65
26 74
26 76
26 80
26 91
26 92
26 93
26 94
26 96
26 97
26 100
26 101
26 102
26 108
26 109
27 28
27 30
27 35
27 37
27 38
27 39
27 41
27 42
27 45
27 50
27 51
27 52
27 53
27 59
27 60
27 61
27 63
27 66
27 71
27 74
27 75
27 76
27 77
27 78
27 79
27 80
27 81
27 82
27 83
27 89
27 90
27 91
27 96
27 97
27 98
27 99
27 101
27 103
27 107
27 108
28 29
28 30
28 32
28 33
28 34
28 36
28 37
28 39
28 40
28 42
28 43
28 46
28 47
28 48
28 51
28 52
28 60
28 61
28 62
28 65
28 67
28 71
28 73
28 74
28 75
28 82
28 83
28 84
28 89
28 90
28 92
28 95
28 97
28 98
28 102
28 103
28 104
28 105
28 106
28 107
28 109
29 33
29 36
29 37
29 40
29 41
29 42
29 45
29 47
29 53
29 59
29 60
29 61
29 63
29 64
29 68
29 69
29 71
29 72
29 75
29 76
29 77
29 78
29 80
29 82
29 83
29 84
29 85
29 86
29 87
29 90
29 91
29 93
29 94
29 99
29 101
29 102
29 104
29 105
29 107
29 108
29 109
30 32
30 41
30 42
30 47
30 48
30 49
30 53
30 54
30 56
30 61
30 62
30 64
30 65
30 67
30 68
30 70
30 72
30 75
30 79
30 89
30 90
30 92
30 94
30 96
30 103
30 104
30 105
30 106
30 107
30 109
31 33
31 37
31 38
31 40
31 41
31 45
31 47
31 51
31 52
31 55
31 57
31 58
31 59
31 62
31 63
31 65
31 72
31 74
31 75
31 76
31 80
31 82
31 83
31 84
31 85
31 88
31 89
31 94
31 95
31 96
31 97
31 98
31 100
31 102
31 104
31 105
31 106
31 107
32 33
32 35
32 36
32 39
32 40
32 41
32 42
32 45
32 50
32 52
32 54
32 59
32 60
32 66
32 70
32 71
32 74
32 77
32 78
32 79
32 82
32 86
32 87
32 89
32 90
32 92
32 93
32 94
32 95
32 97
32 99
32 101
32 102
32 103
32 104
32 106
32 107
32 108
33 34
33 37
33 38
33 41
33 42
33 43
33 44
33 45
33 46
33 48
33 49
33 52
33 53
33 54
33 55
33 57
33 58
33 59
33 62
33 64
33 66
33 72
33 81
33 82
33 83
33 84
33 89
33 93
33 96
33 97
33 98
33 99
33 100
33 109
34 35
34 36
34 38
34 39
34 40
34 41
34 44
34 47
34 53
34 54
34 56
34 58
34 61
34 62
34 63
34 64
34 65
34 68
34 69
34 70
34 73
34 76
34 80
34 81
34 84
34 85
34 88
34 89
34 90
34 92
34 93
34 99
34 104
34 106
35 36
35 38
35 40
35 41
35 43
35 45
35 47
35 49
35 51
35 55
35 59
35 63
35 68
35 71
35 72
35 73
35 75
35 78
35 79
35 80
35 83
35 86
35 87
35 88
35 89
35 91
35 92
35 93
35 94
35 96
35 99
35 101
35 102
35 103
35 104
35 105
35 109
36 38
36 39
36 44
36 45
36 48
36 51
36 52
36 54
36 56
36 57
36 62
36 63
36 71
36 72
36 73
36 75
36 78
36 80
36 81
36 82
36 83
36 86
36 87
36 89
36 90
36 92
36 93
36 94
36 95
36 97
36 100
36 103
36 105
37 38
37 41
37 42
37 45
37 48
37 53
37 55
37 56
37 57
37 58
37 59
37 60
37 62
37 65
37 66
37 67
37 71
37 72
37 73
37 74
37 75
37 78
37 79
37 80
37 82
37 83
37 84
37 85
37 91
37 92
37 95
37 96
37 99
37 100
37 102
37 104
37 107
37 108
38 39
38 41
38 43
38 47
38 51
38 54
38 55
38 58
38 59
38 61
38 63
38 65
38 66
38 68
38 75
38 76
38 77
38 80
38 83
38 86
38 91
38 93
38 96
38 97
38 98
38 100
38 106
38 107
38 109
39 41
39 43
39 44
39 45
39 46
39 49
39 50
39 52
39 56
39 59
39 61
39 62
39 63
39 66
39 69
39 71
39 73
39 74
39 75
39 76
39 78
39 79
39 80
39 81
39 82
39 83
39 84
39 86
39 91
39 92
39 93
39 96
39 97
39 99
39 100
39 103
39 104
39 108
40 42
40 43
40 44
40 45
40 46
40 47
40 49
40 50
40 51
40 54
40 56
40 59
40 61
40 63
40 66
40 67
40 70
40 71
40 73
40 75
40 76
40 77
40 79
40 80
40 81
40 87
40 90
40 92
40 93
40 94
40 95
40 96
40 97
40 99
40 100
40 101
40 102
40 103
40 104
40 105
40 108
40 109
41 42
41 45
41 48
41 50
41 56
41 57
41 61
41 63
41 64
41 65
41 68
41 69
41 70
41 71
41 72
41 73
41 74
41 79
41 80
41 81
41 82
41 86
41 87
41 88
41 93
41 94
41 97
41 102
41 104
41 106
41 108
41 109
42 43
42 45
42 46
42 47
42 48
42 51
42 52
42 54
42 56
42 58
42 59
42 60
42 61
42 62
42 70
42 71
42 73
42 74
42 78
42 80
42 81
42 85
42 87
42 89
42 91
42 93
42 95
42 96
42 100
42 105
42 107
42 108
42 109
43 47
43 48
43 50
43 51
43 52
43 54
43 55
43 57
43 58
43 63
43 66
43 69
43 71
43 72
43 74
43 77
43 80
43 81
43 83
43 87
43 88
43 90
43 92
43 93
43 96
43 98
43 100
43 105
43 107
43 109
44 45
44 48
44 50
44 52
44 53
44 54
44 56
44 57
44 58
44 59
44 60
44 65
44 66
44 72
44 73
44 75
44 76
44 78
44 79
44 81
44 82
44 83
44 84
44 85
44 86
44 89
44 92
44 95
44 98
44 99
44 101
44 102
44 103
45 46
45 48
45 49
45 51
45 53
45 54
45 58
45 59
45 60
45 61
45 62
45 65
45 66
45 67
45 68
45 69
45 71
45 73
45 74
45 75
45 79
45 80
45 82
45 83
45 85
45 86
45 88
45 89
45 92
45 94
45 95
45 96
45 97
45 105
45 106
45 107
45 109
46 48
46 49
46 51
46 52
46 55
46 58
46 60
46 61
46 62
46 63
46 67
46 70
46 72
46 74
46 76
46 77
46 79
46 87
46 88
46 97
46 99
46 103
46 105
46 108
47 49
47 51
47 55
47 56
47 57
47 60
47 61
47 62
47 63
47 65
47 66
47 67
47 69
47 72
47 74
47 78
47 79
47 83
47 86
47 88
47 89
47 91
47 93
47 95
47 98
47 100
47 101
47 102
47 103
47 104
47 105
47 106
47 108
47 109
48 49
48 51
48 54
48 56
48 57
48 60
48 61
48 62
48 65
48 66
48 68
48 69
48 70
48 78
48 79
48 80
48 81
48 84
48 85
48 86
48 88
48 92
48 93
48 94
48 98
48 99
48 102
48 104
48 105
48 108
48 109
49 50
49 52
49 54
49 55
49 57
49 60
49 65
49 69
49 70
49 74
49 76
49 80
49 81
49 82
49 83
49 85
49 86
49 90
49 91
49 92
49 93
49 94
49 96
49 97
49 104
49 106
49 108
49 109
50 51
50 52
50 54
50 56
50 58
50 60
50 62
50 63
50 64
50 65
50 69
50 72
50 73
50 75
50 76
50 78
50 79
50 83
50 84
50 86
50 87
50 88
50 90
50 92
50 93
50 95
50 96
50 99
50 102
50 103
50 105
50 107
50 109
51 55
51 57
51 58
51 61
51 65
51 66
51 68
51 69
51 70
51 71
51 72
51 73
51 74
51 76
51 82
51 83
51 88
51 89
51 91
51 92
51 93
51 94
51 96
51 98
51 100
51 101
51 102
51 105
51 107
52 53
52 57
52 58
52 59
52 60
52 61
52 62
52 67
52 68
52 69
52 70
52 73
52 77
52 79
52 83
52 84
52 86
52 87
52 89
52 90
52 91
52 95
52 96
52 98
52 99
52 101
52 102
52 103
52 104
52 105
52 107
52 108
53 54
53 56
53 57
53 58
53 59
53 61
53 63
53 65
53 67
53 69
53 70
53 73
53 74
53 76
53 78
53 80
53 82
53 83
53 86
53 89
53 90
53 91
53 94
53 99
53 101
53 102
53 103
53 106
53 107
53 109
54 55
54 58
54 60
54 61
54 62
54 64
54 67
54 76
54 82
54 84
54 85
54 86
54 87
54 89
54 92
54 96
54 101
54 102
54 107
54 108
55 56
55 57
55 58
55 59
55 64
55 68
55 70
55 72
55 74
55 76
55 82
55 83
55 88
55 90
55 91
55 92
55 94
55 95
55 97
55 101
55 109
56 57
56 58
56 59
56 60
56 62
56 63
56 66
56 68
56 69
56 72
56 76
56 77
56 81
56 83
56 84
56 85
56 86
56 87
56 88
56 91
56 93
56 95
56 97
56 98
56 102
56 104
56 106
56 107
56 108
56 109
57 59
57 61
57 62
57 63
57 64
57 66
57 67
57 68
57 69
57 71
57 74
57 75
57 76
57 77
57 78
57 79
57 80
57 83
57 85
57 87
57 93
57 94
57 99
57 100
57 102
57 103
57 104
57 105
57 106
57 108
58 61
58 65
58 66
58 73
58 75
58 79
58 80
58 81
58 82
58 84
58 85
58 86
58 89
58 90
58 93
58 96
58 98
58 99
58 100
58 101
58 104
58 105
59 63
59 66
59 68
59 69
59 70
59 71
59 73
59 74
59 75
59 77
59 81
59 82
59 86
59 88
59 90
59 91
59 92
59 95
59 97
59 98
59 99
59 101
59 105
59 106
59 107
59 109
60 62
60 64
60 65
60 66
60 67
60 69
60 70
60 72
60 76
60 77
60 79
60 81
60 82
60 83
60 86
60 87
60 88
60 89
60 90
60 91
60 92
60 94
60 100
60 101
60 104
60 105
60 106
60 107
60 108
61 62
61 64
61 65
61 69
61 72
61 74
61 77
61 79
61 83
61 86
61 91
61 92
61 93
61 94
61 99
61 100
61 104
61 107
62 63
62 64
62 66
62 67
62 69
62 71
62 73
62 74
62 76
62 77
62 81
62 87
62 88
62 89
62 90
62 94
62 96
62 97
62 100
62 101
62 105
62 108
63 68
63 71
63 72
63 74
63 77
63 79
63 81
63 84
63 85
63 87
63 88
63 89
63 91
63 94
63 96
63 97
63 98
63 99
63 102
63 103
63 105
63 106
64 65
64 69
64 70
64 71
64 74
64 75
64 77
64 79
64 80
64 83
64 84
64 85
64 86
64 87
64 88
64 90
64 94
64 97
64 98
64 100
64 102
64 104
64 106
64 109
65 66
65 69
65 73
65 77
65 79
65 80
65 82
65 83
65 84
65 87
65 91
65 92
65 94
65 95
65 96
65 97
65 98
65 100
65 103
65 104
65 108
66 67
66 69
66 70
66 74
66 76
66 78
66 80
66 84
66 89
66 91
66 92
66 93
66 97
66 98
66 99
66 104
66 107
66 108
67 69
67 70
67 71
67 72
67 75
67 76
67 78
67 79
67 80
67 83
67 84
67 85
67 87
67 88
67 90
67 92
67 98
67 99
67 101
67 102
67 103
67 106
67 107
67 109
68 69
68 70
68 71
68 72
68 73
68 74
68 75
68 76
68 78
68 81
68 86
68 87
68 88
68 95
68 96
68 98
68 101
68 105
68 107
68 108
69 70
69 73
69 75
69 76
69 77
69 81
69 82
69 83
69 84
69 88
69 90
69 93
69 96
69 97
69 98
69 100
69 103
69 105
69 107
69 109
70 71
70 73
70 75
70 76
70 77
70 78
70 82
70 83
70 87
70 88
70 91
70 92
70 93
70 94
70 95
70 97
70 98
70 99
70 103
70 104
70 105
70 107
70 109
71 74
71 75
71 78
71 79
71 80
71 81
71 84
71 85
71 89
71 95
71 96
71 97
71 101
71 104
71 106
71 108
71 109
72 73
72 74
72 75
72 77
72 78
72 79
72 81
72 82
72 83
72 84
72 86
72 87
72 88
72 89
72 90
72 92
72 99
72 100
72 102
72 103
72 104
73 75
73 77
73 78
73 79
73 81
73 82
73 83
73 87
73 94
73 96
73 97
73 98
73 101
73 102
73 103
73 105
73 106
73 108
73 109
74 75
74 76
74 78
74 80
74 81
74 84
74 85
74 87
74 90
74 93
74 95
74 96
74 97
74 100
74 101
74 102
74 106
75 76
75 78
75 79
75 82
75 88
75 89
75 90
75 95
75 99
75 101
75 103
75 104
75 105
75 106
75 108
75 109
76 78
76 80
76 81
76 82
76 83
76 85
76 87
76 88
76 89
76 91
76 93
76 94
76 96
76 99
76 101
76 103
76 106
76 107
76 108
76 109
77 79
77 82
77 84
77 86
77 87
77 91
77 92
77 95
77 96
77 98
77 100
77 101
77 104
77 105
78 80
78 82
78 86
78 87
78 88
78 92
78 93
78 94
78 96
78 97
78 98
78 100
78 105
78 106
78 107
79 81
79 85
79 86
79 87
79 90
79 92
79 94
79 95
79 97
79 99
79 100
79 102
79 105
79 107
80 82
80 83
80 84
80 85
80 87
80 89
80 90
80 93
80 96
80 97
80 98
80 99
80 103
80 105
80 107
80 108
81 82
81 83
81 87
81 89
81 90
81 94
81 95
81 97
81 98
81 106
81 107
81 109
82 85
82 89
82 91
82 92
82 95
82 96
82 99
82 100
82 101
82 103
82 104
82 106
82 107
82 108
82 109
83 84
83 85
83 87
83 88
83 89
83 91
83 95
83 96
83 97
83 99
83 100
83 103
83 107
84 86
84 89
84 92
84 94
84 97
84 99
84 101
84 102
84 106
84 109
85 87
85 88
85 89
85 90
85 91
85 92
85 93
85 94
85 97
85 100
85 103
85 104
85 106
85 108
85 109
86 87
86 88
86 89
86 96
86 98
86 99
86 100
86 101
86 103
86 104
86 105
86 107
86 108
87 88
87 89
87 90
87 91
87 93
87 94
87 96
87 97
87 98
87 100
87 101
87 102
87 104
87 106
87 107
87 108
88 90
88 91
88 92
88 93
88 97
88 99
88 100
88 102
88 103
88 104
88 106
88 107
88 108
88 109
89 93
89 95
89 96
89 97
89 98
89 101
89 103
89 106
89 107
90 92
90 95
90 97
90 98
90 101
90 102
90 103
90 105
90 108
90 109
91 92
91 95
91 96
91 97
91 99
91 101
91 107
91 108
92 94
92 95
92 96
92 98
92 99
92 100
92 102
92 105
92 107
92 109
93 97
93 100
93 103
93 104
93 105
93 108
94 95
94 96
94 99
94 104
94 105
94 106
94 108
94 109
95 96
95 102
95 103
95 107
95 108
95 109
96 97
96 98
96 99
96 105
96 107
96 109
97 101
97 103
97 105
97 109
98 101
98 104
98 106
98 107
98 108
99 100
99 101
99 102
99 103
99 107
99 108
100 103
100 105
100 106
101 102
101 104
101 105
101 108
101 109
102 103
102 105
102 106
102 109
103 104
103 109
104 105
104 108
105 106
105 109
107 109
70 103 100 52 17
101 50 72 59 82
37 28 7 38 24
91 83 21 65 45
64 41 79 18 78
105 5 30 108 63
14 15 4 29 44
33 95 104 20 86
102 51 69 48 81
73 57 32 94 66
2 36 13 84 54
68 3 43 42 88
97 6 39 77 67
98 0 60 31 61
27 53 62 34 71
23 89 10 1 47
26 40 74 9 87
93 75 109 76 90
46 99 19 92 35
12 55 16 107 8
25 22 80 96 56
106 49 85 58 11
