110
1730
5
0 2
0 5
0 10
0 15
0 16
0 23
0 24
0 26
0 30
0 33
0 35
0 38
0 39
0 42
0 43
0 50
0 52
0 60
0 62
0 71
0 73
0 75
0 78
0 85
0 86
0 87
0 94
0 95
0 96
0 98
0 101
0 102
0 105
0 106
0 108
1 4
1 8
1 15
1 16
1 19
1 26
1 32
1 35
1 36
1 38
1 40
1 51
1 54
1 55
1 56
1 60
1 64
1 67
1 69
1 71
1 76
1 78
1 85
1 86
1 92
1 93
1 96
1 106
1 109
2 3
2 7
2 11
2 12
2 14
2 18
2 48
2 53
2 57
2 64
2 69
2 74
2 78
2 82
2 83
2 84
2 86
2 87
2 89
2 91
2 95
2 98
2 103
2 106
2 107
2 109
3 4
3 6
3 8
3 12
3 18
3 20
3 24
3 26
3 30
3 36
3 42
3 43
3 47
3 49
3 51
3 52
3 56
3 61
3 68
3 81
3 82
3 84
3 92
3 94
3 97
3 98
3 101
3 102
3 105
3 106
3 107
3 108
4 6
4 12
4 13
4 14
4 15
4 29
4 42
4 43
4 50
4 54
4 56
4 64
4 68
4 78
4 89
4 96
4 100
5 13
5 14
5 17
5 23
5 31
5 32
5 38
5 39
5 44
5 48
5 49
5 51
5 53
5 55
5 56
5 61
5 62
5 71
5 74
5 82
5 84
5 94
5 99
5 102
5 105
5 106
5 107
6 9
6 10
6 13
6 22
6 23
6 29
6 35
6 38
6 42
6 43
6 45
6 54
6 58
6 60
6 61
6 64
6 66
6 68
6 69
6 74
6 75
6 79
6 80
6 81
6 85
6 98
6 101
6 104
6 105
6 108
6 109
7 11
7 13
7 14
7 22
7 38
7 43
7 59
7 62
7 68
7 78
7 88
7 91
7 92
7 97
7 98
7 99
7 100
7 102
7 104
7 109
8 12
8 15
8 16
8 19
8 20
8 22
8 25
8 29
8 31
8 32
8 33
8 40
8 44
8 45
8 48
8 50
8 58
8 61
8 70
8 71
8 76
8 77
8 81
8 84
8 89
8 94
8 96
8 106
9 10
9 12
9 15
9 17
9 29
9 31
9 32
9 34
9 36
9 38
9 39
9 41
9 44
9 46
9 47
9 54
9 59
9 62
9 77
9 79
9 80
9 85
9 95
9 98
9 101
9 102
9 103
9 105
9 109
10 11
10 12
10 19
10 23
10 25
10 30
10 38
10 41
10 47
10 50
10 51
10 52
10 55
10 59
10 61
10 63
10 66
10 70
10 71
10 79
10 83
10 84
10 85
10 93
10 94
10 97
10 98
10 99
10 104
10 107
11 14
11 15
11 16
11 27
11 29
11 33
11 34
11 38
11 39
11 41
11 43
11 47
11 48
11 49
11 53
11 58
11 60
11 61
11 62
11 66
11 71
11 74
11 76
11 77
11 78
11 84
11 85
11 87
11 97
11 101
11 102
11 104
11 106
12 16
12 17
12 18
12 19
12 21
12 35
12 38
12 47
12 52
12 63
12 64
12 68
12 69
12 71
12 75
12 78
12 79
12 81
12 82
12 87
12 90
12 91
12 96
12 97
12 99
12 108
12 109
13 14
13 16
13 17
13 19
13 22
13 24
13 25
13 26
13 27
13 31
13 34
13 36
13 41
13 42
13 45
13 48
13 50
13 52
13 54
13 58
13 60
13 61
13 63
13 64
13 66
13 70
13 74
13 81
13 83
13 88
13 90
13 91
13 100
13 103
13 106
13 107
13 108
14 15
14 19
14 22
14 24
14 25
14 26
14 27
14 34
14 42
14 47
14 52
14 54
14 56
14 58
14 60
14 62
14 68
14 69
14 72
14 75
14 77
14 79
14 85
14 88
14 93
14 99
14 104
15 17
15 19
15 25
15 26
15 31
15 35
15 36
15 40
15 41
15 50
15 51
15 52
15 56
15 57
15 58
15 62
15 66
15 67
15 69
15 74
15 77
15 80
15 83
15 85
15 87
15 97
15 98
15 105
15 107
16 17
16 20
16 27
16 31
16 33
16 35
16 37
16 39
16 43
16 46
16 49
16 50
16 57
16 59
16 63
16 68
16 70
16 71
16 73
16 76
16 92
16 95
16 98
16 103
16 104
16 107
16 109
17 18
17 23
17 27
17 30
17 32
17 35
17 41
17 42
17 44
17 48
17 49
17 58
17 68
17 72
17 75
17 82
17 83
17 85
17 86
17 87
17 90
17 91
17 94
17 95
17 98
17 101
17 103
17 104
17 105
17 107
18 20
18 21
18 25
18 34
18 37
18 38
18 40
18 50
18 56
18 61
18 64
18 66
18 67
18 70
18 72
18 76
18 77
18 80
18 81
18 84
18 87
18 92
18 93
18 94
18 99
18 101
18 102
18 105
18 106
18 107
18 109
19 25
19 26
19 27
19 30
19 35
19 40
19 43
19 46
19 47
19 51
19 52
19 54
19 56
19 63
19 66
19 68
19 74
19 77
19 97
19 101
19 103
19 108
20 21
20 22
20 25
20 26
20 29
20 31
20 36
20 40
20 42
20 44
20 45
20 48
20 51
20 53
20 59
20 65
20 67
20 68
20 70
20 71
20 76
20 77
20 80
20 82
20 84
20 87
20 88
20 91
20 92
20 95
20 96
20 99
20 100
20 102
20 103
20 106
21 22
21 24
21 27
21 30
21 32
21 33
21 47
21 50
21 51
21 55
21 60
21 61
21 67
21 72
21 73
21 74
21 81
21 82
21 84
21 87
21 88
21 90
21 91
21 92
21 94
21 98
21 101
21 105
21 106
21 107
21 108
22 24
22 25
22 28
22 29
22 35
22 37
22 38
22 39
22 40
22 42
22 43
22 48
22 51
22 53
22 55
22 56
22 59
22 61
22 64
22 67
22 69
22 72
22 83
22 84
22 88
22 93
22 95
22 97
22 98
22 104
22 105
22 106
22 109
23 32
23 36
23 37
23 38
23 40
23 46
23 50
23 52
23 59
23 61
23 63
23 65
23 66
23 74
23 76
23 80
23 81
23 83
23 84
23 90
23 91
23 93
23 96
23 100
23 103
23 104
23 105
23 107
24 30
24 32
24 33
24 38
24 42
24 46
24 54
24 62
24 65
24 71
24 80
24 83
24 84
24 85
24 91
24 96
24 98
24 103
24 104
24 109
25 29
25 35
25 36
25 40
25 45
25 47
25 52
25 60
25 62
25 76
25 77
25 84
25 85
25 90
25 96
25 99
26 27
26 29
26 34
26 36
26 38
26 47
26 48
26 49
26 52
26 62
26 63
26 79
26 81
26 84
26 87
26 98
26 101
26 109
27 28
27 32
27 33
27 38
27 39
27 43
27 44
27 46
27 47
27 50
27 51
27 59
27 70
27 71
27 72
27 73
27 75
27 81
27 83
27 90
27 92
27 94
27 96
27 99
27 100
28 29
28 35
28 41
28 46
28 48
28 49
28 58
28 60
28 64
28 66
28 73
28 88
28 90
28 94
28 95
28 99
28 103
28 109
29 33
29 34
29 41
29 42
29 44
29 46
29 64
29 65
29 72
29 73
29 74
29 79
29 80
29 86
29 87
29 91
29 92
29 100
29 103
29 108
30 34
30 37
30 38
30 39
30 41
30 45
30 50
30 53
30 55
30 57
30 61
30 64
30 65
30 69
30 70
30 71
30 72
30 75
30 77
30 81
30 88
30 96
30 100
30 104
30 109
31 37
31 38
31 39
31 42
31 51
31 53
31 54
31 57
31 60
31 63
31 66
31 67
31 69
31 70
31 76
31 77
31 80
31 87
31 90
31 100
31 104
32 33
32 40
32 42
32 46
32 59
32 60
32 61
32 65
32 66
32 70
32 74
32 83
32 84
32 85
32 88
32 95
32 99
32 100
32 102
32 103
32 105
32 109
33 34
33 39
33 48
33 51
33 61
33 62
33 63
33 69
33 74
33 75
33 76
33 79
33 80
33 83
33 85
33 89
33 92
33 101
33 106
34 37
34 38
34 41
34 51
34 54
34 55
34 60
34 61
34 62
34 65
34 66
34 67
34 70
34 75
34 77
34 83
34 86
34 91
34 93
34 100
34 101
34 105
34 106
34 109
35 37
35 38
35 41
35 51
35 59
35 60
35 61
35 68
35 69
35 72
35 75
35 76
35 81
35 82
35 83
35 85
35 88
35 96
35 97
35 105
35 106
35 108
36 37
36 43
36 49
36 52
36 59
36 60
36 65
36 68
36 69
36 71
36 72
36 84
36 86
36 87
36 89
36 94
36 99
36 107
37 49
37 50
37 52
37 54
37 56
37 61
37 62
37 63
37 64
37 65
37 67
37 68
37 70
37 75
37 85
37 86
37 90
37 95
37 96
37 98
37 99
37 104
38 40
38 41
38 46
38 51
38 52
38 53
38 54
38 55
38 57
38 59
38 74
38 75
38 77
38 78
38 80
38 85
38 88
38 89
38 91
38 97
38 99
38 105
38 106
38 107
39 44
39 48
39 56
39 57
39 60
39 63
39 71
39 72
39 78
39 79
39 81
39 86
39 90
40 45
40 46
40 53
40 60
40 61
40 66
40 67
40 68
40 73
40 77
40 78
40 83
40 86
40 87
40 88
40 94
40 96
40 100
40 107
40 109
41 42
41 45
41 48
41 49
41 52
41 54
41 60
41 61
41 62
41 67
41 70
41 71
41 74
41 83
41 85
41 86
41 93
41 95
41 96
41 102
41 103
41 104
41 106
42 45
42 51
42 58
42 62
42 63
42 68
42 70
42 71
42 74
42 78
42 79
42 81
42 84
42 87
42 91
42 94
42 96
42 102
42 104
42 108
43 47
43 50
43 51
43 54
43 56
43 63
43 64
43 65
43 68
43 69
43 78
43 79
43 88
43 89
43 90
43 99
43 103
43 104
44 53
44 59
44 63
44 65
44 68
44 71
44 75
44 77
44 81
44 85
44 93
44 96
44 97
44 103
44 108
44 109
45 46
45 52
45 53
45 57
45 67
45 69
45 72
45 73
45 81
45 86
45 91
45 93
45 99
45 101
46 55
46 59
46 61
46 64
46 65
46 69
46 72
46 79
46 83
46 90
46 97
46 99
46 103
46 104
46 105
46 109
47 48
47 49
47 50
47 53
47 54
47 55
47 58
47 59
47 63
47 69
47 72
47 74
47 77
47 79
47 84
47 96
47 98
47 100
47 101
47 102
47 103
47 105
48 49
48 52
48 54
48 55
48 57
48 58
48 60
48 62
48 64
48 68
48 69
48 71
48 79
48 86
48 90
48 104
48 107
49 55
49 57
49 59
49 61
49 62
49 76
49 82
49 86
49 90
49 104
49 106
50 56
50 59
50 66
50 76
50 77
50 78
50 81
50 84
50 85
50 86
50 88
50 91
50 92
50 97
50 101
50 106
51 57
51 58
51 61
51 63
51 64
51 65
51 72
51 73
51 79
51 82
51 83
51 88
51 90
51 97
51 100
51 103
51 109
52 54
52 56
52 58
52 64
52 69
52 72
52 79
52 80
52 82
52 89
52 90
52 92
52 96
52 98
52 101
52 108
53 54
53 55
53 58
53 60
53 64
53 65
53 66
53 67
53 69
53 76
53 81
53 84
53 89
53 90
53 92
53 97
53 103
53 109
54 56
54 57
54 61
54 62
54 64
54 70
54 71
54 74
54 77
54 89
54 98
54 103
54 108
54 109
55 57
55 61
55 63
55 65
55 66
55 67
55 72
55 73
55 76
55 80
55 83
55 84
55 86
55 87
55 101
55 102
55 104
55 105
56 57
56 59
56 64
56 66
56 68
56 69
56 70
56 75
56 77
56 82
56 85
56 86
56 94
56 95
56 97
56 98
56 99
56 100
56 101
56 102
56 105
56 107
57 58
57 68
57 70
57 73
57 76
57 77
57 79
57 81
57 91
57 94
57 96
57 105
57 106
57 107
58 60
58 65
58 66
58 70
58 71
58 75
58 79
58 80
58 81
58 85
58 86
58 87
58 91
58 96
58 101
59 63
59 68
59 69
59 72
59 73
59 76
59 80
59 81
59 84
59 88
59 93
59 94
59 101
59 102
59 103
59 108
59 109
60 61
60 62
60 63
60 67
60 68
60 69
60 71
60 73
60 74
60 78
60 85
60 89
60 93
60 101
60 102
60 107
61 65
61 66
61 70
61 71
61 75
61 77
61 81
61 83
61 84
61 85
61 86
61 94
61 95
61 97
61 98
61 103
61 105
61 106
61 107
61 109
62 64
62 67
62 68
62 72
62 73
62 77
62 81
62 86
62 87
62 93
62 94
62 102
62 107
62 108
62 109
63 64
63 66
63 68
63 69
63 70
63 71
63 73
63 74
63 78
63 79
63 83
63 84
63 85
63 87
63 91
63 95
63 97
63 100
63 101
63 102
63 104
63 106
63 109
64 70
64 71
64 75
64 78
64 79
64 94
64 96
64 99
64 103
64 106
65 68
65 72
65 73
65 74
65 79
65 82
65 88
65 90
65 94
65 99
65 101
65 102
65 105
66 70
66 73
66 74
66 78
66 83
66 87
66 89
66 90
66 91
66 96
66 106
66 108
66 109
67 68
67 69
67 70
67 72
67 75
67 81
67 87
67 89
67 90
67 91
67 93
67 98
67 99
67 100
67 103
68 70
68 71
68 72
68 73
68 74
68 75
68 84
68 90
68 92
68 95
68 98
68 99
68 100
68 101
68 103
68 106
68 107
68 108
69 75
69 77
69 78
69 81
69 82
69 85
69 88
69 89
69 91
69 93
69 96
69 100
69 102
70 73
70 80
70 82
70 85
70 93
70 94
70 97
70 102
70 103
70 105
71 72
71 74
71 78
71 82
71 92
71 94
71 100
71 101
71 103
72 73
72 74
72 76
72 79
72 85
72 86
72 88
72 92
72 94
72 98
72 101
72 103
72 105
72 107
73 76
73 80
73 89
73 92
73 95
73 106
73 107
74 81
74 85
74 96
74 97
74 104
74 105
74 107
75 76
75 77
75 82
75 84
75 106
76 77
76 78
76 81
76 87
76 88
76 89
76 90
76 94
76 101
76 103
76 108
77 78
77 79
77 80
77 90
77 99
77 102
77 103
77 108
77 109
78 79
78 83
78 86
78 88
78 89
78 91
78 92
78 94
78 97
78 98
78 103
78 104
78 106
78 108
79 80
79 83
79 89
79 93
79 100
79 101
80 81
80 82
80 84
80 86
80 88
80 91
80 96
80 97
80 98
80 106
80 108
81 84
81 87
81 90
81 97
81 104
81 106
81 107
81 108
81 109
82 87
82 93
82 98
82 105
83 84
83 88
83 95
83 96
83 99
83 103
83 106
83 107
83 109
84 87
84 90
84 94
84 97
84 101
84 102
84 106
85 90
85 92
85 93
85 98
85 99
85 101
85 105
86 87
86 92
86 101
86 102
86 104
86 107
86 108
87 97
87 99
87 104
87 105
87 106
87 108
88 90
89 99
89 100
89 101
89 103
90 91
90 93
90 95
90 96
90 97
90 99
90 101
90 104
90 107
90 108
91 96
91 101
91 103
92 93
92 95
92 96
92 107
92 108
93 96
93 98
93 99
93 100
93 103
93 105
93 106
94 100
94 106
94 109
95 101
95 102
95 104
96 97
96 99
96 101
97 101
97 105
97 106
98 104
99 101
99 109
100 101
100 102
101 108
103 106
103 107
104 107
106 108
106 109
107 108
107 109
108 109
30 0 2 17 16 1 108 104 60 107 97 66 4 34 49 29 81 50 91 106 87 46 48 19 5 75 69
14 77 54 61 89 82 85 73 59 88 38 68 52 98 43 109 42 12 31 27 18 51 65 24 22 23 70
28 36 76 15 37 67 45 55 101 26 62 94 57 41 84 32 40 53 39 90 79 103 86 78 11 72 21
63 20 13 95 10 64 99 74 83 25 6 102 58 93 92 3 71 35 33 8 9 96 44 80 100 105 56
47 7
