110
587
22
0 3
0 6
0 13
0 15
0 16
0 18
0 21
0 25
0 29
0 66
0 72
0 100
1 11
1 22
1 48
1 54
1 55
1 68
1 70
1 71
1 93
2 5
2 9
2 11
2 14
2 15
2 55
2 67
2 71
2 74
2 85
2 88
2 97
2 99
3 6
3 29
3 36
3 50
3 54
3 58
3 78
3 82
3 102
3 103
4 5
4 6
4 12
4 20
4 26
4 34
4 38
4 41
4 52
4 63
4 77
4 85
5 12
5 17
5 22
5 27
5 32
5 39
5 43
5 54
6 25
6 27
6 28
6 36
6 37
6 44
6 75
6 79
7 9
7 30
7 31
7 66
7 97
8 9
8 16
8 23
8 25
8 32
8 50
8 52
8 54
8 58
8 61
8 66
8 68
8 99
9 11
9 22
9 29
9 38
9 43
9 58
9 61
9 62
9 65
9 68
9 79
9 96
9 106
10 18
10 54
10 55
10 82
10 92
10 108
11 16
11 22
11 27
11 28
11 34
11 56
11 67
11 84
11 88
11 89
11 105
12 17
12 30
12 40
12 41
12 45
12 53
12 54
12 55
12 57
12 76
12 80
12 81
12 90
12 93
12 95
12 98
13 15
13 18
13 28
13 32
13 33
13 36
13 37
13 44
13 55
13 57
13 80
13 99
13 103
13 104
13 105
13 106
14 15
14 17
14 18
14 25
14 29
14 61
14 62
14 80
15 34
15 56
15 66
15 85
15 100
16 22
16 25
16 47
16 49
16 73
16 75
16 79
16 84
16 86
16 89
16 109
17 36
17 42
17 59
17 73
17 92
17 95
17 97
17 104
17 107
18 46
18 50
18 51
18 60
18 63
18 87
18 95
18 106
19 28
19 40
19 51
19 66
19 69
19 77
19 78
19 79
19 82
19 105
19 109
20 25
20 40
20 44
20 45
20 46
20 75
20 81
20 89
21 31
21 57
21 60
21 77
21 94
21 95
21 98
21 103
21 106
22 27
22 53
22 63
22 67
22 71
22 103
23 49
23 55
23 56
23 67
23 85
23 86
23 100
23 102
24 32
24 38
24 49
24 65
24 74
24 80
24 92
24 100
25 30
25 32
25 33
25 39
25 58
25 83
25 90
25 91
25 106
26 37
26 38
26 41
26 48
26 64
26 66
26 67
26 97
26 100
26 102
27 35
27 44
27 65
27 73
27 87
27 92
27 96
28 42
28 45
28 50
28 57
28 59
28 62
28 72
28 75
28 82
28 102
28 106
29 49
29 51
29 55
29 60
29 61
29 79
29 80
29 85
29 90
29 95
29 98
30 39
30 42
30 54
30 64
30 72
30 78
30 82
31 34
31 46
31 71
31 72
31 75
31 79
31 84
31 91
31 99
31 102
32 37
32 38
32 63
32 81
32 82
32 92
32 98
32 101
33 35
33 39
33 42
33 55
33 62
33 64
33 70
33 77
33 79
33 80
33 86
33 87
33 108
34 38
34 53
34 79
34 85
34 91
35 40
35 75
35 76
35 87
35 88
35 90
35 92
35 98
35 99
35 105
36 48
36 49
36 52
36 59
36 62
36 77
36 91
36 96
36 98
36 104
36 106
37 39
37 46
37 67
37 77
37 84
37 94
37 102
38 88
38 95
38 101
38 102
39 48
39 65
39 79
39 83
40 44
40 80
40 99
40 109
41 43
41 45
41 57
41 73
41 79
42 49
42 58
42 68
42 88
42 99
43 48
43 55
43 67
43 77
43 84
43 88
43 92
43 98
44 49
44 55
44 67
44 82
44 86
45 58
45 61
46 64
46 82
46 84
46 96
46 100
46 103
46 104
47 50
47 56
47 66
47 73
47 78
47 80
47 86
47 90
47 100
48 53
48 55
48 61
48 69
48 89
48 96
49 51
49 62
49 90
49 100
50 51
50 65
50 72
50 74
50 93
50 104
50 105
51 55
51 62
51 71
51 89
51 92
51 103
52 62
52 69
52 70
52 86
52 99
52 107
53 59
53 77
53 94
53 100
53 108
54 88
54 93
54 95
54 102
55 62
55 72
55 89
55 97
56 58
56 70
56 76
56 81
56 109
57 80
57 101
57 104
58 60
58 61
58 62
58 66
58 75
58 87
58 88
58 90
58 100
59 61
59 70
59 71
59 82
59 108
60 66
60 67
60 73
60 77
60 86
60 91
60 94
60 107
61 87
62 90
63 80
63 89
63 93
63 102
63 105
64 67
64 72
64 83
64 99
64 103
64 107
65 69
66 69
66 72
66 78
66 90
66 93
66 95
66 103
67 71
67 86
67 90
67 92
68 74
68 91
68 96
69 81
69 83
69 84
69 88
69 94
69 103
70 90
70 92
70 98
70 107
72 74
72 88
72 93
72 95
72 101
72 105
72 106
73 82
73 83
73 94
73 104
74 78
74 82
74 90
74 100
74 107
75 84
76 79
76 99
77 92
77 97
77 104
78 90
78 91
78 95
79 91
79 107
79 109
80 88
80 92
80 101
81 106
82 94
83 101
83 105
84 92
84 93
85 88
86 101
86 105
87 97
87 104
87 109
88 103
89 102
90 102
91 97
91 98
91 107
91 108
92 94
92 101
93 94
93 103
94 102
95 97
95 100
95 105
97 104
100 108
102 104
103 105
2 92 88 79 8
38 62 18 16 96
66 21 19 43 82
47 6 31 28 76
49 70 44 75 24
69 13 36 32 41
9 71 29 25 94
87 51 101 22 72
52 90 109 3 106
20 35 15 39 89
98 45 95 73 80
54 84 7 55 83
57 77 56 37 27
61 12 1 50 10
30 105 81 86 0
74 60 53 5 34
63 26 100 97 33
17 23 68 4 99
103 40 67 108 14
65 42 59 58 102
107 93 104 11 48
46 91 78 64 85
