140
1968
4
0 9
0 11
0 14
0 24
0 25
0 32
0 43
0 48
0 54
0 75
0 76
0 78
0 80
0 86
0 87
0 89
0 98
0 101
0 103
0 104
0 109
0 110
0 125
1 3
1 7
1 11
1 12
1 18
1 20
1 21
1 26
1 28
1 30
1 35
1 49
1 54
1 56
1 63
1 71
1 73
1 77
1 83
1 86
1 90
1 96
1 99
1 100
1 102
1 104
1 108
1 109
1 114
1 115
1 128
1 132
1 139
2 6
2 9
2 18
2 26
2 32
2 34
2 36
2 37
2 40
2 41
2 42
2 48
2 54
2 56
2 62
2 65
2 66
2 68
2 75
2 87
2 90
2 95
2 98
2 102
2 107
2 113
2 115
2 119
2 122
2 124
2 134
3 12
3 16
3 17
3 28
3 37
3 38
3 41
3 45
3 61
3 63
3 71
3 75
3 78
3 79
3 80
3 81
3 82
3 93
3 100
3 105
3 106
3 110
3 111
3 112
3 116
3 120
3 123
3 125
3 135
3 137
3 139
4 6
4 10
4 14
4 16
4 17
4 19
4 21
4 40
4 48
4 53
4 56
4 63
4 66
4 67
4 73
4 75
4 79
4 81
4 83
4 92
4 95
4 103
4 108
4 111
4 123
4 125
4 128
4 132
4 133
4 134
4 135
5 8
5 10
5 12
5 22
5 24
5 28
5 29
5 36
5 39
5 47
5 48
5 51
5 52
5 54
5 59
5 60
5 63
5 65
5 70
5 89
5 90
5 96
5 104
5 108
5 109
5 112
5 118
5 121
5 122
5 123
5 138
6 8
6 19
6 35
6 37
6 39
6 47
6 49
6 61
6 66
6 71
6 78
6 79
6 81
6 85
6 87
6 90
6 95
6 110
6 117
6 123
6 132
6 136
6 138
6 139
7 9
7 12
7 22
7 26
7 31
7 36
7 37
7 42
7 48
7 51
7 59
7 63
7 65
7 66
7 71
7 76
7 79
7 80
7 87
7 88
7 90
7 98
7 102
7 110
7 113
7 125
7 131
7 137
8 12
8 18
8 24
8 27
8 35
8 36
8 43
8 44
8 48
8 51
8 64
8 74
8 75
8 77
8 97
8 103
8 109
8 113
8 117
8 118
8 124
8 127
8 129
8 132
9 36
9 38
9 39
9 42
9 44
9 50
9 54
9 56
9 58
9 60
9 64
9 72
9 73
9 77
9 83
9 86
9 92
9 93
9 98
9 99
9 103
9 113
9 115
9 127
9 138
9 139
10 17
10 19
10 25
10 26
10 32
10 34
10 37
10 46
10 47
10 52
10 62
10 67
10 73
10 76
10 82
10 85
10 107
10 118
10 123
10 125
10 133
10 135
10 137
11 12
11 14
11 25
11 28
11 33
11 36
11 38
11 56
11 62
11 69
11 76
11 80
11 85
11 89
11 99
11 112
11 123
11 125
11 128
11 129
11 132
11 133
11 134
11 136
12 22
12 32
12 40
12 59
12 60
12 64
12 65
12 76
12 78
12 81
12 84
12 95
12 105
12 112
12 118
12 122
12 126
12 128
12 129
12 132
12 137
13 22
13 23
13 27
13 29
13 33
13 39
13 40
13 45
13 47
13 48
13 53
13 54
13 56
13 62
13 66
13 67
13 69
13 71
13 72
13 77
13 80
13 84
13 90
13 98
13 103
13 106
13 112
13 120
13 123
13 137
14 21
14 26
14 29
14 34
14 35
14 36
14 47
14 48
14 52
14 55
14 57
14 63
14 68
14 78
14 92
14 95
14 108
14 115
14 120
14 121
14 124
14 128
14 129
14 130
14 133
15 21
15 28
15 37
15 43
15 47
15 53
15 60
15 62
15 68
15 73
15 74
15 75
15 83
15 89
15 95
15 99
15 101
15 103
15 115
15 122
15 124
15 125
15 131
15 137
16 18
16 22
16 26
16 27
16 28
16 33
16 35
16 44
16 60
16 61
16 63
16 65
16 68
16 78
16 81
16 86
16 97
16 100
16 101
16 102
16 104
16 109
16 110
16 117
16 118
16 120
16 124
16 129
16 136
17 29
17 30
17 35
17 36
17 47
17 49
17 54
17 60
17 62
17 64
17 73
17 74
17 82
17 83
17 85
17 88
17 101
17 107
17 108
17 124
17 133
17 136
17 137
17 138
17 139
18 26
18 32
18 34
18 39
18 41
18 43
18 47
18 51
18 53
18 60
18 69
18 79
18 85
18 88
18 90
18 101
18 105
18 107
18 123
18 126
18 139
19 31
19 33
19 41
19 42
19 47
19 50
19 61
19 71
19 73
19 74
19 78
19 81
19 84
19 86
19 88
19 95
19 97
19 108
19 109
19 114
19 116
19 123
19 134
19 137
20 25
20 32
20 36
20 37
20 38
20 48
20 50
20 54
20 62
20 68
20 79
20 91
20 94
20 96
20 101
20 104
20 108
20 113
20 121
20 122
20 125
21 29
21 35
21 43
21 45
21 56
21 69
21 73
21 76
21 79
21 81
21 84
21 86
21 104
21 106
21 110
21 119
21 122
21 124
21 125
21 127
21 130
22 23
22 24
22 27
22 35
22 42
22 43
22 44
22 46
22 51
22 52
22 66
22 69
22 75
22 76
22 89
22 94
22 104
22 105
22 116
22 119
22 120
22 126
22 135
23 24
23 27
23 28
23 42
23 44
23 46
23 50
23 55
23 58
23 66
23 72
23 75
23 77
23 78
23 82
23 85
23 87
23 88
23 92
23 102
23 104
23 110
23 113
23 135
24 25
24 29
24 33
24 34
24 35
24 41
24 48
24 49
24 51
24 54
24 59
24 61
24 63
24 65
24 78
24 79
24 84
24 85
24 89
24 98
24 99
24 101
24 104
24 109
24 112
24 117
24 123
24 127
25 26
25 33
25 34
25 36
25 39
25 42
25 52
25 54
25 55
25 58
25 59
25 60
25 61
25 66
25 67
25 70
25 74
25 79
25 94
25 102
25 106
25 113
25 116
25 120
25 121
25 130
25 133
26 30
26 31
26 42
26 45
26 47
26 48
26 58
26 70
26 71
26 72
26 81
26 82
26 92
26 96
26 100
26 102
26 104
26 116
26 117
26 119
26 121
26 126
26 127
26 128
26 135
26 139
27 32
27 38
27 42
27 46
27 53
27 54
27 58
27 60
27 71
27 72
27 73
27 82
27 83
27 84
27 87
27 88
27 99
27 103
27 105
27 108
27 117
27 120
27 122
27 126
27 128
27 133
27 135
27 136
27 137
27 139
28 33
28 38
28 40
28 41
28 55
28 74
28 75
28 90
28 92
28 96
28 99
28 101
28 103
28 107
28 111
28 117
28 123
28 129
28 130
28 134
28 138
29 40
29 48
29 52
29 54
29 55
29 62
29 71
29 82
29 86
29 92
29 95
29 99
29 101
29 113
29 114
29 118
29 125
29 138
29 139
30 34
30 49
30 50
30 51
30 54
30 56
30 62
30 72
30 74
30 81
30 94
30 97
30 106
30 111
30 118
30 120
30 130
30 136
30 137
31 34
31 43
31 54
31 61
31 63
31 70
31 77
31 90
31 97
31 99
31 100
31 106
31 127
31 133
31 134
32 36
32 40
32 46
32 52
32 53
32 55
32 57
32 63
32 65
32 66
32 73
32 76
32 80
32 84
32 85
32 86
32 89
32 93
32 94
32 114
32 117
32 119
32 122
32 127
32 129
33 58
33 66
33 70
33 75
33 76
33 79
33 80
33 82
33 95
33 96
33 97
33 103
33 106
33 107
33 108
33 114
33 127
33 128
33 129
33 131
33 133
33 134
33 137
33 138
34 40
34 49
34 54
34 56
34 62
34 63
34 65
34 69
34 71
34 75
34 76
34 81
34 100
34 105
34 106
34 107
34 108
34 111
34 121
34 127
34 138
35 39
35 43
35 49
35 53
35 62
35 64
35 67
35 70
35 81
35 100
35 104
35 107
35 113
35 114
35 115
35 120
35 121
35 133
35 135
35 136
35 137
35 139
36 39
36 47
36 57
36 58
36 72
36 77
36 78
36 80
36 92
36 104
36 105
36 123
37 42
37 47
37 54
37 56
37 57
37 66
37 72
37 76
37 81
37 82
37 87
37 92
37 101
37 109
37 110
37 121
37 123
37 124
37 125
37 126
37 129
37 135
37 139
38 44
38 48
38 50
38 53
38 55
38 56
38 57
38 71
38 74
38 79
38 80
38 104
38 105
38 116
38 118
38 119
38 129
38 133
39 40
39 47
39 48
39 50
39 61
39 62
39 67
39 72
39 73
39 76
39 77
39 81
39 84
39 90
39 95
39 96
39 100
39 102
39 106
39 108
39 113
39 116
39 120
39 121
39 126
39 136
40 46
40 62
40 64
40 67
40 69
40 84
40 86
40 93
40 98
40 108
40 109
40 112
40 130
41 50
41 51
41 52
41 61
41 81
41 97
41 98
41 104
41 107
41 115
41 135
41 136
42 45
42 47
42 53
42 63
42 69
42 75
42 78
42 81
42 98
42 110
42 119
42 120
42 121
42 124
42 126
42 130
42 136
43 44
43 47
43 51
43 53
43 58
43 60
43 63
43 65
43 71
43 73
43 77
43 80
43 82
43 83
43 93
43 94
43 114
43 120
43 121
43 122
43 127
43 138
43 139
44 46
44 48
44 54
44 63
44 72
44 74
44 76
44 81
44 83
44 89
44 93
44 98
44 106
44 114
44 116
44 117
44 121
44 122
44 130
44 138
45 47
45 49
45 51
45 52
45 59
45 60
45 65
45 69
45 70
45 73
45 77
45 90
45 106
45 110
45 113
45 115
45 120
45 121
45 123
45 127
46 50
46 51
46 59
46 61
46 65
46 67
46 72
46 76
46 77
46 81
46 83
46 88
46 91
46 93
46 96
46 103
46 105
46 107
46 109
46 110
46 113
46 114
46 115
46 119
46 123
46 136
46 138
47 51
47 53
47 57
47 60
47 70
47 77
47 87
47 93
47 95
47 100
47 104
47 113
47 114
47 120
47 133
47 134
47 135
47 136
47 138
48 49
48 53
48 55
48 56
48 66
48 73
48 81
48 83
48 86
48 95
48 100
48 102
48 107
48 109
48 110
48 111
48 112
48 114
48 119
48 124
48 125
48 126
48 135
48 139
49 55
49 58
49 72
49 83
49 84
49 92
49 93
49 115
49 118
49 119
49 120
49 130
49 139
50 57
50 59
50 64
50 65
50 68
50 72
50 80
50 87
50 89
50 99
50 100
50 103
50 104
50 105
50 113
50 115
50 116
50 119
50 123
50 125
50 131
50 134
50 136
51 55
51 93
51 94
51 95
51 96
51 101
51 106
51 108
51 111
51 117
51 122
51 132
51 134
52 63
52 69
52 86
52 92
52 94
52 115
52 121
52 131
52 133
53 63
53 65
53 66
53 69
53 70
53 71
53 85
53 86
53 88
53 98
53 99
53 101
53 102
53 106
53 114
53 115
53 120
53 124
53 125
53 135
53 136
54 56
54 60
54 67
54 71
54 74
54 77
54 80
54 90
54 99
54 104
54 107
54 115
54 123
54 125
54 135
54 137
55 58
55 59
55 71
55 72
55 73
55 77
55 78
55 81
55 87
55 97
55 103
55 108
55 114
55 116
55 122
55 130
55 136
56 63
56 68
56 70
56 74
56 78
56 80
56 84
56 86
56 87
56 88
56 95
56 100
56 105
56 111
56 115
56 117
56 125
56 129
56 132
56 136
57 59
57 64
57 66
57 67
57 80
57 88
57 90
57 96
57 99
57 100
57 103
57 105
57 106
57 112
57 120
57 129
57 130
57 137
58 69
58 70
58 73
58 75
58 76
58 78
58 79
58 83
58 85
58 92
58 93
58 95
58 96
58 102
58 106
58 113
58 119
58 120
58 121
58 125
58 129
59 61
59 65
59 70
59 73
59 75
59 78
59 84
59 87
59 90
59 93
59 98
59 99
59 100
59 101
59 114
59 116
59 123
59 128
59 129
59 134
60 64
60 70
60 71
60 82
60 90
60 92
60 97
60 98
60 100
60 106
60 114
60 122
60 123
60 125
60 131
60 133
60 134
61 64
61 74
61 76
61 93
61 94
61 106
61 108
61 111
62 63
62 68
62 69
62 79
62 83
62 85
62 88
62 96
62 98
62 108
62 109
62 110
62 111
62 112
62 115
62 116
62 117
62 127
62 135
62 136
63 66
63 67
63 68
63 73
63 82
63 84
63 88
63 93
63 98
63 101
63 102
63 104
63 106
63 111
63 114
63 122
63 123
63 128
63 134
63 139
64 65
64 73
64 75
64 77
64 78
64 84
64 86
64 96
64 100
64 103
64 106
64 113
64 116
64 123
64 131
64 132
64 138
65 68
65 76
65 77
65 79
65 102
65 109
65 113
65 116
65 117
65 133
65 137
66 69
66 71
66 81
66 87
66 91
66 92
66 97
66 103
66 104
66 106
66 107
66 112
66 122
66 126
66 127
66 135
67 70
67 73
67 75
67 78
67 93
67 94
67 99
67 100
67 101
67 103
67 113
67 119
67 120
67 121
67 122
67 129
67 130
67 135
67 136
67 137
67 139
68 77
68 81
68 97
68 101
68 114
68 116
68 128
69 73
69 90
69 97
69 106
69 111
69 116
69 123
69 124
69 128
69 135
69 139
70 71
70 92
70 94
70 101
70 109
70 117
70 119
70 121
70 124
70 128
70 129
70 137
71 79
71 84
71 87
71 88
71 89
71 93
71 95
71 96
71 104
71 114
71 118
71 121
71 125
71 126
71 136
71 138
71 139
72 75
72 78
72 83
72 86
72 104
72 110
72 113
72 119
72 136
72 137
73 78
73 80
73 88
73 89
73 90
73 92
73 95
73 99
73 101
73 110
73 113
73 117
73 121
73 122
73 124
73 129
73 132
74 76
74 80
74 94
74 98
74 105
74 106
74 108
74 110
74 121
74 127
74 131
74 132
74 133
74 135
74 137
74 139
75 80
75 85
75 96
75 98
75 103
75 107
75 109
75 114
75 117
75 118
75 124
75 126
75 127
75 133
75 138
75 139
76 83
76 86
76 99
76 101
76 102
76 107
76 110
76 116
76 120
76 138
77 79
77 102
77 111
77 113
77 122
77 127
77 128
77 129
77 138
78 80
78 88
78 90
78 96
78 109
78 110
78 112
78 115
78 121
78 122
78 136
78 138
78 139
79 86
79 87
79 89
79 90
79 91
79 94
79 100
79 101
79 113
79 117
79 120
79 121
79 124
79 127
79 129
79 134
80 82
80 84
80 112
80 113
80 121
80 129
80 131
80 137
81 87
81 91
81 99
81 107
81 109
81 111
81 113
81 114
81 122
81 127
81 139
82 87
82 89
82 93
82 97
82 99
82 101
82 108
82 114
82 123
82 128
82 129
82 131
82 137
83 84
83 89
83 91
83 95
83 101
83 109
83 110
83 111
83 112
83 114
83 120
83 126
83 130
84 85
84 89
84 96
84 97
84 100
84 101
84 105
84 107
84 111
84 118
84 127
84 137
84 139
85 90
85 97
85 98
85 102
85 105
85 107
85 114
85 117
85 120
85 127
85 129
85 133
85 138
86 88
86 98
86 99
86 116
86 119
86 125
86 128
86 129
86 137
87 93
87 94
87 98
87 102
87 108
87 116
87 122
87 139
88 90
88 93
88 111
88 113
88 117
88 120
88 122
88 127
88 129
89 90
89 100
89 102
89 118
89 120
89 122
89 133
89 136
90 91
90 99
90 112
90 122
90 132
91 95
91 100
91 102
91 108
91 110
91 115
91 116
91 117
91 120
91 121
91 129
91 137
91 138
92 100
92 101
92 105
92 115
92 122
92 125
92 129
93 94
93 98
93 101
93 104
93 108
93 113
93 114
93 125
93 127
93 130
94 95
94 100
94 104
94 106
94 107
94 109
94 111
94 112
94 117
94 121
94 123
94 124
94 126
94 131
95 98
95 102
95 104
95 119
95 120
95 122
95 123
95 124
95 132
96 98
96 99
96 103
96 104
96 106
96 107
96 111
96 116
96 121
96 129
96 136
97 115
97 122
97 124
97 127
97 133
97 136
98 99
98 102
98 112
98 116
98 120
98 122
98 124
98 128
98 131
99 101
99 106
99 111
99 113
99 127
99 132
99 138
100 103
100 110
100 121
100 122
100 126
101 119
101 121
101 130
101 137
102 103
102 110
102 114
102 116
102 119
102 122
102 123
103 109
103 111
103 116
103 121
103 122
103 125
103 127
103 132
103 137
104 106
104 113
104 117
104 123
104 127
104 128
104 131
104 133
104 135
105 108
105 109
105 111
105 114
105 117
105 122
105 123
105 125
105 126
105 130
105 135
105 136
106 110
106 114
106 119
106 120
106 122
106 123
106 130
106 133
107 119
107 126
107 129
107 130
107 131
108 113
108 118
108 133
108 134
108 135
109 127
109 131
109 134
110 116
110 117
110 122
110 129
110 133
111 116
111 118
111 120
111 122
111 127
111 139
112 113
112 117
112 119
112 122
112 123
112 130
112 134
113 122
113 128
114 115
114 119
114 123
114 127
114 135
114 138
115 119
115 121
115 123
115 126
115 127
115 131
115 132
115 134
115 138
115 139
116 118
116 131
116 139
117 118
117 124
117 128
117 131
117 137
118 120
118 121
118 122
118 125
118 126
118 128
118 131
118 133
119 121
119 124
119 130
120 123
120 133
120 135
120 139
121 127
121 131
121 138
122 125
122 129
122 132
123 135
123 137
124 129
125 129
126 128
126 137
128 131
129 131
129 139
130 134
130 135
131 138
132 136
132 137
132 138
133 136
136 137
9 73 58 87 20 57 62 1 82 48 119 108 30 120 83 61 60 110 4 67 135 15 17 10 37 112 0 11 134 121 43 86 45 41 126
66 23 137 109 78 19 35 21 51 81 49 29 89 70 103 114 68 63 106 76 42 7 128 99 132 94 85 25 113 115 123 18 65 116 125
101 34 36 47 95 32 33 90 97 24 31 40 139 79 46 52 3 8 54 27 69 12 129 59 14 16 91 133 44 98 96 138 88 130 111
2 13 75 107 127 93 102 72 50 74 105 56 53 84 5 136 92 28 117 39 22 118 104 100 80 124 122 131 38 64 6 77 26 55 71
