140
2963
10
0 1
0 6
0 7
0 9
0 10
0 19
0 20
0 21
0 23
0 25
0 27
0 34
0 35
0 36
0 40
0 46
0 48
0 55
0 57
0 59
0 60
0 61
0 69
0 74
0 81
0 88
0 89
0 91
0 94
0 96
0 97
0 98
0 100
0 102
0 104
0 107
0 109
0 110
0 113
0 117
0 131
0 139
1 2
1 5
1 9
1 10
1 11
1 12
1 19
1 20
1 21
1 22
1 24
1 26
1 28
1 29
1 34
1 35
1 36
1 38
1 40
1 43
1 44
1 48
1 52
1 60
1 62
1 63
1 65
1 72
1 76
1 78
1 82
1 83
1 94
1 98
1 103
1 105
1 111
1 114
1 115
1 116
1 117
1 120
1 121
1 125
1 128
1 132
1 133
1 135
1 138
2 4
2 6
2 10
2 11
2 13
2 16
2 18
2 23
2 26
2 28
2 30
2 34
2 42
2 43
2 45
2 46
2 48
2 49
2 56
2 59
2 64
2 68
2 69
2 77
2 81
2 83
2 84
2 92
2 93
2 94
2 99
2 100
2 105
2 106
2 108
2 112
2 113
2 117
2 119
2 120
2 126
2 130
2 131
2 134
2 138
3 9
3 10
3 13
3 16
3 17
3 19
3 20
3 22
3 23
3 24
3 25
3 27
3 30
3 31
3 32
3 36
3 40
3 43
3 44
3 48
3 56
3 58
3 63
3 67
3 82
3 88
3 90
3 91
3 95
3 97
3 98
3 102
3 109
3 111
3 112
3 113
3 116
3 124
3 125
3 130
4 5
4 6
4 10
4 12
4 13
4 14
4 22
4 24
4 27
4 28
4 30
4 31
4 32
4 34
4 35
4 38
4 41
4 42
4 43
4 44
4 45
4 46
4 47
4 48
4 53
4 58
4 63
4 64
4 66
4 67
4 69
4 77
4 78
4 79
4 81
4 84
4 92
4 95
4 100
4 106
4 109
4 114
4 115
4 117
4 119
4 120
4 125
4 128
4 130
4 133
4 137
4 139
5 7
5 8
5 12
5 16
5 18
5 19
5 23
5 25
5 28
5 31
5 35
5 39
5 45
5 56
5 61
5 65
5 68
5 69
5 70
5 75
5 76
5 77
5 78
5 79
5 82
5 83
5 85
5 90
5 97
5 98
5 99
5 101
5 102
5 104
5 107
5 109
5 111
5 115
5 116
5 119
5 121
5 125
5 126
5 129
5 131
5 132
5 133
5 137
6 16
6 20
6 23
6 28
6 30
6 35
6 36
6 44
6 51
6 54
6 57
6 60
6 63
6 65
6 66
6 73
6 83
6 89
6 94
6 95
6 97
6 102
6 103
6 105
6 112
6 114
6 117
6 119
6 124
6 127
6 130
6 132
6 137
6 138
7 11
7 15
7 18
7 35
7 37
7 40
7 42
7 44
7 45
7 47
7 48
7 50
7 51
7 58
7 60
7 62
7 68
7 74
7 76
7 89
7 101
7 103
7 104
7 105
7 107
7 108
7 113
7 117
7 120
7 121
7 124
7 127
7 129
7 133
7 135
8 9
8 11
8 14
8 15
8 16
8 21
8 22
8 29
8 34
8 35
8 36
8 38
8 41
8 45
8 47
8 48
8 53
8 54
8 55
8 57
8 68
8 70
8 71
8 72
8 74
8 78
8 87
8 89
8 90
8 92
8 97
8 100
8 104
8 107
8 108
8 114
8 115
8 116
8 118
8 129
8 132
8 134
8 136
8 139
9 14
9 18
9 22
9 26
9 29
9 30
9 33
9 35
9 36
9 38
9 39
9 43
9 51
9 53
9 54
9 56
9 60
9 63
9 64
9 68
9 77
9 78
9 79
9 80
9 81
9 83
9 88
9 89
9 90
9 93
9 97
9 99
9 101
9 106
9 107
9 113
9 117
9 118
9 124
9 126
9 128
9 129
9 136
9 137
10 13
10 16
10 25
10 28
10 30
10 37
10 39
10 41
10 42
10 43
10 48
10 49
10 50
10 53
10 59
10 67
10 69
10 71
10 76
10 78
10 81
10 83
10 87
10 88
10 92
10 94
10 104
10 105
10 114
10 121
10 127
10 130
10 131
10 135
10 137
11 13
11 14
11 17
11 18
11 19
11 21
11 22
11 29
11 30
11 31
11 33
11 39
11 42
11 43
11 45
11 47
11 50
11 51
11 53
11 55
11 56
11 61
11 62
11 67
11 69
11 74
11 84
11 85
11 89
11 90
11 95
11 96
11 103
11 107
11 110
11 111
11 112
11 113
11 118
11 119
11 120
11 123
11 124
11 125
11 128
12 14
12 15
12 18
12 21
12 22
12 23
12 28
12 29
12 31
12 33
12 37
12 39
12 40
12 41
12 42
12 50
12 55
12 58
12 61
12 68
12 69
12 70
12 71
12 77
12 86
12 90
12 92
12 93
12 95
12 96
12 103
12 105
12 106
12 107
12 111
12 112
12 113
12 116
12 119
12 126
12 128
12 129
12 134
12 135
12 137
12 139
13 14
13 22
13 23
13 26
13 35
13 53
13 55
13 61
13 62
13 66
13 74
13 75
13 76
13 78
13 83
13 85
13 88
13 92
13 95
13 101
13 107
13 109
13 112
13 114
13 116
13 118
13 120
13 126
13 128
13 132
13 136
13 137
14 15
14 16
14 20
14 24
14 25
14 26
14 27
14 31
14 37
14 41
14 42
14 46
14 47
14 48
14 51
14 53
14 54
14 57
14 61
14 63
14 66
14 70
14 72
14 74
14 75
14 76
14 83
14 85
14 94
14 98
14 99
14 102
14 111
14 112
14 113
14 114
14 115
14 120
14 124
14 126
14 128
14 129
14 131
14 134
14 139
15 22
15 25
15 29
15 32
15 39
15 40
15 42
15 43
15 50
15 58
15 61
15 62
15 65
15 69
15 75
15 79
15 85
15 90
15 91
15 92
15 95
15 98
15 103
15 104
15 111
15 112
15 120
15 123
15 125
15 127
15 134
15 135
15 136
15 137
16 19
16 24
16 25
16 26
16 28
16 32
16 37
16 44
16 59
16 76
16 81
16 84
16 92
16 99
16 101
16 102
16 105
16 107
16 117
16 119
16 121
16 124
16 125
16 131
16 133
16 139
17 19
17 26
17 28
17 30
17 36
17 40
17 46
17 47
17 49
17 50
17 52
17 54
17 58
17 68
17 79
17 82
17 84
17 89
17 91
17 101
17 105
17 108
17 111
17 112
17 113
17 117
17 121
17 123
17 130
17 131
17 132
17 134
18 21
18 32
18 33
18 34
18 35
18 37
18 40
18 42
18 48
18 51
18 52
18 56
18 57
18 64
18 65
18 67
18 74
18 77
18 80
18 95
18 99
18 108
18 109
18 115
18 120
18 122
18 127
18 131
18 136
18 137
18 138
19 24
19 27
19 30
19 31
19 37
19 38
19 39
19 40
19 42
19 45
19 46
19 49
19 51
19 54
19 59
19 61
19 62
19 64
19 65
19 70
19 74
19 78
19 80
19 85
19 89
19 91
19 96
19 97
19 103
19 104
19 105
19 106
19 107
19 108
19 114
19 117
19 118
19 123
19 124
19 125
19 132
19 133
19 137
20 28
20 29
20 30
20 31
20 35
20 40
20 41
20 43
20 45
20 46
20 47
20 49
20 52
20 59
20 60
20 61
20 63
20 65
20 69
20 76
20 78
20 79
20 88
20 92
20 106
20 107
20 110
20 114
20 121
20 128
20 133
20 134
20 135
20 137
20 139
21 24
21 26
21 30
21 36
21 49
21 52
21 57
21 64
21 65
21 67
21 72
21 76
21 79
21 84
21 85
21 86
21 92
21 94
21 97
21 99
21 104
21 112
21 122
21 123
21 124
21 126
21 132
21 133
21 136
21 137
21 138
21 139
22 25
22 26
22 32
22 36
22 40
22 45
22 48
22 49
22 55
22 59
22 60
22 63
22 65
22 66
22 67
22 72
22 74
22 75
22 77
22 79
22 86
22 88
22 90
22 93
22 96
22 100
22 101
22 105
22 111
22 112
22 116
22 118
22 119
22 123
22 124
22 125
22 126
22 135
22 136
22 139
23 25
23 30
23 31
23 36
23 40
23 44
23 46
23 47
23 50
23 55
23 57
23 58
23 59
23 62
23 63
23 65
23 66
23 69
23 70
23 75
23 76
23 80
23 81
23 86
23 91
23 105
23 114
23 120
23 121
23 123
23 126
23 130
23 131
24 26
24 27
24 28
24 30
24 33
24 35
24 38
24 39
24 46
24 47
24 53
24 57
24 66
24 69
24 71
24 73
24 74
24 78
24 79
24 81
24 89
24 96
24 98
24 100
24 102
24 104
24 107
24 110
24 112
24 114
24 115
24 134
24 139
25 29
25 30
25 32
25 38
25 41
25 42
25 43
25 50
25 51
25 52
25 54
25 57
25 62
25 66
25 68
25 73
25 79
25 82
25 87
25 88
25 89
25 90
25 93
25 104
25 106
25 108
25 110
25 111
25 112
25 113
25 118
25 119
25 120
25 123
25 124
25 125
25 126
25 129
25 134
25 137
26 30
26 31
26 32
26 35
26 36
26 40
26 45
26 49
26 50
26 52
26 53
26 60
26 62
26 63
26 66
26 70
26 73
26 76
26 77
26 81
26 82
26 83
26 84
26 85
26 90
26 91
26 94
26 95
26 98
26 100
26 102
26 106
26 111
26 113
26 115
26 120
26 122
26 124
26 138
27 28
27 30
27 31
27 32
27 35
27 36
27 41
27 43
27 47
27 49
27 52
27 57
27 59
27 60
27 68
27 74
27 76
27 78
27 79
27 80
27 84
27 87
27 95
27 96
27 98
27 99
27 102
27 105
27 113
27 116
27 118
27 124
27 125
27 126
27 127
27 133
27 135
27 139
28 31
28 34
28 44
28 47
28 53
28 55
28 61
28 62
28 67
28 71
28 79
28 81
28 89
28 90
28 92
28 100
28 101
28 103
28 107
28 112
28 115
28 117
28 121
28 123
28 124
28 125
28 127
28 135
28 136
28 138
29 31
29 32
29 33
29 36
29 39
29 42
29 46
29 54
29 55
29 57
29 58
29 59
29 64
29 66
29 67
29 68
29 72
29 75
29 79
29 80
29 84
29 90
29 91
29 92
29 94
29 97
29 98
29 100
29 102
29 104
29 105
29 109
29 111
29 117
29 118
29 119
29 121
29 125
29 134
30 35
30 42
30 45
30 47
30 48
30 50
30 58
30 62
30 65
30 66
30 67
30 71
30 73
30 74
30 76
30 80
30 82
30 84
30 91
30 92
30 94
30 100
30 103
30 104
30 108
30 109
30 111
30 116
30 119
30 131
30 132
30 133
30 135
30 136
31 34
31 35
31 43
31 44
31 47
31 51
31 55
31 56
31 58
31 62
31 64
31 70
31 73
31 76
31 78
31 79
31 81
31 86
31 88
31 92
31 93
31 104
31 105
31 107
31 110
31 111
31 124
31 126
31 127
31 128
31 130
31 133
31 136
32 39
32 40
32 44
32 45
32 48
32 52
32 54
32 56
32 57
32 61
32 62
32 64
32 68
32 69
32 71
32 78
32 79
32 80
32 83
32 88
32 89
32 96
32 98
32 100
32 102
32 107
32 108
32 117
32 124
32 127
32 129
32 130
32 131
32 132
32 133
32 136
32 138
32 139
33 34
33 44
33 51
33 54
33 58
33 61
33 62
33 66
33 69
33 70
33 71
33 73
33 80
33 85
33 86
33 96
33 101
33 105
33 108
33 110
33 111
33 112
33 115
33 117
33 120
33 121
33 123
33 130
33 134
33 135
33 136
33 139
34 36
34 37
34 40
34 42
34 43
34 53
34 55
34 57
34 60
34 61
34 73
34 76
34 77
34 79
34 83
34 92
34 95
34 97
34 99
34 101
34 104
34 105
34 108
34 115
34 124
34 132
34 133
34 139
35 39
35 41
35 44
35 48
35 54
35 57
35 60
35 64
35 65
35 67
35 70
35 71
35 72
35 74
35 76
35 77
35 83
35 86
35 90
35 92
35 94
35 96
35 101
35 103
35 108
35 117
35 119
35 120
35 125
35 129
35 132
36 37
36 38
36 45
36 46
36 51
36 53
36 57
36 62
36 65
36 68
36 69
36 78
36 80
36 82
36 87
36 89
36 90
36 91
36 92
36 95
36 98
36 101
36 104
36 106
36 107
36 114
36 116
36 118
36 130
36 131
36 133
36 138
36 139
37 44
37 47
37 50
37 51
37 59
37 68
37 70
37 73
37 74
37 79
37 83
37 85
37 90
37 94
37 95
37 96
37 105
37 106
37 109
37 111
37 119
37 122
37 123
37 126
37 136
37 137
38 43
38 48
38 49
38 51
38 56
38 58
38 66
38 74
38 76
38 81
38 83
38 84
38 99
38 101
38 105
38 109
38 112
38 117
38 118
38 120
38 123
38 125
38 126
38 127
38 130
38 134
38 135
38 137
38 138
39 42
39 43
39 46
39 48
39 58
39 59
39 61
39 63
39 65
39 66
39 71
39 77
39 78
39 84
39 89
39 90
39 91
39 92
39 101
39 104
39 106
39 110
39 119
39 122
39 130
39 131
39 134
39 138
40 41
40 48
40 54
40 56
40 58
40 59
40 60
40 63
40 65
40 69
40 71
40 75
40 76
40 77
40 78
40 80
40 81
40 82
40 83
40 86
40 91
40 93
40 94
40 97
40 106
40 109
40 114
40 115
40 117
40 118
40 119
40 120
40 127
40 132
40 133
40 136
41 56
41 61
41 63
41 66
41 68
41 69
41 73
41 74
41 76
41 78
41 81
41 88
41 92
41 97
41 99
41 101
41 103
41 110
41 112
41 115
41 117
41 123
41 124
41 128
41 133
41 134
41 138
41 139
42 45
42 50
42 51
42 56
42 58
42 64
42 69
42 74
42 76
42 77
42 78
42 79
42 83
42 93
42 94
42 97
42 101
42 105
42 106
42 109
42 111
42 112
42 113
42 115
42 118
42 119
42 123
42 130
42 133
42 134
42 138
43 49
43 52
43 55
43 66
43 69
43 70
43 74
43 77
43 80
43 83
43 84
43 86
43 87
43 89
43 94
43 96
43 102
43 103
43 105
43 109
43 111
43 112
43 115
43 116
43 120
43 122
43 123
43 125
43 126
43 128
43 133
43 134
43 137
43 139
44 47
44 50
44 56
44 59
44 60
44 61
44 64
44 70
44 81
44 82
44 84
44 85
44 87
44 88
44 93
44 95
44 96
44 97
44 98
44 100
44 103
44 105
44 106
44 107
44 108
44 114
44 124
44 128
44 130
44 132
44 133
44 134
44 137
45 48
45 50
45 54
45 55
45 57
45 61
45 63
45 65
45 67
45 69
45 70
45 71
45 75
45 76
45 78
45 82
45 85
45 91
45 93
45 95
45 98
45 100
45 101
45 103
45 110
45 112
45 113
45 128
45 131
45 138
46 47
46 50
46 64
46 65
46 69
46 70
46 73
46 74
46 79
46 80
46 88
46 92
46 94
46 99
46 102
46 103
46 104
46 106
46 107
46 112
46 114
46 115
46 117
46 118
46 120
46 122
46 123
46 128
46 131
46 133
46 134
47 48
47 50
47 56
47 64
47 70
47 71
47 72
47 74
47 77
47 79
47 81
47 85
47 89
47 90
47 93
47 97
47 99
47 101
47 102
47 103
47 109
47 112
47 113
47 117
47 120
47 121
47 122
47 129
47 134
47 137
48 56
48 59
48 60
48 63
48 65
48 69
48 71
48 75
48 76
48 77
48 78
48 83
48 87
48 88
48 90
48 91
48 93
48 97
48 100
48 105
48 109
48 118
48 121
48 123
48 124
48 125
48 127
48 129
48 132
48 133
48 134
49 55
49 56
49 59
49 60
49 72
49 75
49 76
49 86
49 87
49 88
49 90
49 94
49 97
49 103
49 104
49 110
49 111
49 115
49 119
49 122
49 123
49 130
49 132
49 133
49 134
50 52
50 53
50 62
50 64
50 66
50 67
50 71
50 73
50 75
50 77
50 80
50 87
50 96
50 104
50 113
50 114
50 115
50 117
50 119
50 130
50 131
50 134
50 138
50 139
51 53
51 55
51 58
51 59
51 60
51 62
51 65
51 67
51 68
51 76
51 77
51 86
51 89
51 90
51 92
51 96
51 98
51 106
51 110
51 114
51 116
51 117
51 120
51 126
51 130
51 133
51 135
51 136
51 138
52 54
52 60
52 62
52 63
52 67
52 69
52 71
52 76
52 78
52 80
52 83
52 90
52 97
52 101
52 103
52 107
52 110
52 112
52 113
52 114
52 116
52 121
52 122
52 124
52 129
52 136
53 56
53 59
53 64
53 74
53 75
53 76
53 78
53 81
53 88
53 89
53 92
53 108
53 115
53 118
53 119
53 120
53 121
53 124
53 126
53 128
53 129
53 131
53 132
53 133
53 137
53 138
54 55
54 58
54 64
54 69
54 70
54 71
54 81
54 83
54 86
54 88
54 90
54 96
54 99
54 100
54 101
54 103
54 104
54 111
54 117
54 121
54 122
54 127
54 130
54 132
54 135
54 137
55 59
55 60
55 61
55 63
55 64
55 67
55 68
55 75
55 84
55 85
55 86
55 87
55 88
55 89
55 95
55 100
55 101
55 108
55 113
55 117
55 120
55 125
55 129
55 132
55 135
55 136
55 137
56 57
56 58
56 62
56 63
56 65
56 66
56 67
56 75
56 82
56 92
56 94
56 98
56 100
56 104
56 107
56 113
56 115
56 116
56 120
56 123
56 125
56 128
56 130
56 131
56 134
56 137
56 138
57 58
57 66
57 70
57 72
57 77
57 79
57 83
57 84
57 89
57 92
57 96
57 98
57 99
57 100
57 107
57 112
57 115
57 120
57 121
57 122
57 124
57 125
57 126
57 129
57 131
58 60
58 64
58 65
58 67
58 72
58 73
58 75
58 84
58 85
58 86
58 90
58 94
58 95
58 96
58 100
58 102
58 108
58 109
58 112
58 115
58 118
58 120
58 122
58 130
58 132
58 133
58 135
58 139
59 64
59 67
59 71
59 72
59 76
59 79
59 81
59 83
59 85
59 87
59 97
59 98
59 99
59 100
59 107
59 108
59 114
59 115
59 121
59 126
59 127
59 129
59 131
59 134
59 135
60 64
60 65
60 66
60 71
60 75
60 76
60 77
60 78
60 81
60 85
60 95
60 98
60 99
60 100
60 105
60 107
60 118
60 120
60 121
60 126
60 128
60 129
60 130
60 133
60 134
60 135
61 65
61 68
61 69
61 71
61 72
61 74
61 75
61 76
61 80
61 82
61 83
61 84
61 86
61 88
61 92
61 94
61 96
61 97
61 99
61 102
61 103
61 106
61 111
61 113
61 117
61 122
61 123
61 126
61 128
61 129
61 131
61 134
61 137
62 65
62 73
62 84
62 87
62 88
62 92
62 95
62 101
62 115
62 116
62 120
62 126
62 136
62 139
63 70
63 77
63 78
63 80
63 87
63 89
63 94
63 103
63 105
63 110
63 111
63 115
63 116
63 126
63 127
63 129
63 131
63 133
63 136
64 66
64 67
64 68
64 76
64 87
64 88
64 91
64 92
64 94
64 98
64 102
64 105
64 108
64 109
64 110
64 115
64 116
64 122
64 132
64 134
65 66
65 69
65 70
65 78
65 79
65 90
65 93
65 94
65 97
65 100
65 101
65 108
65 110
65 115
65 116
65 119
65 120
65 123
65 124
65 127
65 132
65 133
65 134
65 139
66 82
66 85
66 92
66 97
66 98
66 105
66 106
66 107
66 108
66 112
66 116
66 123
66 133
66 136
67 68
67 69
67 72
67 73
67 74
67 86
67 88
67 91
67 97
67 101
67 106
67 108
67 114
67 119
67 126
67 129
67 130
67 133
68 69
68 70
68 72
68 73
68 74
68 78
68 80
68 88
68 91
68 95
68 96
68 97
68 98
68 100
68 102
68 108
68 110
68 112
68 116
68 118
68 123
68 127
68 128
68 133
68 134
68 135
68 139
69 74
69 77
69 82
69 90
69 91
69 92
69 110
69 113
69 114
69 115
69 118
69 119
69 121
69 124
69 125
69 131
69 133
69 134
69 139
70 72
70 75
70 78
70 87
70 89
70 97
70 98
70 99
70 100
70 104
70 109
70 110
70 111
70 116
70 117
70 122
70 132
70 134
70 138
71 72
71 84
71 85
71 86
71 90
71 92
71 94
71 95
71 96
71 99
71 101
71 103
71 104
71 105
71 106
71 110
71 115
71 118
71 121
71 126
71 127
71 132
71 137
71 139
72 76
72 77
72 78
72 81
72 83
72 86
72 87
72 89
72 91
72 94
72 95
72 102
72 111
72 112
72 117
72 122
72 128
72 129
72 137
73 76
73 77
73 81
73 86
73 89
73 91
73 92
73 98
73 99
73 103
73 106
73 107
73 109
73 120
73 122
73 123
73 124
73 129
73 131
73 139
74 76
74 80
74 82
74 85
74 86
74 90
74 91
74 92
74 96
74 102
74 104
74 107
74 108
74 110
74 113
74 121
74 126
74 128
74 129
74 134
74 135
74 139
75 76
75 82
75 87
75 90
75 93
75 101
75 103
75 106
75 109
75 121
75 124
75 126
75 128
75 129
75 130
75 133
76 83
76 86
76 89
76 93
76 94
76 95
76 96
76 98
76 105
76 106
76 107
76 109
76 115
76 118
76 121
76 123
76 124
76 139
77 79
77 82
77 88
77 92
77 93
77 94
77 95
77 97
77 98
77 104
77 109
77 116
77 123
77 127
77 128
77 130
77 131
77 138
77 139
78 85
78 86
78 88
78 89
78 92
78 94
78 95
78 96
78 98
78 104
78 109
78 120
78 126
78 129
78 130
78 132
78 133
79 80
79 81
79 85
79 86
79 97
79 101
79 102
79 109
79 111
79 113
79 114
79 115
79 117
79 119
79 120
79 122
79 123
79 126
79 127
79 129
79 138
79 139
80 81
80 82
80 83
80 86
80 89
80 91
80 92
80 94
80 98
80 106
80 109
80 112
80 126
80 132
81 84
81 86
81 91
81 94
81 95
81 97
81 99
81 104
81 105
81 108
81 113
81 114
81 115
81 117
81 120
81 126
81 127
81 131
81 132
81 134
81 138
82 84
82 85
82 87
82 89
82 92
82 94
82 97
82 98
82 104
82 110
82 111
82 118
82 120
82 123
82 127
82 129
82 130
82 136
82 139
83 88
83 91
83 97
83 98
83 102
83 104
83 105
83 106
83 108
83 111
83 114
83 117
83 120
83 130
83 137
84 88
84 91
84 95
84 96
84 97
84 103
84 104
84 106
84 111
84 115
84 121
84 122
84 124
84 137
85 94
85 96
85 97
85 98
85 99
85 102
85 103
85 105
85 111
85 112
85 114
85 115
85 116
85 117
85 119
85 128
85 132
85 135
85 137
85 138
86 87
86 88
86 96
86 98
86 102
86 105
86 107
86 108
86 111
86 112
86 114
86 115
86 116
86 117
86 118
86 119
86 120
86 121
86 136
87 90
87 92
87 93
87 94
87 103
87 108
87 114
87 116
87 120
87 123
87 127
87 128
87 130
87 132
87 138
88 92
88 93
88 97
88 101
88 102
88 104
88 108
88 109
88 113
88 114
88 119
88 131
88 139
89 90
89 92
89 104
89 105
89 106
89 114
89 115
89 116
89 121
89 122
89 126
89 131
89 134
89 136
90 92
90 96
90 102
90 106
90 107
90 112
90 121
90 123
90 124
90 126
90 131
90 132
90 134
90 137
91 103
91 104
91 105
91 117
91 118
91 119
91 120
91 122
91 128
91 133
91 135
92 101
92 102
92 105
92 108
92 110
92 116
92 119
92 127
92 129
92 133
92 134
93 97
93 101
93 102
93 107
93 111
93 112
93 119
93 128
93 130
93 134
94 96
94 102
94 103
94 107
94 111
94 115
94 121
94 122
94 128
94 135
95 96
95 98
95 101
95 102
95 103
95 104
95 105
95 106
95 107
95 109
95 113
95 115
95 116
95 117
95 118
95 120
95 122
95 123
95 125
95 126
95 127
95 136
95 137
95 138
96 97
96 100
96 105
96 107
96 112
96 116
96 118
96 119
96 121
96 122
96 129
96 131
96 135
96 139
97 112
97 115
97 124
97 126
97 129
97 135
97 138
98 101
98 106
98 116
98 117
98 122
98 134
98 136
99 105
99 107
99 114
99 119
99 121
99 122
99 126
99 137
100 107
100 109
100 113
100 118
100 122
100 127
100 133
101 106
101 108
101 110
101 111
101 113
101 118
101 121
101 122
101 124
101 127
101 128
101 131
101 134
101 137
101 139
102 106
102 113
102 118
102 125
102 127
102 134
102 137
103 105
103 107
103 108
103 111
103 112
103 115
103 121
103 124
103 133
103 135
103 136
104 108
104 109
104 112
104 115
104 117
104 119
104 121
104 124
104 128
104 129
104 133
104 135
104 136
104 138
105 108
105 111
105 113
105 114
105 117
105 119
105 121
105 122
105 130
105 134
106 107
106 112
106 114
106 115
106 121
106 125
106 126
106 132
106 133
106 134
106 138
106 139
107 110
107 111
107 113
107 116
107 117
107 119
107 123
107 126
107 133
107 134
108 109
108 111
108 113
108 114
108 119
108 121
108 125
108 129
108 130
109 113
109 123
109 124
109 132
109 135
109 136
110 115
110 132
110 136
110 139
111 113
111 116
111 118
111 119
111 122
111 130
111 132
111 137
111 138
112 117
112 125
112 135
112 136
112 137
112 139
113 115
113 117
113 119
113 128
113 129
113 138
114 124
114 125
114 126
114 130
114 131
114 134
115 117
115 119
115 121
115 127
115 129
115 130
115 134
116 119
116 120
116 123
116 124
116 126
116 129
116 133
116 137
116 138
117 122
117 124
117 132
118 120
118 121
118 123
118 124
118 130
118 137
118 139
119 120
119 124
119 126
119 129
119 130
119 132
119 133
120 121
120 122
120 123
120 126
120 128
120 129
120 134
120 136
121 122
121 125
121 127
121 133
121 138
121 139
122 125
122 126
122 133
123 130
123 136
123 139
124 125
124 126
124 128
124 130
124 131
124 133
124 136
124 138
124 139
125 126
125 128
125 130
127 129
127 130
127 131
127 133
127 136
127 139
128 132
128 135
128 138
128 139
129 130
129 131
129 132
129 135
129 139
130 132
130 136
130 137
130 139
131 133
131 135
131 137
131 139
132 133
133 134
133 135
133 136
133 139
134 137
134 138
135 136
101 41 4 131 59 96 82 66 132 15 120 21 92 37
109 73 52 58 18 55 100 137 57 89 117 112 20 50
102 127 111 53 63 99 105 75 30 27 103 44 38 36
129 87 56 47 115 39 71 0 13 93 114 108 32 19
67 86 14 91 81 45 2 76 5 122 128 119 11 60
98 113 8 28 17 95 51 25 118 139 116 133 26 125
136 49 3 62 78 24 69 138 31 1 124 48 46 9
94 107 72 68 7 110 126 88 35 10 6 22 42 61
85 135 54 12 64 83 134 65 29 106 80 74 104 34
16 40 23 97 84 79 33 77 70 130 43 123 90 121
