130
3403
5
0 1
0 2
0 3
0 4
0 10
0 13
0 18
0 19
0 23
0 24
0 27
0 30
0 35
0 37
0 45
0 47
0 51
0 54
0 56
0 59
0 61
0 70
0 71
0 75
0 76
0 79
0 81
0 82
0 83
0 85
0 88
0 90
0 91
0 92
0 94
0 96
0 101
0 102
0 103
0 105
0 107
0 110
0 117
0 118
0 120
0 122
0 127
0 128
0 129
1 3
1 5
1 6
1 10
1 11
1 12
1 19
1 24
1 25
1 31
1 34
1 37
1 40
1 43
1 44
1 45
1 46
1 49
1 50
1 52
1 54
1 55
1 57
1 58
1 60
1 61
1 62
1 65
1 69
1 70
1 76
1 77
1 83
1 89
1 90
1 92
1 97
1 98
1 100
1 103
1 105
1 111
1 115
1 119
1 123
1 124
1 125
1 126
2 4
2 6
2 8
2 10
2 15
2 18
2 21
2 23
2 28
2 29
2 30
2 33
2 35
2 36
2 37
2 42
2 43
2 45
2 49
2 54
2 55
2 56
2 58
2 59
2 62
2 65
2 67
2 68
2 72
2 75
2 77
2 80
2 82
2 84
2 85
2 86
2 87
2 88
2 89
2 90
2 92
2 95
2 96
2 99
2 105
2 106
2 110
2 112
2 114
2 123
2 125
2 127
2 129
3 6
3 7
3 9
3 10
3 12
3 14
3 15
3 16
3 27
3 30
3 31
3 33
3 39
3 41
3 45
3 49
3 50
3 52
3 53
3 54
3 56
3 57
3 61
3 67
3 72
3 73
3 74
3 78
3 83
3 85
3 86
3 88
3 92
3 93
3 94
3 95
3 100
3 102
3 105
3 108
3 109
3 112
3 114
3 116
3 119
3 123
3 124
3 125
3 128
4 5
4 6
4 7
4 8
4 12
4 15
4 17
4 19
4 22
4 24
4 26
4 28
4 32
4 36
4 37
4 40
4 41
4 45
4 46
4 47
4 49
4 51
4 52
4 54
4 58
4 60
4 61
4 62
4 64
4 65
4 66
4 67
4 68
4 69
4 70
4 75
4 77
4 79
4 82
4 90
4 91
4 93
4 95
4 98
4 99
4 102
4 103
4 105
4 106
4 108
4 112
4 123
4 126
5 7
5 11
5 15
5 21
5 24
5 26
5 30
5 33
5 35
5 38
5 39
5 40
5 41
5 44
5 45
5 46
5 48
5 50
5 54
5 56
5 58
5 65
5 66
5 67
5 69
5 72
5 73
5 74
5 77
5 79
5 84
5 85
5 88
5 92
5 97
5 102
5 105
5 106
5 107
5 109
5 114
5 118
5 119
5 120
5 122
5 126
5 129
6 7
6 9
6 10
6 11
6 13
6 14
6 15
6 16
6 17
6 23
6 28
6 29
6 30
6 31
6 32
6 33
6 34
6 39
6 41
6 43
6 45
6 48
6 49
6 51
6 56
6 57
6 62
6 64
6 69
6 71
6 74
6 79
6 81
6 84
6 85
6 86
6 87
6 88
6 90
6 91
6 92
6 96
6 98
6 99
6 103
6 104
6 107
6 116
6 122
6 124
6 127
7 9
7 11
7 13
7 17
7 20
7 21
7 23
7 24
7 25
7 28
7 29
7 33
7 34
7 40
7 41
7 43
7 45
7 47
7 49
7 51
7 55
7 56
7 57
7 58
7 63
7 67
7 70
7 71
7 73
7 74
7 75
7 77
7 78
7 80
7 84
7 85
7 86
7 89
7 90
7 91
7 93
7 94
7 96
7 97
7 98
7 101
7 103
7 104
7 105
7 107
7 108
7 109
7 114
7 116
7 117
7 119
7 120
7 121
7 123
7 125
7 129
8 11
8 15
8 18
8 24
8 25
8 26
8 30
8 32
8 33
8 34
8 35
8 38
8 39
8 40
8 42
8 43
8 45
8 46
8 48
8 49
8 50
8 53
8 55
8 59
8 64
8 68
8 73
8 74
8 76
8 81
8 83
8 85
8 86
8 90
8 98
8 102
8 103
8 104
8 107
8 109
8 111
8 113
8 117
8 119
8 126
8 127
8 128
8 129
9 11
9 12
9 14
9 15
9 19
9 20
9 22
9 25
9 26
9 31
9 33
9 34
9 35
9 41
9 42
9 50
9 51
9 53
9 57
9 59
9 60
9 61
9 62
9 63
9 64
9 66
9 67
9 69
9 71
9 76
9 83
9 84
9 86
9 88
9 91
9 97
9 102
9 107
9 110
9 112
9 114
9 115
9 117
9 119
9 120
9 121
9 124
9 126
9 129
10 16
10 19
10 21
10 28
10 32
10 33
10 34
10 35
10 41
10 46
10 53
10 54
10 55
10 56
10 59
10 60
10 61
10 62
10 64
10 66
10 68
10 69
10 70
10 73
10 74
10 77
10 86
10 87
10 90
10 92
10 95
10 100
10 102
10 104
10 107
10 108
10 111
10 112
10 113
10 117
10 118
10 120
10 122
10 123
10 125
10 127
11 12
11 14
11 19
11 20
11 21
11 22
11 26
11 27
11 28
11 29
11 31
11 32
11 36
11 39
11 43
11 45
11 46
11 47
11 50
11 54
11 57
11 58
11 60
11 66
11 67
11 70
11 71
11 78
11 79
11 82
11 83
11 86
11 88
11 91
11 97
11 99
11 104
11 105
11 107
11 109
11 114
11 120
12 14
12 19
12 22
12 24
12 26
12 30
12 36
12 37
12 40
12 43
12 44
12 46
12 47
12 49
12 50
12 51
12 55
12 56
12 57
12 59
12 60
12 70
12 72
12 74
12 75
12 78
12 80
12 84
12 85
12 86
12 89
12 91
12 97
12 99
12 101
12 105
12 106
12 107
12 111
12 114
12 116
12 122
12 123
12 124
12 127
12 129
13 15
13 18
13 21
13 22
13 24
13 25
13 29
13 31
13 33
13 36
13 40
13 41
13 42
13 45
13 48
13 50
13 54
13 57
13 60
13 61
13 64
13 67
13 68
13 70
13 72
13 74
13 75
13 77
13 79
13 82
13 83
13 84
13 85
13 89
13 90
13 91
13 94
13 95
13 97
13 98
13 99
13 102
13 115
13 120
13 121
13 123
13 124
13 125
13 127
14 16
14 20
14 22
14 24
14 25
14 29
14 32
14 36
14 37
14 38
14 40
14 43
14 45
14 46
14 50
14 51
14 53
14 54
14 55
14 58
14 60
14 61
14 62
14 64
14 67
14 72
14 74
14 75
14 77
14 81
14 86
14 89
14 90
14 91
14 92
14 93
14 94
14 96
14 97
14 100
14 103
14 108
14 114
14 115
14 116
14 118
14 121
14 122
14 123
14 125
14 129
15 16
15 18
15 21
15 23
15 24
15 25
15 28
15 31
15 36
15 37
15 41
15 44
15 46
15 49
15 50
15 51
15 62
15 64
15 65
15 66
15 67
15 68
15 69
15 70
15 74
15 78
15 81
15 82
15 86
15 88
15 91
15 96
15 97
15 99
15 100
15 102
15 111
15 115
15 118
15 120
15 122
15 123
15 124
15 126
15 127
15 128
16 21
16 22
16 23
16 24
16 27
16 29
16 30
16 31
16 37
16 38
16 39
16 41
16 43
16 49
16 52
16 53
16 54
16 59
16 60
16 62
16 63
16 66
16 67
16 70
16 71
16 72
16 73
16 74
16 76
16 84
16 86
16 87
16 90
16 91
16 92
16 101
16 103
16 107
16 109
16 110
16 114
16 118
16 119
16 127
16 129
17 20
17 21
17 25
17 30
17 32
17 33
17 38
17 42
17 49
17 51
17 52
17 55
17 56
17 57
17 59
17 62
17 63
17 64
17 66
17 70
17 72
17 73
17 74
17 76
17 77
17 79
17 80
17 83
17 84
17 85
17 86
17 94
17 98
17 99
17 100
17 105
17 107
17 109
17 110
17 113
17 114
17 117
17 118
17 119
17 125
18 20
18 23
18 24
18 26
18 29
18 33
18 34
18 36
18 37
18 43
18 44
18 46
18 49
18 50
18 54
18 58
18 61
18 64
18 66
18 67
18 68
18 70
18 71
18 76
18 77
18 80
18 84
18 85
18 90
18 92
18 93
18 94
18 95
18 97
18 103
18 104
18 105
18 106
18 108
18 111
18 113
18 119
18 121
18 129
19 20
19 21
19 24
19 25
19 26
19 27
19 29
19 31
19 33
19 35
19 36
19 39
19 40
19 41
19 42
19 43
19 47
19 48
19 50
19 55
19 56
19 58
19 59
19 61
19 62
19 66
19 69
19 70
19 72
19 73
19 75
19 78
19 82
19 84
19 86
19 87
19 89
19 90
19 94
19 96
19 99
19 100
19 101
19 102
19 103
19 106
19 108
19 112
19 113
19 114
19 118
19 121
19 124
19 125
20 24
20 26
20 28
20 30
20 33
20 36
20 37
20 38
20 40
20 43
20 46
20 47
20 49
20 51
20 53
20 56
20 62
20 63
20 65
20 66
20 68
20 70
20 71
20 74
20 78
20 81
20 82
20 83
20 85
20 86
20 87
20 89
20 92
20 94
20 95
20 99
20 100
20 105
20 112
20 122
20 123
20 124
20 128
21 22
21 26
21 32
21 37
21 38
21 43
21 47
21 56
21 58
21 60
21 61
21 63
21 66
21 68
21 70
21 73
21 74
21 75
21 79
21 80
21 82
21 86
21 87
21 90
21 91
21 92
21 97
21 100
21 106
21 109
21 111
21 112
21 113
21 114
21 116
21 118
21 121
21 122
21 123
21 125
22 25
22 26
22 27
22 29
22 34
22 38
22 41
22 50
22 51
22 53
22 54
22 55
22 56
22 57
22 58
22 59
22 65
22 66
22 67
22 68
22 75
22 79
22 81
22 83
22 84
22 85
22 86
22 88
22 90
22 91
22 94
22 103
22 105
22 107
22 108
22 110
22 111
22 112
22 116
22 122
22 125
23 24
23 26
23 27
23 28
23 30
23 32
23 34
23 35
23 39
23 44
23 47
23 48
23 49
23 57
23 58
23 59
23 60
23 62
23 63
23 64
23 65
23 68
23 69
23 72
23 74
23 78
23 81
23 83
23 84
23 85
23 90
23 95
23 96
23 99
23 100
23 101
23 102
23 103
23 106
23 107
23 108
23 111
23 117
23 118
23 120
23 123
24 25
24 28
24 29
24 30
24 34
24 37
24 38
24 40
24 42
24 47
24 49
24 55
24 57
24 61
24 62
24 64
24 68
24 70
24 72
24 73
24 74
24 75
24 77
24 79
24 81
24 88
24 91
24 92
24 93
24 94
24 95
24 97
24 99
24 107
24 108
24 111
24 114
24 116
24 123
24 125
24 127
24 128
25 26
25 28
25 29
25 41
25 43
25 44
25 46
25 47
25 48
25 49
25 53
25 58
25 62
25 64
25 65
25 67
25 69
25 70
25 73
25 75
25 77
25 81
25 83
25 88
25 93
25 95
25 98
25 99
25 109
25 110
25 114
25 115
25 116
25 118
25 120
25 122
25 128
25 129
26 27
26 28
26 29
26 30
26 31
26 39
26 42
26 43
26 48
26 51
26 54
26 59
26 60
26 61
26 63
26 64
26 68
26 69
26 70
26 72
26 74
26 75
26 76
26 78
26 81
26 82
26 83
26 84
26 87
26 90
26 91
26 97
26 98
26 101
26 103
26 104
26 105
26 109
26 111
26 112
26 115
26 116
26 117
26 118
26 119
26 120
26 122
26 123
26 125
26 126
26 128
27 28
27 31
27 40
27 41
27 45
27 46
27 47
27 49
27 50
27 51
27 58
27 60
27 61
27 65
27 68
27 69
27 70
27 76
27 77
27 78
27 80
27 81
27 82
27 84
27 86
27 92
27 94
27 96
27 97
27 99
27 107
27 109
27 111
27 115
27 117
27 122
27 123
27 126
27 127
27 128
28 29
28 30
28 32
28 33
28 38
28 39
28 44
28 50
28 51
28 53
28 54
28 55
28 58
28 60
28 62
28 63
28 64
28 70
28 72
28 73
28 75
28 79
28 83
28 84
28 85
28 86
28 91
28 92
28 93
28 94
28 96
28 97
28 100
28 101
28 102
28 104
28 106
28 109
28 110
28 112
28 114
28 115
28 118
28 120
28 122
28 126
29 30
29 31
29 33
29 34
29 37
29 38
29 39
29 42
29 45
29 50
29 51
29 53
29 54
29 56
29 57
29 58
29 62
29 65
29 72
29 73
29 82
29 84
29 85
29 86
29 96
29 98
29 99
29 101
29 103
29 104
29 105
29 106
29 108
29 109
29 111
29 118
29 122
29 123
29 125
29 126
29 127
29 128
29 129
30 33
30 35
30 37
30 40
30 41
30 43
30 46
30 49
30 51
30 55
30 56
30 57
30 61
30 64
30 67
30 71
30 74
30 75
30 76
30 82
30 84
30 88
30 90
30 95
30 96
30 97
30 102
30 106
30 110
30 112
30 114
30 115
30 120
30 127
31 36
31 43
31 46
31 49
31 51
31 54
31 56
31 57
31 60
31 63
31 64
31 67
31 69
31 73
31 75
31 80
31 81
31 83
31 84
31 88
31 90
31 91
31 94
31 100
31 101
31 106
31 110
31 112
31 115
31 116
31 119
31 120
31 121
31 122
31 124
32 35
32 37
32 38
32 39
32 40
32 42
32 43
32 44
32 45
32 46
32 50
32 53
32 54
32 62
32 63
32 69
32 71
32 74
32 75
32 76
32 79
32 80
32 84
32 89
32 90
32 92
32 94
32 95
32 97
32 98
32 101
32 103
32 108
32 109
32 111
32 113
32 116
32 119
32 120
32 122
32 124
32 128
33 44
33 45
33 46
33 47
33 48
33 49
33 51
33 52
33 55
33 56
33 57
33 60
33 63
33 65
33 74
33 83
33 92
33 93
33 94
33 96
33 97
33 98
33 99
33 102
33 103
33 104
33 107
33 108
33 110
33 111
33 113
33 115
33 116
33 119
33 122
33 126
33 129
34 38
34 41
34 42
34 47
34 48
34 52
34 54
34 55
34 56
34 58
34 59
34 60
34 63
34 65
34 66
34 67
34 71
34 72
34 74
34 75
34 77
34 80
34 82
34 86
34 88
34 90
34 92
34 93
34 94
34 100
34 102
34 104
34 106
34 107
34 109
34 111
34 112
34 115
34 116
34 119
34 123
34 124
34 129
35 38
35 40
35 42
35 43
35 54
35 55
35 62
35 64
35 67
35 72
35 75
35 76
35 82
35 85
35 87
35 88
35 92
35 94
35 96
35 97
35 98
35 99
35 100
35 104
35 105
35 109
35 110
35 113
35 117
35 124
35 127
35 128
36 37
36 39
36 41
36 45
36 46
36 49
36 57
36 59
36 60
36 64
36 66
36 74
36 75
36 76
36 78
36 79
36 80
36 82
36 85
36 87
36 88
36 92
36 98
36 100
36 101
36 103
36 104
36 105
36 106
36 107
36 109
36 110
36 111
36 113
36 115
36 118
36 121
36 123
36 124
36 126
36 129
37 39
37 40
37 41
37 42
37 47
37 48
37 49
37 50
37 52
37 53
37 56
37 59
37 62
37 67
37 68
37 70
37 73
37 75
37 77
37 78
37 80
37 83
37 84
37 85
37 86
37 87
37 88
37 93
37 98
37 103
37 105
37 106
37 112
37 114
37 116
37 117
37 123
37 124
37 126
37 127
37 129
38 40
38 41
38 43
38 48
38 52
38 53
38 54
38 58
38 60
38 61
38 62
38 63
38 68
38 71
38 72
38 74
38 78
38 80
38 81
38 85
38 87
38 90
38 93
38 95
38 97
38 98
38 99
38 100
38 103
38 109
38 111
38 112
38 118
38 121
38 123
38 125
38 126
39 42
39 43
39 44
39 45
39 46
39 48
39 50
39 51
39 54
39 55
39 58
39 59
39 60
39 61
39 62
39 64
39 65
39 68
39 71
39 74
39 77
39 82
39 83
39 84
39 90
39 96
39 97
39 98
39 100
39 102
39 105
39 109
39 112
39 113
39 115
39 118
39 119
39 120
39 124
39 125
39 126
40 42
40 47
40 48
40 49
40 51
40 54
40 55
40 56
40 57
40 58
40 59
40 62
40 63
40 64
40 66
40 67
40 69
40 70
40 72
40 73
40 80
40 81
40 84
40 86
40 87
40 88
40 89
40 90
40 93
40 99
40 101
40 105
40 106
40 107
40 108
40 111
40 114
40 118
40 120
40 121
40 126
40 128
40 129
41 45
41 46
41 47
41 51
41 52
41 56
41 57
41 59
41 63
41 64
41 70
41 71
41 72
41 73
41 77
41 78
41 82
41 86
41 92
41 93
41 94
41 96
41 99
41 103
41 105
41 114
41 119
41 129
42 43
42 46
42 48
42 50
42 51
42 54
42 60
42 62
42 66
42 68
42 71
42 74
42 75
42 80
42 81
42 82
42 86
42 87
42 88
42 89
42 90
42 91
42 93
42 95
42 96
42 100
42 105
42 108
42 117
42 118
42 120
42 123
42 124
42 126
42 127
43 45
43 47
43 49
43 52
43 53
43 54
43 55
43 58
43 59
43 61
43 62
43 63
43 65
43 67
43 68
43 71
43 72
43 75
43 77
43 78
43 79
43 81
43 84
43 87
43 88
43 89
43 100
43 109
43 116
43 118
43 119
43 126
44 45
44 50
44 53
44 54
44 56
44 61
44 62
44 64
44 67
44 70
44 71
44 72
44 73
44 75
44 80
44 82
44 85
44 88
44 89
44 91
44 94
44 99
44 100
44 102
44 104
44 112
44 113
44 117
44 118
44 123
44 124
44 125
45 46
45 47
45 48
45 51
45 52
45 53
45 54
45 55
45 57
45 63
45 67
45 68
45 76
45 77
45 78
45 79
45 80
45 81
45 82
45 84
45 86
45 90
45 93
45 98
45 101
45 105
45 107
45 110
45 116
45 121
45 123
45 129
46 47
46 49
46 52
46 53
46 54
46 55
46 60
46 65
46 67
46 76
46 78
46 79
46 86
46 88
46 90
46 91
46 92
46 93
46 94
46 95
46 98
46 102
46 106
46 107
46 109
46 113
46 121
46 122
46 123
46 125
46 126
46 129
47 49
47 52
47 54
47 55
47 58
47 59
47 62
47 63
47 66
47 70
47 71
47 73
47 74
47 75
47 78
47 80
47 82
47 84
47 85
47 87
47 89
47 93
47 94
47 95
47 97
47 114
47 116
47 117
47 118
47 120
47 121
47 123
47 128
47 129
48 50
48 52
48 53
48 54
48 57
48 58
48 62
48 64
48 65
48 67
48 68
48 69
48 72
48 75
48 76
48 86
48 88
48 91
48 93
48 94
48 101
48 108
48 110
48 111
48 112
48 113
48 114
48 115
48 116
48 117
48 119
48 123
48 126
49 51
49 56
49 57
49 60
49 61
49 62
49 65
49 66
49 67
49 68
49 69
49 71
49 73
49 79
49 80
49 81
49 86
49 89
49 90
49 92
49 101
49 103
49 109
49 111
49 115
49 117
49 118
49 125
49 126
49 129
50 52
50 53
50 55
50 56
50 57
50 58
50 59
50 60
50 61
50 62
50 64
50 65
50 68
50 69
50 72
50 73
50 76
50 77
50 83
50 84
50 86
50 92
50 95
50 96
50 114
50 117
50 118
50 119
50 121
50 123
50 124
51 54
51 57
51 62
51 66
51 67
51 68
51 69
51 71
51 74
51 77
51 80
51 82
51 83
51 85
51 87
51 88
51 89
51 91
51 95
51 96
51 99
51 100
51 107
51 111
51 114
51 116
51 118
51 119
51 121
51 122
51 124
51 126
51 127
52 54
52 56
52 60
52 62
52 63
52 64
52 65
52 66
52 69
52 76
52 78
52 79
52 81
52 90
52 91
52 93
52 97
52 98
52 103
52 104
52 106
52 108
52 111
52 119
52 121
52 124
52 127
53 54
53 56
53 58
53 59
53 60
53 62
53 64
53 68
53 69
53 70
53 72
53 75
53 76
53 78
53 80
53 81
53 82
53 83
53 86
53 87
53 89
53 90
53 94
53 98
53 99
53 106
53 107
53 108
53 109
53 110
53 113
53 117
53 120
53 121
53 122
53 125
53 128
54 62
54 63
54 64
54 65
54 67
54 68
54 70
54 74
54 76
54 78
54 81
54 83
54 84
54 87
54 91
54 93
54 99
54 101
54 102
54 108
54 109
54 113
54 118
54 122
54 129
55 56
55 58
55 63
55 66
55 67
55 68
55 69
55 70
55 72
55 73
55 74
55 75
55 77
55 78
55 80
55 82
55 83
55 86
55 87
55 88
55 89
55 90
55 91
55 94
55 98
55 99
55 100
55 105
55 106
55 110
55 114
55 117
55 118
55 119
55 122
55 124
55 127
55 129
56 57
56 60
56 61
56 63
56 66
56 71
56 72
56 76
56 83
56 84
56 85
56 92
56 94
56 95
56 96
56 97
56 98
56 101
56 102
56 104
56 105
56 109
56 110
56 113
56 114
56 115
56 117
56 123
56 125
56 127
56 128
57 61
57 63
57 65
57 66
57 67
57 70
57 73
57 74
57 79
57 81
57 82
57 84
57 86
57 88
57 90
57 92
57 93
57 94
57 97
57 99
57 101
57 106
57 109
57 110
57 112
57 121
57 123
57 124
57 126
58 61
58 64
58 66
58 67
58 71
58 73
58 75
58 77
58 79
58 80
58 89
58 90
58 91
58 94
58 95
58 99
58 100
58 101
58 102
58 105
58 106
58 112
58 114
58 116
58 118
58 123
58 124
58 126
58 127
59 60
59 61
59 62
59 64
59 67
59 68
59 69
59 71
59 72
59 75
59 78
59 79
59 80
59 85
59 86
59 90
59 95
59 97
59 102
59 103
59 104
59 105
59 106
59 109
59 111
59 114
59 118
59 124
59 126
59 127
60 62
60 65
60 66
60 67
60 72
60 75
60 77
60 80
60 81
60 83
60 85
60 86
60 87
60 88
60 89
60 92
60 93
60 96
60 97
60 98
60 106
60 107
60 112
60 113
60 116
60 119
60 120
60 122
60 123
60 124
60 126
60 127
60 128
60 129
61 63
61 66
61 69
61 70
61 72
61 73
61 75
61 79
61 80
61 82
61 85
61 86
61 92
61 93
61 97
61 101
61 103
61 104
61 105
61 107
61 109
61 110
61 112
61 114
61 115
61 117
61 118
61 120
61 121
61 127
61 129
62 63
62 65
62 66
62 67
62 69
62 70
62 71
62 72
62 75
62 78
62 79
62 83
62 84
62 87
62 88
62 89
62 90
62 93
62 94
62 97
62 98
62 103
62 107
62 114
62 116
62 117
62 119
62 121
62 127
62 129
63 65
63 66
63 68
63 70
63 74
63 75
63 76
63 78
63 82
63 87
63 88
63 93
63 95
63 97
63 98
63 100
63 103
63 104
63 105
63 106
63 109
63 111
63 112
63 113
63 120
63 123
63 124
63 126
64 65
64 68
64 69
64 70
64 73
64 76
64 77
64 79
64 81
64 82
64 86
64 87
64 91
64 92
64 93
64 95
64 97
64 101
64 102
64 107
64 108
64 113
64 117
64 119
64 120
64 121
64 123
64 126
64 127
65 73
65 74
65 76
65 81
65 82
65 88
65 90
65 92
65 94
65 95
65 96
65 97
65 101
65 103
65 105
65 106
65 110
65 112
65 115
65 116
65 117
65 118
65 119
65 123
65 126
65 129
66 67
66 68
66 69
66 70
66 72
66 73
66 74
66 77
66 85
66 87
66 89
66 92
66 93
66 101
66 104
66 108
66 111
66 113
66 116
66 119
66 121
66 122
66 129
67 68
67 69
67 73
67 75
67 76
67 78
67 81
67 82
67 89
67 93
67 106
67 108
67 110
67 114
67 115
67 116
67 119
67 120
67 121
67 122
67 124
67 128
67 129
68 73
68 74
68 75
68 77
68 79
68 86
68 87
68 88
68 91
68 94
68 98
68 99
68 101
68 102
68 103
68 104
68 106
68 108
68 115
68 122
68 127
69 71
69 73
69 76
69 81
69 84
69 86
69 87
69 88
69 93
69 94
69 97
69 99
69 100
69 101
69 102
69 103
69 106
69 107
69 113
69 119
69 123
69 124
69 126
69 127
70 71
70 74
70 79
70 82
70 83
70 88
70 90
70 92
70 96
70 97
70 98
70 99
70 103
70 104
70 106
70 109
70 110
70 112
70 114
70 118
70 120
70 124
70 128
71 73
71 75
71 76
71 77
71 79
71 80
71 82
71 83
71 84
71 89
71 90
71 93
71 103
71 104
71 106
71 109
71 114
71 116
71 120
71 122
71 123
71 124
72 73
72 75
72 77
72 81
72 85
72 88
72 90
72 94
72 95
72 97
72 100
72 102
72 103
72 104
72 108
72 113
72 116
72 118
72 119
72 121
72 126
72 129
73 75
73 78
73 79
73 83
73 84
73 86
73 87
73 90
73 91
73 93
73 94
73 95
73 97
73 105
73 107
73 112
73 115
73 121
73 125
73 127
73 129
74 81
74 82
74 93
74 94
74 96
74 99
74 100
74 102
74 105
74 107
74 108
74 109
74 111
74 112
74 113
74 115
74 116
74 118
74 119
74 121
74 122
74 123
74 127
75 78
75 79
75 85
75 92
75 93
75 95
75 102
75 103
75 105
75 108
75 109
75 112
75 118
75 119
75 126
75 129
76 83
76 85
76 86
76 89
76 90
76 91
76 92
76 95
76 97
76 98
76 99
76 109
76 111
76 121
76 123
76 125
76 128
77 78
77 81
77 83
77 86
77 88
77 89
77 90
77 92
77 93
77 99
77 101
77 102
77 106
77 108
77 113
77 117
77 119
77 120
77 121
77 122
77 123
77 124
77 125
78 79
78 81
78 83
78 84
78 85
78 86
78 87
78 88
78 89
78 93
78 96
78 97
78 98
78 103
78 105
78 106
78 108
78 109
78 110
78 112
78 113
78 117
78 120
78 125
78 126
78 128
79 81
79 82
79 86
79 88
79 96
79 98
79 100
79 102
79 104
79 106
79 108
79 111
79 114
79 119
79 120
79 121
80 84
80 88
80 91
80 92
80 94
80 95
80 96
80 102
80 104
80 110
80 111
80 112
80 113
80 116
80 120
80 122
80 123
80 125
80 126
81 82
81 83
81 85
81 86
81 88
81 89
81 90
81 91
81 92
81 97
81 99
81 105
81 106
81 108
81 111
81 113
81 114
81 116
81 118
81 122
81 126
82 85
82 94
82 97
82 103
82 107
82 108
82 110
82 112
82 118
82 121
82 125
83 85
83 87
83 88
83 89
83 93
83 94
83 98
83 101
83 102
83 106
83 108
83 115
83 116
83 117
83 118
83 120
83 123
83 125
83 126
84 85
84 87
84 91
84 94
84 95
84 96
84 97
84 105
84 106
84 107
84 112
84 114
84 121
84 122
84 123
84 126
84 127
85 88
85 91
85 92
85 93
85 99
85 100
85 101
85 102
85 103
85 105
85 106
85 111
85 112
85 114
85 115
85 116
85 117
85 118
85 119
85 120
85 123
85 127
85 128
85 129
86 87
86 94
86 97
86 98
86 100
86 102
86 105
86 107
86 113
86 115
86 117
86 120
86 122
86 128
87 88
87 89
87 91
87 92
87 99
87 100
87 102
87 104
87 106
87 110
87 111
87 113
87 115
87 127
88 89
88 90
88 93
88 94
88 99
88 102
88 106
88 110
88 111
88 117
88 118
88 122
88 125
88 126
88 128
89 90
89 94
89 95
89 98
89 100
89 101
89 104
89 108
89 116
89 117
89 125
89 128
89 129
90 91
90 93
90 95
90 96
90 105
90 110
90 112
90 114
90 115
90 118
90 119
90 120
90 121
90 122
90 123
90 127
90 128
91 92
91 97
91 98
91 99
91 106
91 110
91 112
91 113
91 114
91 115
91 118
91 119
91 120
91 121
91 126
91 127
91 128
92 94
92 95
92 97
92 99
92 100
92 102
92 104
92 106
92 107
92 112
92 114
92 115
92 117
92 118
92 119
92 122
92 124
92 127
92 128
93 97
93 98
93 99
93 103
93 104
93 105
93 109
93 112
93 114
93 115
93 118
93 121
93 124
93 125
93 127
93 128
93 129
94 96
94 97
94 98
94 99
94 107
94 120
95 97
95 98
95 99
95 100
95 101
95 103
95 104
95 113
95 115
95 116
95 129
96 97
96 99
96 105
96 106
96 108
96 110
96 114
96 116
96 118
96 119
96 120
96 121
96 124
96 127
96 128
96 129
97 100
97 101
97 102
97 105
97 108
97 109
97 111
97 113
97 116
97 118
97 119
97 120
97 121
97 123
97 124
97 125
97 126
97 129
98 100
98 102
98 103
98 104
98 106
98 108
98 114
98 115
98 117
98 119
98 122
98 127
99 103
99 105
99 106
99 107
99 109
99 110
99 112
99 114
99 115
99 118
99 120
99 121
99 122
99 124
99 127
99 128
100 101
100 102
100 103
100 110
100 111
100 112
100 119
100 120
100 123
101 103
101 109
101 110
101 111
101 116
101 118
101 119
101 120
101 123
101 124
101 126
101 127
102 106
102 111
102 112
102 114
102 115
102 116
102 117
102 118
102 119
102 122
102 127
102 129
103 106
103 107
103 110
103 111
103 112
103 115
103 122
103 123
103 127
103 129
104 108
104 109
104 111
104 113
104 117
104 118
104 120
104 122
104 126
104 128
104 129
105 110
105 111
105 112
105 113
105 120
105 121
105 122
105 123
105 124
105 125
106 107
106 111
106 113
106 114
106 117
106 120
106 121
106 123
106 127
106 128
107 109
107 111
107 113
107 114
107 115
107 119
107 124
107 125
107 127
107 128
107 129
108 110
108 114
108 117
108 118
108 121
108 124
108 127
108 128
109 110
109 111
109 121
109 123
109 127
110 111
110 117
110 118
110 120
110 122
110 125
110 126
111 112
111 115
111 121
111 125
111 129
112 115
112 117
112 119
112 122
112 123
112 124
112 126
112 128
113 114
113 116
113 119
113 122
113 126
114 115
114 116
114 117
114 118
114 119
114 121
114 122
114 126
114 128
114 129
115 117
115 119
115 120
115 123
115 126
115 129
116 117
116 118
116 124
116 127
116 128
117 118
117 120
117 121
117 125
117 126
117 127
117 128
117 129
118 119
118 120
118 123
118 126
119 122
119 123
119 124
119 126
119 127
119 128
120 124
120 125
120 126
121 125
121 127
122 124
122 128
123 129
124 126
124 127
124 128
125 126
125 128
125 129
126 129
127 128
127 129
0 86 75 78 39 16 53 90 124 102 41 84 17 119 8 25 63 123 122 64 110 33 42 93 48 36
66 23 11 37 111 45 125 44 101 29 12 15 50 38 35 10 82 34 106 60 5 99 80 97 109 92
105 7 69 51 87 128 72 89 14 83 94 76 104 57 118 52 30 103 67 81 62 27 4 71 85 68
2 70 113 73 61 18 21 58 26 47 59 56 20 24 3 46 116 77 121 96 126 49 108 91 9 65
120 107 31 115 114 55 74 28 54 88 43 13 117 22 98 19 6 100 95 79 127 112 1 129 40 32
