140
2007
5
0 3
0 5
0 13
0 15
0 16
0 20
0 22
0 26
0 45
0 46
0 51
0 53
0 59
0 60
0 62
0 76
0 78
0 79
0 80
0 84
0 89
0 95
0 100
0 101
0 102
0 118
0 122
0 123
0 124
0 125
0 127
0 129
0 131
0 137
1 5
1 9
1 22
1 24
1 27
1 34
1 38
1 40
1 41
1 46
1 55
1 65
1 72
1 76
1 79
1 81
1 93
1 95
1 96
1 105
1 112
1 116
1 119
1 124
1 133
1 135
1 139
2 10
2 11
2 13
2 14
2 15
2 19
2 21
2 24
2 28
2 31
2 37
2 39
2 43
2 47
2 49
2 50
2 56
2 58
2 63
2 68
2 77
2 81
2 82
2 84
2 85
2 88
2 105
2 109
2 110
2 112
2 122
2 128
2 134
3 8
3 16
3 18
3 20
3 24
3 27
3 35
3 40
3 41
3 45
3 46
3 48
3 80
3 97
3 114
3 120
3 125
3 126
3 131
4 13
4 21
4 28
4 31
4 38
4 45
4 47
4 59
4 63
4 67
4 70
4 75
4 79
4 80
4 81
4 83
4 87
4 88
4 90
4 92
4 94
4 103
4 105
4 108
4 112
4 120
4 128
4 134
5 9
5 14
5 18
5 22
5 23
5 26
5 36
5 39
5 44
5 48
5 49
5 53
5 62
5 64
5 68
5 72
5 74
5 76
5 81
5 84
5 91
5 98
5 100
5 105
5 106
5 107
5 115
5 126
5 128
5 129
5 131
5 136
5 139
6 8
6 11
6 12
6 20
6 24
6 34
6 40
6 41
6 43
6 45
6 49
6 51
6 57
6 63
6 66
6 67
6 71
6 79
6 84
6 87
6 88
6 94
6 103
6 108
6 116
6 123
6 131
7 10
7 11
7 14
7 21
7 23
7 28
7 39
7 43
7 46
7 47
7 51
7 52
7 53
7 56
7 62
7 63
7 69
7 80
7 81
7 83
7 84
7 94
7 96
7 100
7 107
7 114
7 115
7 116
7 126
7 133
7 134
7 135
7 136
8 10
8 11
8 15
8 20
8 23
8 27
8 30
8 36
8 42
8 47
8 50
8 59
8 64
8 69
8 71
8 80
8 84
8 88
8 111
8 116
8 127
8 135
8 136
8 137
9 11
9 17
9 19
9 22
9 37
9 41
9 44
9 51
9 52
9 59
9 63
9 66
9 67
9 68
9 78
9 80
9 84
9 90
9 92
9 98
9 108
9 109
9 111
9 115
9 118
9 119
9 126
9 134
9 139
10 17
10 18
10 20
10 21
10 24
10 31
10 43
10 50
10 55
10 62
10 63
10 66
10 73
10 74
10 78
10 86
10 91
10 98
10 102
10 105
10 108
10 110
10 111
10 118
10 124
10 133
10 135
11 12
11 24
11 26
11 29
11 34
11 39
11 45
11 46
11 48
11 67
11 69
11 79
11 81
11 82
11 83
11 86
11 90
11 93
11 96
11 98
11 103
11 106
11 115
11 125
11 126
11 129
11 135
11 138
12 18
12 21
12 26
12 35
12 38
12 39
12 40
12 43
12 59
12 69
12 70
12 75
12 76
12 79
12 86
12 92
12 94
12 105
12 106
12 107
12 113
12 116
12 118
12 122
12 127
12 130
13 23
13 26
13 30
13 33
13 41
13 45
13 54
13 55
13 56
13 59
13 60
13 63
13 65
13 75
13 78
13 82
13 86
13 87
13 89
13 93
13 97
13 98
13 99
13 101
13 111
13 116
13 118
13 121
13 122
13 124
13 130
13 133
13 138
13 139
14 21
14 30
14 35
14 37
14 39
14 45
14 47
14 54
14 56
14 60
14 67
14 68
14 74
14 80
14 81
14 82
14 85
14 88
14 94
14 102
14 103
14 111
14 125
14 134
14 136
14 138
14 139
15 20
15 23
15 28
15 30
15 33
15 35
15 36
15 37
15 41
15 49
15 55
15 56
15 64
15 71
15 75
15 76
15 87
15 88
15 90
15 93
15 101
15 104
15 107
15 114
15 115
15 116
15 117
15 118
15 121
15 123
15 124
15 133
15 138
16 33
16 34
16 39
16 41
16 46
16 47
16 53
16 56
16 62
16 69
16 87
16 90
16 98
16 102
16 104
16 112
16 117
16 124
16 127
16 128
16 129
16 132
16 137
16 138
17 18
17 23
17 29
17 45
17 47
17 53
17 55
17 60
17 65
17 71
17 73
17 78
17 82
17 83
17 86
17 88
17 93
17 96
17 99
17 105
17 109
17 130
17 133
17 138
18 21
18 30
18 33
18 47
18 53
18 55
18 60
18 73
18 75
18 76
18 79
18 85
18 91
18 93
18 97
18 98
18 100
18 107
18 115
18 117
18 121
18 122
18 123
18 124
18 128
18 135
18 139
19 20
19 27
19 30
19 34
19 44
19 53
19 62
19 64
19 65
19 69
19 76
19 87
19 90
19 91
19 93
19 97
19 98
19 101
19 103
19 105
19 114
19 115
19 121
19 122
19 132
19 135
19 137
20 26
20 27
20 30
20 39
20 40
20 45
20 47
20 49
20 50
20 60
20 72
20 75
20 76
20 78
20 87
20 94
20 96
20 98
20 99
20 107
20 113
20 114
20 117
20 119
20 130
20 135
21 23
21 25
21 33
21 38
21 47
21 49
21 61
21 64
21 71
21 75
21 81
21 83
21 85
21 86
21 88
21 94
21 99
21 100
21 102
21 104
21 110
21 114
21 122
21 123
21 124
21 126
22 23
22 27
22 37
22 43
22 49
22 53
22 54
22 57
22 65
22 88
22 92
22 98
22 105
22 107
22 115
22 129
22 130
23 35
23 48
23 56
23 57
23 58
23 59
23 62
23 65
23 74
23 79
23 81
23 86
23 101
23 106
23 112
23 119
23 125
23 127
23 130
23 131
23 139
24 31
24 37
24 38
24 41
24 56
24 58
24 59
24 61
24 72
24 74
24 75
24 104
24 109
24 114
24 117
24 119
24 121
24 125
24 126
24 134
25 31
25 35
25 47
25 49
25 50
25 51
25 59
25 60
25 64
25 65
25 92
25 94
25 110
25 113
25 119
25 129
26 30
26 37
26 40
26 42
26 51
26 59
26 60
26 61
26 65
26 68
26 70
26 71
26 77
26 78
26 79
26 97
26 99
26 100
26 102
26 118
26 120
26 121
26 122
26 123
26 125
26 129
26 135
26 137
26 138
26 139
27 34
27 53
27 56
27 60
27 63
27 64
27 80
27 91
27 94
27 97
27 98
27 111
27 122
27 130
28 41
28 43
28 51
28 58
28 63
28 65
28 66
28 72
28 75
28 80
28 85
28 92
28 95
28 97
28 107
28 112
28 118
28 125
28 126
28 131
28 137
29 31
29 40
29 44
29 46
29 49
29 51
29 55
29 56
29 60
29 70
29 79
29 80
29 93
29 95
29 107
29 108
29 109
29 110
29 117
29 119
29 127
29 137
30 36
30 37
30 47
30 56
30 59
30 68
30 73
30 76
30 77
30 90
30 94
30 98
30 100
30 109
30 114
30 118
30 121
30 122
30 130
30 134
30 136
30 139
31 33
31 34
31 40
31 47
31 48
31 51
31 57
31 65
31 70
31 73
31 77
31 114
31 116
31 122
31 123
32 34
32 35
32 36
32 48
32 49
32 53
32 69
32 70
32 71
32 78
32 82
32 88
32 92
32 96
32 98
32 105
32 112
32 118
32 120
32 121
32 126
32 133
32 136
33 38
33 51
33 55
33 56
33 57
33 68
33 70
33 71
33 75
33 76
33 78
33 80
33 93
33 96
33 97
33 99
33 110
33 113
33 114
33 119
33 121
33 123
33 126
33 128
33 134
34 36
34 41
34 42
34 45
34 48
34 49
34 50
34 54
34 62
34 63
34 65
34 66
34 67
34 69
34 81
34 99
34 103
34 107
34 108
34 110
34 123
34 126
34 129
34 137
34 138
35 38
35 42
35 44
35 53
35 55
35 56
35 58
35 67
35 71
35 73
35 74
35 83
35 89
35 91
35 93
35 98
35 103
35 112
35 114
35 118
35 119
35 123
35 124
35 129
35 136
35 138
35 139
36 37
36 38
36 45
36 48
36 59
36 61
36 65
36 66
36 70
36 72
36 75
36 77
36 81
36 85
36 86
36 92
36 95
36 106
36 107
36 110
36 115
36 119
36 122
36 127
36 132
37 38
37 41
37 44
37 46
37 48
37 67
37 69
37 74
37 75
37 82
37 84
37 86
37 90
37 95
37 103
37 104
37 108
37 109
37 112
37 115
37 120
37 121
37 124
37 129
37 132
37 133
37 134
37 137
38 40
38 50
38 52
38 55
38 58
38 65
38 67
38 75
38 79
38 81
38 85
38 87
38 88
38 93
38 94
38 95
38 98
38 99
38 100
38 103
38 109
38 118
39 47
39 67
39 68
39 70
39 82
39 89
39 91
39 94
39 96
39 99
39 100
39 112
39 133
39 134
40 42
40 47
40 57
40 61
40 67
40 71
40 75
40 80
40 82
40 86
40 90
40 92
40 94
40 99
40 101
40 102
40 105
40 108
40 110
40 120
40 122
40 126
40 131
40 132
40 136
40 137
41 46
41 48
41 57
41 63
41 65
41 66
41 74
41 75
41 81
41 82
41 85
41 86
41 88
41 90
41 96
41 104
41 108
41 116
41 117
41 120
41 122
41 126
41 127
41 132
42 44
42 45
42 48
42 49
42 51
42 53
42 55
42 68
42 71
42 74
42 76
42 77
42 88
42 98
42 106
42 113
42 127
42 128
42 132
42 138
43 45
43 49
43 50
43 53
43 54
43 60
43 63
43 65
43 66
43 70
43 81
43 82
43 86
43 87
43 89
43 102
43 109
43 115
43 120
43 121
43 123
43 124
43 128
43 130
43 131
43 138
44 47
44 52
44 65
44 71
44 74
44 78
44 84
44 85
44 88
44 97
44 101
44 104
44 108
44 110
44 113
44 115
44 116
44 125
44 126
44 129
44 134
45 55
45 60
45 63
45 70
45 71
45 73
45 75
45 76
45 78
45 83
45 85
45 89
45 94
45 99
45 100
45 102
45 104
45 106
45 109
45 116
45 118
45 130
45 135
45 137
46 47
46 50
46 53
46 85
46 86
46 93
46 101
46 106
46 113
46 114
46 120
47 51
47 54
47 57
47 73
47 74
47 81
47 90
47 96
47 99
47 103
47 113
47 115
47 117
47 120
47 122
47 123
47 126
47 129
47 135
47 137
48 49
48 50
48 58
48 65
48 73
48 77
48 81
48 82
48 84
48 85
48 90
48 92
48 98
48 114
48 115
48 117
48 120
48 126
48 138
48 139
49 51
49 57
49 60
49 62
49 63
49 66
49 70
49 74
49 75
49 83
49 85
49 91
49 95
49 101
49 102
49 103
49 106
49 110
49 112
49 114
49 116
49 118
50 51
50 54
50 56
50 64
50 76
50 82
50 92
50 98
50 99
50 104
50 106
50 109
50 120
50 130
50 136
51 58
51 63
51 75
51 84
51 85
51 94
51 98
51 104
51 106
51 108
51 134
51 135
52 54
52 68
52 69
52 70
52 74
52 80
52 82
52 87
52 95
52 108
52 114
52 131
52 135
52 136
52 137
52 139
53 57
53 60
53 62
53 64
53 74
53 90
53 108
53 118
53 122
53 129
53 131
53 135
54 55
54 56
54 58
54 59
54 77
54 81
54 84
54 89
54 96
54 105
54 107
54 109
54 129
54 137
55 56
55 57
55 82
55 88
55 95
55 101
55 106
55 108
55 109
55 113
55 115
55 118
55 124
55 125
55 126
55 128
55 137
56 61
56 64
56 68
56 70
56 71
56 74
56 78
56 87
56 89
56 97
56 98
56 111
56 113
56 119
56 122
56 129
56 139
57 63
57 65
57 66
57 69
57 74
57 104
57 108
57 115
57 122
57 126
57 137
58 62
58 69
58 73
58 74
58 75
58 77
58 80
58 81
58 88
58 93
58 103
58 108
58 126
58 130
58 134
58 137
59 62
59 69
59 71
59 80
59 83
59 85
59 86
59 98
59 100
59 101
59 103
59 108
59 118
59 120
59 121
59 128
59 130
59 133
59 139
60 63
60 64
60 67
60 68
60 70
60 75
60 88
60 96
60 104
60 105
60 124
60 126
60 131
60 134
60 138
61 63
61 71
61 73
61 74
61 83
61 88
61 95
61 108
61 112
61 113
61 124
61 129
61 133
61 137
62 66
62 76
62 77
62 78
62 83
62 99
62 105
62 106
62 110
62 119
62 123
62 129
62 130
62 132
63 66
63 74
63 79
63 80
63 93
63 95
63 106
63 112
63 117
63 123
63 131
63 133
63 135
63 136
64 67
64 77
64 78
64 85
64 89
64 91
64 94
64 101
64 102
64 105
64 115
64 133
64 138
65 66
65 76
65 78
65 79
65 81
65 84
65 88
65 94
65 96
65 100
65 107
65 109
65 111
65 118
65 127
65 135
66 68
66 73
66 77
66 78
66 86
66 90
66 100
66 109
66 116
66 120
66 122
66 131
66 134
66 139
67 76
67 77
67 80
67 81
67 83
67 86
67 87
67 93
67 95
67 97
67 102
67 120
67 126
67 133
67 134
67 135
67 138
68 85
68 86
68 89
68 98
68 100
68 102
68 112
68 125
68 128
68 136
68 137
69 76
69 77
69 81
69 85
69 93
69 94
69 99
69 100
69 101
69 105
69 113
69 114
69 118
69 119
69 124
69 125
69 131
69 139
70 74
70 89
70 91
70 98
70 113
70 114
70 116
70 129
70 131
71 72
71 84
71 95
71 104
71 106
71 110
71 118
71 127
71 137
72 80
72 85
72 91
72 105
72 111
72 117
72 123
72 125
72 127
72 137
72 138
73 74
73 78
73 80
73 84
73 88
73 90
73 100
73 102
73 104
73 108
73 111
73 119
73 127
74 75
74 83
74 86
74 87
74 97
74 98
74 104
74 106
74 114
74 118
74 124
75 80
75 81
75 87
75 95
75 96
75 98
75 102
75 105
75 114
75 120
75 124
75 125
75 129
75 130
75 135
76 90
76 91
76 100
76 103
76 106
76 109
76 110
76 113
76 118
76 121
76 123
76 131
76 132
77 79
77 80
77 87
77 88
77 89
77 92
77 93
77 95
77 104
77 106
77 107
77 108
77 109
77 118
77 121
77 134
77 136
77 138
77 139
78 79
78 82
78 94
78 96
78 99
78 121
78 127
78 130
78 131
78 139
79 87
79 88
79 92
79 96
79 108
79 109
79 111
79 114
79 121
79 123
79 128
79 136
79 137
80 82
80 87
80 101
80 103
80 105
80 109
80 112
80 115
80 118
80 120
80 122
80 130
80 132
80 135
81 83
81 84
81 88
81 94
81 99
81 100
81 114
81 118
81 119
81 127
81 128
81 130
81 135
82 83
82 84
82 86
82 90
82 92
82 96
82 97
82 108
82 127
82 128
82 135
83 88
83 89
83 93
83 94
83 97
83 100
83 106
83 110
83 111
83 115
83 119
83 123
83 124
83 129
83 132
84 86
84 95
84 99
84 101
84 102
84 107
84 111
84 121
84 124
84 128
84 136
84 138
85 86
85 94
85 95
85 97
85 105
85 106
85 107
85 112
85 116
85 117
85 120
85 121
85 127
86 89
86 96
86 99
86 104
86 108
86 109
86 116
86 120
86 126
86 134
86 135
87 89
87 90
87 108
87 118
87 120
87 131
87 133
87 136
88 91
88 98
88 101
88 102
88 103
88 107
88 109
88 114
88 117
88 118
88 119
88 124
88 125
88 128
88 137
89 106
89 107
89 109
89 113
89 118
89 129
89 131
89 133
89 134
89 136
90 91
90 95
90 101
90 104
90 111
90 127
90 128
90 131
90 133
90 138
91 104
91 106
91 109
91 119
91 124
91 138
92 100
92 106
92 111
92 112
92 113
92 123
92 125
92 128
92 134
92 138
93 110
93 111
93 116
93 119
93 125
93 129
93 138
93 139
94 100
94 104
94 110
94 113
94 116
94 119
94 120
94 136
95 97
95 104
95 105
95 111
95 112
95 113
95 119
95 121
95 122
95 125
95 127
95 132
95 134
96 99
96 100
96 105
96 106
96 107
96 109
96 111
96 112
96 113
96 114
96 121
96 122
96 125
96 132
96 133
97 109
97 129
97 132
97 139
98 103
98 112
98 115
98 116
98 118
98 123
98 125
98 129
98 132
99 102
99 103
99 104
99 109
99 110
99 114
99 115
99 116
99 118
99 121
99 123
100 101
100 108
100 113
100 126
100 128
100 131
100 136
101 106
101 113
101 117
101 121
101 134
101 139
102 112
102 114
102 116
102 117
102 123
102 127
102 136
102 138
102 139
103 106
103 109
103 110
103 123
103 129
104 106
104 107
104 115
104 119
104 121
104 127
104 136
104 139
105 106
105 111
105 112
105 121
105 127
105 134
106 111
106 115
106 119
106 121
106 137
107 109
107 113
107 117
107 131
107 137
108 114
108 115
108 119
108 126
108 129
108 136
109 112
109 121
109 132
109 136
110 111
110 115
110 120
110 123
110 124
110 130
110 132
110 135
110 137
111 114
111 116
111 121
111 123
111 124
111 130
112 115
112 119
112 121
112 128
112 130
112 136
113 115
113 120
113 126
113 129
113 130
113 133
113 134
114 121
114 126
114 129
114 131
114 139
115 121
115 123
115 125
115 131
115 134
115 135
115 136
116 123
116 124
116 127
116 129
116 134
116 137
117 119
117 125
117 131
118 119
118 121
118 126
118 137
118 139
119 121
119 126
119 127
120 124
120 125
120 127
121 124
121 125
121 126
121 128
121 130
121 137
122 133
122 138
123 129
123 130
123 132
123 133
123 138
125 128
126 127
126 129
126 130
126 132
127 128
127 129
127 132
127 137
127 138
128 132
129 137
130 137
130 138
132 133
132 134
133 134
133 138
134 136
134 137
136 137
138 139
114 62 121 48 116 7 137 79 92 26 87 70 20 83 106 109 84 69 136 130 16 8 37 78 32 105 49 86
3 27 67 101 39 38 6 71 110 30 125 76 31 33 119 72 115 90 56 128 4 138 123 132 10 124 54 64
36 59 81 53 139 29 112 85 40 118 15 108 41 19 35 24 135 17 21 113 12 2 104 58 129 111 134 68
100 22 45 99 66 98 1 28 82 60 73 14 126 34 91 89 63 120 75 131 11 18 94 42 23 47 97 80
122 93 133 13 55 65 117 96 52 102 107 103 0 5 77 51 44 50 57 127 46 61 95 74 9 25 43 88
