140
4896
5
0 4
0 5
0 8
0 11
0 12
0 14
0 15
0 16
0 18
0 22
0 25
0 26
0 29
0 30
0 32
0 35
0 38
0 41
0 42
0 46
0 48
0 50
0 51
0 52
0 53
0 56
0 57
0 58
0 60
0 61
0 62
0 63
0 64
0 65
0 66
0 67
0 69
0 71
0 73
0 76
0 80
0 82
0 84
0 87
0 88
0 89
0 92
0 93
0 99
0 101
0 104
0 105
0 106
0 108
0 109
0 115
0 116
0 118
0 119
0 120
0 122
0 124
0 128
0 129
0 130
0 133
0 134
0 136
1 2
1 3
1 4
1 5
1 6
1 9
1 11
1 12
1 16
1 17
1 18
1 19
1 20
1 21
1 22
1 23
1 24
1 26
1 28
1 29
1 31
1 34
1 35
1 36
1 39
1 41
1 43
1 44
1 45
1 46
1 53
1 56
1 57
1 58
1 60
1 65
1 68
1 72
1 73
1 77
1 78
1 79
1 82
1 84
1 86
1 88
1 91
1 92
1 98
1 99
1 100
1 101
1 106
1 107
1 108
1 110
1 118
1 119
1 120
1 121
1 124
1 125
1 126
1 127
1 128
1 133
1 135
1 136
1 137
1 139
2 3
2 5
2 6
2 7
2 8
2 11
2 12
2 13
2 15
2 16
2 18
2 20
2 23
2 24
2 27
2 28
2 30
2 32
2 35
2 36
2 37
2 43
2 44
2 46
2 51
2 52
2 56
2 57
2 62
2 63
2 64
2 68
2 69
2 71
2 72
2 73
2 77
2 86
2 88
2 91
2 92
2 94
2 95
2 97
2 98
2 99
2 101
2 102
2 104
2 106
2 107
2 108
2 109
2 113
2 114
2 115
2 116
2 117
2 123
2 125
2 126
2 127
2 128
2 129
2 130
2 133
2 134
3 6
3 10
3 12
3 13
3 14
3 16
3 18
3 21
3 22
3 23
3 26
3 28
3 29
3 34
3 38
3 39
3 40
3 43
3 45
3 47
3 49
3 50
3 51
3 54
3 55
3 57
3 58
3 59
3 60
3 61
3 63
3 66
3 67
3 71
3 79
3 80
3 83
3 87
3 88
3 90
3 91
3 93
3 94
3 95
3 97
3 99
3 100
3 102
3 105
3 106
3 107
3 109
3 113
3 114
3 116
3 117
3 118
3 119
3 120
3 122
3 123
3 126
3 128
3 130
3 133
3 134
3 136
4 5
4 7
4 8
4 9
4 10
4 11
4 13
4 14
4 15
4 17
4 18
4 19
4 21
4 23
4 28
4 29
4 32
4 33
4 34
4 36
4 42
4 45
4 47
4 48
4 49
4 50
4 51
4 53
4 54
4 55
4 57
4 58
4 63
4 64
4 65
4 66
4 68
4 69
4 70
4 72
4 74
4 75
4 79
4 80
4 82
4 83
4 87
4 91
4 94
4 95
4 97
4 98
4 101
4 103
4 104
4 105
4 106
4 107
4 108
4 109
4 112
4 113
4 115
4 116
4 117
4 119
4 122
4 123
4 125
4 126
4 127
4 136
4 139
5 9
5 11
5 12
5 14
5 15
5 17
5 18
5 20
5 21
5 22
5 23
5 26
5 34
5 35
5 41
5 42
5 44
5 45
5 47
5 48
5 49
5 50
5 51
5 53
5 56
5 60
5 62
5 63
5 64
5 67
5 68
5 71
5 72
5 76
5 77
5 78
5 79
5 81
5 84
5 86
5 93
5 94
5 96
5 97
5 98
5 99
5 100
5 102
5 103
5 105
5 106
5 107
5 108
5 109
5 110
5 111
5 114
5 115
5 117
5 118
5 119
5 120
5 121
5 125
5 128
5 131
5 132
5 133
5 134
5 135
5 137
5 138
5 139
6 7
6 9
6 13
6 16
6 17
6 18
6 19
6 21
6 22
6 25
6 26
6 27
6 28
6 30
6 31
6 32
6 33
6 34
6 36
6 42
6 43
6 46
6 47
6 48
6 49
6 52
6 53
6 55
6 56
6 57
6 59
6 60
6 64
6 65
6 67
6 69
6 71
6 74
6 78
6 79
6 80
6 83
6 85
6 87
6 88
6 91
6 93
6 94
6 96
6 102
6 103
6 104
6 105
6 109
6 110
6 115
6 116
6 117
6 119
6 122
6 123
6 125
6 126
6 127
6 128
6 129
6 132
6 134
6 135
6 136
6 139
7 8
7 11
7 12
7 13
7 14
7 15
7 20
7 22
7 23
7 24
7 26
7 28
7 29
7 31
7 32
7 33
7 34
7 39
7 41
7 43
7 44
7 45
7 46
7 48
7 50
7 52
7 56
7 57
7 59
7 62
7 65
7 66
7 67
7 69
7 70
7 71
7 72
7 74
7 75
7 76
7 81
7 83
7 86
7 87
7 88
7 89
7 94
7 95
7 100
7 105
7 107
7 108
7 112
7 113
7 115
7 116
7 118
7 121
7 126
7 127
7 128
7 129
7 130
7 131
7 133
7 134
7 135
7 136
7 138
8 9
8 10
8 12
8 14
8 16
8 17
8 18
8 22
8 23
8 26
8 27
8 31
8 32
8 35
8 39
8 47
8 49
8 51
8 52
8 54
8 56
8 57
8 61
8 62
8 64
8 67
8 68
8 69
8 70
8 71
8 72
8 76
8 79
8 80
8 85
8 86
8 88
8 91
8 92
8 94
8 95
8 97
8 98
8 99
8 101
8 102
8 103
8 106
8 109
8 110
8 111
8 112
8 113
8 114
8 115
8 119
8 120
8 122
8 124
8 126
8 127
8 128
8 129
8 131
8 132
8 135
8 136
8 139
9 18
9 20
9 21
9 27
9 28
9 33
9 35
9 38
9 44
9 45
9 49
9 51
9 53
9 54
9 58
9 59
9 60
9 62
9 64
9 65
9 67
9 68
9 69
9 70
9 71
9 72
9 73
9 74
9 75
9 79
9 80
9 81
9 83
9 86
9 87
9 89
9 92
9 93
9 97
9 99
9 100
9 101
9 102
9 104
9 107
9 109
9 112
9 113
9 115
9 121
9 126
9 129
9 131
9 134
9 137
9 138
10 11
10 15
10 18
10 21
10 23
10 24
10 26
10 27
10 30
10 34
10 35
10 36
10 38
10 39
10 40
10 41
10 42
10 44
10 55
10 56
10 57
10 59
10 63
10 64
10 65
10 66
10 67
10 68
10 69
10 70
10 71
10 75
10 77
10 78
10 79
10 80
10 83
10 85
10 86
10 87
10 89
10 93
10 96
10 100
10 101
10 102
10 103
10 104
10 105
10 106
10 109
10 110
10 118
10 120
10 122
10 123
10 124
10 128
10 129
10 131
10 132
10 135
10 136
11 14
11 17
11 21
11 23
11 24
11 25
11 28
11 29
11 32
11 33
11 36
11 37
11 39
11 41
11 42
11 43
11 47
11 49
11 51
11 52
11 54
11 55
11 59
11 60
11 62
11 63
11 64
11 65
11 66
11 67
11 68
11 69
11 70
11 72
11 73
11 77
11 78
11 79
11 80
11 83
11 84
11 85
11 86
11 87
11 89
11 91
11 93
11 95
11 96
11 97
11 98
11 100
11 101
11 109
11 110
11 113
11 116
11 120
11 121
11 122
11 123
11 125
11 127
11 128
11 129
11 130
11 132
11 136
11 138
11 139
12 13
12 14
12 15
12 16
12 17
12 19
12 20
12 22
12 24
12 26
12 28
12 29
12 31
12 33
12 36
12 38
12 40
12 41
12 43
12 44
12 46
12 48
12 49
12 50
12 52
12 54
12 57
12 58
12 60
12 61
12 63
12 64
12 65
12 69
12 70
12 71
12 72
12 74
12 82
12 89
12 93
12 94
12 95
12 96
12 97
12 109
12 110
12 111
12 114
12 115
12 116
12 118
12 120
12 122
12 124
12 126
12 128
12 130
12 132
12 137
13 19
13 20
13 21
13 24
13 26
13 29
13 31
13 32
13 33
13 39
13 40
13 41
13 43
13 45
13 46
13 48
13 51
13 55
13 57
13 58
13 59
13 61
13 71
13 72
13 73
13 75
13 76
13 78
13 79
13 80
13 82
13 84
13 87
13 91
13 93
13 96
13 97
13 100
13 101
13 102
13 104
13 106
13 107
13 114
13 115
13 116
13 119
13 120
13 121
13 122
13 124
13 126
13 127
13 130
13 131
13 132
13 136
13 139
14 15
14 17
14 19
14 21
14 22
14 23
14 24
14 25
14 29
14 31
14 33
14 36
14 37
14 39
14 42
14 44
14 48
14 49
14 51
14 53
14 54
14 56
14 58
14 59
14 61
14 63
14 65
14 69
14 71
14 77
14 78
14 79
14 81
14 82
14 84
14 85
14 89
14 90
14 91
14 93
14 96
14 97
14 98
14 100
14 102
14 104
14 105
14 107
14 109
14 110
14 111
14 112
14 114
14 116
14 118
14 121
14 125
14 126
14 127
14 128
14 132
14 133
14 136
14 137
15 16
15 19
15 22
15 23
15 24
15 26
15 27
15 28
15 31
15 34
15 40
15 42
15 44
15 45
15 47
15 48
15 51
15 52
15 53
15 58
15 59
15 61
15 63
15 64
15 66
15 67
15 69
15 70
15 73
15 75
15 76
15 78
15 81
15 82
15 83
15 87
15 88
15 92
15 94
15 97
15 98
15 99
15 103
15 107
15 108
15 109
15 110
15 112
15 114
15 116
15 119
15 120
15 121
15 122
15 124
15 125
15 126
15 127
15 130
15 131
15 132
15 133
15 136
15 138
15 139
16 18
16 19
16 20
16 22
16 23
16 24
16 26
16 30
16 32
16 33
16 34
16 43
16 47
16 49
16 50
16 52
16 53
16 56
16 57
16 59
16 60
16 62
16 65
16 66
16 68
16 72
16 73
16 74
16 75
16 79
16 86
16 88
16 89
16 90
16 91
16 93
16 98
16 100
16 102
16 103
16 107
16 108
16 116
16 118
16 119
16 121
16 123
16 124
16 125
16 126
16 128
16 129
16 134
16 135
16 137
16 138
16 139
17 19
17 20
17 24
17 26
17 28
17 29
17 32
17 34
17 38
17 39
17 40
17 41
17 42
17 44
17 45
17 46
17 48
17 49
17 50
17 51
17 54
17 57
17 58
17 62
17 63
17 66
17 67
17 68
17 71
17 72
17 74
17 75
17 78
17 82
17 85
17 87
17 90
17 91
17 92
17 93
17 95
17 100
17 102
17 103
17 104
17 106
17 107
17 109
17 115
17 117
17 119
17 120
17 122
17 123
17 124
17 126
17 127
17 129
17 130
17 131
17 132
17 134
17 136
17 139
18 21
18 22
18 23
18 25
18 26
18 27
18 28
18 35
18 41
18 42
18 44
18 45
18 46
18 48
18 50
18 51
18 54
18 56
18 59
18 60
18 61
18 63
18 64
18 70
18 71
18 74
18 75
18 81
18 83
18 84
18 85
18 86
18 87
18 88
18 97
18 99
18 100
18 105
18 108
18 110
18 111
18 112
18 113
18 115
18 116
18 117
18 119
18 123
18 126
18 132
18 133
18 134
18 135
18 137
18 138
19 24
19 28
19 30
19 31
19 34
19 36
19 37
19 38
19 40
19 41
19 44
19 45
19 46
19 48
19 50
19 52
19 53
19 54
19 57
19 58
19 60
19 61
19 63
19 64
19 66
19 67
19 68
19 70
19 71
19 75
19 76
19 77
19 80
19 82
19 83
19 85
19 86
19 88
19 89
19 91
19 93
19 95
19 96
19 97
19 101
19 102
19 104
19 107
19 110
19 111
19 116
19 118
19 119
19 120
19 121
19 123
19 125
19 126
19 127
19 129
19 132
19 133
19 137
19 139
20 22
20 26
20 29
20 31
20 33
20 34
20 36
20 37
20 38
20 39
20 41
20 42
20 44
20 45
20 46
20 47
20 49
20 51
20 53
20 56
20 58
20 61
20 63
20 64
20 66
20 68
20 70
20 71
20 74
20 75
20 76
20 79
20 80
20 82
20 85
20 86
20 90
20 91
20 93
20 95
20 97
20 99
20 102
20 103
20 104
20 106
20 107
20 108
20 111
20 112
20 113
20 114
20 116
20 117
20 118
20 121
20 123
20 125
20 127
20 128
20 129
21 22
21 23
21 24
21 25
21 29
21 31
21 33
21 36
21 39
21 40
21 43
21 44
21 45
21 46
21 47
21 49
21 50
21 52
21 56
21 58
21 59
21 60
21 62
21 63
21 65
21 69
21 70
21 74
21 75
21 77
21 78
21 79
21 80
21 83
21 86
21 87
21 88
21 89
21 90
21 91
21 93
21 94
21 100
21 104
21 105
21 107
21 108
21 111
21 113
21 118
21 122
21 123
21 126
21 128
21 129
21 131
21 132
21 133
21 134
21 135
21 139
22 29
22 30
22 32
22 33
22 35
22 36
22 40
22 41
22 42
22 43
22 44
22 47
22 56
22 62
22 63
22 65
22 66
22 68
22 70
22 75
22 76
22 78
22 81
22 82
22 83
22 84
22 86
22 87
22 88
22 89
22 91
22 92
22 93
22 95
22 96
22 97
22 99
22 100
22 103
22 104
22 105
22 106
22 109
22 111
22 112
22 114
22 116
22 117
22 118
22 119
22 120
22 124
22 125
22 129
22 130
22 135
22 136
22 139
23 25
23 28
23 29
23 30
23 34
23 35
23 39
23 40
23 41
23 43
23 44
23 46
23 48
23 49
23 50
23 51
23 52
23 54
23 56
23 61
23 62
23 65
23 72
23 73
23 77
23 79
23 80
23 81
23 85
23 88
23 90
23 91
23 92
23 93
23 100
23 101
23 102
23 103
23 104
23 108
23 110
23 111
23 116
23 119
23 120
23 121
23 122
23 124
23 125
23 126
23 129
23 131
23 133
23 134
23 135
23 136
23 138
24 31
24 34
24 36
24 37
24 38
24 39
24 43
24 45
24 46
24 47
24 50
24 54
24 56
24 57
24 60
24 62
24 63
24 64
24 65
24 67
24 69
24 70
24 71
24 72
24 74
24 75
24 76
24 78
24 79
24 83
24 85
24 86
24 87
24 88
24 91
24 93
24 95
24 100
24 102
24 103
24 105
24 106
24 107
24 108
24 109
24 113
24 116
24 117
24 118
24 121
24 122
24 123
24 125
24 128
24 131
24 132
24 134
24 136
24 138
24 139
25 27
25 28
25 32
25 35
25 36
25 39
25 43
25 45
25 46
25 47
25 48
25 50
25 51
25 55
25 56
25 58
25 59
25 61
25 62
25 65
25 67
25 70
25 72
25 75
25 76
25 81
25 82
25 83
25 84
25 86
25 87
25 88
25 89
25 92
25 93
25 99
25 100
25 101
25 102
25 103
25 104
25 106
25 108
25 110
25 111
25 113
25 115
25 116
25 117
25 118
25 121
25 122
25 123
25 124
25 125
25 127
25 128
25 130
25 131
25 132
25 134
25 135
25 136
26 29
26 31
26 32
26 34
26 35
26 37
26 38
26 41
26 42
26 43
26 44
26 45
26 46
26 47
26 48
26 50
26 52
26 55
26 56
26 57
26 58
26 61
26 64
26 65
26 67
26 68
26 70
26 71
26 73
26 79
26 80
26 81
26 84
26 90
26 91
26 96
26 98
26 99
26 103
26 105
26 106
26 107
26 109
26 111
26 112
26 113
26 119
26 121
26 123
26 124
26 125
26 126
26 130
26 131
26 132
26 134
26 135
26 137
26 139
27 28
27 29
27 31
27 34
27 37
27 39
27 40
27 41
27 42
27 44
27 46
27 48
27 50
27 52
27 55
27 59
27 61
27 62
27 64
27 66
27 69
27 72
27 74
27 78
27 81
27 84
27 87
27 88
27 91
27 95
27 96
27 99
27 100
27 101
27 103
27 104
27 107
27 108
27 109
27 110
27 117
27 119
27 121
27 124
27 125
27 128
27 129
27 130
27 131
27 132
27 133
27 134
27 136
27 137
27 138
27 139
28 29
28 31
28 34
28 35
28 38
28 39
28 44
28 46
28 50
28 51
28 53
28 54
28 56
28 57
28 58
28 59
28 60
28 61
28 62
28 63
28 66
28 69
28 70
28 71
28 72
28 79
28 83
28 89
28 91
28 92
28 93
28 95
28 96
28 99
28 102
28 107
28 108
28 110
28 113
28 115
28 118
28 119
28 120
28 122
28 123
28 125
28 126
28 127
28 130
28 131
28 136
28 137
28 138
28 139
29 30
29 31
29 33
29 34
29 36
29 37
29 39
29 40
29 41
29 43
29 47
29 49
29 50
29 51
29 54
29 59
29 61
29 64
29 65
29 67
29 70
29 71
29 72
29 75
29 76
29 77
29 81
29 84
29 85
29 87
29 90
29 93
29 94
29 95
29 96
29 97
29 98
29 100
29 107
29 108
29 109
29 112
29 114
29 115
29 116
29 118
29 120
29 122
29 123
29 124
29 125
29 128
29 129
29 132
29 133
29 134
29 135
29 137
30 33
30 34
30 37
30 38
30 39
30 40
30 42
30 45
30 48
30 50
30 53
30 54
30 61
30 62
30 66
30 67
30 68
30 70
30 72
30 73
30 75
30 77
30 81
30 82
30 83
30 85
30 87
30 92
30 94
30 95
30 96
30 99
30 101
30 108
30 110
30 111
30 112
30 114
30 116
30 119
30 121
30 125
30 127
30 128
30 129
30 130
30 131
30 132
30 133
30 134
30 135
30 138
31 32
31 34
31 35
31 36
31 37
31 38
31 39
31 41
31 42
31 44
31 45
31 46
31 47
31 48
31 49
31 51
31 52
31 56
31 57
31 59
31 64
31 65
31 66
31 67
31 68
31 69
31 73
31 74
31 75
31 76
31 77
31 78
31 79
31 82
31 83
31 84
31 85
31 86
31 87
31 89
31 90
31 91
31 93
31 94
31 95
31 102
31 109
31 111
31 118
31 119
31 121
31 126
31 128
31 130
31 131
31 132
31 133
31 136
32 37
32 38
32 43
32 45
32 47
32 59
32 61
32 62
32 64
32 66
32 67
32 69
32 70
32 71
32 75
32 77
32 79
32 81
32 82
32 85
32 86
32 91
32 92
32 104
32 107
32 109
32 110
32 111
32 112
32 113
32 115
32 119
32 120
32 121
32 122
32 126
32 127
32 128
32 129
32 132
32 133
33 37
33 38
33 40
33 42
33 45
33 48
33 51
33 52
33 53
33 54
33 55
33 57
33 62
33 63
33 65
33 67
33 69
33 71
33 72
33 73
33 74
33 79
33 80
33 81
33 84
33 85
33 87
33 91
33 92
33 95
33 96
33 97
33 98
33 99
33 100
33 101
33 103
33 105
33 106
33 107
33 108
33 109
33 110
33 113
33 114
33 117
33 124
33 125
33 126
33 127
33 128
33 134
33 135
33 137
33 139
34 36
34 37
34 40
34 45
34 51
34 56
34 57
34 61
34 65
34 67
34 68
34 69
34 70
34 73
34 74
34 77
34 78
34 80
34 82
34 83
34 85
34 89
34 90
34 92
34 93
34 94
34 96
34 97
34 103
34 104
34 108
34 109
34 110
34 113
34 115
34 117
34 120
34 121
34 127
34 131
34 132
34 135
34 136
34 139
35 37
35 41
35 43
35 45
35 47
35 50
35 52
35 53
35 54
35 56
35 57
35 58
35 60
35 61
35 62
35 63
35 65
35 68
35 69
35 71
35 74
35 75
35 76
35 77
35 80
35 82
35 84
35 85
35 87
35 90
35 91
35 92
35 99
35 101
35 102
35 103
35 104
35 107
35 108
35 112
35 113
35 116
35 120
35 129
35 130
35 133
35 136
35 138
36 40
36 43
36 48
36 50
36 54
36 56
36 57
36 58
36 59
36 60
36 61
36 64
36 65
36 68
36 72
36 74
36 75
36 76
36 82
36 83
36 91
36 93
36 94
36 95
36 96
36 98
36 101
36 102
36 103
36 105
36 106
36 107
36 108
36 109
36 113
36 115
36 117
36 119
36 120
36 121
36 125
36 126
36 127
36 129
36 131
36 132
36 134
36 135
36 136
36 137
37 38
37 45
37 46
37 47
37 48
37 51
37 52
37 55
37 56
37 58
37 59
37 60
37 62
37 63
37 66
37 67
37 69
37 72
37 73
37 74
37 78
37 80
37 81
37 82
37 83
37 84
37 85
37 86
37 87
37 90
37 91
37 93
37 98
37 99
37 101
37 102
37 105
37 106
37 107
37 108
37 109
37 111
37 112
37 113
37 114
37 115
37 117
37 118
37 119
37 120
37 121
37 122
37 123
37 126
37 128
37 129
37 130
37 132
37 133
37 134
37 136
37 138
38 39
38 40
38 42
38 43
38 45
38 47
38 49
38 51
38 53
38 58
38 59
38 60
38 63
38 65
38 67
38 69
38 70
38 71
38 72
38 74
38 75
38 77
38 81
38 82
38 83
38 84
38 87
38 91
38 92
38 95
38 97
38 98
38 101
38 107
38 108
38 109
38 110
38 111
38 115
38 116
38 117
38 118
38 119
38 120
38 124
38 125
38 126
38 128
38 129
38 130
38 132
38 134
38 135
38 137
39 41
39 43
39 44
39 47
39 49
39 50
39 51
39 52
39 54
39 57
39 58
39 61
39 62
39 63
39 66
39 67
39 68
39 70
39 72
39 74
39 75
39 76
39 77
39 80
39 81
39 82
39 83
39 85
39 86
39 89
39 91
39 93
39 94
39 95
39 96
39 99
39 100
39 101
39 102
39 107
39 114
39 117
39 118
39 120
39 124
39 125
39 126
39 128
39 130
39 131
39 136
39 137
39 138
39 139
40 43
40 45
40 46
40 47
40 51
40 52
40 53
40 54
40 55
40 59
40 63
40 67
40 68
40 69
40 73
40 74
40 77
40 78
40 85
40 88
40 92
40 93
40 95
40 96
40 99
40 101
40 102
40 104
40 105
40 110
40 114
40 116
40 117
40 118
40 121
40 123
40 124
40 125
40 126
40 128
40 131
40 136
40 138
41 44
41 45
41 49
41 50
41 51
41 53
41 54
41 55
41 56
41 58
41 67
41 68
41 69
41 70
41 74
41 75
41 76
41 77
41 78
41 79
41 81
41 84
41 87
41 88
41 89
41 91
41 93
41 94
41 95
41 96
41 97
41 98
41 99
41 103
41 104
41 105
41 107
41 108
41 110
41 111
41 112
41 113
41 114
41 116
41 117
41 118
41 120
41 122
41 124
41 125
41 127
41 128
41 129
41 130
41 137
41 138
42 44
42 46
42 48
42 49
42 51
42 52
42 53
42 54
42 55
42 56
42 58
42 60
42 64
42 65
42 68
42 69
42 70
42 72
42 73
42 74
42 75
42 76
42 78
42 80
42 83
42 84
42 85
42 86
42 87
42 89
42 92
42 93
42 94
42 95
42 96
42 99
42 101
42 102
42 104
42 105
42 106
42 109
42 110
42 111
42 113
42 116
42 117
42 118
42 119
42 120
42 121
42 122
42 123
42 124
42 125
42 126
42 128
42 129
42 133
42 136
42 137
42 138
43 44
43 49
43 50
43 51
43 54
43 55
43 56
43 63
43 64
43 65
43 68
43 69
43 70
43 71
43 74
43 77
43 78
43 79
43 80
43 81
43 83
43 84
43 85
43 86
43 87
43 88
43 91
43 93
43 98
43 101
43 102
43 103
43 104
43 106
43 109
43 110
43 111
43 114
43 117
43 118
43 124
43 125
43 126
43 128
43 129
43 130
43 135
43 136
44 46
44 47
44 48
44 52
44 54
44 56
44 57
44 58
44 59
44 61
44 65
44 69
44 70
44 72
44 73
44 76
44 79
44 81
44 87
44 92
44 93
44 94
44 95
44 96
44 97
44 99
44 100
44 101
44 102
44 107
44 108
44 109
44 112
44 114
44 115
44 116
44 120
44 121
44 122
44 124
44 126
44 127
44 128
44 132
44 133
44 134
44 135
44 136
44 139
45 46
45 48
45 52
45 55
45 56
45 60
45 61
45 63
45 65
45 66
45 67
45 68
45 70
45 71
45 73
45 75
45 76
45 77
45 79
45 80
45 81
45 82
45 83
45 84
45 85
45 86
45 87
45 91
45 94
45 97
45 102
45 105
45 106
45 107
45 109
45 112
45 116
45 118
45 119
45 120
45 122
45 124
45 125
45 127
45 128
45 129
45 131
45 134
45 135
45 136
45 137
45 138
45 139
46 50
46 53
46 54
46 55
46 56
46 58
46 60
46 61
46 63
46 64
46 65
46 67
46 68
46 69
46 70
46 72
46 73
46 74
46 75
46 76
46 78
46 81
46 85
46 86
46 88
46 89
46 90
46 91
46 93
46 94
46 96
46 97
46 98
46 99
46 100
46 102
46 103
46 104
46 105
46 109
46 112
46 114
46 115
46 117
46 118
46 121
46 124
46 125
46 129
46 130
46 131
46 133
46 134
46 137
46 138
47 48
47 49
47 50
47 51
47 53
47 54
47 57
47 58
47 59
47 61
47 62
47 64
47 67
47 69
47 73
47 74
47 76
47 77
47 78
47 79
47 80
47 81
47 83
47 84
47 86
47 87
47 89
47 90
47 93
47 96
47 99
47 103
47 105
47 107
47 108
47 109
47 115
47 116
47 117
47 119
47 121
47 122
47 130
47 131
47 132
47 133
47 134
47 136
47 138
47 139
48 52
48 57
48 58
48 65
48 67
48 69
48 70
48 71
48 73
48 75
48 76
48 78
48 82
48 83
48 84
48 85
48 87
48 88
48 89
48 91
48 93
48 95
48 98
48 101
48 105
48 107
48 108
48 109
48 110
48 111
48 112
48 113
48 114
48 115
48 118
48 119
48 123
48 124
48 126
48 129
48 130
48 132
48 134
48 135
48 136
48 138
48 139
49 50
49 51
49 53
49 54
49 55
49 56
49 59
49 61
49 63
49 67
49 71
49 73
49 75
49 77
49 79
49 80
49 81
49 90
49 92
49 94
49 95
49 96
49 97
49 103
49 105
49 106
49 107
49 108
49 118
49 121
49 123
49 125
49 127
49 130
49 133
49 134
49 135
49 137
49 138
49 139
50 51
50 54
50 58
50 59
50 60
50 62
50 63
50 64
50 69
50 72
50 74
50 78
50 80
50 83
50 85
50 89
50 92
50 93
50 94
50 95
50 97
50 98
50 99
50 101
50 103
50 108
50 112
50 114
50 116
50 117
50 118
50 119
50 120
50 124
50 125
50 126
50 127
50 128
50 129
50 131
50 135
50 137
50 138
50 139
51 53
51 55
51 58
51 59
51 60
51 61
51 62
51 63
51 64
51 66
51 69
51 70
51 72
51 73
51 74
51 78
51 79
51 81
51 83
51 87
51 88
51 90
51 92
51 95
51 96
51 98
51 100
51 103
51 105
51 106
51 107
51 108
51 109
51 112
51 113
51 114
51 119
51 121
51 122
51 123
51 126
51 127
51 131
51 133
51 136
51 137
51 138
52 61
52 63
52 66
52 68
52 69
52 72
52 74
52 76
52 82
52 83
52 87
52 88
52 89
52 91
52 93
52 95
52 96
52 98
52 101
52 102
52 103
52 106
52 109
52 111
52 113
52 117
52 119
52 120
52 122
52 123
52 124
52 126
52 128
52 131
52 132
52 135
52 137
53 54
53 55
53 56
53 61
53 64
53 65
53 66
53 70
53 73
53 74
53 77
53 79
53 80
53 81
53 85
53 86
53 87
53 89
53 94
53 95
53 96
53 98
53 100
53 101
53 103
53 107
53 109
53 110
53 112
53 115
53 119
53 120
53 122
53 126
53 127
53 128
53 129
53 132
53 133
53 134
53 135
53 136
53 137
53 138
53 139
54 56
54 58
54 64
54 65
54 67
54 68
54 69
54 70
54 71
54 73
54 75
54 76
54 79
54 81
54 82
54 83
54 85
54 86
54 89
54 90
54 95
54 96
54 97
54 101
54 102
54 103
54 104
54 107
54 110
54 112
54 113
54 114
54 115
54 118
54 119
54 120
54 121
54 122
54 124
54 125
54 129
54 130
54 131
54 132
54 134
54 135
54 137
54 138
54 139
55 61
55 65
55 66
55 67
55 70
55 76
55 79
55 81
55 84
55 85
55 87
55 88
55 89
55 92
55 97
55 99
55 100
55 103
55 104
55 105
55 106
55 107
55 109
55 113
55 114
55 115
55 118
55 120
55 121
55 123
55 127
55 129
55 130
55 134
55 135
55 136
55 137
55 139
56 57
56 61
56 62
56 64
56 65
56 68
56 70
56 71
56 72
56 74
56 75
56 76
56 78
56 81
56 87
56 89
56 90
56 92
56 96
56 97
56 99
56 100
56 101
56 102
56 103
56 106
56 109
56 112
56 113
56 115
56 116
56 123
56 127
56 129
56 130
56 131
56 132
56 134
56 135
56 137
56 138
57 59
57 65
57 66
57 68
57 69
57 74
57 78
57 79
57 83
57 86
57 87
57 88
57 91
57 92
57 94
57 96
57 97
57 100
57 103
57 105
57 106
57 107
57 108
57 109
57 110
57 114
57 116
57 117
57 119
57 120
57 121
57 123
57 124
57 125
57 127
57 128
57 129
57 130
57 132
57 133
57 134
57 136
57 138
58 59
58 60
58 61
58 64
58 65
58 68
58 69
58 73
58 74
58 76
58 77
58 78
58 81
58 84
58 86
58 90
58 91
58 93
58 94
58 95
58 96
58 97
58 98
58 99
58 101
58 102
58 104
58 105
58 108
58 109
58 110
58 112
58 114
58 117
58 118
58 119
58 120
58 121
58 122
58 124
58 125
58 127
58 128
58 130
58 134
58 135
58 138
59 61
59 62
59 63
59 64
59 71
59 73
59 74
59 78
59 80
59 83
59 84
59 85
59 86
59 93
59 94
59 96
59 98
59 99
59 101
59 103
59 104
59 105
59 106
59 107
59 109
59 110
59 115
59 116
59 117
59 119
59 120
59 123
59 126
59 128
59 130
59 135
59 136
59 137
60 68
60 70
60 74
60 76
60 79
60 81
60 83
60 84
60 85
60 86
60 87
60 89
60 90
60 91
60 95
60 96
60 98
60 101
60 102
60 106
60 107
60 109
60 110
60 111
60 113
60 114
60 115
60 116
60 119
60 122
60 123
60 125
60 127
60 131
60 132
60 133
60 135
60 139
61 62
61 63
61 64
61 66
61 67
61 68
61 69
61 71
61 72
61 75
61 76
61 77
61 78
61 80
61 81
61 83
61 87
61 93
61 95
61 97
61 99
61 101
61 104
61 105
61 108
61 109
61 112
61 114
61 115
61 117
61 118
61 121
61 122
61 124
61 125
61 127
61 128
61 131
61 132
61 133
61 135
61 136
61 137
61 138
62 65
62 66
62 67
62 68
62 71
62 72
62 75
62 76
62 77
62 79
62 81
62 82
62 84
62 86
62 87
62 90
62 93
62 95
62 98
62 100
62 101
62 103
62 107
62 109
62 111
62 112
62 117
62 120
62 123
62 125
62 130
62 131
62 132
62 136
62 137
62 139
63 65
63 66
63 67
63 73
63 74
63 75
63 78
63 79
63 82
63 83
63 84
63 85
63 86
63 87
63 88
63 91
63 92
63 93
63 94
63 95
63 96
63 97
63 99
63 100
63 101
63 102
63 103
63 107
63 109
63 110
63 112
63 114
63 115
63 117
63 119
63 120
63 122
63 123
63 124
63 125
63 126
63 128
63 129
63 130
63 133
63 134
63 135
63 136
63 137
63 138
63 139
64 67
64 71
64 75
64 76
64 78
64 79
64 80
64 82
64 83
64 86
64 89
64 92
64 95
64 96
64 97
64 98
64 99
64 100
64 101
64 102
64 103
64 104
64 106
64 108
64 110
64 113
64 115
64 117
64 118
64 120
64 121
64 122
64 124
64 125
64 126
64 127
64 128
64 129
64 130
64 132
64 135
64 137
64 138
65 67
65 70
65 72
65 74
65 75
65 81
65 85
65 89
65 90
65 91
65 92
65 95
65 96
65 97
65 98
65 99
65 101
65 102
65 103
65 104
65 106
65 107
65 111
65 112
65 113
65 115
65 118
65 121
65 124
65 125
65 126
65 131
65 134
65 135
65 137
66 70
66 71
66 72
66 74
66 76
66 79
66 82
66 83
66 87
66 88
66 89
66 94
66 96
66 97
66 99
66 101
66 105
66 106
66 107
66 108
66 112
66 113
66 114
66 115
66 116
66 122
66 123
66 124
66 131
66 134
66 135
66 136
67 68
67 70
67 72
67 74
67 76
67 77
67 82
67 84
67 86
67 88
67 94
67 97
67 98
67 103
67 104
67 106
67 108
67 111
67 112
67 114
67 115
67 116
67 117
67 118
67 119
67 121
67 127
67 130
67 131
67 132
67 133
67 134
67 137
67 138
68 70
68 75
68 77
68 79
68 81
68 82
68 83
68 85
68 86
68 87
68 89
68 90
68 91
68 92
68 97
68 100
68 101
68 102
68 103
68 107
68 108
68 109
68 110
68 117
68 119
68 120
68 122
68 123
68 124
68 125
68 126
68 127
68 128
68 129
68 131
68 132
68 135
68 138
69 70
69 71
69 72
69 75
69 76
69 77
69 79
69 80
69 82
69 83
69 85
69 90
69 91
69 94
69 96
69 99
69 101
69 102
69 104
69 107
69 111
69 113
69 114
69 115
69 119
69 120
69 126
69 127
69 130
69 131
69 132
69 136
69 137
69 138
70 71
70 72
70 73
70 76
70 77
70 78
70 81
70 82
70 85
70 86
70 87
70 88
70 89
70 90
70 93
70 96
70 97
70 98
70 100
70 103
70 107
70 108
70 113
70 115
70 119
70 120
70 121
70 122
70 123
70 126
70 127
70 128
70 129
70 133
70 135
70 138
71 73
71 75
71 76
71 77
71 80
71 81
71 82
71 83
71 84
71 86
71 87
71 88
71 90
71 91
71 92
71 96
71 97
71 99
71 100
71 101
71 102
71 103
71 104
71 108
71 109
71 110
71 114
71 116
71 117
71 120
71 121
71 125
71 126
71 128
71 129
71 130
71 133
71 134
71 135
71 136
71 137
72 74
72 78
72 79
72 80
72 81
72 83
72 91
72 95
72 96
72 100
72 101
72 102
72 106
72 107
72 109
72 110
72 111
72 112
72 114
72 115
72 116
72 118
72 119
72 121
72 122
72 125
72 126
72 128
72 129
72 131
72 133
72 134
72 137
72 138
72 139
73 78
73 79
73 81
73 82
73 83
73 85
73 86
73 87
73 89
73 90
73 92
73 98
73 103
73 105
73 107
73 110
73 111
73 112
73 113
73 114
73 115
73 116
73 120
73 125
73 130
73 131
73 132
73 135
73 136
73 139
74 77
74 78
74 81
74 82
74 88
74 89
74 91
74 92
74 94
74 95
74 97
74 101
74 103
74 105
74 106
74 107
74 108
74 110
74 111
74 112
74 113
74 114
74 117
74 118
74 120
74 121
74 125
74 127
74 128
74 129
74 130
74 131
74 132
74 134
74 137
74 138
75 76
75 77
75 79
75 82
75 83
75 86
75 87
75 90
75 91
75 92
75 93
75 94
75 95
75 99
75 102
75 104
75 113
75 114
75 116
75 117
75 121
75 122
75 124
75 125
75 127
75 128
75 129
75 130
75 131
75 133
75 134
75 135
75 136
75 139
76 77
76 79
76 81
76 84
76 87
76 90
76 93
76 97
76 99
76 100
76 103
76 107
76 109
76 110
76 111
76 113
76 116
76 117
76 118
76 119
76 120
76 121
76 124
76 128
76 129
76 132
76 134
76 136
76 138
77 78
77 81
77 83
77 84
77 87
77 89
77 90
77 91
77 92
77 94
77 95
77 97
77 98
77 101
77 102
77 104
77 108
77 110
77 111
77 114
77 115
77 117
77 118
77 122
77 124
77 127
77 128
77 131
77 132
77 135
77 136
77 137
77 138
77 139
78 81
78 84
78 85
78 90
78 93
78 94
78 96
78 100
78 103
78 105
78 106
78 110
78 113
78 114
78 117
78 118
78 120
78 121
78 123
78 126
78 130
78 135
78 136
79 81
79 82
79 84
79 85
79 86
79 87
79 90
79 91
79 94
79 97
79 98
79 101
79 104
79 105
79 109
79 110
79 111
79 112
79 113
79 114
79 115
79 116
79 119
79 120
79 127
79 129
79 131
79 134
79 136
79 137
80 81
80 82
80 83
80 84
80 85
80 90
80 91
80 92
80 94
80 102
80 103
80 104
80 105
80 106
80 107
80 111
80 112
80 113
80 115
80 116
80 117
80 119
80 121
80 122
80 126
80 128
80 131
80 134
80 135
80 138
81 82
81 83
81 84
81 86
81 89
81 90
81 94
81 96
81 98
81 99
81 100
81 101
81 102
81 103
81 106
81 110
81 112
81 115
81 116
81 117
81 120
81 122
81 123
81 124
81 132
81 133
81 136
82 83
82 84
82 85
82 86
82 90
82 91
82 93
82 94
82 95
82 97
82 98
82 106
82 114
82 115
82 116
82 117
82 118
82 119
82 120
82 123
82 125
82 127
82 131
82 132
82 133
82 134
82 135
82 136
82 138
82 139
83 84
83 86
83 88
83 91
83 92
83 97
83 99
83 100
83 101
83 102
83 112
83 114
83 115
83 116
83 120
83 122
83 125
83 129
83 130
83 132
83 133
83 135
83 136
83 137
84 85
84 88
84 89
84 90
84 92
84 93
84 98
84 99
84 101
84 102
84 103
84 105
84 106
84 114
84 116
84 117
84 118
84 123
84 129
84 130
84 131
84 133
85 87
85 88
85 90
85 91
85 95
85 97
85 98
85 99
85 101
85 103
85 105
85 107
85 108
85 109
85 113
85 114
85 119
85 120
85 121
85 122
85 124
85 126
85 127
85 129
85 132
85 133
85 134
85 135
85 136
85 137
85 139
86 87
86 90
86 91
86 93
86 97
86 98
86 99
86 100
86 101
86 102
86 103
86 104
86 105
86 106
86 107
86 108
86 111
86 117
86 119
86 122
86 126
86 127
86 128
86 132
86 133
86 136
86 138
87 89
87 94
87 97
87 98
87 99
87 102
87 103
87 104
87 105
87 109
87 110
87 111
87 112
87 113
87 119
87 120
87 121
87 122
87 123
87 124
87 126
87 133
87 138
88 89
88 92
88 93
88 96
88 97
88 98
88 101
88 102
88 103
88 107
88 111
88 114
88 115
88 117
88 120
88 121
88 123
88 124
88 125
88 127
88 131
88 132
88 134
88 135
88 138
88 139
89 93
89 94
89 96
89 97
89 101
89 107
89 113
89 114
89 116
89 120
89 123
89 124
89 125
89 132
89 133
89 135
89 136
89 137
89 138
90 91
90 92
90 93
90 95
90 97
90 98
90 101
90 102
90 103
90 108
90 109
90 112
90 114
90 116
90 118
90 120
90 121
90 126
90 127
90 132
90 134
90 136
90 137
90 139
91 92
91 96
91 97
91 99
91 100
91 101
91 102
91 104
91 105
91 108
91 109
91 110
91 111
91 112
91 113
91 115
91 120
91 126
91 128
91 129
91 130
91 131
91 133
91 134
91 136
91 137
91 139
92 95
92 96
92 97
92 103
92 105
92 106
92 110
92 113
92 114
92 116
92 117
92 118
92 119
92 122
92 126
92 128
92 130
92 131
92 132
92 134
92 135
92 136
92 139
93 94
93 95
93 97
93 98
93 99
93 104
93 105
93 106
93 108
93 110
93 111
93 113
93 114
93 116
93 117
93 120
93 122
93 123
93 124
93 125
93 126
93 127
93 129
93 131
93 132
93 133
93 137
93 138
94 98
94 102
94 103
94 107
94 108
94 111
94 114
94 115
94 117
94 120
94 124
94 125
94 130
94 131
94 133
94 134
94 139
95 100
95 102
95 104
95 105
95 106
95 109
95 112
95 115
95 116
95 118
95 119
95 120
95 121
95 126
95 127
95 128
95 130
95 132
95 133
95 134
95 136
95 137
96 98
96 104
96 105
96 106
96 107
96 108
96 111
96 116
96 117
96 118
96 119
96 120
96 129
96 134
96 135
96 138
97 99
97 100
97 103
97 104
97 105
97 109
97 113
97 115
97 117
97 119
97 121
97 122
97 123
97 125
97 126
97 128
97 130
97 131
97 134
97 138
98 100
98 101
98 102
98 104
98 106
98 107
98 108
98 109
98 115
98 117
98 118
98 119
98 120
98 121
98 123
98 124
98 125
98 126
98 127
98 131
98 133
98 134
98 135
98 136
98 137
99 101
99 107
99 113
99 116
99 118
99 121
99 122
99 123
99 124
99 126
99 128
99 129
99 130
99 132
99 137
100 112
100 116
100 119
100 120
100 123
100 124
100 125
100 127
100 128
100 129
100 130
100 133
100 134
100 135
100 136
100 137
100 138
100 139
101 105
101 106
101 107
101 109
101 111
101 112
101 113
101 116
101 120
101 122
101 123
101 125
101 126
101 127
101 129
101 131
101 132
101 135
101 136
102 104
102 105
102 108
102 109
102 114
102 118
102 119
102 120
102 121
102 123
102 125
102 128
102 129
102 130
102 133
102 134
102 135
102 136
102 138
102 139
103 106
103 107
103 110
103 111
103 113
103 114
103 117
103 120
103 122
103 125
103 132
103 134
103 135
103 136
103 138
104 105
104 109
104 110
104 112
104 113
104 114
104 116
104 118
104 121
104 124
104 128
104 129
104 130
104 134
104 137
104 138
104 139
105 107
105 110
105 111
105 112
105 115
105 121
105 123
105 124
105 128
105 130
105 131
105 132
105 136
105 137
105 138
106 109
106 110
106 112
106 113
106 115
106 116
106 117
106 118
106 120
106 122
106 123
106 124
106 129
106 131
106 132
106 135
106 136
106 138
107 108
107 112
107 113
107 116
107 118
107 120
107 121
107 122
107 123
107 127
107 128
107 131
107 132
107 133
107 134
107 136
107 137
107 139
108 109
108 111
108 112
108 113
108 114
108 115
108 116
108 117
108 119
108 120
108 121
108 122
108 124
108 127
108 129
108 130
108 133
108 137
108 138
109 113
109 114
109 128
109 130
109 131
109 133
109 136
110 111
110 112
110 113
110 118
110 119
110 121
110 122
110 124
110 126
110 127
110 131
110 135
110 138
110 139
111 112
111 113
111 115
111 116
111 119
111 122
111 123
111 128
111 129
111 132
111 133
111 134
111 137
112 113
112 114
112 118
112 123
112 125
112 126
112 128
112 130
112 131
112 135
112 138
113 117
113 118
113 122
113 123
113 124
113 125
113 127
113 129
113 130
113 132
113 133
113 134
113 136
113 138
114 116
114 126
114 127
114 128
114 129
114 130
114 134
114 136
114 137
115 116
115 117
115 122
115 130
115 133
115 135
115 138
116 120
116 122
116 123
116 124
116 125
116 129
116 131
116 134
116 136
117 118
117 119
117 120
117 121
117 123
117 126
117 127
117 128
117 131
117 132
117 133
117 134
117 135
117 139
118 119
118 121
118 123
118 124
118 126
118 127
118 130
118 132
118 133
118 135
119 121
119 125
119 128
119 130
119 134
119 137
120 121
120 123
120 124
120 127
120 129
120 131
120 134
120 136
120 137
120 138
121 122
121 124
121 126
121 127
121 128
121 129
121 130
121 134
121 135
121 137
121 139
122 124
122 125
122 130
122 131
122 132
122 136
122 139
123 124
123 125
123 126
123 127
123 128
123 131
123 136
123 137
123 138
124 125
124 127
124 132
124 135
124 136
125 127
125 129
125 130
125 134
125 135
125 136
125 138
125 139
126 131
126 132
126 133
126 135
126 136
126 137
126 139
127 130
127 131
127 132
127 135
127 137
127 138
128 134
128 135
128 136
128 138
128 139
129 130
129 133
129 137
129 138
129 139
130 131
130 132
130 133
130 138
131 132
131 133
131 134
131 138
132 134
132 136
133 134
133 135
133 137
133 138
134 136
134 137
135 138
136 137
136 138
136 139
137 138
138 139
55 29 104 81 23 70 113 19 76 95 74 67 24 131 46 103 69 20 85 84 109 57 25 116 60 118 38 93
107 65 52 43 5 31 53 8 92 6 98 90 88 89 80 68 11 94 105 130 134 3 17 56 125 63 7 21
72 133 136 61 115 16 123 82 12 117 13 119 35 58 10 49 42 37 126 4 96 121 34 114 47 132 33 44
75 64 71 100 32 22 129 102 79 77 18 9 59 112 139 2 36 62 111 40 86 127 39 110 51 91 0 120
28 66 87 50 124 54 101 83 138 99 30 97 137 27 48 41 108 26 78 135 122 106 73 1 14 128 45 15
