300
13426
20
0 1
0 6
0 10
0 17
0 19
0 20
0 21
0 26
0 28
0 29
0 34
0 37
0 44
0 47
0 50
0 54
0 55
0 59
0 63
0 67
0 71
0 75
0 78
0 79
0 88
0 91
0 94
0 104
0 105
0 112
0 115
0 123
0 124
0 125
0 126
0 127
0 132
0 133
0 134
0 136
0 139
0 144
0 148
0 153
0 157
0 163
0 164
0 165
0 168
0 169
0 176
0 177
0 178
0 179
0 180
0 182
0 184
0 185
0 189
0 193
0 196
0 198
0 200
0 211
0 214
0 223
0 225
0 228
0 229
0 238
0 239
0 240
0 246
0 247
0 250
0 252
0 258
0 259
0 268
0 269
0 274
0 285
0 289
0 294
0 296
1 2
1 4
1 5
1 8
1 9
1 15
1 17
1 20
1 23
1 29
1 31
1 33
1 34
1 36
1 38
1 40
1 44
1 46
1 51
1 53
1 56
1 57
1 59
1 64
1 65
1 68
1 69
1 70
1 73
1 76
1 81
1 84
1 86
1 94
1 96
1 102
1 104
1 105
1 115
1 116
1 120
1 122
1 123
1 124
1 126
1 127
1 133
1 139
1 141
1 143
1 145
1 146
1 147
1 149
1 152
1 158
1 159
1 162
1 164
1 168
1 171
1 172
1 173
1 176
1 181
1 183
1 185
1 186
1 190
1 197
1 199
1 210
1 212
1 215
1 216
1 217
1 221
1 224
1 226
1 228
1 231
1 232
1 236
1 237
1 239
1 240
1 242
1 244
1 248
1 250
1 251
1 252
1 253
1 255
1 257
1 259
1 260
1 261
1 262
1 264
1 265
1 268
1 269
1 270
1 271
1 282
1 283
1 288
1 294
2 10
2 12
2 14
2 19
2 22
2 23
2 24
2 25
2 29
2 34
2 35
2 38
2 45
2 50
2 55
2 57
2 65
2 67
2 70
2 71
2 73
2 76
2 80
2 81
2 95
2 96
2 99
2 100
2 101
2 102
2 104
2 107
2 108
2 111
2 112
2 113
2 119
2 123
2 130
2 131
2 135
2 137
2 138
2 143
2 144
2 145
2 146
2 150
2 152
2 153
2 160
2 162
2 163
2 168
2 169
2 176
2 178
2 179
2 180
2 181
2 191
2 192
2 195
2 201
2 216
2 220
2 222
2 226
2 228
2 233
2 235
2 236
2 237
2 240
2 242
2 244
2 247
2 257
2 259
2 260
2 264
2 269
2 271
2 280
2 281
2 284
2 290
2 293
2 296
2 299
3 4
3 5
3 7
3 9
3 12
3 19
3 31
3 43
3 44
3 46
3 50
3 53
3 56
3 58
3 66
3 67
3 70
3 72
3 73
3 75
3 79
3 81
3 84
3 98
3 100
3 101
3 104
3 105
3 107
3 116
3 122
3 124
3 125
3 130
3 132
3 133
3 134
3 138
3 139
3 144
3 145
3 147
3 149
3 152
3 159
3 165
3 173
3 175
3 176
3 189
3 194
3 200
3 203
3 204
3 206
3 207
3 208
3 217
3 219
3 220
3 226
3 227
3 231
3 234
3 238
3 242
3 249
3 256
3 258
3 259
3 260
3 267
3 272
3 274
3 282
3 287
3 290
3 291
3 294
4 6
4 9
4 11
4 14
4 15
4 16
4 26
4 27
4 29
4 32
4 33
4 35
4 44
4 45
4 49
4 52
4 54
4 55
4 56
4 57
4 59
4 60
4 63
4 69
4 73
4 75
4 84
4 90
4 94
4 96
4 97
4 98
4 99
4 103
4 111
4 115
4 119
4 121
4 124
4 125
4 126
4 127
4 128
4 139
4 144
4 155
4 156
4 158
4 160
4 164
4 171
4 174
4 175
4 177
4 182
4 195
4 196
4 199
4 200
4 207
4 209
4 213
4 215
4 218
4 219
4 223
4 224
4 226
4 229
4 235
4 236
4 237
4 244
4 246
4 249
4 255
4 261
4 266
4 268
4 270
4 271
4 275
4 284
4 290
4 294
4 296
5 7
5 11
5 13
5 18
5 19
5 27
5 28
5 30
5 33
5 34
5 35
5 36
5 49
5 55
5 59
5 60
5 61
5 63
5 68
5 70
5 73
5 80
5 83
5 85
5 87
5 88
5 97
5 102
5 109
5 113
5 114
5 118
5 122
5 128
5 132
5 139
5 141
5 142
5 144
5 148
5 157
5 159
5 162
5 165
5 166
5 169
5 171
5 172
5 173
5 178
5 182
5 183
5 186
5 195
5 200
5 204
5 205
5 206
5 208
5 215
5 216
5 222
5 226
5 227
5 228
5 231
5 232
5 236
5 237
5 239
5 243
5 244
5 249
5 253
5 254
5 255
5 256
5 258
5 260
5 264
5 269
5 273
5 274
5 277
5 281
5 299
6 12
6 13
6 16
6 18
6 23
6 27
6 29
6 31
6 33
6 35
6 36
6 40
6 41
6 46
6 48
6 50
6 54
6 62
6 67
6 68
6 70
6 72
6 74
6 75
6 80
6 88
6 89
6 93
6 96
6 97
6 98
6 101
6 103
6 106
6 108
6 113
6 114
6 121
6 126
6 127
6 128
6 134
6 135
6 139
6 140
6 141
6 142
6 144
6 146
6 149
6 156
6 163
6 166
6 170
6 171
6 175
6 178
6 179
6 182
6 186
6 187
6 189
6 192
6 193
6 197
6 199
6 201
6 202
6 203
6 214
6 215
6 224
6 225
6 227
6 228
6 229
6 232
6 235
6 248
6 252
6 258
6 259
6 270
6 273
6 274
6 277
6 283
6 293
6 297
7 8
7 12
7 16
7 22
7 24
7 27
7 28
7 30
7 31
7 37
7 39
7 45
7 53
7 54
7 59
7 63
7 69
7 74
7 78
7 81
7 84
7 86
7 88
7 89
7 93
7 94
7 98
7 99
7 107
7 108
7 109
7 116
7 117
7 124
7 125
7 126
7 129
7 131
7 135
7 137
7 138
7 144
7 156
7 158
7 165
7 166
7 169
7 173
7 174
7 176
7 179
7 185
7 186
7 192
7 195
7 198
7 199
7 202
7 205
7 210
7 213
7 214
7 216
7 218
7 220
7 223
7 224
7 227
7 229
7 230
7 233
7 238
7 240
7 242
7 244
7 247
7 248
7 251
7 252
7 253
7 255
7 261
7 262
7 264
7 270
7 273
7 281
7 283
7 289
7 295
7 298
8 12
8 13
8 15
8 16
8 18
8 23
8 28
8 31
8 35
8 39
8 45
8 48
8 50
8 54
8 55
8 60
8 69
8 72
8 78
8 80
8 81
8 83
8 84
8 85
8 88
8 89
8 97
8 100
8 102
8 103
8 108
8 109
8 111
8 116
8 123
8 125
8 126
8 134
8 136
8 139
8 143
8 149
8 151
8 158
8 160
8 163
8 167
8 169
8 176
8 180
8 181
8 182
8 183
8 184
8 187
8 188
8 189
8 194
8 196
8 203
8 206
8 218
8 221
8 222
8 223
8 240
8 251
8 253
8 260
8 269
8 270
8 273
8 277
8 280
8 284
8 285
8 291
8 294
8 297
9 10
9 16
9 23
9 27
9 28
9 30
9 31
9 34
9 35
9 42
9 43
9 44
9 46
9 51
9 53
9 55
9 56
9 66
9 67
9 70
9 74
9 75
9 77
9 82
9 84
9 87
9 90
9 94
9 98
9 103
9 105
9 108
9 109
9 110
9 111
9 112
9 113
9 114
9 120
9 125
9 127
9 137
9 139
9 145
9 148
9 149
9 151
9 153
9 154
9 158
9 165
9 167
9 168
9 169
9 175
9 176
9 177
9 181
9 184
9 185
9 191
9 198
9 204
9 206
9 208
9 209
9 210
9 214
9 215
9 221
9 223
9 226
9 227
9 232
9 238
9 239
9 240
9 245
9 247
9 251
9 253
9 255
9 257
9 260
9 268
9 270
9 272
9 275
9 278
9 281
9 284
9 287
9 294
9 296
9 297
9 298
10 12
10 18
10 22
10 23
10 28
10 32
10 34
10 41
10 43
10 44
10 45
10 51
10 55
10 56
10 57
10 59
10 60
10 61
10 64
10 67
10 69
10 70
10 77
10 82
10 85
10 86
10 87
10 94
10 98
10 99
10 110
10 113
10 115
10 116
10 117
10 123
10 125
10 126
10 129
10 134
10 137
10 138
10 139
10 142
10 144
10 146
10 148
10 151
10 155
10 156
10 158
10 160
10 163
10 167
10 168
10 171
10 173
10 179
10 180
10 181
10 182
10 183
10 185
10 188
10 190
10 192
10 195
10 196
10 199
10 201
10 202
10 203
10 204
10 205
10 209
10 210
10 214
10 215
10 219
10 230
10 232
10 233
10 234
10 235
10 245
10 246
10 249
10 259
10 260
10 263
10 266
10 267
10 268
10 273
10 274
10 281
10 282
10 284
10 289
10 292
11 12
11 14
11 17
11 19
11 21
11 24
11 31
11 37
11 46
11 57
11 64
11 66
11 67
11 73
11 79
11 80
11 82
11 89
11 94
11 101
11 102
11 106
11 107
11 110
11 111
11 113
11 116
11 119
11 121
11 124
11 125
11 126
11 127
11 131
11 132
11 135
11 139
11 140
11 144
11 145
11 148
11 151
11 157
11 177
11 181
11 182
11 184
11 190
11 197
11 206
11 217
11 220
11 227
11 228
11 229
11 231
11 233
11 234
11 236
11 238
11 242
11 243
11 251
11 258
11 263
11 264
11 268
11 269
11 271
11 275
11 276
11 284
11 290
11 291
11 294
11 295
11 297
11 299
12 14
12 17
12 19
12 20
12 22
12 23
12 25
12 33
12 40
12 43
12 49
12 51
12 56
12 57
12 59
12 60
12 62
12 64
12 67
12 69
12 73
12 76
12 80
12 83
12 84
12 85
12 89
12 90
12 92
12 95
12 102
12 103
12 104
12 105
12 107
12 108
12 110
12 120
12 121
12 122
12 124
12 126
12 133
12 134
12 137
12 144
12 147
12 148
12 149
12 151
12 154
12 158
12 163
12 166
12 168
12 171
12 183
12 187
12 189
12 191
12 197
12 199
12 200
12 201
12 204
12 206
12 215
12 216
12 218
12 220
12 226
12 232
12 235
12 236
12 242
12 246
12 249
12 254
12 259
12 262
12 271
12 284
12 286
12 289
12 290
12 291
12 296
13 14
13 15
13 16
13 19
13 25
13 26
13 29
13 30
13 31
13 36
13 37
13 39
13 40
13 44
13 47
13 58
13 63
13 69
13 70
13 72
13 74
13 77
13 83
13 86
13 87
13 88
13 89
13 91
13 95
13 96
13 97
13 99
13 108
13 113
13 114
13 115
13 119
13 127
13 130
13 133
13 135
13 136
13 141
13 143
13 144
13 145
13 149
13 151
13 153
13 155
13 157
13 159
13 163
13 166
13 167
13 168
13 169
13 172
13 174
13 178
13 182
13 187
13 194
13 198
13 199
13 200
13 202
13 214
13 215
13 221
13 222
13 226
13 227
13 230
13 231
13 232
13 234
13 238
13 241
13 243
13 245
13 247
13 249
13 253
13 255
13 257
13 259
13 263
13 273
13 278
13 282
13 283
13 285
13 288
13 289
13 295
13 298
13 299
14 22
14 23
14 32
14 36
14 37
14 38
14 39
14 45
14 46
14 48
14 53
14 54
14 58
14 60
14 62
14 64
14 65
14 73
14 75
14 81
14 87
14 89
14 92
14 98
14 101
14 103
14 119
14 121
14 125
14 130
14 131
14 134
14 139
14 143
14 148
14 149
14 152
14 153
14 159
14 168
14 170
14 172
14 174
14 177
14 182
14 186
14 191
14 194
14 196
14 198
14 201
14 204
14 209
14 217
14 218
14 225
14 227
14 230
14 231
14 236
14 238
14 243
14 252
14 256
14 262
14 268
14 270
14 272
14 274
14 276
14 285
14 286
14 294
14 296
14 298
15 16
15 17
15 23
15 29
15 31
15 32
15 33
15 37
15 43
15 44
15 47
15 48
15 50
15 55
15 57
15 58
15 63
15 66
15 69
15 70
15 73
15 74
15 86
15 87
15 88
15 91
15 93
15 99
15 100
15 102
15 103
15 108
15 110
15 112
15 114
15 117
15 118
15 119
15 121
15 122
15 123
15 132
15 133
15 134
15 136
15 142
15 144
15 145
15 148
15 150
15 152
15 158
15 163
15 165
15 170
15 174
15 178
15 181
15 183
15 184
15 187
15 188
15 189
15 191
15 193
15 197
15 198
15 205
15 207
15 208
15 212
15 213
15 214
15 215
15 217
15 218
15 224
15 240
15 244
15 249
15 253
15 255
15 256
15 257
15 261
15 263
15 266
15 271
15 274
15 275
15 278
15 281
15 289
15 291
15 299
16 28
16 34
16 35
16 37
16 38
16 45
16 47
16 48
16 49
16 52
16 57
16 61
16 64
16 76
16 78
16 80
16 83
16 87
16 90
16 92
16 94
16 96
16 99
16 101
16 112
16 113
16 115
16 116
16 121
16 123
16 125
16 128
16 132
16 133
16 138
16 139
16 143
16 145
16 146
16 151
16 154
16 157
16 161
16 165
16 167
16 180
16 182
16 183
16 187
16 193
16 198
16 199
16 200
16 201
16 204
16 209
16 213
16 219
16 220
16 229
16 235
16 239
16 241
16 247
16 249
16 251
16 254
16 261
16 262
16 264
16 267
16 272
16 275
16 280
16 281
16 282
16 286
16 287
16 290
16 295
16 298
16 299
17 18
17 24
17 25
17 33
17 34
17 37
17 43
17 44
17 46
17 48
17 56
17 60
17 62
17 68
17 69
17 72
17 73
17 77
17 80
17 81
17 82
17 83
17 97
17 99
17 100
17 103
17 105
17 107
17 108
17 109
17 112
17 113
17 114
17 116
17 117
17 118
17 119
17 122
17 123
17 125
17 130
17 132
17 140
17 141
17 142
17 143
17 147
17 149
17 155
17 157
17 159
17 164
17 169
17 173
17 180
17 187
17 190
17 192
17 194
17 195
17 202
17 203
17 206
17 207
17 208
17 209
17 214
17 215
17 216
17 217
17 218
17 221
17 222
17 223
17 230
17 232
17 233
17 234
17 238
17 240
17 246
17 248
17 257
17 262
17 264
17 266
17 269
17 270
17 271
17 275
17 283
17 285
17 287
17 293
17 295
17 299
18 22
18 26
18 33
18 34
18 35
18 36
18 37
18 39
18 45
18 47
18 48
18 51
18 52
18 55
18 57
18 61
18 66
18 74
18 76
18 83
18 85
18 88
18 96
18 98
18 100
18 102
18 104
18 108
18 110
18 117
18 130
18 131
18 134
18 135
18 138
18 141
18 143
18 151
18 159
18 162
18 165
18 166
18 168
18 170
18 181
18 183
18 185
18 186
18 187
18 189
18 190
18 193
18 197
18 198
18 202
18 203
18 204
18 205
18 206
18 208
18 210
18 215
18 218
18 221
18 224
18 228
18 229
18 233
18 234
18 237
18 238
18 239
18 242
18 243
18 244
18 246
18 247
18 251
18 254
18 255
18 256
18 259
18 260
18 264
18 265
18 267
18 274
18 280
18 288
18 289
18 291
18 296
18 297
19 20
19 21
19 35
19 38
19 40
19 50
19 52
19 57
19 62
19 64
19 69
19 73
19 75
19 79
19 88
19 89
19 94
19 98
19 100
19 101
19 103
19 104
19 105
19 106
19 110
19 113
19 118
19 127
19 128
19 131
19 133
19 135
19 138
19 140
19 141
19 145
19 147
19 148
19 151
19 152
19 158
19 159
19 165
19 166
19 171
19 172
19 174
19 178
19 179
19 180
19 181
19 186
19 191
19 201
19 202
19 203
19 207
19 211
19 212
19 213
19 214
19 215
19 220
19 222
19 231
19 233
19 239
19 241
19 256
19 257
19 259
19 262
19 264
19 265
19 268
19 273
19 278
19 281
19 288
19 289
19 290
19 291
19 294
20 21
20 26
20 30
20 33
20 36
20 39
20 41
20 44
20 48
20 51
20 52
20 55
20 57
20 60
20 65
20 66
20 69
20 70
20 72
20 73
20 74
20 77
20 78
20 79
20 84
20 87
20 89
20 92
20 96
20 102
20 103
20 106
20 108
20 114
20 122
20 140
20 146
20 152
20 158
20 167
20 175
20 176
20 178
20 182
20 188
20 192
20 194
20 195
20 196
20 201
20 206
20 210
20 212
20 214
20 215
20 225
20 231
20 234
20 239
20 244
20 245
20 249
20 253
20 256
20 260
20 261
20 262
20 264
20 265
20 266
20 273
20 282
20 286
20 288
20 291
20 296
20 297
21 22
21 26
21 27
21 30
21 33
21 39
21 42
21 48
21 52
21 57
21 59
21 63
21 64
21 72
21 74
21 85
21 89
21 91
21 94
21 95
21 98
21 100
21 106
21 108
21 112
21 118
21 119
21 122
21 125
21 128
21 136
21 137
21 143
21 149
21 151
21 160
21 162
21 165
21 171
21 174
21 178
21 182
21 185
21 187
21 188
21 192
21 199
21 201
21 207
21 212
21 213
21 220
21 225
21 226
21 227
21 231
21 232
21 236
21 239
21 244
21 247
21 249
21 255
21 257
21 270
21 275
21 277
21 286
21 289
21 290
21 291
21 295
22 24
22 27
22 32
22 33
22 35
22 36
22 38
22 45
22 46
22 47
22 48
22 53
22 56
22 57
22 59
22 60
22 61
22 62
22 63
22 66
22 73
22 74
22 75
22 77
22 78
22 80
22 81
22 94
22 104
22 106
22 108
22 114
22 118
22 121
22 123
22 127
22 128
22 129
22 145
22 147
22 155
22 156
22 163
22 164
22 166
22 167
22 170
22 171
22 172
22 178
22 179
22 184
22 186
22 188
22 189
22 195
22 200
22 203
22 204
22 209
22 210
22 212
22 216
22 220
22 222
22 225
22 226
22 227
22 228
22 230
22 232
22 241
22 242
22 250
22 251
22 255
22 260
22 261
22 264
22 269
22 274
22 275
22 281
22 283
22 287
22 289
22 292
22 295
22 296
22 297
22 299
23 26
23 32
23 33
23 42
23 45
23 47
23 48
23 49
23 51
23 54
23 56
23 66
23 72
23 75
23 76
23 78
23 82
23 85
23 91
23 99
23 105
23 106
23 113
23 115
23 117
23 122
23 123
23 126
23 127
23 132
23 136
23 141
23 147
23 148
23 158
23 162
23 163
23 170
23 175
23 176
23 177
23 188
23 192
23 201
23 202
23 206
23 208
23 211
23 213
23 214
23 215
23 216
23 220
23 222
23 227
23 230
23 233
23 238
23 241
23 243
23 245
23 248
23 249
23 250
23 253
23 254
23 255
23 261
23 263
23 270
23 272
23 274
23 275
23 278
23 279
23 282
23 283
23 286
23 291
23 294
23 296
23 298
24 25
24 34
24 35
24 51
24 53
24 59
24 66
24 68
24 80
24 81
24 82
24 87
24 92
24 94
24 97
24 98
24 106
24 108
24 109
24 112
24 113
24 114
24 116
24 118
24 120
24 125
24 130
24 136
24 142
24 144
24 147
24 150
24 156
24 159
24 163
24 168
24 169
24 174
24 175
24 179
24 182
24 183
24 187
24 188
24 195
24 202
24 203
24 206
24 211
24 219
24 223
24 225
24 227
24 228
24 244
24 246
24 251
24 256
24 258
24 259
24 263
24 264
24 270
24 271
24 275
24 277
24 278
24 279
24 280
24 285
24 286
24 287
24 291
24 296
25 26
25 28
25 35
25 38
25 46
25 47
25 48
25 50
25 53
25 54
25 55
25 59
25 64
25 66
25 67
25 75
25 79
25 82
25 84
25 85
25 87
25 91
25 94
25 95
25 98
25 99
25 101
25 102
25 103
25 104
25 105
25 106
25 110
25 113
25 120
25 124
25 129
25 132
25 133
25 140
25 146
25 148
25 150
25 152
25 154
25 162
25 163
25 165
25 170
25 171
25 174
25 178
25 180
25 186
25 187
25 194
25 197
25 205
25 209
25 224
25 229
25 231
25 233
25 234
25 236
25 242
25 246
25 249
25 251
25 253
25 255
25 260
25 262
25 263
25 265
25 266
25 271
25 272
25 273
25 279
25 284
25 285
25 286
25 288
25 291
25 293
25 296
25 297
26 27
26 31
26 36
26 40
26 41
26 48
26 57
26 61
26 62
26 63
26 65
26 66
26 71
26 72
26 79
26 83
26 84
26 87
26 103
26 104
26 107
26 110
26 111
26 112
26 116
26 118
26 131
26 137
26 138
26 141
26 142
26 149
26 150
26 153
26 155
26 157
26 158
26 160
26 162
26 164
26 167
26 168
26 169
26 171
26 179
26 188
26 192
26 195
26 196
26 202
26 207
26 209
26 210
26 213
26 217
26 220
26 223
26 233
26 236
26 238
26 239
26 245
26 248
26 252
26 254
26 260
26 263
26 265
26 266
26 268
26 269
26 272
26 274
26 281
26 282
26 284
26 285
26 286
26 289
26 291
26 297
26 298
27 33
27 37
27 38
27 39
27 42
27 43
27 49
27 50
27 51
27 54
27 55
27 62
27 63
27 66
27 70
27 78
27 81
27 82
27 85
27 86
27 91
27 95
27 97
27 102
27 104
27 105
27 112
27 116
27 117
27 120
27 124
27 127
27 130
27 131
27 133
27 134
27 135
27 140
27 150
27 152
27 157
27 160
27 161
27 168
27 178
27 179
27 181
27 183
27 186
27 187
27 193
27 199
27 212
27 213
27 215
27 217
27 218
27 221
27 223
27 225
27 227
27 235
27 236
27 239
27 241
27 242
27 245
27 260
27 261
27 264
27 270
27 272
27 273
27 275
27 284
27 285
27 287
27 291
27 292
27 294
27 295
27 296
28 30
28 31
28 32
28 36
28 43
28 45
28 51
28 53
28 61
28 68
28 69
28 70
28 77
28 82
28 88
28 92
28 94
28 103
28 105
28 106
28 109
28 111
28 112
28 114
28 118
28 122
28 128
28 139
28 141
28 144
28 145
28 150
28 151
28 159
28 162
28 168
28 171
28 173
28 174
28 175
28 176
28 178
28 179
28 181
28 183
28 190
28 191
28 192
28 195
28 198
28 201
28 209
28 210
28 212
28 215
28 218
28 219
28 220
28 222
28 225
28 227
28 234
28 238
28 241
28 248
28 250
28 252
28 253
28 255
28 257
28 263
28 273
28 281
28 287
28 289
28 292
28 298
29 32
29 35
29 40
29 41
29 46
29 52
29 59
29 61
29 62
29 68
29 70
29 73
29 86
29 91
29 93
29 94
29 96
29 101
29 103
29 104
29 106
29 114
29 116
29 119
29 121
29 126
29 127
29 131
29 137
29 145
29 154
29 155
29 156
29 157
29 160
29 163
29 169
29 177
29 179
29 182
29 185
29 188
29 191
29 200
29 203
29 205
29 207
29 208
29 209
29 211
29 214
29 215
29 216
29 217
29 218
29 219
29 221
29 223
29 224
29 226
29 229
29 230
29 231
29 234
29 239
29 249
29 250
29 272
29 273
29 276
29 279
29 281
29 284
29 286
30 32
30 33
30 41
30 42
30 43
30 46
30 47
30 51
30 53
30 57
30 58
30 63
30 66
30 67
30 73
30 85
30 89
30 90
30 101
30 104
30 105
30 114
30 116
30 118
30 119
30 121
30 134
30 138
30 140
30 142
30 145
30 148
30 150
30 151
30 154
30 159
30 160
30 163
30 166
30 168
30 171
30 179
30 188
30 190
30 194
30 195
30 199
30 202
30 203
30 205
30 207
30 209
30 213
30 217
30 218
30 223
30 226
30 228
30 229
30 233
30 237
30 240
30 241
30 243
30 245
30 250
30 252
30 253
30 254
30 256
30 257
30 258
30 260
30 263
30 266
30 269
30 274
30 278
30 279
30 281
30 288
30 292
30 294
30 295
30 297
31 35
31 39
31 40
31 42
31 46
31 51
31 55
31 60
31 71
31 75
31 76
31 79
31 82
31 84
31 90
31 96
31 99
31 101
31 102
31 105
31 106
31 112
31 119
31 120
31 133
31 135
31 137
31 142
31 150
31 151
31 154
31 155
31 157
31 158
31 159
31 161
31 163
31 167
31 178
31 180
31 186
31 192
31 193
31 197
31 200
31 201
31 205
31 206
31 212
31 220
31 221
31 227
31 231
31 232
31 234
31 235
31 236
31 245
31 252
31 253
31 255
31 257
31 258
31 263
31 269
31 271
31 281
31 285
31 288
31 289
31 294
31 299
32 35
32 38
32 43
32 44
32 45
32 46
32 50
32 51
32 56
32 65
32 67
32 72
32 75
32 76
32 79
32 80
32 81
32 86
32 88
32 90
32 96
32 100
32 101
32 105
32 107
32 111
32 113
32 114
32 116
32 117
32 121
32 123
32 126
32 128
32 136
32 140
32 142
32 146
32 153
32 156
32 157
32 158
32 159
32 162
32 165
32 166
32 171
32 172
32 175
32 183
32 184
32 187
32 189
32 190
32 191
32 193
32 195
32 204
32 205
32 210
32 212
32 214
32 216
32 219
32 220
32 221
32 223
32 232
32 233
32 239
32 248
32 263
32 264
32 272
32 273
32 276
32 282
32 286
32 289
32 290
33 35
33 36
33 40
33 43
33 47
33 49
33 50
33 53
33 57
33 68
33 76
33 79
33 82
33 83
33 84
33 93
33 96
33 98
33 103
33 104
33 105
33 108
33 115
33 116
33 117
33 118
33 119
33 120
33 124
33 127
33 128
33 129
33 137
33 142
33 143
33 148
33 149
33 150
33 151
33 156
33 162
33 164
33 165
33 166
33 174
33 178
33 184
33 190
33 191
33 192
33 195
33 207
33 209
33 213
33 216
33 228
33 234
33 235
33 238
33 240
33 248
33 249
33 254
33 255
33 257
33 260
33 263
33 264
33 266
33 267
33 268
33 270
33 272
33 278
33 281
33 284
33 291
33 294
33 297
34 36
34 37
34 41
34 44
34 46
34 49
34 53
34 54
34 55
34 61
34 64
34 67
34 71
34 73
34 77
34 81
34 82
34 85
34 96
34 101
34 104
34 107
34 116
34 121
34 122
34 124
34 127
34 132
34 133
34 134
34 135
34 138
34 141
34 147
34 149
34 150
34 156
34 160
34 161
34 162
34 164
34 165
34 167
34 176
34 181
34 182
34 184
34 187
34 189
34 193
34 198
34 208
34 209
34 218
34 221
34 223
34 227
34 231
34 233
34 235
34 237
34 240
34 242
34 245
34 246
34 249
34 252
34 253
34 255
34 259
34 262
34 266
34 267
34 268
34 276
34 281
34 282
34 283
34 288
34 289
34 290
35 37
35 44
35 45
35 46
35 51
35 53
35 54
35 58
35 60
35 61
35 63
35 64
35 65
35 67
35 71
35 72
35 74
35 80
35 83
35 87
35 92
35 99
35 102
35 104
35 111
35 113
35 114
35 117
35 122
35 123
35 124
35 126
35 133
35 134
35 135
35 137
35 143
35 145
35 149
35 157
35 160
35 167
35 168
35 170
35 172
35 176
35 177
35 178
35 180
35 182
35 183
35 186
35 188
35 191
35 193
35 194
35 195
35 204
35 205
35 209
35 212
35 213
35 214
35 218
35 226
35 227
35 230
35 239
35 241
35 244
35 248
35 250
35 251
35 253
35 255
35 257
35 260
35 263
35 264
35 270
35 279
35 280
35 283
35 284
35 290
35 297
36 41
36 42
36 46
36 49
36 50
36 58
36 61
36 63
36 64
36 66
36 69
36 75
36 79
36 88
36 89
36 97
36 99
36 100
36 101
36 102
36 104
36 105
36 106
36 107
36 111
36 113
36 116
36 120
36 121
36 123
36 127
36 129
36 130
36 132
36 136
36 142
36 143
36 145
36 149
36 155
36 157
36 160
36 162
36 164
36 174
36 177
36 178
36 179
36 188
36 189
36 191
36 193
36 197
36 199
36 203
36 204
36 210
36 212
36 213
36 214
36 215
36 217
36 229
36 232
36 235
36 238
36 244
36 246
36 250
36 255
36 259
36 261
36 263
36 267
36 268
36 270
36 274
36 275
36 277
36 288
36 296
36 299
37 40
37 41
37 58
37 66
37 67
37 68
37 74
37 81
37 85
37 90
37 95
37 98
37 102
37 105
37 107
37 111
37 112
37 116
37 119
37 123
37 124
37 125
37 127
37 129
37 132
37 133
37 134
37 139
37 140
37 141
37 142
37 144
37 145
37 148
37 157
37 162
37 173
37 174
37 175
37 180
37 187
37 188
37 190
37 197
37 202
37 203
37 204
37 205
37 208
37 209
37 210
37 212
37 215
37 216
37 217
37 220
37 221
37 230
37 241
37 242
37 244
37 245
37 246
37 251
37 254
37 255
37 256
37 261
37 263
37 264
37 265
37 269
37 270
37 271
37 275
37 279
37 290
37 291
37 292
37 295
37 297
38 41
38 42
38 44
38 45
38 53
38 61
38 67
38 71
38 73
38 75
38 81
38 87
38 94
38 96
38 99
38 100
38 102
38 106
38 111
38 115
38 116
38 117
38 120
38 122
38 123
38 124
38 128
38 131
38 132
38 134
38 135
38 137
38 138
38 140
38 142
38 143
38 152
38 154
38 156
38 158
38 161
38 167
38 170
38 178
38 179
38 182
38 183
38 188
38 189
38 194
38 196
38 197
38 198
38 200
38 202
38 207
38 210
38 211
38 213
38 217
38 220
38 223
38 226
38 227
38 232
38 240
38 241
38 249
38 251
38 253
38 254
38 258
38 260
38 261
38 263
38 272
38 274
38 275
38 278
38 283
38 287
38 288
38 290
38 291
39 41
39 48
39 49
39 54
39 57
39 65
39 66
39 67
39 72
39 73
39 74
39 75
39 79
39 80
39 84
39 86
39 90
39 93
39 94
39 97
39 99
39 102
39 105
39 112
39 113
39 114
39 117
39 119
39 126
39 127
39 128
39 129
39 134
39 135
39 142
39 147
39 148
39 152
39 158
39 162
39 163
39 165
39 166
39 167
39 168
39 171
39 174
39 175
39 176
39 186
39 192
39 198
39 202
39 203
39 205
39 207
39 212
39 215
39 217
39 224
39 226
39 227
39 229
39 232
39 235
39 239
39 242
39 243
39 244
39 246
39 249
39 252
39 256
39 257
39 258
39 259
39 261
39 263
39 264
39 265
39 266
39 268
39 270
39 272
39 274
39 284
39 288
39 289
39 290
39 291
39 292
39 295
39 296
39 297
39 298
39 299
40 43
40 45
40 47
40 50
40 53
40 54
40 57
40 62
40 70
40 74
40 77
40 79
40 80
40 81
40 92
40 93
40 101
40 104
40 109
40 110
40 111
40 112
40 117
40 121
40 122
40 124
40 131
40 135
40 138
40 145
40 151
40 155
40 157
40 160
40 167
40 173
40 175
40 177
40 188
40 189
40 191
40 197
40 200
40 202
40 208
40 209
40 213
40 214
40 217
40 219
40 220
40 225
40 226
40 234
40 239
40 241
40 245
40 250
40 253
40 254
40 255
40 257
40 258
40 265
40 266
40 276
40 279
40 281
40 282
40 285
40 286
40 288
40 289
40 291
40 295
41 44
41 46
41 49
41 51
41 52
41 57
41 58
41 59
41 60
41 62
41 66
41 71
41 73
41 74
41 75
41 79
41 83
41 86
41 96
41 100
41 101
41 102
41 103
41 111
41 113
41 114
41 118
41 125
41 128
41 134
41 137
41 139
41 146
41 149
41 154
41 155
41 169
41 171
41 173
41 181
41 183
41 184
41 190
41 194
41 196
41 200
41 201
41 203
41 207
41 213
41 217
41 218
41 219
41 223
41 225
41 227
41 233
41 234
41 235
41 236
41 244
41 245
41 246
41 250
41 253
41 262
41 263
41 265
41 267
41 271
41 277
41 282
41 286
41 288
41 293
41 298
42 44
42 47
42 48
42 50
42 58
42 65
42 68
42 69
42 70
42 71
42 74
42 76
42 77
42 79
42 86
42 88
42 95
42 97
42 103
42 105
42 107
42 108
42 113
42 115
42 116
42 123
42 127
42 128
42 130
42 131
42 132
42 139
42 141
42 149
42 150
42 152
42 153
42 156
42 160
42 161
42 167
42 169
42 170
42 171
42 173
42 176
42 188
42 191
42 194
42 196
42 198
42 202
42 204
42 205
42 206
42 209
42 212
42 217
42 223
42 232
42 233
42 236
42 239
42 241
42 242
42 247
42 253
42 264
42 272
42 275
42 277
42 287
43 44
43 48
43 49
43 50
43 52
43 53
43 58
43 63
43 64
43 68
43 70
43 73
43 87
43 88
43 97
43 98
43 100
43 102
43 105
43 106
43 108
43 110
43 111
43 115
43 124
43 125
43 126
43 133
43 141
43 143
43 144
43 145
43 146
43 147
43 148
43 152
43 156
43 161
43 162
43 167
43 168
43 169
43 170
43 171
43 175
43 177
43 182
43 183
43 187
43 189
43 190
43 194
43 195
43 196
43 198
43 202
43 205
43 207
43 209
43 212
43 214
43 215
43 217
43 218
43 220
43 225
43 229
43 230
43 233
43 236
43 237
43 249
43 254
43 257
43 258
43 259
43 262
43 266
43 269
43 270
43 272
43 273
43 277
43 280
43 283
43 291
43 292
43 296
43 298
44 51
44 52
44 53
44 55
44 70
44 73
44 75
44 76
44 79
44 80
44 83
44 92
44 94
44 96
44 103
44 116
44 120
44 121
44 125
44 127
44 130
44 134
44 135
44 136
44 140
44 143
44 145
44 150
44 152
44 157
44 158
44 163
44 164
44 165
44 169
44 170
44 172
44 173
44 174
44 176
44 181
44 182
44 184
44 187
44 189
44 190
44 191
44 192
44 194
44 196
44 199
44 200
44 203
44 205
44 206
44 207
44 209
44 210
44 212
44 214
44 216
44 217
44 218
44 223
44 224
44 226
44 228
44 238
44 242
44 250
44 257
44 258
44 261
44 262
44 268
44 270
44 271
44 272
44 274
44 275
44 276
44 278
44 281
44 286
44 289
44 291
44 293
44 299
45 47
45 53
45 66
45 67
45 71
45 74
45 79
45 85
45 93
45 95
45 99
45 104
45 105
45 114
45 121
45 123
45 124
45 131
45 134
45 136
45 138
45 141
45 147
45 148
45 149
45 151
45 161
45 162
45 163
45 164
45 168
45 171
45 173
45 175
45 176
45 180
45 182
45 186
45 188
45 190
45 192
45 199
45 201
45 204
45 207
45 210
45 212
45 213
45 218
45 226
45 228
45 231
45 233
45 234
45 237
45 238
45 239
45 247
45 254
45 257
45 260
45 266
45 267
45 273
45 289
45 290
45 299
46 49
46 52
46 55
46 56
46 58
46 61
46 62
46 64
46 65
46 73
46 75
46 82
46 83
46 86
46 92
46 96
46 99
46 105
46 106
46 110
46 115
46 116
46 118
46 119
46 120
46 131
46 133
46 135
46 137
46 143
46 151
46 156
46 160
46 161
46 169
46 170
46 173
46 174
46 176
46 183
46 185
46 190
46 194
46 198
46 199
46 202
46 203
46 204
46 205
46 210
46 211
46 212
46 217
46 218
46 222
46 223
46 226
46 229
46 237
46 243
46 250
46 254
46 255
46 257
46 259
46 260
46 268
46 269
46 270
46 275
46 276
46 280
46 286
46 289
46 293
46 298
47 49
47 50
47 56
47 60
47 61
47 63
47 65
47 68
47 70
47 72
47 73
47 81
47 83
47 84
47 90
47 93
47 94
47 95
47 96
47 101
47 114
47 115
47 122
47 126
47 127
47 128
47 131
47 132
47 135
47 137
47 139
47 140
47 142
47 146
47 149
47 152
47 153
47 154
47 156
47 160
47 173
47 179
47 181
47 186
47 190
47 193
47 199
47 200
47 208
47 210
47 213
47 220
47 221
47 222
47 223
47 225
47 228
47 233
47 234
47 238
47 239
47 240
47 242
47 243
47 251
47 252
47 254
47 256
47 258
47 262
47 263
47 268
47 277
47 280
47 281
47 287
47 290
47 296
48 51
48 60
48 63
48 70
48 71
48 73
48 81
48 83
48 85
48 89
48 92
48 94
48 98
48 108
48 111
48 112
48 117
48 118
48 119
48 128
48 131
48 133
48 139
48 142
48 144
48 145
48 148
48 150
48 152
48 156
48 161
48 162
48 166
48 169
48 171
48 174
48 175
48 179
48 180
48 191
48 192
48 197
48 206
48 208
48 213
48 214
48 215
48 228
48 231
48 232
48 233
48 234
48 249
48 253
48 254
48 256
48 259
48 266
48 268
48 270
48 276
48 277
48 283
48 285
48 289
48 293
48 294
48 296
48 297
48 299
49 51
49 54
49 59
49 71
49 75
49 77
49 80
49 83
49 85
49 86
49 90
49 99
49 101
49 105
49 106
49 107
49 108
49 109
49 110
49 112
49 114
49 115
49 116
49 117
49 120
49 124
49 125
49 126
49 131
49 132
49 149
49 150
49 152
49 154
49 155
49 158
49 159
49 160
49 165
49 166
49 167
49 172
49 177
49 180
49 189
49 208
49 211
49 212
49 215
49 218
49 220
49 221
49 222
49 223
49 225
49 228
49 230
49 231
49 234
49 236
49 239
49 241
49 244
49 247
49 252
49 253
49 256
49 258
49 260
49 264
49 268
49 269
49 273
49 281
49 286
49 291
49 292
49 295
50 54
50 56
50 57
50 58
50 63
50 64
50 66
50 67
50 68
50 70
50 72
50 74
50 79
50 83
50 87
50 93
50 96
50 97
50 102
50 103
50 107
50 108
50 111
50 123
50 126
50 129
50 137
50 138
50 142
50 143
50 144
50 145
50 149
50 150
50 152
50 154
50 156
50 157
50 162
50 163
50 164
50 167
50 169
50 171
50 172
50 178
50 181
50 184
50 189
50 193
50 197
50 201
50 205
50 210
50 212
50 231
50 233
50 234
50 236
50 237
50 239
50 246
50 249
50 250
50 251
50 257
50 261
50 264
50 266
50 268
50 269
50 274
50 275
50 283
50 285
50 293
50 294
50 295
50 297
50 298
51 62
51 65
51 75
51 79
51 82
51 83
51 88
51 92
51 94
51 95
51 97
51 99
51 104
51 106
51 108
51 110
51 111
51 112
51 115
51 118
51 130
51 133
51 135
51 136
51 141
51 142
51 146
51 154
51 155
51 157
51 161
51 173
51 179
51 180
51 183
51 189
51 192
51 196
51 197
51 199
51 200
51 203
51 210
51 211
51 212
51 214
51 215
51 218
51 221
51 226
51 230
51 235
51 238
51 244
51 248
51 251
51 252
51 253
51 255
51 260
51 265
51 266
51 267
51 269
51 272
51 278
51 284
51 285
51 289
51 291
51 292
51 293
51 299
52 58
52 62
52 64
52 68
52 70
52 73
52 74
52 76
52 77
52 79
52 88
52 91
52 96
52 97
52 101
52 107
52 108
52 110
52 113
52 114
52 117
52 120
52 124
52 126
52 129
52 130
52 132
52 133
52 134
52 135
52 139
52 142
52 150
52 151
52 154
52 155
52 157
52 161
52 163
52 164
52 165
52 169
52 171
52 176
52 181
52 182
52 185
52 187
52 188
52 190
52 191
52 193
52 194
52 202
52 208
52 210
52 215
52 217
52 219
52 221
52 224
52 225
52 230
52 234
52 235
52 237
52 239
52 240
52 241
52 244
52 248
52 253
52 258
52 260
52 261
52 263
52 275
52 279
52 288
52 290
52 291
52 293
52 294
53 54
53 57
53 63
53 64
53 65
53 69
53 70
53 75
53 76
53 77
53 83
53 85
53 87
53 89
53 90
53 94
53 95
53 98
53 100
53 101
53 103
53 107
53 109
53 115
53 117
53 120
53 122
53 123
53 124
53 129
53 130
53 133
53 140
53 142
53 144
53 145
53 146
53 149
53 152
53 156
53 159
53 161
53 164
53 165
53 168
53 170
53 171
53 174
53 180
53 196
53 197
53 205
53 209
53 211
53 213
53 214
53 215
53 217
53 218
53 219
53 220
53 221
53 226
53 233
53 237
53 238
53 241
53 243
53 253
53 255
53 259
53 260
53 262
53 263
53 264
53 268
53 271
53 272
53 276
53 279
53 281
53 284
53 286
53 289
53 290
53 293
53 294
53 296
53 297
54 55
54 56
54 58
54 61
54 62
54 66
54 68
54 69
54 70
54 74
54 75
54 82
54 85
54 87
54 93
54 96
54 102
54 103
54 107
54 111
54 112
54 114
54 116
54 122
54 125
54 127
54 134
54 136
54 141
54 142
54 143
54 145
54 152
54 154
54 159
54 164
54 173
54 174
54 178
54 179
54 183
54 184
54 185
54 186
54 188
54 191
54 198
54 199
54 208
54 211
54 212
54 213
54 216
54 222
54 223
54 226
54 228
54 230
54 232
54 233
54 236
54 243
54 254
54 255
54 256
54 257
54 259
54 260
54 267
54 271
54 278
54 279
54 280
54 282
54 287
54 291
54 292
55 57
55 59
55 63
55 68
55 71
55 72
55 77
55 78
55 79
55 83
55 84
55 85
55 91
55 99
55 100
55 105
55 109
55 112
55 113
55 118
55 121
55 122
55 127
55 128
55 131
55 135
55 136
55 139
55 142
55 144
55 151
55 157
55 159
55 166
55 169
55 172
55 174
55 175
55 176
55 177
55 179
55 181
55 182
55 186
55 187
55 188
55 189
55 190
55 191
55 192
55 194
55 196
55 199
55 201
55 208
55 211
55 213
55 216
55 217
55 219
55 222
55 224
55 226
55 232
55 233
55 234
55 237
55 240
55 243
55 244
55 251
55 252
55 253
55 254
55 259
55 263
55 264
55 271
55 273
55 275
55 280
55 286
55 292
55 293
55 295
56 57
56 60
56 64
56 68
56 71
56 80
56 85
56 89
56 99
56 101
56 102
56 103
56 111
56 113
56 114
56 116
56 127
56 128
56 131
56 133
56 138
56 139
56 141
56 144
56 145
56 146
56 150
56 155
56 157
56 161
56 162
56 165
56 166
56 167
56 172
56 173
56 175
56 176
56 178
56 180
56 181
56 190
56 191
56 200
56 205
56 206
56 219
56 220
56 221
56 227
56 230
56 233
56 234
56 236
56 238
56 242
56 249
56 251
56 252
56 264
56 274
56 278
56 285
56 288
56 289
56 293
56 294
56 298
57 58
57 59
57 64
57 68
57 70
57 71
57 72
57 73
57 74
57 75
57 81
57 82
57 86
57 91
57 100
57 101
57 103
57 104
57 105
57 108
57 111
57 115
57 120
57 136
57 149
57 150
57 152
57 159
57 161
57 166
57 169
57 174
57 178
57 181
57 189
57 192
57 193
57 196
57 198
57 199
57 202
57 206
57 207
57 212
57 219
57 220
57 222
57 224
57 225
57 228
57 235
57 238
57 244
57 260
57 264
57 270
57 274
57 275
57 278
57 279
57 280
57 285
57 290
57 291
57 298
57 299
58 63
58 64
58 65
58 66
58 67
58 70
58 73
58 74
58 81
58 84
58 85
58 92
58 97
58 98
58 101
58 103
58 105
58 107
58 108
58 112
58 116
58 118
58 119
58 120
58 129
58 133
58 137
58 143
58 148
58 150
58 151
58 155
58 157
58 165
58 176
58 177
58 179
58 180
58 186
58 191
58 192
58 209
58 212
58 219
58 220
58 221
58 222
58 228
58 229
58 233
58 234
58 262
58 274
58 276
58 278
58 283
58 287
58 290
58 291
59 60
59 62
59 68
59 69
59 72
59 74
59 76
59 79
59 81
59 82
59 84
59 87
59 90
59 94
59 100
59 101
59 102
59 107
59 108
59 110
59 123
59 126
59 127
59 128
59 130
59 131
59 132
59 136
59 139
59 140
59 145
59 148
59 158
59 160
59 161
59 166
59 173
59 174
59 178
59 188
59 192
59 194
59 197
59 200
59 203
59 206
59 207
59 210
59 213
59 221
59 226
59 227
59 228
59 233
59 234
59 237
59 243
59 245
59 247
59 249
59 251
59 254
59 256
59 263
59 264
59 276
59 282
59 297
60 61
60 66
60 68
60 69
60 73
60 76
60 79
60 81
60 84
60 92
60 95
60 100
60 101
60 106
60 107
60 108
60 110
60 129
60 135
60 138
60 140
60 142
60 162
60 163
60 166
60 167
60 168
60 174
60 176
60 181
60 192
60 194
60 195
60 197
60 204
60 207
60 211
60 212
60 214
60 220
60 222
60 223
60 224
60 227
60 228
60 239
60 242
60 250
60 253
60 254
60 256
60 260
60 261
60 265
60 266
60 267
60 271
60 273
60 284
60 285
60 291
60 294
60 296
60 298
60 299
61 62
61 63
61 64
61 66
61 67
61 68
61 72
61 82
61 88
61 90
61 92
61 95
61 98
61 105
61 107
61 110
61 115
61 117
61 118
61 120
61 121
61 123
61 124
61 131
61 133
61 134
61 135
61 142
61 148
61 151
61 153
61 155
61 164
61 166
61 168
61 172
61 176
61 178
61 180
61 181
61 182
61 189
61 192
61 195
61 197
61 198
61 200
61 204
61 210
61 216
61 218
61 220
61 224
61 225
61 229
61 230
61 234
61 235
61 236
61 239
61 244
61 247
61 251
61 257
61 262
61 271
61 274
61 277
61 278
61 279
61 292
61 295
61 297
61 299
62 67
62 68
62 69
62 72
62 79
62 83
62 86
62 89
62 93
62 95
62 102
62 103
62 104
62 125
62 130
62 143
62 144
62 149
62 150
62 153
62 154
62 155
62 156
62 159
62 160
62 166
62 168
62 170
62 177
62 178
62 181
62 182
62 186
62 187
62 191
62 195
62 200
62 208
62 226
62 230
62 235
62 239
62 241
62 242
62 244
62 247
62 248
62 250
62 251
62 254
62 257
62 260
62 262
62 264
62 270
62 274
62 278
62 280
62 289
62 290
62 293
62 295
62 298
62 299
63 64
63 65
63 66
63 69
63 73
63 75
63 81
63 82
63 84
63 86
63 89
63 92
63 95
63 100
63 101
63 104
63 105
63 106
63 111
63 117
63 118
63 122
63 126
63 127
63 130
63 135
63 136
63 139
63 140
63 142
63 146
63 147
63 148
63 149
63 150
63 152
63 153
63 155
63 157
63 160
63 165
63 168
63 169
63 174
63 176
63 182
63 194
63 198
63 202
63 204
63 212
63 214
63 215
63 223
63 225
63 226
63 228
63 229
63 233
63 235
63 239
63 240
63 243
63 249
63 256
63 258
63 266
63 269
63 275
63 277
63 281
63 284
63 285
63 288
63 289
63 294
64 70
64 71
64 72
64 86
64 87
64 88
64 91
64 92
64 96
64 101
64 103
64 111
64 121
64 122
64 123
64 126
64 129
64 131
64 141
64 143
64 145
64 152
64 155
64 156
64 158
64 159
64 165
64 167
64 173
64 174
64 177
64 182
64 185
64 187
64 189
64 190
64 196
64 200
64 203
64 207
64 212
64 213
64 220
64 227
64 228
64 229
64 230
64 232
64 233
64 234
64 236
64 237
64 241
64 246
64 249
64 251
64 255
64 256
64 259
64 264
64 267
64 269
64 270
64 275
64 276
64 281
64 284
64 285
64 286
64 291
64 293
64 295
64 298
64 299
65 70
65 71
65 73
65 75
65 77
65 78
65 79
65 82
65 84
65 85
65 86
65 90
65 94
65 98
65 99
65 100
65 107
65 108
65 112
65 115
65 120
65 123
65 126
65 128
65 129
65 133
65 137
65 138
65 145
65 149
65 155
65 157
65 161
65 162
65 164
65 170
65 171
65 173
65 176
65 177
65 192
65 198
65 199
65 200
65 203
65 210
65 212
65 213
65 218
65 223
65 224
65 225
65 226
65 230
65 231
65 234
65 238
65 240
65 241
65 245
65 246
65 250
65 253
65 259
65 261
65 265
65 267
65 268
65 272
65 273
65 276
65 281
65 286
65 288
65 290
65 291
65 296
65 297
65 298
66 72
66 75
66 76
66 77
66 80
66 84
66 85
66 89
66 94
66 100
66 101
66 102
66 105
66 106
66 109
66 116
66 120
66 123
66 124
66 125
66 130
66 131
66 135
66 138
66 148
66 152
66 161
66 166
66 167
66 173
66 181
66 183
66 193
66 195
66 198
66 199
66 200
66 201
66 204
66 205
66 208
66 209
66 212
66 215
66 219
66 232
66 236
66 241
66 247
66 251
66 258
66 261
66 262
66 264
66 265
66 274
66 289
66 296
67 69
67 72
67 74
67 76
67 77
67 81
67 83
67 86
67 88
67 92
67 94
67 97
67 98
67 102
67 105
67 106
67 110
67 112
67 113
67 122
67 125
67 128
67 129
67 132
67 138
67 143
67 146
67 147
67 148
67 152
67 155
67 156
67 158
67 159
67 162
67 163
67 166
67 168
67 170
67 172
67 174
67 176
67 182
67 191
67 194
67 200
67 201
67 207
67 213
67 220
67 222
67 223
67 229
67 231
67 235
67 239
67 240
67 246
67 248
67 249
67 250
67 251
67 253
67 258
67 261
67 265
67 268
67 269
67 270
67 271
67 286
67 291
68 71
68 89
68 104
68 105
68 113
68 118
68 122
68 123
68 124
68 129
68 130
68 131
68 134
68 138
68 139
68 143
68 148
68 150
68 151
68 155
68 156
68 165
68 171
68 175
68 176
68 182
68 183
68 184
68 185
68 187
68 188
68 190
68 192
68 196
68 199
68 200
68 201
68 204
68 205
68 213
68 218
68 219
68 229
68 232
68 238
68 239
68 241
68 248
68 250
68 260
68 266
68 267
68 269
68 271
68 273
68 275
68 294
68 295
68 299
69 72
69 82
69 87
69 88
69 90
69 95
69 103
69 105
69 108
69 111
69 117
69 119
69 121
69 128
69 132
69 137
69 140
69 146
69 151
69 152
69 155
69 157
69 158
69 159
69 164
69 166
69 168
69 172
69 174
69 181
69 182
69 188
69 194
69 197
69 200
69 202
69 208
69 210
69 216
69 225
69 234
69 248
69 249
69 254
69 256
69 257
69 260
69 262
69 266
69 267
69 268
69 269
69 272
69 275
69 283
69 285
69 289
69 293
69 294
70 71
70 75
70 80
70 90
70 91
70 94
70 97
70 100
70 106
70 110
70 112
70 118
70 119
70 126
70 127
70 128
70 133
70 140
70 141
70 146
70 150
70 157
70 160
70 162
70 169
70 170
70 173
70 179
70 180
70 182
70 184
70 185
70 190
70 191
70 192
70 195
70 196
70 199
70 207
70 209
70 211
70 212
70 220
70 222
70 231
70 234
70 236
70 237
70 238
70 239
70 243
70 245
70 246
70 247
70 249
70 250
70 252
70 253
70 261
70 262
70 268
70 269
70 271
70 272
70 277
70 278
70 279
70 281
70 288
70 290
70 291
70 293
70 295
70 296
70 297
71 75
71 81
71 82
71 83
71 84
71 93
71 95
71 109
71 110
71 113
71 114
71 115
71 118
71 122
71 125
71 126
71 130
71 131
71 132
71 139
71 142
71 145
71 150
71 152
71 153
71 161
71 162
71 164
71 165
71 166
71 167
71 168
71 171
71 175
71 185
71 189
71 191
71 193
71 194
71 198
71 201
71 207
71 210
71 215
71 223
71 231
71 233
71 237
71 241
71 245
71 249
71 259
71 262
71 263
71 264
71 266
71 268
71 269
71 270
71 272
71 274
71 277
71 280
71 284
71 287
71 288
72 78
72 79
72 81
72 87
72 88
72 90
72 93
72 96
72 97
72 98
72 102
72 111
72 114
72 120
72 122
72 123
72 125
72 126
72 127
72 132
72 133
72 142
72 148
72 157
72 176
72 179
72 183
72 185
72 187
72 191
72 193
72 195
72 196
72 202
72 203
72 206
72 208
72 209
72 212
72 214
72 215
72 217
72 218
72 223
72 226
72 227
72 233
72 234
72 238
72 241
72 248
72 250
72 254
72 258
72 261
72 264
72 266
72 269
72 272
72 273
72 274
72 277
72 283
72 296
72 297
72 298
72 299
73 74
73 76
73 81
73 88
73 92
73 107
73 114
73 116
73 117
73 118
73 121
73 128
73 129
73 131
73 140
73 146
73 148
73 150
73 152
73 154
73 155
73 158
73 162
73 167
73 173
73 174
73 176
73 178
73 179
73 198
73 203
73 204
73 209
73 210
73 214
73 217
73 223
73 226
73 227
73 231
73 233
73 236
73 237
73 240
73 241
73 247
73 248
73 255
73 256
73 260
73 267
73 268
73 269
73 276
73 277
73 280
73 281
73 287
73 289
73 290
73 295
73 297
74 84
74 85
74 87
74 94
74 95
74 105
74 106
74 109
74 110
74 111
74 112
74 120
74 121
74 122
74 123
74 124
74 127
74 133
74 150
74 155
74 166
74 169
74 173
74 176
74 186
74 188
74 191
74 193
74 194
74 196
74 201
74 202
74 203
74 204
74 206
74 208
74 209
74 211
74 212
74 215
74 218
74 223
74 225
74 230
74 241
74 246
74 249
74 254
74 255
74 256
74 263
74 266
74 279
74 281
74 283
74 287
74 289
74 291
74 293
74 294
74 295
74 299
75 79
75 80
75 82
75 89
75 90
75 92
75 103
75 118
75 119
75 120
75 134
75 135
75 143
75 145
75 149
75 150
75 151
75 158
75 162
75 163
75 164
75 165
75 166
75 167
75 168
75 170
75 171
75 172
75 176
75 179
75 184
75 186
75 192
75 196
75 201
75 204
75 206
75 208
75 213
75 224
75 226
75 230
75 237
75 242
75 243
75 244
75 252
75 256
75 261
75 264
75 265
75 273
75 274
75 275
75 277
75 278
75 287
75 291
75 295
75 297
76 80
76 83
76 85
76 86
76 87
76 89
76 91
76 96
76 102
76 103
76 105
76 107
76 113
76 115
76 121
76 126
76 132
76 136
76 139
76 141
76 142
76 145
76 149
76 150
76 151
76 153
76 154
76 155
76 157
76 158
76 163
76 165
76 166
76 168
76 172
76 173
76 176
76 177
76 179
76 187
76 193
76 194
76 195
76 196
76 197
76 200
76 207
76 221
76 225
76 231
76 232
76 234
76 241
76 249
76 262
76 264
76 270
76 271
76 274
76 276
76 278
76 279
76 281
76 287
76 290
76 291
76 295
76 296
76 297
77 78
77 82
77 84
77 89
77 91
77 96
77 97
77 99
77 100
77 103
77 106
77 110
77 111
77 115
77 116
77 117
77 120
77 125
77 127
77 129
77 131
77 141
77 145
77 146
77 148
77 151
77 152
77 154
77 157
77 158
77 162
77 164
77 165
77 172
77 174
77 182
77 189
77 191
77 196
77 198
77 200
77 209
77 212
77 213
77 214
77 217
77 219
77 220
77 222
77 223
77 226
77 229
77 232
77 234
77 235
77 237
77 240
77 241
77 250
77 254
77 256
77 258
77 272
77 274
77 276
77 278
77 279
77 280
77 282
77 289
77 292
77 294
77 299
78 81
78 87
78 91
78 98
78 103
78 105
78 107
78 109
78 111
78 112
78 113
78 114
78 117
78 119
78 123
78 124
78 128
78 131
78 132
78 135
78 137
78 139
78 143
78 144
78 149
78 156
78 160
78 163
78 172
78 174
78 175
78 183
78 186
78 189
78 190
78 196
78 197
78 209
78 211
78 213
78 215
78 216
78 219
78 220
78 221
78 223
78 229
78 241
78 246
78 251
78 252
78 255
78 256
78 259
78 266
78 270
78 275
78 289
78 291
78 294
78 296
78 297
78 299
79 80
79 84
79 87
79 91
79 96
79 98
79 99
79 100
79 109
79 112
79 113
79 126
79 131
79 134
79 136
79 143
79 144
79 145
79 152
79 154
79 156
79 159
79 160
79 162
79 166
79 171
79 175
79 177
79 178
79 180
79 183
79 184
79 185
79 187
79 190
79 204
79 205
79 208
79 215
79 216
79 220
79 221
79 222
79 223
79 224
79 233
79 238
79 248
79 252
79 257
79 258
79 260
79 261
79 266
79 275
79 277
79 280
79 286
79 288
79 289
79 292
79 293
79 295
79 296
80 83
80 84
80 85
80 87
80 89
80 90
80 92
80 96
80 98
80 99
80 101
80 102
80 106
80 107
80 112
80 119
80 121
80 122
80 125
80 127
80 133
80 137
80 140
80 141
80 142
80 146
80 159
80 163
80 171
80 172
80 175
80 178
80 180
80 185
80 194
80 197
80 198
80 200
80 206
80 207
80 208
80 211
80 212
80 214
80 216
80 223
80 224
80 227
80 232
80 235
80 242
80 243
80 244
80 246
80 247
80 248
80 250
80 256
80 257
80 262
80 263
80 267
80 269
80 273
80 276
80 278
80 280
80 281
80 282
80 288
80 291
80 294
80 296
81 97
81 103
81 104
81 105
81 108
81 113
81 115
81 116
81 121
81 123
81 125
81 130
81 136
81 137
81 139
81 142
81 143
81 144
81 146
81 157
81 168
81 169
81 172
81 175
81 178
81 189
81 192
81 195
81 197
81 214
81 215
81 221
81 222
81 228
81 229
81 230
81 236
81 247
81 250
81 252
81 253
81 255
81 257
81 258
81 260
81 261
81 263
81 264
81 273
81 276
81 292
81 299
82 85
82 86
82 91
82 94
82 96
82 101
82 104
82 105
82 106
82 112
82 114
82 119
82 122
82 131
82 137
82 139
82 142
82 143
82 144
82 149
82 150
82 151
82 155
82 157
82 158
82 163
82 165
82 167
82 170
82 171
82 174
82 175
82 179
82 181
82 184
82 190
82 193
82 197
82 200
82 201
82 207
82 208
82 210
82 212
82 213
82 214
82 215
82 220
82 221
82 234
82 235
82 239
82 240
82 244
82 245
82 246
82 247
82 249
82 253
82 254
82 258
82 259
82 260
82 265
82 267
82 268
82 269
82 275
82 277
82 278
82 285
82 292
82 295
82 297
83 88
83 92
83 94
83 95
83 98
83 99
83 105
83 106
83 108
83 110
83 112
83 113
83 114
83 124
83 127
83 132
83 137
83 139
83 145
83 147
83 149
83 150
83 156
83 161
83 164
83 177
83 178
83 181
83 182
83 187
83 193
83 194
83 201
83 207
83 211
83 221
83 223
83 226
83 232
83 236
83 238
83 240
83 241
83 244
83 246
83 248
83 250
83 251
83 252
83 255
83 268
83 271
83 273
83 276
83 277
83 279
83 280
83 281
83 283
83 287
83 289
83 293
83 295
83 297
83 299
84 89
84 92
84 94
84 95
84 100
84 103
84 105
84 113
84 114
84 116
84 119
84 130
84 131
84 132
84 141
84 143
84 147
84 151
84 152
84 156
84 167
84 171
84 172
84 173
84 174
84 175
84 176
84 178
84 180
84 181
84 183
84 185
84 200
84 201
84 206
84 208
84 209
84 211
84 218
84 220
84 222
84 224
84 227
84 229
84 231
84 235
84 238
84 245
84 247
84 250
84 251
84 252
84 253
84 254
84 256
84 257
84 259
84 265
84 267
84 269
84 272
84 275
84 276
84 279
84 280
84 284
84 286
84 288
84 290
84 291
84 293
84 295
85 88
85 94
85 96
85 97
85 101
85 105
85 107
85 115
85 116
85 117
85 120
85 121
85 130
85 131
85 133
85 134
85 135
85 138
85 139
85 145
85 152
85 153
85 154
85 161
85 162
85 167
85 171
85 181
85 183
85 191
85 193
85 195
85 196
85 197
85 200
85 203
85 209
85 220
85 225
85 229
85 236
85 237
85 238
85 242
85 244
85 252
85 253
85 256
85 258
85 260
85 264
85 265
85 270
85 272
85 273
85 277
85 279
85 280
85 283
85 286
85 287
85 291
85 293
85 298
86 88
86 90
86 92
86 93
86 94
86 98
86 100
86 101
86 105
86 117
86 119
86 129
86 130
86 131
86 133
86 137
86 138
86 139
86 145
86 150
86 151
86 152
86 154
86 157
86 159
86 164
86 165
86 166
86 167
86 171
86 174
86 175
86 176
86 179
86 185
86 189
86 194
86 196
86 198
86 199
86 203
86 204
86 207
86 219
86 223
86 229
86 233
86 236
86 237
86 238
86 239
86 240
86 241
86 244
86 246
86 248
86 249
86 250
86 259
86 260
86 268
86 274
86 276
86 285
86 293
86 294
86 296
87 89
87 96
87 97
87 104
87 106
87 114
87 115
87 117
87 118
87 123
87 131
87 132
87 133
87 140
87 149
87 151
87 152
87 154
87 155
87 157
87 159
87 161
87 164
87 166
87 168
87 183
87 185
87 186
87 189
87 198
87 200
87 202
87 203
87 206
87 209
87 210
87 213
87 219
87 226
87 229
87 230
87 240
87 249
87 250
87 253
87 259
87 265
87 266
87 276
87 286
87 287
87 290
87 291
88 91
88 94
88 95
88 97
88 98
88 101
88 104
88 105
88 115
88 117
88 120
88 121
88 127
88 130
88 136
88 143
88 144
88 149
88 150
88 151
88 153
88 154
88 155
88 160
88 162
88 165
88 174
88 177
88 178
88 179
88 180
88 188
88 190
88 191
88 192
88 194
88 211
88 216
88 220
88 224
88 226
88 228
88 230
88 232
88 240
88 242
88 243
88 246
88 248
88 249
88 262
88 263
88 265
88 268
88 269
88 270
88 272
88 276
88 279
88 281
88 286
88 287
88 288
88 294
89 91
89 96
89 98
89 100
89 102
89 104
89 108
89 111
89 112
89 117
89 122
89 125
89 126
89 127
89 131
89 137
89 138
89 140
89 142
89 145
89 149
89 153
89 158
89 160
89 164
89 165
89 167
89 177
89 183
89 184
89 185
89 186
89 188
89 191
89 193
89 194
89 197
89 204
89 214
89 216
89 217
89 221
89 226
89 228
89 229
89 231
89 235
89 236
89 240
89 242
89 246
89 249
89 252
89 255
89 257
89 258
89 260
89 265
89 272
89 276
89 280
89 283
89 284
89 293
89 296
89 298
90 91
90 93
90 94
90 95
90 96
90 97
90 98
90 101
90 103
90 105
90 111
90 112
90 116
90 119
90 120
90 124
90 125
90 127
90 129
90 137
90 138
90 141
90 142
90 146
90 150
90 152
90 161
90 166
90 172
90 179
90 181
90 183
90 185
90 193
90 197
90 199
90 201
90 204
90 216
90 217
90 224
90 227
90 233
90 234
90 236
90 243
90 244
90 246
90 251
90 252
90 255
90 256
90 260
90 263
90 268
90 270
90 271
90 272
90 274
90 275
90 278
90 280
90 283
90 284
90 297
91 92
91 93
91 94
91 95
91 96
91 107
91 110
91 115
91 118
91 119
91 121
91 122
91 125
91 132
91 134
91 136
91 139
91 141
91 147
91 150
91 157
91 158
91 165
91 170
91 173
91 178
91 180
91 182
91 183
91 185
91 187
91 197
91 200
91 201
91 202
91 203
91 204
91 207
91 211
91 215
91 216
91 224
91 230
91 231
91 236
91 239
91 241
91 248
91 252
91 253
91 254
91 260
91 261
91 266
91 269
91 271
91 272
91 275
91 276
91 277
91 279
91 292
91 293
91 294
91 295
92 94
92 99
92 102
92 104
92 107
92 108
92 112
92 113
92 117
92 120
92 121
92 123
92 126
92 130
92 132
92 135
92 142
92 145
92 146
92 148
92 153
92 156
92 158
92 159
92 163
92 166
92 168
92 173
92 177
92 178
92 179
92 181
92 182
92 184
92 192
92 199
92 201
92 202
92 203
92 204
92 210
92 211
92 214
92 217
92 220
92 223
92 224
92 226
92 227
92 230
92 232
92 233
92 238
92 239
92 250
92 256
92 263
92 265
92 266
92 268
92 269
92 270
92 276
92 278
92 279
92 282
92 284
92 286
92 292
92 295
92 296
92 297
92 298
93 99
93 103
93 104
93 105
93 106
93 110
93 113
93 116
93 117
93 118
93 123
93 124
93 126
93 127
93 130
93 133
93 135
93 138
93 141
93 145
93 147
93 151
93 152
93 153
93 154
93 156
93 159
93 160
93 161
93 162
93 163
93 164
93 165
93 166
93 169
93 170
93 171
93 173
93 183
93 185
93 191
93 192
93 198
93 202
93 203
93 205
93 207
93 210
93 214
93 217
93 218
93 219
93 220
93 222
93 223
93 227
93 229
93 239
93 241
93 242
93 244
93 245
93 250
93 256
93 262
93 268
93 269
93 272
93 276
93 278
93 283
93 284
93 295
94 96
94 98
94 100
94 105
94 106
94 112
94 117
94 118
94 119
94 123
94 124
94 126
94 128
94 137
94 140
94 142
94 144
94 151
94 153
94 156
94 160
94 161
94 165
94 166
94 170
94 180
94 181
94 183
94 192
94 198
94 202
94 203
94 208
94 209
94 215
94 217
94 220
94 221
94 231
94 232
94 233
94 234
94 238
94 241
94 245
94 246
94 252
94 255
94 257
94 258
94 261
94 263
94 267
94 268
94 270
94 271
94 279
94 284
94 286
94 287
94 288
94 294
94 295
94 296
94 297
94 299
95 100
95 105
95 106
95 107
95 115
95 116
95 119
95 121
95 122
95 123
95 126
95 129
95 134
95 140
95 141
95 143
95 152
95 160
95 162
95 169
95 170
95 173
95 186
95 194
95 195
95 197
95 198
95 200
95 202
95 206
95 211
95 212
95 213
95 216
95 218
95 219
95 223
95 224
95 225
95 234
95 237
95 246
95 252
95 255
95 260
95 266
95 270
95 271
95 272
95 273
95 275
95 279
95 282
95 285
95 291
95 295
95 296
96 97
96 98
96 99
96 100
96 103
96 107
96 110
96 113
96 123
96 125
96 126
96 134
96 136
96 138
96 140
96 147
96 149
96 150
96 154
96 156
96 158
96 164
96 167
96 170
96 183
96 184
96 190
96 192
96 197
96 200
96 201
96 208
96 212
96 215
96 222
96 224
96 227
96 228
96 229
96 232
96 237
96 244
96 247
96 248
96 249
96 255
96 256
96 258
96 265
96 266
96 269
96 272
96 282
96 283
96 284
96 285
96 286
96 289
96 291
96 293
96 294
96 296
96 298
96 299
97 104
97 114
97 116
97 119
97 122
97 124
97 127
97 136
97 140
97 142
97 145
97 152
97 162
97 164
97 172
97 173
97 175
97 177
97 178
97 194
97 195
97 196
97 199
97 200
97 203
97 209
97 213
97 214
97 215
97 217
97 219
97 224
97 228
97 233
97 235
97 242
97 243
97 244
97 253
97 255
97 257
97 258
97 262
97 264
97 267
97 273
97 274
97 276
97 279
97 281
97 282
97 290
97 292
97 293
98 100
98 104
98 107
98 112
98 113
98 116
98 118
98 122
98 125
98 126
98 127
98 129
98 131
98 132
98 142
98 147
98 153
98 157
98 164
98 168
98 172
98 174
98 177
98 180
98 185
98 188
98 189
98 191
98 201
98 202
98 203
98 205
98 207
98 215
98 217
98 218
98 220
98 224
98 225
98 227
98 229
98 230
98 236
98 239
98 240
98 241
98 242
98 244
98 248
98 252
98 254
98 258
98 259
98 262
98 267
98 269
98 271
98 277
98 278
98 288
98 291
98 297
99 100
99 101
99 105
99 107
99 111
99 112
99 113
99 114
99 115
99 116
99 117
99 118
99 123
99 125
99 127
99 130
99 134
99 135
99 136
99 137
99 141
99 142
99 145
99 148
99 149
99 150
99 155
99 161
99 163
99 164
99 169
99 172
99 174
99 176
99 180
99 181
99 182
99 190
99 205
99 206
99 211
99 213
99 214
99 216
99 218
99 221
99 231
99 232
99 241
99 243
99 244
99 250
99 262
99 264
99 267
99 272
99 273
99 275
99 276
99 282
99 283
99 287
99 290
99 291
99 293
99 295
99 299
100 109
100 110
100 121
100 123
100 124
100 127
100 129
100 135
100 140
100 144
100 146
100 147
100 148
100 158
100 173
100 178
100 181
100 182
100 186
100 189
100 195
100 196
100 198
100 202
100 207
100 208
100 210
100 215
100 219
100 223
100 228
100 229
100 239
100 242
100 247
100 251
100 260
100 263
100 265
100 268
100 271
100 276
100 280
100 282
100 292
100 295
100 296
101 102
101 105
101 110
101 112
101 114
101 118
101 119
101 120
101 126
101 127
101 131
101 132
101 133
101 137
101 142
101 147
101 151
101 164
101 165
101 166
101 168
101 169
101 178
101 179
101 181
101 185
101 187
101 188
101 191
101 193
101 194
101 198
101 201
101 204
101 205
101 210
101 212
101 213
101 215
101 220
101 221
101 226
101 229
101 236
101 240
101 243
101 245
101 246
101 254
101 256
101 257
101 264
101 267
101 268
101 269
101 274
101 282
101 283
101 287
101 289
102 104
102 108
102 113
102 120
102 125
102 126
102 128
102 131
102 132
102 134
102 135
102 137
102 139
102 143
102 144
102 145
102 153
102 155
102 156
102 161
102 163
102 171
102 176
102 178
102 179
102 182
102 184
102 185
102 186
102 189
102 192
102 193
102 204
102 206
102 213
102 216
102 217
102 220
102 224
102 236
102 244
102 246
102 248
102 250
102 255
102 260
102 261
102 263
102 266
102 268
102 269
102 272
102 275
102 276
102 277
102 282
102 284
102 287
102 293
102 296
102 298
103 104
103 105
103 107
103 110
103 111
103 112
103 114
103 115
103 120
103 122
103 136
103 137
103 139
103 141
103 144
103 147
103 148
103 149
103 156
103 157
103 159
103 163
103 164
103 165
103 168
103 170
103 173
103 178
103 180
103 181
103 182
103 183
103 186
103 187
103 195
103 197
103 198
103 199
103 201
103 203
103 214
103 217
103 220
103 224
103 235
103 237
103 242
103 244
103 246
103 254
103 256
103 257
103 259
103 260
103 263
103 267
103 269
103 273
103 275
103 276
103 281
103 286
103 289
103 290
104 106
104 112
104 115
104 116
104 127
104 128
104 129
104 130
104 132
104 133
104 134
104 135
104 142
104 143
104 150
104 151
104 153
104 157
104 160
104 162
104 169
104 170
104 171
104 175
104 176
104 178
104 180
104 182
104 186
104 191
104 192
104 193
104 195
104 196
104 197
104 200
104 202
104 206
104 210
104 211
104 221
104 223
104 226
104 227
104 228
104 233
104 240
104 245
104 253
104 255
104 264
104 266
104 271
104 273
104 275
104 276
104 277
104 278
104 281
104 283
104 286
104 297
104 299
105 107
105 108
105 111
105 112
105 114
105 115
105 117
105 118
105 128
105 129
105 131
105 132
105 134
105 135
105 136
105 137
105 139
105 140
105 143
105 150
105 153
105 155
105 159
105 160
105 164
105 165
105 167
105 168
105 169
105 170
105 171
105 172
105 175
105 177
105 179
105 187
105 188
105 197
105 201
105 204
105 205
105 207
105 211
105 212
105 214
105 215
105 216
105 217
105 218
105 219
105 222
105 223
105 224
105 229
105 237
105 245
105 250
105 251
105 253
105 255
105 262
105 266
105 269
105 270
105 273
105 275
105 278
105 279
105 281
105 285
105 286
105 288
105 291
105 292
105 298
106 109
106 115
106 116
106 121
106 124
106 128
106 130
106 132
106 139
106 146
106 151
106 152
106 156
106 158
106 169
106 171
106 172
106 174
106 180
106 190
106 191
106 192
106 196
106 199
106 202
106 210
106 212
106 213
106 218
106 219
106 226
106 227
106 232
106 234
106 235
106 236
106 237
106 239
106 240
106 243
106 247
106 256
106 258
106 260
106 265
106 267
106 270
106 276
106 278
106 282
106 289
106 290
106 292
106 298
106 299
107 117
107 118
107 119
107 122
107 123
107 127
107 128
107 132
107 133
107 135
107 137
107 138
107 141
107 142
107 145
107 147
107 148
107 151
107 154
107 158
107 160
107 163
107 164
107 167
107 173
107 176
107 182
107 184
107 188
107 189
107 194
107 195
107 199
107 201
107 206
107 211
107 212
107 217
107 231
107 232
107 236
107 237
107 252
107 253
107 266
107 268
107 275
107 278
107 280
107 283
107 285
107 289
107 295
107 297
108 111
108 112
108 120
108 125
108 126
108 130
108 131
108 132
108 133
108 134
108 139
108 141
108 143
108 147
108 152
108 158
108 160
108 161
108 169
108 170
108 173
108 175
108 176
108 182
108 187
108 189
108 193
108 195
108 197
108 199
108 206
108 218
108 219
108 224
108 225
108 230
108 236
108 240
108 245
108 254
108 269
108 284
108 285
108 287
108 288
108 294
108 299
109 114
109 123
109 125
109 126
109 130
109 132
109 134
109 136
109 137
109 138
109 141
109 144
109 159
109 161
109 165
109 173
109 174
109 175
109 176
109 185
109 188
109 189
109 194
109 199
109 200
109 209
109 215
109 217
109 219
109 220
109 225
109 227
109 228
109 229
109 230
109 233
109 238
109 239
109 243
109 244
109 249
109 251
109 256
109 260
109 262
109 263
109 264
109 265
109 266
109 273
109 275
109 293
109 299
110 111
110 115
110 117
110 121
110 124
110 125
110 128
110 134
110 136
110 141
110 142
110 146
110 151
110 157
110 158
110 163
110 166
110 169
110 172
110 178
110 179
110 180
110 181
110 184
110 185
110 186
110 188
110 193
110 194
110 196
110 200
110 203
110 209
110 212
110 213
110 216
110 218
110 222
110 228
110 230
110 234
110 239
110 240
110 241
110 247
110 249
110 252
110 258
110 261
110 262
110 263
110 264
110 265
110 267
110 269
110 271
110 272
110 273
110 275
110 282
110 284
110 287
110 288
110 289
110 291
110 293
110 295
110 297
110 298
110 299
111 114
111 115
111 120
111 123
111 126
111 128
111 129
111 136
111 137
111 139
111 140
111 143
111 144
111 145
111 148
111 151
111 152
111 153
111 157
111 162
111 163
111 165
111 170
111 171
111 172
111 176
111 180
111 185
111 192
111 193
111 194
111 197
111 198
111 202
111 203
111 205
111 210
111 218
111 223
111 225
111 228
111 229
111 230
111 231
111 232
111 233
111 234
111 236
111 241
111 243
111 248
111 251
111 255
111 257
111 261
111 266
111 277
111 279
111 281
111 284
111 288
111 289
111 294
111 299
112 113
112 124
112 127
112 128
112 129
112 130
112 131
112 140
112 144
112 147
112 150
112 154
112 159
112 164
112 167
112 168
112 169
112 170
112 171
112 178
112 185
112 186
112 188
112 197
112 198
112 199
112 200
112 204
112 211
112 212
112 217
112 218
112 219
112 222
112 225
112 226
112 227
112 228
112 233
112 245
112 250
112 251
112 252
112 253
112 254
112 256
112 257
112 262
112 266
112 267
112 273
112 277
112 281
112 282
112 283
112 285
112 290
112 292
112 294
112 297
113 115
113 118
113 119
113 121
113 123
113 124
113 130
113 131
113 132
113 134
113 136
113 137
113 139
113 142
113 147
113 151
113 152
113 157
113 162
113 165
113 166
113 167
113 170
113 171
113 172
113 174
113 180
113 182
113 184
113 186
113 187
113 188
113 193
113 194
113 200
113 201
113 202
113 216
113 217
113 227
113 228
113 234
113 236
113 246
113 249
113 251
113 254
113 256
113 259
113 267
113 268
113 269
113 276
113 279
113 285
113 289
113 290
113 296
113 298
114 116
114 120
114 121
114 123
114 124
114 129
114 133
114 134
114 137
114 140
114 145
114 149
114 154
114 159
114 166
114 177
114 181
114 184
114 186
114 187
114 190
114 191
114 198
114 199
114 200
114 204
114 207
114 213
114 214
114 216
114 217
114 218
114 223
114 226
114 228
114 229
114 236
114 241
114 249
114 255
114 262
114 265
114 267
114 272
114 275
114 276
114 277
114 282
114 289
114 291
114 292
114 296
114 297
114 298
115 116
115 117
115 120
115 121
115 125
115 134
115 143
115 145
115 146
115 150
115 152
115 155
115 157
115 159
115 162
115 163
115 169
115 170
115 172
115 179
115 182
115 190
115 191
115 192
115 193
115 194
115 199
115 205
115 208
115 209
115 212
115 214
115 217
115 221
115 230
115 231
115 235
115 244
115 246
115 248
115 259
115 260
115 268
115 272
115 275
115 278
115 280
115 290
115 295
115 296
116 121
116 124
116 125
116 126
116 131
116 141
116 142
116 143
116 146
116 147
116 150
116 151
116 152
116 165
116 168
116 171
116 176
116 177
116 181
116 184
116 188
116 189
116 194
116 196
116 199
116 200
116 202
116 204
116 206
116 210
116 211
116 213
116 218
116 228
116 231
116 243
116 253
116 260
116 263
116 264
116 268
116 269
116 272
116 273
116 281
116 283
116 284
116 286
117 122
117 126
117 127
117 129
117 130
117 132
117 138
117 140
117 142
117 143
117 147
117 150
117 151
117 155
117 156
117 160
117 168
117 169
117 174
117 180
117 181
117 182
117 184
117 189
117 191
117 192
117 194
117 197
117 199
117 200
117 201
117 211
117 215
117 224
117 234
117 235
117 236
117 240
117 248
117 254
117 262
117 263
117 265
117 266
117 268
117 270
117 271
117 272
117 275
117 281
117 283
117 285
117 289
117 292
117 293
117 297
117 298
118 125
118 138
118 139
118 140
118 142
118 145
118 148
118 149
118 150
118 158
118 160
118 163
118 169
118 170
118 171
118 172
118 173
118 174
118 177
118 182
118 183
118 184
118 186
118 187
118 188
118 201
118 203
118 205
118 207
118 212
118 214
118 215
118 218
118 221
118 222
118 225
118 229
118 234
118 236
118 240
118 241
118 246
118 248
118 249
118 251
118 253
118 254
118 263
118 264
118 265
118 266
118 267
118 274
118 275
118 280
118 281
118 285
118 288
118 289
118 290
118 293
118 295
118 298
118 299
119 120
119 122
119 126
119 127
119 131
119 135
119 136
119 138
119 141
119 146
119 149
119 150
119 151
119 152
119 153
119 157
119 161
119 167
119 171
119 174
119 182
119 183
119 184
119 185
119 197
119 200
119 213
119 215
119 222
119 223
119 227
119 231
119 239
119 243
119 249
119 250
119 254
119 255
119 258
119 259
119 264
119 270
119 273
119 274
119 279
119 280
119 282
119 285
119 289
120 121
120 123
120 125
120 127
120 131
120 133
120 134
120 136
120 139
120 141
120 143
120 144
120 151
120 152
120 155
120 158
120 159
120 160
120 162
120 163
120 165
120 166
120 170
120 174
120 177
120 179
120 187
120 189
120 190
120 191
120 195
120 204
120 209
120 211
120 215
120 221
120 224
120 230
120 231
120 234
120 235
120 236
120 239
120 240
120 250
120 255
120 259
120 260
120 261
120 267
120 270
120 272
120 276
120 277
120 280
120 282
120 284
120 285
120 287
120 289
120 290
120 292
120 293
120 299
121 124
121 133
121 135
121 137
121 142
121 146
121 150
121 153
121 159
121 161
121 163
121 164
121 165
121 168
121 179
121 180
121 183
121 187
121 189
121 193
121 194
121 196
121 197
121 204
121 210
121 211
121 214
121 218
121 225
121 228
121 231
121 234
121 236
121 239
121 241
121 242
121 243
121 244
121 248
121 250
121 251
121 254
121 257
121 259
121 267
121 268
121 269
121 272
121 274
121 276
121 280
121 288
121 290
121 294
121 295
122 124
122 125
122 128
122 129
122 133
122 134
122 142
122 146
122 147
122 152
122 153
122 156
122 159
122 163
122 169
122 172
122 173
122 174
122 180
122 186
122 192
122 193
122 194
122 202
122 206
122 207
122 211
122 214
122 219
122 225
122 227
122 229
122 230
122 233
122 236
122 237
122 244
122 248
122 249
122 253
122 256
122 259
122 263
122 278
122 287
122 295
122 298
122 299
123 128
123 133
123 138
123 139
123 140
123 141
123 165
123 167
123 168
123 172
123 178
123 180
123 181
123 188
123 196
123 198
123 199
123 210
123 212
123 215
123 218
123 223
123 224
123 228
123 234
123 236
123 237
123 239
123 240
123 241
123 242
123 246
123 247
123 248
123 251
123 253
123 255
123 257
123 264
123 273
123 282
123 283
123 289
123 291
123 293
123 299
124 125
124 137
124 138
124 140
124 141
124 144
124 147
124 153
124 156
124 165
124 167
124 169
124 173
124 179
124 181
124 183
124 189
124 190
124 191
124 197
124 203
124 204
124 205
124 208
124 213
124 217
124 218
124 222
124 226
124 227
124 229
124 237
124 239
124 241
124 242
124 245
124 250
124 251
124 255
124 257
124 258
124 261
124 263
124 264
124 268
124 271
124 273
124 275
124 276
124 279
124 284
124 285
124 288
124 290
124 297
124 298
125 127
125 129
125 133
125 136
125 139
125 141
125 145
125 147
125 151
125 153
125 160
125 165
125 168
125 169
125 171
125 183
125 190
125 191
125 196
125 198
125 201
125 203
125 207
125 208
125 209
125 219
125 226
125 231
125 232
125 235
125 238
125 240
125 241
125 247
125 249
125 251
125 252
125 253
125 267
125 271
125 272
125 277
125 278
126 132
126 139
126 145
126 156
126 168
126 169
126 172
126 174
126 175
126 179
126 182
126 183
126 186
126 190
126 192
126 195
126 198
126 199
126 213
126 216
126 217
126 218
126 219
126 223
126 232
126 236
126 244
126 249
126 250
126 254
126 255
126 256
126 259
126 261
126 266
126 271
126 273
126 276
126 277
126 279
126 284
126 289
126 292
126 294
126 295
126 296
126 298
127 137
127 142
127 143
127 147
127 149
127 153
127 157
127 166
127 168
127 170
127 171
127 176
127 177
127 178
127 179
127 183
127 184
127 188
127 192
127 201
127 203
127 207
127 215
127 217
127 219
127 220
127 222
127 224
127 232
127 243
127 244
127 249
127 250
127 251
127 252
127 254
127 263
127 267
127 270
127 273
127 276
127 278
127 279
127 280
127 286
127 287
127 291
127 293
127 298
127 299
128 129
128 137
128 138
128 139
128 142
128 143
128 144
128 147
128 151
128 156
128 158
128 159
128 161
128 164
128 165
128 169
128 173
128 180
128 181
128 182
128 183
128 186
128 188
128 193
128 194
128 195
128 200
128 201
128 202
128 203
128 204
128 206
128 220
128 222
128 223
128 225
128 228
128 233
128 247
128 250
128 252
128 254
128 256
128 263
128 270
128 276
128 280
128 286
128 296
128 298
129 132
129 141
129 147
129 149
129 153
129 154
129 157
129 163
129 165
129 167
129 169
129 170
129 172
129 177
129 192
129 199
129 210
129 212
129 219
129 223
129 227
129 229
129 235
129 241
129 247
129 250
129 258
129 262
129 272
129 275
129 278
129 280
129 283
129 284
129 286
129 287
129 288
129 289
129 294
129 295
129 296
129 297
129 299
130 132
130 133
130 139
130 146
130 147
130 148
130 151
130 152
130 154
130 159
130 162
130 163
130 164
130 167
130 172
130 175
130 191
130 198
130 203
130 204
130 210
130 213
130 215
130 217
130 218
130 225
130 230
130 231
130 233
130 235
130 242
130 252
130 254
130 256
130 258
130 267
130 270
130 274
130 278
130 283
130 287
130 289
130 290
130 293
130 299
131 132
131 134
131 138
131 143
131 144
131 147
131 148
131 149
131 156
131 157
131 163
131 164
131 170
131 178
131 180
131 182
131 186
131 189
131 193
131 195
131 198
131 201
131 203
131 210
131 211
131 214
131 216
131 224
131 225
131 231
131 239
131 245
131 246
131 249
131 253
131 254
131 261
131 263
131 264
131 272
131 278
131 289
131 291
131 297
132 134
132 137
132 140
132 141
132 146
132 147
132 149
132 157
132 158
132 159
132 163
132 164
132 165
132 166
132 167
132 169
132 170
132 175
132 177
132 178
132 184
132 189
132 202
132 205
132 210
132 212
132 214
132 226
132 238
132 242
132 246
132 249
132 250
132 264
132 266
132 267
132 269
132 270
132 274
132 287
132 289
132 290
132 296
132 298
133 134
133 139
133 143
133 144
133 149
133 150
133 151
133 154
133 156
133 157
133 162
133 167
133 170
133 174
133 179
133 183
133 185
133 188
133 189
133 191
133 193
133 195
133 201
133 204
133 213
133 218
133 230
133 231
133 240
133 242
133 244
133 254
133 256
133 261
133 265
133 274
133 275
133 276
133 278
133 279
133 283
133 285
133 288
133 294
133 298
134 135
134 137
134 140
134 142
134 143
134 144
134 149
134 157
134 162
134 163
134 166
134 168
134 171
134 176
134 178
134 187
134 190
134 191
134 195
134 199
134 201
134 206
134 214
134 220
134 222
134 223
134 224
134 229
134 230
134 236
134 239
134 248
134 250
134 253
134 265
134 266
134 268
134 269
134 270
134 273
134 277
134 278
134 279
134 280
134 294
134 297
134 299
135 137
135 139
135 142
135 144
135 145
135 157
135 160
135 168
135 178
135 180
135 181
135 182
135 185
135 203
135 209
135 212
135 215
135 216
135 217
135 225
135 226
135 232
135 237
135 241
135 243
135 244
135 253
135 254
135 256
135 259
135 260
135 261
135 262
135 266
135 268
135 271
135 272
135 276
135 280
135 281
135 287
135 291
135 297
136 138
136 139
136 145
136 151
136 154
136 164
136 165
136 174
136 184
136 192
136 196
136 198
136 204
136 205
136 219
136 222
136 223
136 224
136 228
136 229
136 230
136 231
136 233
136 237
136 239
136 245
136 249
136 254
136 259
136 260
136 261
136 263
136 264
136 268
136 269
136 278
136 280
136 288
136 289
136 292
136 296
136 297
137 140
137 141
137 144
137 146
137 147
137 153
137 159
137 160
137 169
137 170
137 174
137 177
137 181
137 185
137 186
137 189
137 191
137 192
137 195
137 197
137 202
137 205
137 209
137 214
137 228
137 230
137 232
137 234
137 235
137 236
137 238
137 239
137 240
137 243
137 246
137 250
137 251
137 252
137 256
137 258
137 261
137 264
137 267
137 273
137 275
137 279
137 282
137 291
137 292
137 293
137 298
137 299
138 140
138 143
138 144
138 146
138 148
138 153
138 154
138 157
138 158
138 167
138 169
138 171
138 174
138 181
138 184
138 190
138 192
138 199
138 200
138 204
138 209
138 210
138 211
138 219
138 220
138 221
138 228
138 229
138 233
138 235
138 240
138 244
138 249
138 253
138 254
138 255
138 259
138 270
138 276
138 277
138 279
138 280
138 281
138 283
138 284
138 289
138 293
138 298
138 299
139 141
139 143
139 150
139 151
139 157
139 166
139 176
139 177
139 179
139 182
139 183
139 184
139 186
139 188
139 189
139 194
139 195
139 199
139 207
139 216
139 219
139 220
139 221
139 230
139 246
139 252
139 253
139 255
139 259
139 263
139 274
139 275
139 277
139 278
139 283
139 288
139 289
139 293
139 294
139 295
140 144
140 146
140 148
140 153
140 158
140 160
140 161
140 168
140 170
140 175
140 176
140 188
140 192
140 193
140 194
140 196
140 198
140 199
140 205
140 211
140 213
140 214
140 216
140 220
140 221
140 224
140 226
140 237
140 238
140 239
140 240
140 241
140 244
140 247
140 251
140 252
140 271
140 273
140 276
140 280
140 282
140 283
140 293
140 295
140 297
141 145
141 156
141 158
141 159
141 160
141 164
141 167
141 168
141 171
141 175
141 179
141 182
141 188
141 193
141 194
141 195
141 196
141 200
141 208
141 211
141 213
141 214
141 215
141 221
141 226
141 227
141 228
141 229
141 232
141 239
141 242
141 245
141 250
141 253
141 254
141 255
141 270
141 271
141 272
141 278
141 284
141 285
141 288
141 290
141 293
142 143
142 145
142 148
142 149
142 158
142 164
142 166
142 168
142 170
142 171
142 174
142 176
142 184
142 185
142 186
142 187
142 190
142 193
142 194
142 201
142 206
142 207
142 210
142 211
142 213
142 218
142 223
142 224
142 228
142 231
142 233
142 236
142 238
142 244
142 251
142 256
142 262
142 264
142 266
142 274
142 276
142 278
142 279
142 281
142 285
142 291
142 295
142 296
142 299
143 146
143 149
143 154
143 155
143 156
143 163
143 165
143 167
143 171
143 172
143 173
143 174
143 175
143 178
143 188
143 192
143 193
143 199
143 202
143 204
143 205
143 211
143 213
143 223
143 234
143 239
143 240
143 241
143 242
143 243
143 248
143 249
143 250
143 259
143 260
143 262
143 263
143 265
143 270
143 271
143 274
143 278
143 281
143 282
143 283
143 284
143 291
143 294
143 296
143 299
144 156
144 159
144 166
144 167
144 171
144 172
144 173
144 175
144 180
144 183
144 185
144 190
144 193
144 194
144 198
144 200
144 203
144 206
144 207
144 209
144 212
144 217
144 228
144 229
144 231
144 233
144 236
144 239
144 241
144 245
144 246
144 248
144 252
144 253
144 255
144 256
144 258
144 259
144 260
144 261
144 267
144 268
144 270
144 271
144 276
144 277
144 280
144 281
144 282
144 286
144 291
144 294
144 296
145 149
145 151
145 152
145 158
145 161
145 162
145 165
145 167
145 171
145 179
145 180
145 184
145 185
145 187
145 193
145 194
145 197
145 199
145 206
145 208
145 209
145 210
145 223
145 229
145 233
145 234
145 236
145 239
145 240
145 243
145 247
145 249
145 255
145 256
145 260
145 268
145 270
145 272
145 273
145 274
145 275
145 276
145 280
145 282
145 284
145 287
145 293
145 299
146 155
146 160
146 163
146 166
146 170
146 171
146 177
146 179
146 197
146 212
146 214
146 215
146 216
146 219
146 221
146 223
146 224
146 225
146 230
146 236
146 237
146 245
146 251
146 253
146 255
146 259
146 268
146 272
146 277
146 282
146 283
146 284
146 289
146 291
146 292
146 293
146 294
147 152
147 155
147 160
147 165
147 166
147 170
147 171
147 175
147 179
147 182
147 184
147 186
147 188
147 190
147 199
147 204
147 206
147 209
147 210
147 212
147 214
147 218
147 219
147 224
147 226
147 229
147 231
147 236
147 240
147 252
147 255
147 257
147 263
147 264
147 266
147 269
147 274
147 280
147 282
147 286
147 292
147 296
148 151
148 153
148 157
148 160
148 161
148 165
148 171
148 174
148 175
148 180
148 183
148 184
148 190
148 191
148 195
148 196
148 199
148 206
148 214
148 221
148 224
148 225
148 226
148 231
148 236
148 244
148 245
148 248
148 257
148 266
148 268
148 271
148 274
148 283
148 286
148 290
148 294
149 151
149 152
149 154
149 156
149 159
149 160
149 161
149 163
149 167
149 170
149 173
149 175
149 180
149 184
149 185
149 186
149 195
149 196
149 203
149 206
149 208
149 209
149 214
149 223
149 224
149 225
149 230
149 233
149 237
149 238
149 239
149 242
149 244
149 246
149 247
149 249
149 258
149 268
149 279
149 281
149 282
149 289
149 292
149 294
149 296
149 299
150 151
150 153
150 154
150 155
150 157
150 158
150 164
150 167
150 168
150 170
150 178
150 187
150 191
150 192
150 196
150 197
150 200
150 201
150 204
150 205
150 207
150 212
150 218
150 220
150 221
150 222
150 225
150 226
150 243
150 245
150 247
150 253
150 255
150 257
150 260
150 263
150 266
150 272
150 276
150 278
150 279
150 281
150 282
150 285
150 287
150 293
150 296
150 297
150 299
151 156
151 160
151 162
151 163
151 170
151 172
151 177
151 182
151 185
151 192
151 196
151 197
151 200
151 202
151 211
151 212
151 215
151 216
151 217
151 225
151 228
151 229
151 231
151 236
151 237
151 240
151 245
151 246
151 247
151 254
151 264
151 266
151 269
151 271
151 274
151 275
151 278
151 286
151 289
151 290
151 293
151 294
152 155
152 160
152 161
152 164
152 166
152 167
152 173
152 176
152 177
152 179
152 180
152 182
152 184
152 191
152 192
152 193
152 200
152 205
152 208
152 210
152 211
152 212
152 213
152 214
152 215
152 217
152 219
152 222
152 226
152 227
152 228
152 231
152 233
152 236
152 237
152 240
152 245
152 247
152 248
152 249
152 251
152 257
152 264
152 270
152 271
152 275
152 276
152 278
152 281
152 283
152 285
152 289
152 290
152 292
152 299
153 156
153 157
153 160
153 161
153 165
153 167
153 171
153 174
153 177
153 180
153 185
153 188
153 191
153 193
153 199
153 203
153 205
153 206
153 208
153 210
153 213
153 215
153 218
153 219
153 225
153 228
153 230
153 231
153 236
153 244
153 245
153 246
153 255
153 257
153 258
153 264
153 269
153 274
153 276
153 294
153 297
153 299
154 157
154 161
154 163
154 164
154 165
154 167
154 168
154 172
154 178
154 184
154 186
154 187
154 188
154 189
154 190
154 191
154 194
154 195
154 198
154 203
154 205
154 206
154 210
154 213
154 220
154 226
154 228
154 229
154 232
154 235
154 237
154 247
154 250
154 255
154 260
154 268
154 272
154 273
154 276
154 277
154 278
154 281
154 287
154 288
154 290
154 295
155 162
155 163
155 164
155 175
155 177
155 179
155 180
155 181
155 188
155 189
155 194
155 195
155 203
155 205
155 211
155 213
155 214
155 217
155 219
155 220
155 221
155 223
155 227
155 239
155 242
155 251
155 256
155 258
155 260
155 263
155 265
155 266
155 269
155 273
155 274
155 276
155 277
155 284
155 286
155 287
155 293
156 158
156 159
156 161
156 166
156 167
156 177
156 180
156 185
156 187
156 195
156 198
156 201
156 202
156 203
156 213
156 217
156 224
156 225
156 228
156 234
156 237
156 240
156 241
156 248
156 251
156 252
156 259
156 260
156 271
156 274
156 276
156 287
156 290
156 291
156 293
156 294
156 299
157 158
157 163
157 165
157 167
157 168
157 170
157 176
157 178
157 187
157 190
157 191
157 193
157 201
157 204
157 209
157 213
157 223
157 230
157 231
157 232
157 233
157 235
157 241
157 245
157 249
157 252
157 254
157 258
157 263
157 264
157 267
157 268
157 270
157 272
157 275
157 276
157 286
157 291
157 296
158 165
158 166
158 169
158 171
158 172
158 174
158 178
158 186
158 188
158 189
158 191
158 198
158 199
158 205
158 211
158 215
158 222
158 228
158 229
158 241
158 246
158 247
158 254
158 256
158 261
158 264
158 267
158 275
158 276
158 280
158 282
158 283
158 287
158 289
158 292
158 293
158 294
158 296
158 298
158 299
159 160
159 165
159 166
159 169
159 170
159 175
159 176
159 180
159 182
159 183
159 185
159 187
159 194
159 196
159 198
159 209
159 214
159 215
159 216
159 217
159 221
159 225
159 228
159 230
159 231
159 237
159 238
159 239
159 240
159 242
159 244
159 247
159 250
159 254
159 257
159 258
159 260
159 262
159 263
159 266
159 267
159 270
159 273
159 275
159 281
159 282
159 286
159 287
159 288
159 296
159 298
160 161
160 162
160 182
160 184
160 187
160 189
160 190
160 193
160 195
160 197
160 199
160 202
160 207
160 208
160 210
160 213
160 216
160 219
160 220
160 221
160 223
160 225
160 226
160 230
160 231
160 234
160 235
160 237
160 238
160 241
160 243
160 247
160 248
160 252
160 255
160 267
160 268
160 278
160 281
160 282
160 285
160 287
160 288
160 292
160 295
160 298
160 299
161 162
161 171
161 173
161 177
161 180
161 183
161 194
161 200
161 202
161 205
161 206
161 208
161 210
161 212
161 217
161 222
161 224
161 225
161 226
161 230
161 231
161 233
161 235
161 236
161 237
161 242
161 245
161 246
161 249
161 251
161 252
161 253
161 265
161 272
161 273
161 281
161 286
161 294
162 166
162 170
162 172
162 174
162 175
162 178
162 181
162 187
162 190
162 191
162 193
162 196
162 200
162 203
162 205
162 208
162 210
162 211
162 212
162 217
162 227
162 229
162 232
162 236
162 239
162 241
162 245
162 250
162 251
162 252
162 254
162 259
162 261
162 263
162 266
162 269
162 270
162 284
162 290
162 293
162 294
162 297
163 164
163 165
163 166
163 170
163 171
163 172
163 179
163 182
163 190
163 198
163 201
163 207
163 208
163 210
163 211
163 224
163 226
163 230
163 231
163 232
163 237
163 246
163 253
163 265
163 267
163 269
163 277
163 278
163 279
163 281
163 290
163 298
163 299
164 165
164 173
164 174
164 182
164 186
164 188
164 193
164 194
164 195
164 201
164 204
164 207
164 213
164 218
164 219
164 221
164 225
164 227
164 229
164 232
164 233
164 234
164 235
164 238
164 240
164 242
164 243
164 245
164 250
164 255
164 257
164 263
164 264
164 266
164 273
164 275
164 278
164 280
164 286
164 290
164 291
164 294
164 295
164 296
164 299
165 166
165 167
165 172
165 177
165 179
165 181
165 183
165 186
165 188
165 192
165 193
165 198
165 202
165 205
165 208
165 210
165 212
165 220
165 222
165 227
165 228
165 243
165 247
165 250
165 253
165 254
165 255
165 258
165 264
165 272
165 274
165 275
165 281
165 282
165 286
165 289
165 294
165 296
165 298
165 299
166 168
166 169
166 174
166 179
166 183
166 185
166 187
166 188
166 195
166 197
166 198
166 199
166 205
166 215
166 216
166 217
166 221
166 224
166 229
166 230
166 231
166 235
166 237
166 238
166 239
166 240
166 243
166 250
166 255
166 256
166 261
166 262
166 269
166 270
166 275
166 276
166 280
166 282
166 285
166 286
167 180
167 182
167 183
167 185
167 186
167 188
167 189
167 194
167 202
167 207
167 210
167 212
167 214
167 216
167 217
167 218
167 228
167 230
167 232
167 238
167 242
167 244
167 252
167 253
167 257
167 259
167 260
167 265
167 266
167 272
167 273
167 280
167 282
167 285
167 287
167 296
167 299
168 171
168 174
168 177
168 181
168 182
168 183
168 186
168 190
168 199
168 204
168 205
168 208
168 210
168 212
168 213
168 215
168 217
168 221
168 226
168 227
168 232
168 236
168 242
168 251
168 258
168 260
168 263
168 264
168 266
168 267
168 268
168 269
168 278
168 280
168 282
168 283
168 284
168 287
168 290
168 293
168 299
169 174
169 175
169 177
169 179
169 181
169 182
169 188
169 190
169 191
169 193
169 195
169 200
169 202
169 205
169 206
169 208
169 209
169 210
169 211
169 212
169 214
169 225
169 228
169 232
169 242
169 245
169 247
169 251
169 252
169 253
169 256
169 260
169 264
169 267
169 269
169 271
169 274
169 281
169 282
169 288
169 289
169 295
169 297
169 298
170 174
170 181
170 183
170 186
170 191
170 194
170 199
170 202
170 206
170 209
170 211
170 212
170 215
170 216
170 218
170 228
170 229
170 235
170 236
170 239
170 240
170 251
170 266
170 273
170 274
170 276
170 277
170 282
170 284
170 297
170 298
170 299
171 173
171 174
171 179
171 181
171 182
171 184
171 185
171 191
171 206
171 210
171 211
171 214
171 222
171 229
171 230
171 234
171 235
171 241
171 246
171 250
171 256
171 258
171 261
171 264
171 272
171 273
171 274
171 275
171 277
171 280
171 287
171 291
171 293
172 173
172 175
172 176
172 179
172 181
172 182
172 187
172 188
172 191
172 196
172 200
172 203
172 212
172 214
172 216
172 221
172 222
172 228
172 232
172 238
172 242
172 245
172 246
172 247
172 252
172 253
172 259
172 260
172 264
172 271
172 276
172 277
172 280
172 282
172 284
172 288
172 289
172 292
172 299
173 174
173 176
173 192
173 195
173 196
173 197
173 198
173 203
173 205
173 208
173 209
173 215
173 216
173 226
173 230
173 232
173 233
173 236
173 241
173 243
173 245
173 254
173 257
173 259
173 261
173 262
173 263
173 268
173 278
173 279
173 280
173 285
173 289
173 292
173 297
173 298
173 299
174 176
174 181
174 187
174 190
174 201
174 203
174 204
174 205
174 208
174 213
174 215
174 217
174 219
174 222
174 226
174 229
174 230
174 232
174 235
174 242
174 243
174 244
174 245
174 248
174 249
174 251
174 253
174 256
174 260
174 261
174 265
174 271
174 272
174 276
174 281
174 285
174 288
174 290
174 295
174 296
175 176
175 183
175 184
175 186
175 188
175 189
175 193
175 198
175 200
175 210
175 211
175 218
175 229
175 232
175 233
175 238
175 244
175 249
175 252
175 253
175 257
175 261
175 263
175 264
175 265
175 266
175 267
175 268
175 271
175 274
175 276
175 278
175 281
175 286
175 289
175 295
176 178
176 182
176 192
176 199
176 203
176 206
176 213
176 214
176 216
176 217
176 218
176 220
176 223
176 226
176 228
176 231
176 234
176 242
176 243
176 246
176 249
176 251
176 252
176 261
176 263
176 264
176 268
176 269
176 272
176 273
176 275
176 278
176 281
176 284
176 285
176 286
176 290
176 292
176 295
176 297
177 178
177 186
177 187
177 189
177 193
177 199
177 204
177 208
177 209
177 210
177 216
177 217
177 218
177 219
177 222
177 227
177 232
177 243
177 244
177 247
177 254
177 261
177 263
177 264
177 265
177 270
177 272
177 279
177 280
177 282
177 283
177 288
177 291
177 298
178 183
178 185
178 187
178 191
178 192
178 194
178 197
178 199
178 202
178 203
178 204
178 209
178 210
178 216
178 217
178 218
178 222
178 227
178 228
178 231
178 241
178 246
178 247
178 257
178 259
178 260
178 261
178 263
178 266
178 268
178 274
178 276
178 277
178 279
178 280
178 285
179 181
179 184
179 193
179 196
179 198
179 200
179 205
179 207
179 218
179 219
179 220
179 221
179 222
179 223
179 226
179 231
179 232
179 238
179 243
179 247
179 250
179 253
179 258
179 259
179 261
179 266
179 267
179 268
179 269
179 270
179 275
179 276
179 284
179 288
179 291
179 292
179 297
179 298
180 184
180 188
180 190
180 192
180 194
180 196
180 198
180 206
180 207
180 208
180 213
180 221
180 223
180 226
180 227
180 228
180 239
180 241
180 260
180 262
180 264
180 266
180 268
180 269
180 274
180 277
180 278
180 279
180 280
180 281
180 286
180 287
180 293
180 297
180 298
180 299
181 187
181 188
181 194
181 196
181 201
181 204
181 206
181 211
181 213
181 214
181 216
181 218
181 222
181 227
181 232
181 238
181 239
181 240
181 247
181 250
181 251
181 252
181 253
181 258
181 267
181 280
181 282
181 284
181 295
181 299
182 186
182 188
182 197
182 201
182 207
182 212
182 217
182 218
182 219
182 221
182 222
182 226
182 227
182 229
182 230
182 231
182 233
182 235
182 238
182 241
182 244
182 247
182 248
182 249
182 251
182 257
182 258
182 262
182 264
182 265
182 268
182 283
182 284
182 288
182 289
182 293
182 296
182 299
183 190
183 194
183 199
183 201
183 209
183 210
183 211
183 217
183 222
183 224
183 225
183 226
183 229
183 236
183 237
183 238
183 242
183 244
183 247
183 249
183 256
183 261
183 265
183 273
183 275
183 276
183 280
183 281
183 282
183 283
183 288
183 290
183 294
183 295
183 296
183 298
184 186
184 194
184 202
184 203
184 209
184 215
184 218
184 220
184 231
184 232
184 235
184 236
184 239
184 247
184 250
184 254
184 259
184 265
184 278
184 284
184 286
184 289
184 292
184 298
185 187
185 188
185 189
185 191
185 192
185 193
185 195
185 200
185 204
185 206
185 215
185 223
185 227
185 236
185 237
185 242
185 244
185 247
185 248
185 250
185 253
185 258
185 263
185 264
185 269
185 270
185 272
185 273
185 277
185 282
185 283
185 285
185 288
186 191
186 194
186 197
186 200
186 206
186 211
186 214
186 215
186 226
186 229
186 232
186 233
186 234
186 235
186 236
186 241
186 243
186 244
186 249
186 253
186 260
186 261
186 267
186 290
186 292
186 295
186 297
187 190
187 192
187 193
187 197
187 201
187 202
187 203
187 204
187 206
187 208
187 211
187 213
187 221
187 225
187 226
187 230
187 235
187 237
187 238
187 246
187 256
187 258
187 261
187 262
187 265
187 271
187 273
187 280
187 284
187 285
187 289
187 290
187 299
188 189
188 193
188 200
188 201
188 214
188 216
188 218
188 221
188 223
188 224
188 227
188 228
188 230
188 232
188 245
188 246
188 247
188 251
188 262
188 263
188 274
188 281
188 282
188 283
188 285
188 291
188 292
188 293
188 295
188 296
189 193
189 197
189 199
189 203
189 207
189 212
189 216
189 226
189 231
189 232
189 237
189 242
189 243
189 245
189 255
189 257
189 258
189 261
189 262
189 268
189 276
189 279
189 280
189 281
189 283
189 291
189 296
189 299
190 191
190 198
190 199
190 200
190 202
190 206
190 208
190 209
190 210
190 211
190 215
190 216
190 218
190 219
190 220
190 222
190 226
190 228
190 230
190 236
190 244
190 245
190 246
190 249
190 251
190 257
190 258
190 265
190 266
190 269
190 278
190 283
190 289
190 291
190 292
190 295
190 298
191 192
191 193
191 194
191 197
191 200
191 201
191 202
191 205
191 211
191 215
191 216
191 217
191 219
191 220
191 222
191 225
191 236
191 238
191 241
191 244
191 245
191 253
191 256
191 261
191 264
191 265
191 273
191 276
191 277
191 278
191 284
191 289
191 290
191 292
191 297
192 195
192 198
192 205
192 217
192 219
192 220
192 223
192 224
192 227
192 230
192 233
192 234
192 237
192 238
192 243
192 244
192 245
192 246
192 251
192 254
192 256
192 257
192 261
192 264
192 266
192 267
192 269
192 275
192 278
192 281
192 286
192 287
192 289
192 292
192 296
193 195
193 200
193 201
193 206
193 207
193 210
193 212
193 217
193 224
193 225
193 227
193 230
193 233
193 237
193 244
193 245
193 252
193 255
193 258
193 262
193 269
193 270
193 276
193 278
193 282
193 286
193 289
193 290
193 292
193 299
194 195
194 198
194 202
194 209
194 210
194 211
194 212
194 216
194 217
194 218
194 219
194 223
194 224
194 228
194 235
194 236
194 241
194 243
194 247
194 249
194 251
194 252
194 257
194 264
194 269
194 275
194 276
194 278
194 280
194 282
194 294
194 297
194 299
195 197
195 198
195 213
195 216
195 217
195 220
195 227
195 228
195 232
195 233
195 235
195 236
195 243
195 248
195 254
195 256
195 257
195 260
195 266
195 270
195 272
195 273
195 275
195 281
195 289
195 293
195 295
195 299
196 197
196 199
196 206
196 210
196 212
196 213
196 222
196 225
196 236
196 240
196 243
196 254
196 261
196 266
196 269
196 270
196 278
196 284
196 285
196 288
196 297
196 298
197 213
197 216
197 217
197 221
197 223
197 224
197 225
197 226
197 232
197 237
197 242
197 254
197 265
197 276
197 282
197 290
198 200
198 209
198 212
198 215
198 218
198 219
198 220
198 221
198 222
198 223
198 226
198 228
198 229
198 232
198 233
198 236
198 239
198 240
198 241
198 243
198 246
198 248
198 249
198 255
198 257
198 263
198 264
198 268
198 272
198 274
198 276
198 278
198 279
198 281
198 283
198 287
199 201
199 205
199 210
199 211
199 213
199 216
199 220
199 221
199 226
199 227
199 231
199 232
199 234
199 236
199 243
199 244
199 248
199 250
199 255
199 256
199 263
199 264
199 265
199 267
199 271
199 280
199 284
199 294
200 204
200 205
200 207
200 212
200 214
200 224
200 225
200 226
200 231
200 232
200 234
200 240
200 244
200 247
200 254
200 257
200 269
200 270
200 278
200 279
200 280
200 285
200 290
201 202
201 204
201 208
201 210
201 212
201 214
201 225
201 240
201 241
201 242
201 245
201 252
201 255
201 257
201 260
201 262
201 263
201 264
201 267
201 268
201 269
201 274
201 278
201 281
201 285
201 287
201 291
201 298
202 203
202 211
202 212
202 213
202 219
202 229
202 235
202 241
202 242
202 245
202 251
202 253
202 255
202 256
202 263
202 268
202 273
202 274
202 276
202 278
202 280
202 287
202 288
202 289
202 290
202 296
202 298
203 204
203 210
203 212
203 215
203 219
203 221
203 223
203 226
203 228
203 229
203 231
203 238
203 242
203 248
203 249
203 251
203 253
203 255
203 256
203 259
203 261
203 263
203 275
203 278
203 279
203 280
203 292
203 293
203 297
204 208
204 211
204 212
204 215
204 216
204 218
204 220
204 223
204 227
204 229
204 230
204 235
204 239
204 241
204 254
204 257
204 263
204 265
204 267
204 283
204 289
204 292
204 297
205 212
205 214
205 218
205 221
205 224
205 225
205 228
205 234
205 239
205 246
205 249
205 252
205 256
205 266
205 271
205 273
205 278
205 279
205 281
205 282
205 284
205 285
205 293
205 296
206 207
206 216
206 222
206 229
206 230
206 233
206 237
206 240
206 250
206 252
206 253
206 254
206 256
206 260
206 262
206 263
206 264
206 266
206 269
206 275
206 277
206 279
206 283
206 285
206 286
206 288
206 293
207 216
207 219
207 222
207 226
207 228
207 229
207 231
207 233
207 237
207 249
207 250
207 256
207 257
207 259
207 260
207 276
207 279
207 280
207 284
207 285
207 288
207 289
207 291
207 295
207 296
208 210
208 213
208 216
208 221
208 223
208 228
208 236
208 239
208 243
208 250
208 264
208 269
208 277
208 284
208 288
208 292
208 294
208 297
208 298
209 213
209 218
209 224
209 226
209 231
209 235
209 237
209 239
209 241
209 243
209 249
209 250
209 251
209 253
209 257
209 259
209 260
209 261
209 264
209 265
209 269
209 272
209 273
209 274
209 275
209 276
209 278
209 279
209 284
209 290
209 297
210 211
210 212
210 213
210 216
210 227
210 234
210 241
210 243
210 247
210 252
210 259
210 267
210 268
210 270
210 271
210 272
210 277
210 278
210 281
210 282
210 285
210 286
210 289
210 290
210 291
210 295
210 296
210 297
211 212
211 214
211 222
211 223
211 225
211 235
211 239
211 244
211 248
211 251
211 252
211 255
211 258
211 270
211 274
211 277
211 278
211 281
211 283
211 286
211 289
211 293
211 296
211 299
212 217
212 218
212 219
212 223
212 224
212 244
212 248
212 250
212 252
212 255
212 256
212 257
212 260
212 266
212 269
212 271
212 272
212 274
212 275
212 276
212 278
212 279
212 281
212 282
212 284
212 291
212 296
212 299
213 215
213 216
213 218
213 224
213 226
213 233
213 234
213 236
213 237
213 241
213 247
213 249
213 260
213 269
213 271
213 273
213 279
213 280
213 283
213 284
213 286
213 293
213 296
214 215
214 218
214 221
214 225
214 230
214 232
214 238
214 241
214 246
214 247
214 250
214 252
214 256
214 257
214 259
214 262
214 263
214 264
214 266
214 268
214 270
214 273
214 275
214 276
214 279
214 284
214 285
214 286
214 288
214 293
214 299
215 216
215 220
215 226
215 229
215 231
215 238
215 239
215 243
215 244
215 247
215 250
215 257
215 264
215 271
215 273
215 275
215 276
215 277
215 280
215 282
215 283
215 296
215 297
216 218
216 219
216 220
216 223
216 225
216 227
216 230
216 233
216 236
216 237
216 240
216 243
216 244
216 247
216 248
216 249
216 250
216 251
216 253
216 254
216 258
216 259
216 261
216 262
216 270
216 272
216 274
216 275
216 276
216 278
216 279
216 282
216 283
216 291
216 292
216 296
217 218
217 220
217 223
217 224
217 227
217 228
217 234
217 235
217 237
217 249
217 251
217 260
217 262
217 271
217 272
217 274
217 275
217 284
217 286
217 287
217 288
217 290
217 293
217 294
218 221
218 227
218 229
218 235
218 237
218 240
218 246
218 250
218 258
218 261
218 265
218 272
218 274
218 275
218 276
218 284
218 285
218 286
218 287
218 291
218 292
218 293
218 294
218 296
218 297
218 299
219 220
219 227
219 229
219 237
219 239
219 245
219 249
219 255
219 256
219 259
219 260
219 262
219 263
219 264
219 273
219 274
219 275
219 282
219 288
219 290
219 292
219 294
219 295
220 221
220 222
220 223
220 224
220 226
220 228
220 229
220 231
220 240
220 241
220 242
220 245
220 246
220 248
220 249
220 253
220 256
220 262
220 264
220 271
220 276
220 279
220 281
220 283
220 287
220 289
220 292
220 294
220 295
221 223
221 226
221 229
221 237
221 242
221 249
221 250
221 251
221 254
221 258
221 259
221 263
221 264
221 266
221 269
221 270
221 277
221 279
221 280
221 286
221 291
221 292
221 293
221 295
221 298
221 299
222 227
222 231
222 236
222 241
222 245
222 246
222 257
222 259
222 260
222 261
222 264
222 267
222 271
222 272
222 274
222 277
222 280
222 282
222 288
222 291
223 224
223 227
223 234
223 238
223 240
223 242
223 247
223 248
223 249
223 254
223 255
223 256
223 264
223 267
223 268
223 269
223 272
223 276
223 279
223 286
223 289
224 226
224 227
224 228
224 231
224 233
224 236
224 241
224 242
224 246
224 247
224 249
224 252
224 255
224 256
224 264
224 267
224 269
224 272
224 273
224 274
224 278
224 279
224 281
224 291
224 293
224 295
225 226
225 233
225 236
225 237
225 240
225 241
225 243
225 245
225 248
225 252
225 253
225 256
225 258
225 260
225 262
225 263
225 266
225 267
225 276
225 279
225 281
225 286
225 291
225 296
225 298
225 299
226 234
226 236
226 240
226 250
226 253
226 254
226 255
226 256
226 257
226 259
226 262
226 265
226 271
226 272
226 274
226 275
226 281
226 285
226 292
226 293
226 299
227 231
227 234
227 235
227 236
227 237
227 238
227 244
227 247
227 252
227 254
227 258
227 262
227 272
227 279
227 284
227 286
227 294
227 298
228 231
228 232
228 235
228 239
228 241
228 242
228 245
228 247
228 249
228 252
228 253
228 254
228 256
228 258
228 262
228 263
228 264
228 265
228 268
228 270
228 280
228 286
228 288
228 290
228 293
228 296
228 298
229 230
229 233
229 238
229 239
229 242
229 243
229 246
229 251
229 252
229 257
229 258
229 259
229 263
229 265
229 266
229 267
229 272
229 279
229 280
229 286
229 287
229 288
229 292
229 298
230 234
230 238
230 239
230 242
230 245
230 249
230 251
230 252
230 254
230 260
230 265
230 266
230 268
230 273
230 278
230 280
230 283
230 285
230 288
230 290
230 292
230 293
230 296
231 233
231 240
231 243
231 247
231 252
231 253
231 254
231 257
231 259
231 264
231 266
231 268
231 270
231 273
231 276
231 278
231 283
231 285
231 287
231 291
231 294
231 297
232 234
232 238
232 242
232 246
232 250
232 251
232 253
232 256
232 257
232 262
232 266
232 268
232 274
232 278
232 281
232 283
232 284
232 285
232 289
232 290
232 295
233 238
233 240
233 243
233 246
233 249
233 251
233 253
233 260
233 261
233 264
233 265
233 266
233 267
233 268
233 277
233 278
233 285
233 286
233 289
233 290
233 292
233 296
233 297
234 239
234 241
234 243
234 246
234 249
234 252
234 255
234 257
234 259
234 260
234 261
234 263
234 268
234 269
234 270
234 275
234 278
234 285
234 289
234 290
234 291
235 238
235 240
235 241
235 245
235 251
235 252
235 255
235 258
235 260
235 265
235 268
235 271
235 272
235 276
235 281
235 283
235 285
235 286
235 294
235 296
236 243
236 250
236 252
236 256
236 260
236 264
236 269
236 270
236 271
236 272
236 273
236 278
236 280
236 287
236 288
236 289
236 292
236 297
237 239
237 241
237 242
237 245
237 247
237 251
237 255
237 259
237 261
237 264
237 269
237 272
237 275
237 276
237 277
237 279
237 280
237 282
237 283
237 284
237 290
237 293
237 294
237 297
238 242
238 244
238 245
238 247
238 253
238 263
238 270
238 271
238 272
238 274
238 275
238 285
238 287
238 290
238 297
238 299
239 241
239 243
239 245
239 249
239 258
239 259
239 260
239 265
239 275
239 277
239 281
239 284
239 285
239 290
239 298
240 241
240 245
240 246
240 251
240 255
240 258
240 268
240 269
240 274
240 277
240 278
240 281
240 284
240 287
240 289
240 291
240 292
240 295
241 247
241 248
241 252
241 254
241 255
241 259
241 264
241 270
241 271
241 272
241 273
241 274
241 280
241 283
241 287
241 292
241 297
242 244
242 245
242 250
242 255
242 261
242 264
242 267
242 268
242 269
242 272
242 275
242 277
242 278
242 280
242 282
242 284
242 285
242 288
242 290
243 244
243 246
243 248
243 250
243 251
243 252
243 253
243 255
243 257
243 258
243 265
243 270
243 273
243 274
243 277
243 278
243 282
243 284
243 285
243 286
243 290
243 295
244 245
244 258
244 259
244 262
244 263
244 271
244 274
244 275
244 276
244 278
244 280
244 282
244 283
244 284
244 285
244 298
245 246
245 248
245 249
245 250
245 251
245 253
245 255
245 260
245 263
245 266
245 273
245 274
245 277
245 282
245 287
245 292
245 296
246 247
246 251
246 253
246 254
246 255
246 258
246 260
246 261
246 264
246 265
246 268
246 269
246 271
246 273
246 274
246 277
246 280
246 281
246 292
246 295
247 252
247 254
247 256
247 257
247 259
247 260
247 261
247 266
247 271
247 276
247 277
247 283
247 285
247 286
247 288
247 290
247 292
247 293
247 295
247 299
248 251
248 253
248 258
248 263
248 266
248 272
248 274
248 277
248 278
248 280
248 284
248 285
248 288
248 295
248 299
249 251
249 253
249 254
249 255
249 261
249 263
249 266
249 267
249 275
249 281
249 283
249 284
249 290
249 292
249 298
250 255
250 256
250 259
250 264
250 265
250 270
250 274
250 277
250 279
250 283
250 289
250 291
250 293
250 298
250 299
251 258
251 262
251 264
251 265
251 266
251 270
251 277
251 278
251 280
251 284
251 286
251 288
251 290
251 291
251 295
252 255
252 258
252 259
252 262
252 263
252 267
252 273
252 274
252 275
252 280
252 283
252 285
252 286
252 299
253 258
253 261
253 266
253 270
253 276
253 280
253 281
253 282
253 285
253 287
253 289
253 290
253 291
253 294
254 255
254 256
254 262
254 263
254 264
254 266
254 267
254 271
254 272
254 278
254 285
254 288
254 289
254 293
255 257
255 265
255 270
255 273
255 274
255 275
255 277
255 278
255 287
255 289
255 291
255 294
255 296
255 298
256 257
256 259
256 260
256 261
256 266
256 268
256 273
256 274
256 278
256 280
256 288
256 292
256 295
257 259
257 268
257 270
257 272
257 280
257 284
257 285
257 296
258 266
258 270
258 271
258 273
258 274
258 275
258 277
258 278
258 288
258 293
258 294
258 296
259 260
259 264
259 265
259 267
259 269
259 270
259 274
259 276
259 277
259 282
259 290
259 291
259 294
259 297
259 298
260 261
260 264
260 265
260 267
260 280
260 281
260 283
260 287
260 289
260 295
260 299
261 263
261 268
261 272
261 274
261 275
261 283
261 288
261 289
261 293
261 297
261 298
261 299
262 263
262 274
262 275
262 276
262 280
262 289
263 264
263 267
263 268
263 277
263 279
263 281
263 288
263 297
264 265
264 266
264 271
264 274
264 275
264 278
264 280
264 283
264 286
264 288
264 291
264 292
264 295
264 296
264 298
265 267
265 269
265 275
265 279
265 284
265 292
265 293
265 294
265 295
265 296
266 268
266 270
266 274
266 275
266 277
266 285
266 286
266 287
266 292
266 293
266 294
266 295
266 297
267 274
267 277
267 279
267 286
267 295
268 271
268 273
268 276
268 279
268 283
268 288
268 296
269 270
269 274
269 278
269 293
269 297
269 298
270 274
270 275
270 280
270 281
270 284
270 285
270 292
270 295
271 273
271 275
271 280
271 288
271 294
272 273
272 277
272 284
272 290
272 293
272 298
273 275
273 277
273 280
273 284
273 287
273 289
273 290
273 291
273 293
273 296
274 276
274 284
274 287
274 289
274 290
274 291
274 296
274 297
274 298
274 299
275 276
275 278
275 280
275 290
275 292
275 294
275 296
275 298
276 279
276 282
276 284
276 291
276 293
276 299
277 279
277 284
277 285
277 286
277 290
277 298
277 299
278 284
278 289
278 290
278 292
279 283
279 285
279 289
279 294
279 297
280 281
280 285
280 291
280 292
280 299
281 288
281 289
282 283
282 285
282 289
282 299
283 295
284 290
284 292
284 294
284 298
285 287
285 290
285 293
285 294
286 287
286 291
286 293
286 295
286 299
287 289
287 296
287 297
288 289
288 290
288 299
289 295
290 291
290 292
290 293
290 295
291 292
291 294
291 297
292 294
294 296
294 297
296 298
297 299
294 154 89 226 93 150 62 68 99 22 240 225 46 144 12
228 53 189 242 134 121 234 76 2 278 211 88 149 78 52
200 239 203 51 34 296 293 57 142 146 82 160 77 209 155
207 204 235 250 190 233 159 18 188 37 7 70 63 10 166
106 6 243 218 128 100 249 201 186 54 112 268 270 0 248
208 110 20 164 113 64 195 216 251 151 269 56 281 115 137
227 287 265 48 30 169 279 219 229 217 297 36 138 84 162
192 148 276 181 87 5 91 172 24 102 141 285 180 83 27
8 177 295 105 111 266 79 140 232 238 117 298 241 119 4
214 236 29 101 33 38 116 215 71 291 131 220 58 191 109
49 73 96 124 42 139 202 31 21 67 97 81 50 284 156
252 163 263 39 289 158 25 273 267 161 118 75 237 168 145
246 44 114 125 123 253 69 210 147 59 152 260 257 175 187
199 90 60 74 206 85 271 122 221 213 182 47 11 136 95
41 179 65 245 230 171 107 9 14 13 196 132 272 173 197
17 178 19 153 183 277 185 130 61 80 231 194 223 247 35
292 184 135 170 244 167 193 157 198 256 1 72 288 3 262
15 254 129 26 261 86 290 255 103 32 23 299 174 45 283
108 143 104 286 212 92 282 43 264 40 55 66 176 258 16
205 224 126 222 259 165 120 275 127 133 98 274 28 94 280
