300
13408
5
0 11
0 14
0 21
0 24
0 26
0 32
0 33
0 40
0 42
0 46
0 49
0 56
0 62
0 68
0 72
0 76
0 77
0 78
0 87
0 89
0 91
0 92
0 93
0 96
0 101
0 102
0 105
0 112
0 114
0 116
0 118
0 123
0 128
0 129
0 130
0 131
0 132
0 134
0 136
0 138
0 141
0 144
0 153
0 169
0 172
0 174
0 175
0 177
0 183
0 184
0 185
0 193
0 204
0 206
0 207
0 209
0 214
0 220
0 229
0 230
0 243
0 245
0 248
0 251
0 252
0 257
0 259
0 263
0 264
0 265
0 270
0 279
0 280
0 281
0 283
0 284
0 286
0 289
0 292
0 297
0 299
1 3
1 4
1 8
1 9
1 17
1 19
1 21
1 23
1 28
1 30
1 35
1 36
1 37
1 39
1 40
1 41
1 42
1 44
1 47
1 54
1 55
1 57
1 71
1 72
1 73
1 78
1 81
1 83
1 87
1 88
1 90
1 97
1 99
1 103
1 110
1 115
1 117
1 120
1 123
1 131
1 141
1 142
1 143
1 146
1 148
1 151
1 158
1 164
1 165
1 166
1 168
1 179
1 182
1 184
1 188
1 194
1 196
1 204
1 205
1 206
1 211
1 213
1 220
1 226
1 227
1 230
1 232
1 233
1 234
1 237
1 241
1 246
1 247
1 249
1 251
1 254
1 255
1 258
1 260
1 267
1 269
1 278
1 279
1 280
1 281
1 283
1 286
1 289
1 291
1 293
1 297
1 299
2 5
2 10
2 11
2 12
2 13
2 22
2 23
2 32
2 39
2 47
2 61
2 63
2 68
2 74
2 86
2 87
2 88
2 91
2 93
2 96
2 101
2 103
2 105
2 109
2 110
2 112
2 119
2 120
2 126
2 128
2 131
2 135
2 138
2 140
2 141
2 151
2 152
2 156
2 157
2 159
2 163
2 168
2 169
2 172
2 182
2 183
2 184
2 187
2 188
2 190
2 192
2 196
2 197
2 200
2 202
2 203
2 210
2 214
2 219
2 221
2 224
2 230
2 231
2 236
2 241
2 244
2 245
2 250
2 251
2 254
2 258
2 259
2 260
2 262
2 272
2 276
2 283
2 286
2 290
2 291
2 299
3 6
3 7
3 10
3 14
3 18
3 19
3 20
3 26
3 29
3 30
3 31
3 34
3 35
3 38
3 39
3 46
3 49
3 53
3 60
3 61
3 62
3 64
3 73
3 79
3 81
3 82
3 84
3 86
3 88
3 95
3 101
3 107
3 116
3 117
3 119
3 121
3 124
3 125
3 126
3 127
3 132
3 137
3 143
3 145
3 146
3 151
3 153
3 154
3 155
3 159
3 160
3 163
3 170
3 174
3 176
3 180
3 181
3 184
3 189
3 199
3 204
3 206
3 209
3 215
3 216
3 217
3 222
3 223
3 233
3 234
3 242
3 249
3 252
3 259
3 261
3 262
3 263
3 265
3 267
3 270
3 271
3 273
3 275
3 276
3 277
3 279
3 281
3 285
3 288
3 289
3 292
3 297
3 299
4 7
4 10
4 19
4 22
4 28
4 29
4 38
4 40
4 41
4 44
4 45
4 53
4 54
4 56
4 61
4 67
4 70
4 75
4 76
4 80
4 82
4 84
4 88
4 92
4 94
4 102
4 103
4 104
4 106
4 107
4 108
4 109
4 110
4 111
4 112
4 113
4 114
4 116
4 117
4 118
4 119
4 122
4 123
4 124
4 131
4 133
4 134
4 146
4 147
4 149
4 150
4 160
4 162
4 163
4 166
4 168
4 174
4 175
4 184
4 186
4 191
4 194
4 197
4 198
4 200
4 201
4 203
4 206
4 212
4 214
4 215
4 219
4 225
4 229
4 235
4 240
4 241
4 247
4 248
4 251
4 252
4 257
4 259
4 261
4 263
4 264
4 267
4 268
4 269
4 270
4 274
4 276
4 279
4 283
4 287
4 288
4 290
4 298
5 9
5 12
5 14
5 17
5 19
5 34
5 35
5 36
5 43
5 44
5 45
5 55
5 59
5 60
5 63
5 66
5 69
5 75
5 79
5 80
5 83
5 89
5 97
5 100
5 101
5 102
5 104
5 105
5 107
5 108
5 111
5 114
5 115
5 118
5 126
5 131
5 133
5 136
5 140
5 142
5 145
5 151
5 153
5 155
5 159
5 161
5 170
5 171
5 173
5 179
5 184
5 185
5 186
5 188
5 189
5 192
5 195
5 197
5 198
5 203
5 205
5 207
5 209
5 215
5 220
5 231
5 232
5 237
5 239
5 242
5 244
5 245
5 246
5 247
5 250
5 251
5 252
5 258
5 259
5 263
5 265
5 266
5 273
5 276
5 286
5 297
5 299
6 9
6 14
6 15
6 17
6 19
6 25
6 32
6 35
6 37
6 39
6 44
6 47
6 50
6 51
6 58
6 59
6 61
6 62
6 70
6 71
6 75
6 83
6 84
6 89
6 90
6 94
6 99
6 100
6 102
6 109
6 112
6 114
6 115
6 116
6 117
6 118
6 123
6 125
6 128
6 133
6 136
6 139
6 140
6 143
6 150
6 156
6 158
6 162
6 168
6 169
6 173
6 176
6 183
6 184
6 186
6 190
6 191
6 196
6 198
6 201
6 202
6 206
6 210
6 229
6 232
6 233
6 234
6 235
6 238
6 242
6 246
6 247
6 248
6 251
6 252
6 258
6 262
6 266
6 268
6 269
6 275
6 276
6 283
6 287
6 288
6 289
6 290
6 291
6 293
6 294
7 10
7 12
7 18
7 35
7 38
7 47
7 54
7 57
7 59
7 60
7 63
7 65
7 66
7 70
7 74
7 75
7 82
7 89
7 92
7 93
7 94
7 96
7 103
7 111
7 113
7 119
7 122
7 130
7 131
7 132
7 134
7 136
7 141
7 143
7 144
7 145
7 152
7 159
7 160
7 167
7 168
7 178
7 181
7 189
7 191
7 192
7 194
7 198
7 199
7 204
7 211
7 213
7 218
7 220
7 221
7 226
7 227
7 228
7 230
7 233
7 239
7 242
7 244
7 247
7 253
7 262
7 267
7 274
7 275
7 280
7 288
7 291
7 298
7 299
8 11
8 13
8 15
8 16
8 18
8 19
8 24
8 27
8 31
8 32
8 34
8 38
8 43
8 44
8 47
8 49
8 54
8 63
8 68
8 69
8 71
8 73
8 77
8 78
8 79
8 81
8 86
8 89
8 93
8 94
8 95
8 103
8 107
8 109
8 112
8 113
8 114
8 115
8 116
8 124
8 130
8 131
8 136
8 137
8 143
8 152
8 154
8 156
8 157
8 158
8 161
8 162
8 163
8 167
8 168
8 171
8 172
8 174
8 188
8 195
8 203
8 208
8 210
8 218
8 224
8 225
8 227
8 228
8 232
8 235
8 237
8 240
8 243
8 245
8 249
8 250
8 255
8 263
8 266
8 267
8 268
8 269
8 270
8 272
8 274
8 279
8 282
8 287
8 289
8 291
8 295
8 296
9 10
9 11
9 12
9 16
9 17
9 24
9 25
9 26
9 27
9 28
9 29
9 31
9 33
9 38
9 42
9 43
9 46
9 52
9 54
9 58
9 63
9 68
9 69
9 74
9 75
9 76
9 77
9 84
9 87
9 90
9 91
9 92
9 96
9 97
9 98
9 99
9 101
9 105
9 111
9 116
9 122
9 127
9 128
9 131
9 133
9 135
9 139
9 141
9 142
9 148
9 151
9 157
9 161
9 164
9 165
9 167
9 168
9 181
9 188
9 196
9 201
9 204
9 205
9 209
9 210
9 213
9 220
9 225
9 227
9 228
9 231
9 236
9 240
9 242
9 247
9 249
9 255
9 257
9 261
9 265
9 266
9 268
9 269
9 272
9 274
9 275
9 276
9 277
9 285
9 288
9 297
9 299
10 12
10 27
10 31
10 34
10 35
10 37
10 40
10 45
10 50
10 51
10 52
10 58
10 61
10 64
10 66
10 67
10 68
10 77
10 81
10 84
10 85
10 91
10 92
10 93
10 97
10 106
10 112
10 114
10 116
10 120
10 123
10 124
10 128
10 131
10 133
10 134
10 138
10 139
10 141
10 148
10 150
10 151
10 155
10 162
10 163
10 165
10 166
10 169
10 189
10 190
10 197
10 199
10 204
10 206
10 209
10 210
10 211
10 212
10 215
10 217
10 218
10 219
10 223
10 227
10 237
10 239
10 243
10 245
10 247
10 250
10 255
10 258
10 262
10 265
10 267
10 270
10 277
10 282
10 284
10 297
10 299
11 12
11 17
11 18
11 21
11 23
11 25
11 29
11 30
11 31
11 32
11 34
11 36
11 39
11 44
11 48
11 49
11 52
11 53
11 55
11 57
11 58
11 61
11 65
11 70
11 72
11 74
11 81
11 83
11 84
11 86
11 87
11 89
11 90
11 91
11 95
11 96
11 98
11 100
11 103
11 105
11 109
11 112
11 114
11 123
11 129
11 133
11 135
11 136
11 138
11 144
11 151
11 153
11 161
11 171
11 175
11 177
11 179
11 183
11 184
11 189
11 191
11 204
11 206
11 207
11 209
11 214
11 218
11 219
11 229
11 230
11 234
11 250
11 251
11 253
11 255
11 256
11 260
11 261
11 264
11 270
11 273
11 282
11 290
11 293
11 294
11 297
11 298
12 14
12 16
12 17
12 21
12 22
12 29
12 30
12 31
12 33
12 38
12 40
12 41
12 42
12 43
12 47
12 59
12 60
12 66
12 68
12 69
12 71
12 78
12 79
12 80
12 83
12 84
12 87
12 95
12 96
12 98
12 99
12 100
12 107
12 108
12 110
12 111
12 113
12 116
12 123
12 131
12 134
12 138
12 142
12 153
12 156
12 166
12 168
12 169
12 176
12 177
12 178
12 181
12 182
12 193
12 198
12 203
12 204
12 207
12 208
12 210
12 213
12 218
12 224
12 227
12 232
12 233
12 238
12 242
12 247
12 251
12 254
12 255
12 256
12 257
12 261
12 263
12 264
12 267
12 275
12 276
12 287
12 296
13 14
13 16
13 21
13 24
13 26
13 27
13 28
13 37
13 39
13 40
13 48
13 49
13 53
13 54
13 59
13 63
13 71
13 75
13 79
13 80
13 82
13 83
13 84
13 86
13 90
13 91
13 92
13 93
13 94
13 97
13 98
13 99
13 100
13 101
13 103
13 110
13 111
13 112
13 117
13 123
13 124
13 132
13 134
13 136
13 140
13 141
13 144
13 146
13 148
13 149
13 158
13 166
13 168
13 169
13 174
13 178
13 180
13 181
13 184
13 186
13 187
13 189
13 190
13 192
13 193
13 196
13 197
13 212
13 213
13 214
13 219
13 222
13 224
13 229
13 231
13 239
13 243
13 245
13 249
13 251
13 255
13 256
13 257
13 258
13 261
13 263
13 265
13 273
13 280
13 282
13 290
13 291
13 292
13 298
13 299
14 20
14 25
14 30
14 32
14 33
14 35
14 36
14 41
14 44
14 48
14 53
14 60
14 61
14 63
14 66
14 70
14 77
14 80
14 84
14 85
14 92
14 97
14 98
14 99
14 103
14 104
14 105
14 108
14 111
14 113
14 114
14 116
14 117
14 119
14 122
14 125
14 127
14 131
14 133
14 136
14 140
14 145
14 146
14 148
14 155
14 156
14 159
14 163
14 165
14 168
14 169
14 170
14 172
14 175
14 176
14 178
14 179
14 180
14 184
14 190
14 191
14 192
14 198
14 202
14 203
14 205
14 211
14 221
14 222
14 228
14 230
14 234
14 236
14 237
14 239
14 242
14 244
14 247
14 248
14 256
14 259
14 260
14 262
14 264
14 265
14 271
14 283
14 286
14 289
14 290
14 293
14 294
14 296
14 298
15 19
15 23
15 24
15 31
15 36
15 37
15 38
15 47
15 52
15 59
15 61
15 62
15 66
15 67
15 68
15 69
15 72
15 74
15 79
15 84
15 90
15 95
15 98
15 100
15 101
15 106
15 107
15 110
15 111
15 116
15 123
15 125
15 128
15 129
15 130
15 131
15 133
15 136
15 137
15 139
15 142
15 151
15 156
15 157
15 162
15 166
15 168
15 172
15 178
15 183
15 185
15 188
15 190
15 201
15 209
15 217
15 224
15 227
15 229
15 232
15 233
15 239
15 240
15 247
15 248
15 249
15 250
15 254
15 255
15 256
15 259
15 261
15 267
15 270
15 272
15 273
15 281
15 282
15 285
15 286
15 287
15 288
15 289
15 295
15 296
15 299
16 17
16 20
16 22
16 25
16 27
16 28
16 29
16 30
16 31
16 33
16 37
16 41
16 47
16 48
16 49
16 51
16 52
16 61
16 62
16 65
16 66
16 71
16 73
16 75
16 80
16 88
16 103
16 105
16 107
16 113
16 118
16 119
16 134
16 135
16 136
16 138
16 140
16 141
16 143
16 146
16 147
16 149
16 150
16 156
16 157
16 161
16 163
16 167
16 173
16 175
16 179
16 180
16 181
16 182
16 183
16 184
16 187
16 189
16 192
16 196
16 199
16 210
16 213
16 216
16 217
16 223
16 232
16 236
16 240
16 242
16 244
16 246
16 249
16 251
16 252
16 254
16 257
16 260
16 261
16 262
16 264
16 265
16 266
16 270
16 271
16 275
16 276
16 287
16 296
16 298
17 21
17 24
17 30
17 32
17 44
17 45
17 47
17 48
17 49
17 51
17 56
17 58
17 61
17 64
17 65
17 68
17 71
17 72
17 74
17 79
17 83
17 84
17 85
17 86
17 88
17 102
17 106
17 107
17 108
17 110
17 114
17 117
17 121
17 126
17 131
17 136
17 145
17 146
17 150
17 152
17 153
17 155
17 156
17 158
17 162
17 164
17 168
17 172
17 174
17 175
17 180
17 183
17 185
17 186
17 189
17 193
17 195
17 197
17 209
17 211
17 214
17 220
17 223
17 226
17 228
17 229
17 230
17 235
17 236
17 239
17 240
17 243
17 244
17 247
17 248
17 255
17 257
17 261
17 273
17 275
17 278
17 280
17 290
17 296
17 298
17 299
18 22
18 23
18 28
18 29
18 31
18 32
18 33
18 35
18 36
18 39
18 41
18 45
18 52
18 53
18 54
18 57
18 59
18 61
18 62
18 63
18 72
18 73
18 84
18 92
18 99
18 103
18 106
18 109
18 113
18 126
18 129
18 139
18 140
18 141
18 143
18 144
18 145
18 149
18 150
18 153
18 157
18 160
18 164
18 167
18 169
18 179
18 184
18 185
18 188
18 190
18 192
18 193
18 195
18 197
18 200
18 203
18 207
18 210
18 219
18 222
18 231
18 241
18 248
18 255
18 256
18 262
18 265
18 271
18 275
18 278
18 285
18 288
18 291
18 294
18 295
19 20
19 21
19 24
19 29
19 34
19 41
19 47
19 53
19 58
19 64
19 67
19 69
19 71
19 72
19 77
19 80
19 83
19 102
19 107
19 109
19 110
19 112
19 115
19 118
19 119
19 126
19 127
19 128
19 131
19 132
19 133
19 138
19 142
19 144
19 154
19 160
19 168
19 173
19 179
19 181
19 182
19 186
19 188
19 193
19 196
19 201
19 202
19 203
19 210
19 214
19 219
19 221
19 223
19 227
19 228
19 231
19 235
19 239
19 242
19 245
19 247
19 248
19 251
19 252
19 253
19 261
19 262
19 264
19 265
19 271
19 275
19 283
19 286
19 287
19 289
19 290
19 293
19 297
20 23
20 28
20 31
20 34
20 35
20 37
20 38
20 44
20 46
20 63
20 66
20 71
20 72
20 74
20 75
20 77
20 79
20 80
20 85
20 91
20 94
20 102
20 105
20 108
20 110
20 112
20 117
20 120
20 121
20 124
20 127
20 129
20 136
20 139
20 141
20 144
20 145
20 146
20 148
20 152
20 154
20 156
20 158
20 166
20 172
20 175
20 180
20 184
20 190
20 191
20 192
20 196
20 201
20 206
20 216
20 218
20 220
20 224
20 227
20 232
20 233
20 237
20 240
20 242
20 244
20 259
20 262
20 264
20 267
20 274
20 283
20 285
20 288
21 40
21 42
21 50
21 51
21 56
21 61
21 71
21 72
21 73
21 76
21 79
21 80
21 85
21 94
21 101
21 102
21 105
21 115
21 116
21 119
21 122
21 123
21 124
21 126
21 134
21 136
21 142
21 143
21 145
21 146
21 148
21 149
21 150
21 151
21 153
21 154
21 155
21 157
21 159
21 166
21 173
21 175
21 176
21 178
21 181
21 183
21 184
21 189
21 190
21 191
21 192
21 195
21 203
21 205
21 207
21 214
21 220
21 222
21 226
21 237
21 239
21 242
21 243
21 250
21 253
21 254
21 256
21 257
21 259
21 260
21 263
21 267
21 271
21 272
21 274
21 278
21 279
21 281
21 285
21 286
21 288
21 297
22 23
22 34
22 36
22 39
22 45
22 56
22 61
22 71
22 77
22 80
22 81
22 84
22 85
22 86
22 88
22 96
22 99
22 108
22 111
22 112
22 118
22 119
22 121
22 122
22 123
22 128
22 131
22 134
22 140
22 151
22 152
22 153
22 159
22 161
22 169
22 171
22 195
22 200
22 201
22 202
22 203
22 207
22 211
22 212
22 213
22 215
22 217
22 221
22 225
22 230
22 231
22 232
22 233
22 235
22 236
22 237
22 247
22 248
22 249
22 250
22 251
22 255
22 258
22 260
22 262
22 273
22 274
22 276
22 277
22 281
22 282
22 294
23 24
23 25
23 28
23 30
23 32
23 34
23 35
23 38
23 39
23 40
23 45
23 46
23 55
23 57
23 61
23 65
23 68
23 70
23 75
23 77
23 81
23 82
23 101
23 108
23 112
23 115
23 116
23 123
23 127
23 128
23 133
23 134
23 137
23 138
23 140
23 146
23 153
23 160
23 161
23 164
23 169
23 171
23 172
23 176
23 184
23 188
23 189
23 191
23 196
23 198
23 202
23 204
23 205
23 206
23 218
23 224
23 237
23 241
23 243
23 245
23 246
23 248
23 252
23 255
23 266
23 268
23 271
23 273
23 280
23 287
23 290
23 292
23 293
23 294
23 295
23 299
24 26
24 30
24 32
24 35
24 36
24 37
24 39
24 41
24 47
24 51
24 53
24 57
24 60
24 64
24 69
24 71
24 74
24 77
24 87
24 88
24 91
24 92
24 93
24 101
24 102
24 109
24 111
24 112
24 117
24 118
24 124
24 132
24 136
24 138
24 141
24 142
24 144
24 147
24 151
24 152
24 159
24 162
24 178
24 179
24 180
24 182
24 183
24 184
24 185
24 192
24 197
24 198
24 201
24 203
24 204
24 206
24 208
24 209
24 211
24 212
24 220
24 222
24 225
24 229
24 232
24 234
24 235
24 238
24 243
24 244
24 246
24 249
24 251
24 255
24 256
24 257
24 259
24 261
24 262
24 267
24 268
24 270
24 272
24 276
24 278
24 280
24 281
24 282
24 285
24 286
24 290
24 292
24 295
24 297
25 26
25 27
25 29
25 42
25 45
25 47
25 51
25 53
25 56
25 57
25 62
25 64
25 65
25 71
25 72
25 74
25 75
25 78
25 81
25 86
25 88
25 91
25 100
25 102
25 104
25 105
25 108
25 114
25 118
25 120
25 128
25 129
25 130
25 132
25 134
25 142
25 153
25 154
25 155
25 158
25 161
25 163
25 165
25 171
25 179
25 182
25 184
25 186
25 187
25 188
25 190
25 192
25 193
25 195
25 199
25 200
25 208
25 211
25 213
25 218
25 221
25 223
25 227
25 229
25 243
25 245
25 251
25 253
25 257
25 258
25 260
25 261
25 266
25 277
25 278
25 286
25 289
25 292
25 294
25 295
25 297
26 28
26 35
26 38
26 39
26 41
26 43
26 44
26 48
26 56
26 58
26 61
26 62
26 63
26 69
26 72
26 73
26 78
26 85
26 90
26 97
26 99
26 101
26 103
26 104
26 105
26 108
26 120
26 121
26 137
26 140
26 141
26 143
26 148
26 149
26 150
26 151
26 152
26 155
26 156
26 161
26 166
26 167
26 173
26 179
26 189
26 200
26 203
26 205
26 207
26 209
26 210
26 213
26 224
26 234
26 241
26 242
26 244
26 252
26 254
26 257
26 259
26 261
26 262
26 264
26 267
26 268
26 275
26 277
26 282
26 284
26 286
26 292
26 294
27 28
27 33
27 35
27 40
27 53
27 56
27 58
27 59
27 68
27 75
27 80
27 82
27 86
27 87
27 88
27 91
27 95
27 98
27 105
27 113
27 116
27 123
27 126
27 130
27 134
27 136
27 137
27 139
27 141
27 142
27 144
27 151
27 154
27 156
27 158
27 161
27 163
27 167
27 176
27 180
27 182
27 183
27 184
27 189
27 190
27 192
27 194
27 200
27 205
27 210
27 212
27 213
27 216
27 221
27 224
27 227
27 233
27 234
27 235
27 239
27 240
27 242
27 246
27 250
27 255
27 259
27 264
27 269
27 271
27 277
27 279
27 280
27 282
27 283
27 285
27 289
27 291
27 294
27 295
28 30
28 34
28 36
28 38
28 40
28 41
28 42
28 49
28 53
28 57
28 65
28 67
28 75
28 76
28 84
28 85
28 86
28 92
28 93
28 94
28 97
28 98
28 101
28 104
28 113
28 121
28 122
28 129
28 144
28 151
28 154
28 156
28 163
28 165
28 166
28 168
28 169
28 170
28 172
28 183
28 186
28 196
28 199
28 205
28 210
28 214
28 222
28 225
28 228
28 229
28 230
28 231
28 234
28 235
28 238
28 239
28 240
28 241
28 249
28 251
28 253
28 254
28 255
28 258
28 259
28 260
28 261
28 268
28 269
28 271
28 272
28 278
28 279
28 280
28 281
28 284
28 288
28 290
28 294
28 297
28 298
29 31
29 38
29 39
29 40
29 45
29 51
29 53
29 57
29 62
29 63
29 67
29 73
29 74
29 75
29 81
29 82
29 83
29 85
29 86
29 92
29 93
29 94
29 95
29 98
29 99
29 101
29 102
29 103
29 104
29 105
29 106
29 110
29 115
29 116
29 117
29 118
29 127
29 130
29 131
29 134
29 136
29 140
29 142
29 144
29 145
29 147
29 148
29 149
29 158
29 159
29 160
29 161
29 168
29 169
29 172
29 179
29 180
29 185
29 189
29 192
29 196
29 199
29 212
29 213
29 221
29 223
29 235
29 237
29 244
29 245
29 246
29 247
29 250
29 258
29 262
29 264
29 266
29 267
29 270
29 271
29 272
29 277
29 279
29 280
29 289
29 290
29 293
29 298
30 34
30 35
30 38
30 39
30 42
30 43
30 44
30 49
30 53
30 56
30 57
30 61
30 63
30 64
30 66
30 67
30 70
30 73
30 75
30 82
30 83
30 89
30 94
30 96
30 97
30 109
30 111
30 112
30 113
30 117
30 122
30 125
30 129
30 132
30 134
30 135
30 138
30 139
30 141
30 143
30 144
30 149
30 156
30 158
30 160
30 161
30 162
30 163
30 166
30 167
30 168
30 169
30 171
30 172
30 173
30 175
30 178
30 183
30 189
30 194
30 195
30 197
30 200
30 205
30 211
30 212
30 216
30 222
30 225
30 232
30 234
30 236
30 238
30 239
30 242
30 243
30 248
30 251
30 260
30 265
30 266
30 273
30 281
30 283
30 286
30 287
30 289
30 292
30 293
30 296
30 297
30 299
31 33
31 37
31 38
31 39
31 41
31 47
31 54
31 60
31 68
31 71
31 74
31 76
31 80
31 84
31 86
31 93
31 108
31 109
31 110
31 112
31 116
31 117
31 118
31 122
31 127
31 129
31 133
31 134
31 135
31 137
31 142
31 143
31 154
31 156
31 160
31 164
31 167
31 174
31 175
31 176
31 186
31 189
31 196
31 205
31 211
31 215
31 218
31 220
31 222
31 232
31 233
31 234
31 237
31 239
31 242
31 243
31 244
31 245
31 247
31 249
31 253
31 256
31 262
31 263
31 264
31 268
31 271
31 278
31 279
31 282
31 288
31 293
32 34
32 35
32 36
32 42
32 47
32 48
32 51
32 60
32 64
32 65
32 69
32 70
32 73
32 76
32 80
32 83
32 85
32 86
32 89
32 93
32 95
32 96
32 101
32 102
32 103
32 112
32 113
32 121
32 123
32 127
32 138
32 140
32 143
32 145
32 148
32 152
32 155
32 156
32 157
32 161
32 164
32 165
32 166
32 174
32 177
32 178
32 179
32 182
32 185
32 191
32 194
32 196
32 199
32 200
32 206
32 211
32 216
32 218
32 220
32 223
32 224
32 229
32 234
32 239
32 241
32 242
32 250
32 254
32 257
32 260
32 261
32 272
32 273
32 275
32 278
32 281
32 282
32 283
32 287
32 288
32 292
33 34
33 35
33 37
33 44
33 46
33 47
33 51
33 54
33 55
33 56
33 58
33 64
33 70
33 71
33 73
33 80
33 82
33 84
33 91
33 94
33 95
33 96
33 99
33 100
33 107
33 120
33 123
33 127
33 129
33 131
33 132
33 136
33 140
33 141
33 146
33 150
33 153
33 157
33 162
33 163
33 180
33 184
33 187
33 191
33 196
33 197
33 199
33 202
33 205
33 206
33 208
33 215
33 216
33 218
33 229
33 230
33 238
33 247
33 248
33 256
33 259
33 262
33 265
33 270
33 271
33 275
33 292
33 295
34 36
34 39
34 40
34 42
34 43
34 44
34 48
34 50
34 53
34 56
34 57
34 58
34 59
34 60
34 61
34 62
34 67
34 70
34 73
34 75
34 79
34 80
34 85
34 87
34 89
34 90
34 93
34 96
34 97
34 103
34 104
34 105
34 107
34 112
34 114
34 116
34 117
34 122
34 124
34 126
34 127
34 128
34 129
34 132
34 137
34 139
34 140
34 144
34 146
34 148
34 150
34 161
34 165
34 173
34 182
34 184
34 193
34 196
34 197
34 199
34 201
34 203
34 204
34 207
34 209
34 212
34 213
34 214
34 221
34 222
34 223
34 231
34 233
34 234
34 240
34 241
34 243
34 245
34 248
34 254
34 258
34 265
34 269
34 274
34 284
34 288
34 289
34 292
34 295
34 296
34 297
35 36
35 41
35 42
35 46
35 47
35 48
35 49
35 51
35 57
35 66
35 69
35 74
35 76
35 79
35 80
35 82
35 90
35 93
35 97
35 98
35 101
35 102
35 110
35 114
35 115
35 116
35 125
35 127
35 131
35 135
35 137
35 139
35 143
35 157
35 158
35 159
35 160
35 161
35 163
35 169
35 176
35 177
35 179
35 180
35 182
35 185
35 186
35 194
35 199
35 201
35 202
35 203
35 207
35 208
35 212
35 213
35 217
35 219
35 220
35 223
35 227
35 229
35 232
35 233
35 235
35 243
35 244
35 254
35 256
35 257
35 262
35 263
35 264
35 267
35 273
35 276
35 277
35 279
35 287
35 289
35 292
35 293
36 41
36 43
36 46
36 47
36 51
36 53
36 58
36 65
36 67
36 70
36 71
36 72
36 80
36 81
36 87
36 91
36 94
36 96
36 97
36 101
36 102
36 105
36 106
36 107
36 109
36 110
36 112
36 115
36 117
36 120
36 121
36 125
36 126
36 129
36 131
36 138
36 139
36 140
36 145
36 147
36 148
36 150
36 152
36 154
36 155
36 156
36 159
36 166
36 168
36 170
36 176
36 177
36 179
36 183
36 184
36 189
36 192
36 193
36 207
36 215
36 216
36 219
36 220
36 221
36 222
36 225
36 228
36 232
36 234
36 237
36 239
36 246
36 249
36 254
36 260
36 266
36 267
36 269
36 270
36 272
36 283
37 39
37 41
37 42
37 43
37 44
37 46
37 47
37 53
37 59
37 61
37 69
37 70
37 71
37 72
37 77
37 83
37 85
37 90
37 98
37 100
37 102
37 116
37 117
37 119
37 121
37 128
37 129
37 134
37 138
37 145
37 147
37 150
37 154
37 161
37 163
37 165
37 168
37 174
37 180
37 184
37 188
37 190
37 191
37 196
37 204
37 215
37 218
37 219
37 220
37 229
37 232
37 238
37 240
37 241
37 244
37 245
37 247
37 253
37 267
37 268
37 269
37 283
37 284
37 286
37 288
37 294
38 42
38 45
38 47
38 50
38 58
38 61
38 65
38 67
38 73
38 75
38 79
38 80
38 83
38 84
38 88
38 89
38 91
38 95
38 101
38 104
38 105
38 106
38 107
38 111
38 116
38 122
38 125
38 130
38 138
38 142
38 144
38 145
38 146
38 148
38 149
38 153
38 162
38 163
38 168
38 170
38 172
38 174
38 175
38 176
38 178
38 181
38 199
38 204
38 210
38 212
38 213
38 219
38 220
38 222
38 227
38 228
38 230
38 231
38 235
38 237
38 250
38 252
38 255
38 263
38 266
38 272
38 273
38 275
38 276
38 277
38 280
38 287
38 288
38 295
38 296
38 297
38 299
39 42
39 46
39 49
39 55
39 56
39 61
39 62
39 64
39 66
39 68
39 69
39 85
39 89
39 90
39 95
39 103
39 109
39 115
39 116
39 122
39 124
39 125
39 128
39 131
39 135
39 141
39 148
39 149
39 155
39 156
39 160
39 164
39 179
39 184
39 185
39 186
39 187
39 190
39 195
39 198
39 199
39 201
39 202
39 207
39 210
39 217
39 222
39 229
39 232
39 235
39 243
39 246
39 252
39 253
39 254
39 255
39 263
39 264
39 269
39 270
39 273
39 279
39 281
39 282
39 284
39 287
39 288
39 291
39 292
39 293
39 298
40 45
40 49
40 50
40 51
40 53
40 61
40 63
40 64
40 66
40 73
40 74
40 75
40 79
40 82
40 83
40 85
40 87
40 88
40 90
40 91
40 92
40 94
40 96
40 98
40 102
40 108
40 115
40 120
40 123
40 124
40 125
40 127
40 128
40 130
40 139
40 147
40 148
40 149
40 159
40 160
40 162
40 163
40 167
40 169
40 171
40 172
40 173
40 180
40 181
40 183
40 188
40 197
40 199
40 201
40 202
40 207
40 210
40 211
40 212
40 213
40 219
40 224
40 227
40 231
40 237
40 240
40 243
40 246
40 248
40 252
40 254
40 256
40 257
40 258
40 260
40 264
40 281
40 285
40 287
40 290
40 293
40 296
40 297
41 46
41 47
41 48
41 59
41 60
41 61
41 63
41 72
41 74
41 79
41 80
41 86
41 88
41 90
41 92
41 93
41 94
41 97
41 98
41 106
41 110
41 111
41 116
41 117
41 119
41 124
41 127
41 131
41 132
41 140
41 144
41 148
41 156
41 157
41 159
41 163
41 177
41 178
41 181
41 184
41 188
41 192
41 193
41 200
41 203
41 209
41 210
41 211
41 212
41 220
41 224
41 228
41 234
41 235
41 239
41 242
41 245
41 247
41 249
41 253
41 259
41 264
41 273
41 276
41 277
41 280
41 282
41 291
41 292
41 299
42 43
42 45
42 47
42 48
42 51
42 52
42 55
42 58
42 60
42 62
42 63
42 64
42 67
42 69
42 70
42 71
42 73
42 74
42 77
42 83
42 84
42 86
42 90
42 92
42 95
42 96
42 100
42 105
42 111
42 119
42 125
42 128
42 131
42 135
42 137
42 139
42 142
42 143
42 145
42 146
42 150
42 155
42 161
42 165
42 166
42 169
42 171
42 175
42 176
42 177
42 178
42 184
42 187
42 188
42 189
42 191
42 193
42 196
42 198
42 202
42 206
42 207
42 208
42 211
42 216
42 221
42 225
42 227
42 228
42 231
42 233
42 234
42 236
42 238
42 240
42 241
42 242
42 244
42 250
42 251
42 254
42 261
42 269
42 273
42 275
42 280
42 282
42 290
43 45
43 50
43 52
43 53
43 57
43 58
43 62
43 66
43 67
43 70
43 71
43 72
43 82
43 84
43 85
43 87
43 89
43 90
43 93
43 94
43 97
43 102
43 106
43 108
43 110
43 112
43 114
43 117
43 118
43 119
43 121
43 126
43 130
43 131
43 135
43 137
43 138
43 150
43 152
43 153
43 155
43 157
43 159
43 160
43 161
43 166
43 173
43 174
43 176
43 181
43 182
43 191
43 205
43 206
43 212
43 215
43 216
43 218
43 227
43 229
43 231
43 233
43 234
43 236
43 243
43 247
43 255
43 258
43 259
43 266
43 268
43 271
43 273
43 274
43 276
43 278
43 280
43 281
43 284
43 286
43 291
43 292
43 293
43 295
43 296
44 49
44 57
44 62
44 64
44 65
44 70
44 81
44 82
44 87
44 96
44 98
44 104
44 105
44 106
44 108
44 117
44 120
44 122
44 127
44 128
44 130
44 131
44 134
44 138
44 143
44 153
44 155
44 166
44 167
44 168
44 172
44 173
44 174
44 175
44 176
44 177
44 181
44 182
44 186
44 189
44 198
44 199
44 202
44 206
44 214
44 221
44 223
44 232
44 233
44 234
44 237
44 239
44 240
44 249
44 251
44 254
44 257
44 259
44 260
44 261
44 262
44 265
44 272
44 278
44 281
44 283
44 289
44 294
44 297
44 299
45 46
45 67
45 73
45 74
45 79
45 81
45 82
45 84
45 86
45 89
45 90
45 95
45 97
45 98
45 100
45 102
45 103
45 105
45 109
45 113
45 114
45 118
45 120
45 124
45 125
45 127
45 129
45 130
45 133
45 136
45 138
45 139
45 140
45 141
45 142
45 145
45 148
45 149
45 150
45 151
45 155
45 160
45 161
45 164
45 170
45 173
45 175
45 181
45 183
45 184
45 185
45 193
45 197
45 205
45 207
45 217
45 218
45 220
45 225
45 246
45 247
45 256
45 258
45 259
45 260
45 261
45 263
45 264
45 271
45 273
45 279
45 282
45 283
45 287
45 289
45 299
46 47
46 51
46 54
46 57
46 59
46 61
46 69
46 71
46 73
46 75
46 79
46 82
46 89
46 93
46 94
46 97
46 105
46 111
46 113
46 116
46 117
46 118
46 130
46 138
46 141
46 142
46 143
46 144
46 148
46 150
46 152
46 154
46 158
46 159
46 163
46 164
46 166
46 172
46 176
46 178
46 179
46 181
46 184
46 188
46 190
46 191
46 196
46 197
46 205
46 207
46 208
46 212
46 214
46 217
46 219
46 220
46 231
46 233
46 234
46 239
46 242
46 244
46 247
46 249
46 260
46 264
46 265
46 266
46 268
46 269
46 272
46 274
46 275
46 276
46 277
46 280
46 281
46 287
46 289
46 290
46 291
46 292
46 293
46 296
46 298
47 65
47 67
47 69
47 70
47 72
47 76
47 78
47 82
47 92
47 94
47 96
47 97
47 100
47 103
47 109
47 113
47 114
47 115
47 118
47 124
47 127
47 129
47 133
47 142
47 148
47 153
47 158
47 164
47 172
47 174
47 175
47 181
47 183
47 204
47 205
47 214
47 217
47 226
47 228
47 229
47 230
47 231
47 232
47 233
47 236
47 237
47 242
47 243
47 244
47 245
47 247
47 250
47 252
47 254
47 255
47 259
47 260
47 261
47 264
47 272
47 285
47 286
47 293
47 295
47 299
48 51
48 53
48 57
48 61
48 62
48 68
48 70
48 71
48 72
48 75
48 77
48 85
48 92
48 97
48 98
48 102
48 104
48 107
48 112
48 120
48 121
48 126
48 127
48 130
48 134
48 142
48 143
48 144
48 149
48 150
48 152
48 155
48 157
48 160
48 162
48 165
48 168
48 170
48 172
48 173
48 177
48 180
48 183
48 184
48 189
48 191
48 194
48 199
48 207
48 209
48 210
48 217
48 221
48 226
48 227
48 228
48 229
48 230
48 233
48 236
48 246
48 251
48 254
48 262
48 263
48 267
48 272
48 276
48 281
48 284
48 286
48 287
48 294
48 295
48 296
48 299
49 53
49 56
49 57
49 58
49 67
49 69
49 73
49 77
49 83
49 86
49 92
49 93
49 94
49 96
49 99
49 100
49 104
49 105
49 110
49 111
49 114
49 118
49 120
49 122
49 125
49 127
49 129
49 132
49 135
49 142
49 143
49 144
49 151
49 153
49 158
49 159
49 163
49 164
49 169
49 170
49 172
49 173
49 178
49 181
49 182
49 183
49 184
49 188
49 190
49 195
49 196
49 197
49 198
49 201
49 204
49 205
49 206
49 207
49 209
49 210
49 221
49 222
49 224
49 231
49 232
49 238
49 239
49 242
49 243
49 245
49 246
49 263
49 270
49 271
49 273
49 280
49 283
49 285
49 286
49 287
49 294
49 298
49 299
50 52
50 53
50 61
50 63
50 65
50 77
50 87
50 88
50 102
50 103
50 104
50 107
50 108
50 114
50 115
50 120
50 122
50 127
50 128
50 129
50 135
50 137
50 141
50 147
50 150
50 151
50 152
50 153
50 155
50 160
50 165
50 171
50 172
50 179
50 185
50 186
50 190
50 193
50 194
50 199
50 200
50 203
50 207
50 209
50 212
50 228
50 232
50 236
50 238
50 239
50 246
50 248
50 259
50 260
50 261
50 266
50 276
50 282
50 283
50 284
50 285
50 288
50 289
50 290
50 299
51 53
51 55
51 59
51 68
51 69
51 70
51 73
51 76
51 77
51 78
51 83
51 85
51 87
51 92
51 101
51 107
51 108
51 109
51 110
51 113
51 117
51 118
51 122
51 137
51 139
51 142
51 152
51 159
51 162
51 164
51 165
51 172
51 173
51 176
51 186
51 192
51 196
51 197
51 206
51 207
51 212
51 214
51 221
51 222
51 225
51 228
51 233
51 237
51 238
51 241
51 247
51 250
51 252
51 253
51 255
51 257
51 258
51 261
51 268
51 272
51 278
51 279
51 285
51 286
51 287
51 288
51 289
51 295
51 296
52 53
52 54
52 56
52 58
52 60
52 61
52 64
52 66
52 68
52 80
52 81
52 84
52 85
52 86
52 94
52 96
52 98
52 99
52 100
52 101
52 102
52 104
52 105
52 106
52 107
52 113
52 116
52 120
52 122
52 123
52 125
52 127
52 131
52 133
52 134
52 135
52 136
52 138
52 146
52 148
52 149
52 153
52 160
52 162
52 165
52 168
52 171
52 173
52 176
52 179
52 180
52 182
52 185
52 193
52 199
52 200
52 206
52 208
52 209
52 212
52 221
52 229
52 231
52 232
52 234
52 241
52 242
52 244
52 246
52 247
52 248
52 251
52 252
52 254
52 259
52 260
52 261
52 263
52 264
52 269
52 273
52 274
52 277
52 279
52 284
52 290
52 293
53 62
53 70
53 72
53 79
53 81
53 84
53 86
53 90
53 101
53 102
53 105
53 106
53 107
53 109
53 115
53 116
53 120
53 123
53 125
53 127
53 133
53 137
53 138
53 144
53 156
53 158
53 160
53 162
53 173
53 180
53 181
53 185
53 187
53 189
53 193
53 197
53 199
53 200
53 201
53 204
53 206
53 208
53 210
53 213
53 225
53 226
53 230
53 234
53 238
53 239
53 246
53 250
53 252
53 254
53 268
53 272
53 273
53 274
53 277
53 281
53 284
53 287
53 289
53 293
53 295
53 299
54 59
54 60
54 61
54 62
54 65
54 68
54 70
54 74
54 77
54 81
54 84
54 88
54 89
54 90
54 91
54 93
54 94
54 101
54 103
54 107
54 108
54 109
54 113
54 115
54 121
54 128
54 129
54 133
54 136
54 137
54 139
54 144
54 145
54 146
54 148
54 153
54 155
54 156
54 158
54 160
54 162
54 165
54 169
54 178
54 180
54 183
54 187
54 194
54 196
54 201
54 205
54 208
54 213
54 214
54 218
54 222
54 226
54 227
54 228
54 229
54 235
54 238
54 240
54 245
54 246
54 247
54 251
54 252
54 257
54 258
54 271
54 274
54 276
54 279
54 281
54 286
54 288
54 289
54 290
54 293
54 297
54 298
54 299
55 56
55 60
55 62
55 63
55 65
55 66
55 69
55 72
55 75
55 76
55 83
55 88
55 93
55 99
55 100
55 103
55 111
55 127
55 129
55 135
55 138
55 140
55 141
55 144
55 152
55 159
55 160
55 164
55 165
55 173
55 175
55 187
55 188
55 190
55 192
55 193
55 194
55 196
55 198
55 199
55 206
55 207
55 211
55 212
55 214
55 217
55 220
55 222
55 227
55 235
55 239
55 241
55 243
55 249
55 251
55 258
55 263
55 264
55 265
55 267
55 277
55 280
55 281
55 283
55 285
55 286
55 287
55 288
55 292
55 294
55 299
56 57
56 58
56 60
56 62
56 64
56 65
56 68
56 71
56 73
56 75
56 78
56 80
56 81
56 82
56 83
56 87
56 89
56 97
56 99
56 104
56 110
56 113
56 115
56 117
56 119
56 120
56 129
56 137
56 140
56 141
56 148
56 152
56 157
56 158
56 161
56 163
56 165
56 166
56 167
56 170
56 173
56 178
56 188
56 193
56 196
56 201
56 205
56 208
56 209
56 210
56 213
56 217
56 223
56 226
56 227
56 229
56 231
56 236
56 237
56 239
56 241
56 243
56 245
56 247
56 258
56 260
56 264
56 267
56 268
56 271
56 272
56 273
56 275
56 277
56 279
56 283
56 284
56 285
56 290
56 293
56 297
57 61
57 63
57 66
57 67
57 73
57 82
57 83
57 85
57 86
57 87
57 90
57 91
57 92
57 95
57 98
57 99
57 101
57 103
57 106
57 110
57 119
57 122
57 124
57 126
57 127
57 131
57 134
57 140
57 145
57 147
57 149
57 150
57 153
57 167
57 169
57 171
57 172
57 173
57 174
57 176
57 177
57 179
57 186
57 194
57 196
57 198
57 200
57 202
57 204
57 205
57 208
57 217
57 228
57 229
57 230
57 233
57 238
57 240
57 243
57 244
57 246
57 249
57 257
57 258
57 259
57 263
57 264
57 267
57 269
57 271
57 276
57 279
57 287
57 288
57 290
57 291
57 293
57 298
57 299
58 63
58 64
58 65
58 70
58 74
58 75
58 81
58 83
58 85
58 88
58 89
58 90
58 94
58 99
58 106
58 112
58 115
58 118
58 120
58 122
58 123
58 124
58 126
58 128
58 129
58 133
58 137
58 138
58 144
58 152
58 153
58 156
58 157
58 158
58 167
58 169
58 170
58 173
58 180
58 185
58 188
58 190
58 196
58 197
58 198
58 199
58 200
58 207
58 211
58 218
58 219
58 229
58 234
58 236
58 238
58 240
58 243
58 246
58 248
58 252
58 254
58 257
58 267
58 275
58 277
58 282
58 285
58 287
58 288
58 290
58 295
58 299
59 64
59 65
59 67
59 71
59 76
59 88
59 95
59 97
59 101
59 105
59 109
59 113
59 114
59 118
59 120
59 121
59 123
59 124
59 134
59 144
59 146
59 148
59 151
59 159
59 163
59 169
59 174
59 178
59 179
59 181
59 182
59 185
59 186
59 188
59 191
59 193
59 196
59 200
59 202
59 208
59 216
59 226
59 230
59 232
59 233
59 236
59 239
59 243
59 245
59 246
59 250
59 252
59 254
59 255
59 257
59 260
59 262
59 264
59 265
59 271
59 273
59 275
59 281
59 282
59 284
59 286
59 288
59 291
59 293
60 67
60 71
60 73
60 74
60 88
60 92
60 100
60 101
60 111
60 115
60 117
60 119
60 123
60 124
60 128
60 137
60 142
60 143
60 146
60 152
60 159
60 162
60 163
60 165
60 176
60 186
60 189
60 197
60 199
60 202
60 205
60 208
60 211
60 213
60 215
60 218
60 224
60 227
60 233
60 244
60 247
60 251
60 259
60 266
60 272
60 273
60 286
60 287
60 288
60 289
60 290
60 291
60 293
60 297
60 299
61 64
61 66
61 69
61 79
61 80
61 81
61 83
61 84
61 88
61 90
61 92
61 93
61 106
61 113
61 115
61 117
61 119
61 120
61 131
61 132
61 135
61 141
61 142
61 143
61 145
61 154
61 156
61 161
61 165
61 167
61 169
61 176
61 177
61 182
61 190
61 193
61 197
61 204
61 208
61 220
61 222
61 223
61 227
61 229
61 230
61 231
61 234
61 235
61 242
61 243
61 247
61 250
61 252
61 254
61 255
61 262
61 263
61 268
61 269
61 270
61 272
61 273
61 274
61 279
61 280
61 289
61 295
62 65
62 66
62 77
62 82
62 83
62 84
62 85
62 86
62 87
62 91
62 95
62 108
62 110
62 117
62 122
62 124
62 125
62 131
62 133
62 137
62 138
62 146
62 148
62 151
62 160
62 161
62 162
62 166
62 167
62 173
62 180
62 185
62 187
62 191
62 192
62 204
62 205
62 206
62 210
62 212
62 222
62 225
62 233
62 237
62 239
62 245
62 250
62 252
62 257
62 262
62 266
62 267
62 271
62 272
62 274
62 275
62 276
62 279
62 281
62 285
62 286
62 287
62 290
62 292
62 294
62 296
63 64
63 66
63 68
63 69
63 73
63 78
63 82
63 87
63 91
63 93
63 98
63 101
63 102
63 104
63 105
63 114
63 116
63 117
63 119
63 121
63 122
63 125
63 129
63 131
63 132
63 135
63 139
63 145
63 147
63 148
63 155
63 163
63 166
63 167
63 173
63 182
63 185
63 192
63 195
63 200
63 202
63 204
63 205
63 206
63 207
63 208
63 210
63 211
63 215
63 216
63 218
63 219
63 220
63 226
63 227
63 233
63 236
63 242
63 243
63 245
63 248
63 249
63 262
63 268
63 275
63 277
63 281
63 282
63 284
63 289
63 296
63 298
64 66
64 68
64 80
64 89
64 92
64 98
64 101
64 102
64 111
64 114
64 116
64 122
64 134
64 135
64 145
64 151
64 153
64 158
64 160
64 167
64 170
64 174
64 177
64 179
64 180
64 195
64 199
64 203
64 204
64 205
64 206
64 209
64 210
64 214
64 218
64 223
64 224
64 225
64 226
64 233
64 234
64 240
64 244
64 248
64 249
64 251
64 254
64 257
64 269
64 273
64 275
64 276
64 277
64 281
64 287
64 294
65 67
65 74
65 75
65 77
65 78
65 79
65 81
65 83
65 84
65 88
65 89
65 93
65 95
65 97
65 99
65 101
65 111
65 113
65 114
65 117
65 118
65 119
65 126
65 132
65 134
65 136
65 139
65 140
65 141
65 142
65 146
65 149
65 153
65 154
65 155
65 157
65 160
65 161
65 162
65 169
65 170
65 174
65 192
65 198
65 203
65 206
65 208
65 210
65 213
65 220
65 225
65 227
65 238
65 244
65 247
65 248
65 250
65 257
65 262
65 264
65 270
65 276
65 286
65 287
65 291
65 292
65 297
66 67
66 69
66 70
66 71
66 72
66 76
66 78
66 82
66 90
66 91
66 92
66 97
66 99
66 108
66 109
66 117
66 120
66 123
66 129
66 134
66 137
66 139
66 141
66 143
66 145
66 150
66 155
66 156
66 157
66 163
66 167
66 168
66 171
66 179
66 184
66 186
66 189
66 191
66 197
66 200
66 206
66 207
66 215
66 217
66 218
66 221
66 229
66 230
66 235
66 242
66 243
66 249
66 252
66 273
66 277
66 278
66 289
66 292
66 296
67 69
67 71
67 82
67 83
67 85
67 86
67 89
67 92
67 96
67 105
67 107
67 108
67 116
67 119
67 121
67 129
67 131
67 133
67 135
67 139
67 143
67 152
67 153
67 156
67 157
67 158
67 164
67 165
67 167
67 168
67 169
67 170
67 176
67 181
67 182
67 183
67 185
67 186
67 190
67 193
67 194
67 197
67 198
67 201
67 203
67 205
67 206
67 207
67 218
67 223
67 226
67 233
67 239
67 240
67 246
67 249
67 250
67 252
67 259
67 262
67 264
67 267
67 268
67 272
67 276
67 278
67 279
67 281
67 282
67 283
67 284
67 288
67 290
67 293
68 72
68 74
68 77
68 78
68 83
68 84
68 91
68 92
68 106
68 107
68 126
68 127
68 128
68 130
68 137
68 140
68 148
68 153
68 155
68 157
68 158
68 159
68 162
68 163
68 164
68 167
68 172
68 173
68 179
68 183
68 186
68 188
68 189
68 190
68 192
68 193
68 194
68 199
68 200
68 203
68 205
68 211
68 223
68 229
68 230
68 236
68 239
68 241
68 242
68 245
68 248
68 252
68 253
68 255
68 256
68 259
68 261
68 264
68 265
68 269
68 272
68 274
68 278
68 280
68 283
68 285
68 290
68 296
68 298
68 299
69 77
69 79
69 80
69 83
69 84
69 89
69 91
69 93
69 94
69 96
69 105
69 116
69 122
69 129
69 136
69 139
69 140
69 141
69 147
69 151
69 165
69 167
69 170
69 173
69 175
69 178
69 179
69 181
69 182
69 185
69 186
69 191
69 197
69 198
69 210
69 211
69 219
69 221
69 224
69 232
69 233
69 236
69 237
69 239
69 243
69 246
69 249
69 254
69 258
69 260
69 264
69 266
69 270
69 277
69 278
69 283
69 284
69 285
69 286
69 288
69 290
69 291
69 292
69 293
69 294
69 295
69 296
69 297
69 299
70 71
70 74
70 80
70 82
70 84
70 86
70 90
70 91
70 106
70 107
70 115
70 116
70 117
70 123
70 124
70 126
70 128
70 133
70 135
70 137
70 138
70 144
70 145
70 146
70 148
70 153
70 164
70 165
70 167
70 169
70 171
70 173
70 176
70 182
70 183
70 184
70 185
70 186
70 194
70 207
70 209
70 211
70 215
70 216
70 218
70 224
70 225
70 229
70 231
70 233
70 235
70 240
70 244
70 245
70 248
70 249
70 251
70 253
70 257
70 258
70 259
70 262
70 272
70 279
70 280
70 281
70 283
70 287
70 290
70 294
70 297
70 298
70 299
71 75
71 83
71 84
71 88
71 89
71 92
71 98
71 99
71 100
71 104
71 119
71 121
71 126
71 129
71 130
71 131
71 136
71 138
71 141
71 147
71 148
71 153
71 154
71 156
71 160
71 165
71 168
71 171
71 172
71 173
71 174
71 175
71 176
71 177
71 182
71 184
71 185
71 186
71 190
71 194
71 198
71 200
71 201
71 203
71 208
71 213
71 224
71 226
71 231
71 232
71 233
71 242
71 247
71 256
71 257
71 260
71 263
71 264
71 265
71 286
71 293
71 296
71 298
71 299
72 76
72 81
72 83
72 95
72 98
72 106
72 109
72 110
72 112
72 113
72 114
72 118
72 121
72 122
72 128
72 130
72 134
72 138
72 140
72 141
72 144
72 148
72 149
72 156
72 157
72 169
72 175
72 178
72 180
72 182
72 183
72 186
72 188
72 190
72 191
72 192
72 194
72 198
72 199
72 200
72 202
72 203
72 206
72 210
72 213
72 214
72 215
72 216
72 221
72 222
72 231
72 235
72 236
72 240
72 244
72 246
72 248
72 249
72 252
72 254
72 257
72 261
72 264
72 265
72 266
72 270
72 272
72 274
72 280
72 282
72 292
73 74
73 76
73 81
73 83
73 90
73 93
73 100
73 104
73 113
73 118
73 122
73 124
73 131
73 135
73 136
73 142
73 148
73 150
73 152
73 153
73 155
73 157
73 158
73 159
73 165
73 166
73 167
73 170
73 177
73 179
73 185
73 189
73 193
73 194
73 196
73 199
73 201
73 203
73 209
73 214
73 215
73 216
73 217
73 218
73 219
73 222
73 223
73 228
73 231
73 235
73 236
73 239
73 241
73 242
73 243
73 247
73 248
73 250
73 262
73 266
73 267
73 270
73 271
73 274
73 278
73 279
73 280
73 285
73 287
73 290
73 293
73 294
73 295
73 298
74 75
74 78
74 80
74 82
74 91
74 94
74 101
74 103
74 109
74 112
74 119
74 120
74 121
74 129
74 131
74 133
74 134
74 137
74 146
74 148
74 157
74 160
74 161
74 163
74 165
74 168
74 169
74 170
74 171
74 177
74 182
74 183
74 184
74 187
74 189
74 190
74 193
74 196
74 197
74 198
74 199
74 200
74 202
74 203
74 209
74 212
74 215
74 221
74 225
74 227
74 229
74 236
74 244
74 246
74 248
74 250
74 254
74 255
74 261
74 263
74 266
74 270
74 273
74 279
74 281
74 291
74 293
74 294
75 78
75 81
75 82
75 83
75 85
75 89
75 93
75 94
75 95
75 98
75 100
75 104
75 106
75 108
75 110
75 114
75 120
75 122
75 125
75 128
75 131
75 132
75 133
75 134
75 135
75 139
75 141
75 146
75 148
75 149
75 153
75 158
75 161
75 162
75 163
75 165
75 168
75 170
75 173
75 179
75 186
75 188
75 189
75 196
75 199
75 200
75 207
75 209
75 213
75 214
75 216
75 219
75 220
75 221
75 222
75 229
75 240
75 245
75 247
75 251
75 252
75 253
75 254
75 256
75 257
75 258
75 265
75 266
75 268
75 273
75 274
75 277
75 284
75 285
75 286
75 288
76 77
76 79
76 80
76 83
76 88
76 89
76 90
76 100
76 101
76 103
76 108
76 109
76 111
76 116
76 127
76 130
76 131
76 133
76 136
76 137
76 138
76 139
76 141
76 145
76 150
76 153
76 154
76 164
76 165
76 168
76 173
76 174
76 179
76 183
76 188
76 189
76 191
76 192
76 195
76 198
76 204
76 209
76 213
76 214
76 215
76 217
76 218
76 220
76 222
76 230
76 234
76 238
76 240
76 242
76 246
76 247
76 251
76 254
76 265
76 267
76 268
76 272
76 273
76 275
76 281
76 288
76 290
76 294
76 296
76 298
76 299
77 81
77 85
77 86
77 94
77 95
77 96
77 97
77 99
77 101
77 106
77 109
77 120
77 128
77 129
77 130
77 134
77 139
77 140
77 145
77 151
77 160
77 162
77 163
77 171
77 176
77 186
77 187
77 190
77 196
77 197
77 206
77 214
77 215
77 220
77 221
77 224
77 227
77 228
77 236
77 237
77 242
77 248
77 250
77 257
77 262
77 268
77 270
77 272
77 278
77 279
77 281
77 282
77 283
77 286
77 287
77 289
77 290
77 291
77 293
77 296
77 299
78 81
78 82
78 85
78 88
78 89
78 91
78 94
78 96
78 99
78 105
78 108
78 110
78 112
78 113
78 117
78 118
78 119
78 120
78 122
78 125
78 133
78 135
78 136
78 138
78 150
78 152
78 154
78 155
78 158
78 162
78 163
78 166
78 170
78 176
78 178
78 181
78 184
78 185
78 189
78 192
78 193
78 197
78 199
78 200
78 203
78 205
78 207
78 212
78 213
78 214
78 215
78 220
78 221
78 223
78 227
78 228
78 231
78 235
78 245
78 248
78 257
78 266
78 271
78 274
78 275
78 287
78 289
78 292
78 294
78 299
79 84
79 89
79 91
79 92
79 93
79 95
79 96
79 97
79 98
79 99
79 102
79 103
79 107
79 110
79 112
79 114
79 116
79 122
79 130
79 131
79 132
79 134
79 138
79 141
79 142
79 144
79 150
79 153
79 155
79 156
79 158
79 159
79 161
79 164
79 166
79 168
79 169
79 170
79 177
79 180
79 184
79 185
79 186
79 191
79 192
79 194
79 195
79 203
79 205
79 206
79 207
79 209
79 211
79 214
79 216
79 217
79 218
79 221
79 223
79 224
79 228
79 230
79 231
79 233
79 234
79 235
79 239
79 244
79 258
79 259
79 260
79 263
79 270
79 274
79 276
79 284
79 286
79 287
79 288
79 290
79 298
80 92
80 93
80 94
80 95
80 97
80 98
80 107
80 110
80 115
80 117
80 124
80 125
80 128
80 129
80 136
80 140
80 141
80 142
80 149
80 161
80 162
80 165
80 167
80 169
80 174
80 176
80 177
80 181
80 191
80 193
80 195
80 196
80 198
80 201
80 202
80 203
80 204
80 206
80 207
80 210
80 216
80 221
80 223
80 226
80 233
80 235
80 240
80 244
80 245
80 246
80 247
80 248
80 249
80 251
80 253
80 259
80 265
80 266
80 270
80 271
80 274
80 275
80 277
80 278
80 288
80 293
80 294
81 85
81 86
81 87
81 90
81 94
81 104
81 106
81 108
81 115
81 116
81 117
81 120
81 122
81 123
81 126
81 127
81 128
81 135
81 137
81 138
81 149
81 150
81 152
81 153
81 158
81 165
81 167
81 182
81 187
81 190
81 193
81 194
81 200
81 201
81 204
81 208
81 209
81 210
81 211
81 212
81 225
81 228
81 237
81 242
81 250
81 258
81 260
81 274
81 277
81 278
81 280
81 288
81 291
81 299
82 84
82 85
82 86
82 90
82 91
82 93
82 95
82 98
82 104
82 108
82 109
82 115
82 116
82 117
82 118
82 119
82 120
82 124
82 125
82 129
82 130
82 131
82 133
82 141
82 145
82 146
82 148
82 151
82 156
82 157
82 161
82 164
82 165
82 183
82 191
82 192
82 196
82 199
82 200
82 205
82 208
82 209
82 210
82 212
82 215
82 216
82 218
82 219
82 226
82 227
82 229
82 234
82 235
82 238
82 240
82 241
82 242
82 248
82 252
82 257
82 260
82 263
82 267
82 276
82 279
82 281
82 283
82 289
82 292
82 294
82 295
83 85
83 89
83 93
83 98
83 100
83 105
83 111
83 112
83 113
83 114
83 118
83 120
83 121
83 126
83 128
83 129
83 130
83 131
83 135
83 141
83 145
83 146
83 152
83 153
83 157
83 159
83 160
83 161
83 162
83 169
83 171
83 174
83 175
83 176
83 180
83 189
83 190
83 193
83 195
83 196
83 198
83 200
83 205
83 214
83 217
83 220
83 222
83 223
83 230
83 235
83 238
83 240
83 241
83 251
83 254
83 256
83 257
83 259
83 267
83 268
83 271
83 274
83 276
83 277
83 279
83 281
83 284
83 287
83 291
83 295
83 299
84 90
84 109
84 114
84 124
84 125
84 131
84 132
84 137
84 140
84 141
84 147
84 148
84 155
84 158
84 159
84 169
84 171
84 172
84 173
84 175
84 192
84 194
84 196
84 200
84 201
84 202
84 207
84 208
84 211
84 215
84 226
84 229
84 231
84 234
84 239
84 241
84 242
84 249
84 252
84 253
84 254
84 256
84 257
84 265
84 266
84 267
84 273
84 275
84 276
84 279
84 282
84 283
84 284
84 286
84 291
84 294
84 298
85 94
85 96
85 98
85 99
85 100
85 103
85 104
85 112
85 114
85 115
85 116
85 121
85 127
85 130
85 138
85 144
85 146
85 152
85 157
85 160
85 165
85 169
85 170
85 174
85 179
85 181
85 182
85 195
85 198
85 204
85 205
85 213
85 214
85 215
85 217
85 221
85 222
85 223
85 231
85 235
85 241
85 242
85 246
85 247
85 252
85 259
85 260
85 266
85 269
85 271
85 272
85 273
85 274
85 277
85 278
85 286
85 287
85 290
85 297
85 299
86 93
86 94
86 105
86 110
86 115
86 116
86 117
86 121
86 124
86 126
86 128
86 134
86 137
86 141
86 143
86 147
86 150
86 151
86 154
86 155
86 157
86 159
86 164
86 167
86 173
86 174
86 176
86 179
86 181
86 183
86 184
86 186
86 188
86 196
86 202
86 205
86 209
86 210
86 213
86 214
86 218
86 220
86 223
86 224
86 230
86 231
86 233
86 235
86 239
86 240
86 242
86 244
86 245
86 246
86 254
86 255
86 256
86 258
86 266
86 269
86 271
86 277
86 278
86 284
86 285
86 292
86 295
87 90
87 91
87 92
87 95
87 97
87 102
87 103
87 122
87 126
87 127
87 130
87 132
87 133
87 134
87 137
87 142
87 148
87 155
87 160
87 161
87 163
87 168
87 169
87 172
87 181
87 187
87 203
87 208
87 210
87 213
87 214
87 215
87 217
87 219
87 220
87 221
87 230
87 240
87 241
87 244
87 245
87 254
87 262
87 263
87 264
87 274
87 275
87 277
87 278
87 286
87 287
87 290
87 294
87 296
87 299
88 96
88 98
88 99
88 101
88 104
88 105
88 109
88 111
88 115
88 119
88 120
88 122
88 124
88 128
88 129
88 131
88 135
88 137
88 138
88 140
88 144
88 151
88 153
88 155
88 160
88 168
88 169
88 170
88 174
88 178
88 180
88 185
88 190
88 191
88 192
88 195
88 199
88 204
88 207
88 211
88 213
88 216
88 219
88 222
88 227
88 231
88 233
88 240
88 243
88 245
88 246
88 248
88 250
88 251
88 252
88 254
88 255
88 257
88 260
88 265
88 267
88 271
88 280
88 296
88 298
89 92
89 94
89 97
89 99
89 100
89 108
89 109
89 111
89 113
89 114
89 115
89 120
89 130
89 133
89 134
89 135
89 136
89 139
89 141
89 143
89 146
89 149
89 154
89 156
89 158
89 162
89 163
89 169
89 170
89 171
89 173
89 175
89 176
89 181
89 184
89 185
89 186
89 190
89 192
89 195
89 198
89 201
89 202
89 205
89 206
89 207
89 210
89 212
89 213
89 214
89 227
89 228
89 229
89 234
89 238
89 239
89 247
89 248
89 250
89 253
89 255
89 267
89 273
89 280
89 281
89 282
89 289
89 292
90 92
90 95
90 96
90 100
90 101
90 102
90 105
90 108
90 109
90 110
90 112
90 114
90 120
90 126
90 129
90 130
90 132
90 140
90 141
90 142
90 145
90 146
90 149
90 152
90 154
90 163
90 166
90 168
90 171
90 175
90 176
90 178
90 182
90 183
90 185
90 188
90 198
90 199
90 206
90 217
90 218
90 219
90 221
90 223
90 226
90 230
90 232
90 236
90 238
90 240
90 242
90 244
90 247
90 248
90 253
90 257
90 264
90 266
90 270
90 275
90 276
90 277
90 279
90 282
90 284
90 295
90 299
91 96
91 98
91 109
91 111
91 112
91 115
91 130
91 131
91 139
91 145
91 146
91 148
91 151
91 156
91 157
91 158
91 162
91 169
91 170
91 172
91 181
91 187
91 192
91 194
91 197
91 199
91 201
91 207
91 209
91 215
91 217
91 218
91 221
91 225
91 227
91 228
91 234
91 235
91 237
91 239
91 246
91 250
91 253
91 256
91 257
91 266
91 267
91 273
91 276
91 281
91 282
91 285
91 289
91 290
91 293
91 294
92 93
92 108
92 110
92 112
92 113
92 120
92 121
92 122
92 123
92 124
92 126
92 127
92 128
92 133
92 136
92 137
92 139
92 140
92 141
92 143
92 146
92 147
92 156
92 157
92 158
92 160
92 161
92 172
92 177
92 180
92 181
92 183
92 187
92 188
92 190
92 191
92 195
92 196
92 198
92 199
92 200
92 201
92 203
92 205
92 211
92 223
92 224
92 225
92 226
92 231
92 234
92 240
92 253
92 255
92 257
92 261
92 263
92 264
92 270
92 273
92 274
92 275
92 278
92 279
92 284
92 285
92 295
92 299
93 96
93 97
93 99
93 100
93 103
93 106
93 107
93 108
93 113
93 117
93 118
93 119
93 120
93 122
93 125
93 129
93 130
93 134
93 139
93 142
93 148
93 152
93 153
93 159
93 161
93 163
93 171
93 172
93 174
93 179
93 180
93 183
93 185
93 186
93 188
93 189
93 190
93 191
93 198
93 200
93 205
93 206
93 208
93 209
93 212
93 213
93 217
93 220
93 223
93 229
93 230
93 239
93 240
93 244
93 246
93 248
93 263
93 268
93 271
93 277
93 278
93 280
93 282
93 285
93 286
93 289
93 290
93 291
93 294
93 298
94 95
94 97
94 100
94 113
94 114
94 116
94 118
94 119
94 120
94 123
94 124
94 127
94 128
94 138
94 140
94 144
94 146
94 151
94 152
94 153
94 155
94 159
94 165
94 168
94 171
94 172
94 174
94 181
94 189
94 191
94 196
94 200
94 201
94 202
94 203
94 205
94 206
94 209
94 210
94 211
94 214
94 220
94 223
94 226
94 227
94 232
94 234
94 235
94 240
94 241
94 242
94 245
94 249
94 253
94 263
94 267
94 269
94 270
94 273
94 274
94 275
94 276
94 277
94 286
94 290
95 104
95 107
95 111
95 113
95 121
95 124
95 125
95 129
95 134
95 138
95 139
95 142
95 145
95 148
95 153
95 155
95 156
95 159
95 167
95 170
95 173
95 176
95 177
95 183
95 185
95 196
95 203
95 207
95 212
95 214
95 216
95 220
95 221
95 225
95 229
95 233
95 236
95 237
95 241
95 242
95 243
95 245
95 247
95 250
95 251
95 266
95 273
95 276
95 277
95 278
95 279
95 282
95 283
95 284
95 287
95 296
95 298
95 299
96 98
96 113
96 119
96 122
96 125
96 126
96 130
96 134
96 135
96 139
96 141
96 145
96 149
96 150
96 154
96 157
96 158
96 160
96 163
96 164
96 173
96 177
96 182
96 187
96 190
96 191
96 198
96 199
96 200
96 203
96 206
96 207
96 210
96 216
96 220
96 223
96 224
96 225
96 237
96 240
96 242
96 243
96 244
96 249
96 255
96 258
96 260
96 263
96 269
96 274
96 279
96 283
96 295
96 297
97 103
97 104
97 105
97 108
97 117
97 124
97 126
97 131
97 134
97 136
97 145
97 146
97 147
97 149
97 150
97 156
97 159
97 162
97 164
97 165
97 179
97 182
97 183
97 184
97 187
97 191
97 198
97 210
97 216
97 217
97 219
97 224
97 230
97 233
97 238
97 245
97 247
97 256
97 262
97 265
97 268
97 273
97 282
97 285
97 286
97 288
97 290
97 293
97 294
97 295
97 297
97 298
98 104
98 105
98 107
98 108
98 117
98 125
98 131
98 134
98 135
98 137
98 138
98 139
98 140
98 142
98 144
98 146
98 153
98 159
98 160
98 162
98 163
98 169
98 174
98 177
98 182
98 184
98 191
98 192
98 197
98 199
98 200
98 201
98 211
98 215
98 219
98 220
98 221
98 223
98 224
98 227
98 228
98 231
98 233
98 237
98 242
98 245
98 248
98 252
98 253
98 254
98 258
98 263
98 264
98 267
98 271
98 278
98 279
98 280
98 285
98 286
98 287
98 291
98 297
98 299
99 100
99 101
99 102
99 104
99 116
99 121
99 128
99 131
99 143
99 145
99 149
99 150
99 152
99 153
99 156
99 161
99 166
99 170
99 171
99 173
99 174
99 175
99 181
99 184
99 196
99 197
99 198
99 204
99 205
99 213
99 216
99 223
99 224
99 225
99 229
99 233
99 234
99 236
99 238
99 239
99 246
99 247
99 251
99 252
99 258
99 261
99 262
99 265
99 267
99 268
99 273
99 274
99 277
99 286
99 287
99 289
99 290
99 291
99 292
99 294
100 101
100 102
100 104
100 106
100 107
100 109
100 110
100 111
100 115
100 116
100 127
100 129
100 130
100 131
100 135
100 138
100 141
100 142
100 143
100 147
100 154
100 158
100 160
100 161
100 168
100 169
100 172
100 176
100 178
100 180
100 182
100 184
100 186
100 189
100 190
100 193
100 200
100 210
100 212
100 214
100 215
100 219
100 224
100 225
100 227
100 230
100 235
100 246
100 247
100 251
100 256
100 258
100 269
100 276
100 277
100 278
100 279
100 282
100 292
100 293
100 294
100 295
100 296
100 297
101 104
101 107
101 108
101 112
101 113
101 115
101 116
101 117
101 118
101 135
101 138
101 143
101 150
101 157
101 162
101 164
101 166
101 170
101 178
101 187
101 189
101 201
101 206
101 216
101 228
101 230
101 233
101 234
101 235
101 237
101 238
101 242
101 244
101 245
101 246
101 250
101 252
101 254
101 255
101 261
101 262
101 265
101 275
101 279
101 282
101 283
101 284
101 285
101 287
101 289
101 291
101 293
101 295
101 298
102 104
102 106
102 108
102 109
102 115
102 119
102 121
102 129
102 133
102 135
102 138
102 143
102 144
102 145
102 146
102 148
102 155
102 157
102 160
102 163
102 164
102 165
102 166
102 170
102 177
102 181
102 182
102 186
102 189
102 192
102 195
102 201
102 202
102 203
102 204
102 205
102 206
102 207
102 216
102 218
102 221
102 223
102 226
102 236
102 240
102 242
102 245
102 248
102 252
102 258
102 260
102 261
102 265
102 268
102 269
102 274
102 276
102 282
102 285
102 286
102 288
102 295
102 298
103 104
103 105
103 106
103 107
103 109
103 110
103 115
103 117
103 122
103 131
103 132
103 134
103 136
103 137
103 141
103 142
103 144
103 151
103 153
103 157
103 163
103 171
103 172
103 174
103 175
103 182
103 188
103 192
103 197
103 201
103 202
103 204
103 213
103 219
103 228
103 229
103 230
103 233
103 237
103 238
103 239
103 241
103 254
103 255
103 260
103 267
103 271
103 272
103 274
103 275
103 284
103 285
103 290
103 294
104 106
104 107
104 109
104 115
104 116
104 117
104 118
104 122
104 130
104 131
104 134
104 136
104 137
104 138
104 141
104 145
104 147
104 148
104 149
104 153
104 162
104 169
104 171
104 174
104 175
104 178
104 182
104 186
104 190
104 192
104 193
104 195
104 203
104 204
104 206
104 215
104 217
104 222
104 231
104 235
104 238
104 241
104 243
104 247
104 248
104 250
104 252
104 256
104 258
104 259
104 267
104 272
104 273
104 274
104 275
104 276
104 278
104 286
104 288
104 293
104 295
104 296
105 108
105 113
105 118
105 119
105 121
105 126
105 130
105 131
105 132
105 134
105 137
105 140
105 142
105 143
105 144
105 147
105 150
105 153
105 161
105 164
105 165
105 168
105 170
105 172
105 176
105 178
105 179
105 183
105 184
105 186
105 187
105 190
105 192
105 196
105 200
105 201
105 203
105 204
105 205
105 210
105 216
105 217
105 218
105 219
105 221
105 222
105 225
105 233
105 236
105 237
105 245
105 248
105 252
105 254
105 255
105 257
105 258
105 272
105 275
105 279
105 290
105 292
105 295
105 297
106 107
106 111
106 115
106 120
106 127
106 128
106 133
106 134
106 137
106 140
106 143
106 145
106 147
106 149
106 158
106 167
106 168
106 173
106 175
106 178
106 180
106 182
106 184
106 189
106 195
106 196
106 197
106 200
106 201
106 211
106 216
106 218
106 222
106 226
106 229
106 246
106 256
106 257
106 260
106 262
106 263
106 275
106 278
106 280
106 281
106 284
106 286
106 288
106 297
106 298
107 109
107 111
107 118
107 122
107 127
107 128
107 129
107 134
107 139
107 142
107 143
107 145
107 148
107 151
107 152
107 156
107 158
107 159
107 164
107 166
107 168
107 169
107 171
107 172
107 173
107 175
107 177
107 179
107 181
107 182
107 186
107 187
107 188
107 195
107 199
107 205
107 208
107 212
107 213
107 214
107 218
107 220
107 225
107 228
107 229
107 234
107 237
107 246
107 251
107 255
107 258
107 262
107 275
107 276
107 288
107 292
108 109
108 110
108 113
108 114
108 116
108 118
108 119
108 123
108 126
108 127
108 130
108 131
108 132
108 135
108 137
108 138
108 139
108 144
108 145
108 146
108 148
108 149
108 151
108 152
108 157
108 162
108 165
108 167
108 168
108 169
108 173
108 174
108 180
108 181
108 184
108 187
108 192
108 193
108 213
108 216
108 225
108 227
108 230
108 231
108 234
108 236
108 238
108 240
108 250
108 251
108 255
108 256
108 258
108 260
108 261
108 265
108 267
108 280
108 281
108 282
108 284
108 287
108 288
108 292
108 293
108 295
108 297
108 299
109 113
109 115
109 117
109 120
109 125
109 126
109 128
109 131
109 138
109 139
109 141
109 144
109 148
109 153
109 154
109 155
109 159
109 161
109 164
109 166
109 167
109 168
109 171
109 177
109 178
109 179
109 182
109 185
109 191
109 192
109 193
109 195
109 199
109 201
109 203
109 208
109 224
109 233
109 235
109 238
109 244
109 246
109 248
109 258
109 260
109 261
109 264
109 269
109 272
109 278
109 279
109 283
109 285
109 293
109 297
109 298
110 117
110 121
110 124
110 127
110 128
110 129
110 132
110 135
110 139
110 142
110 147
110 152
110 154
110 155
110 170
110 179
110 181
110 182
110 183
110 186
110 188
110 192
110 197
110 202
110 203
110 205
110 209
110 210
110 212
110 220
110 227
110 228
110 230
110 231
110 237
110 238
110 245
110 249
110 251
110 261
110 263
110 267
110 268
110 269
110 271
110 272
110 283
110 291
110 297
111 112
111 114
111 117
111 122
111 126
111 134
111 142
111 145
111 152
111 154
111 155
111 156
111 159
111 165
111 177
111 178
111 181
111 185
111 186
111 189
111 192
111 194
111 195
111 196
111 198
111 203
111 205
111 207
111 211
111 215
111 220
111 223
111 224
111 226
111 227
111 229
111 230
111 231
111 232
111 233
111 239
111 240
111 243
111 245
111 246
111 260
111 262
111 265
111 268
111 273
111 274
111 279
111 282
111 286
111 288
111 292
111 293
111 297
112 115
112 119
112 124
112 126
112 127
112 128
112 133
112 134
112 137
112 140
112 142
112 144
112 146
112 150
112 153
112 156
112 157
112 159
112 161
112 162
112 163
112 170
112 172
112 174
112 182
112 188
112 189
112 193
112 194
112 195
112 200
112 206
112 207
112 211
112 212
112 213
112 214
112 217
112 219
112 221
112 223
112 230
112 232
112 233
112 234
112 236
112 238
112 240
112 246
112 247
112 251
112 252
112 261
112 265
112 272
112 274
112 276
112 282
112 283
112 285
112 288
112 291
112 296
112 298
113 117
113 124
113 131
113 132
113 133
113 140
113 145
113 154
113 156
113 157
113 164
113 171
113 182
113 183
113 196
113 197
113 201
113 202
113 203
113 205
113 206
113 208
113 214
113 215
113 221
113 222
113 224
113 233
113 234
113 236
113 246
113 247
113 250
113 260
113 263
113 264
113 268
113 276
113 277
113 278
113 283
113 287
113 295
113 299
114 116
114 121
114 132
114 136
114 137
114 139
114 146
114 151
114 154
114 156
114 157
114 161
114 166
114 173
114 175
114 176
114 182
114 184
114 188
114 195
114 204
114 208
114 210
114 211
114 212
114 215
114 220
114 227
114 228
114 231
114 234
114 235
114 240
114 242
114 244
114 247
114 248
114 256
114 259
114 264
114 266
114 268
114 270
114 271
114 272
114 275
114 277
114 282
114 284
114 287
114 288
114 290
114 291
114 293
114 299
115 116
115 117
115 118
115 119
115 124
115 126
115 130
115 132
115 143
115 147
115 149
115 154
115 155
115 174
115 176
115 178
115 181
115 182
115 183
115 185
115 190
115 192
115 198
115 202
115 203
115 204
115 205
115 206
115 207
115 215
115 216
115 217
115 223
115 224
115 226
115 227
115 228
115 231
115 238
115 240
115 244
115 245
115 246
115 247
115 248
115 251
115 255
115 256
115 257
115 261
115 262
115 264
115 269
115 276
115 279
115 280
115 285
115 294
115 296
115 298
116 118
116 120
116 122
116 128
116 130
116 133
116 139
116 144
116 147
116 149
116 150
116 152
116 153
116 155
116 156
116 158
116 162
116 163
116 167
116 179
116 181
116 186
116 208
116 210
116 215
116 219
116 226
116 228
116 239
116 242
116 251
116 253
116 257
116 262
116 263
116 264
116 265
116 271
116 276
116 278
116 283
116 290
116 293
116 295
117 118
117 129
117 132
117 135
117 139
117 142
117 144
117 145
117 147
117 149
117 151
117 152
117 153
117 155
117 169
117 172
117 174
117 176
117 177
117 182
117 183
117 188
117 190
117 192
117 197
117 198
117 203
117 207
117 208
117 210
117 213
117 220
117 223
117 231
117 233
117 237
117 239
117 241
117 244
117 245
117 250
117 258
117 259
117 266
117 267
117 269
117 270
117 272
117 278
117 281
117 282
117 285
117 289
117 290
117 291
117 298
118 119
118 122
118 124
118 125
118 130
118 133
118 136
118 141
118 145
118 147
118 149
118 150
118 153
118 156
118 161
118 165
118 175
118 177
118 179
118 180
118 181
118 185
118 193
118 197
118 199
118 202
118 218
118 219
118 221
118 225
118 226
118 227
118 228
118 229
118 232
118 233
118 236
118 238
118 239
118 249
118 253
118 257
118 259
118 267
118 274
118 275
118 277
118 280
118 285
118 286
118 298
118 299
119 125
119 127
119 131
119 132
119 133
119 135
119 143
119 144
119 145
119 147
119 149
119 151
119 157
119 158
119 161
119 162
119 169
119 171
119 173
119 175
119 185
119 188
119 189
119 191
119 192
119 198
119 200
119 201
119 206
119 207
119 216
119 219
119 222
119 223
119 225
119 229
119 240
119 245
119 246
119 247
119 248
119 249
119 251
119 256
119 259
119 269
119 275
119 280
119 281
119 283
119 284
119 286
119 288
119 291
119 292
119 295
120 122
120 124
120 126
120 130
120 131
120 133
120 136
120 139
120 154
120 155
120 166
120 167
120 173
120 178
120 179
120 185
120 186
120 187
120 188
120 189
120 193
120 196
120 197
120 202
120 204
120 206
120 207
120 216
120 219
120 220
120 228
120 233
120 235
120 238
120 241
120 245
120 247
120 249
120 256
120 260
120 262
120 264
120 266
120 271
120 272
120 277
120 281
120 288
120 291
120 293
120 299
121 123
121 124
121 125
121 128
121 132
121 135
121 138
121 141
121 146
121 156
121 159
121 160
121 161
121 162
121 171
121 175
121 178
121 183
121 188
121 189
121 192
121 193
121 199
121 201
121 212
121 217
121 218
121 221
121 223
121 224
121 225
121 226
121 228
121 232
121 239
121 243
121 244
121 246
121 251
121 253
121 265
121 268
121 274
121 281
121 282
121 289
121 290
121 291
121 292
121 297
121 298
122 123
122 129
122 130
122 131
122 135
122 138
122 145
122 148
122 155
122 157
122 158
122 159
122 161
122 162
122 166
122 171
122 177
122 182
122 191
122 192
122 196
122 197
122 198
122 199
122 200
122 211
122 214
122 216
122 217
122 218
122 223
122 230
122 231
122 234
122 236
122 242
122 248
122 249
122 251
122 252
122 253
122 258
122 268
122 271
122 276
122 278
122 283
122 286
122 289
122 294
122 295
122 298
123 129
123 130
123 137
123 138
123 141
123 145
123 146
123 148
123 153
123 157
123 159
123 170
123 171
123 173
123 174
123 185
123 196
123 197
123 200
123 202
123 203
123 204
123 215
123 217
123 218
123 220
123 222
123 223
123 231
123 233
123 243
123 244
123 250
123 252
123 254
123 256
123 257
123 258
123 259
123 260
123 262
123 263
123 264
123 268
123 273
123 274
123 276
123 281
123 282
123 284
123 287
123 292
123 299
124 133
124 138
124 143
124 145
124 148
124 150
124 153
124 154
124 159
124 160
124 162
124 164
124 165
124 168
124 169
124 188
124 191
124 193
124 195
124 198
124 199
124 200
124 201
124 202
124 205
124 212
124 213
124 217
124 220
124 221
124 224
124 225
124 234
124 238
124 239
124 240
124 243
124 246
124 248
124 250
124 252
124 255
124 261
124 269
124 270
124 273
124 274
124 275
124 276
124 278
124 282
124 291
124 293
124 295
125 128
125 135
125 138
125 141
125 142
125 143
125 146
125 148
125 151
125 156
125 157
125 158
125 165
125 167
125 168
125 170
125 172
125 174
125 177
125 180
125 181
125 183
125 184
125 186
125 190
125 191
125 193
125 194
125 206
125 211
125 212
125 218
125 221
125 223
125 225
125 227
125 229
125 236
125 238
125 242
125 244
125 246
125 248
125 251
125 259
125 260
125 261
125 271
125 274
125 280
125 282
125 283
125 289
125 291
125 294
125 297
125 298
125 299
126 128
126 135
126 136
126 141
126 148
126 149
126 151
126 152
126 154
126 159
126 168
126 171
126 179
126 180
126 185
126 187
126 189
126 197
126 204
126 205
126 215
126 221
126 236
126 237
126 240
126 242
126 245
126 247
126 255
126 259
126 260
126 269
126 271
126 276
126 283
126 285
126 288
126 289
126 290
126 291
126 295
127 129
127 132
127 136
127 140
127 141
127 149
127 163
127 167
127 168
127 171
127 173
127 176
127 178
127 179
127 181
127 182
127 191
127 194
127 198
127 199
127 201
127 206
127 209
127 211
127 223
127 231
127 232
127 233
127 238
127 239
127 243
127 249
127 251
127 252
127 255
127 257
127 260
127 268
127 271
127 277
127 286
127 295
127 299
128 129
128 130
128 131
128 133
128 136
128 138
128 143
128 149
128 150
128 153
128 159
128 160
128 161
128 162
128 165
128 171
128 172
128 173
128 180
128 183
128 184
128 186
128 189
128 194
128 196
128 197
128 200
128 206
128 207
128 210
128 214
128 219
128 222
128 223
128 225
128 226
128 236
128 244
128 245
128 246
128 249
128 264
128 272
128 279
128 282
128 283
128 291
128 295
129 134
129 140
129 142
129 146
129 148
129 151
129 156
129 165
129 166
129 167
129 169
129 171
129 177
129 178
129 179
129 189
129 195
129 198
129 199
129 201
129 203
129 218
129 220
129 222
129 223
129 225
129 226
129 229
129 231
129 233
129 235
129 237
129 243
129 250
129 253
129 258
129 264
129 265
129 266
129 267
129 270
129 272
129 273
129 274
129 275
129 278
129 279
129 280
129 282
129 289
129 293
130 131
130 134
130 143
130 149
130 156
130 157
130 158
130 160
130 161
130 165
130 169
130 172
130 173
130 176
130 180
130 183
130 184
130 186
130 188
130 194
130 195
130 196
130 202
130 205
130 206
130 209
130 210
130 214
130 222
130 223
130 225
130 231
130 233
130 235
130 242
130 245
130 247
130 248
130 249
130 253
130 266
130 275
130 277
130 279
130 282
130 283
130 285
130 288
130 289
130 290
130 293
131 133
131 135
131 136
131 138
131 139
131 142
131 143
131 160
131 161
131 162
131 164
131 167
131 172
131 173
131 178
131 194
131 198
131 203
131 211
131 214
131 217
131 220
131 223
131 227
131 231
131 235
131 237
131 238
131 242
131 244
131 245
131 246
131 248
131 249
131 250
131 251
131 254
131 262
131 270
131 275
131 278
131 279
131 281
131 282
131 283
131 284
131 289
131 292
132 137
132 138
132 149
132 150
132 151
132 154
132 156
132 157
132 159
132 169
132 180
132 183
132 185
132 189
132 193
132 195
132 198
132 204
132 205
132 209
132 211
132 215
132 216
132 218
132 220
132 223
132 225
132 230
132 232
132 233
132 235
132 236
132 237
132 245
132 251
132 256
132 257
132 260
132 262
132 264
132 267
132 275
132 277
132 286
132 287
132 288
132 290
132 294
132 296
132 299
133 136
133 143
133 145
133 146
133 150
133 158
133 161
133 165
133 167
133 171
133 178
133 180
133 185
133 186
133 187
133 191
133 197
133 198
133 199
133 200
133 202
133 204
133 205
133 206
133 209
133 210
133 211
133 214
133 215
133 216
133 219
133 221
133 223
133 228
133 229
133 230
133 233
133 237
133 240
133 248
133 250
133 255
133 256
133 257
133 259
133 262
133 269
133 271
133 273
133 274
133 276
133 281
133 285
133 287
133 290
133 292
133 293
134 135
134 137
134 139
134 142
134 146
134 147
134 155
134 156
134 157
134 165
134 166
134 171
134 172
134 177
134 178
134 181
134 183
134 184
134 185
134 186
134 188
134 189
134 190
134 195
134 198
134 204
134 205
134 208
134 213
134 216
134 218
134 221
134 222
134 225
134 226
134 231
134 234
134 236
134 238
134 240
134 242
134 245
134 248
134 249
134 250
134 253
134 258
134 261
134 262
134 266
134 279
134 284
134 287
134 288
134 292
134 293
134 295
135 136
135 137
135 143
135 146
135 149
135 150
135 151
135 155
135 157
135 161
135 166
135 169
135 171
135 174
135 175
135 177
135 179
135 180
135 181
135 182
135 184
135 197
135 199
135 205
135 206
135 207
135 211
135 213
135 218
135 220
135 223
135 224
135 226
135 227
135 228
135 230
135 231
135 233
135 235
135 237
135 240
135 242
135 248
135 249
135 250
135 253
135 259
135 260
135 265
135 266
135 270
135 272
135 273
135 293
135 295
135 297
135 299
136 137
136 147
136 153
136 155
136 159
136 162
136 165
136 167
136 168
136 176
136 177
136 180
136 182
136 188
136 198
136 199
136 203
136 206
136 209
136 210
136 211
136 217
136 223
136 225
136 230
136 234
136 235
136 238
136 240
136 247
136 249
136 255
136 256
136 257
136 260
136 262
136 267
136 271
136 272
136 274
136 277
136 279
136 281
136 290
136 293
136 297
137 138
137 140
137 143
137 145
137 146
137 154
137 163
137 173
137 180
137 188
137 191
137 193
137 195
137 196
137 201
137 208
137 219
137 230
137 237
137 238
137 239
137 240
137 241
137 243
137 249
137 250
137 251
137 252
137 253
137 254
137 256
137 258
137 267
137 272
137 284
137 291
137 295
137 296
137 298
138 141
138 142
138 143
138 144
138 149
138 150
138 151
138 154
138 156
138 158
138 163
138 166
138 168
138 173
138 174
138 175
138 176
138 184
138 187
138 190
138 191
138 194
138 195
138 196
138 203
138 207
138 214
138 215
138 217
138 219
138 220
138 229
138 230
138 231
138 234
138 236
138 240
138 243
138 245
138 247
138 259
138 262
138 272
138 282
138 287
138 288
138 291
138 292
138 293
139 143
139 148
139 152
139 153
139 156
139 158
139 160
139 164
139 167
139 168
139 175
139 178
139 184
139 185
139 189
139 191
139 199
139 203
139 211
139 213
139 214
139 216
139 217
139 219
139 220
139 222
139 223
139 225
139 227
139 231
139 234
139 241
139 242
139 243
139 246
139 251
139 254
139 255
139 259
139 261
139 268
139 274
139 276
139 280
139 282
139 284
139 290
139 292
139 295
139 297
140 144
140 149
140 150
140 151
140 153
140 157
140 158
140 162
140 163
140 166
140 168
140 169
140 173
140 175
140 176
140 178
140 181
140 183
140 184
140 186
140 188
140 191
140 194
140 195
140 196
140 212
140 219
140 221
140 225
140 228
140 229
140 231
140 236
140 243
140 248
140 249
140 251
140 255
140 256
140 258
140 268
140 269
140 273
140 276
140 277
140 278
140 279
140 283
140 284
140 286
140 290
140 292
140 296
140 299
141 145
141 146
141 147
141 153
141 155
141 156
141 170
141 171
141 173
141 174
141 176
141 179
141 180
141 181
141 182
141 183
141 186
141 189
141 191
141 197
141 199
141 201
141 204
141 214
141 215
141 216
141 217
141 222
141 225
141 232
141 239
141 240
141 245
141 246
141 247
141 248
141 251
141 252
141 254
141 259
141 262
141 263
141 266
141 270
141 281
141 285
141 287
141 288
141 289
141 292
141 295
141 296
142 144
142 145
142 147
142 148
142 150
142 157
142 163
142 166
142 175
142 181
142 183
142 186
142 188
142 189
142 191
142 192
142 196
142 197
142 204
142 205
142 209
142 212
142 215
142 216
142 218
142 222
142 223
142 225
142 228
142 230
142 232
142 235
142 237
142 238
142 247
142 248
142 251
142 265
142 271
142 274
142 279
142 286
142 292
142 294
142 295
142 299
143 144
143 148
143 151
143 152
143 156
143 159
143 160
143 165
143 166
143 172
143 178
143 182
143 183
143 188
143 189
143 196
143 197
143 199
143 206
143 208
143 209
143 211
143 215
143 218
143 219
143 220
143 221
143 222
143 224
143 232
143 234
143 237
143 240
143 241
143 242
143 244
143 247
143 249
143 253
143 261
143 265
143 266
143 267
143 268
143 270
143 275
143 279
143 284
143 293
143 295
143 296
144 154
144 156
144 158
144 162
144 164
144 167
144 168
144 173
144 174
144 175
144 176
144 184
144 195
144 196
144 207
144 208
144 210
144 212
144 218
144 219
144 221
144 222
144 223
144 232
144 235
144 243
144 246
144 248
144 253
144 259
144 261
144 266
144 267
144 268
144 271
144 277
144 278
144 280
144 281
144 285
144 290
144 295
144 298
144 299
145 153
145 155
145 156
145 157
145 160
145 162
145 163
145 166
145 167
145 168
145 170
145 173
145 182
145 186
145 191
145 197
145 202
145 207
145 215
145 229
145 230
145 232
145 233
145 237
145 243
145 246
145 271
145 272
145 273
145 279
145 280
145 282
145 284
145 286
145 294
145 295
145 296
146 147
146 148
146 149
146 150
146 156
146 161
146 162
146 165
146 167
146 170
146 177
146 179
146 180
146 185
146 191
146 194
146 198
146 202
146 204
146 205
146 208
146 217
146 219
146 230
146 232
146 243
146 249
146 251
146 253
146 256
146 259
146 262
146 267
146 271
146 275
146 277
146 280
146 284
146 285
146 286
146 296
146 298
147 148
147 151
147 166
147 170
147 171
147 174
147 180
147 184
147 185
147 186
147 187
147 195
147 196
147 200
147 201
147 202
147 204
147 210
147 216
147 218
147 223
147 229
147 231
147 232
147 233
147 234
147 235
147 236
147 237
147 243
147 244
147 247
147 254
147 256
147 258
147 260
147 263
147 281
147 284
147 290
147 291
147 295
147 298
148 150
148 160
148 162
148 167
148 174
148 177
148 180
148 182
148 183
148 189
148 191
148 194
148 197
148 198
148 202
148 212
148 214
148 215
148 221
148 223
148 224
148 228
148 233
148 236
148 246
148 247
148 249
148 251
148 254
148 255
148 257
148 262
148 271
148 272
148 281
148 285
148 288
148 293
148 298
149 155
149 157
149 158
149 159
149 160
149 163
149 166
149 172
149 174
149 178
149 183
149 189
149 191
149 195
149 202
149 203
149 204
149 205
149 214
149 215
149 217
149 219
149 225
149 226
149 227
149 228
149 233
149 237
149 240
149 246
149 250
149 252
149 257
149 261
149 263
149 267
149 277
149 278
149 282
149 287
149 289
149 292
149 296
150 155
150 156
150 157
150 158
150 162
150 164
150 167
150 170
150 173
150 178
150 180
150 181
150 182
150 186
150 192
150 193
150 194
150 195
150 199
150 202
150 207
150 209
150 210
150 211
150 216
150 219
150 226
150 230
150 239
150 240
150 241
150 245
150 247
150 248
150 250
150 252
150 253
150 255
150 256
150 257
150 259
150 262
150 266
150 269
150 270
150 274
150 277
150 283
150 285
150 286
150 288
150 289
150 297
151 153
151 156
151 158
151 165
151 166
151 177
151 179
151 181
151 184
151 189
151 193
151 194
151 195
151 196
151 199
151 201
151 204
151 207
151 219
151 224
151 225
151 227
151 228
151 231
151 234
151 236
151 237
151 241
151 242
151 243
151 244
151 245
151 248
151 250
151 252
151 255
151 261
151 264
151 265
151 266
151 269
151 270
151 279
151 288
151 292
151 293
151 294
151 295
151 296
151 299
152 154
152 156
152 157
152 158
152 163
152 166
152 168
152 173
152 175
152 185
152 186
152 188
152 196
152 201
152 202
152 204
152 211
152 212
152 215
152 219
152 222
152 223
152 234
152 242
152 243
152 258
152 259
152 261
152 264
152 270
152 271
152 272
152 274
152 276
152 277
152 281
152 286
152 288
152 294
152 295
153 158
153 159
153 163
153 167
153 168
153 170
153 171
153 174
153 177
153 179
153 180
153 181
153 182
153 190
153 191
153 192
153 194
153 196
153 199
153 207
153 211
153 212
153 216
153 223
153 224
153 225
153 226
153 228
153 229
153 231
153 232
153 235
153 238
153 239
153 242
153 244
153 245
153 246
153 260
153 264
153 266
153 268
153 270
153 271
153 279
153 283
153 285
153 290
153 292
153 298
154 155
154 159
154 165
154 166
154 170
154 176
154 178
154 182
154 185
154 189
154 191
154 192
154 203
154 204
154 210
154 212
154 215
154 220
154 239
154 240
154 241
154 246
154 251
154 254
154 256
154 259
154 269
154 270
154 277
154 279
154 282
154 287
154 288
154 292
154 293
154 294
154 296
155 156
155 157
155 159
155 165
155 169
155 170
155 173
155 178
155 181
155 182
155 187
155 190
155 194
155 195
155 197
155 198
155 209
155 216
155 221
155 224
155 228
155 234
155 237
155 239
155 245
155 249
155 256
155 258
155 260
155 261
155 265
155 266
155 268
155 275
155 281
155 284
155 285
155 290
155 293
155 296
155 297
155 299
156 157
156 161
156 165
156 168
156 169
156 172
156 173
156 174
156 176
156 179
156 182
156 183
156 185
156 190
156 191
156 193
156 196
156 200
156 204
156 208
156 212
156 216
156 219
156 220
156 222
156 223
156 226
156 229
156 232
156 233
156 235
156 238
156 239
156 240
156 241
156 243
156 244
156 247
156 251
156 252
156 255
156 260
156 262
156 263
156 265
156 270
156 274
156 278
156 279
156 280
156 284
156 285
156 286
156 290
156 292
156 296
156 299
157 160
157 164
157 168
157 169
157 170
157 174
157 176
157 179
157 182
157 184
157 185
157 186
157 188
157 191
157 194
157 198
157 202
157 212
157 216
157 218
157 222
157 226
157 230
157 231
157 241
157 242
157 243
157 251
157 255
157 256
157 262
157 263
157 266
157 268
157 269
157 274
157 281
157 283
157 284
157 288
157 298
158 159
158 160
158 163
158 165
158 167
158 170
158 174
158 184
158 185
158 186
158 196
158 197
158 200
158 202
158 203
158 206
158 213
158 214
158 220
158 221
158 223
158 225
158 226
158 228
158 229
158 234
158 239
158 240
158 241
158 251
158 252
158 254
158 255
158 258
158 260
158 262
158 265
158 267
158 272
158 273
158 274
158 275
158 277
158 278
158 280
158 282
158 283
158 288
158 289
158 291
158 293
158 299
159 161
159 163
159 165
159 169
159 170
159 173
159 176
159 177
159 178
159 180
159 182
159 184
159 185
159 188
159 190
159 195
159 196
159 202
159 207
159 208
159 211
159 217
159 218
159 226
159 230
159 243
159 245
159 247
159 257
159 260
159 263
159 265
159 266
159 271
159 275
159 278
159 279
159 283
159 284
159 285
159 292
159 297
160 168
160 180
160 182
160 191
160 196
160 197
160 200
160 206
160 214
160 220
160 222
160 224
160 226
160 227
160 229
160 233
160 235
160 237
160 247
160 248
160 251
160 254
160 255
160 265
160 266
160 267
160 271
160 276
160 278
160 280
160 281
160 284
160 288
160 289
160 290
160 296
160 298
161 169
161 177
161 180
161 188
161 189
161 192
161 195
161 198
161 200
161 203
161 204
161 209
161 220
161 225
161 228
161 230
161 233
161 237
161 238
161 243
161 244
161 247
161 248
161 253
161 257
161 259
161 266
161 268
161 270
161 272
161 273
161 276
161 277
161 278
161 291
161 294
161 295
161 296
162 169
162 171
162 172
162 174
162 175
162 179
162 182
162 186
162 197
162 201
162 202
162 203
162 204
162 206
162 209
162 212
162 215
162 216
162 222
162 223
162 225
162 227
162 237
162 243
162 244
162 251
162 253
162 254
162 257
162 264
162 267
162 269
162 270
162 272
162 276
162 278
162 280
162 281
162 284
162 285
162 286
162 290
162 291
162 296
163 171
163 172
163 174
163 176
163 183
163 188
163 194
163 195
163 200
163 206
163 208
163 218
163 220
163 221
163 223
163 228
163 229
163 231
163 234
163 244
163 249
163 255
163 256
163 258
163 259
163 260
163 262
163 265
163 266
163 269
163 277
163 282
163 286
163 287
163 289
163 291
163 296
164 166
164 168
164 176
164 180
164 181
164 184
164 192
164 195
164 204
164 210
164 214
164 215
164 217
164 218
164 224
164 225
164 226
164 227
164 234
164 235
164 238
164 239
164 241
164 243
164 244
164 250
164 252
164 255
164 266
164 268
164 271
164 272
164 276
164 278
164 290
164 291
164 294
164 295
165 169
165 173
165 177
165 182
165 183
165 184
165 185
165 189
165 195
165 200
165 202
165 204
165 205
165 207
165 209
165 211
165 216
165 219
165 221
165 222
165 224
165 226
165 227
165 230
165 233
165 234
165 238
165 247
165 248
165 255
165 256
165 257
165 258
165 262
165 268
165 272
165 273
165 277
165 278
165 279
165 282
165 284
165 285
165 286
165 287
165 292
165 293
165 294
166 168
166 175
166 177
166 179
166 181
166 183
166 187
166 189
166 195
166 198
166 202
166 205
166 213
166 214
166 215
166 218
166 227
166 229
166 231
166 232
166 233
166 236
166 242
166 243
166 249
166 252
166 256
166 264
166 265
166 267
166 268
166 275
166 279
166 280
166 285
166 292
166 296
167 170
167 173
167 177
167 188
167 189
167 190
167 194
167 196
167 202
167 206
167 209
167 210
167 214
167 217
167 223
167 226
167 231
167 234
167 246
167 250
167 251
167 254
167 256
167 263
167 269
167 271
167 272
167 275
167 276
167 283
167 284
167 290
167 293
167 296
168 171
168 178
168 182
168 186
168 189
168 190
168 191
168 205
168 208
168 209
168 213
168 217
168 218
168 221
168 223
168 225
168 227
168 235
168 237
168 239
168 245
168 250
168 253
168 254
168 262
168 264
168 268
168 269
168 272
168 275
168 279
168 284
168 285
168 288
168 294
168 296
168 298
169 170
169 172
169 175
169 176
169 178
169 185
169 192
169 195
169 196
169 202
169 206
169 209
169 210
169 213
169 214
169 215
169 217
169 221
169 227
169 228
169 229
169 230
169 231
169 237
169 239
169 241
169 243
169 245
169 246
169 247
169 248
169 251
169 253
169 254
169 255
169 256
169 258
169 259
169 260
169 266
169 271
169 281
169 282
169 286
169 288
169 289
169 290
169 293
169 294
169 295
169 296
169 298
170 172
170 177
170 183
170 187
170 188
170 189
170 197
170 199
170 211
170 214
170 216
170 219
170 223
170 224
170 226
170 227
170 231
170 236
170 238
170 245
170 246
170 251
170 258
170 259
170 262
170 264
170 265
170 266
170 269
170 273
170 274
170 285
170 287
170 288
170 289
170 291
170 293
170 298
171 176
171 179
171 186
171 190
171 193
171 200
171 201
171 202
171 207
171 211
171 219
171 220
171 223
171 224
171 225
171 227
171 228
171 233
171 234
171 238
171 241
171 243
171 245
171 248
171 253
171 258
171 268
171 274
171 277
171 278
171 279
171 280
171 283
171 286
171 287
171 292
171 299
172 174
172 183
172 191
172 194
172 200
172 210
172 213
172 232
172 235
172 236
172 237
172 240
172 242
172 246
172 250
172 251
172 253
172 259
172 262
172 269
172 272
172 275
172 276
172 280
172 281
172 284
172 285
172 286
172 288
172 294
172 296
172 297
172 299
173 175
173 177
173 179
173 185
173 187
173 188
173 189
173 190
173 191
173 193
173 194
173 195
173 196
173 197
173 201
173 212
173 214
173 222
173 227
173 233
173 236
173 239
173 240
173 244
173 246
173 248
173 249
173 251
173 254
173 255
173 260
173 261
173 262
173 265
173 267
173 270
173 280
173 290
174 175
174 176
174 178
174 187
174 190
174 196
174 200
174 201
174 202
174 204
174 205
174 209
174 210
174 211
174 213
174 215
174 216
174 217
174 222
174 228
174 235
174 237
174 241
174 245
174 250
174 258
174 264
174 265
174 266
174 267
174 268
174 276
174 281
174 283
174 287
174 295
174 297
175 177
175 180
175 184
175 189
175 190
175 192
175 194
175 198
175 201
175 202
175 204
175 215
175 221
175 230
175 231
175 237
175 254
175 255
175 256
175 268
175 269
175 276
175 282
175 283
175 284
175 286
175 289
175 290
175 291
175 293
175 297
176 179
176 187
176 188
176 190
176 192
176 195
176 204
176 205
176 213
176 215
176 216
176 218
176 224
176 226
176 230
176 232
176 233
176 235
176 236
176 242
176 245
176 247
176 251
176 255
176 259
176 260
176 263
176 266
176 267
176 269
176 270
176 272
176 278
176 280
176 281
176 282
176 283
176 291
176 293
176 299
177 181
177 182
177 185
177 192
177 196
177 203
177 209
177 210
177 213
177 214
177 216
177 218
177 220
177 221
177 224
177 226
177 228
177 235
177 239
177 240
177 241
177 246
177 249
177 253
177 256
177 258
177 259
177 261
177 264
177 265
177 273
177 277
177 281
177 282
177 287
177 288
177 289
177 290
177 292
177 293
177 294
178 183
178 190
178 192
178 199
178 202
178 205
178 206
178 212
178 214
178 222
178 225
178 226
178 231
178 232
178 237
178 245
178 248
178 250
178 251
178 254
178 255
178 259
178 260
178 265
178 268
178 269
178 270
178 273
178 275
178 276
178 278
178 280
178 281
178 283
178 286
178 291
178 295
178 298
179 183
179 185
179 191
179 195
179 198
179 199
179 204
179 206
179 207
179 210
179 212
179 216
179 219
179 224
179 229
179 232
179 235
179 241
179 244
179 246
179 248
179 255
179 257
179 263
179 267
179 272
179 278
179 284
179 287
179 291
179 292
179 293
179 299
180 186
180 187
180 189
180 192
180 193
180 194
180 195
180 203
180 204
180 223
180 226
180 229
180 235
180 238
180 240
180 241
180 243
180 246
180 250
180 252
180 253
180 258
180 262
180 268
180 270
180 272
180 274
180 275
180 276
180 282
180 283
180 284
180 285
180 291
180 292
180 294
180 297
181 187
181 192
181 196
181 198
181 201
181 203
181 206
181 207
181 208
181 210
181 214
181 218
181 222
181 226
181 230
181 232
181 240
181 247
181 249
181 252
181 253
181 260
181 262
181 263
181 269
181 272
181 273
181 282
181 283
181 286
181 287
181 290
181 292
181 298
181 299
182 183
182 185
182 193
182 199
182 200
182 202
182 203
182 211
182 213
182 215
182 221
182 222
182 223
182 227
182 228
182 232
182 235
182 236
182 238
182 240
182 241
182 242
182 251
182 252
182 260
182 264
182 266
182 284
182 287
182 288
182 289
182 293
182 296
182 297
182 299
183 188
183 195
183 197
183 198
183 202
183 204
183 209
183 211
183 215
183 216
183 217
183 222
183 229
183 238
183 244
183 246
183 247
183 251
183 252
183 257
183 261
183 265
183 272
183 273
183 275
183 283
183 286
183 293
183 295
183 296
183 297
184 190
184 195
184 199
184 201
184 208
184 211
184 213
184 215
184 218
184 219
184 220
184 222
184 225
184 228
184 231
184 233
184 241
184 250
184 251
184 255
184 256
184 267
184 270
184 273
184 275
184 276
184 290
184 292
184 293
185 189
185 202
185 203
185 204
185 207
185 208
185 210
185 212
185 218
185 219
185 224
185 225
185 226
185 228
185 232
185 236
185 245
185 247
185 250
185 257
185 258
185 263
185 275
185 279
185 282
185 283
185 286
185 288
185 289
185 290
185 291
186 189
186 191
186 198
186 202
186 203
186 208
186 210
186 214
186 220
186 223
186 228
186 230
186 240
186 241
186 244
186 246
186 249
186 250
186 252
186 257
186 264
186 265
186 267
186 272
186 281
186 286
186 287
186 292
186 296
186 298
186 299
187 188
187 190
187 192
187 193
187 197
187 199
187 208
187 209
187 215
187 222
187 225
187 227
187 228
187 229
187 233
187 235
187 236
187 238
187 239
187 243
187 244
187 245
187 250
187 256
187 262
187 263
187 267
187 268
187 269
187 273
187 275
187 277
187 285
187 288
187 291
187 293
188 199
188 200
188 201
188 203
188 209
188 224
188 225
188 229
188 231
188 241
188 242
188 243
188 246
188 247
188 254
188 260
188 261
188 262
188 273
188 275
188 278
188 281
188 285
188 287
188 288
188 292
188 294
189 191
189 199
189 202
189 204
189 206
189 208
189 209
189 213
189 218
189 219
189 221
189 225
189 226
189 228
189 234
189 238
189 241
189 242
189 246
189 247
189 256
189 257
189 262
189 264
189 265
189 268
189 284
189 290
189 291
189 292
189 297
190 194
190 195
190 198
190 201
190 204
190 205
190 212
190 217
190 218
190 219
190 222
190 223
190 225
190 226
190 232
190 234
190 236
190 242
190 243
190 246
190 247
190 248
190 250
190 251
190 252
190 253
190 257
190 258
190 259
190 269
190 277
190 280
190 283
190 288
190 289
190 293
190 295
191 193
191 194
191 200
191 201
191 202
191 204
191 210
191 215
191 217
191 218
191 219
191 228
191 229
191 231
191 232
191 233
191 234
191 238
191 242
191 247
191 263
191 266
191 267
191 269
191 270
191 272
191 273
191 275
191 277
191 280
191 281
191 282
191 283
191 284
191 286
191 287
191 288
191 291
192 196
192 203
192 208
192 218
192 223
192 232
192 235
192 243
192 247
192 253
192 263
192 266
192 267
192 268
192 269
192 275
192 276
192 277
192 278
192 279
192 280
192 281
192 284
192 285
192 287
192 288
192 290
192 295
193 197
193 199
193 210
193 212
193 214
193 215
193 219
193 220
193 226
193 227
193 228
193 230
193 233
193 237
193 241
193 244
193 245
193 246
193 249
193 250
193 252
193 255
193 256
193 257
193 264
193 268
193 270
193 272
193 273
193 286
193 287
193 290
193 291
193 293
193 295
193 298
194 195
194 197
194 199
194 203
194 205
194 206
194 207
194 210
194 211
194 212
194 214
194 216
194 217
194 220
194 223
194 225
194 227
194 228
194 231
194 232
194 233
194 250
194 257
194 258
194 264
194 266
194 268
194 269
194 270
194 273
194 285
194 294
195 196
195 198
195 199
195 200
195 207
195 208
195 215
195 216
195 221
195 227
195 231
195 236
195 240
195 242
195 243
195 248
195 249
195 250
195 252
195 255
195 257
195 268
195 270
195 278
195 279
195 283
195 284
195 285
195 290
195 293
195 294
195 295
196 199
196 201
196 202
196 205
196 206
196 214
196 215
196 222
196 228
196 233
196 234
196 235
196 236
196 238
196 242
196 246
196 265
196 270
196 271
196 272
196 277
196 278
196 279
196 282
196 283
196 289
196 290
196 294
196 296
197 202
197 206
197 211
197 213
197 220
197 221
197 226
197 227
197 228
197 231
197 239
197 246
197 248
197 250
197 253
197 254
197 258
197 260
197 262
197 264
197 265
197 266
197 271
197 274
197 277
197 280
197 284
197 285
197 286
197 288
197 291
197 296
197 299
198 202
198 204
198 205
198 206
198 207
198 217
198 221
198 222
198 232
198 239
198 242
198 246
198 247
198 261
198 265
198 266
198 269
198 270
198 275
198 283
198 285
198 288
198 292
198 299
199 202
199 207
199 209
199 216
199 218
199 220
199 221
199 223
199 224
199 226
199 229
199 230
199 231
199 240
199 246
199 248
199 251
199 258
199 259
199 262
199 263
199 264
199 266
199 269
199 270
199 274
199 275
199 277
199 280
199 283
199 284
199 287
199 289
199 291
199 292
199 293
199 295
200 203
200 212
200 216
200 219
200 221
200 224
200 226
200 234
200 236
200 238
200 239
200 241
200 245
200 247
200 248
200 253
200 254
200 257
200 259
200 262
200 265
200 270
200 278
200 279
200 280
200 288
200 290
200 298
200 299
201 204
201 207
201 208
201 211
201 213
201 216
201 220
201 222
201 223
201 224
201 226
201 229
201 230
201 238
201 239
201 240
201 241
201 245
201 246
201 255
201 256
201 257
201 267
201 281
201 288
201 291
201 293
201 295
201 296
201 297
202 204
202 208
202 210
202 215
202 220
202 222
202 231
202 237
202 238
202 244
202 245
202 252
202 262
202 263
202 264
202 266
202 269
202 270
202 273
202 280
202 282
202 285
202 295
202 299
203 205
203 207
203 215
203 217
203 221
203 223
203 226
203 229
203 230
203 232
203 235
203 236
203 251
203 258
203 259
203 264
203 268
203 269
203 270
203 278
203 280
203 281
203 282
203 283
203 284
203 285
203 288
203 298
204 207
204 208
204 210
204 211
204 212
204 213
204 218
204 222
204 223
204 225
204 226
204 227
204 229
204 230
204 234
204 235
204 236
204 240
204 241
204 242
204 244
204 245
204 246
204 253
204 257
204 260
204 262
204 266
204 271
204 273
204 275
204 277
204 279
204 281
204 287
204 289
204 298
205 210
205 212
205 230
205 233
205 235
205 236
205 239
205 242
205 245
205 247
205 255
205 256
205 257
205 264
205 265
205 266
205 268
205 269
205 274
205 281
205 284
205 285
205 293
205 294
205 299
206 212
206 213
206 220
206 222
206 229
206 230
206 231
206 232
206 236
206 239
206 240
206 241
206 242
206 254
206 256
206 259
206 260
206 263
206 264
206 273
206 277
206 278
206 279
206 283
206 285
206 288
206 297
207 211
207 213
207 215
207 217
207 223
207 224
207 226
207 228
207 229
207 235
207 236
207 246
207 251
207 253
207 255
207 257
207 267
207 269
207 270
207 273
207 274
207 275
207 279
207 284
207 286
207 290
207 291
207 292
207 299
208 209
208 215
208 216
208 217
208 228
208 229
208 236
208 242
208 247
208 250
208 251
208 252
208 255
208 265
208 266
208 270
208 274
208 282
208 286
208 290
208 292
208 298
209 211
209 216
209 219
209 220
209 221
209 222
209 225
209 229
209 233
209 237
209 240
209 241
209 242
209 249
209 250
209 255
209 258
209 259
209 271
209 272
209 273
209 274
209 289
209 292
209 295
210 212
210 218
210 222
210 224
210 226
210 231
210 236
210 237
210 241
210 242
210 244
210 252
210 258
210 259
210 262
210 263
210 267
210 269
210 272
210 279
210 281
210 284
210 288
210 291
210 295
210 299
211 215
211 216
211 222
211 223
211 231
211 235
211 237
211 239
211 249
211 252
211 256
211 257
211 269
211 272
211 274
211 284
211 285
211 288
211 291
211 292
211 293
211 294
211 296
211 298
212 213
212 218
212 221
212 223
212 233
212 234
212 239
212 240
212 243
212 249
212 250
212 251
212 253
212 254
212 255
212 257
212 262
212 263
212 265
212 266
212 269
212 279
212 280
212 283
212 284
212 287
212 290
212 292
212 294
212 295
212 298
212 299
213 215
213 218
213 219
213 220
213 222
213 223
213 236
213 239
213 241
213 243
213 244
213 245
213 248
213 253
213 254
213 257
213 260
213 261
213 263
213 280
213 286
213 287
213 292
213 293
213 296
214 221
214 222
214 223
214 224
214 228
214 234
214 236
214 239
214 240
214 243
214 253
214 261
214 265
214 269
214 272
214 276
214 281
214 288
214 293
214 294
214 295
214 297
215 218
215 219
215 225
215 230
215 231
215 233
215 238
215 246
215 247
215 249
215 256
215 258
215 259
215 260
215 265
215 266
215 267
215 271
215 272
215 283
215 292
215 293
215 294
215 295
215 296
215 299
216 219
216 220
216 223
216 225
216 235
216 236
216 237
216 239
216 241
216 255
216 263
216 273
216 277
216 280
216 282
216 285
216 290
216 292
216 297
217 219
217 220
217 223
217 227
217 229
217 232
217 237
217 238
217 239
217 243
217 251
217 257
217 264
217 271
217 276
217 278
217 279
217 280
217 281
217 283
217 289
217 295
217 299
218 219
218 220
218 223
218 225
218 234
218 238
218 240
218 242
218 244
218 248
218 255
218 258
218 260
218 261
218 263
218 270
218 274
218 275
218 278
218 281
218 284
218 294
218 299
219 221
219 223
219 229
219 230
219 231
219 233
219 234
219 235
219 241
219 244
219 246
219 250
219 254
219 257
219 258
219 263
219 267
219 271
219 274
219 279
219 280
219 284
219 295
219 297
220 225
220 227
220 228
220 232
220 234
220 236
220 237
220 239
220 240
220 248
220 255
220 260
220 261
220 265
220 266
220 267
220 270
220 281
220 282
220 286
220 288
220 289
220 290
220 295
220 297
221 227
221 230
221 239
221 241
221 245
221 248
221 251
221 259
221 262
221 263
221 265
221 269
221 271
221 277
221 280
221 281
221 295
221 297
222 223
222 224
222 226
222 229
222 239
222 243
222 247
222 248
222 253
222 255
222 258
222 261
222 280
222 281
222 287
222 289
222 292
222 293
222 295
223 224
223 225
223 232
223 234
223 236
223 243
223 250
223 258
223 259
223 263
223 266
223 273
223 274
223 277
223 280
223 282
223 286
223 289
223 298
223 299
224 225
224 226
224 227
224 230
224 232
224 235
224 236
224 238
224 239
224 240
224 244
224 247
224 248
224 250
224 251
224 252
224 253
224 254
224 256
224 265
224 267
224 270
224 271
224 272
224 275
224 276
224 280
224 281
224 283
224 285
224 286
224 291
224 295
225 227
225 229
225 230
225 235
225 237
225 239
225 241
225 252
225 253
225 254
225 267
225 269
225 270
225 277
225 278
225 279
225 285
225 288
225 293
225 294
226 228
226 236
226 254
226 260
226 268
226 269
226 274
226 279
226 280
226 281
226 282
226 284
226 287
226 290
226 293
227 228
227 231
227 233
227 240
227 242
227 243
227 254
227 255
227 256
227 257
227 262
227 267
227 273
227 274
227 276
227 290
227 292
227 293
228 231
228 233
228 234
228 235
228 236
228 246
228 247
228 248
228 252
228 255
228 258
228 262
228 265
228 266
228 267
228 268
228 275
228 277
228 278
228 281
228 282
228 284
228 285
228 286
228 287
228 288
228 289
228 290
228 291
228 293
228 299
229 236
229 238
229 239
229 240
229 243
229 244
229 245
229 249
229 250
229 253
229 254
229 256
229 259
229 260
229 262
229 263
229 266
229 268
229 269
229 270
229 271
229 272
229 275
229 277
229 279
229 283
229 291
229 299
230 231
230 234
230 242
230 246
230 248
230 249
230 251
230 253
230 255
230 256
230 260
230 262
230 267
230 274
230 278
230 279
230 282
230 283
230 286
230 289
230 293
231 244
231 247
231 248
231 249
231 253
231 254
231 258
231 261
231 265
231 271
231 273
231 275
231 276
231 278
231 280
231 283
231 284
231 285
231 293
231 294
231 295
231 297
231 298
231 299
232 234
232 238
232 239
232 240
232 241
232 247
232 249
232 251
232 252
232 253
232 254
232 261
232 263
232 268
232 269
232 271
232 273
232 275
232 277
232 281
232 283
232 291
232 294
232 296
232 297
233 235
233 238
233 240
233 243
233 244
233 245
233 247
233 255
233 256
233 259
233 260
233 261
233 265
233 269
233 278
233 281
233 286
233 287
233 289
233 290
233 295
233 296
233 299
234 235
234 238
234 245
234 246
234 249
234 251
234 254
234 255
234 258
234 259
234 261
234 262
234 265
234 266
234 269
234 270
234 278
234 280
234 282
234 284
234 285
234 286
234 287
234 291
234 292
234 294
234 296
235 236
235 241
235 242
235 246
235 249
235 255
235 257
235 259
235 264
235 266
235 275
235 280
235 281
235 284
235 288
235 293
235 299
236 240
236 246
236 247
236 255
236 256
236 261
236 262
236 264
236 265
236 266
236 267
236 269
236 270
236 271
236 273
236 277
236 278
236 279
236 281
236 289
236 291
236 292
237 239
237 240
237 244
237 248
237 250
237 262
237 263
237 264
237 272
237 273
237 277
237 278
237 282
237 287
237 293
237 297
237 299
238 243
238 245
238 249
238 252
238 257
238 259
238 263
238 264
238 266
238 271
238 272
238 275
238 276
238 278
238 289
238 290
238 293
238 299
239 240
239 257
239 258
239 259
239 265
239 267
239 268
239 271
239 272
239 273
239 282
239 283
239 289
239 290
239 297
239 298
240 242
240 244
240 245
240 248
240 252
240 255
240 257
240 262
240 269
240 270
240 273
240 277
240 280
240 293
240 298
240 299
241 242
241 244
241 247
241 249
241 253
241 259
241 260
241 265
241 267
241 270
241 277
241 278
241 281
241 284
241 285
241 291
241 294
241 297
241 298
242 243
242 246
242 248
242 250
242 252
242 254
242 257
242 260
242 261
242 262
242 264
242 265
242 266
242 277
242 279
242 280
242 281
242 285
242 287
242 288
242 291
242 292
242 293
242 294
242 296
242 297
243 253
243 256
243 258
243 264
243 269
243 271
243 274
243 281
243 282
243 287
243 288
243 289
243 297
243 299
244 245
244 246
244 248
244 253
244 254
244 267
244 272
244 274
244 279
244 281
244 283
244 285
244 286
244 289
244 293
244 296
244 298
245 247
245 248
245 250
245 253
245 255
245 257
245 258
245 259
245 262
245 273
245 274
245 277
245 283
245 287
245 289
245 292
245 295
246 252
246 256
246 258
246 259
246 262
246 263
246 266
246 268
246 270
246 279
246 282
246 286
246 288
246 296
247 255
247 256
247 258
247 260
247 261
247 264
247 265
247 274
247 277
247 279
247 281
247 284
247 285
247 289
247 291
247 297
247 298
248 251
248 254
248 256
248 264
248 267
248 273
248 278
248 279
248 284
248 286
249 250
249 251
249 263
249 269
249 274
249 286
249 291
249 296
249 298
249 299
250 253
250 255
250 264
250 265
250 266
250 267
250 268
250 270
250 272
250 273
250 275
250 280
250 293
250 296
250 299
251 253
251 255
251 256
251 260
251 269
251 271
251 275
251 276
251 278
251 281
251 282
251 284
251 288
251 296
251 297
251 298
251 299
252 253
252 259
252 262
252 266
252 268
252 275
252 277
252 282
252 289
252 295
253 255
253 256
253 258
253 266
253 267
253 272
253 273
253 276
253 277
253 279
253 280
253 284
253 285
253 288
253 293
253 297
253 299
254 264
254 267
254 268
254 272
254 276
254 277
254 278
254 279
254 282
254 284
254 292
254 294
254 296
254 297
255 256
255 257
255 260
255 261
255 267
255 269
255 270
255 276
255 277
255 278
255 280
255 289
255 291
255 293
255 295
255 298
256 257
256 260
256 261
256 262
256 265
256 266
256 267
256 268
256 272
256 274
256 276
256 277
256 281
256 288
256 291
257 265
257 267
257 268
257 274
257 275
257 276
257 280
257 281
257 288
257 292
257 294
257 295
257 299
258 268
258 271
258 274
258 276
258 278
258 279
258 281
258 287
258 288
258 289
258 290
258 298
259 262
259 265
259 266
259 277
259 280
259 281
259 284
259 292
259 294
259 298
260 261
260 266
260 273
260 274
260 276
260 277
260 279
260 280
260 281
260 285
260 287
260 291
260 292
260 296
260 297
260 298
261 263
261 267
261 269
261 275
261 285
261 291
261 296
261 297
261 298
262 263
262 264
262 267
262 268
262 272
262 274
262 281
262 283
262 288
262 289
262 292
262 293
262 298
263 267
263 268
263 272
263 277
263 278
263 282
263 283
263 285
263 287
263 289
263 292
263 294
263 299
264 265
264 266
264 268
264 269
264 270
264 271
264 272
264 275
264 287
264 292
264 295
264 296
265 267
265 272
265 275
265 276
265 277
265 283
265 296
266 268
266 271
266 277
266 279
266 281
266 283
266 286
266 291
266 292
266 293
267 279
267 282
267 285
267 286
267 288
267 289
267 292
267 294
267 298
268 271
268 274
268 275
268 276
268 277
268 279
268 280
268 284
268 295
268 296
269 275
269 277
269 279
269 291
269 293
269 297
270 273
270 278
270 281
270 287
270 288
270 289
270 291
270 292
270 294
271 273
271 274
271 279
271 280
271 282
271 288
271 297
272 273
272 284
272 286
272 287
272 293
272 297
272 298
273 274
273 275
273 276
273 282
273 284
273 290
273 294
273 296
274 276
274 290
274 296
274 298
275 276
275 278
275 280
275 284
275 285
275 290
276 277
276 280
276 281
276 284
276 285
276 291
276 292
276 295
276 299
277 278
277 290
277 291
277 299
278 282
278 284
278 288
278 294
278 296
278 299
279 287
279 291
279 292
279 294
279 296
279 298
280 282
280 288
280 291
280 296
281 284
281 285
281 288
281 290
281 292
281 294
281 295
281 299
282 284
282 285
282 294
282 298
283 284
283 285
283 286
283 288
283 292
283 295
284 286
284 288
284 292
284 293
284 294
284 295
285 291
285 292
285 295
286 287
286 290
286 296
286 298
287 290
287 293
287 294
287 296
287 298
288 289
288 291
288 298
288 299
289 292
289 294
289 299
290 291
290 293
290 296
290 298
291 292
291 294
291 295
292 295
292 299
293 294
293 295
293 296
294 295
294 298
294 299
295 297
296 298
232 13 1 47 230 297 53 184 174 160 252 21 65 129 212 36 178 237 175 156 41 238 153 10 46 144 48 66 287 9 240 206 140 198 70 103 182 75 72 125 294 218 148 222 226 141 170 28 143 52 74 32 33 100 283 82 6 89 24 263
108 202 248 247 93 3 201 250 58 270 77 107 142 193 225 241 244 234 14 290 61 79 67 43 253 204 114 121 56 101 99 35 195 288 164 220 23 131 242 167 18 197 64 106 293 149 172 78 260 51 286 292 83 113 76 45 104 196 285 246
276 92 229 268 281 269 116 126 203 233 231 157 37 155 278 19 289 38 4 133 34 189 120 84 205 200 159 236 139 298 165 86 119 85 211 192 158 11 275 57 30 102 127 180 161 266 235 185 261 171 239 254 60 227 111 264 169 44 291 63
152 0 2 224 88 118 273 20 217 251 27 31 228 8 105 5 136 134 271 68 7 115 110 40 265 98 166 176 146 117 249 243 219 132 123 16 97 187 17 257 109 179 42 69 12 255 282 137 223 258 194 15 73 81 213 284 96 214 138 267
22 245 272 295 94 128 259 274 87 50 147 150 25 135 162 183 173 130 280 168 199 299 209 163 208 279 186 39 55 26 29 154 59 95 190 122 177 216 54 215 80 181 71 49 191 188 262 91 124 256 277 296 145 207 62 151 112 90 210 221
