300
13390
4
0 13
0 14
0 21
0 27
0 32
0 38
0 42
0 49
0 53
0 58
0 68
0 69
0 73
0 74
0 76
0 77
0 79
0 86
0 87
0 90
0 95
0 100
0 101
0 102
0 105
0 106
0 111
0 112
0 113
0 114
0 120
0 130
0 133
0 137
0 139
0 141
0 143
0 147
0 149
0 150
0 164
0 169
0 182
0 188
0 191
0 195
0 200
0 203
0 205
0 210
0 211
0 213
0 214
0 217
0 231
0 233
0 241
0 245
0 246
0 247
0 250
0 255
0 256
0 260
0 271
0 272
0 283
0 285
0 288
0 289
0 291
0 292
0 293
1 3
1 7
1 8
1 9
1 17
1 23
1 24
1 25
1 26
1 27
1 28
1 30
1 38
1 43
1 48
1 50
1 52
1 56
1 58
1 61
1 62
1 65
1 66
1 71
1 77
1 79
1 80
1 81
1 82
1 84
1 87
1 97
1 98
1 100
1 101
1 102
1 109
1 111
1 115
1 116
1 119
1 123
1 125
1 126
1 128
1 141
1 144
1 150
1 152
1 154
1 155
1 158
1 163
1 171
1 175
1 180
1 185
1 187
1 190
1 192
1 193
1 194
1 198
1 199
1 200
1 202
1 205
1 206
1 208
1 210
1 214
1 215
1 216
1 219
1 220
1 222
1 224
1 238
1 245
1 247
1 248
1 250
1 254
1 262
1 263
1 272
1 276
1 283
1 284
1 290
1 295
1 296
2 3
2 6
2 8
2 10
2 11
2 15
2 27
2 37
2 42
2 43
2 48
2 56
2 65
2 67
2 69
2 75
2 84
2 92
2 93
2 103
2 104
2 117
2 119
2 125
2 126
2 130
2 133
2 134
2 139
2 140
2 143
2 144
2 145
2 150
2 152
2 153
2 155
2 157
2 158
2 159
2 162
2 166
2 168
2 173
2 175
2 177
2 186
2 187
2 194
2 195
2 197
2 200
2 203
2 208
2 209
2 211
2 213
2 218
2 226
2 227
2 229
2 233
2 237
2 238
2 248
2 250
2 253
2 256
2 258
2 261
2 263
2 273
2 274
2 286
2 289
2 292
2 295
3 4
3 16
3 28
3 29
3 35
3 39
3 41
3 48
3 52
3 56
3 58
3 60
3 61
3 65
3 67
3 69
3 75
3 79
3 87
3 89
3 92
3 94
3 97
3 100
3 101
3 108
3 109
3 113
3 116
3 117
3 126
3 128
3 131
3 136
3 140
3 141
3 142
3 145
3 148
3 152
3 164
3 166
3 167
3 168
3 171
3 177
3 186
3 187
3 189
3 191
3 194
3 195
3 198
3 199
3 202
3 203
3 204
3 207
3 209
3 210
3 213
3 219
3 222
3 224
3 226
3 230
3 231
3 237
3 238
3 239
3 242
3 245
3 249
3 250
3 256
3 259
3 262
3 263
3 264
3 267
3 270
3 276
3 279
3 283
3 290
4 13
4 16
4 22
4 23
4 30
4 31
4 34
4 35
4 36
4 38
4 40
4 43
4 45
4 47
4 50
4 53
4 57
4 67
4 71
4 72
4 73
4 75
4 76
4 77
4 78
4 81
4 85
4 87
4 88
4 90
4 92
4 94
4 95
4 96
4 98
4 99
4 100
4 103
4 105
4 110
4 114
4 116
4 117
4 125
4 126
4 128
4 134
4 135
4 136
4 142
4 143
4 146
4 149
4 152
4 153
4 154
4 156
4 162
4 170
4 176
4 180
4 185
4 187
4 189
4 191
4 193
4 198
4 199
4 201
4 202
4 206
4 207
4 209
4 216
4 225
4 228
4 234
4 235
4 246
4 251
4 253
4 255
4 257
4 258
4 261
4 273
4 274
4 280
4 286
4 287
4 288
4 290
4 293
4 294
4 295
5 9
5 10
5 14
5 17
5 21
5 24
5 30
5 34
5 35
5 37
5 45
5 52
5 56
5 58
5 59
5 64
5 66
5 69
5 70
5 71
5 76
5 79
5 81
5 82
5 86
5 87
5 89
5 90
5 91
5 98
5 99
5 100
5 103
5 110
5 112
5 115
5 125
5 132
5 138
5 140
5 144
5 147
5 151
5 152
5 153
5 154
5 155
5 161
5 166
5 167
5 168
5 169
5 171
5 174
5 181
5 182
5 183
5 191
5 194
5 195
5 197
5 199
5 204
5 206
5 211
5 212
5 216
5 222
5 224
5 226
5 228
5 229
5 233
5 236
5 237
5 238
5 239
5 242
5 243
5 247
5 248
5 252
5 257
5 258
5 259
5 262
5 274
5 278
5 279
5 283
5 285
6 12
6 13
6 20
6 23
6 24
6 26
6 28
6 30
6 31
6 33
6 35
6 48
6 51
6 52
6 53
6 54
6 56
6 58
6 62
6 65
6 75
6 76
6 77
6 81
6 83
6 84
6 86
6 88
6 90
6 92
6 93
6 102
6 104
6 105
6 108
6 112
6 113
6 114
6 115
6 117
6 119
6 124
6 125
6 126
6 133
6 134
6 136
6 137
6 138
6 142
6 143
6 144
6 148
6 151
6 152
6 154
6 156
6 157
6 161
6 164
6 166
6 167
6 172
6 178
6 180
6 187
6 188
6 197
6 198
6 199
6 200
6 203
6 204
6 209
6 219
6 226
6 234
6 235
6 238
6 242
6 243
6 253
6 256
6 261
6 264
6 265
6 267
6 270
6 272
6 277
6 281
6 283
6 284
6 285
6 287
6 294
6 298
7 10
7 11
7 12
7 13
7 19
7 21
7 25
7 31
7 34
7 35
7 37
7 39
7 46
7 48
7 50
7 52
7 60
7 62
7 67
7 68
7 73
7 78
7 79
7 81
7 84
7 90
7 91
7 93
7 96
7 97
7 100
7 103
7 104
7 107
7 109
7 110
7 113
7 114
7 123
7 130
7 136
7 139
7 140
7 145
7 147
7 148
7 157
7 159
7 161
7 166
7 169
7 170
7 178
7 179
7 182
7 183
7 185
7 187
7 188
7 191
7 193
7 198
7 199
7 204
7 209
7 210
7 212
7 215
7 218
7 221
7 222
7 228
7 230
7 231
7 232
7 233
7 235
7 239
7 245
7 248
7 254
7 255
7 258
7 262
7 263
7 266
7 270
7 275
7 279
7 284
7 290
7 295
7 296
7 299
8 9
8 12
8 18
8 19
8 20
8 23
8 24
8 25
8 30
8 32
8 34
8 37
8 38
8 39
8 43
8 47
8 53
8 56
8 57
8 58
8 62
8 64
8 68
8 69
8 70
8 71
8 91
8 96
8 100
8 101
8 102
8 103
8 108
8 111
8 115
8 119
8 120
8 121
8 127
8 129
8 133
8 134
8 137
8 147
8 149
8 152
8 155
8 159
8 160
8 164
8 165
8 181
8 186
8 187
8 195
8 202
8 206
8 209
8 211
8 220
8 221
8 222
8 226
8 229
8 230
8 231
8 232
8 246
8 248
8 258
8 280
8 287
8 289
8 290
8 294
8 298
9 11
9 15
9 17
9 20
9 21
9 22
9 25
9 28
9 36
9 46
9 49
9 50
9 61
9 63
9 66
9 68
9 77
9 78
9 79
9 80
9 82
9 87
9 90
9 99
9 103
9 106
9 109
9 118
9 124
9 125
9 128
9 132
9 136
9 141
9 142
9 145
9 148
9 177
9 179
9 184
9 187
9 197
9 201
9 204
9 205
9 209
9 215
9 217
9 220
9 228
9 238
9 240
9 243
9 245
9 247
9 249
9 253
9 261
9 262
9 263
9 271
9 273
9 274
9 277
9 286
9 287
9 290
9 292
9 293
9 295
10 11
10 15
10 17
10 21
10 26
10 28
10 29
10 32
10 35
10 36
10 40
10 42
10 45
10 46
10 50
10 53
10 54
10 56
10 60
10 61
10 64
10 69
10 72
10 74
10 75
10 77
10 79
10 87
10 90
10 94
10 95
10 97
10 99
10 108
10 111
10 114
10 122
10 127
10 128
10 129
10 134
10 148
10 151
10 156
10 157
10 160
10 163
10 165
10 169
10 176
10 178
10 182
10 186
10 191
10 200
10 204
10 211
10 219
10 220
10 222
10 224
10 226
10 235
10 240
10 242
10 248
10 249
10 254
10 258
10 266
10 269
10 270
10 271
10 272
10 274
10 279
10 280
10 281
10 282
10 284
10 289
10 291
10 293
10 294
10 296
10 299
11 17
11 20
11 23
11 24
11 28
11 30
11 38
11 44
11 48
11 51
11 52
11 54
11 57
11 60
11 62
11 64
11 67
11 68
11 74
11 76
11 78
11 79
11 85
11 90
11 91
11 96
11 97
11 101
11 103
11 106
11 109
11 112
11 118
11 120
11 121
11 122
11 125
11 129
11 136
11 139
11 146
11 147
11 150
11 151
11 153
11 154
11 155
11 156
11 159
11 163
11 164
11 165
11 168
11 172
11 180
11 181
11 189
11 195
11 202
11 204
11 208
11 211
11 213
11 222
11 228
11 229
11 232
11 235
11 236
11 240
11 242
11 243
11 245
11 247
11 250
11 251
11 253
11 254
11 255
11 259
11 265
11 266
11 271
11 274
11 275
11 286
11 288
11 291
11 292
11 295
11 297
12 14
12 18
12 19
12 23
12 25
12 29
12 30
12 34
12 39
12 44
12 46
12 47
12 48
12 49
12 52
12 53
12 66
12 67
12 68
12 71
12 74
12 77
12 81
12 83
12 85
12 88
12 90
12 91
12 92
12 93
12 96
12 98
12 101
12 109
12 111
12 112
12 114
12 121
12 124
12 126
12 127
12 131
12 134
12 139
12 140
12 143
12 144
12 149
12 151
12 155
12 158
12 161
12 162
12 165
12 169
12 174
12 177
12 178
12 180
12 186
12 188
12 189
12 199
12 201
12 203
12 204
12 206
12 215
12 218
12 219
12 221
12 222
12 236
12 239
12 243
12 246
12 249
12 250
12 254
12 255
12 260
12 263
12 271
12 275
12 276
12 277
12 283
12 290
12 291
12 292
12 294
12 295
12 296
12 299
13 15
13 17
13 19
13 20
13 21
13 23
13 24
13 27
13 34
13 35
13 38
13 39
13 40
13 45
13 49
13 50
13 51
13 52
13 55
13 62
13 63
13 65
13 69
13 73
13 78
13 82
13 83
13 84
13 86
13 87
13 90
13 95
13 96
13 100
13 102
13 103
13 105
13 109
13 111
13 112
13 115
13 119
13 124
13 128
13 129
13 130
13 134
13 135
13 136
13 139
13 141
13 142
13 143
13 148
13 150
13 151
13 152
13 153
13 157
13 161
13 162
13 163
13 164
13 166
13 167
13 174
13 180
13 181
13 196
13 199
13 200
13 213
13 215
13 222
13 223
13 226
13 230
13 231
13 232
13 234
13 236
13 237
13 238
13 243
13 245
13 251
13 252
13 254
13 257
13 260
13 263
13 264
13 265
13 266
13 268
13 274
13 276
13 277
13 282
13 283
13 290
13 291
13 296
14 16
14 22
14 27
14 29
14 32
14 35
14 37
14 40
14 58
14 62
14 67
14 69
14 71
14 73
14 74
14 75
14 76
14 79
14 80
14 83
14 84
14 85
14 87
14 89
14 92
14 94
14 101
14 104
14 107
14 108
14 109
14 111
14 112
14 115
14 118
14 119
14 131
14 133
14 134
14 137
14 139
14 141
14 145
14 146
14 147
14 148
14 149
14 151
14 159
14 162
14 163
14 164
14 169
14 173
14 175
14 177
14 179
14 182
14 183
14 184
14 186
14 190
14 193
14 194
14 195
14 199
14 200
14 202
14 203
14 211
14 219
14 224
14 233
14 239
14 242
14 244
14 253
14 256
14 259
14 260
14 266
14 267
14 270
14 275
14 278
14 279
14 280
14 285
14 289
14 291
14 292
14 293
14 294
14 295
15 17
15 18
15 26
15 34
15 35
15 38
15 42
15 48
15 50
15 52
15 65
15 69
15 72
15 73
15 74
15 75
15 85
15 87
15 89
15 96
15 101
15 105
15 109
15 116
15 119
15 124
15 125
15 126
15 128
15 132
15 135
15 138
15 140
15 146
15 148
15 155
15 158
15 163
15 167
15 173
15 176
15 177
15 180
15 181
15 182
15 186
15 187
15 188
15 190
15 201
15 202
15 205
15 206
15 207
15 213
15 214
15 215
15 217
15 218
15 223
15 225
15 228
15 237
15 239
15 249
15 250
15 253
15 254
15 257
15 258
15 263
15 264
15 270
15 272
15 275
15 280
15 285
15 288
15 289
15 290
15 292
15 293
15 295
15 297
16 19
16 21
16 27
16 30
16 34
16 39
16 40
16 48
16 50
16 53
16 54
16 55
16 57
16 61
16 63
16 64
16 72
16 74
16 76
16 80
16 83
16 85
16 86
16 106
16 108
16 111
16 113
16 116
16 119
16 120
16 123
16 127
16 128
16 130
16 131
16 134
16 136
16 137
16 140
16 141
16 142
16 155
16 157
16 158
16 162
16 167
16 169
16 172
16 182
16 188
16 190
16 191
16 196
16 198
16 202
16 204
16 211
16 212
16 213
16 214
16 218
16 219
16 220
16 221
16 226
16 232
16 233
16 234
16 235
16 236
16 243
16 244
16 246
16 248
16 250
16 251
16 252
16 258
16 259
16 261
16 262
16 263
16 265
16 276
16 280
16 281
16 282
16 286
16 288
16 290
16 293
16 294
16 295
17 21
17 23
17 26
17 39
17 42
17 43
17 45
17 50
17 56
17 57
17 60
17 66
17 75
17 76
17 80
17 81
17 88
17 95
17 103
17 104
17 108
17 113
17 117
17 121
17 122
17 125
17 135
17 136
17 138
17 140
17 142
17 144
17 145
17 146
17 151
17 152
17 154
17 157
17 158
17 162
17 169
17 170
17 172
17 178
17 180
17 190
17 193
17 194
17 195
17 198
17 200
17 202
17 203
17 204
17 205
17 209
17 211
17 212
17 219
17 221
17 224
17 232
17 235
17 239
17 241
17 242
17 250
17 252
17 253
17 254
17 255
17 258
17 259
17 262
17 265
17 267
17 274
17 277
17 282
17 285
17 287
17 291
17 299
18 23
18 24
18 31
18 34
18 35
18 37
18 38
18 44
18 46
18 47
18 48
18 53
18 55
18 58
18 63
18 71
18 72
18 82
18 83
18 84
18 90
18 92
18 98
18 99
18 103
18 104
18 105
18 107
18 113
18 120
18 124
18 127
18 133
18 135
18 138
18 144
18 145
18 151
18 153
18 170
18 172
18 173
18 176
18 185
18 186
18 192
18 194
18 209
18 210
18 213
18 214
18 223
18 224
18 228
18 229
18 235
18 236
18 239
18 246
18 247
18 249
18 250
18 253
18 254
18 255
18 256
18 257
18 258
18 269
18 270
18 271
18 272
18 274
18 280
18 281
18 286
18 293
18 298
19 24
19 26
19 30
19 32
19 37
19 40
19 41
19 44
19 47
19 50
19 51
19 53
19 55
19 57
19 61
19 63
19 66
19 70
19 73
19 84
19 89
19 92
19 94
19 96
19 97
19 106
19 107
19 108
19 130
19 133
19 141
19 153
19 155
19 159
19 160
19 165
19 166
19 168
19 169
19 172
19 176
19 177
19 180
19 187
19 190
19 197
19 200
19 201
19 202
19 203
19 213
19 217
19 221
19 222
19 224
19 228
19 237
19 240
19 247
19 250
19 253
19 267
19 271
19 276
19 277
19 279
19 280
19 281
19 296
20 22
20 23
20 30
20 32
20 33
20 34
20 35
20 37
20 39
20 42
20 47
20 52
20 60
20 61
20 62
20 63
20 65
20 66
20 69
20 70
20 72
20 74
20 77
20 78
20 80
20 88
20 90
20 93
20 95
20 96
20 97
20 98
20 100
20 108
20 109
20 110
20 115
20 118
20 120
20 121
20 125
20 126
20 128
20 133
20 135
20 139
20 142
20 143
20 145
20 147
20 153
20 163
20 164
20 166
20 170
20 172
20 174
20 179
20 180
20 187
20 189
20 193
20 198
20 200
20 201
20 202
20 203
20 210
20 211
20 219
20 221
20 222
20 223
20 228
20 231
20 232
20 236
20 238
20 240
20 243
20 244
20 245
20 246
20 249
20 250
20 251
20 252
20 253
20 255
20 256
20 259
20 264
20 268
20 270
20 271
20 273
20 276
20 285
20 286
20 290
20 291
20 292
20 293
20 294
20 297
21 24
21 25
21 26
21 27
21 32
21 34
21 35
21 47
21 49
21 51
21 53
21 54
21 55
21 57
21 59
21 64
21 68
21 75
21 91
21 95
21 99
21 101
21 105
21 107
21 109
21 113
21 116
21 118
21 121
21 122
21 123
21 126
21 137
21 144
21 147
21 150
21 151
21 154
21 156
21 159
21 160
21 165
21 168
21 169
21 174
21 176
21 178
21 179
21 184
21 185
21 187
21 189
21 190
21 191
21 196
21 202
21 209
21 212
21 224
21 229
21 232
21 238
21 240
21 241
21 242
21 247
21 256
21 257
21 260
21 261
21 270
21 271
21 273
21 277
21 279
21 280
21 281
21 289
21 291
21 293
21 294
21 297
22 23
22 31
22 33
22 37
22 39
22 41
22 46
22 49
22 53
22 54
22 55
22 56
22 57
22 60
22 61
22 64
22 68
22 70
22 73
22 74
22 75
22 81
22 86
22 89
22 94
22 95
22 98
22 99
22 102
22 104
22 112
22 116
22 118
22 119
22 125
22 128
22 131
22 134
22 136
22 137
22 147
22 148
22 150
22 155
22 156
22 160
22 165
22 175
22 179
22 183
22 189
22 197
22 203
22 205
22 207
22 208
22 212
22 217
22 219
22 230
22 234
22 238
22 247
22 248
22 250
22 254
22 265
22 269
22 280
22 285
22 287
22 288
22 289
22 290
22 291
22 293
22 296
23 33
23 37
23 38
23 44
23 54
23 58
23 68
23 71
23 74
23 76
23 77
23 78
23 80
23 81
23 83
23 85
23 93
23 94
23 95
23 107
23 109
23 111
23 113
23 115
23 120
23 121
23 122
23 124
23 128
23 130
23 134
23 136
23 142
23 151
23 152
23 154
23 156
23 157
23 160
23 161
23 163
23 167
23 170
23 173
23 174
23 180
23 181
23 185
23 187
23 188
23 193
23 195
23 198
23 199
23 202
23 203
23 204
23 205
23 206
23 208
23 209
23 215
23 216
23 219
23 223
23 226
23 233
23 235
23 236
23 239
23 241
23 243
23 244
23 246
23 250
23 251
23 253
23 257
23 258
23 259
23 264
23 269
23 273
23 275
23 282
23 287
23 289
23 293
23 297
23 298
23 299
24 25
24 29
24 37
24 42
24 44
24 48
24 53
24 54
24 59
24 67
24 74
24 76
24 85
24 86
24 87
24 91
24 95
24 98
24 99
24 103
24 107
24 110
24 114
24 117
24 125
24 126
24 127
24 130
24 137
24 143
24 144
24 146
24 154
24 155
24 164
24 165
24 168
24 172
24 176
24 178
24 185
24 187
24 188
24 189
24 192
24 201
24 210
24 216
24 225
24 228
24 230
24 231
24 233
24 234
24 235
24 239
24 241
24 246
24 248
24 251
24 252
24 261
24 269
24 271
24 272
24 290
24 291
25 28
25 37
25 42
25 45
25 46
25 48
25 51
25 52
25 55
25 56
25 60
25 64
25 73
25 76
25 80
25 83
25 85
25 87
25 88
25 90
25 93
25 95
25 96
25 99
25 105
25 111
25 112
25 113
25 114
25 115
25 126
25 127
25 131
25 133
25 135
25 145
25 147
25 159
25 161
25 165
25 167
25 169
25 170
25 172
25 173
25 175
25 176
25 179
25 180
25 183
25 184
25 187
25 188
25 189
25 196
25 198
25 200
25 206
25 208
25 209
25 220
25 225
25 226
25 230
25 232
25 235
25 244
25 250
25 254
25 256
25 263
25 264
25 265
25 266
25 267
25 270
25 272
25 279
25 280
25 287
25 289
25 290
25 295
26 29
26 33
26 35
26 38
26 39
26 52
26 54
26 57
26 61
26 63
26 64
26 67
26 69
26 71
26 76
26 79
26 81
26 83
26 86
26 89
26 90
26 91
26 94
26 97
26 99
26 100
26 101
26 102
26 115
26 117
26 130
26 139
26 140
26 143
26 145
26 146
26 148
26 150
26 151
26 159
26 162
26 167
26 171
26 172
26 182
26 183
26 184
26 185
26 187
26 188
26 189
26 196
26 207
26 209
26 213
26 224
26 225
26 228
26 229
26 231
26 236
26 237
26 238
26 239
26 241
26 243
26 244
26 248
26 250
26 254
26 257
26 261
26 262
26 265
26 268
26 283
26 285
26 288
26 294
26 298
27 35
27 36
27 37
27 41
27 43
27 46
27 48
27 54
27 58
27 59
27 67
27 68
27 69
27 72
27 73
27 76
27 80
27 83
27 87
27 89
27 91
27 92
27 95
27 96
27 97
27 98
27 99
27 102
27 103
27 108
27 109
27 113
27 116
27 119
27 123
27 126
27 128
27 138
27 140
27 142
27 143
27 146
27 148
27 149
27 151
27 153
27 155
27 156
27 158
27 163
27 164
27 167
27 168
27 174
27 175
27 176
27 179
27 181
27 188
27 194
27 199
27 200
27 206
27 216
27 218
27 219
27 223
27 226
27 229
27 231
27 235
27 238
27 240
27 255
27 258
27 265
27 266
27 275
27 277
27 282
27 284
27 285
27 290
27 291
27 292
27 295
28 31
28 34
28 35
28 39
28 40
28 45
28 46
28 47
28 51
28 52
28 61
28 63
28 67
28 75
28 76
28 83
28 90
28 92
28 96
28 98
28 99
28 102
28 105
28 106
28 107
28 111
28 116
28 118
28 120
28 121
28 124
28 128
28 131
28 132
28 133
28 134
28 143
28 147
28 149
28 153
28 155
28 161
28 164
28 166
28 169
28 171
28 174
28 175
28 176
28 178
28 180
28 182
28 184
28 187
28 197
28 204
28 207
28 209
28 211
28 216
28 219
28 220
28 228
28 232
28 239
28 241
28 242
28 250
28 252
28 253
28 256
28 258
28 260
28 261
28 263
28 264
28 269
28 279
28 281
28 289
28 294
28 295
28 297
29 30
29 31
29 32
29 36
29 37
29 38
29 41
29 43
29 44
29 47
29 48
29 50
29 52
29 53
29 56
29 58
29 59
29 62
29 64
29 66
29 77
29 78
29 84
29 90
29 93
29 100
29 101
29 103
29 105
29 109
29 113
29 116
29 118
29 120
29 123
29 124
29 125
29 129
29 131
29 132
29 134
29 143
29 154
29 157
29 161
29 164
29 166
29 168
29 174
29 180
29 182
29 183
29 190
29 194
29 197
29 203
29 204
29 208
29 212
29 214
29 217
29 223
29 227
29 231
29 232
29 235
29 243
29 249
29 254
29 260
29 262
29 265
29 268
29 270
29 271
29 277
29 279
29 286
29 289
29 291
29 298
30 32
30 36
30 40
30 41
30 43
30 45
30 48
30 49
30 57
30 64
30 67
30 68
30 76
30 77
30 87
30 88
30 89
30 91
30 92
30 94
30 95
30 98
30 101
30 107
30 109
30 113
30 120
30 133
30 136
30 137
30 138
30 139
30 143
30 146
30 147
30 149
30 151
30 155
30 157
30 160
30 164
30 166
30 170
30 171
30 177
30 178
30 180
30 182
30 186
30 188
30 190
30 198
30 205
30 213
30 218
30 221
30 229
30 231
30 234
30 236
30 237
30 240
30 242
30 243
30 244
30 246
30 249
30 252
30 255
30 256
30 258
30 267
30 272
30 275
30 283
30 284
30 287
30 295
31 33
31 34
31 35
31 47
31 54
31 58
31 68
31 73
31 78
31 79
31 81
31 85
31 86
31 92
31 100
31 101
31 106
31 109
31 114
31 115
31 117
31 118
31 121
31 123
31 135
31 136
31 138
31 142
31 145
31 150
31 156
31 160
31 161
31 162
31 164
31 165
31 169
31 170
31 180
31 184
31 186
31 191
31 192
31 205
31 209
31 213
31 219
31 224
31 230
31 243
31 259
31 264
31 271
31 272
31 276
31 282
31 288
31 293
31 296
31 299
32 36
32 39
32 43
32 44
32 46
32 48
32 56
32 58
32 62
32 65
32 68
32 69
32 74
32 80
32 81
32 83
32 84
32 88
32 91
32 92
32 93
32 96
32 99
32 105
32 106
32 108
32 109
32 112
32 118
32 121
32 123
32 137
32 143
32 144
32 145
32 148
32 153
32 156
32 163
32 168
32 174
32 176
32 189
32 197
32 198
32 200
32 203
32 204
32 207
32 212
32 213
32 214
32 218
32 222
32 224
32 225
32 235
32 238
32 241
32 242
32 244
32 245
32 251
32 252
32 254
32 255
32 256
32 263
32 266
32 267
32 269
32 277
32 282
32 289
32 293
32 298
33 38
33 39
33 42
33 50
33 52
33 53
33 54
33 55
33 59
33 60
33 70
33 80
33 85
33 95
33 102
33 103
33 110
33 114
33 115
33 120
33 121
33 127
33 129
33 130
33 133
33 134
33 136
33 137
33 142
33 143
33 148
33 155
33 159
33 160
33 161
33 163
33 170
33 172
33 173
33 174
33 175
33 177
33 178
33 181
33 186
33 187
33 189
33 190
33 194
33 204
33 206
33 217
33 218
33 221
33 226
33 228
33 229
33 239
33 244
33 246
33 247
33 258
33 262
33 265
33 267
33 268
33 270
33 273
33 274
33 275
33 278
33 280
33 283
33 289
33 293
34 38
34 40
34 41
34 44
34 46
34 48
34 51
34 55
34 65
34 68
34 71
34 75
34 78
34 82
34 83
34 85
34 92
34 93
34 97
34 98
34 102
34 104
34 105
34 106
34 109
34 110
34 112
34 116
34 119
34 120
34 124
34 126
34 128
34 137
34 140
34 141
34 147
34 152
34 155
34 160
34 162
34 163
34 168
34 170
34 171
34 176
34 180
34 182
34 186
34 189
34 190
34 192
34 194
34 197
34 204
34 214
34 220
34 221
34 229
34 230
34 231
34 233
34 252
34 272
34 274
34 275
34 276
34 278
34 281
34 284
34 297
35 39
35 40
35 41
35 43
35 44
35 49
35 51
35 55
35 58
35 69
35 73
35 79
35 85
35 88
35 91
35 92
35 96
35 98
35 99
35 101
35 102
35 103
35 104
35 106
35 109
35 119
35 120
35 135
35 136
35 140
35 141
35 145
35 146
35 147
35 149
35 152
35 153
35 158
35 163
35 166
35 168
35 171
35 174
35 176
35 183
35 185
35 186
35 188
35 190
35 192
35 194
35 196
35 202
35 206
35 208
35 215
35 217
35 219
35 222
35 223
35 226
35 235
35 236
35 241
35 243
35 244
35 255
35 257
35 259
35 261
35 262
35 269
35 271
35 272
35 273
35 274
35 277
35 278
35 283
35 284
35 286
35 291
35 293
35 296
36 41
36 44
36 45
36 52
36 54
36 60
36 63
36 64
36 65
36 67
36 69
36 72
36 75
36 77
36 81
36 82
36 90
36 94
36 96
36 97
36 99
36 100
36 105
36 107
36 109
36 110
36 111
36 115
36 124
36 127
36 129
36 138
36 143
36 146
36 147
36 149
36 150
36 159
36 160
36 162
36 169
36 171
36 173
36 174
36 179
36 183
36 186
36 190
36 191
36 195
36 196
36 197
36 198
36 200
36 201
36 204
36 210
36 215
36 217
36 220
36 225
36 229
36 237
36 247
36 250
36 256
36 259
36 263
36 267
36 271
36 273
36 278
36 279
36 280
36 282
36 287
36 289
36 291
36 292
36 295
36 296
37 38
37 39
37 40
37 41
37 42
37 44
37 46
37 47
37 50
37 51
37 65
37 66
37 70
37 87
37 91
37 95
37 97
37 99
37 100
37 101
37 102
37 104
37 105
37 106
37 109
37 112
37 113
37 118
37 121
37 122
37 125
37 126
37 131
37 132
37 134
37 143
37 148
37 152
37 154
37 156
37 158
37 160
37 162
37 164
37 165
37 169
37 174
37 176
37 183
37 190
37 191
37 192
37 194
37 201
37 202
37 205
37 208
37 212
37 213
37 214
37 220
37 224
37 227
37 228
37 229
37 236
37 238
37 242
37 250
37 255
37 258
37 264
37 265
37 271
37 276
37 277
37 278
37 282
37 284
37 287
37 295
37 297
38 40
38 41
38 43
38 45
38 51
38 59
38 65
38 66
38 67
38 73
38 76
38 80
38 86
38 92
38 95
38 98
38 99
38 100
38 116
38 118
38 119
38 120
38 121
38 122
38 123
38 129
38 130
38 132
38 133
38 138
38 149
38 151
38 154
38 156
38 170
38 175
38 177
38 180
38 181
38 188
38 189
38 191
38 192
38 193
38 198
38 199
38 201
38 208
38 215
38 219
38 222
38 223
38 226
38 229
38 230
38 231
38 242
38 244
38 245
38 248
38 250
38 252
38 253
38 256
38 258
38 263
38 265
38 268
38 269
38 271
38 281
38 282
38 284
38 288
38 291
38 293
38 295
38 299
39 40
39 41
39 42
39 45
39 49
39 53
39 54
39 57
39 58
39 59
39 61
39 63
39 66
39 68
39 73
39 75
39 78
39 84
39 87
39 95
39 97
39 99
39 101
39 103
39 106
39 110
39 111
39 112
39 115
39 117
39 119
39 120
39 122
39 132
39 135
39 136
39 138
39 140
39 148
39 150
39 154
39 156
39 162
39 164
39 167
39 168
39 171
39 173
39 177
39 178
39 180
39 181
39 189
39 193
39 194
39 197
39 206
39 207
39 210
39 211
39 215
39 216
39 220
39 223
39 225
39 226
39 232
39 236
39 237
39 238
39 239
39 240
39 242
39 243
39 245
39 246
39 247
39 250
39 253
39 256
39 257
39 259
39 264
39 265
39 266
39 269
39 270
39 275
39 282
39 283
39 285
39 286
39 287
39 290
39 291
39 293
39 294
39 297
40 41
40 42
40 45
40 55
40 57
40 59
40 61
40 72
40 75
40 81
40 82
40 93
40 97
40 99
40 100
40 104
40 105
40 106
40 112
40 114
40 116
40 125
40 126
40 128
40 131
40 132
40 135
40 136
40 137
40 139
40 140
40 143
40 148
40 149
40 151
40 154
40 158
40 161
40 163
40 164
40 175
40 177
40 178
40 181
40 183
40 184
40 187
40 188
40 195
40 197
40 201
40 203
40 212
40 217
40 223
40 226
40 227
40 231
40 239
40 244
40 248
40 250
40 252
40 254
40 256
40 260
40 262
40 263
40 264
40 266
40 271
40 272
40 273
40 275
40 277
40 281
40 282
40 283
40 288
40 289
40 298
40 299
41 42
41 45
41 48
41 50
41 52
41 56
41 62
41 81
41 83
41 84
41 85
41 86
41 87
41 89
41 93
41 95
41 97
41 98
41 102
41 104
41 105
41 109
41 113
41 114
41 118
41 121
41 122
41 123
41 127
41 128
41 133
41 134
41 141
41 142
41 143
41 147
41 150
41 154
41 155
41 160
41 168
41 176
41 183
41 186
41 194
41 199
41 203
41 207
41 210
41 213
41 216
41 217
41 218
41 222
41 224
41 229
41 231
41 232
41 233
41 237
41 240
41 245
41 247
41 248
41 255
41 257
41 260
41 261
41 263
41 264
41 265
41 269
41 271
41 273
41 274
41 275
41 279
41 280
41 283
41 289
41 293
41 295
41 297
41 298
42 43
42 47
42 49
42 50
42 51
42 60
42 74
42 76
42 77
42 84
42 85
42 94
42 105
42 106
42 111
42 112
42 113
42 116
42 119
42 121
42 125
42 126
42 134
42 137
42 140
42 141
42 148
42 152
42 153
42 156
42 159
42 167
42 168
42 170
42 172
42 174
42 176
42 179
42 182
42 185
42 187
42 188
42 189
42 191
42 195
42 196
42 198
42 201
42 207
42 209
42 222
42 225
42 229
42 230
42 233
42 237
42 246
42 247
42 249
42 250
42 259
42 268
42 273
42 287
42 289
42 290
43 51
43 53
43 54
43 55
43 56
43 57
43 58
43 68
43 74
43 77
43 80
43 84
43 89
43 103
43 109
43 110
43 115
43 116
43 118
43 122
43 124
43 129
43 130
43 133
43 134
43 136
43 138
43 140
43 141
43 146
43 151
43 157
43 159
43 166
43 170
43 172
43 175
43 176
43 182
43 183
43 184
43 187
43 188
43 190
43 191
43 194
43 195
43 196
43 200
43 202
43 205
43 207
43 213
43 217
43 218
43 224
43 225
43 228
43 229
43 232
43 234
43 241
43 249
43 250
43 255
43 256
43 257
43 258
43 262
43 264
43 267
43 268
43 269
43 272
43 273
43 279
43 281
43 283
43 290
43 295
43 299
44 46
44 48
44 52
44 53
44 56
44 57
44 61
44 68
44 71
44 74
44 82
44 85
44 89
44 100
44 106
44 107
44 111
44 112
44 113
44 115
44 117
44 121
44 124
44 126
44 129
44 130
44 135
44 136
44 139
44 143
44 144
44 148
44 151
44 154
44 157
44 159
44 164
44 174
44 181
44 187
44 191
44 196
44 197
44 205
44 208
44 210
44 212
44 217
44 220
44 222
44 226
44 227
44 236
44 244
44 245
44 248
44 250
44 252
44 253
44 254
44 257
44 260
44 262
44 263
44 268
44 273
44 276
44 281
44 282
44 285
44 286
44 287
44 291
44 292
44 297
44 298
45 46
45 49
45 51
45 52
45 57
45 61
45 66
45 68
45 72
45 76
45 77
45 80
45 85
45 89
45 90
45 92
45 93
45 94
45 96
45 98
45 100
45 110
45 113
45 114
45 115
45 117
45 125
45 128
45 129
45 130
45 140
45 145
45 155
45 161
45 163
45 167
45 170
45 172
45 173
45 178
45 181
45 186
45 187
45 188
45 190
45 191
45 193
45 204
45 207
45 209
45 212
45 213
45 214
45 226
45 230
45 233
45 234
45 235
45 236
45 239
45 242
45 245
45 249
45 250
45 256
45 257
45 260
45 261
45 265
45 266
45 268
45 272
45 275
45 283
45 285
45 286
45 291
45 293
46 50
46 51
46 52
46 53
46 57
46 59
46 63
46 66
46 69
46 70
46 71
46 79
46 81
46 82
46 83
46 87
46 88
46 91
46 92
46 95
46 100
46 102
46 104
46 105
46 118
46 128
46 130
46 134
46 135
46 137
46 145
46 149
46 156
46 157
46 164
46 167
46 168
46 171
46 173
46 175
46 176
46 183
46 186
46 187
46 188
46 189
46 192
46 204
46 206
46 210
46 212
46 213
46 214
46 217
46 220
46 224
46 225
46 230
46 235
46 240
46 246
46 252
46 254
46 257
46 270
46 271
46 278
46 290
46 292
46 295
46 296
46 297
46 298
47 48
47 54
47 58
47 59
47 65
47 67
47 70
47 71
47 75
47 79
47 81
47 86
47 87
47 90
47 92
47 96
47 97
47 101
47 107
47 108
47 117
47 119
47 123
47 125
47 130
47 132
47 136
47 139
47 140
47 142
47 147
47 152
47 153
47 157
47 160
47 162
47 164
47 168
47 169
47 170
47 172
47 176
47 177
47 178
47 179
47 182
47 185
47 189
47 193
47 199
47 200
47 201
47 204
47 206
47 208
47 209
47 210
47 212
47 214
47 215
47 217
47 221
47 227
47 237
47 242
47 243
47 244
47 245
47 248
47 249
47 253
47 257
47 258
47 261
47 263
47 273
47 276
47 283
47 285
47 290
47 291
47 294
47 296
48 49
48 51
48 53
48 61
48 67
48 71
48 73
48 76
48 77
48 80
48 81
48 83
48 88
48 92
48 95
48 96
48 97
48 102
48 106
48 110
48 111
48 118
48 120
48 123
48 126
48 129
48 138
48 140
48 141
48 143
48 158
48 161
48 162
48 165
48 168
48 171
48 172
48 174
48 176
48 180
48 181
48 184
48 187
48 191
48 192
48 198
48 199
48 202
48 203
48 208
48 213
48 222
48 224
48 228
48 230
48 231
48 234
48 235
48 237
48 245
48 248
48 252
48 253
48 255
48 261
48 262
48 265
48 270
48 274
48 276
48 277
48 296
48 297
48 299
49 54
49 56
49 62
49 63
49 64
49 65
49 67
49 69
49 70
49 76
49 79
49 82
49 83
49 91
49 94
49 103
49 104
49 106
49 111
49 112
49 113
49 114
49 115
49 117
49 119
49 127
49 129
49 133
49 135
49 137
49 142
49 148
49 153
49 157
49 170
49 176
49 179
49 193
49 194
49 197
49 199
49 201
49 203
49 206
49 213
49 215
49 216
49 218
49 221
49 222
49 227
49 228
49 230
49 233
49 241
49 242
49 245
49 248
49 250
49 255
49 257
49 263
49 265
49 271
49 273
49 275
49 276
49 283
49 285
49 287
49 294
50 51
50 52
50 59
50 60
50 62
50 69
50 73
50 75
50 76
50 83
50 84
50 86
50 90
50 91
50 94
50 98
50 103
50 104
50 106
50 107
50 118
50 120
50 122
50 127
50 132
50 140
50 147
50 148
50 156
50 159
50 163
50 168
50 169
50 173
50 175
50 178
50 184
50 186
50 187
50 190
50 199
50 202
50 205
50 211
50 219
50 223
50 225
50 226
50 231
50 234
50 236
50 237
50 239
50 244
50 249
50 258
50 259
50 263
50 266
50 268
50 270
50 271
50 275
50 276
50 279
50 280
50 290
50 291
50 292
50 293
50 295
50 297
50 299
51 55
51 57
51 62
51 63
51 66
51 70
51 73
51 76
51 79
51 81
51 87
51 89
51 92
51 95
51 100
51 103
51 106
51 108
51 112
51 113
51 117
51 123
51 125
51 126
51 133
51 134
51 147
51 151
51 152
51 153
51 156
51 167
51 169
51 179
51 188
51 192
51 196
51 203
51 204
51 207
51 211
51 215
51 217
51 219
51 222
51 223
51 228
51 236
51 237
51 239
51 250
51 257
51 258
51 261
51 262
51 264
51 267
51 269
51 270
51 273
51 277
51 278
51 280
51 281
51 282
51 294
51 297
51 299
52 54
52 60
52 61
52 62
52 66
52 68
52 71
52 73
52 75
52 76
52 78
52 83
52 84
52 86
52 95
52 101
52 102
52 103
52 104
52 105
52 109
52 110
52 111
52 112
52 114
52 122
52 127
52 130
52 133
52 134
52 135
52 140
52 142
52 144
52 145
52 148
52 151
52 152
52 154
52 159
52 161
52 167
52 168
52 169
52 177
52 182
52 185
52 186
52 193
52 195
52 199
52 203
52 211
52 214
52 217
52 221
52 224
52 229
52 238
52 239
52 242
52 250
52 255
52 256
52 259
52 263
52 264
52 268
52 272
52 274
52 280
52 287
52 298
52 299
53 54
53 55
53 58
53 62
53 63
53 66
53 67
53 70
53 79
53 83
53 84
53 88
53 95
53 96
53 114
53 115
53 118
53 121
53 123
53 126
53 130
53 136
53 138
53 139
53 150
53 153
53 156
53 161
53 162
53 163
53 167
53 169
53 170
53 171
53 172
53 178
53 179
53 188
53 202
53 204
53 206
53 209
53 212
53 214
53 216
53 224
53 225
53 229
53 231
53 235
53 239
53 242
53 245
53 247
53 250
53 256
53 262
53 263
53 268
53 273
53 274
53 275
53 280
53 282
53 283
53 290
53 291
53 293
54 58
54 62
54 68
54 69
54 70
54 74
54 75
54 76
54 86
54 88
54 92
54 95
54 101
54 103
54 106
54 108
54 109
54 110
54 111
54 112
54 119
54 120
54 123
54 124
54 127
54 134
54 136
54 138
54 140
54 141
54 144
54 152
54 153
54 163
54 168
54 171
54 172
54 173
54 177
54 178
54 179
54 183
54 184
54 185
54 194
54 195
54 197
54 198
54 203
54 205
54 209
54 210
54 211
54 216
54 217
54 223
54 228
54 229
54 230
54 234
54 236
54 239
54 243
54 244
54 247
54 248
54 255
54 256
54 258
54 259
54 267
54 269
54 271
54 272
54 273
54 274
54 277
54 282
54 284
54 286
54 287
54 290
54 293
54 294
54 295
55 56
55 58
55 61
55 63
55 65
55 67
55 69
55 77
55 78
55 79
55 82
55 83
55 84
55 85
55 98
55 102
55 103
55 108
55 109
55 113
55 114
55 116
55 119
55 125
55 126
55 129
55 130
55 134
55 139
55 143
55 145
55 146
55 158
55 162
55 164
55 169
55 172
55 173
55 174
55 176
55 182
55 185
55 190
55 191
55 194
55 195
55 200
55 205
55 212
55 214
55 218
55 221
55 222
55 224
55 225
55 230
55 232
55 236
55 238
55 240
55 243
55 245
55 252
55 254
55 256
55 257
55 262
55 266
55 268
55 269
55 280
55 281
55 282
55 290
55 293
55 294
55 298
56 57
56 58
56 61
56 63
56 65
56 67
56 70
56 72
56 84
56 88
56 89
56 90
56 91
56 95
56 98
56 99
56 101
56 105
56 108
56 112
56 113
56 116
56 118
56 122
56 125
56 127
56 128
56 129
56 131
56 138
56 143
56 148
56 153
56 154
56 156
56 157
56 158
56 160
56 161
56 163
56 169
56 172
56 174
56 179
56 183
56 198
56 201
56 204
56 207
56 216
56 218
56 219
56 220
56 221
56 223
56 232
56 235
56 238
56 239
56 242
56 245
56 247
56 248
56 249
56 253
56 262
56 263
56 265
56 268
56 269
56 274
56 275
56 277
56 278
56 283
56 287
56 291
56 292
56 293
56 296
56 299
57 60
57 62
57 64
57 65
57 68
57 75
57 76
57 77
57 80
57 81
57 84
57 90
57 91
57 93
57 95
57 96
57 103
57 104
57 107
57 111
57 118
57 119
57 120
57 121
57 124
57 126
57 128
57 133
57 139
57 142
57 146
57 154
57 155
57 157
57 159
57 164
57 165
57 169
57 180
57 182
57 183
57 186
57 187
57 188
57 190
57 191
57 195
57 196
57 198
57 199
57 201
57 202
57 207
57 211
57 215
57 220
57 222
57 223
57 224
57 225
57 226
57 227
57 231
57 232
57 236
57 237
57 238
57 240
57 247
57 251
57 253
57 258
57 260
57 263
57 266
57 269
57 271
57 274
57 279
57 281
57 282
57 285
57 286
57 293
58 59
58 60
58 62
58 63
58 65
58 67
58 69
58 72
58 80
58 87
58 97
58 101
58 102
58 103
58 104
58 108
58 114
58 116
58 119
58 120
58 123
58 128
58 129
58 136
58 138
58 143
58 152
58 154
58 155
58 159
58 164
58 165
58 166
58 171
58 172
58 173
58 174
58 175
58 178
58 179
58 182
58 183
58 188
58 192
58 193
58 194
58 195
58 197
58 203
58 209
58 211
58 214
58 216
58 220
58 222
58 225
58 227
58 230
58 238
58 248
58 252
58 253
58 256
58 261
58 265
58 266
58 267
58 279
58 284
58 287
58 288
58 290
58 291
58 292
58 294
58 296
58 299
59 61
59 63
59 70
59 73
59 74
59 75
59 78
59 81
59 84
59 87
59 93
59 99
59 101
59 106
59 108
59 112
59 113
59 115
59 118
59 126
59 136
59 139
59 140
59 141
59 149
59 150
59 151
59 154
59 157
59 162
59 163
59 169
59 173
59 175
59 181
59 188
59 190
59 191
59 198
59 202
59 207
59 213
59 216
59 217
59 229
59 231
59 234
59 237
59 243
59 249
59 251
59 257
59 261
59 262
59 264
59 268
59 272
59 273
59 274
59 275
59 280
59 284
59 295
59 299
60 70
60 73
60 81
60 82
60 88
60 90
60 96
60 100
60 112
60 116
60 130
60 134
60 135
60 136
60 139
60 141
60 153
60 161
60 163
60 165
60 167
60 173
60 177
60 180
60 183
60 188
60 189
60 191
60 192
60 193
60 194
60 199
60 208
60 209
60 210
60 211
60 214
60 217
60 218
60 222
60 227
60 233
60 235
60 238
60 240
60 243
60 245
60 247
60 250
60 251
60 252
60 254
60 259
60 262
60 269
60 270
60 272
60 274
60 276
60 278
60 281
60 284
60 288
60 289
60 290
60 292
60 294
60 298
61 63
61 65
61 70
61 71
61 75
61 76
61 77
61 78
61 80
61 96
61 97
61 101
61 105
61 113
61 115
61 118
61 125
61 126
61 131
61 134
61 138
61 139
61 146
61 151
61 152
61 154
61 156
61 165
61 166
61 172
61 182
61 183
61 189
61 192
61 197
61 198
61 200
61 206
61 207
61 214
61 217
61 223
61 224
61 225
61 226
61 228
61 229
61 230
61 234
61 235
61 242
61 246
61 249
61 250
61 260
61 261
61 263
61 267
61 268
61 272
61 276
61 277
61 278
61 281
61 283
61 288
61 290
61 295
62 65
62 67
62 68
62 71
62 73
62 82
62 84
62 87
62 94
62 95
62 99
62 101
62 104
62 106
62 109
62 111
62 112
62 114
62 121
62 126
62 128
62 130
62 155
62 156
62 157
62 168
62 169
62 171
62 175
62 179
62 180
62 188
62 189
62 190
62 192
62 198
62 201
62 204
62 208
62 209
62 214
62 216
62 219
62 220
62 224
62 230
62 231
62 232
62 233
62 239
62 243
62 249
62 251
62 257
62 261
62 267
62 269
62 270
62 271
62 273
62 278
62 283
62 289
62 290
62 296
62 298
62 299
63 66
63 67
63 69
63 70
63 75
63 76
63 80
63 81
63 82
63 88
63 93
63 94
63 96
63 100
63 101
63 103
63 108
63 112
63 115
63 128
63 134
63 136
63 138
63 145
63 149
63 153
63 159
63 165
63 167
63 168
63 171
63 178
63 180
63 181
63 189
63 190
63 196
63 201
63 211
63 214
63 218
63 220
63 222
63 227
63 233
63 237
63 238
63 243
63 244
63 250
63 251
63 252
63 253
63 254
63 255
63 257
63 259
63 260
63 264
63 266
63 270
63 272
63 274
63 278
63 280
63 281
63 284
63 295
63 299
64 67
64 70
64 71
64 77
64 80
64 81
64 93
64 95
64 96
64 110
64 112
64 113
64 115
64 118
64 119
64 120
64 122
64 123
64 124
64 125
64 126
64 129
64 132
64 133
64 134
64 136
64 138
64 146
64 147
64 148
64 150
64 153
64 154
64 155
64 161
64 178
64 180
64 182
64 185
64 186
64 189
64 190
64 192
64 195
64 198
64 203
64 205
64 210
64 216
64 221
64 223
64 226
64 231
64 233
64 235
64 236
64 238
64 239
64 244
64 246
64 248
64 250
64 251
64 252
64 253
64 257
64 263
64 265
64 273
64 279
64 287
64 288
64 295
64 297
65 70
65 72
65 76
65 78
65 79
65 81
65 82
65 84
65 88
65 93
65 96
65 100
65 102
65 103
65 104
65 106
65 107
65 124
65 125
65 127
65 130
65 131
65 135
65 139
65 148
65 150
65 151
65 153
65 155
65 157
65 160
65 163
65 164
65 167
65 168
65 170
65 176
65 178
65 179
65 180
65 181
65 184
65 187
65 195
65 196
65 197
65 207
65 210
65 211
65 213
65 217
65 220
65 223
65 224
65 228
65 230
65 231
65 233
65 236
65 240
65 241
65 242
65 243
65 248
65 250
65 255
65 258
65 259
65 262
65 264
65 266
65 268
65 270
65 278
65 281
65 287
65 288
65 292
65 295
65 297
66 68
66 73
66 81
66 82
66 88
66 89
66 90
66 93
66 100
66 108
66 111
66 113
66 118
66 122
66 123
66 126
66 130
66 132
66 138
66 141
66 143
66 145
66 149
66 152
66 154
66 155
66 157
66 159
66 160
66 163
66 167
66 168
66 169
66 173
66 174
66 176
66 180
66 181
66 188
66 189
66 195
66 196
66 200
66 203
66 205
66 206
66 208
66 219
66 227
66 228
66 236
66 237
66 240
66 241
66 243
66 246
66 250
66 255
66 258
66 259
66 264
66 265
66 268
66 269
66 271
66 272
66 276
66 277
66 278
66 279
66 284
66 297
66 298
66 299
67 70
67 76
67 79
67 83
67 88
67 96
67 98
67 104
67 110
67 111
67 115
67 116
67 118
67 121
67 125
67 133
67 134
67 137
67 140
67 144
67 149
67 153
67 159
67 160
67 166
67 170
67 172
67 174
67 176
67 186
67 188
67 189
67 191
67 194
67 195
67 196
67 201
67 204
67 207
67 212
67 217
67 223
67 227
67 229
67 230
67 233
67 235
67 243
67 249
67 254
67 257
67 269
67 279
67 286
67 291
67 297
68 72
68 76
68 84
68 92
68 96
68 101
68 106
68 110
68 113
68 114
68 115
68 116
68 117
68 121
68 122
68 123
68 127
68 129
68 130
68 132
68 139
68 140
68 141
68 147
68 149
68 151
68 152
68 153
68 155
68 157
68 158
68 160
68 161
68 174
68 176
68 178
68 182
68 185
68 186
68 192
68 193
68 198
68 202
68 204
68 210
68 211
68 212
68 213
68 214
68 215
68 216
68 218
68 221
68 222
68 226
68 229
68 239
68 241
68 244
68 245
68 246
68 250
68 251
68 254
68 258
68 271
68 278
68 279
68 280
68 284
68 286
68 287
68 290
68 294
68 295
68 297
68 298
69 70
69 71
69 75
69 76
69 77
69 78
69 80
69 81
69 86
69 88
69 89
69 90
69 93
69 95
69 99
69 100
69 113
69 114
69 115
69 116
69 119
69 124
69 128
69 129
69 134
69 135
69 138
69 140
69 144
69 148
69 151
69 159
69 168
69 172
69 173
69 174
69 175
69 177
69 185
69 186
69 189
69 191
69 192
69 196
69 197
69 199
69 204
69 207
69 215
69 216
69 219
69 220
69 221
69 225
69 227
69 229
69 232
69 236
69 240
69 242
69 243
69 248
69 255
69 257
69 258
69 263
69 264
69 269
69 274
69 276
69 280
69 283
69 285
69 290
69 291
69 294
69 296
69 298
69 299
70 71
70 76
70 77
70 79
70 80
70 82
70 90
70 93
70 96
70 100
70 102
70 105
70 109
70 110
70 111
70 116
70 119
70 133
70 139
70 141
70 142
70 143
70 146
70 147
70 150
70 152
70 154
70 159
70 162
70 164
70 166
70 169
70 171
70 172
70 176
70 179
70 180
70 181
70 182
70 183
70 184
70 185
70 187
70 188
70 191
70 195
70 198
70 200
70 214
70 219
70 220
70 225
70 227
70 238
70 239
70 240
70 241
70 242
70 244
70 253
70 260
70 261
70 262
70 264
70 266
70 271
70 280
70 282
70 284
70 286
70 287
70 288
70 289
70 293
71 79
71 87
71 90
71 93
71 95
71 98
71 102
71 104
71 111
71 113
71 115
71 116
71 126
71 127
71 128
71 129
71 131
71 134
71 136
71 141
71 142
71 146
71 148
71 156
71 161
71 164
71 175
71 178
71 182
71 183
71 184
71 188
71 198
71 202
71 203
71 207
71 217
71 221
71 225
71 226
71 229
71 230
71 235
71 236
71 238
71 239
71 241
71 244
71 245
71 248
71 268
71 269
71 273
71 274
71 275
71 279
71 290
71 291
71 292
71 298
72 73
72 75
72 76
72 79
72 88
72 89
72 90
72 95
72 96
72 100
72 102
72 109
72 111
72 123
72 128
72 135
72 136
72 137
72 138
72 139
72 141
72 142
72 154
72 157
72 159
72 162
72 164
72 166
72 168
72 172
72 175
72 180
72 182
72 187
72 188
72 192
72 196
72 200
72 201
72 202
72 203
72 205
72 206
72 207
72 208
72 210
72 211
72 216
72 218
72 222
72 224
72 225
72 232
72 233
72 235
72 237
72 241
72 245
72 249
72 251
72 252
72 259
72 261
72 264
72 282
72 288
72 289
72 298
72 299
73 76
73 80
73 85
73 86
73 91
73 95
73 99
73 100
73 101
73 105
73 107
73 109
73 110
73 115
73 119
73 123
73 127
73 128
73 132
73 135
73 137
73 139
73 141
73 144
73 155
73 158
73 159
73 168
73 172
73 174
73 176
73 185
73 189
73 190
73 196
73 209
73 210
73 214
73 216
73 217
73 218
73 222
73 226
73 230
73 233
73 236
73 239
73 240
73 241
73 243
73 244
73 245
73 248
73 250
73 260
73 262
73 264
73 265
73 270
73 271
73 277
73 279
73 283
73 284
73 290
73 293
73 296
73 299
74 77
74 87
74 89
74 91
74 94
74 96
74 98
74 100
74 101
74 102
74 103
74 104
74 110
74 111
74 112
74 113
74 114
74 116
74 119
74 120
74 122
74 125
74 135
74 136
74 137
74 138
74 140
74 141
74 142
74 149
74 150
74 152
74 153
74 154
74 156
74 157
74 167
74 175
74 176
74 181
74 183
74 187
74 189
74 190
74 195
74 207
74 208
74 218
74 221
74 225
74 226
74 228
74 229
74 232
74 238
74 244
74 245
74 246
74 252
74 255
74 260
74 263
74 268
74 270
74 272
74 273
74 274
74 275
74 288
74 294
74 296
75 78
75 80
75 86
75 89
75 91
75 92
75 93
75 97
75 99
75 100
75 104
75 110
75 111
75 114
75 117
75 120
75 125
75 127
75 132
75 135
75 142
75 153
75 154
75 155
75 157
75 162
75 168
75 172
75 174
75 183
75 194
75 195
75 197
75 200
75 205
75 208
75 211
75 216
75 222
75 223
75 226
75 228
75 234
75 235
75 236
75 239
75 242
75 243
75 244
75 247
75 250
75 251
75 252
75 253
75 254
75 255
75 256
75 258
75 259
75 260
75 263
75 268
75 274
75 275
75 278
75 283
75 284
75 285
75 296
75 299
76 78
76 84
76 86
76 87
76 88
76 91
76 106
76 109
76 112
76 118
76 119
76 121
76 124
76 129
76 137
76 139
76 142
76 144
76 145
76 151
76 153
76 155
76 156
76 158
76 162
76 173
76 179
76 180
76 182
76 189
76 190
76 194
76 201
76 202
76 212
76 214
76 220
76 221
76 223
76 227
76 233
76 245
76 249
76 252
76 253
76 259
76 261
76 262
76 263
76 267
76 268
76 272
76 274
76 278
76 282
76 287
76 297
77 84
77 88
77 92
77 94
77 99
77 101
77 109
77 111
77 113
77 115
77 118
77 119
77 128
77 129
77 131
77 137
77 138
77 143
77 147
77 167
77 170
77 175
77 181
77 183
77 184
77 187
77 194
77 197
77 199
77 205
77 207
77 209
77 210
77 211
77 215
77 219
77 220
77 222
77 223
77 224
77 232
77 233
77 234
77 239
77 240
77 243
77 244
77 255
77 257
77 259
77 260
77 264
77 265
77 266
77 271
77 273
77 279
77 281
77 283
77 288
77 291
77 295
78 80
78 86
78 90
78 91
78 95
78 102
78 103
78 110
78 118
78 123
78 126
78 128
78 130
78 136
78 139
78 142
78 152
78 154
78 155
78 161
78 162
78 163
78 165
78 166
78 167
78 170
78 171
78 173
78 177
78 178
78 180
78 182
78 191
78 192
78 193
78 195
78 206
78 209
78 213
78 217
78 220
78 221
78 231
78 232
78 235
78 238
78 241
78 245
78 246
78 247
78 248
78 264
78 265
78 271
78 275
78 283
78 287
78 292
78 299
79 82
79 85
79 86
79 91
79 103
79 107
79 111
79 112
79 114
79 118
79 120
79 121
79 124
79 132
79 133
79 136
79 138
79 142
79 149
79 150
79 152
79 159
79 161
79 164
79 169
79 170
79 171
79 178
79 182
79 185
79 186
79 187
79 188
79 191
79 193
79 194
79 195
79 203
79 204
79 208
79 211
79 222
79 227
79 233
79 234
79 238
79 253
79 254
79 259
79 263
79 265
79 268
79 271
79 272
79 273
79 275
79 278
79 282
79 285
79 286
79 287
79 290
79 292
79 293
79 296
80 83
80 85
80 93
80 97
80 103
80 107
80 112
80 114
80 119
80 128
80 130
80 132
80 137
80 142
80 143
80 147
80 149
80 152
80 155
80 156
80 158
80 159
80 160
80 164
80 170
80 171
80 172
80 173
80 176
80 177
80 178
80 184
80 189
80 190
80 191
80 192
80 205
80 209
80 212
80 223
80 236
80 243
80 245
80 246
80 249
80 250
80 251
80 254
80 258
80 260
80 265
80 271
80 273
80 274
80 275
80 276
80 282
80 283
80 285
80 286
80 290
80 293
80 294
80 298
81 84
81 86
81 88
81 91
81 92
81 94
81 99
81 100
81 102
81 103
81 104
81 105
81 109
81 120
81 122
81 125
81 126
81 133
81 134
81 139
81 140
81 141
81 143
81 147
81 149
81 150
81 152
81 153
81 155
81 160
81 161
81 163
81 165
81 166
81 168
81 170
81 176
81 177
81 178
81 180
81 182
81 186
81 187
81 191
81 192
81 195
81 197
81 198
81 204
81 206
81 211
81 214
81 215
81 216
81 219
81 224
81 228
81 231
81 232
81 233
81 234
81 235
81 238
81 243
81 246
81 249
81 250
81 257
81 261
81 263
81 269
81 270
81 273
81 274
81 276
81 277
81 282
81 285
81 287
81 289
81 293
81 295
81 297
82 85
82 92
82 94
82 99
82 101
82 105
82 108
82 109
82 115
82 117
82 119
82 120
82 121
82 124
82 126
82 129
82 130
82 131
82 133
82 134
82 138
82 142
82 147
82 148
82 151
82 153
82 154
82 160
82 161
82 168
82 169
82 172
82 173
82 175
82 183
82 185
82 189
82 191
82 195
82 201
82 202
82 205
82 206
82 208
82 210
82 213
82 216
82 217
82 220
82 225
82 226
82 228
82 230
82 235
82 236
82 241
82 243
82 252
82 258
82 260
82 261
82 262
82 263
82 264
82 265
82 268
82 270
82 271
82 273
82 277
82 279
82 281
82 282
82 284
82 285
82 287
82 290
82 292
82 295
82 298
83 84
83 89
83 91
83 92
83 94
83 96
83 97
83 98
83 101
83 106
83 108
83 109
83 110
83 114
83 116
83 118
83 122
83 123
83 124
83 126
83 127
83 128
83 132
83 134
83 137
83 138
83 139
83 140
83 142
83 146
83 147
83 153
83 154
83 155
83 157
83 160
83 163
83 166
83 167
83 169
83 170
83 176
83 180
83 183
83 185
83 187
83 188
83 190
83 193
83 194
83 198
83 200
83 202
83 207
83 209
83 211
83 215
83 223
83 225
83 227
83 228
83 231
83 238
83 241
83 243
83 244
83 245
83 248
83 249
83 252
83 254
83 256
83 263
83 268
83 270
83 272
83 275
83 277
83 278
83 280
83 287
83 289
83 293
83 298
84 85
84 88
84 90
84 95
84 100
84 106
84 111
84 114
84 121
84 122
84 123
84 125
84 127
84 128
84 130
84 131
84 136
84 141
84 142
84 145
84 146
84 147
84 152
84 153
84 156
84 157
84 158
84 160
84 161
84 163
84 164
84 176
84 178
84 180
84 182
84 184
84 185
84 188
84 189
84 191
84 192
84 194
84 199
84 202
84 203
84 205
84 206
84 210
84 211
84 212
84 221
84 223
84 224
84 234
84 235
84 238
84 239
84 248
84 256
84 257
84 265
84 266
84 267
84 268
84 273
84 276
84 278
84 284
84 285
84 286
84 288
84 289
84 295
84 298
84 299
85 89
85 92
85 94
85 96
85 97
85 99
85 100
85 105
85 111
85 116
85 118
85 119
85 126
85 136
85 137
85 139
85 140
85 142
85 143
85 147
85 151
85 158
85 160
85 162
85 163
85 166
85 168
85 169
85 172
85 178
85 179
85 188
85 189
85 190
85 195
85 199
85 201
85 208
85 210
85 211
85 218
85 221
85 222
85 224
85 227
85 229
85 230
85 235
85 240
85 241
85 243
85 244
85 250
85 251
85 258
85 259
85 264
85 270
85 271
85 275
85 276
85 280
85 281
85 288
85 293
85 299
86 88
86 89
86 95
86 97
86 100
86 102
86 103
86 105
86 107
86 108
86 110
86 111
86 118
86 119
86 121
86 122
86 128
86 136
86 137
86 147
86 155
86 156
86 157
86 163
86 172
86 174
86 176
86 180
86 182
86 185
86 186
86 191
86 194
86 201
86 202
86 209
86 211
86 212
86 214
86 216
86 222
86 223
86 225
86 227
86 230
86 231
86 234
86 236
86 241
86 243
86 244
86 247
86 250
86 252
86 256
86 257
86 260
86 262
86 263
86 274
86 276
86 280
86 283
86 287
86 288
86 289
86 295
86 298
86 299
87 89
87 92
87 94
87 96
87 101
87 103
87 105
87 108
87 109
87 113
87 114
87 118
87 122
87 123
87 124
87 125
87 128
87 130
87 134
87 138
87 139
87 141
87 148
87 150
87 153
87 156
87 159
87 164
87 169
87 171
87 172
87 175
87 176
87 178
87 185
87 193
87 202
87 204
87 206
87 208
87 211
87 224
87 226
87 237
87 240
87 243
87 246
87 250
87 252
87 254
87 255
87 258
87 261
87 266
87 273
87 280
87 281
87 282
87 284
87 286
87 290
87 292
87 294
87 296
87 297
88 91
88 95
88 97
88 98
88 104
88 109
88 110
88 114
88 115
88 117
88 122
88 124
88 125
88 127
88 128
88 130
88 131
88 137
88 138
88 139
88 140
88 147
88 151
88 153
88 154
88 158
88 159
88 168
88 170
88 174
88 179
88 182
88 188
88 190
88 191
88 193
88 194
88 196
88 198
88 201
88 204
88 206
88 207
88 208
88 213
88 217
88 219
88 220
88 221
88 223
88 225
88 226
88 228
88 236
88 237
88 240
88 244
88 247
88 248
88 253
88 258
88 261
88 265
88 266
88 269
88 270
88 271
88 272
88 273
88 275
88 280
88 282
88 283
88 286
88 293
88 295
88 298
89 93
89 97
89 98
89 99
89 101
89 105
89 109
89 110
89 116
89 119
89 127
89 131
89 133
89 139
89 141
89 145
89 148
89 149
89 150
89 151
89 152
89 153
89 157
89 158
89 162
89 163
89 165
89 170
89 171
89 177
89 183
89 194
89 199
89 208
89 212
89 217
89 221
89 222
89 228
89 230
89 232
89 248
89 267
89 268
89 277
89 278
89 279
89 281
89 283
89 291
89 297
90 91
90 96
90 98
90 103
90 104
90 105
90 107
90 109
90 115
90 120
90 124
90 125
90 126
90 130
90 135
90 138
90 139
90 147
90 151
90 165
90 167
90 171
90 173
90 175
90 180
90 187
90 192
90 194
90 196
90 200
90 205
90 206
90 208
90 211
90 213
90 214
90 220
90 221
90 226
90 228
90 233
90 234
90 235
90 237
90 238
90 240
90 242
90 244
90 251
90 255
90 260
90 270
90 271
90 272
90 280
90 282
90 283
90 287
90 288
90 293
91 92
91 95
91 99
91 104
91 107
91 109
91 112
91 115
91 118
91 119
91 133
91 139
91 142
91 144
91 147
91 151
91 153
91 154
91 155
91 160
91 161
91 165
91 168
91 172
91 174
91 176
91 181
91 188
91 191
91 194
91 199
91 200
91 205
91 209
91 211
91 212
91 215
91 220
91 227
91 229
91 230
91 231
91 233
91 234
91 238
91 242
91 245
91 249
91 250
91 254
91 255
91 256
91 261
91 263
91 270
91 273
91 276
91 291
91 294
92 94
92 98
92 99
92 115
92 118
92 120
92 121
92 125
92 127
92 138
92 146
92 148
92 158
92 161
92 164
92 165
92 171
92 181
92 188
92 192
92 193
92 194
92 213
92 214
92 219
92 224
92 227
92 229
92 232
92 236
92 240
92 243
92 245
92 247
92 249
92 251
92 253
92 254
92 256
92 257
92 261
92 262
92 263
92 265
92 266
92 269
92 271
92 276
92 281
92 282
92 283
92 287
92 291
92 293
93 101
93 104
93 106
93 107
93 110
93 124
93 126
93 128
93 129
93 133
93 138
93 144
93 151
93 153
93 155
93 157
93 158
93 161
93 171
93 172
93 175
93 176
93 179
93 194
93 195
93 196
93 197
93 198
93 199
93 202
93 209
93 212
93 218
93 221
93 224
93 226
93 228
93 236
93 240
93 243
93 248
93 250
93 255
93 259
93 261
93 266
93 267
93 268
93 270
93 271
93 275
93 277
93 278
93 291
93 293
93 294
94 95
94 97
94 99
94 106
94 113
94 120
94 121
94 122
94 123
94 127
94 128
94 132
94 133
94 135
94 139
94 142
94 143
94 147
94 150
94 151
94 154
94 163
94 167
94 170
94 172
94 176
94 183
94 186
94 187
94 189
94 199
94 214
94 218
94 219
94 222
94 225
94 231
94 233
94 234
94 240
94 245
94 246
94 253
94 256
94 258
94 259
94 261
94 269
94 270
94 271
94 283
94 288
94 290
94 293
94 294
94 299
95 100
95 101
95 103
95 104
95 109
95 114
95 115
95 117
95 118
95 119
95 120
95 123
95 124
95 128
95 135
95 136
95 138
95 144
95 147
95 151
95 153
95 156
95 157
95 161
95 162
95 166
95 170
95 171
95 173
95 175
95 177
95 182
95 183
95 184
95 185
95 192
95 194
95 198
95 200
95 202
95 206
95 214
95 215
95 228
95 230
95 236
95 239
95 244
95 245
95 248
95 252
95 253
95 254
95 267
95 269
95 271
95 277
95 283
95 286
95 289
95 296
96 102
96 103
96 105
96 109
96 114
96 116
96 117
96 122
96 125
96 129
96 133
96 136
96 137
96 141
96 142
96 144
96 149
96 160
96 161
96 162
96 168
96 176
96 177
96 178
96 180
96 183
96 185
96 186
96 187
96 191
96 192
96 193
96 196
96 202
96 203
96 204
96 206
96 209
96 210
96 216
96 217
96 218
96 219
96 225
96 231
96 233
96 235
96 239
96 241
96 245
96 249
96 250
96 254
96 255
96 257
96 261
96 263
96 264
96 265
96 271
96 277
96 278
96 287
96 292
96 299
97 98
97 101
97 109
97 111
97 112
97 114
97 121
97 129
97 136
97 142
97 143
97 144
97 155
97 159
97 163
97 174
97 178
97 180
97 182
97 185
97 186
97 188
97 190
97 192
97 198
97 201
97 203
97 204
97 214
97 220
97 221
97 226
97 227
97 229
97 235
97 237
97 242
97 243
97 244
97 247
97 251
97 255
97 262
97 268
97 271
97 274
97 275
97 276
97 277
97 279
97 292
97 294
97 297
98 108
98 109
98 114
98 116
98 117
98 119
98 121
98 124
98 127
98 128
98 129
98 135
98 137
98 138
98 140
98 145
98 146
98 152
98 156
98 157
98 159
98 166
98 170
98 171
98 175
98 181
98 184
98 190
98 191
98 192
98 194
98 196
98 197
98 198
98 199
98 209
98 210
98 213
98 217
98 220
98 221
98 222
98 229
98 230
98 231
98 233
98 235
98 242
98 244
98 245
98 247
98 249
98 250
98 251
98 252
98 254
98 255
98 257
98 260
98 261
98 268
98 272
98 274
98 275
98 278
98 279
98 280
98 282
98 288
98 296
98 298
98 299
99 102
99 106
99 111
99 112
99 116
99 123
99 126
99 138
99 140
99 143
99 153
99 157
99 160
99 176
99 178
99 179
99 181
99 182
99 183
99 186
99 190
99 197
99 203
99 204
99 206
99 212
99 215
99 216
99 218
99 221
99 223
99 229
99 233
99 234
99 237
99 238
99 244
99 246
99 252
99 256
99 257
99 258
99 261
99 262
99 265
99 273
99 275
99 278
99 283
99 284
99 290
99 293
99 298
100 108
100 110
100 111
100 112
100 114
100 118
100 119
100 124
100 128
100 134
100 136
100 139
100 141
100 142
100 147
100 148
100 149
100 151
100 152
100 156
100 158
100 165
100 169
100 173
100 174
100 180
100 181
100 184
100 189
100 194
100 195
100 196
100 200
100 204
100 205
100 207
100 211
100 217
100 218
100 222
100 224
100 227
100 230
100 233
100 234
100 237
100 238
100 239
100 240
100 241
100 244
100 246
100 248
100 252
100 253
100 254
100 260
100 263
100 266
100 270
100 275
100 276
100 277
100 282
100 290
100 292
100 293
100 299
101 106
101 107
101 110
101 111
101 120
101 121
101 127
101 132
101 134
101 137
101 139
101 143
101 146
101 148
101 154
101 155
101 158
101 160
101 161
101 162
101 165
101 171
101 175
101 176
101 181
101 184
101 186
101 189
101 191
101 200
101 207
101 212
101 214
101 216
101 221
101 222
101 223
101 228
101 230
101 234
101 235
101 238
101 243
101 250
101 251
101 252
101 264
101 267
101 269
101 270
101 272
101 273
101 274
101 276
101 277
101 282
101 283
101 290
101 296
101 297
101 298
102 105
102 106
102 107
102 109
102 111
102 112
102 113
102 120
102 121
102 123
102 132
102 135
102 137
102 138
102 142
102 147
102 154
102 157
102 161
102 162
102 163
102 167
102 173
102 178
102 193
102 194
102 199
102 204
102 205
102 211
102 214
102 215
102 219
102 220
102 221
102 224
102 227
102 233
102 235
102 248
102 253
102 257
102 262
102 264
102 265
102 269
102 270
102 272
102 273
102 275
102 277
102 279
102 285
102 286
102 288
102 292
102 293
102 299
103 104
103 109
103 111
103 114
103 123
103 130
103 134
103 138
103 141
103 142
103 145
103 146
103 148
103 151
103 155
103 157
103 159
103 168
103 174
103 178
103 182
103 187
103 188
103 189
103 190
103 191
103 192
103 193
103 194
103 196
103 197
103 198
103 201
103 205
103 208
103 213
103 215
103 218
103 221
103 223
103 227
103 228
103 229
103 232
103 235
103 236
103 238
103 242
103 246
103 248
103 249
103 253
103 260
103 261
103 264
103 267
103 274
103 278
103 281
103 283
103 297
103 299
104 111
104 114
104 115
104 120
104 126
104 127
104 128
104 129
104 134
104 135
104 141
104 142
104 144
104 145
104 149
104 160
104 163
104 165
104 166
104 170
104 171
104 172
104 176
104 178
104 188
104 190
104 192
104 197
104 199
104 201
104 203
104 216
104 217
104 223
104 226
104 228
104 229
104 230
104 233
104 237
104 249
104 251
104 252
104 261
104 262
104 264
104 267
104 273
104 276
104 277
104 281
104 284
104 296
104 297
105 109
105 121
105 122
105 124
105 127
105 131
105 138
105 141
105 142
105 144
105 148
105 150
105 151
105 152
105 153
105 162
105 164
105 165
105 168
105 170
105 173
105 182
105 184
105 186
105 188
105 189
105 190
105 191
105 193
105 197
105 198
105 199
105 200
105 201
105 206
105 210
105 216
105 221
105 223
105 230
105 231
105 235
105 236
105 239
105 241
105 244
105 246
105 248
105 258
105 263
105 264
105 278
105 279
105 285
105 286
105 287
105 290
105 291
105 293
105 294
105 295
105 297
105 298
106 107
106 112
106 115
106 116
106 120
106 124
106 125
106 126
106 134
106 139
106 142
106 143
106 148
106 150
106 158
106 161
106 164
106 166
106 167
106 174
106 183
106 187
106 189
106 192
106 197
106 198
106 203
106 211
106 218
106 220
106 232
106 235
106 238
106 243
106 244
106 247
106 248
106 252
106 253
106 255
106 257
106 259
106 264
106 266
106 267
106 273
106 278
106 282
106 286
106 292
106 294
106 297
107 109
107 112
107 113
107 114
107 117
107 119
107 134
107 137
107 141
107 143
107 144
107 145
107 147
107 149
107 151
107 156
107 157
107 164
107 165
107 166
107 168
107 175
107 176
107 178
107 181
107 185
107 187
107 190
107 195
107 196
107 199
107 209
107 210
107 211
107 212
107 213
107 218
107 222
107 226
107 227
107 233
107 234
107 235
107 236
107 237
107 250
107 254
107 256
107 259
107 263
107 266
107 268
107 273
107 276
107 279
107 280
107 282
107 285
107 288
107 291
107 292
107 293
107 294
108 114
108 115
108 122
108 124
108 125
108 135
108 136
108 137
108 141
108 143
108 145
108 154
108 155
108 157
108 158
108 162
108 163
108 169
108 170
108 172
108 174
108 175
108 179
108 180
108 184
108 192
108 196
108 199
108 209
108 210
108 213
108 218
108 219
108 221
108 223
108 230
108 231
108 241
108 244
108 246
108 251
108 254
108 264
108 265
108 273
108 274
108 277
108 280
108 281
108 284
108 290
108 292
108 293
108 299
109 115
109 116
109 118
109 119
109 120
109 122
109 132
109 135
109 136
109 138
109 142
109 147
109 148
109 149
109 155
109 157
109 160
109 173
109 182
109 188
109 192
109 200
109 202
109 203
109 204
109 209
109 211
109 221
109 222
109 226
109 227
109 229
109 231
109 232
109 237
109 245
109 247
109 249
109 252
109 253
109 261
109 264
109 276
109 279
109 281
109 282
109 290
109 295
109 296
109 297
109 298
110 111
110 112
110 114
110 116
110 124
110 126
110 135
110 139
110 143
110 148
110 152
110 154
110 157
110 160
110 162
110 167
110 168
110 172
110 174
110 179
110 183
110 188
110 189
110 191
110 198
110 199
110 201
110 202
110 204
110 217
110 221
110 226
110 230
110 238
110 239
110 251
110 263
110 274
110 277
110 279
110 280
110 286
110 287
110 292
110 293
110 295
110 297
111 116
111 119
111 122
111 123
111 127
111 128
111 130
111 134
111 140
111 149
111 157
111 160
111 165
111 172
111 173
111 174
111 175
111 176
111 184
111 190
111 195
111 196
111 197
111 201
111 209
111 213
111 216
111 222
111 245
111 252
111 255
111 263
111 268
111 272
111 274
111 277
111 279
111 280
111 286
111 289
111 290
111 291
111 298
112 115
112 118
112 120
112 121
112 124
112 125
112 126
112 128
112 131
112 136
112 137
112 138
112 139
112 146
112 150
112 151
112 154
112 155
112 156
112 161
112 165
112 167
112 172
112 174
112 175
112 176
112 177
112 185
112 187
112 192
112 193
112 200
112 202
112 204
112 208
112 210
112 213
112 219
112 221
112 224
112 227
112 230
112 243
112 247
112 250
112 253
112 254
112 257
112 258
112 262
112 268
112 270
112 271
112 279
112 280
112 281
112 284
112 290
113 119
113 123
113 127
113 133
113 137
113 139
113 140
113 142
113 143
113 147
113 152
113 155
113 160
113 161
113 165
113 169
113 170
113 171
113 173
113 174
113 175
113 176
113 183
113 189
113 192
113 195
113 197
113 206
113 213
113 216
113 224
113 229
113 231
113 235
113 240
113 243
113 250
113 252
113 253
113 258
113 260
113 264
113 269
113 273
113 278
113 281
113 282
113 292
114 116
114 120
114 123
114 126
114 128
114 138
114 149
114 156
114 157
114 162
114 164
114 168
114 169
114 173
114 174
114 214
114 221
114 224
114 227
114 233
114 240
114 244
114 249
114 251
114 261
114 263
114 264
114 265
114 267
114 270
114 271
114 274
114 279
114 284
114 289
114 290
115 117
115 118
115 122
115 124
115 127
115 132
115 139
115 141
115 144
115 146
115 150
115 152
115 153
115 155
115 156
115 157
115 162
115 165
115 173
115 180
115 185
115 189
115 193
115 197
115 199
115 203
115 206
115 213
115 214
115 215
115 220
115 222
115 231
115 240
115 242
115 246
115 251
115 260
115 262
115 264
115 268
115 269
115 272
115 273
115 281
115 283
115 284
115 285
115 287
115 289
115 299
116 125
116 131
116 133
116 134
116 135
116 139
116 141
116 144
116 147
116 149
116 159
116 160
116 167
116 168
116 169
116 172
116 173
116 183
116 186
116 187
116 194
116 195
116 196
116 204
116 206
116 207
116 211
116 213
116 214
116 215
116 216
116 217
116 221
116 222
116 223
116 233
116 235
116 238
116 239
116 243
116 246
116 247
116 249
116 252
116 253
116 260
116 273
116 275
116 276
116 280
116 282
116 283
116 287
116 293
116 297
116 299
117 120
117 122
117 125
117 128
117 131
117 132
117 134
117 136
117 140
117 143
117 146
117 147
117 148
117 151
117 152
117 156
117 160
117 161
117 163
117 166
117 167
117 170
117 172
117 173
117 175
117 179
117 185
117 188
117 192
117 203
117 209
117 219
117 220
117 222
117 223
117 225
117 228
117 233
117 239
117 250
117 256
117 261
117 262
117 264
117 265
117 271
117 276
117 283
117 284
117 287
117 288
117 289
117 294
118 121
118 123
118 125
118 128
118 130
118 134
118 136
118 137
118 142
118 145
118 148
118 150
118 152
118 153
118 154
118 155
118 160
118 162
118 163
118 164
118 165
118 166
118 168
118 170
118 173
118 179
118 188
118 189
118 190
118 192
118 195
118 206
118 212
118 214
118 220
118 222
118 224
118 226
118 227
118 228
118 236
118 245
118 248
118 249
118 255
118 257
118 264
118 265
118 269
118 274
118 281
118 284
118 285
118 291
118 292
118 297
118 298
118 299
119 122
119 125
119 126
119 139
119 142
119 145
119 147
119 155
119 156
119 159
119 171
119 172
119 173
119 178
119 181
119 186
119 188
119 189
119 191
119 192
119 193
119 197
119 200
119 209
119 211
119 213
119 217
119 218
119 221
119 228
119 231
119 233
119 234
119 237
119 238
119 240
119 248
119 249
119 251
119 252
119 254
119 258
119 265
119 274
119 291
119 292
119 293
119 294
120 122
120 126
120 129
120 131
120 132
120 137
120 139
120 141
120 148
120 149
120 151
120 153
120 157
120 164
120 166
120 167
120 169
120 176
120 177
120 178
120 184
120 187
120 191
120 193
120 199
120 204
120 205
120 207
120 210
120 211
120 212
120 213
120 215
120 221
120 225
120 232
120 240
120 241
120 244
120 254
120 258
120 259
120 262
120 264
120 265
120 266
120 268
120 269
120 271
120 273
120 276
120 281
120 282
120 283
120 284
120 285
120 288
120 289
120 295
120 297
120 298
121 126
121 127
121 130
121 131
121 135
121 138
121 142
121 147
121 151
121 152
121 153
121 154
121 157
121 160
121 171
121 174
121 175
121 181
121 183
121 184
121 185
121 187
121 189
121 206
121 207
121 208
121 210
121 216
121 219
121 223
121 226
121 228
121 239
121 242
121 244
121 248
121 265
121 270
121 271
121 274
121 275
121 277
121 280
121 285
121 287
121 289
121 291
121 294
121 298
122 124
122 125
122 127
122 128
122 135
122 151
122 153
122 158
122 162
122 165
122 167
122 176
122 178
122 179
122 181
122 183
122 184
122 188
122 189
122 190
122 193
122 205
122 207
122 208
122 210
122 212
122 214
122 216
122 219
122 220
122 221
122 223
122 225
122 231
122 239
122 240
122 241
122 242
122 243
122 247
122 253
122 255
122 261
122 266
122 267
122 272
122 274
122 278
122 286
122 292
122 293
123 133
123 135
123 142
123 145
123 149
123 151
123 152
123 154
123 156
123 160
123 166
123 167
123 169
123 173
123 174
123 179
123 180
123 182
123 184
123 186
123 193
123 198
123 202
123 207
123 209
123 220
123 227
123 229
123 230
123 233
123 246
123 247
123 250
123 256
123 264
123 269
123 270
123 276
123 277
123 279
123 280
123 281
123 283
123 284
123 286
123 287
123 289
123 291
123 294
124 127
124 128
124 129
124 131
124 132
124 133
124 134
124 135
124 136
124 138
124 142
124 143
124 147
124 153
124 154
124 162
124 164
124 166
124 168
124 169
124 172
124 173
124 176
124 180
124 181
124 183
124 184
124 185
124 194
124 201
124 211
124 213
124 215
124 217
124 218
124 219
124 220
124 225
124 232
124 234
124 236
124 244
124 249
124 254
124 256
124 257
124 258
124 269
124 272
124 276
124 277
124 281
124 292
124 294
124 298
125 126
125 132
125 134
125 135
125 136
125 137
125 140
125 141
125 146
125 148
125 151
125 155
125 156
125 158
125 160
125 168
125 170
125 172
125 177
125 183
125 196
125 197
125 203
125 205
125 211
125 216
125 218
125 224
125 229
125 230
125 232
125 236
125 237
125 242
125 245
125 246
125 253
125 254
125 264
125 269
125 272
125 274
125 276
125 280
125 283
125 289
125 290
125 292
125 293
125 295
125 298
126 128
126 130
126 136
126 137
126 138
126 140
126 144
126 146
126 148
126 152
126 154
126 156
126 160
126 161
126 165
126 167
126 168
126 170
126 172
126 179
126 184
126 189
126 197
126 198
126 200
126 201
126 204
126 208
126 209
126 213
126 224
126 226
126 227
126 232
126 233
126 235
126 236
126 237
126 240
126 241
126 243
126 245
126 247
126 252
126 254
126 255
126 259
126 265
126 266
126 268
126 269
126 271
126 272
126 279
126 281
126 282
126 284
126 285
126 294
127 128
127 130
127 134
127 138
127 139
127 142
127 144
127 147
127 153
127 157
127 158
127 171
127 173
127 174
127 180
127 182
127 183
127 186
127 187
127 193
127 194
127 196
127 199
127 200
127 204
127 206
127 211
127 214
127 217
127 219
127 228
127 230
127 234
127 236
127 241
127 246
127 247
127 250
127 256
127 259
127 268
127 272
127 279
127 281
127 286
127 291
127 292
127 293
127 295
128 132
128 140
128 145
128 151
128 158
128 159
128 169
128 178
128 182
128 183
128 184
128 186
128 188
128 189
128 195
128 198
128 203
128 205
128 208
128 213
128 217
128 218
128 219
128 220
128 229
128 237
128 239
128 240
128 241
128 246
128 248
128 250
128 252
128 255
128 256
128 260
128 268
128 270
128 271
128 273
128 275
128 278
128 282
128 283
128 289
128 292
129 130
129 131
129 133
129 134
129 142
129 153
129 156
129 160
129 163
129 166
129 167
129 179
129 183
129 185
129 186
129 189
129 190
129 194
129 203
129 204
129 207
129 208
129 217
129 236
129 244
129 247
129 249
129 251
129 252
129 258
129 259
129 260
129 263
129 267
129 268
129 277
129 282
129 286
129 287
129 290
129 292
129 293
129 295
129 296
129 297
130 132
130 133
130 135
130 143
130 144
130 146
130 147
130 149
130 150
130 158
130 164
130 172
130 175
130 176
130 178
130 179
130 181
130 182
130 183
130 185
130 186
130 188
130 190
130 191
130 194
130 204
130 209
130 211
130 212
130 213
130 216
130 217
130 220
130 223
130 228
130 233
130 234
130 236
130 237
130 241
130 244
130 251
130 256
130 262
130 264
130 265
130 267
130 271
130 277
130 278
130 279
130 281
130 286
130 289
130 298
131 136
131 137
131 153
131 158
131 164
131 168
131 171
131 176
131 179
131 186
131 189
131 197
131 198
131 203
131 209
131 213
131 217
131 220
131 221
131 230
131 234
131 236
131 237
131 243
131 248
131 252
131 254
131 257
131 258
131 259
131 262
131 263
131 264
131 265
131 267
131 273
131 274
131 277
131 278
131 293
131 296
131 297
131 298
132 135
132 137
132 146
132 147
132 150
132 152
132 157
132 163
132 165
132 166
132 181
132 183
132 189
132 194
132 195
132 197
132 199
132 210
132 212
132 213
132 217
132 230
132 232
132 234
132 240
132 242
132 245
132 246
132 250
132 255
132 256
132 258
132 260
132 265
132 266
132 272
132 273
132 274
132 275
132 279
132 281
132 285
132 292
132 294
132 296
132 297
133 134
133 136
133 138
133 144
133 147
133 149
133 150
133 154
133 157
133 161
133 166
133 168
133 176
133 177
133 178
133 185
133 203
133 204
133 206
133 208
133 213
133 215
133 216
133 223
133 225
133 226
133 235
133 237
133 239
133 244
133 246
133 247
133 249
133 250
133 256
133 262
133 269
133 276
133 278
133 280
133 287
133 294
133 295
133 296
133 297
134 146
134 148
134 149
134 151
134 153
134 154
134 156
134 158
134 163
134 164
134 166
134 167
134 169
134 171
134 172
134 179
134 187
134 188
134 191
134 193
134 198
134 199
134 202
134 203
134 209
134 210
134 211
134 213
134 221
134 222
134 224
134 227
134 230
134 238
134 240
134 248
134 250
134 252
134 259
134 264
134 267
134 270
134 272
134 275
134 278
134 284
134 291
135 141
135 142
135 161
135 164
135 166
135 169
135 174
135 176
135 190
135 198
135 202
135 203
135 204
135 209
135 218
135 223
135 228
135 229
135 230
135 242
135 245
135 249
135 250
135 251
135 253
135 254
135 257
135 263
135 264
135 265
135 266
135 273
135 280
135 281
135 282
135 283
135 287
135 291
135 292
135 296
135 297
135 298
135 299
136 140
136 143
136 146
136 154
136 155
136 158
136 161
136 164
136 167
136 168
136 170
136 171
136 172
136 173
136 175
136 178
136 179
136 191
136 198
136 203
136 213
136 215
136 217
136 221
136 222
136 226
136 230
136 231
136 232
136 236
136 237
136 240
136 242
136 247
136 248
136 249
136 250
136 256
136 257
136 259
136 264
136 265
136 268
136 271
136 280
136 285
136 286
136 288
136 294
136 296
136 298
137 145
137 151
137 153
137 156
137 160
137 162
137 163
137 164
137 170
137 177
137 180
137 186
137 190
137 191
137 195
137 196
137 198
137 201
137 206
137 213
137 214
137 216
137 217
137 218
137 225
137 230
137 234
137 241
137 244
137 245
137 250
137 265
137 269
137 271
137 272
137 280
137 281
137 284
137 289
137 294
137 297
137 299
138 140
138 142
138 144
138 147
138 159
138 162
138 163
138 175
138 178
138 179
138 185
138 189
138 190
138 191
138 195
138 198
138 201
138 202
138 203
138 205
138 207
138 208
138 215
138 223
138 229
138 231
138 239
138 240
138 241
138 243
138 244
138 254
138 255
138 257
138 258
138 261
138 266
138 271
138 272
138 274
138 276
138 278
138 282
138 284
138 288
138 289
138 296
138 298
139 142
139 143
139 146
139 151
139 152
139 153
139 155
139 157
139 158
139 160
139 173
139 177
139 179
139 182
139 183
139 185
139 186
139 190
139 191
139 192
139 196
139 205
139 214
139 221
139 224
139 226
139 230
139 236
139 248
139 249
139 252
139 253
139 254
139 258
139 263
139 265
139 267
139 268
139 274
139 276
139 277
139 278
139 280
139 288
139 289
139 290
139 293
139 298
140 142
140 146
140 152
140 154
140 166
140 167
140 170
140 171
140 172
140 175
140 188
140 190
140 193
140 195
140 197
140 198
140 199
140 203
140 205
140 206
140 214
140 218
140 220
140 221
140 225
140 226
140 231
140 237
140 238
140 240
140 242
140 245
140 249
140 252
140 254
140 255
140 260
140 264
140 269
140 282
140 286
140 288
140 293
140 294
140 295
140 298
140 299
141 143
141 144
141 145
141 147
141 148
141 149
141 150
141 154
141 164
141 166
141 171
141 181
141 183
141 184
141 186
141 188
141 190
141 191
141 196
141 197
141 201
141 202
141 203
141 204
141 205
141 206
141 208
141 209
141 210
141 218
141 224
141 226
141 229
141 235
141 238
141 239
141 243
141 245
141 249
141 256
141 276
141 277
141 278
141 279
141 281
141 282
141 283
141 287
142 143
142 144
142 146
142 147
142 152
142 154
142 155
142 165
142 169
142 173
142 174
142 176
142 184
142 187
142 190
142 195
142 205
142 206
142 209
142 210
142 213
142 214
142 229
142 246
142 248
142 253
142 255
142 256
142 257
142 264
142 265
142 267
142 269
142 274
142 276
142 278
142 280
142 284
142 286
142 287
142 291
142 293
142 296
142 297
142 299
143 146
143 147
143 148
143 150
143 152
143 154
143 162
143 168
143 170
143 171
143 172
143 174
143 175
143 176
143 178
143 179
143 183
143 186
143 188
143 190
143 193
143 197
143 202
143 209
143 218
143 223
143 225
143 240
143 242
143 244
143 245
143 247
143 248
143 251
143 252
143 253
143 255
143 256
143 257
143 272
143 282
143 289
143 290
143 295
143 299
144 145
144 147
144 148
144 152
144 155
144 156
144 159
144 160
144 163
144 165
144 166
144 170
144 177
144 179
144 182
144 184
144 185
144 195
144 197
144 212
144 217
144 218
144 224
144 230
144 234
144 238
144 244
144 248
144 252
144 257
144 261
144 262
144 263
144 265
144 269
144 270
144 277
144 282
144 284
144 292
144 294
144 298
145 155
145 158
145 168
145 175
145 178
145 181
145 182
145 185
145 187
145 188
145 193
145 196
145 198
145 201
145 202
145 204
145 205
145 213
145 215
145 216
145 226
145 228
145 231
145 232
145 237
145 239
145 242
145 244
145 245
145 246
145 250
145 251
145 252
145 256
145 265
145 267
145 271
145 276
145 277
145 280
145 281
145 285
145 293
145 294
145 295
145 298
146 147
146 149
146 151
146 152
146 156
146 157
146 164
146 168
146 173
146 175
146 176
146 177
146 180
146 184
146 187
146 190
146 193
146 195
146 197
146 198
146 200
146 202
146 221
146 223
146 226
146 246
146 247
146 250
146 252
146 256
146 257
146 260
146 266
146 269
146 275
146 278
146 283
146 289
146 290
146 296
146 299
147 150
147 151
147 155
147 157
147 158
147 159
147 168
147 169
147 171
147 178
147 182
147 184
147 196
147 201
147 202
147 203
147 205
147 209
147 210
147 214
147 215
147 219
147 224
147 227
147 230
147 231
147 234
147 235
147 236
147 241
147 249
147 250
147 251
147 252
147 253
147 254
147 255
147 256
147 264
147 265
147 266
147 281
147 283
147 284
147 292
147 294
147 299
148 149
148 150
148 153
148 155
148 156
148 157
148 158
148 160
148 161
148 169
148 170
148 171
148 175
148 176
148 178
148 180
148 181
148 182
148 183
148 185
148 186
148 189
148 196
148 201
148 202
148 204
148 206
148 208
148 214
148 217
148 219
148 220
148 222
148 225
148 233
148 236
148 241
148 246
148 248
148 254
148 259
148 260
148 263
148 268
148 273
148 274
148 277
148 282
148 286
148 288
148 294
149 150
149 153
149 157
149 159
149 163
149 164
149 165
149 166
149 169
149 175
149 183
149 187
149 188
149 189
149 193
149 196
149 197
149 198
149 200
149 202
149 208
149 211
149 219
149 238
149 240
149 249
149 256
149 257
149 260
149 268
149 273
149 274
149 275
149 278
149 279
149 282
149 288
149 289
149 295
149 296
150 154
150 156
150 163
150 166
150 173
150 174
150 177
150 186
150 191
150 192
150 194
150 196
150 199
150 203
150 210
150 217
150 222
150 229
150 232
150 233
150 238
150 242
150 254
150 261
150 263
150 269
150 272
150 273
150 278
150 279
150 280
150 283
150 284
150 286
150 291
150 293
150 298
151 155
151 156
151 159
151 167
151 168
151 169
151 172
151 174
151 178
151 180
151 182
151 184
151 185
151 186
151 188
151 189
151 190
151 191
151 193
151 194
151 200
151 201
151 202
151 203
151 207
151 208
151 209
151 211
151 212
151 216
151 221
151 222
151 227
151 234
151 244
151 245
151 251
151 256
151 260
151 262
151 265
151 266
151 269
151 271
151 274
151 276
151 277
151 293
151 297
151 298
152 160
152 164
152 166
152 169
152 175
152 180
152 181
152 184
152 186
152 187
152 188
152 191
152 194
152 195
152 199
152 200
152 202
152 205
152 223
152 226
152 231
152 232
152 239
152 244
152 247
152 249
152 250
152 251
152 254
152 255
152 256
152 268
152 272
152 273
152 274
152 276
152 279
152 280
152 282
152 283
152 284
152 285
152 288
152 289
152 292
152 294
153 160
153 163
153 170
153 173
153 174
153 180
153 181
153 183
153 190
153 194
153 196
153 199
153 202
153 203
153 204
153 206
153 208
153 213
153 214
153 224
153 226
153 229
153 234
153 240
153 246
153 247
153 248
153 249
153 250
153 251
153 253
153 257
153 259
153 260
153 266
153 268
153 273
153 274
153 275
153 276
153 278
153 282
153 285
153 288
153 292
153 293
153 294
153 295
153 296
153 299
154 155
154 159
154 161
154 164
154 171
154 173
154 185
154 186
154 187
154 189
154 191
154 194
154 198
154 199
154 200
154 202
154 205
154 211
154 212
154 218
154 219
154 223
154 227
154 229
154 234
154 235
154 236
154 239
154 243
154 247
154 249
154 253
154 255
154 260
154 262
154 264
154 265
154 270
154 271
154 272
154 275
154 276
154 278
154 279
154 299
155 159
155 166
155 171
155 173
155 182
155 184
155 188
155 194
155 197
155 199
155 201
155 205
155 210
155 219
155 220
155 223
155 227
155 229
155 230
155 231
155 236
155 237
155 240
155 242
155 251
155 255
155 259
155 264
155 270
155 281
155 282
155 285
155 286
155 289
155 295
155 298
156 158
156 160
156 162
156 163
156 164
156 166
156 169
156 171
156 173
156 174
156 180
156 184
156 185
156 190
156 191
156 192
156 199
156 203
156 204
156 208
156 215
156 217
156 221
156 225
156 231
156 232
156 233
156 238
156 239
156 243
156 245
156 248
156 249
156 251
156 252
156 253
156 254
156 255
156 260
156 262
156 269
156 273
156 274
156 278
156 283
156 288
156 291
156 292
156 295
157 161
157 164
157 165
157 171
157 174
157 179
157 181
157 188
157 194
157 197
157 203
157 207
157 215
157 223
157 225
157 228
157 229
157 230
157 231
157 232
157 233
157 234
157 237
157 238
157 241
157 242
157 243
157 244
157 248
157 250
157 251
157 258
157 260
157 267
157 269
157 270
157 271
157 272
157 276
157 285
157 286
157 297
157 298
158 162
158 163
158 166
158 169
158 172
158 181
158 183
158 192
158 193
158 195
158 197
158 199
158 202
158 204
158 209
158 223
158 224
158 228
158 231
158 242
158 247
158 248
158 251
158 255
158 256
158 260
158 262
158 263
158 266
158 267
158 269
158 272
158 273
158 277
158 278
158 282
158 291
158 292
158 296
158 299
159 165
159 172
159 173
159 175
159 182
159 184
159 189
159 198
159 203
159 204
159 208
159 209
159 215
159 216
159 219
159 221
159 225
159 233
159 245
159 250
159 251
159 258
159 262
159 271
159 274
159 277
159 278
159 282
159 285
160 161
160 171
160 177
160 178
160 186
160 188
160 191
160 193
160 194
160 196
160 197
160 209
160 212
160 213
160 216
160 217
160 218
160 226
160 229
160 230
160 232
160 233
160 241
160 244
160 253
160 254
160 255
160 259
160 263
160 264
160 266
160 270
160 272
160 280
160 283
160 285
160 286
160 287
160 295
161 165
161 169
161 170
161 176
161 178
161 183
161 190
161 195
161 198
161 204
161 205
161 206
161 207
161 214
161 216
161 223
161 229
161 230
161 232
161 235
161 236
161 242
161 244
161 248
161 252
161 255
161 258
161 259
161 263
161 265
161 271
161 275
161 288
161 289
161 290
161 295
162 169
162 181
162 183
162 190
162 194
162 196
162 197
162 198
162 199
162 200
162 201
162 203
162 205
162 209
162 213
162 217
162 218
162 219
162 224
162 227
162 230
162 233
162 234
162 235
162 239
162 243
162 244
162 245
162 259
162 260
162 271
162 274
162 276
162 278
162 279
162 284
162 285
162 286
162 287
162 289
162 291
162 295
162 299
163 165
163 170
163 176
163 178
163 181
163 188
163 192
163 201
163 202
163 203
163 207
163 216
163 218
163 224
163 230
163 234
163 248
163 252
163 253
163 255
163 261
163 262
163 263
163 265
163 268
163 280
163 283
163 284
163 288
163 290
163 296
164 165
164 167
164 170
164 178
164 188
164 189
164 196
164 202
164 205
164 206
164 209
164 210
164 219
164 220
164 224
164 228
164 238
164 240
164 246
164 248
164 249
164 251
164 252
164 255
164 256
164 258
164 259
164 262
164 269
164 271
164 274
164 275
164 276
164 277
164 280
164 285
164 291
164 296
164 297
165 168
165 170
165 184
165 193
165 195
165 200
165 202
165 203
165 206
165 211
165 212
165 215
165 218
165 220
165 225
165 230
165 232
165 237
165 238
165 239
165 240
165 241
165 244
165 251
165 256
165 257
165 260
165 264
165 267
165 274
165 277
165 278
165 280
165 281
165 282
165 288
165 295
166 172
166 181
166 182
166 185
166 186
166 188
166 190
166 198
166 200
166 201
166 203
166 204
166 205
166 206
166 208
166 209
166 212
166 215
166 217
166 219
166 221
166 225
166 227
166 234
166 237
166 238
166 242
166 243
166 244
166 247
166 248
166 249
166 251
166 253
166 254
166 262
166 265
166 272
166 276
166 279
166 280
166 288
166 292
166 293
167 172
167 174
167 175
167 178
167 179
167 182
167 184
167 192
167 194
167 196
167 198
167 199
167 209
167 211
167 216
167 219
167 220
167 222
167 224
167 233
167 236
167 237
167 239
167 243
167 249
167 255
167 256
167 261
167 263
167 264
167 268
167 269
167 274
167 275
167 278
167 280
167 284
167 286
167 288
167 289
167 290
167 291
167 294
167 296
167 299
168 172
168 177
168 180
168 181
168 186
168 188
168 192
168 193
168 196
168 203
168 206
168 207
168 211
168 212
168 214
168 216
168 219
168 222
168 227
168 235
168 238
168 239
168 242
168 246
168 247
168 250
168 252
168 254
168 255
168 256
168 257
168 258
168 259
168 261
168 266
168 268
168 275
168 279
168 282
168 288
168 289
168 290
168 291
168 294
169 171
169 173
169 183
169 184
169 187
169 188
169 191
169 194
169 196
169 200
169 202
169 209
169 210
169 213
169 215
169 216
169 217
169 219
169 220
169 229
169 235
169 241
169 243
169 245
169 247
169 248
169 252
169 253
169 254
169 262
169 273
169 283
169 284
169 294
169 296
169 297
170 171
170 174
170 177
170 182
170 184
170 189
170 193
170 194
170 195
170 196
170 200
170 201
170 203
170 205
170 208
170 212
170 213
170 215
170 217
170 218
170 221
170 227
170 232
170 234
170 236
170 238
170 243
170 246
170 247
170 254
170 257
170 259
170 262
170 264
170 266
170 267
170 272
170 273
170 287
170 293
170 295
170 297
171 172
171 177
171 180
171 181
171 195
171 198
171 201
171 203
171 207
171 212
171 216
171 226
171 229
171 236
171 239
171 240
171 241
171 246
171 251
171 256
171 258
171 259
171 260
171 261
171 265
171 269
171 275
171 276
171 278
171 281
171 285
171 286
171 291
171 295
172 178
172 179
172 180
172 187
172 188
172 194
172 195
172 196
172 202
172 207
172 210
172 211
172 215
172 216
172 221
172 225
172 232
172 235
172 236
172 238
172 240
172 241
172 244
172 246
172 247
172 249
172 254
172 256
172 257
172 259
172 261
172 266
172 268
172 269
172 274
172 276
172 277
172 282
172 285
172 287
172 288
172 291
172 298
173 174
173 180
173 183
173 189
173 190
173 191
173 196
173 206
173 207
173 209
173 216
173 217
173 219
173 221
173 222
173 223
173 224
173 228
173 233
173 254
173 258
173 263
173 270
173 276
173 277
173 278
173 281
173 284
173 286
173 288
173 289
173 298
174 178
174 179
174 181
174 182
174 188
174 189
174 192
174 198
174 199
174 209
174 214
174 218
174 219
174 220
174 229
174 233
174 234
174 239
174 244
174 246
174 250
174 251
174 256
174 260
174 266
174 268
174 269
174 270
174 274
174 276
174 279
174 283
174 285
174 291
174 298
174 299
175 179
175 184
175 192
175 193
175 196
175 198
175 203
175 204
175 213
175 214
175 217
175 218
175 219
175 227
175 231
175 236
175 237
175 238
175 239
175 243
175 246
175 248
175 253
175 257
175 258
175 262
175 263
175 264
175 265
175 268
175 272
175 277
175 278
175 279
175 280
175 284
175 285
175 287
175 292
175 298
176 177
176 186
176 188
176 191
176 192
176 193
176 195
176 202
176 207
176 209
176 213
176 214
176 218
176 222
176 223
176 228
176 229
176 231
176 233
176 237
176 238
176 240
176 241
176 242
176 246
176 247
176 248
176 261
176 266
176 268
176 269
176 272
176 280
176 285
176 287
176 288
176 292
176 297
176 298
177 179
177 189
177 192
177 196
177 200
177 211
177 212
177 215
177 226
177 227
177 231
177 237
177 238
177 245
177 252
177 268
177 271
177 279
177 294
177 297
177 298
178 184
178 190
178 191
178 193
178 198
178 202
178 210
178 211
178 213
178 214
178 216
178 219
178 222
178 225
178 226
178 227
178 229
178 230
178 234
178 240
178 243
178 245
178 246
178 247
178 249
178 251
178 252
178 254
178 255
178 257
178 259
178 263
178 265
178 267
178 268
178 269
178 272
178 275
178 276
178 283
178 285
178 290
178 293
178 296
178 297
179 187
179 189
179 190
179 196
179 201
179 205
179 210
179 211
179 214
179 224
179 226
179 242
179 243
179 244
179 246
179 249
179 250
179 253
179 257
179 258
179 264
179 265
179 266
179 268
179 270
179 271
179 276
179 287
179 289
179 293
179 294
179 297
179 298
179 299
180 182
180 185
180 186
180 192
180 193
180 194
180 195
180 197
180 199
180 202
180 205
180 207
180 208
180 212
180 216
180 219
180 223
180 227
180 230
180 233
180 237
180 242
180 251
180 253
180 255
180 266
180 272
180 273
180 275
180 277
180 279
180 280
180 281
180 282
180 286
180 287
180 289
180 299
181 182
181 183
181 185
181 188
181 189
181 192
181 195
181 202
181 203
181 208
181 210
181 211
181 213
181 214
181 215
181 217
181 218
181 224
181 226
181 228
181 232
181 233
181 238
181 239
181 240
181 247
181 248
181 249
181 250
181 251
181 253
181 255
181 263
181 268
181 274
181 275
181 276
181 278
181 279
181 280
181 283
181 289
181 292
181 293
181 294
181 298
182 183
182 187
182 193
182 196
182 201
182 203
182 204
182 205
182 207
182 208
182 209
182 213
182 227
182 229
182 232
182 233
182 234
182 249
182 255
182 259
182 260
182 261
182 267
182 271
182 272
182 274
182 276
182 281
182 283
182 284
182 286
182 287
182 288
182 289
182 295
183 185
183 189
183 192
183 195
183 204
183 208
183 209
183 211
183 214
183 217
183 219
183 221
183 223
183 226
183 231
183 235
183 238
183 248
183 253
183 260
183 261
183 264
183 267
183 271
183 272
183 273
183 275
183 276
183 277
183 280
183 281
183 283
183 285
183 294
183 296
183 297
183 298
183 299
184 187
184 188
184 189
184 194
184 196
184 198
184 202
184 207
184 209
184 210
184 216
184 218
184 225
184 227
184 228
184 230
184 231
184 237
184 239
184 247
184 253
184 255
184 257
184 260
184 263
184 266
184 273
184 274
184 275
184 277
184 278
184 280
184 283
184 284
184 285
184 291
184 293
184 294
184 297
185 193
185 198
185 201
185 202
185 207
185 211
185 218
185 222
185 225
185 226
185 227
185 232
185 236
185 245
185 246
185 249
185 251
185 252
185 256
185 264
185 269
185 281
185 282
185 287
186 195
186 197
186 198
186 199
186 207
186 213
186 220
186 222
186 226
186 228
186 230
186 231
186 232
186 234
186 235
186 237
186 239
186 243
186 244
186 246
186 247
186 250
186 259
186 264
186 265
186 268
186 273
186 276
186 277
186 279
186 283
186 286
186 294
187 188
187 191
187 193
187 194
187 198
187 204
187 210
187 211
187 219
187 222
187 224
187 226
187 227
187 230
187 232
187 233
187 234
187 239
187 241
187 243
187 245
187 248
187 251
187 255
187 257
187 259
187 260
187 266
187 275
187 276
187 277
187 284
187 288
187 289
187 290
187 293
187 297
187 298
188 191
188 196
188 199
188 203
188 212
188 213
188 214
188 217
188 220
188 223
188 225
188 229
188 233
188 234
188 235
188 244
188 246
188 248
188 251
188 254
188 255
188 256
188 258
188 262
188 264
188 266
188 268
188 269
188 272
188 276
188 280
188 281
188 284
188 286
188 287
188 289
188 291
188 295
188 297
189 190
189 196
189 201
189 205
189 209
189 210
189 211
189 214
189 215
189 220
189 223
189 230
189 234
189 236
189 239
189 240
189 246
189 248
189 249
189 251
189 254
189 258
189 260
189 265
189 266
189 270
189 273
189 274
189 275
189 277
189 281
189 285
189 286
189 293
190 193
190 194
190 202
190 208
190 216
190 217
190 220
190 228
190 230
190 234
190 236
190 237
190 238
190 242
190 243
190 244
190 247
190 249
190 252
190 253
190 258
190 259
190 260
190 263
190 269
190 274
190 277
190 278
190 279
190 280
190 281
190 282
190 290
190 291
190 292
190 295
190 297
190 299
191 195
191 197
191 199
191 200
191 205
191 207
191 208
191 212
191 213
191 214
191 220
191 222
191 224
191 225
191 227
191 228
191 231
191 233
191 234
191 235
191 239
191 253
191 258
191 261
191 264
191 268
191 273
191 277
191 285
191 290
191 294
192 193
192 196
192 197
192 201
192 202
192 203
192 206
192 215
192 216
192 220
192 226
192 235
192 243
192 245
192 246
192 248
192 253
192 259
192 262
192 264
192 265
192 266
192 269
192 274
192 275
192 278
192 283
192 287
192 294
193 198
193 199
193 203
193 206
193 207
193 211
193 212
193 214
193 217
193 220
193 221
193 225
193 226
193 229
193 234
193 235
193 239
193 240
193 249
193 252
193 253
193 254
193 255
193 258
193 260
193 261
193 262
193 272
193 274
193 278
193 279
193 283
193 285
193 287
193 289
193 295
193 297
193 298
193 299
194 196
194 209
194 214
194 216
194 218
194 222
194 223
194 225
194 226
194 230
194 234
194 235
194 251
194 253
194 257
194 260
194 261
194 262
194 270
194 279
194 280
194 281
194 285
194 292
195 204
195 205
195 208
195 210
195 214
195 215
195 217
195 220
195 223
195 227
195 229
195 230
195 244
195 248
195 268
195 275
195 278
195 280
195 284
195 285
195 286
195 289
195 291
195 292
195 293
196 204
196 205
196 208
196 211
196 216
196 217
196 218
196 223
196 227
196 231
196 233
196 242
196 247
196 258
196 260
196 262
196 266
196 274
196 276
196 277
196 279
196 283
196 289
196 292
196 299
197 208
197 213
197 215
197 216
197 220
197 221
197 222
197 223
197 225
197 230
197 232
197 234
197 238
197 243
197 248
197 251
197 254
197 261
197 262
197 264
197 270
197 273
197 274
197 275
197 277
197 280
197 281
197 282
197 290
197 294
197 295
197 299
198 199
198 200
198 201
198 205
198 206
198 208
198 212
198 215
198 219
198 221
198 228
198 232
198 234
198 235
198 236
198 239
198 240
198 241
198 245
198 247
198 258
198 260
198 266
198 267
198 268
198 276
198 282
198 287
198 290
198 291
198 293
198 297
199 204
199 208
199 209
199 211
199 223
199 224
199 229
199 230
199 235
199 236
199 237
199 242
199 248
199 249
199 259
199 261
199 263
199 266
199 267
199 272
199 276
199 280
199 292
199 295
199 298
199 299
200 208
200 212
200 220
200 226
200 227
200 232
200 235
200 238
200 244
200 245
200 250
200 252
200 253
200 259
200 262
200 265
200 268
200 270
200 271
200 273
200 276
200 277
200 281
200 286
200 292
200 295
200 299
201 203
201 206
201 209
201 210
201 219
201 222
201 238
201 243
201 244
201 248
201 255
201 262
201 264
201 267
201 270
201 271
201 272
201 274
201 276
201 282
201 299
202 204
202 210
202 214
202 227
202 228
202 231
202 235
202 237
202 238
202 239
202 241
202 242
202 249
202 250
202 251
202 257
202 264
202 269
202 272
202 279
202 280
202 282
202 288
202 291
202 292
202 294
202 297
203 204
203 205
203 206
203 208
203 210
203 214
203 217
203 220
203 221
203 223
203 225
203 227
203 231
203 235
203 238
203 246
203 253
203 257
203 259
203 265
203 268
203 270
203 271
203 276
203 282
203 285
203 286
203 290
203 296
203 298
203 299
204 206
204 207
204 208
204 209
204 235
204 240
204 242
204 243
204 245
204 247
204 248
204 250
204 254
204 258
204 259
204 262
204 263
204 269
204 275
204 276
204 281
204 283
204 289
204 290
204 296
204 299
205 207
205 210
205 212
205 213
205 214
205 215
205 216
205 221
205 226
205 227
205 237
205 238
205 242
205 245
205 248
205 250
205 253
205 254
205 256
205 257
205 263
205 266
205 269
205 273
205 275
205 278
205 280
205 281
205 282
205 283
205 284
205 288
205 290
205 294
205 296
205 297
205 298
205 299
206 207
206 208
206 214
206 215
206 225
206 227
206 234
206 235
206 236
206 241
206 245
206 252
206 253
206 257
206 258
206 259
206 266
206 267
206 270
206 272
206 274
206 275
206 276
206 279
206 285
206 286
206 290
206 293
206 297
206 299
207 215
207 216
207 219
207 221
207 224
207 227
207 231
207 238
207 246
207 247
207 251
207 254
207 256
207 258
207 259
207 263
207 268
207 272
207 273
207 275
207 278
207 281
207 290
207 291
207 298
207 299
208 223
208 225
208 226
208 232
208 234
208 235
208 238
208 239
208 241
208 243
208 254
208 259
208 263
208 271
208 272
208 274
208 277
208 285
208 295
208 297
209 210
209 211
209 216
209 217
209 229
209 234
209 235
209 237
209 238
209 253
209 254
209 255
209 257
209 260
209 261
209 268
209 270
209 273
209 280
209 284
209 286
209 295
209 297
209 298
210 217
210 222
210 232
210 233
210 238
210 241
210 243
210 245
210 246
210 252
210 257
210 258
210 259
210 260
210 261
210 263
210 269
210 277
210 279
210 286
210 288
211 213
211 221
211 223
211 228
211 229
211 232
211 240
211 241
211 242
211 247
211 251
211 254
211 262
211 263
211 267
211 268
211 273
211 275
211 277
211 279
211 280
211 281
211 282
211 290
211 293
212 220
212 223
212 225
212 230
212 235
212 240
212 241
212 248
212 251
212 254
212 257
212 259
212 261
212 262
212 263
212 265
212 270
212 272
212 274
212 277
212 284
212 286
212 287
212 289
212 290
212 293
212 297
213 214
213 217
213 218
213 220
213 225
213 233
213 234
213 238
213 243
213 244
213 249
213 251
213 256
213 258
213 261
213 262
213 265
213 267
213 282
213 284
213 287
213 288
213 292
213 296
214 215
214 219
214 221
214 222
214 224
214 225
214 227
214 230
214 231
214 235
214 236
214 239
214 243
214 250
214 258
214 259
214 261
214 263
214 266
214 267
214 271
214 284
214 286
214 287
214 293
214 296
215 219
215 221
215 225
215 226
215 235
215 236
215 260
215 263
215 265
215 266
215 268
215 271
215 272
215 274
215 276
215 292
215 293
215 294
215 299
216 219
216 226
216 230
216 234
216 235
216 238
216 245
216 249
216 251
216 252
216 256
216 258
216 267
216 270
216 272
216 273
216 276
216 280
216 281
216 292
217 219
217 220
217 221
217 223
217 226
217 227
217 229
217 236
217 243
217 244
217 253
217 257
217 259
217 264
217 265
217 271
217 275
217 277
217 283
217 285
217 287
217 289
217 297
217 298
217 299
218 222
218 225
218 226
218 235
218 236
218 237
218 238
218 239
218 241
218 243
218 244
218 251
218 252
218 254
218 255
218 260
218 263
218 270
218 276
218 282
218 286
218 287
218 288
218 291
218 294
218 295
219 221
219 222
219 225
219 228
219 232
219 234
219 235
219 242
219 243
219 244
219 248
219 250
219 256
219 261
219 273
219 274
219 276
219 277
219 279
219 283
219 286
219 287
219 291
219 296
219 298
220 222
220 225
220 226
220 231
220 232
220 234
220 236
220 240
220 242
220 243
220 244
220 245
220 247
220 250
220 253
220 254
220 260
220 264
220 265
220 266
220 275
220 277
220 279
220 281
220 283
220 286
220 287
220 288
220 294
220 296
221 225
221 226
221 232
221 233
221 234
221 235
221 241
221 244
221 245
221 247
221 256
221 261
221 262
221 266
221 269
221 272
221 274
221 275
221 278
221 284
221 287
221 288
221 289
221 291
222 226
222 239
222 241
222 246
222 248
222 264
222 265
222 267
222 268
222 269
222 271
222 272
222 274
222 277
222 280
222 290
222 291
222 296
222 297
222 298
223 228
223 230
223 233
223 234
223 235
223 239
223 241
223 243
223 246
223 247
223 252
223 258
223 259
223 262
223 266
223 271
223 272
223 275
223 277
223 279
223 281
223 282
223 283
223 288
223 299
224 225
224 228
224 233
224 236
224 237
224 239
224 243
224 247
224 250
224 252
224 256
224 257
224 258
224 259
224 262
224 270
224 280
224 281
224 284
224 286
224 293
224 299
225 226
225 227
225 230
225 233
225 234
225 237
225 241
225 244
225 249
225 253
225 256
225 260
225 262
225 265
225 267
225 268
225 272
225 275
225 277
225 278
225 280
225 281
225 287
225 289
225 295
225 298
226 229
226 231
226 232
226 235
226 236
226 237
226 239
226 242
226 243
226 246
226 251
226 252
226 263
226 267
226 271
226 272
226 275
226 278
226 279
226 281
226 282
226 283
226 284
226 288
226 292
226 293
226 297
226 299
227 231
227 236
227 237
227 248
227 249
227 252
227 255
227 258
227 260
227 261
227 278
227 281
227 283
227 289
227 290
227 292
227 295
227 297
227 298
228 231
228 232
228 234
228 235
228 236
228 241
228 242
228 248
228 254
228 256
228 258
228 263
228 265
228 267
228 268
228 275
228 277
228 278
228 279
228 284
228 287
228 289
228 294
228 298
229 232
229 237
229 241
229 242
229 244
229 246
229 247
229 250
229 251
229 252
229 255
229 257
229 261
229 262
229 263
229 264
229 268
229 274
229 277
229 279
229 280
229 289
229 291
229 294
229 295
229 296
229 299
230 231
230 232
230 242
230 246
230 248
230 254
230 255
230 268
230 271
230 274
230 284
230 289
230 295
230 296
230 297
230 298
230 299
231 235
231 238
231 241
231 244
231 245
231 250
231 255
231 258
231 266
231 267
231 269
231 277
231 280
231 283
231 293
231 294
231 299
232 235
232 237
232 243
232 244
232 246
232 253
232 256
232 257
232 259
232 260
232 262
232 265
232 270
232 273
232 275
232 276
232 278
232 281
232 291
232 292
232 293
232 294
232 296
232 299
233 236
233 237
233 242
233 243
233 246
233 254
233 256
233 258
233 259
233 260
233 262
233 269
233 270
233 275
233 277
233 281
233 286
233 289
233 298
234 236
234 237
234 241
234 242
234 245
234 247
234 251
234 254
234 258
234 259
234 263
234 266
234 267
234 272
234 273
234 277
234 284
234 293
234 297
235 236
235 237
235 242
235 245
235 250
235 255
235 256
235 257
235 259
235 261
235 267
235 268
235 269
235 272
235 274
235 277
235 278
235 282
235 285
235 286
235 290
235 299
236 239
236 242
236 245
236 247
236 252
236 253
236 254
236 255
236 256
236 261
236 263
236 267
236 269
236 272
236 275
236 277
236 279
236 284
236 285
236 287
236 290
236 291
236 296
237 241
237 243
237 244
237 246
237 248
237 252
237 253
237 255
237 260
237 264
237 265
237 268
237 269
237 274
237 277
237 281
237 284
237 290
237 292
238 244
238 245
238 248
238 249
238 254
238 258
238 260
238 262
238 270
238 280
238 281
238 288
238 290
238 291
238 294
238 299
239 241
239 242
239 243
239 245
239 252
239 253
239 254
239 259
239 262
239 264
239 267
239 270
239 277
239 278
239 280
239 281
239 282
239 285
239 289
239 291
239 299
240 251
240 252
240 258
240 259
240 260
240 261
240 271
240 276
240 278
240 280
240 284
240 286
240 288
240 289
240 290
240 292
240 294
241 247
241 251
241 255
241 259
241 262
241 268
241 269
241 274
241 276
241 279
241 280
241 282
241 284
241 286
241 297
241 298
242 245
242 246
242 252
242 254
242 255
242 261
242 262
242 264
242 268
242 269
242 273
242 282
242 284
242 286
242 287
242 288
242 291
243 244
243 246
243 247
243 248
243 253
243 255
243 257
243 259
243 260
243 262
243 263
243 265
243 271
243 273
243 279
243 282
243 284
243 292
243 293
243 297
243 299
244 252
244 255
244 259
244 268
244 285
244 289
244 296
244 297
244 299
245 246
245 250
245 253
245 254
245 256
245 259
245 273
245 276
245 277
245 289
245 290
245 294
246 247
246 254
246 259
246 262
246 263
246 272
246 276
246 278
246 279
246 283
246 284
246 289
246 290
246 292
246 293
246 297
246 299
247 255
247 257
247 258
247 261
247 267
247 268
247 273
247 281
247 285
247 289
247 290
247 292
247 298
247 299
248 255
248 256
248 257
248 259
248 261
248 262
248 264
248 269
248 270
248 271
248 273
248 274
248 275
248 276
248 278
248 282
248 290
248 293
248 294
248 296
248 297
249 250
249 253
249 256
249 261
249 263
249 266
249 267
249 268
249 271
249 272
249 273
249 274
249 278
249 281
249 284
249 287
249 295
249 297
249 299
250 251
250 253
250 254
250 259
250 262
250 264
250 268
250 271
250 276
250 279
250 280
250 281
250 284
250 288
250 293
250 294
250 295
250 298
251 252
251 253
251 261
251 262
251 263
251 265
251 274
251 275
251 277
251 284
251 286
251 288
251 293
251 294
251 295
251 297
252 254
252 255
252 256
252 257
252 258
252 262
252 269
252 272
252 273
252 275
252 285
252 286
252 292
253 256
253 265
253 266
253 268
253 271
253 272
253 273
253 278
253 286
253 293
254 257
254 262
254 263
254 266
254 275
254 284
254 286
254 290
254 293
255 265
255 270
255 276
255 280
255 283
255 286
256 257
256 261
256 264
256 267
256 272
256 277
256 278
256 279
256 283
256 288
256 289
256 297
257 259
257 261
257 262
257 263
257 265
257 267
257 268
257 270
257 272
257 277
257 279
257 281
257 282
257 289
257 291
257 294
258 261
258 263
258 267
258 269
258 271
258 274
258 275
258 285
258 287
258 294
258 295
258 297
259 267
259 273
259 278
259 279
259 292
259 293
259 299
260 261
260 262
260 264
260 269
260 270
260 271
260 272
260 274
260 277
260 279
260 280
260 281
260 285
260 288
260 292
260 293
260 294
260 298
261 263
261 264
261 267
261 271
261 272
261 275
261 277
261 287
261 295
261 296
262 271
262 276
262 278
262 284
262 287
262 289
262 293
262 298
262 299
263 276
263 278
263 281
263 282
263 297
263 298
263 299
264 265
264 268
264 269
264 270
264 272
264 274
264 275
264 280
264 284
264 285
264 288
264 289
264 294
264 297
265 266
265 267
265 268
265 274
265 277
265 280
265 282
265 283
265 285
265 287
265 292
265 296
266 267
266 268
266 271
266 272
266 280
266 294
266 296
266 297
266 298
267 272
267 278
267 279
267 282
267 288
267 291
267 294
267 297
267 298
268 271
268 272
268 273
268 276
268 277
268 278
268 279
268 281
268 285
268 287
268 290
268 292
268 297
269 274
269 278
269 280
269 283
269 284
269 287
269 288
269 289
269 293
269 294
270 273
270 275
270 276
270 279
270 280
270 281
270 283
270 288
270 291
270 292
270 294
270 298
271 273
271 274
271 275
271 281
271 284
271 293
271 295
271 296
271 297
272 276
272 283
272 284
272 286
272 287
272 290
272 291
272 294
272 295
272 296
273 277
273 280
273 281
273 282
273 283
273 286
273 287
273 288
273 289
273 290
273 294
273 295
273 298
273 299
274 275
274 276
274 278
274 280
274 282
274 286
274 289
274 295
274 298
274 299
275 277
275 280
275 283
275 285
275 286
275 290
275 291
275 295
275 298
276 279
276 284
276 288
276 293
276 294
276 297
276 298
277 279
277 287
277 288
277 289
277 290
277 295
278 285
278 289
278 292
278 293
278 296
278 298
279 280
279 283
279 286
279 291
279 296
279 297
280 283
280 286
280 288
280 289
280 290
280 295
281 289
281 294
281 296
281 297
281 298
282 286
282 287
282 292
282 295
282 299
283 285
283 286
283 289
283 290
283 296
283 297
283 298
284 287
284 288
284 292
285 289
285 293
285 298
285 299
286 291
286 293
286 296
286 298
287 289
287 293
287 295
287 296
287 298
288 290
288 298
290 292
290 293
290 295
290 297
290 298
291 293
291 297
292 295
293 298
293 299
294 295
294 296
294 299
295 296
296 297
297 298
94 288 213 116 184 30 92 62 31 255 188 128 222 107 194 170 193 180 93 153 156 169 208 95 238 210 54 236 279 146 299 27 293 205 165 257 270 273 203 144 154 245 74 155 15 243 14 16 253 291 78 241 82 199 51 158 118 206 137 259 297 280 217 133 287 141 161 268 254 282 187 183 105 140 121 272 45 267 219 148 34 289 220 171 274 166 263 277 151 250
134 73 207 19 1 145 186 69 264 204 283 29 278 233 271 113 24 5 58 39 160 162 284 286 143 135 182 195 53 237 10 231 130 79 40 42 164 25 26 142 6 247 61 229 7 173 65 21 176 87 136 200 18 290 275 138 196 256 72 86 102 70 13 109 163 43 192 35 57 235 56 262 252 285 77 214 12 50 292 175 84 281 239 216 185 197 242 159 296 198
152 68 80 227 126 8 228 88 48 83 224 251 261 111 11 218 248 294 52 120 234 110 106 124 98 174 265 258 32 223 167 240 49 101 97 201 22 147 100 76 63 75 36 0 266 67 225 90 28 260 157 59 33 119 123 91 209 60 232 172 46 71 179 108 44 17 150 23 177 64 37 246 38 191 131 230 4 168 9 115 276 85 226 269 181 99 117 249 20 104
202 129 81 221 125 215 96 103 189 2 295 149 55 139 47 244 66 3 114 122 211 132 212 41 89 190 112 127 178 298
