300
4492
5
0 6
0 7
0 8
0 17
0 31
0 38
0 40
0 46
0 70
0 79
0 99
0 110
0 122
0 138
0 139
0 155
0 160
0 162
0 163
0 166
0 170
0 172
0 174
0 177
0 188
0 201
0 208
0 210
0 212
0 219
0 226
0 243
0 259
0 284
0 299
1 10
1 11
1 17
1 48
1 65
1 74
1 78
1 80
1 83
1 101
1 110
1 113
1 116
1 122
1 128
1 178
1 181
1 182
1 184
1 192
1 197
1 200
1 211
1 213
1 224
1 243
1 249
1 276
1 277
1 286
1 288
1 297
2 33
2 37
2 39
2 53
2 54
2 70
2 74
2 82
2 85
2 100
2 107
2 109
2 143
2 147
2 164
2 173
2 175
2 182
2 200
2 215
2 227
2 245
2 254
2 276
2 287
2 297
2 299
3 9
3 19
3 33
3 37
3 44
3 45
3 47
3 58
3 70
3 87
3 90
3 92
3 98
3 124
3 137
3 141
3 150
3 189
3 199
3 217
3 218
3 221
3 224
3 225
3 235
3 245
3 289
3 296
3 299
4 5
4 12
4 23
4 35
4 41
4 42
4 51
4 58
4 63
4 69
4 71
4 81
4 87
4 118
4 122
4 136
4 138
4 146
4 158
4 166
4 180
4 191
4 200
4 201
4 202
4 224
4 225
4 231
4 233
4 249
4 264
4 275
4 276
4 278
4 294
5 24
5 25
5 50
5 53
5 67
5 76
5 82
5 86
5 87
5 100
5 111
5 118
5 120
5 121
5 132
5 165
5 173
5 182
5 193
5 202
5 212
5 214
5 222
5 230
5 245
5 251
5 252
5 257
5 271
5 276
5 277
5 287
5 292
5 295
6 18
6 19
6 43
6 47
6 53
6 58
6 68
6 69
6 82
6 87
6 89
6 93
6 98
6 99
6 104
6 113
6 130
6 136
6 139
6 143
6 146
6 152
6 155
6 157
6 174
6 177
6 185
6 187
6 198
6 205
6 206
6 219
6 229
6 244
6 248
6 249
6 263
6 266
6 268
6 271
6 277
6 281
6 284
6 289
7 10
7 12
7 17
7 33
7 34
7 49
7 74
7 85
7 105
7 108
7 109
7 124
7 135
7 138
7 140
7 147
7 149
7 158
7 179
7 194
7 206
7 210
7 237
7 249
7 261
7 265
7 269
7 284
7 286
7 287
8 9
8 24
8 26
8 29
8 34
8 50
8 69
8 79
8 100
8 105
8 113
8 124
8 140
8 158
8 160
8 162
8 167
8 174
8 225
8 226
8 249
8 264
8 268
8 271
8 289
8 295
9 11
9 14
9 17
9 26
9 27
9 30
9 51
9 53
9 56
9 127
9 128
9 143
9 150
9 160
9 165
9 180
9 198
9 201
9 204
9 206
9 223
9 230
9 231
9 249
9 251
9 254
9 257
9 260
9 267
9 287
9 292
10 13
10 14
10 22
10 25
10 54
10 65
10 69
10 75
10 95
10 98
10 99
10 131
10 136
10 148
10 149
10 185
10 186
10 192
10 194
10 208
10 217
10 232
10 246
10 251
10 255
10 258
10 277
10 281
10 291
10 293
11 16
11 20
11 24
11 32
11 41
11 46
11 50
11 53
11 55
11 63
11 69
11 81
11 88
11 104
11 121
11 129
11 133
11 143
11 149
11 161
11 164
11 167
11 170
11 183
11 206
11 214
11 238
11 257
12 22
12 42
12 51
12 65
12 86
12 128
12 152
12 158
12 166
12 181
12 192
12 200
12 203
12 208
12 223
12 232
12 238
12 239
12 246
12 248
12 252
12 265
12 286
12 293
12 296
13 33
13 42
13 47
13 57
13 66
13 71
13 76
13 87
13 96
13 100
13 101
13 123
13 127
13 134
13 136
13 156
13 160
13 163
13 165
13 171
13 189
13 193
13 206
13 226
13 232
13 235
13 238
13 249
13 253
13 266
13 269
13 279
13 298
14 24
14 29
14 33
14 48
14 54
14 57
14 60
14 87
14 105
14 106
14 113
14 125
14 126
14 139
14 153
14 155
14 162
14 164
14 175
14 185
14 186
14 194
14 204
14 205
14 209
14 212
14 218
14 219
14 228
14 235
14 236
14 240
14 249
14 295
15 26
15 45
15 46
15 49
15 74
15 79
15 81
15 93
15 100
15 111
15 115
15 133
15 155
15 170
15 210
15 215
15 226
15 252
15 265
15 272
15 284
15 287
16 26
16 36
16 48
16 58
16 61
16 71
16 73
16 94
16 98
16 99
16 107
16 112
16 115
16 116
16 119
16 124
16 131
16 152
16 167
16 170
16 172
16 173
16 185
16 194
16 195
16 196
16 198
16 251
16 256
16 261
16 267
16 288
16 292
16 299
17 22
17 36
17 48
17 49
17 64
17 78
17 79
17 84
17 94
17 106
17 111
17 131
17 132
17 134
17 138
17 150
17 203
17 205
17 207
17 209
17 210
17 219
17 234
17 235
17 246
17 248
17 255
17 258
17 260
17 268
17 272
17 274
17 275
17 279
18 25
18 32
18 41
18 43
18 45
18 79
18 81
18 90
18 97
18 105
18 146
18 160
18 166
18 168
18 171
18 174
18 179
18 185
18 193
18 212
18 225
18 228
18 229
18 233
18 234
18 245
18 252
18 258
18 263
18 266
18 273
18 295
19 26
19 28
19 36
19 42
19 51
19 62
19 63
19 66
19 68
19 82
19 91
19 94
19 121
19 122
19 133
19 146
19 149
19 190
19 213
19 226
19 228
19 250
19 262
19 267
19 269
19 277
19 290
20 26
20 30
20 47
20 49
20 74
20 80
20 95
20 113
20 115
20 117
20 148
20 153
20 155
20 162
20 175
20 183
20 187
20 208
20 214
20 217
20 222
20 239
20 249
20 274
20 286
20 292
20 294
21 22
21 27
21 34
21 43
21 64
21 65
21 77
21 85
21 107
21 131
21 133
21 137
21 142
21 146
21 147
21 151
21 161
21 175
21 181
21 206
21 207
21 214
21 224
21 225
21 243
21 245
21 254
21 259
21 269
21 272
21 273
21 283
21 285
21 299
22 27
22 42
22 53
22 64
22 68
22 71
22 74
22 86
22 144
22 146
22 157
22 163
22 166
22 174
22 177
22 196
22 197
22 198
22 206
22 222
22 230
22 245
22 270
22 274
22 285
22 288
23 35
23 56
23 71
23 111
23 119
23 142
23 160
23 168
23 213
23 218
23 234
23 264
23 283
23 293
23 295
24 33
24 41
24 49
24 51
24 54
24 58
24 84
24 86
24 95
24 115
24 119
24 123
24 141
24 153
24 161
24 166
24 174
24 181
24 184
24 202
24 209
24 225
24 233
24 236
24 237
24 260
24 283
25 40
25 60
25 64
25 74
25 76
25 79
25 92
25 102
25 143
25 152
25 165
25 170
25 172
25 173
25 196
25 202
25 204
25 216
25 226
25 235
25 237
25 245
25 252
25 253
25 265
25 273
25 281
25 287
25 298
26 30
26 31
26 33
26 37
26 38
26 53
26 57
26 61
26 69
26 90
26 98
26 147
26 165
26 178
26 200
26 208
26 213
26 217
26 241
26 242
26 255
26 265
26 280
26 291
27 45
27 69
27 80
27 81
27 92
27 97
27 117
27 120
27 126
27 132
27 147
27 150
27 188
27 196
27 216
27 220
27 255
27 276
27 290
28 29
28 43
28 49
28 52
28 63
28 65
28 79
28 84
28 106
28 119
28 126
28 135
28 146
28 148
28 185
28 190
28 202
28 211
28 217
28 231
28 234
28 245
28 250
28 254
28 262
28 281
29 33
29 53
29 55
29 56
29 57
29 83
29 87
29 96
29 102
29 109
29 112
29 117
29 124
29 136
29 137
29 149
29 153
29 181
29 195
29 230
29 247
29 252
29 292
29 296
29 298
30 49
30 56
30 60
30 80
30 92
30 94
30 140
30 149
30 180
30 183
30 185
30 190
30 192
30 194
30 196
30 217
30 220
30 226
30 240
30 242
30 245
30 252
30 258
30 277
30 279
30 282
30 285
31 38
31 48
31 56
31 70
31 79
31 102
31 131
31 143
31 152
31 205
31 235
31 255
31 267
31 276
31 278
31 292
31 294
31 296
32 33
32 42
32 44
32 48
32 49
32 69
32 81
32 88
32 93
32 105
32 112
32 122
32 130
32 137
32 149
32 160
32 165
32 172
32 175
32 183
32 184
32 194
32 198
32 203
32 205
32 219
32 220
32 224
32 234
32 237
32 248
32 254
32 255
32 258
32 263
32 265
32 266
32 267
32 278
32 289
32 295
33 37
33 46
33 55
33 56
33 57
33 65
33 72
33 77
33 84
33 95
33 106
33 108
33 119
33 120
33 124
33 168
33 173
33 191
33 199
33 201
33 219
33 228
33 266
33 272
33 294
34 49
34 56
34 62
34 67
34 86
34 88
34 95
34 104
34 107
34 115
34 118
34 137
34 140
34 149
34 152
34 157
34 164
34 170
34 174
34 182
34 189
34 223
34 228
34 297
35 39
35 42
35 52
35 61
35 82
35 104
35 119
35 121
35 122
35 137
35 146
35 148
35 159
35 162
35 171
35 190
35 192
35 193
35 194
35 202
35 209
35 216
35 234
35 240
35 246
35 256
35 258
35 262
35 263
35 265
35 277
36 45
36 65
36 84
36 87
36 89
36 97
36 98
36 115
36 121
36 155
36 165
36 177
36 193
36 205
36 246
36 252
36 263
36 264
36 280
36 294
37 53
37 61
37 68
37 71
37 89
37 94
37 95
37 96
37 100
37 105
37 152
37 155
37 168
37 173
37 180
37 205
37 207
37 213
37 224
37 229
37 237
37 239
37 255
37 266
37 274
37 278
37 284
37 298
38 46
38 57
38 58
38 64
38 65
38 94
38 105
38 113
38 115
38 120
38 134
38 135
38 146
38 149
38 175
38 179
38 181
38 187
38 188
38 190
38 202
38 210
38 211
38 214
38 234
38 257
38 269
38 273
38 278
38 286
38 294
39 47
39 56
39 78
39 85
39 102
39 118
39 126
39 168
39 186
39 193
39 224
39 230
39 232
39 233
39 244
39 246
39 272
39 274
39 281
40 42
40 67
40 69
40 107
40 120
40 133
40 151
40 159
40 168
40 172
40 186
40 206
40 207
40 230
40 232
40 235
40 241
40 261
40 276
40 280
40 283
40 290
40 292
40 293
40 294
41 44
41 54
41 55
41 77
41 79
41 82
41 95
41 101
41 107
41 109
41 121
41 124
41 129
41 148
41 158
41 159
41 174
41 176
41 189
41 193
41 199
41 210
41 218
41 223
41 233
41 236
41 289
42 45
42 60
42 66
42 68
42 77
42 85
42 88
42 103
42 112
42 118
42 128
42 131
42 148
42 159
42 174
42 178
42 183
42 184
42 191
42 205
42 232
42 234
42 253
42 260
42 264
42 268
42 283
42 286
43 48
43 66
43 73
43 75
43 87
43 105
43 128
43 131
43 165
43 166
43 170
43 177
43 190
43 191
43 201
43 206
43 214
43 234
43 239
43 271
43 273
43 299
44 49
44 75
44 77
44 79
44 86
44 93
44 95
44 115
44 122
44 129
44 141
44 151
44 170
44 183
44 197
44 220
44 225
44 230
44 235
44 250
44 265
44 280
44 281
45 50
45 59
45 63
45 71
45 98
45 102
45 117
45 129
45 148
45 171
45 172
45 184
45 226
45 232
45 244
45 245
45 265
45 272
45 276
45 280
45 285
45 296
46 63
46 66
46 86
46 87
46 89
46 91
46 96
46 111
46 139
46 142
46 161
46 168
46 173
46 187
46 194
46 197
46 200
46 207
46 213
46 223
46 233
46 245
46 258
46 265
47 57
47 60
47 70
47 89
47 92
47 103
47 129
47 131
47 148
47 162
47 164
47 171
47 212
47 213
47 221
47 222
47 241
47 248
47 258
47 261
47 264
47 273
47 274
47 277
47 288
47 294
48 53
48 62
48 70
48 71
48 80
48 82
48 85
48 92
48 118
48 121
48 149
48 151
48 159
48 165
48 180
48 189
48 212
48 221
48 228
48 232
48 237
48 247
48 253
48 254
48 267
48 270
48 275
48 276
48 287
48 291
49 65
49 76
49 98
49 100
49 102
49 111
49 114
49 123
49 129
49 153
49 163
49 165
49 167
49 185
49 186
49 203
49 205
49 219
49 221
49 244
49 268
49 286
49 287
49 294
50 63
50 65
50 69
50 75
50 78
50 116
50 121
50 150
50 173
50 183
50 196
50 199
50 204
50 206
50 226
50 237
50 244
50 254
50 261
50 268
50 281
50 282
50 283
50 289
50 292
50 296
51 63
51 70
51 79
51 85
51 94
51 115
51 118
51 132
51 136
51 139
51 140
51 141
51 157
51 163
51 170
51 176
51 211
51 223
51 228
51 235
51 243
51 250
51 253
51 271
51 279
51 284
51 288
51 292
52 66
52 73
52 80
52 85
52 87
52 90
52 93
52 107
52 123
52 124
52 144
52 148
52 152
52 164
52 165
52 175
52 177
52 181
52 194
52 196
52 202
52 245
52 269
52 296
53 67
53 77
53 80
53 87
53 89
53 101
53 111
53 117
53 128
53 129
53 149
53 171
53 174
53 187
53 188
53 192
53 195
53 200
53 201
53 204
53 207
53 216
53 218
53 220
53 237
53 239
53 269
53 278
53 291
54 56
54 63
54 69
54 76
54 92
54 93
54 99
54 107
54 124
54 132
54 133
54 152
54 156
54 167
54 169
54 179
54 193
54 197
54 224
54 241
54 249
54 268
54 269
54 286
55 60
55 62
55 65
55 70
55 78
55 92
55 100
55 104
55 118
55 125
55 126
55 141
55 142
55 145
55 170
55 178
55 201
55 231
55 233
55 275
55 276
55 278
55 296
56 61
56 68
56 72
56 92
56 123
56 126
56 145
56 166
56 182
56 188
56 189
56 191
56 195
56 204
56 215
56 246
56 252
56 254
56 256
56 261
56 271
56 299
57 67
57 72
57 74
57 76
57 91
57 109
57 113
57 121
57 142
57 143
57 153
57 157
57 163
57 173
57 183
57 187
57 200
57 204
57 208
57 217
57 223
57 224
57 228
57 238
57 248
57 287
57 292
57 299
58 62
58 67
58 71
58 76
58 89
58 90
58 92
58 104
58 117
58 119
58 136
58 142
58 145
58 152
58 153
58 179
58 180
58 192
58 193
58 204
58 205
58 207
58 213
58 220
58 230
58 242
58 247
58 261
58 269
58 277
58 279
58 296
59 92
59 93
59 147
59 155
59 177
59 208
59 209
59 227
59 231
59 235
59 246
59 251
59 281
59 283
60 79
60 93
60 95
60 103
60 114
60 119
60 132
60 134
60 144
60 158
60 160
60 163
60 174
60 193
60 195
60 206
60 210
60 214
60 220
60 231
60 237
60 239
60 251
60 254
60 258
60 267
60 268
60 269
60 270
60 274
60 294
61 68
61 75
61 90
61 91
61 97
61 110
61 134
61 135
61 174
61 183
61 191
61 202
61 210
61 249
61 253
61 255
61 267
61 270
61 274
61 289
62 67
62 75
62 82
62 107
62 116
62 129
62 176
62 179
62 196
62 201
62 215
62 229
62 250
62 251
62 264
62 292
63 66
63 74
63 77
63 87
63 89
63 102
63 106
63 112
63 128
63 132
63 135
63 140
63 141
63 153
63 157
63 178
63 180
63 189
63 192
63 194
63 206
63 222
63 279
63 283
63 287
64 76
64 80
64 83
64 93
64 99
64 107
64 118
64 127
64 144
64 155
64 160
64 169
64 178
64 183
64 218
64 222
64 228
64 240
64 245
64 252
64 258
64 263
64 274
64 277
64 293
64 297
65 72
65 74
65 77
65 97
65 102
65 126
65 131
65 139
65 149
65 150
65 162
65 183
65 186
65 192
65 215
65 217
65 225
65 233
65 234
65 236
65 249
65 258
65 263
65 270
65 276
66 70
66 71
66 78
66 89
66 97
66 101
66 122
66 123
66 129
66 130
66 144
66 170
66 220
66 237
66 257
66 274
66 285
67 68
67 74
67 81
67 89
67 94
67 99
67 102
67 105
67 111
67 114
67 118
67 123
67 129
67 131
67 155
67 163
67 165
67 169
67 172
67 188
67 193
67 204
67 206
67 208
67 211
67 215
67 224
67 225
67 237
67 250
67 252
67 278
67 284
68 69
68 75
68 86
68 99
68 101
68 116
68 130
68 136
68 142
68 154
68 160
68 170
68 177
68 183
68 207
68 208
68 210
68 214
68 239
68 240
68 265
68 266
68 280
68 282
68 283
68 294
68 295
68 296
68 299
69 92
69 122
69 151
69 152
69 174
69 180
69 189
69 192
69 216
69 220
69 233
69 235
69 256
69 261
69 263
69 266
69 268
69 287
69 297
69 299
70 73
70 81
70 90
70 96
70 97
70 107
70 122
70 130
70 131
70 140
70 150
70 161
70 168
70 173
70 177
70 194
70 202
70 236
70 246
70 252
70 253
70 260
70 284
70 294
70 299
71 85
71 102
71 109
71 136
71 155
71 156
71 167
71 170
71 171
71 173
71 180
71 204
71 206
71 227
71 228
71 231
71 247
71 248
71 264
71 284
71 294
72 75
72 76
72 86
72 95
72 105
72 123
72 130
72 139
72 143
72 147
72 149
72 167
72 178
72 180
72 187
72 203
72 226
72 242
72 256
72 266
72 267
72 269
72 272
72 283
72 284
72 289
72 292
72 293
72 296
73 91
73 94
73 98
73 106
73 144
73 152
73 158
73 159
73 174
73 178
73 180
73 182
73 221
73 233
73 249
73 265
73 271
73 275
73 278
73 280
73 284
73 289
74 86
74 95
74 97
74 102
74 107
74 110
74 118
74 123
74 124
74 132
74 133
74 135
74 137
74 148
74 158
74 167
74 189
74 194
74 205
74 215
74 237
74 238
74 243
74 257
74 258
74 287
74 292
75 77
75 94
75 100
75 116
75 120
75 126
75 127
75 129
75 147
75 159
75 178
75 192
75 194
75 222
75 225
75 230
75 256
75 268
75 271
75 275
75 285
75 289
75 290
75 297
76 120
76 136
76 138
76 139
76 145
76 147
76 149
76 153
76 191
76 209
76 244
76 254
76 259
76 271
76 275
76 288
76 294
76 296
77 93
77 95
77 130
77 131
77 140
77 153
77 165
77 175
77 179
77 182
77 198
77 204
77 230
77 233
77 240
77 250
77 252
77 255
77 265
77 266
77 274
78 109
78 112
78 145
78 153
78 154
78 162
78 186
78 201
78 205
78 206
78 236
78 238
78 240
78 249
78 283
78 290
78 292
79 80
79 121
79 134
79 135
79 142
79 145
79 147
79 150
79 152
79 169
79 173
79 178
79 184
79 186
79 208
79 228
79 229
79 237
79 244
79 260
80 105
80 109
80 112
80 118
80 140
80 153
80 171
80 173
80 186
80 188
80 201
80 213
80 217
80 223
80 228
80 245
80 247
80 251
80 266
80 276
80 278
80 288
80 289
80 290
80 293
81 95
81 103
81 117
81 128
81 134
81 140
81 144
81 147
81 151
81 154
81 162
81 168
81 176
81 177
81 188
81 193
81 201
81 202
81 205
81 214
81 220
81 226
81 245
81 254
81 268
81 274
81 280
81 290
82 83
82 91
82 128
82 133
82 155
82 179
82 180
82 189
82 198
82 209
82 210
82 219
82 226
82 237
82 244
82 247
82 255
82 266
82 283
82 285
82 299
83 85
83 92
83 120
83 122
83 125
83 130
83 131
83 136
83 137
83 151
83 158
83 170
83 176
83 186
83 262
83 288
83 297
83 298
84 87
84 112
84 132
84 150
84 163
84 170
84 212
84 226
84 227
84 229
84 233
84 241
84 257
84 259
84 260
84 268
84 280
84 281
85 87
85 89
85 130
85 131
85 134
85 142
85 152
85 157
85 172
85 178
85 182
85 201
85 211
85 217
85 240
85 250
85 262
85 274
85 275
85 280
85 299
86 114
86 118
86 127
86 156
86 178
86 182
86 188
86 189
86 218
86 231
86 236
86 255
86 258
86 265
86 267
86 281
87 94
87 122
87 140
87 142
87 152
87 156
87 162
87 169
87 170
87 178
87 188
87 190
87 212
87 216
87 226
87 254
87 268
87 269
87 283
87 291
87 293
88 101
88 103
88 121
88 131
88 141
88 152
88 186
88 197
88 201
88 212
88 213
88 250
88 265
88 271
88 272
88 288
88 290
89 116
89 143
89 196
89 230
89 256
89 263
89 267
89 294
90 119
90 143
90 152
90 178
90 194
90 206
90 208
90 209
90 219
90 228
90 229
90 230
90 240
90 251
90 255
90 265
90 267
90 275
90 277
90 288
90 289
91 119
91 126
91 127
91 129
91 130
91 139
91 153
91 164
91 165
91 171
91 179
91 183
91 190
91 207
91 223
91 235
91 242
91 246
91 261
91 270
91 274
91 288
91 296
91 298
92 95
92 106
92 110
92 114
92 117
92 121
92 122
92 128
92 136
92 137
92 138
92 145
92 150
92 174
92 180
92 181
92 182
92 188
92 191
92 193
92 195
92 202
92 214
92 236
92 238
92 242
92 245
92 251
92 252
92 257
92 261
92 268
92 275
92 279
93 99
93 101
93 108
93 125
93 136
93 144
93 153
93 173
93 212
93 213
93 216
93 228
93 234
93 239
93 255
93 276
93 278
93 285
94 100
94 101
94 104
94 147
94 154
94 158
94 167
94 178
94 183
94 201
94 212
94 215
94 217
94 220
94 232
94 234
94 235
94 247
94 262
94 277
94 295
95 103
95 109
95 132
95 134
95 144
95 146
95 153
95 161
95 162
95 220
95 243
95 244
95 248
95 249
95 277
95 288
95 293
95 297
95 298
95 299
96 118
96 124
96 127
96 139
96 151
96 160
96 163
96 172
96 179
96 204
96 208
96 222
96 224
96 234
96 250
96 262
96 270
96 278
96 282
96 283
96 284
96 286
97 121
97 123
97 131
97 143
97 164
97 165
97 166
97 174
97 181
97 205
97 206
97 236
97 245
97 246
97 253
97 256
97 263
97 279
97 280
97 285
97 298
98 113
98 124
98 131
98 134
98 142
98 149
98 155
98 166
98 171
98 185
98 195
98 212
98 239
98 246
98 260
98 261
98 285
99 106
99 108
99 118
99 122
99 132
99 134
99 155
99 159
99 173
99 176
99 181
99 182
99 187
99 204
99 211
99 212
99 225
99 238
99 242
99 245
99 246
99 247
99 253
99 268
99 269
99 272
99 276
99 283
99 288
99 289
99 294
99 296
99 297
99 299
100 101
100 105
100 107
100 137
100 138
100 151
100 156
100 170
100 174
100 182
100 185
100 188
100 192
100 221
100 238
100 248
100 254
100 262
100 264
100 267
100 268
100 295
101 102
101 110
101 122
101 124
101 131
101 166
101 185
101 189
101 218
101 219
101 222
101 228
101 233
101 246
101 251
101 253
101 256
101 265
101 272
101 289
102 104
102 123
102 124
102 125
102 130
102 134
102 146
102 152
102 155
102 159
102 162
102 174
102 176
102 191
102 196
102 213
102 216
102 231
102 247
102 269
102 273
102 281
102 291
103 126
103 127
103 130
103 138
103 147
103 159
103 172
103 178
103 180
103 198
103 204
103 205
103 208
103 243
103 277
103 288
103 296
104 105
104 107
104 114
104 118
104 135
104 162
104 163
104 172
104 185
104 189
104 200
104 208
104 209
104 223
104 262
104 268
104 281
104 286
105 106
105 132
105 145
105 150
105 174
105 175
105 185
105 190
105 221
105 228
105 234
105 251
105 281
105 283
106 111
106 113
106 115
106 116
106 127
106 140
106 151
106 168
106 170
106 175
106 179
106 181
106 185
106 186
106 194
106 205
106 206
106 214
106 231
106 272
106 287
106 298
106 299
107 118
107 127
107 154
107 171
107 185
107 186
107 190
107 196
107 202
107 214
107 223
107 229
107 230
107 239
107 242
107 249
107 260
107 272
107 274
107 281
108 111
108 138
108 142
108 145
108 146
108 151
108 157
108 159
108 160
108 175
108 204
108 214
108 227
108 236
108 240
108 250
108 251
108 255
108 274
108 291
108 292
109 130
109 134
109 141
109 153
109 159
109 192
109 200
109 248
109 259
109 261
109 265
109 277
109 291
110 115
110 129
110 130
110 132
110 144
110 168
110 193
110 195
110 204
110 209
110 218
110 220
110 223
110 225
110 254
110 272
110 276
110 288
110 292
111 119
111 120
111 126
111 127
111 138
111 154
111 176
111 178
111 186
111 190
111 204
111 225
111 231
111 239
111 268
111 286
111 290
111 296
111 297
112 140
112 152
112 157
112 170
112 176
112 178
112 193
112 203
112 219
112 221
112 222
112 226
112 230
112 262
113 124
113 125
113 127
113 150
113 159
113 162
113 170
113 173
113 177
113 185
113 188
113 213
113 215
113 216
113 226
113 237
113 252
113 256
113 272
113 277
113 283
113 285
114 134
114 136
114 141
114 144
114 146
114 148
114 166
114 175
114 183
114 185
114 195
114 206
114 232
114 233
114 235
114 239
114 246
114 253
114 273
114 291
114 295
114 298
115 118
115 127
115 129
115 131
115 139
115 142
115 156
115 167
115 188
115 190
115 191
115 210
115 233
115 242
115 266
115 269
115 277
115 284
116 117
116 132
116 168
116 189
116 194
116 196
116 205
116 216
116 220
116 253
116 257
116 265
116 266
116 277
116 279
116 287
116 288
117 132
117 133
117 140
117 164
117 167
117 178
117 180
117 181
117 186
117 189
117 197
117 200
117 208
117 223
117 231
117 236
117 239
117 263
117 270
117 285
118 138
118 146
118 152
118 153
118 158
118 162
118 175
118 182
118 192
118 196
118 197
118 204
118 209
118 218
118 257
118 261
118 263
118 269
118 284
118 286
119 121
119 131
119 137
119 138
119 181
119 186
119 188
119 195
119 204
119 233
119 234
119 239
119 251
119 252
119 255
119 262
119 267
119 280
119 288
119 293
119 297
119 298
120 121
120 166
120 169
120 171
120 178
120 182
120 204
120 216
120 233
120 261
120 262
120 274
120 279
120 286
120 290
121 130
121 132
121 143
121 153
121 155
121 170
121 171
121 178
121 182
121 189
121 191
121 203
121 204
121 214
121 216
121 243
121 266
121 269
121 271
121 281
121 285
122 130
122 136
122 162
122 168
122 198
122 206
122 218
122 229
122 232
122 238
122 239
122 243
122 249
122 268
122 296
123 125
123 146
123 166
123 167
123 172
123 187
123 197
123 199
123 250
123 253
123 282
124 142
124 165
124 166
124 167
124 175
124 183
124 186
124 211
124 229
124 240
124 241
124 242
124 243
124 245
124 258
124 264
124 268
124 277
124 278
124 289
124 298
125 127
125 130
125 135
125 162
125 166
125 174
125 209
125 229
125 234
125 243
125 280
125 282
125 284
125 298
126 144
126 147
126 165
126 179
126 184
126 196
126 201
126 205
126 207
126 209
126 224
126 229
126 239
126 248
126 252
126 256
126 267
126 277
127 145
127 160
127 177
127 178
127 188
127 195
127 218
127 251
127 252
127 279
127 295
128 144
128 158
128 173
128 190
128 191
128 197
128 222
128 224
128 231
128 234
128 242
128 249
128 254
128 292
128 298
129 137
129 150
129 160
129 174
129 192
129 202
129 203
129 207
129 220
129 237
129 243
129 246
129 266
129 273
129 280
129 281
129 282
129 289
129 299
130 135
130 136
130 142
130 153
130 155
130 158
130 160
130 161
130 175
130 187
130 191
130 194
130 201
130 207
130 211
130 236
130 250
130 256
130 271
130 272
130 277
130 280
131 140
131 167
131 196
131 205
131 224
131 235
131 236
131 243
131 255
131 258
131 273
131 286
131 298
131 299
132 137
132 149
132 158
132 159
132 162
132 195
132 243
132 246
132 266
132 275
132 281
133 135
133 138
133 145
133 146
133 153
133 160
133 162
133 168
133 177
133 187
133 274
134 154
134 164
134 171
134 172
134 203
134 222
134 223
134 224
134 226
134 228
134 230
134 234
134 244
134 245
134 262
134 282
134 294
135 137
135 145
135 164
135 191
135 192
135 199
135 200
135 237
135 241
135 245
135 249
135 260
135 266
135 273
135 277
136 147
136 153
136 159
136 180
136 181
136 186
136 199
136 202
136 204
136 211
136 216
136 221
136 227
136 240
136 248
136 262
136 280
136 284
136 298
137 141
137 143
137 144
137 161
137 182
137 185
137 207
137 213
137 221
137 264
137 268
137 272
137 274
137 275
137 280
137 284
137 288
137 294
138 145
138 147
138 153
138 174
138 179
138 181
138 183
138 190
138 193
138 194
138 210
138 211
138 213
138 214
138 221
138 224
138 228
138 244
138 245
138 247
138 253
138 255
138 279
139 164
139 176
139 191
139 195
139 204
139 220
139 225
139 226
139 227
139 236
139 237
139 263
139 269
139 285
139 290
140 158
140 207
140 227
140 228
140 240
140 246
140 262
140 271
140 273
140 292
140 298
141 150
141 153
141 156
141 158
141 168
141 170
141 189
141 190
141 206
141 221
141 223
141 225
141 226
141 255
141 275
141 277
141 291
141 294
141 298
142 154
142 157
142 171
142 172
142 174
142 176
142 179
142 189
142 193
142 208
142 234
142 237
142 246
142 252
142 254
142 285
142 288
142 291
142 292
142 294
143 155
143 164
143 182
143 205
143 213
143 221
143 224
143 226
143 233
143 242
143 244
143 259
143 264
143 267
143 273
143 285
144 165
144 192
144 196
144 199
144 218
144 233
144 248
144 282
144 289
145 154
145 175
145 176
145 224
145 225
145 237
145 239
145 270
145 277
145 282
145 287
145 290
145 293
146 148
146 162
146 179
146 188
146 189
146 191
146 192
146 213
146 219
146 221
146 227
146 230
146 231
146 242
146 244
146 269
146 273
146 287
147 152
147 153
147 159
147 168
147 175
147 219
147 229
147 249
147 258
147 264
147 270
147 283
147 298
148 168
148 175
148 185
148 189
148 190
148 198
148 205
148 213
148 216
148 233
148 240
148 244
148 256
148 280
148 286
149 156
149 157
149 175
149 190
149 205
149 210
149 220
149 240
149 253
149 257
149 270
149 289
149 291
150 152
150 156
150 176
150 213
150 214
150 233
150 244
150 256
150 282
150 286
151 153
151 154
151 156
151 157
151 159
151 195
151 225
151 238
151 246
151 272
151 288
151 297
152 195
152 263
152 286
152 290
152 298
153 175
153 182
153 194
153 196
153 209
153 214
153 217
153 222
153 231
153 237
153 246
153 248
153 256
153 257
153 262
153 277
153 287
153 289
153 291
154 169
154 170
154 186
154 187
154 203
154 209
154 212
154 216
154 232
154 255
154 261
154 266
154 279
154 282
154 283
154 286
154 287
154 289
154 290
154 294
155 158
155 165
155 170
155 171
155 176
155 201
155 230
155 231
155 250
155 263
156 168
156 179
156 217
156 219
156 227
156 230
156 234
156 247
156 250
156 258
157 180
157 183
157 192
157 207
157 219
157 286
157 290
157 292
157 293
158 160
158 167
158 169
158 170
158 172
158 175
158 194
158 202
158 205
158 230
158 248
158 249
158 256
158 269
158 270
158 276
158 282
158 294
158 298
159 174
159 175
159 177
159 188
159 190
159 195
159 202
159 233
159 243
159 265
159 282
160 162
160 165
160 174
160 179
160 198
160 200
160 204
160 205
160 260
160 269
160 270
160 277
160 282
160 299
161 181
161 190
161 192
161 195
161 201
161 203
161 204
161 210
161 232
161 239
161 269
161 275
161 298
161 299
162 170
162 173
162 181
162 197
162 198
162 202
162 225
162 229
162 231
162 234
162 237
162 238
162 239
162 245
162 259
162 260
162 270
162 271
162 294
163 169
163 188
163 189
163 193
163 204
163 216
163 237
163 254
163 256
163 286
163 291
164 175
164 176
164 184
164 231
164 232
164 242
164 250
164 258
164 261
164 268
164 280
164 293
165 177
165 195
165 208
165 210
165 212
165 213
165 215
165 218
165 220
165 221
165 233
165 236
165 244
165 254
165 265
165 283
165 284
166 172
166 176
166 177
166 199
166 201
166 220
166 247
166 252
166 253
166 254
166 259
166 260
167 170
167 177
167 184
167 188
167 227
167 228
167 239
167 251
167 260
167 273
167 280
167 290
167 291
168 175
168 185
168 208
168 226
168 240
168 242
168 270
168 271
168 272
168 276
168 290
168 291
168 294
169 175
169 198
169 208
169 219
169 222
169 235
169 249
169 254
169 263
169 268
169 282
169 284
169 287
169 289
169 293
170 171
170 178
170 210
170 220
170 237
170 248
170 272
170 274
170 281
170 282
170 284
170 294
170 296
171 213
171 215
171 228
171 236
171 242
171 244
171 265
171 266
171 270
171 297
172 181
172 203
172 207
172 211
172 216
172 219
172 222
172 238
172 245
172 259
172 266
172 277
173 174
173 185
173 187
173 188
173 189
173 199
173 210
173 224
173 225
173 235
173 243
173 253
173 285
173 299
174 177
174 182
174 187
174 199
174 204
174 211
174 214
174 239
174 241
174 248
174 259
174 263
174 274
174 290
174 293
175 181
175 194
175 197
175 241
175 250
175 265
175 277
175 283
175 284
175 291
175 296
176 177
176 181
176 190
176 193
176 194
176 195
176 197
176 224
176 227
176 237
176 240
176 248
176 257
176 270
176 286
177 183
177 188
177 194
177 205
177 242
177 248
177 250
177 256
177 259
177 265
177 269
177 274
178 182
178 187
178 215
178 225
178 230
178 231
178 245
178 253
178 257
178 274
178 280
178 292
178 293
179 184
179 195
179 200
179 208
179 209
179 228
179 234
179 239
179 251
179 254
179 260
179 276
179 279
179 287
180 202
180 205
180 208
180 210
180 214
180 215
180 216
180 242
180 252
180 269
180 280
180 282
180 291
180 297
181 184
181 200
181 220
181 223
181 232
181 233
181 234
181 245
181 289
181 291
181 294
181 296
182 204
182 206
182 219
182 223
182 224
182 233
182 266
182 274
182 292
183 185
183 186
183 189
183 208
183 222
183 223
183 232
183 234
183 238
183 247
183 265
183 281
184 188
184 198
184 202
184 206
184 208
184 209
184 236
184 282
184 291
185 188
185 189
185 191
185 193
185 202
185 206
185 216
185 227
185 230
185 233
185 277
185 284
185 286
185 288
185 292
186 188
186 206
186 220
186 240
186 253
186 260
186 262
186 266
186 279
186 281
186 285
186 289
186 293
187 197
187 204
187 218
187 272
187 277
187 283
187 284
187 289
188 200
188 219
188 221
188 228
188 238
188 239
188 281
188 284
188 287
189 192
189 196
189 223
189 232
189 237
189 245
189 267
189 274
189 276
189 281
189 287
189 295
190 206
190 224
190 225
190 255
190 258
190 270
190 276
190 289
191 195
191 200
191 205
191 215
191 218
191 260
191 261
191 262
191 283
191 291
191 293
191 294
191 297
191 299
192 220
192 222
192 229
192 246
192 256
192 257
192 283
192 285
193 205
193 211
193 218
193 244
193 252
193 264
193 269
193 272
193 273
193 284
194 200
194 210
194 227
194 234
194 255
194 263
194 285
194 289
195 196
195 199
195 200
195 201
195 211
195 263
195 269
195 295
196 198
196 214
196 216
196 218
196 231
196 236
196 238
196 247
196 249
196 250
196 256
196 262
197 202
197 218
197 226
197 242
197 246
197 254
197 256
197 286
197 291
197 293
198 205
198 207
198 217
198 234
198 235
198 240
198 272
198 283
198 289
198 291
199 201
199 221
199 229
199 238
199 245
199 250
199 257
199 265
199 268
199 280
200 207
200 221
200 241
200 255
200 262
200 274
200 277
200 283
200 299
201 227
201 243
201 246
201 252
201 260
201 261
201 271
201 274
201 278
201 285
201 291
202 205
202 209
202 220
202 221
202 236
202 238
202 266
202 269
202 270
202 280
202 282
202 289
202 294
203 208
203 212
203 223
203 240
203 243
203 247
203 259
203 260
203 261
203 269
203 283
203 286
203 299
204 206
204 228
204 234
204 238
204 241
204 250
204 263
204 291
204 296
205 206
205 212
205 238
205 239
205 252
205 268
205 288
205 293
205 294
205 296
206 207
206 210
206 213
206 231
206 233
206 254
206 280
207 208
207 225
207 238
207 241
207 247
207 252
207 285
207 286
207 288
207 294
208 214
208 231
208 232
208 243
208 249
208 251
208 281
208 283
208 284
208 287
208 294
209 217
209 221
209 267
209 278
209 279
209 285
210 214
210 216
210 238
210 241
210 247
210 263
210 269
210 277
210 280
210 286
211 218
211 220
211 248
211 254
211 266
211 269
211 275
211 284
212 236
212 244
212 252
212 257
212 258
212 261
212 263
212 272
212 279
212 293
212 299
213 216
213 217
213 218
213 220
213 243
213 259
213 268
213 283
213 289
214 226
214 228
214 255
214 272
214 285
214 292
214 295
215 216
215 221
215 228
215 232
215 280
215 283
216 220
216 222
216 227
216 243
216 248
216 258
216 260
216 267
216 274
216 281
216 284
216 290
216 294
217 237
217 238
217 239
217 254
217 273
217 281
217 282
217 297
218 221
218 232
218 259
218 283
218 292
219 231
219 233
219 242
219 244
219 252
219 253
219 259
219 268
220 222
220 227
220 231
220 236
220 253
220 262
220 277
220 284
220 286
220 289
220 298
221 244
221 273
221 277
221 289
221 293
222 225
222 229
222 239
222 247
222 287
222 293
222 295
223 234
223 235
223 236
223 253
223 283
224 243
224 262
224 268
224 271
224 292
224 295
225 227
225 238
225 239
225 244
225 245
225 257
225 268
225 276
225 279
225 281
225 291
225 294
225 295
225 296
226 232
226 242
226 259
226 275
226 294
227 234
227 238
227 240
227 256
227 271
227 274
228 245
228 257
228 267
228 288
228 289
229 234
229 245
229 274
229 289
229 296
230 233
230 234
230 262
230 278
230 293
230 299
231 244
231 256
231 263
231 264
231 276
231 281
231 285
231 291
232 248
232 280
232 283
232 294
233 234
233 240
233 244
233 249
233 260
233 264
233 267
233 272
233 298
234 242
234 247
234 250
234 262
234 269
235 242
235 243
235 246
235 248
235 253
235 263
235 267
235 271
235 275
235 286
235 293
235 294
236 253
236 278
236 279
236 284
236 286
236 298
237 240
237 241
237 245
237 252
237 254
237 282
238 241
238 242
238 253
238 258
238 294
238 297
238 299
239 240
239 243
239 244
239 251
239 253
239 266
240 253
240 260
240 261
240 265
240 272
240 279
240 286
240 291
240 295
241 249
241 254
241 270
241 293
241 295
241 298
242 255
242 273
242 274
242 282
242 284
242 294
243 256
243 269
243 270
243 272
243 298
244 262
244 265
244 293
244 295
245 266
245 268
245 272
245 288
245 299
246 251
246 265
246 277
246 280
247 248
247 256
247 266
247 270
247 277
247 295
247 296
247 297
248 252
248 258
248 261
248 265
248 274
248 276
248 290
248 298
249 281
249 286
249 289
249 296
249 297
250 268
250 269
250 295
251 252
251 258
251 260
251 275
251 277
251 291
251 295
251 298
251 299
252 255
252 256
252 286
252 292
252 293
253 261
253 282
254 272
254 276
254 291
254 293
254 295
254 297
255 259
255 271
255 285
255 286
255 293
255 295
255 298
256 263
256 278
256 295
257 269
257 270
257 274
257 283
257 287
257 297
258 280
258 283
258 286
258 293
258 298
258 299
259 260
259 266
259 274
259 285
259 286
259 287
260 280
260 287
261 268
261 273
261 285
261 294
262 263
262 272
262 274
262 276
262 284
262 289
262 293
263 288
263 290
264 296
265 267
265 282
265 285
266 267
266 269
266 275
267 280
267 282
267 291
267 293
267 295
267 297
269 272
269 282
269 286
269 291
270 280
270 285
272 278
272 283
272 289
273 284
273 293
274 276
274 297
275 278
275 289
277 280
277 282
277 286
277 288
277 297
279 285
279 287
279 296
280 285
280 292
280 298
281 291
283 287
283 296
284 290
287 291
288 290
289 295
290 293
290 299
291 293
292 293
296 299
219 32 70 108 68 73 14 44 238 244 194 92 61 273 166 37 86 119 141 146 240 176 79 297 276 216 284 97 237 40 133 236 286 112 228 283 156 289 245 211 106 24 83 152 294 69 263 208 53 103 101 17 75 203 16 20 243 282 298 58
153 64 109 217 77 71 8 125 210 63 50 174 292 128 253 232 254 160 190 201 264 213 175 118 206 60 262 105 22 293 1 260 36 186 148 187 67 35 114 241 45 171 98 197 131 169 247 41 102 214 54 251 122 130 127 239 104 178 2 268
30 25 220 3 193 295 180 281 154 288 167 200 81 113 18 65 231 274 229 48 142 89 15 94 95 137 270 51 189 26 31 78 84 266 82 6 34 275 9 267 85 100 46 29 234 157 168 204 224 181 164 207 134 249 126 161 230 179 261 271
195 158 138 172 221 198 205 27 55 235 225 287 12 136 33 129 149 258 107 87 150 80 182 39 76 116 242 110 265 233 184 91 170 144 192 5 278 124 296 188 255 11 143 279 88 151 7 38 280 147 43 222 111 66 140 277 10 21 96 177
59 215 19 162 209 49 256 0 257 191 28 259 185 291 90 139 99 62 199 115 42 250 252 212 93 132 13 117 202 163 56 159 120 290 165 123 246 227 285 269 183 145 47 23 218 248 72 74 272 57 226 121 4 223 299 196 155 173 135 52
