300
4403
7
0 11
0 41
0 43
0 53
0 59
0 68
0 73
0 80
0 82
0 102
0 115
0 125
0 144
0 159
0 183
0 184
0 199
0 228
0 253
0 270
0 272
0 277
0 289
1 8
1 14
1 31
1 35
1 37
1 43
1 51
1 53
1 65
1 83
1 87
1 94
1 98
1 110
1 118
1 122
1 149
1 173
1 196
1 207
1 212
1 216
1 220
1 277
1 284
1 297
2 17
2 31
2 57
2 92
2 104
2 108
2 133
2 136
2 144
2 151
2 163
2 167
2 168
2 175
2 191
2 199
2 223
2 228
2 240
2 244
2 249
2 251
2 254
2 256
2 258
2 259
2 268
2 270
2 275
2 280
2 283
2 294
3 4
3 7
3 14
3 20
3 38
3 41
3 56
3 65
3 67
3 68
3 81
3 117
3 138
3 151
3 152
3 156
3 158
3 180
3 188
3 189
3 198
3 227
3 232
3 267
3 282
3 292
3 295
3 296
4 11
4 13
4 21
4 25
4 51
4 66
4 76
4 81
4 103
4 112
4 165
4 169
4 180
4 193
4 239
4 259
4 265
4 280
4 287
5 9
5 18
5 40
5 45
5 66
5 68
5 74
5 88
5 89
5 92
5 93
5 94
5 115
5 152
5 153
5 157
5 161
5 169
5 177
5 195
5 204
5 225
5 227
5 235
5 247
5 260
5 261
5 268
5 271
5 274
5 277
5 287
5 291
5 294
6 11
6 32
6 34
6 43
6 54
6 58
6 99
6 100
6 107
6 108
6 117
6 123
6 124
6 144
6 148
6 158
6 164
6 167
6 172
6 175
6 183
6 201
6 226
6 241
6 247
6 258
6 269
6 279
6 299
7 18
7 24
7 27
7 39
7 40
7 49
7 63
7 67
7 69
7 118
7 120
7 124
7 127
7 151
7 154
7 161
7 176
7 201
7 203
7 206
7 207
7 217
7 226
7 230
7 233
7 241
7 245
7 248
7 266
7 273
7 299
8 21
8 37
8 40
8 44
8 52
8 53
8 61
8 87
8 91
8 95
8 110
8 127
8 135
8 149
8 155
8 159
8 160
8 161
8 184
8 189
8 219
8 225
8 227
8 230
8 236
8 243
8 246
8 255
8 263
8 265
8 268
8 271
8 279
9 14
9 16
9 23
9 24
9 27
9 48
9 57
9 87
9 91
9 96
9 99
9 100
9 103
9 104
9 114
9 118
9 121
9 140
9 152
9 189
9 196
9 227
9 265
9 268
9 274
10 33
10 43
10 53
10 59
10 62
10 63
10 65
10 66
10 67
10 71
10 75
10 102
10 103
10 108
10 109
10 110
10 115
10 119
10 158
10 159
10 166
10 178
10 188
10 214
10 216
10 224
10 228
10 251
10 252
10 253
10 257
10 264
10 275
10 291
11 16
11 36
11 42
11 46
11 48
11 49
11 55
11 71
11 72
11 79
11 83
11 84
11 113
11 120
11 157
11 167
11 169
11 170
11 185
11 191
11 214
11 226
11 238
11 252
11 270
11 282
11 286
11 289
11 297
11 298
12 18
12 55
12 62
12 70
12 72
12 76
12 77
12 83
12 92
12 102
12 105
12 113
12 114
12 115
12 118
12 123
12 126
12 130
12 133
12 139
12 141
12 144
12 146
12 183
12 184
12 193
12 230
12 253
12 260
12 263
12 289
12 290
12 298
13 18
13 24
13 27
13 30
13 46
13 48
13 49
13 55
13 60
13 63
13 65
13 68
13 83
13 92
13 93
13 109
13 112
13 114
13 153
13 159
13 167
13 177
13 180
13 213
13 215
13 216
13 244
13 252
13 266
13 271
13 279
13 284
13 293
13 297
14 35
14 47
14 52
14 103
14 108
14 110
14 114
14 115
14 117
14 119
14 133
14 142
14 161
14 177
14 193
14 196
14 212
14 217
14 232
14 252
14 254
14 274
14 275
14 279
14 293
15 18
15 21
15 29
15 40
15 46
15 57
15 60
15 72
15 74
15 76
15 90
15 98
15 100
15 101
15 112
15 114
15 116
15 131
15 144
15 152
15 153
15 160
15 161
15 176
15 182
15 214
15 220
15 223
15 236
15 239
15 241
15 257
15 267
15 275
15 284
15 292
15 298
16 31
16 51
16 64
16 71
16 81
16 82
16 88
16 101
16 115
16 120
16 136
16 139
16 181
16 182
16 196
16 199
16 220
16 224
16 227
16 232
16 235
16 265
16 267
16 273
16 284
17 30
17 39
17 44
17 52
17 68
17 77
17 78
17 83
17 105
17 127
17 134
17 137
17 139
17 144
17 148
17 152
17 154
17 156
17 158
17 196
17 202
17 213
17 229
17 245
17 274
17 287
17 288
17 294
18 21
18 50
18 68
18 94
18 110
18 112
18 117
18 164
18 178
18 193
18 196
18 210
18 217
18 222
18 231
18 233
18 248
18 268
18 276
18 281
18 288
18 299
19 21
19 24
19 59
19 61
19 64
19 83
19 88
19 90
19 93
19 96
19 98
19 102
19 120
19 125
19 129
19 154
19 161
19 178
19 195
19 207
19 227
19 236
19 264
19 267
19 272
19 275
19 277
19 279
19 289
19 295
20 27
20 38
20 49
20 63
20 68
20 72
20 73
20 89
20 92
20 116
20 125
20 127
20 150
20 161
20 175
20 178
20 197
20 209
20 215
20 239
20 252
20 257
20 265
20 267
20 271
20 284
20 289
20 294
21 23
21 26
21 27
21 37
21 52
21 67
21 74
21 99
21 122
21 142
21 145
21 152
21 163
21 177
21 179
21 180
21 186
21 193
21 195
21 226
21 234
21 235
21 236
21 247
21 248
21 256
21 292
22 23
22 31
22 61
22 63
22 65
22 74
22 81
22 107
22 123
22 125
22 128
22 135
22 146
22 154
22 167
22 170
22 179
22 189
22 194
22 196
22 212
22 240
22 251
22 299
23 34
23 35
23 54
23 72
23 79
23 84
23 96
23 117
23 134
23 135
23 142
23 168
23 177
23 182
23 185
23 188
23 212
23 215
23 220
23 230
23 232
23 256
23 257
23 269
23 286
23 287
23 290
23 297
23 298
24 31
24 39
24 45
24 49
24 64
24 66
24 69
24 70
24 100
24 108
24 146
24 159
24 168
24 172
24 180
24 184
24 186
24 200
24 209
24 220
24 233
24 242
24 243
24 252
24 254
24 259
24 262
24 263
24 281
24 285
24 290
24 298
25 33
25 36
25 37
25 45
25 47
25 52
25 53
25 62
25 73
25 94
25 121
25 150
25 154
25 159
25 173
25 178
25 192
25 193
25 196
25 201
25 207
25 213
25 214
25 217
25 218
25 226
25 234
25 241
25 263
25 274
25 275
25 276
25 279
25 291
25 296
26 36
26 38
26 39
26 43
26 46
26 51
26 57
26 83
26 89
26 93
26 104
26 107
26 125
26 132
26 133
26 136
26 149
26 166
26 170
26 189
26 192
26 196
26 198
26 213
26 249
26 251
26 259
26 265
26 284
27 31
27 68
27 77
27 80
27 91
27 100
27 101
27 110
27 114
27 119
27 125
27 133
27 134
27 144
27 148
27 155
27 162
27 170
27 185
27 188
27 210
27 219
27 225
27 226
27 228
27 256
27 267
27 270
27 291
27 296
28 34
28 53
28 57
28 63
28 64
28 86
28 102
28 103
28 123
28 125
28 128
28 129
28 143
28 146
28 155
28 161
28 173
28 176
28 179
28 184
28 191
28 219
28 226
28 244
28 248
28 253
28 255
28 275
28 277
29 31
29 37
29 54
29 57
29 71
29 87
29 89
29 115
29 132
29 138
29 146
29 148
29 170
29 193
29 196
29 197
29 206
29 207
29 212
29 224
29 230
29 232
29 240
29 257
29 262
29 269
29 276
29 293
30 52
30 57
30 60
30 66
30 77
30 83
30 86
30 100
30 112
30 121
30 175
30 180
30 182
30 184
30 192
30 195
30 198
30 200
30 218
30 228
30 238
30 244
30 260
30 262
30 263
30 265
30 282
30 291
31 45
31 49
31 76
31 94
31 97
31 111
31 122
31 139
31 149
31 150
31 155
31 161
31 162
31 166
31 171
31 176
31 199
31 215
31 231
31 250
31 262
31 290
32 41
32 74
32 115
32 126
32 133
32 137
32 138
32 144
32 149
32 173
32 193
32 194
32 200
32 217
32 224
32 226
32 233
32 250
32 256
33 45
33 49
33 56
33 66
33 69
33 104
33 126
33 134
33 135
33 145
33 155
33 161
33 176
33 186
33 188
33 238
33 264
33 269
33 277
33 283
34 46
34 64
34 71
34 79
34 123
34 125
34 164
34 173
34 195
34 199
34 216
34 256
34 258
34 269
34 281
34 287
34 295
35 55
35 58
35 59
35 69
35 76
35 78
35 79
35 103
35 112
35 114
35 135
35 137
35 148
35 158
35 159
35 163
35 167
35 177
35 185
35 189
35 197
35 201
35 202
35 206
35 211
35 218
35 223
35 225
35 237
35 240
35 260
35 269
35 280
36 41
36 42
36 69
36 70
36 77
36 83
36 130
36 149
36 151
36 156
36 157
36 159
36 168
36 175
36 187
36 210
36 212
36 217
36 225
36 263
36 266
36 271
36 284
36 299
37 49
37 72
37 83
37 96
37 100
37 112
37 126
37 130
37 131
37 140
37 153
37 165
37 166
37 173
37 189
37 190
37 195
37 197
37 201
37 204
37 221
37 223
37 245
37 256
37 259
37 277
37 285
38 45
38 81
38 82
38 97
38 105
38 107
38 126
38 127
38 130
38 151
38 160
38 177
38 183
38 184
38 185
38 187
38 192
38 194
38 201
38 214
38 219
38 220
38 234
38 242
38 250
38 273
38 279
38 292
38 293
39 44
39 50
39 55
39 59
39 68
39 70
39 102
39 112
39 116
39 136
39 157
39 167
39 185
39 191
39 203
39 206
39 276
39 291
39 299
40 41
40 49
40 77
40 81
40 97
40 102
40 120
40 130
40 140
40 155
40 157
40 177
40 196
40 201
40 211
40 215
40 229
40 231
40 234
40 240
40 242
40 248
40 251
40 271
40 279
41 42
41 73
41 80
41 82
41 83
41 103
41 106
41 109
41 123
41 146
41 160
41 175
41 178
41 199
41 209
41 214
41 224
41 254
41 256
41 261
41 268
41 283
41 291
41 293
41 297
42 46
42 71
42 110
42 112
42 125
42 134
42 151
42 154
42 163
42 166
42 185
42 191
42 196
42 214
42 219
42 238
42 255
42 299
43 47
43 67
43 70
43 78
43 83
43 92
43 106
43 124
43 131
43 135
43 136
43 145
43 165
43 169
43 171
43 183
43 202
43 208
43 216
43 220
43 224
43 226
43 231
43 232
43 236
43 241
43 262
43 263
43 273
43 287
44 59
44 61
44 77
44 171
44 172
44 189
44 200
44 209
44 231
44 233
44 241
44 246
44 250
44 287
45 53
45 59
45 62
45 74
45 77
45 84
45 118
45 171
45 181
45 182
45 185
45 203
45 209
45 221
45 265
45 266
45 281
45 289
45 296
46 52
46 55
46 66
46 68
46 71
46 82
46 118
46 120
46 131
46 132
46 133
46 138
46 168
46 179
46 191
46 192
46 206
46 223
46 229
46 231
46 234
46 249
46 257
46 258
46 270
46 289
46 295
46 297
47 52
47 59
47 64
47 66
47 79
47 80
47 83
47 98
47 116
47 120
47 124
47 126
47 130
47 135
47 143
47 148
47 162
47 175
47 176
47 181
47 191
47 218
47 230
47 234
47 255
47 269
47 276
47 281
47 297
48 50
48 76
48 77
48 79
48 86
48 90
48 93
48 112
48 113
48 142
48 143
48 145
48 160
48 183
48 194
48 202
48 207
48 215
48 244
48 254
48 270
48 275
48 286
48 293
48 297
49 61
49 68
49 80
49 86
49 93
49 98
49 122
49 131
49 132
49 140
49 155
49 158
49 160
49 167
49 171
49 185
49 192
49 197
49 210
49 212
49 216
49 222
49 224
49 236
49 238
49 249
49 253
49 257
49 281
49 288
49 294
50 51
50 54
50 58
50 102
50 105
50 128
50 131
50 139
50 151
50 154
50 157
50 170
50 171
50 180
50 190
50 208
50 217
50 249
50 257
50 273
50 287
51 82
51 92
51 112
51 115
51 121
51 122
51 126
51 132
51 153
51 187
51 195
51 218
51 228
51 252
52 60
52 82
52 88
52 107
52 110
52 122
52 123
52 136
52 137
52 147
52 150
52 153
52 158
52 168
52 181
52 183
52 193
52 194
52 217
52 218
52 221
52 239
52 240
52 260
52 273
52 280
53 75
53 78
53 112
53 114
53 125
53 129
53 158
53 159
53 184
53 193
53 217
53 219
53 220
53 228
53 232
53 234
53 239
53 261
53 275
53 281
53 285
53 296
54 75
54 77
54 86
54 94
54 98
54 107
54 110
54 113
54 117
54 124
54 133
54 143
54 156
54 158
54 159
54 171
54 177
54 180
54 190
54 194
54 200
54 205
54 211
54 227
54 235
54 238
54 264
54 266
54 269
54 274
54 284
55 70
55 71
55 72
55 73
55 81
55 92
55 102
55 105
55 107
55 114
55 129
55 130
55 136
55 142
55 150
55 155
55 156
55 159
55 165
55 168
55 172
55 183
55 185
55 192
55 206
55 211
55 213
55 219
55 236
55 243
55 244
55 252
55 265
55 292
56 80
56 88
56 110
56 122
56 128
56 181
56 194
56 222
56 224
56 226
56 229
56 248
56 254
56 255
56 258
56 260
56 288
56 297
56 298
57 68
57 76
57 83
57 103
57 124
57 136
57 137
57 148
57 153
57 162
57 166
57 181
57 197
57 212
57 215
57 217
57 221
57 229
57 254
57 264
57 268
57 269
57 276
57 284
58 68
58 89
58 100
58 106
58 113
58 124
58 140
58 164
58 183
58 184
58 188
58 189
58 197
58 204
58 223
58 225
58 229
58 245
58 247
58 248
58 255
58 258
58 264
58 277
58 280
58 291
58 295
59 65
59 81
59 95
59 112
59 115
59 116
59 120
59 123
59 130
59 148
59 160
59 161
59 166
59 172
59 190
59 192
59 200
59 207
59 210
59 231
59 235
59 239
59 244
59 250
59 271
59 273
59 276
59 291
60 73
60 88
60 91
60 98
60 100
60 128
60 129
60 133
60 138
60 153
60 156
60 158
60 167
60 173
60 200
60 206
60 207
60 263
60 285
61 86
61 104
61 106
61 110
61 113
61 141
61 151
61 154
61 171
61 186
61 192
61 221
61 256
61 266
61 272
61 277
61 279
61 287
61 289
62 80
62 85
62 95
62 115
62 119
62 129
62 135
62 150
62 153
62 157
62 172
62 174
62 184
62 213
62 219
62 225
62 230
62 252
62 273
62 293
63 75
63 80
63 84
63 95
63 112
63 130
63 132
63 136
63 146
63 166
63 185
63 190
63 200
63 224
63 225
63 231
63 234
63 244
63 245
63 246
63 253
63 258
63 260
63 261
63 277
63 284
64 72
64 75
64 100
64 108
64 120
64 127
64 136
64 140
64 150
64 159
64 164
64 170
64 182
64 186
64 191
64 204
64 205
64 219
64 221
64 235
64 238
64 246
64 247
64 251
64 256
64 257
64 263
64 265
64 278
64 279
64 284
64 288
64 291
65 69
65 87
65 94
65 95
65 109
65 117
65 128
65 129
65 133
65 139
65 143
65 155
65 169
65 186
65 202
65 208
65 217
65 221
65 222
65 227
65 232
65 237
65 242
65 273
65 282
65 295
66 85
66 99
66 123
66 126
66 131
66 134
66 152
66 165
66 169
66 174
66 176
66 192
66 197
66 201
66 208
66 262
66 269
66 272
66 278
66 289
66 295
67 69
67 81
67 84
67 120
67 132
67 139
67 142
67 157
67 174
67 194
67 201
67 215
67 222
67 225
67 235
67 244
67 247
67 248
67 255
67 260
67 261
67 273
67 274
67 276
68 70
68 100
68 114
68 115
68 125
68 128
68 132
68 134
68 167
68 169
68 200
68 207
68 211
68 220
68 221
68 224
68 225
68 234
68 243
68 261
68 275
69 70
69 74
69 91
69 95
69 104
69 119
69 127
69 170
69 177
69 186
69 197
69 206
69 214
69 236
69 247
69 249
69 253
69 267
69 274
69 275
69 277
69 290
69 292
70 75
70 76
70 88
70 94
70 102
70 127
70 132
70 134
70 136
70 147
70 152
70 183
70 189
70 194
70 201
70 205
70 208
70 210
70 212
70 231
70 234
70 239
70 244
70 250
70 254
70 258
70 287
70 291
71 72
71 77
71 91
71 95
71 104
71 118
71 136
71 140
71 141
71 160
71 166
71 172
71 175
71 180
71 232
71 246
71 253
71 259
71 269
71 283
72 76
72 84
72 99
72 101
72 113
72 120
72 123
72 131
72 137
72 141
72 156
72 162
72 181
72 202
72 204
72 213
72 227
72 249
72 261
72 276
72 290
72 293
72 294
72 298
73 77
73 81
73 87
73 91
73 103
73 113
73 115
73 154
73 174
73 175
73 178
73 200
73 213
73 214
73 227
73 239
73 242
73 244
73 247
73 255
73 261
73 266
73 270
73 272
73 283
73 297
74 76
74 90
74 92
74 94
74 95
74 100
74 114
74 124
74 149
74 180
74 205
74 215
74 217
74 222
74 240
74 241
74 242
74 248
74 279
74 298
75 85
75 94
75 98
75 110
75 111
75 112
75 114
75 118
75 152
75 160
75 165
75 172
75 190
75 206
75 207
75 214
75 215
75 232
75 239
75 242
75 254
75 260
75 265
75 269
75 275
75 292
75 293
75 295
75 299
76 91
76 99
76 112
76 130
76 141
76 145
76 151
76 166
76 176
76 178
76 199
76 208
76 215
76 240
76 242
76 246
76 247
76 248
76 250
76 255
76 264
76 281
76 290
77 78
77 109
77 123
77 141
77 147
77 156
77 159
77 173
77 179
77 188
77 192
77 206
77 213
77 214
77 233
77 258
77 278
77 279
77 285
77 288
77 299
78 98
78 101
78 104
78 105
78 107
78 112
78 116
78 132
78 137
78 140
78 153
78 157
78 164
78 167
78 173
78 179
78 230
78 239
78 242
78 245
78 254
78 259
78 281
78 295
78 296
79 82
79 83
79 90
79 103
79 104
79 106
79 123
79 129
79 144
79 146
79 153
79 154
79 162
79 181
79 193
79 203
79 215
79 230
79 252
79 262
79 266
79 285
79 295
80 87
80 96
80 157
80 158
80 171
80 189
80 199
80 207
80 209
80 212
80 229
80 240
80 254
80 258
80 279
80 281
80 283
80 295
80 296
81 87
81 116
81 124
81 143
81 162
81 172
81 176
81 184
81 186
81 187
81 196
81 197
81 198
81 204
81 206
81 234
81 255
81 258
81 264
81 265
81 273
81 283
81 295
81 296
82 89
82 93
82 124
82 128
82 134
82 135
82 136
82 141
82 142
82 164
82 171
82 172
82 179
82 188
82 207
82 208
82 210
82 225
82 227
82 231
82 236
82 240
82 277
82 285
83 87
83 88
83 93
83 116
83 122
83 125
83 127
83 130
83 159
83 166
83 190
83 192
83 209
83 222
83 224
83 235
83 242
83 255
83 257
83 270
83 275
83 289
83 290
83 292
84 85
84 87
84 108
84 114
84 120
84 138
84 148
84 149
84 157
84 158
84 165
84 167
84 170
84 176
84 192
84 201
84 207
84 246
84 247
84 258
84 263
84 271
84 272
84 295
85 106
85 112
85 120
85 123
85 135
85 146
85 163
85 193
85 194
85 201
85 202
85 213
85 215
85 224
85 226
85 231
85 242
85 246
85 247
85 261
85 273
85 275
85 289
86 101
86 104
86 123
86 129
86 136
86 141
86 144
86 155
86 162
86 171
86 192
86 206
86 210
86 211
86 218
86 221
86 224
86 233
86 236
86 244
86 248
86 259
86 263
86 275
87 92
87 93
87 109
87 112
87 136
87 137
87 143
87 165
87 174
87 181
87 191
87 199
87 211
87 233
87 257
87 258
87 272
87 274
87 290
88 96
88 106
88 110
88 127
88 129
88 161
88 176
88 178
88 183
88 188
88 202
88 203
88 209
88 217
88 245
88 257
88 267
88 272
88 299
89 93
89 101
89 125
89 127
89 142
89 161
89 167
89 171
89 172
89 173
89 176
89 178
89 219
89 222
89 233
89 234
89 256
89 272
89 273
89 285
89 286
89 294
90 92
90 101
90 109
90 116
90 128
90 138
90 143
90 165
90 186
90 192
90 197
90 204
90 217
90 240
90 260
90 277
90 283
90 284
90 297
91 100
91 123
91 128
91 133
91 139
91 141
91 145
91 163
91 177
91 187
91 198
91 199
91 204
91 223
91 231
91 236
91 254
91 262
91 273
91 276
91 282
91 296
92 110
92 125
92 152
92 161
92 167
92 180
92 186
92 207
92 246
92 268
92 271
92 290
92 292
93 118
93 125
93 139
93 145
93 155
93 160
93 170
93 181
93 191
93 205
93 212
93 229
93 232
93 241
93 251
93 263
93 265
93 278
93 279
93 280
93 293
94 113
94 130
94 131
94 140
94 167
94 170
94 173
94 212
94 223
94 238
94 248
94 272
94 284
95 99
95 126
95 141
95 149
95 156
95 164
95 169
95 174
95 185
95 188
95 203
95 210
95 216
95 218
95 221
95 253
95 264
95 287
95 296
96 108
96 112
96 113
96 121
96 144
96 169
96 170
96 177
96 178
96 187
96 189
96 195
96 199
96 202
96 233
96 234
96 237
96 245
96 249
96 254
96 258
96 262
96 265
96 272
96 296
97 123
97 128
97 148
97 183
97 197
97 208
97 213
97 233
97 235
97 237
97 243
97 255
97 261
97 263
97 275
97 287
97 289
98 116
98 126
98 146
98 150
98 184
98 193
98 196
98 200
98 203
98 233
98 250
98 273
98 286
98 291
98 296
99 104
99 139
99 143
99 147
99 155
99 172
99 174
99 176
99 177
99 181
99 187
99 190
99 193
99 199
99 207
99 225
99 263
99 269
99 275
99 295
99 299
100 118
100 119
100 128
100 154
100 160
100 189
100 192
100 202
100 203
100 215
100 219
100 250
100 260
100 264
101 102
101 106
101 107
101 120
101 144
101 158
101 160
101 166
101 172
101 173
101 176
101 183
101 186
101 187
101 199
101 204
101 219
101 228
101 244
101 245
101 255
101 265
101 276
102 103
102 111
102 120
102 132
102 151
102 168
102 184
102 193
102 200
102 207
102 242
102 255
102 267
102 270
102 282
103 116
103 152
103 153
103 156
103 193
103 226
103 234
103 238
103 245
103 248
103 282
104 110
104 115
104 126
104 129
104 151
104 205
104 232
104 233
104 253
104 255
104 257
104 288
105 141
105 160
105 165
105 181
105 184
105 196
105 209
105 212
105 213
105 215
105 218
105 252
105 259
105 262
105 264
105 275
105 287
106 126
106 144
106 161
106 179
106 199
106 202
106 231
106 233
106 236
106 242
106 254
106 255
106 273
106 274
106 287
107 128
107 134
107 135
107 162
107 183
107 198
107 209
107 222
107 229
107 232
107 251
107 263
107 265
107 266
107 273
107 274
107 275
107 282
107 283
107 289
108 138
108 172
108 173
108 226
108 247
108 278
108 279
108 298
109 115
109 117
109 124
109 140
109 142
109 152
109 157
109 186
109 199
109 220
109 221
109 222
109 237
109 250
109 252
109 295
109 296
110 149
110 159
110 180
110 184
110 194
110 195
110 204
110 213
110 225
110 228
110 229
110 237
110 241
110 244
110 247
110 265
110 281
110 291
111 130
111 135
111 138
111 151
111 152
111 153
111 168
111 191
111 199
111 205
111 212
111 231
111 239
111 262
111 295
112 115
112 139
112 143
112 154
112 162
112 171
112 174
112 192
112 195
112 198
112 226
112 236
112 239
112 246
112 258
112 264
112 267
112 272
112 291
112 298
113 126
113 152
113 166
113 186
113 187
113 189
113 201
113 204
113 208
113 212
113 221
113 225
113 227
113 259
113 261
113 272
113 277
113 286
113 287
113 288
113 290
113 292
114 115
114 119
114 128
114 155
114 156
114 179
114 191
114 197
114 203
114 209
114 232
114 238
114 269
114 271
114 277
114 285
114 290
114 294
114 295
115 117
115 118
115 139
115 147
115 165
115 181
115 182
115 192
115 193
115 197
115 206
115 207
115 208
115 238
115 239
115 248
115 271
115 276
115 280
115 285
115 290
116 130
116 136
116 160
116 164
116 171
116 191
116 211
116 266
116 267
116 276
116 284
117 130
117 140
117 144
117 149
117 165
117 171
117 176
117 195
117 196
117 203
117 208
117 209
117 210
117 211
117 212
117 218
117 236
117 239
117 242
117 244
117 252
117 256
117 262
117 266
117 267
117 270
117 290
118 120
118 133
118 139
118 154
118 167
118 168
118 174
118 177
118 183
118 187
118 189
118 224
118 235
118 241
118 252
118 258
118 266
118 270
118 278
118 298
118 299
119 130
119 131
119 136
119 150
119 154
119 156
119 158
119 187
119 190
119 197
119 214
119 225
119 243
119 249
119 256
119 274
119 277
119 284
119 288
119 289
120 131
120 151
120 164
120 165
120 184
120 185
120 192
120 195
120 204
120 211
120 219
120 222
120 225
120 236
120 259
120 268
120 280
120 287
121 137
121 140
121 174
121 188
121 193
121 207
121 231
121 242
121 244
121 245
121 275
121 280
121 285
122 144
122 150
122 151
122 157
122 174
122 182
122 183
122 200
122 218
122 222
122 224
122 243
122 257
122 280
122 291
122 299
123 126
123 127
123 129
123 132
123 138
123 145
123 153
123 162
123 168
123 171
123 188
123 194
123 196
123 207
123 210
123 212
123 224
123 230
123 231
123 239
123 255
123 258
123 268
123 289
123 292
124 134
124 142
124 147
124 166
124 168
124 175
124 196
124 203
124 214
124 221
124 224
124 236
124 259
124 276
124 277
125 143
125 154
125 160
125 174
125 176
125 184
125 207
125 211
125 225
125 226
125 249
125 262
125 267
125 269
125 276
125 289
125 294
126 131
126 132
126 149
126 170
126 174
126 176
126 184
126 194
126 206
126 213
126 216
126 227
126 254
126 261
126 269
126 273
126 295
126 297
126 298
126 299
127 128
127 140
127 145
127 149
127 156
127 161
127 164
127 171
127 187
127 190
127 202
127 204
127 216
127 225
127 228
127 256
127 260
127 264
127 292
127 298
128 140
128 178
128 179
128 193
128 195
128 209
128 212
128 218
128 219
128 220
128 249
128 274
128 279
129 132
129 140
129 143
129 149
129 161
129 165
129 168
129 179
129 183
129 194
129 215
129 224
129 234
129 239
129 243
129 248
129 256
129 262
129 268
129 276
129 286
129 289
130 138
130 140
130 170
130 177
130 187
130 203
130 210
130 227
130 241
130 244
130 263
130 264
130 286
130 288
130 296
130 297
131 156
131 186
131 191
131 195
131 209
131 215
131 241
131 259
131 272
131 290
132 137
132 157
132 179
132 183
132 199
132 202
132 203
132 217
132 220
132 224
132 237
132 238
132 243
132 255
132 257
132 258
132 264
132 278
132 282
132 299
133 136
133 145
133 154
133 155
133 181
133 186
133 195
133 207
133 216
133 218
133 226
133 230
133 246
133 251
133 266
133 271
133 287
133 288
133 291
133 298
134 142
134 165
134 178
134 181
134 182
134 187
134 188
134 208
134 212
134 217
134 218
134 221
134 240
134 250
134 281
134 287
135 153
135 155
135 160
135 188
135 190
135 193
135 213
135 220
135 224
135 226
135 232
135 235
135 247
135 256
135 264
135 278
135 283
136 163
136 169
136 170
136 188
136 207
136 220
136 221
136 230
136 234
136 239
136 243
136 246
136 251
136 275
136 279
136 290
137 140
137 165
137 168
137 170
137 171
137 178
137 186
137 195
137 215
137 224
137 230
137 232
137 234
137 255
137 257
137 259
137 274
137 278
138 144
138 146
138 147
138 148
138 197
138 215
138 228
138 236
138 243
138 251
138 259
138 281
138 292
139 148
139 150
139 157
139 164
139 181
139 188
139 211
139 219
139 231
139 249
139 254
139 260
139 263
139 277
139 280
140 149
140 158
140 160
140 165
140 166
140 173
140 178
140 179
140 198
140 201
140 205
140 217
140 218
140 224
140 237
140 271
140 273
140 286
141 154
141 163
141 180
141 188
141 197
141 206
141 212
141 226
141 228
141 235
141 247
141 253
141 272
141 277
141 298
142 145
142 149
142 157
142 159
142 172
142 187
142 211
142 218
142 240
142 292
143 160
143 167
143 175
143 185
143 194
143 198
143 219
143 230
143 234
143 246
143 260
143 285
143 287
143 296
144 152
144 155
144 158
144 177
144 181
144 210
144 214
144 216
144 227
144 232
144 236
144 259
144 261
144 263
144 272
144 284
144 287
144 293
144 296
145 157
145 165
145 171
145 182
145 194
145 205
145 207
145 210
145 212
145 218
145 225
145 226
145 232
145 256
145 266
145 279
146 158
146 159
146 168
146 182
146 193
146 197
146 202
146 235
146 263
146 282
147 187
147 201
147 202
147 203
147 212
147 213
147 248
147 256
147 267
147 286
147 287
147 295
148 152
148 153
148 162
148 165
148 168
148 175
148 186
148 192
148 218
148 226
148 231
148 236
148 242
148 256
148 271
148 280
149 150
149 174
149 186
149 193
149 214
149 220
149 226
149 234
149 242
149 247
149 251
149 266
149 277
149 281
149 285
150 178
150 179
150 184
150 188
150 205
150 209
150 222
150 259
150 295
151 157
151 171
151 174
151 181
151 184
151 186
151 191
151 219
151 234
151 245
151 289
152 156
152 159
152 161
152 187
152 196
152 201
152 220
152 243
152 245
152 264
152 279
152 280
152 295
153 154
153 160
153 170
153 171
153 176
153 186
153 195
153 203
153 209
153 231
153 236
153 253
153 254
153 258
153 260
153 261
153 279
153 281
154 167
154 170
154 178
154 193
154 198
154 210
154 237
154 246
154 248
154 256
154 261
154 264
154 270
154 272
154 274
154 297
155 171
155 194
155 195
155 212
155 215
155 218
155 219
155 240
155 243
155 248
155 254
155 259
155 265
155 285
155 298
155 299
156 163
156 166
156 179
156 182
156 184
156 188
156 192
156 209
156 214
156 218
156 219
156 220
156 244
156 247
156 256
156 270
156 282
156 297
157 164
157 167
157 172
157 177
157 178
157 189
157 194
157 200
157 203
157 204
157 206
157 216
157 225
157 237
157 238
157 255
157 262
157 277
157 295
157 296
157 299
158 169
158 178
158 182
158 194
158 217
158 221
158 226
158 228
158 237
158 240
158 246
158 251
158 252
158 262
158 265
158 275
158 281
158 292
158 297
158 299
159 165
159 174
159 188
159 192
159 207
159 217
159 227
159 242
159 248
159 249
159 251
159 257
159 266
159 275
159 282
159 288
159 295
159 298
160 162
160 171
160 195
160 200
160 206
160 224
160 247
160 250
160 262
160 268
160 289
160 295
161 165
161 177
161 194
161 215
161 228
161 260
161 262
161 273
161 276
161 280
162 171
162 189
162 190
162 201
162 208
162 213
162 217
162 220
162 234
162 244
163 164
163 166
163 185
163 194
163 197
163 201
163 211
163 217
163 222
163 228
163 252
163 258
163 266
163 296
163 299
164 180
164 187
164 192
164 193
164 195
164 197
164 216
164 218
164 220
164 222
164 250
164 254
164 272
164 278
164 290
165 179
165 200
165 204
165 216
165 223
165 230
165 232
165 266
165 279
165 286
165 290
166 167
166 178
166 234
166 236
166 246
166 248
166 264
166 268
166 275
166 279
166 281
166 284
166 285
166 291
166 296
167 170
167 179
167 187
167 194
167 208
167 220
167 262
167 275
167 279
167 288
167 294
167 295
168 172
168 173
168 177
168 185
168 206
168 219
168 250
168 252
168 258
168 272
169 173
169 183
169 194
169 201
169 206
169 216
169 219
169 222
169 223
169 244
169 249
169 264
169 267
169 269
169 290
170 174
170 202
170 242
170 248
170 266
170 268
170 273
170 277
170 293
171 186
171 192
171 213
171 226
171 238
171 250
171 279
171 280
171 291
172 224
172 252
172 258
172 261
172 271
172 277
172 282
173 179
173 201
173 207
173 229
173 230
173 238
173 254
173 284
173 293
174 175
174 176
174 212
174 241
174 253
174 255
174 281
174 292
175 185
175 198
175 213
175 228
175 229
175 236
175 240
175 245
175 272
175 275
175 291
176 178
176 181
176 188
176 205
176 218
176 225
176 256
176 278
176 282
176 296
177 184
177 186
177 195
177 197
177 198
177 206
177 207
177 215
177 216
177 219
177 221
177 222
177 224
177 225
177 251
177 253
177 270
177 271
177 272
177 283
177 285
177 291
177 297
178 194
178 206
178 216
178 219
178 222
178 247
178 248
178 262
178 264
178 276
179 180
179 227
179 228
179 233
179 250
179 274
179 278
179 280
179 284
180 182
180 188
180 201
180 212
180 216
180 218
180 231
180 250
180 256
180 275
181 188
181 192
181 199
181 207
181 219
181 223
181 235
181 245
181 266
181 277
182 186
182 191
182 200
182 213
182 227
182 233
182 248
182 271
182 279
182 297
183 188
183 200
183 224
183 230
183 270
183 282
183 298
184 198
184 212
184 213
184 216
184 237
184 252
184 255
184 260
184 263
184 265
184 281
184 288
185 193
185 200
185 208
185 216
185 241
185 252
185 295
186 202
186 211
186 213
186 216
186 225
186 226
186 227
186 232
186 234
186 240
186 243
186 245
186 257
186 273
186 277
186 291
187 209
187 216
187 232
187 234
187 264
187 273
187 290
188 203
188 205
188 210
188 224
188 235
188 240
188 242
188 247
188 259
188 264
188 279
188 285
188 297
189 191
189 200
189 211
189 217
189 224
189 228
189 255
189 270
189 292
189 297
189 299
190 200
190 212
190 251
190 254
190 264
190 277
190 297
191 197
191 222
191 260
191 291
191 296
192 193
192 200
192 203
192 215
192 217
192 218
192 223
192 234
192 248
192 259
192 276
192 284
192 296
193 194
193 199
193 202
193 215
193 224
193 230
193 232
193 238
193 251
193 257
193 266
193 270
193 280
193 284
193 285
193 293
194 197
194 204
194 208
194 210
194 211
194 215
194 237
194 252
194 255
194 256
194 269
194 270
194 289
194 293
195 197
195 198
195 211
195 229
195 237
195 241
195 244
195 251
195 260
195 261
195 274
195 291
196 207
196 218
196 230
196 238
196 260
196 276
196 294
196 297
197 224
197 238
197 241
197 253
197 257
197 261
197 273
198 240
198 248
198 251
198 256
198 283
198 295
198 296
199 201
199 206
199 214
199 231
199 247
199 253
199 258
199 260
199 265
199 267
199 277
199 286
199 288
200 201
200 208
200 229
200 238
200 240
200 249
200 253
200 262
200 272
200 280
200 285
200 287
200 293
201 215
201 230
201 237
201 242
201 278
201 286
201 298
202 224
202 226
202 236
202 239
202 246
202 260
202 262
202 265
202 270
202 274
202 293
202 296
203 205
203 209
203 220
203 222
203 226
203 231
203 238
203 239
203 245
203 248
203 256
203 259
203 276
203 283
203 285
203 298
204 206
204 210
204 229
204 239
205 225
205 228
205 231
205 235
205 243
205 258
205 259
205 261
205 268
205 270
205 292
206 214
206 219
206 227
206 242
206 256
206 257
206 266
206 279
206 291
206 298
207 210
207 229
207 238
207 274
207 283
207 292
208 212
208 219
208 229
208 232
208 253
208 256
208 283
208 289
209 211
209 238
209 239
209 264
209 278
209 284
209 288
209 289
209 297
210 228
210 234
210 236
210 286
211 219
211 241
211 263
211 266
211 268
211 276
211 287
211 289
212 228
212 235
212 249
212 257
212 262
212 272
212 274
212 293
212 295
213 225
213 232
213 235
213 248
213 265
213 271
213 287
213 289
213 293
213 295
214 215
214 217
214 218
214 219
214 233
214 238
214 240
214 248
214 257
214 258
214 279
215 219
215 231
215 234
215 252
215 256
215 257
215 269
215 270
215 274
215 276
215 280
215 283
216 224
216 226
216 230
216 263
216 289
217 227
217 230
217 241
217 247
217 254
217 261
217 294
218 264
218 265
218 271
218 288
218 290
218 298
219 224
219 232
219 243
219 264
219 266
219 283
219 286
219 296
219 298
220 225
220 228
220 233
220 241
220 245
220 286
220 288
220 297
221 223
221 226
221 249
221 259
221 265
221 270
221 279
221 288
221 290
222 224
222 230
222 237
222 245
222 246
222 247
222 259
222 262
222 265
222 286
223 233
223 237
223 253
223 260
223 261
224 230
224 231
224 235
224 238
224 240
224 243
224 244
224 246
224 256
224 283
224 295
224 298
225 247
225 273
225 294
225 295
226 236
226 242
226 245
226 254
226 277
226 278
226 290
226 299
227 251
227 272
227 275
227 290
227 291
227 295
228 260
228 267
228 280
228 281
228 285
228 288
228 293
228 296
229 232
229 235
229 257
229 262
229 265
229 269
229 270
229 272
229 273
229 289
230 234
230 245
230 257
230 275
230 278
230 282
230 289
230 292
230 299
231 232
231 246
231 254
231 260
231 265
231 273
231 283
231 296
232 234
232 241
232 245
232 253
232 254
232 258
232 261
232 264
232 269
232 294
233 252
233 257
233 280
234 237
234 247
234 248
234 262
234 265
234 273
234 285
234 289
235 240
235 243
235 268
235 280
235 285
236 245
236 255
236 258
236 286
236 289
237 257
237 259
237 270
238 270
238 289
238 294
238 299
239 244
239 247
239 257
239 258
239 270
239 272
239 281
240 263
240 266
240 272
240 286
240 299
241 258
241 265
241 286
241 292
241 293
242 266
242 290
242 298
243 244
243 256
243 267
243 279
243 295
243 296
243 298
244 249
244 254
244 271
244 276
244 286
244 292
244 293
245 253
245 256
245 258
245 264
245 266
245 272
245 275
245 279
245 286
245 289
245 290
246 261
246 271
246 283
246 291
247 250
247 258
247 262
247 263
247 281
247 282
247 283
247 286
248 252
248 254
248 258
248 268
249 251
249 278
250 254
250 265
250 273
250 276
250 277
250 282
251 271
251 296
251 297
252 261
252 262
252 281
252 288
252 289
252 291
253 257
253 263
253 291
253 296
254 266
254 272
254 295
255 256
255 261
255 296
255 298
256 262
256 263
256 291
256 297
256 299
257 268
257 277
257 280
257 283
257 294
257 297
258 262
258 265
258 267
258 275
258 297
259 260
259 263
259 268
259 277
259 282
259 287
259 297
260 264
260 270
260 281
260 290
262 270
262 272
262 284
262 289
263 266
263 273
263 284
264 265
264 270
264 274
264 276
264 283
264 292
265 277
265 289
266 268
266 272
266 277
266 280
266 299
267 277
267 284
267 289
267 292
267 295
268 269
268 279
268 286
269 283
269 294
269 297
270 278
270 291
270 296
270 297
271 279
271 292
271 296
273 274
273 280
273 285
273 289
274 288
274 297
275 282
275 285
275 291
275 292
275 294
276 298
277 295
277 298
278 292
279 281
279 287
279 289
280 282
281 283
281 286
281 299
282 288
282 292
282 293
283 285
283 290
283 296
283 297
285 286
285 295
285 296
289 290
289 298
297 298
298 299
68 108 184 193 51 66 76 101 146 195 175 253 265 73 143 24 45 56 230 199 294 240 70 290 292 163 167 82 194 246 46 209 236 241 95 114 106 164 176 208 259 172 15 224 271
118 37 200 11 189 270 97 58 112 281 272 238 214 98 262 186 287 254 250 123 148 297 47 166 125 20 226 2 61 269 231 276 14 170 134 142 116 267 222 10 55 63 249 27 296
180 124 120 205 217 49 35 228 202 74 128 81 127 91 251 121 5 89 102 234 32 44 229 122 219 264 245 110 263 99 64 266 71 88 242 69 129 26 157 225 21 284 213 237 215
268 220 203 115 171 133 155 38 77 169 178 181 244 182 161 227 212 3 252 285 187 191 65 8 50 277 153 165 119 16 43 239 282 156 19 206 1 62 255 149 198 151 18 107 291
52 78 141 138 54 6 298 57 160 158 85 201 22 185 41 223 0 190 232 256 159 126 258 261 130 218 136 40 150 25 216 39 273 53 90 192 197 117 177 144 174 137 17 168 72
92 188 283 280 34 196 28 23 80 33 48 94 96 104 135 274 145 139 79 87 13 152 173 233 105 243 179 111 293 210 59 7 278 295 9 286 131 86 183 109 75 247 288 84 162
42 275 257 154 12 100 140 113 299 30 103 147 235 60 260 289 36 279 93 248 207 132 29 83 31 221 204 211 4 67
