300
8853
5
0 3
0 7
0 8
0 9
0 10
0 12
0 16
0 18
0 33
0 39
0 48
0 62
0 64
0 65
0 69
0 78
0 79
0 87
0 92
0 95
0 96
0 99
0 103
0 104
0 110
0 121
0 129
0 133
0 135
0 139
0 141
0 149
0 159
0 160
0 168
0 178
0 180
0 182
0 184
0 186
0 189
0 190
0 196
0 202
0 203
0 212
0 223
0 228
0 238
0 246
0 250
0 252
0 256
0 267
0 274
0 275
0 281
0 282
0 283
0 284
0 285
0 288
0 293
1 3
1 8
1 12
1 25
1 27
1 30
1 36
1 39
1 45
1 49
1 54
1 59
1 61
1 65
1 68
1 72
1 74
1 84
1 89
1 92
1 98
1 102
1 104
1 106
1 118
1 121
1 122
1 129
1 133
1 142
1 148
1 153
1 155
1 157
1 161
1 162
1 163
1 164
1 167
1 170
1 186
1 190
1 194
1 198
1 205
1 210
1 211
1 215
1 224
1 230
1 231
1 236
1 242
1 243
1 253
1 256
1 258
1 263
1 265
1 268
1 270
1 299
2 9
2 19
2 25
2 33
2 39
2 41
2 42
2 48
2 58
2 61
2 65
2 71
2 75
2 76
2 77
2 79
2 85
2 88
2 92
2 99
2 101
2 108
2 112
2 116
2 118
2 123
2 124
2 128
2 133
2 137
2 150
2 156
2 157
2 162
2 173
2 174
2 181
2 188
2 197
2 201
2 215
2 216
2 219
2 221
2 222
2 228
2 231
2 232
2 238
2 239
2 246
2 250
2 252
2 257
2 265
2 266
2 271
2 275
2 281
2 288
2 292
2 294
2 298
3 10
3 15
3 18
3 19
3 24
3 33
3 34
3 43
3 50
3 51
3 56
3 61
3 62
3 74
3 77
3 79
3 81
3 82
3 84
3 86
3 91
3 97
3 107
3 112
3 127
3 134
3 135
3 139
3 144
3 145
3 147
3 148
3 155
3 159
3 162
3 166
3 169
3 170
3 175
3 177
3 178
3 188
3 192
3 196
3 200
3 204
3 214
3 215
3 217
3 221
3 226
3 230
3 247
3 249
3 253
3 254
3 258
3 263
3 264
3 266
4 5
4 6
4 18
4 19
4 30
4 32
4 33
4 44
4 47
4 52
4 65
4 72
4 76
4 79
4 81
4 83
4 92
4 93
4 97
4 103
4 108
4 112
4 125
4 126
4 132
4 133
4 149
4 150
4 151
4 152
4 153
4 154
4 155
4 159
4 160
4 161
4 167
4 171
4 172
4 179
4 210
4 212
4 216
4 225
4 227
4 239
4 241
4 242
4 243
4 244
4 245
4 249
4 253
4 255
4 257
4 258
4 259
4 262
4 264
4 279
4 280
4 283
4 290
5 17
5 28
5 29
5 31
5 32
5 49
5 51
5 63
5 67
5 70
5 78
5 81
5 83
5 88
5 90
5 94
5 96
5 104
5 107
5 109
5 110
5 112
5 113
5 118
5 121
5 125
5 129
5 136
5 137
5 147
5 148
5 152
5 156
5 164
5 167
5 174
5 175
5 178
5 192
5 202
5 211
5 216
5 227
5 240
5 249
5 251
5 252
5 257
5 262
5 276
5 284
5 289
5 299
6 13
6 21
6 29
6 30
6 34
6 39
6 44
6 56
6 60
6 68
6 73
6 81
6 87
6 88
6 90
6 96
6 104
6 110
6 112
6 113
6 119
6 124
6 125
6 126
6 141
6 144
6 147
6 148
6 149
6 156
6 166
6 168
6 179
6 200
6 203
6 205
6 209
6 211
6 218
6 224
6 225
6 238
6 258
6 261
6 268
6 270
6 277
6 282
6 288
6 289
6 291
6 292
7 10
7 15
7 20
7 35
7 51
7 58
7 70
7 72
7 81
7 82
7 102
7 106
7 110
7 111
7 117
7 122
7 123
7 124
7 126
7 133
7 136
7 160
7 162
7 171
7 177
7 180
7 181
7 188
7 189
7 193
7 199
7 212
7 218
7 221
7 222
7 225
7 228
7 230
7 241
7 244
7 247
7 248
7 253
7 255
7 257
7 263
7 266
7 273
7 290
7 291
8 12
8 13
8 24
8 27
8 29
8 32
8 34
8 36
8 48
8 52
8 58
8 60
8 62
8 66
8 74
8 76
8 79
8 80
8 90
8 98
8 99
8 107
8 108
8 113
8 145
8 150
8 152
8 154
8 164
8 166
8 170
8 172
8 173
8 174
8 194
8 196
8 203
8 204
8 206
8 210
8 224
8 226
8 228
8 230
8 234
8 235
8 239
8 246
8 253
8 254
8 258
8 259
8 260
8 285
8 288
8 290
9 24
9 27
9 37
9 41
9 55
9 60
9 66
9 79
9 88
9 91
9 95
9 103
9 105
9 119
9 122
9 123
9 127
9 128
9 129
9 132
9 148
9 156
9 163
9 166
9 167
9 175
9 188
9 191
9 195
9 208
9 214
9 215
9 219
9 226
9 230
9 231
9 234
9 237
9 243
9 251
9 253
9 256
9 260
9 263
9 268
9 273
9 284
9 288
9 290
9 297
9 299
10 20
10 24
10 27
10 30
10 31
10 43
10 44
10 47
10 48
10 63
10 64
10 66
10 76
10 78
10 86
10 98
10 99
10 103
10 104
10 112
10 113
10 125
10 128
10 130
10 132
10 144
10 145
10 149
10 152
10 159
10 163
10 164
10 167
10 171
10 173
10 174
10 180
10 184
10 197
10 198
10 202
10 206
10 207
10 210
10 214
10 215
10 221
10 225
10 226
10 227
10 231
10 232
10 233
10 234
10 235
10 250
10 263
10 264
10 266
10 272
10 289
10 294
11 21
11 28
11 30
11 33
11 39
11 42
11 43
11 48
11 52
11 56
11 62
11 65
11 71
11 83
11 85
11 86
11 98
11 99
11 104
11 105
11 113
11 115
11 117
11 124
11 126
11 131
11 135
11 147
11 154
11 164
11 165
11 170
11 173
11 178
11 183
11 185
11 186
11 192
11 194
11 198
11 200
11 201
11 207
11 211
11 214
11 230
11 233
11 236
11 237
11 239
11 241
11 244
11 247
11 250
11 254
11 264
11 265
11 268
11 275
11 284
11 285
11 290
11 292
11 294
12 14
12 19
12 22
12 32
12 38
12 42
12 52
12 54
12 58
12 61
12 68
12 79
12 86
12 87
12 90
12 92
12 98
12 107
12 109
12 114
12 128
12 132
12 133
12 137
12 139
12 141
12 151
12 152
12 158
12 172
12 175
12 185
12 186
12 187
12 196
12 200
12 204
12 207
12 208
12 209
12 210
12 211
12 213
12 227
12 228
12 231
12 240
12 247
12 250
12 259
12 266
12 272
12 287
12 289
12 290
12 299
13 17
13 18
13 30
13 33
13 48
13 65
13 78
13 82
13 86
13 88
13 89
13 97
13 102
13 103
13 106
13 107
13 110
13 111
13 113
13 116
13 120
13 122
13 131
13 136
13 142
13 144
13 145
13 150
13 155
13 159
13 161
13 166
13 167
13 169
13 170
13 171
13 172
13 176
13 177
13 194
13 199
13 207
13 212
13 214
13 216
13 218
13 222
13 227
13 232
13 233
13 249
13 267
13 272
13 277
13 282
13 283
13 285
13 291
13 297
14 21
14 28
14 29
14 30
14 34
14 37
14 40
14 50
14 52
14 56
14 58
14 61
14 67
14 74
14 81
14 89
14 94
14 102
14 108
14 111
14 112
14 119
14 120
14 122
14 131
14 135
14 147
14 151
14 160
14 164
14 174
14 176
14 183
14 193
14 196
14 199
14 201
14 204
14 206
14 218
14 221
14 225
14 230
14 240
14 246
14 250
14 256
14 258
14 259
14 267
14 270
14 275
14 277
14 281
14 288
14 290
14 293
14 295
15 17
15 26
15 30
15 42
15 46
15 50
15 54
15 55
15 63
15 64
15 67
15 69
15 70
15 71
15 78
15 80
15 82
15 85
15 87
15 93
15 100
15 114
15 120
15 124
15 125
15 137
15 140
15 141
15 147
15 154
15 161
15 184
15 199
15 204
15 207
15 212
15 215
15 239
15 241
15 251
15 260
15 261
15 269
15 270
15 277
15 288
15 294
15 299
16 19
16 25
16 26
16 32
16 33
16 37
16 41
16 43
16 44
16 48
16 61
16 64
16 66
16 68
16 69
16 77
16 85
16 87
16 89
16 90
16 97
16 103
16 107
16 108
16 113
16 114
16 117
16 125
16 128
16 129
16 135
16 138
16 144
16 145
16 146
16 148
16 159
16 161
16 172
16 175
16 180
16 186
16 190
16 191
16 192
16 197
16 206
16 211
16 213
16 214
16 218
16 225
16 229
16 230
16 233
16 237
16 248
16 256
16 258
16 260
16 261
16 281
16 286
16 292
16 293
16 298
17 22
17 23
17 24
17 38
17 44
17 52
17 64
17 67
17 74
17 82
17 83
17 88
17 94
17 97
17 102
17 104
17 114
17 123
17 128
17 132
17 137
17 144
17 146
17 147
17 151
17 153
17 162
17 173
17 176
17 182
17 183
17 184
17 188
17 193
17 196
17 197
17 202
17 209
17 210
17 227
17 232
17 233
17 237
17 248
17 249
17 265
17 266
17 268
17 271
17 278
17 280
17 281
17 283
17 286
17 291
17 294
17 298
18 19
18 20
18 30
18 31
18 33
18 35
18 45
18 48
18 50
18 56
18 57
18 60
18 64
18 67
18 74
18 78
18 79
18 81
18 84
18 86
18 92
18 94
18 102
18 103
18 104
18 105
18 107
18 116
18 117
18 122
18 140
18 141
18 145
18 151
18 159
18 161
18 184
18 190
18 195
18 197
18 199
18 202
18 209
18 210
18 212
18 217
18 219
18 223
18 239
18 240
18 241
18 245
18 247
18 248
18 250
18 263
18 279
18 280
18 282
18 287
18 296
18 297
19 20
19 21
19 26
19 39
19 40
19 41
19 44
19 55
19 57
19 66
19 68
19 87
19 90
19 92
19 96
19 99
19 102
19 105
19 106
19 108
19 111
19 113
19 125
19 127
19 140
19 143
19 149
19 151
19 159
19 170
19 175
19 177
19 186
19 196
19 211
19 215
19 221
19 224
19 227
19 241
19 242
19 244
19 249
19 257
19 258
19 261
19 272
19 273
19 274
19 276
19 277
19 282
19 284
19 287
19 289
19 293
19 295
19 299
20 21
20 25
20 41
20 45
20 48
20 49
20 50
20 54
20 64
20 66
20 69
20 79
20 89
20 91
20 93
20 99
20 100
20 101
20 103
20 105
20 106
20 111
20 123
20 124
20 125
20 126
20 128
20 129
20 133
20 134
20 145
20 146
20 149
20 150
20 156
20 161
20 164
20 173
20 178
20 180
20 182
20 183
20 185
20 194
20 197
20 200
20 229
20 234
20 239
20 246
20 250
20 264
20 274
20 277
20 284
20 294
20 295
20 298
21 27
21 29
21 46
21 48
21 59
21 70
21 79
21 80
21 87
21 88
21 92
21 97
21 113
21 116
21 122
21 128
21 130
21 140
21 142
21 145
21 154
21 157
21 179
21 183
21 188
21 194
21 195
21 203
21 205
21 209
21 217
21 225
21 230
21 231
21 253
21 259
21 269
21 271
21 272
21 279
21 290
21 292
21 294
22 31
22 34
22 36
22 48
22 58
22 61
22 67
22 70
22 76
22 78
22 82
22 86
22 88
22 90
22 101
22 108
22 116
22 120
22 122
22 125
22 129
22 130
22 133
22 136
22 159
22 167
22 170
22 174
22 179
22 181
22 189
22 203
22 206
22 208
22 215
22 216
22 219
22 225
22 228
22 238
22 243
22 253
22 255
22 257
22 263
22 265
22 268
22 273
22 275
22 282
22 283
22 285
22 298
23 25
23 38
23 49
23 51
23 52
23 53
23 58
23 60
23 69
23 74
23 81
23 96
23 106
23 108
23 115
23 120
23 122
23 129
23 136
23 140
23 151
23 152
23 162
23 169
23 178
23 179
23 182
23 185
23 186
23 190
23 197
23 199
23 205
23 210
23 218
23 219
23 221
23 229
23 232
23 233
23 241
23 247
23 248
23 253
23 254
23 255
23 256
23 258
23 262
23 265
23 269
23 298
24 35
24 41
24 62
24 63
24 64
24 67
24 71
24 77
24 78
24 85
24 87
24 88
24 97
24 101
24 102
24 104
24 113
24 129
24 135
24 136
24 147
24 158
24 176
24 184
24 186
24 199
24 201
24 206
24 207
24 216
24 219
24 220
24 222
24 223
24 230
24 231
24 240
24 248
24 250
24 254
24 258
24 259
24 263
24 270
24 277
24 279
24 281
24 285
25 41
25 43
25 44
25 46
25 49
25 52
25 53
25 59
25 76
25 79
25 83
25 85
25 89
25 90
25 95
25 97
25 102
25 106
25 115
25 116
25 124
25 127
25 131
25 136
25 139
25 148
25 155
25 156
25 163
25 172
25 176
25 178
25 183
25 188
25 191
25 192
25 194
25 198
25 200
25 207
25 209
25 211
25 218
25 222
25 230
25 233
25 235
25 262
25 264
25 265
25 267
25 269
25 270
25 273
25 274
25 278
25 281
25 286
25 290
25 295
25 298
25 299
26 27
26 39
26 44
26 49
26 50
26 51
26 52
26 60
26 61
26 70
26 72
26 73
26 75
26 78
26 79
26 81
26 90
26 99
26 105
26 106
26 142
26 144
26 146
26 147
26 149
26 158
26 159
26 161
26 163
26 165
26 173
26 193
26 199
26 205
26 207
26 217
26 226
26 227
26 233
26 243
26 245
26 250
26 256
26 261
26 265
26 271
26 290
26 291
26 295
26 296
26 298
27 28
27 51
27 54
27 60
27 61
27 62
27 63
27 69
27 71
27 75
27 76
27 80
27 88
27 99
27 100
27 101
27 103
27 106
27 123
27 124
27 133
27 136
27 140
27 145
27 147
27 149
27 153
27 154
27 157
27 165
27 168
27 171
27 186
27 203
27 209
27 211
27 213
27 221
27 232
27 235
27 238
27 243
27 255
27 279
27 280
27 289
27 293
28 29
28 40
28 41
28 50
28 58
28 61
28 67
28 73
28 82
28 88
28 100
28 104
28 117
28 119
28 122
28 123
28 125
28 128
28 133
28 140
28 142
28 146
28 148
28 162
28 177
28 182
28 184
28 187
28 201
28 204
28 222
28 241
28 243
28 248
28 250
28 251
28 260
28 267
28 271
28 272
28 274
28 277
28 279
28 282
28 285
28 295
29 30
29 31
29 35
29 36
29 46
29 49
29 54
29 55
29 56
29 57
29 63
29 65
29 66
29 69
29 70
29 71
29 76
29 88
29 90
29 91
29 95
29 97
29 99
29 100
29 102
29 104
29 106
29 117
29 131
29 136
29 137
29 148
29 149
29 150
29 160
29 162
29 179
29 180
29 195
29 196
29 200
29 214
29 223
29 230
29 236
29 240
29 245
29 247
29 253
29 257
29 264
29 268
29 272
29 276
29 285
29 287
29 289
29 291
29 298
30 33
30 37
30 39
30 44
30 47
30 48
30 52
30 55
30 63
30 73
30 76
30 78
30 79
30 87
30 92
30 94
30 105
30 108
30 112
30 116
30 125
30 134
30 139
30 144
30 148
30 150
30 152
30 156
30 169
30 171
30 179
30 184
30 186
30 187
30 194
30 199
30 202
30 203
30 211
30 222
30 226
30 232
30 234
30 237
30 242
30 257
30 264
30 268
30 272
30 276
30 280
30 284
30 287
30 290
30 291
30 294
30 299
31 34
31 37
31 48
31 54
31 56
31 57
31 65
31 72
31 78
31 87
31 88
31 98
31 102
31 103
31 107
31 110
31 112
31 115
31 117
31 119
31 122
31 123
31 128
31 143
31 151
31 156
31 157
31 158
31 166
31 168
31 172
31 179
31 182
31 198
31 213
31 216
31 221
31 229
31 232
31 236
31 249
31 253
31 260
31 263
31 282
31 289
31 292
31 295
32 34
32 45
32 51
32 58
32 63
32 76
32 78
32 85
32 91
32 101
32 108
32 121
32 127
32 132
32 138
32 139
32 142
32 144
32 155
32 164
32 167
32 168
32 169
32 173
32 174
32 175
32 179
32 180
32 182
32 183
32 185
32 187
32 188
32 192
32 201
32 213
32 225
32 235
32 243
32 257
32 273
32 275
32 287
32 289
32 290
32 291
33 42
33 43
33 54
33 59
33 81
33 83
33 89
33 116
33 128
33 129
33 132
33 135
33 146
33 151
33 154
33 157
33 160
33 171
33 184
33 200
33 202
33 204
33 205
33 211
33 214
33 238
33 239
33 253
33 263
33 278
33 279
33 280
33 282
33 290
33 292
33 296
34 40
34 42
34 44
34 46
34 48
34 51
34 59
34 62
34 64
34 69
34 71
34 74
34 75
34 79
34 81
34 91
34 105
34 106
34 107
34 121
34 129
34 133
34 140
34 157
34 158
34 170
34 174
34 176
34 184
34 189
34 190
34 192
34 193
34 195
34 199
34 200
34 205
34 215
34 221
34 222
34 224
34 226
34 238
34 240
34 242
34 243
34 250
34 254
34 255
34 259
34 265
34 274
34 280
34 285
34 286
34 289
34 290
34 294
34 295
35 37
35 42
35 43
35 46
35 48
35 51
35 52
35 54
35 55
35 63
35 66
35 69
35 72
35 73
35 77
35 86
35 87
35 92
35 94
35 98
35 102
35 111
35 118
35 119
35 120
35 126
35 128
35 138
35 151
35 152
35 155
35 156
35 157
35 163
35 172
35 187
35 201
35 202
35 205
35 208
35 227
35 230
35 232
35 238
35 241
35 242
35 247
35 250
35 257
35 261
35 263
35 265
35 268
35 278
35 279
35 287
35 298
36 42
36 46
36 76
36 79
36 107
36 111
36 113
36 120
36 124
36 126
36 130
36 137
36 138
36 139
36 142
36 146
36 148
36 150
36 152
36 166
36 169
36 173
36 174
36 176
36 182
36 188
36 190
36 192
36 194
36 198
36 199
36 203
36 204
36 206
36 210
36 212
36 215
36 219
36 224
36 228
36 229
36 242
36 244
36 250
36 261
36 266
36 268
36 284
37 39
37 44
37 61
37 63
37 84
37 92
37 93
37 98
37 100
37 116
37 123
37 125
37 126
37 131
37 137
37 141
37 148
37 149
37 156
37 157
37 160
37 163
37 172
37 175
37 176
37 180
37 185
37 186
37 187
37 192
37 195
37 196
37 202
37 203
37 206
37 212
37 216
37 224
37 228
37 230
37 237
37 238
37 240
37 244
37 260
37 269
37 280
37 282
37 284
37 287
37 288
37 298
37 299
38 44
38 46
38 57
38 60
38 61
38 75
38 82
38 90
38 91
38 93
38 94
38 99
38 102
38 105
38 112
38 118
38 121
38 124
38 128
38 130
38 134
38 139
38 144
38 146
38 152
38 154
38 156
38 167
38 172
38 174
38 181
38 183
38 193
38 196
38 200
38 201
38 203
38 205
38 209
38 217
38 221
38 233
38 239
38 250
38 252
38 253
38 254
38 255
38 262
38 263
38 264
38 267
38 279
38 281
38 282
38 284
38 298
39 51
39 54
39 61
39 62
39 67
39 70
39 80
39 99
39 100
39 103
39 104
39 105
39 109
39 120
39 122
39 126
39 132
39 135
39 140
39 145
39 149
39 151
39 153
39 158
39 159
39 162
39 163
39 176
39 178
39 182
39 184
39 190
39 191
39 192
39 193
39 195
39 207
39 211
39 224
39 231
39 232
39 238
39 244
39 248
39 250
39 259
39 273
39 274
39 275
39 279
39 280
39 284
39 287
39 294
40 41
40 49
40 52
40 56
40 58
40 61
40 68
40 71
40 76
40 89
40 102
40 114
40 134
40 144
40 149
40 151
40 160
40 163
40 164
40 166
40 171
40 173
40 181
40 183
40 184
40 198
40 205
40 209
40 212
40 213
40 216
40 220
40 221
40 227
40 232
40 244
40 247
40 257
40 261
40 264
40 267
40 270
40 274
40 277
40 278
40 279
40 295
41 47
41 49
41 62
41 68
41 74
41 80
41 86
41 89
41 110
41 112
41 124
41 138
41 143
41 147
41 150
41 152
41 161
41 162
41 168
41 170
41 188
41 189
41 193
41 209
41 215
41 221
41 231
41 233
41 243
41 247
41 260
41 261
41 264
41 286
41 287
41 293
42 46
42 47
42 58
42 61
42 66
42 67
42 68
42 89
42 91
42 101
42 102
42 103
42 115
42 123
42 125
42 133
42 135
42 154
42 171
42 172
42 173
42 175
42 185
42 191
42 192
42 193
42 194
42 206
42 216
42 217
42 218
42 219
42 229
42 240
42 241
42 242
42 249
42 253
42 260
42 266
42 269
42 280
42 286
42 288
42 293
42 295
43 50
43 51
43 54
43 57
43 60
43 61
43 62
43 79
43 80
43 81
43 82
43 83
43 99
43 102
43 105
43 108
43 131
43 135
43 143
43 144
43 145
43 149
43 150
43 153
43 156
43 163
43 166
43 176
43 177
43 178
43 188
43 192
43 196
43 200
43 230
43 234
43 235
43 241
43 244
43 256
43 259
43 260
43 264
43 269
43 280
43 281
43 282
43 285
43 294
43 297
44 49
44 57
44 58
44 69
44 70
44 79
44 87
44 89
44 91
44 92
44 104
44 105
44 108
44 110
44 120
44 127
44 135
44 137
44 139
44 148
44 149
44 153
44 156
44 161
44 168
44 169
44 170
44 173
44 196
44 201
44 205
44 213
44 235
44 243
44 256
44 257
44 267
44 270
44 272
44 276
44 277
44 280
44 285
44 289
44 297
44 299
45 47
45 50
45 53
45 54
45 58
45 60
45 63
45 65
45 71
45 72
45 75
45 84
45 86
45 88
45 98
45 99
45 110
45 116
45 117
45 127
45 129
45 132
45 133
45 136
45 143
45 150
45 151
45 153
45 156
45 157
45 163
45 166
45 168
45 169
45 175
45 177
45 189
45 201
45 204
45 206
45 233
45 235
45 242
45 252
45 261
45 263
45 278
45 283
45 286
45 291
45 294
46 55
46 57
46 62
46 65
46 68
46 74
46 76
46 78
46 79
46 90
46 92
46 93
46 109
46 113
46 124
46 130
46 131
46 140
46 143
46 145
46 155
46 156
46 160
46 167
46 168
46 174
46 175
46 186
46 192
46 194
46 202
46 213
46 218
46 226
46 231
46 233
46 240
46 242
46 245
46 247
46 252
46 254
46 255
46 261
46 264
46 291
46 293
47 60
47 65
47 83
47 85
47 94
47 105
47 106
47 107
47 114
47 115
47 119
47 125
47 131
47 135
47 140
47 145
47 147
47 149
47 159
47 160
47 161
47 170
47 173
47 176
47 177
47 185
47 191
47 193
47 195
47 207
47 218
47 225
47 230
47 235
47 244
47 248
47 254
47 259
47 267
47 277
47 282
47 287
47 291
47 298
47 299
48 51
48 57
48 61
48 64
48 68
48 71
48 73
48 75
48 76
48 82
48 85
48 90
48 100
48 102
48 106
48 108
48 121
48 124
48 128
48 130
48 140
48 147
48 149
48 150
48 151
48 152
48 154
48 164
48 165
48 166
48 167
48 170
48 174
48 178
48 180
48 190
48 198
48 205
48 219
48 227
48 228
48 231
48 234
48 237
48 238
48 239
48 257
48 273
48 280
48 282
48 287
48 289
48 297
49 50
49 56
49 57
49 58
49 66
49 79
49 97
49 104
49 106
49 113
49 122
49 123
49 127
49 128
49 147
49 153
49 162
49 163
49 171
49 173
49 185
49 193
49 201
49 208
49 210
49 216
49 218
49 221
49 225
49 226
49 240
49 254
49 261
49 264
49 272
49 275
49 296
49 299
50 56
50 57
50 63
50 72
50 74
50 89
50 91
50 94
50 102
50 104
50 109
50 110
50 114
50 115
50 120
50 122
50 125
50 126
50 131
50 133
50 143
50 144
50 147
50 148
50 154
50 163
50 178
50 185
50 187
50 196
50 198
50 202
50 219
50 224
50 234
50 238
50 240
50 242
50 254
50 256
50 263
50 265
50 273
50 290
50 294
51 52
51 53
51 54
51 55
51 67
51 69
51 79
51 82
51 85
51 89
51 91
51 105
51 127
51 136
51 142
51 144
51 150
51 158
51 159
51 169
51 172
51 176
51 178
51 180
51 187
51 188
51 202
51 206
51 210
51 212
51 217
51 218
51 220
51 226
51 229
51 231
51 240
51 242
51 245
51 249
51 251
51 253
51 259
51 262
51 272
51 273
51 274
51 275
51 277
51 284
51 286
51 291
51 297
51 298
52 60
52 69
52 73
52 77
52 81
52 82
52 83
52 90
52 94
52 102
52 104
52 106
52 110
52 111
52 116
52 122
52 123
52 124
52 130
52 132
52 135
52 141
52 146
52 155
52 159
52 162
52 166
52 168
52 174
52 175
52 189
52 195
52 205
52 209
52 211
52 212
52 213
52 214
52 217
52 219
52 221
52 231
52 232
52 237
52 238
52 242
52 261
52 268
52 270
52 274
52 276
52 284
52 290
52 293
52 295
52 298
53 59
53 62
53 76
53 89
53 94
53 109
53 111
53 112
53 115
53 116
53 125
53 142
53 144
53 155
53 158
53 169
53 189
53 190
53 199
53 205
53 208
53 213
53 224
53 225
53 229
53 233
53 242
53 254
53 262
53 265
53 266
53 272
53 277
53 280
53 281
53 289
53 295
53 297
54 56
54 60
54 61
54 69
54 70
54 73
54 74
54 75
54 77
54 81
54 85
54 89
54 96
54 99
54 100
54 103
54 105
54 112
54 114
54 122
54 125
54 133
54 144
54 153
54 155
54 174
54 182
54 184
54 186
54 189
54 201
54 208
54 210
54 212
54 213
54 218
54 223
54 226
54 234
54 249
54 253
54 254
54 255
54 256
54 260
54 266
54 290
54 291
54 294
55 56
55 57
55 59
55 60
55 75
55 83
55 85
55 86
55 89
55 94
55 95
55 96
55 110
55 114
55 115
55 126
55 135
55 147
55 149
55 151
55 153
55 154
55 155
55 165
55 166
55 169
55 178
55 179
55 184
55 192
55 195
55 203
55 207
55 208
55 223
55 225
55 227
55 229
55 230
55 231
55 235
55 242
55 248
55 263
55 267
55 269
55 275
55 276
55 282
55 285
55 287
55 297
55 298
56 64
56 69
56 71
56 81
56 96
56 109
56 114
56 120
56 126
56 129
56 132
56 136
56 157
56 171
56 173
56 180
56 190
56 195
56 206
56 207
56 208
56 209
56 221
56 222
56 234
56 235
56 236
56 247
56 250
56 254
56 258
56 260
56 265
56 267
56 269
56 271
56 273
56 283
56 284
56 293
56 294
56 295
56 298
57 61
57 68
57 73
57 75
57 79
57 80
57 86
57 90
57 108
57 111
57 113
57 114
57 122
57 131
57 136
57 143
57 150
57 152
57 159
57 163
57 164
57 168
57 172
57 182
57 193
57 209
57 211
57 220
57 223
57 224
57 225
57 234
57 241
57 243
57 254
57 257
57 264
57 267
57 269
57 271
57 279
57 280
57 287
57 295
57 296
57 299
58 67
58 68
58 69
58 77
58 82
58 85
58 87
58 98
58 106
58 107
58 108
58 120
58 124
58 125
58 128
58 132
58 137
58 138
58 141
58 153
58 155
58 164
58 183
58 185
58 195
58 200
58 202
58 206
58 208
58 211
58 222
58 223
58 226
58 237
58 244
58 248
58 274
58 281
58 287
58 294
59 71
59 72
59 74
59 76
59 81
59 85
59 94
59 95
59 107
59 113
59 114
59 117
59 120
59 125
59 126
59 135
59 137
59 138
59 141
59 143
59 144
59 148
59 149
59 159
59 160
59 170
59 172
59 180
59 187
59 191
59 207
59 208
59 214
59 216
59 217
59 220
59 222
59 228
59 230
59 232
59 237
59 244
59 254
59 267
59 270
59 275
59 278
59 284
59 295
59 299
60 70
60 72
60 79
60 83
60 86
60 87
60 88
60 96
60 98
60 99
60 104
60 105
60 109
60 118
60 120
60 123
60 124
60 127
60 134
60 149
60 152
60 154
60 156
60 161
60 170
60 171
60 173
60 174
60 178
60 191
60 192
60 198
60 200
60 201
60 209
60 211
60 214
60 223
60 225
60 231
60 233
60 235
60 243
60 246
60 247
60 250
60 251
60 254
60 258
60 259
60 264
60 267
60 269
60 271
60 272
60 286
60 289
60 294
61 65
61 72
61 77
61 85
61 86
61 88
61 96
61 98
61 100
61 114
61 119
61 125
61 128
61 134
61 135
61 136
61 139
61 144
61 145
61 147
61 161
61 163
61 166
61 171
61 177
61 181
61 198
61 199
61 202
61 204
61 213
61 218
61 221
61 231
61 234
61 256
61 259
61 262
61 265
61 270
61 278
61 283
61 293
61 298
62 65
62 71
62 75
62 78
62 81
62 91
62 92
62 99
62 111
62 114
62 118
62 120
62 130
62 142
62 143
62 164
62 170
62 172
62 174
62 175
62 185
62 188
62 190
62 192
62 193
62 196
62 202
62 228
62 238
62 240
62 247
62 249
62 250
62 259
62 264
62 265
62 269
62 284
62 290
62 296
62 298
63 64
63 70
63 72
63 76
63 78
63 80
63 81
63 89
63 92
63 98
63 99
63 100
63 107
63 108
63 109
63 115
63 123
63 127
63 131
63 136
63 137
63 142
63 146
63 154
63 162
63 164
63 166
63 170
63 173
63 178
63 182
63 185
63 188
63 189
63 190
63 191
63 192
63 193
63 196
63 203
63 204
63 210
63 214
63 216
63 228
63 229
63 244
63 246
63 251
63 260
63 270
63 273
63 283
63 288
63 291
64 81
64 82
64 90
64 95
64 100
64 101
64 102
64 112
64 118
64 125
64 130
64 131
64 137
64 139
64 146
64 160
64 165
64 167
64 168
64 170
64 195
64 197
64 201
64 204
64 205
64 214
64 215
64 221
64 228
64 229
64 233
64 234
64 236
64 239
64 240
64 249
64 254
64 257
64 261
64 266
64 267
64 271
64 278
64 281
64 283
64 285
64 286
64 294
65 66
65 67
65 74
65 81
65 83
65 84
65 88
65 97
65 104
65 106
65 112
65 113
65 117
65 121
65 122
65 125
65 129
65 130
65 136
65 161
65 171
65 174
65 176
65 179
65 190
65 192
65 195
65 207
65 210
65 212
65 227
65 234
65 237
65 244
65 250
65 255
65 260
65 263
65 264
65 266
65 268
65 269
65 270
65 284
65 287
65 296
66 69
66 87
66 89
66 90
66 93
66 104
66 105
66 108
66 111
66 112
66 113
66 114
66 129
66 130
66 131
66 132
66 140
66 162
66 163
66 168
66 170
66 171
66 173
66 178
66 182
66 185
66 190
66 209
66 211
66 213
66 214
66 216
66 222
66 232
66 234
66 235
66 242
66 243
66 247
66 253
66 275
66 286
66 290
67 69
67 73
67 77
67 79
67 81
67 82
67 86
67 87
67 88
67 90
67 94
67 98
67 101
67 123
67 125
67 126
67 128
67 130
67 131
67 134
67 135
67 136
67 137
67 139
67 147
67 157
67 165
67 178
67 180
67 190
67 192
67 194
67 195
67 204
67 208
67 214
67 218
67 223
67 225
67 231
67 235
67 248
67 252
67 253
67 255
67 261
67 266
67 272
67 274
67 279
67 288
67 291
67 298
67 299
68 78
68 81
68 92
68 96
68 101
68 116
68 121
68 130
68 143
68 146
68 149
68 152
68 154
68 157
68 159
68 161
68 162
68 166
68 167
68 168
68 169
68 173
68 192
68 193
68 196
68 201
68 202
68 209
68 210
68 219
68 225
68 227
68 233
68 235
68 240
68 242
68 243
68 244
68 252
68 261
68 276
68 277
68 278
68 280
68 281
68 283
68 289
68 292
68 293
68 295
69 88
69 93
69 96
69 99
69 107
69 113
69 114
69 116
69 118
69 121
69 122
69 124
69 125
69 136
69 141
69 144
69 150
69 153
69 161
69 173
69 185
69 186
69 188
69 189
69 191
69 195
69 200
69 203
69 204
69 205
69 206
69 209
69 210
69 217
69 221
69 231
69 233
69 235
69 238
69 242
69 247
69 249
69 252
69 254
69 257
69 259
69 272
69 275
69 279
69 282
69 285
69 286
69 289
69 299
70 75
70 76
70 85
70 86
70 89
70 93
70 101
70 110
70 111
70 114
70 117
70 119
70 123
70 128
70 129
70 132
70 137
70 140
70 145
70 149
70 151
70 157
70 162
70 171
70 174
70 177
70 189
70 198
70 205
70 210
70 213
70 216
70 218
70 230
70 237
70 239
70 255
70 256
70 273
70 284
70 285
70 291
70 293
71 72
71 74
71 76
71 78
71 79
71 88
71 91
71 99
71 107
71 129
71 150
71 153
71 156
71 157
71 158
71 167
71 168
71 172
71 181
71 183
71 204
71 206
71 212
71 217
71 223
71 226
71 227
71 232
71 235
71 237
71 238
71 243
71 249
71 253
71 263
71 268
71 280
71 292
72 76
72 82
72 89
72 96
72 98
72 99
72 101
72 106
72 112
72 121
72 126
72 130
72 134
72 149
72 152
72 156
72 161
72 163
72 167
72 171
72 175
72 182
72 183
72 185
72 186
72 188
72 189
72 192
72 208
72 213
72 219
72 226
72 228
72 230
72 231
72 242
72 246
72 251
72 262
72 263
72 265
72 267
72 269
72 270
72 272
72 291
73 78
73 85
73 87
73 89
73 93
73 100
73 104
73 105
73 110
73 111
73 113
73 115
73 119
73 121
73 134
73 150
73 157
73 163
73 169
73 172
73 173
73 176
73 182
73 183
73 184
73 186
73 187
73 190
73 208
73 209
73 217
73 221
73 225
73 229
73 237
73 258
73 264
73 268
73 272
73 273
73 276
73 277
73 278
73 287
73 288
73 292
74 86
74 91
74 101
74 113
74 114
74 115
74 120
74 123
74 124
74 128
74 131
74 135
74 137
74 143
74 147
74 152
74 153
74 154
74 155
74 157
74 158
74 160
74 165
74 171
74 173
74 175
74 176
74 180
74 183
74 194
74 200
74 201
74 203
74 207
74 209
74 213
74 221
74 228
74 236
74 241
74 248
74 249
74 263
74 267
74 272
74 276
74 277
74 285
74 296
74 299
75 78
75 82
75 83
75 85
75 88
75 96
75 97
75 98
75 101
75 107
75 112
75 120
75 121
75 126
75 135
75 138
75 142
75 154
75 156
75 171
75 174
75 177
75 181
75 189
75 190
75 191
75 197
75 199
75 201
75 207
75 211
75 212
75 217
75 224
75 232
75 234
75 239
75 246
75 250
75 264
75 272
75 275
75 280
75 281
75 284
75 290
75 294
76 83
76 98
76 102
76 105
76 110
76 115
76 116
76 119
76 120
76 129
76 132
76 133
76 139
76 140
76 148
76 150
76 163
76 164
76 166
76 173
76 176
76 178
76 180
76 184
76 187
76 188
76 192
76 199
76 204
76 207
76 216
76 217
76 218
76 220
76 224
76 231
76 236
76 238
76 246
76 248
76 255
76 256
76 261
76 273
76 280
76 296
76 298
77 78
77 83
77 88
77 98
77 99
77 103
77 106
77 113
77 121
77 128
77 132
77 133
77 134
77 137
77 140
77 142
77 144
77 149
77 154
77 157
77 163
77 176
77 183
77 185
77 189
77 195
77 197
77 199
77 203
77 216
77 229
77 230
77 234
77 249
77 250
77 256
77 258
77 260
77 263
77 272
77 282
77 285
77 288
77 290
77 291
78 86
78 89
78 92
78 108
78 124
78 126
78 128
78 134
78 135
78 139
78 141
78 149
78 151
78 152
78 159
78 160
78 163
78 164
78 166
78 169
78 171
78 173
78 177
78 178
78 183
78 184
78 193
78 206
78 210
78 211
78 216
78 219
78 250
78 252
78 255
78 263
78 266
78 268
78 283
78 286
78 289
78 290
78 296
78 297
79 88
79 94
79 100
79 103
79 104
79 105
79 115
79 128
79 140
79 153
79 156
79 160
79 175
79 178
79 180
79 183
79 185
79 186
79 196
79 197
79 201
79 206
79 212
79 214
79 219
79 238
79 243
79 251
79 253
79 260
79 263
79 271
79 273
79 278
79 279
79 282
79 287
79 297
80 86
80 92
80 93
80 94
80 95
80 96
80 99
80 100
80 105
80 106
80 111
80 117
80 118
80 130
80 135
80 139
80 141
80 143
80 144
80 148
80 150
80 153
80 154
80 182
80 184
80 186
80 197
80 199
80 200
80 203
80 206
80 207
80 209
80 215
80 238
80 239
80 244
80 249
80 257
80 261
80 271
80 273
80 274
80 277
80 281
80 290
80 295
80 297
80 298
81 90
81 97
81 98
81 100
81 102
81 106
81 112
81 113
81 127
81 131
81 132
81 140
81 145
81 152
81 153
81 155
81 159
81 167
81 168
81 178
81 179
81 187
81 192
81 193
81 194
81 200
81 205
81 212
81 216
81 220
81 230
81 233
81 242
81 244
81 248
81 252
81 254
81 258
81 266
81 273
81 286
81 288
81 289
81 295
81 296
81 297
82 89
82 91
82 92
82 97
82 100
82 104
82 108
82 114
82 117
82 126
82 130
82 132
82 136
82 147
82 153
82 157
82 175
82 182
82 183
82 193
82 194
82 195
82 196
82 198
82 199
82 201
82 202
82 203
82 206
82 207
82 209
82 210
82 218
82 225
82 232
82 236
82 238
82 244
82 252
82 256
82 259
82 273
82 274
82 288
82 294
83 86
83 93
83 115
83 119
83 120
83 121
83 126
83 132
83 135
83 136
83 140
83 147
83 148
83 153
83 155
83 157
83 158
83 160
83 163
83 167
83 175
83 181
83 188
83 192
83 199
83 206
83 210
83 219
83 222
83 225
83 227
83 229
83 230
83 235
83 242
83 249
83 250
83 259
83 261
83 263
83 267
83 283
83 290
83 299
84 90
84 92
84 100
84 103
84 107
84 110
84 115
84 116
84 135
84 137
84 140
84 142
84 143
84 165
84 177
84 181
84 184
84 186
84 190
84 191
84 194
84 202
84 206
84 207
84 226
84 231
84 236
84 242
84 243
84 262
84 266
84 268
84 269
84 277
84 278
84 285
84 290
84 294
84 297
84 298
85 89
85 101
85 102
85 104
85 115
85 125
85 129
85 134
85 135
85 144
85 154
85 157
85 165
85 168
85 169
85 175
85 178
85 181
85 187
85 191
85 198
85 204
85 208
85 214
85 218
85 232
85 238
85 242
85 249
85 253
85 259
85 268
85 271
85 273
85 276
85 277
85 279
85 285
85 287
85 293
85 296
85 298
86 93
86 96
86 102
86 108
86 113
86 125
86 126
86 130
86 136
86 142
86 147
86 166
86 179
86 184
86 186
86 190
86 197
86 198
86 199
86 202
86 205
86 211
86 213
86 214
86 219
86 220
86 224
86 229
86 236
86 241
86 247
86 248
86 251
86 253
86 254
86 255
86 267
86 268
86 271
86 277
86 281
86 284
86 285
86 286
86 289
86 291
86 293
86 299
87 98
87 107
87 109
87 113
87 116
87 119
87 125
87 131
87 137
87 140
87 143
87 145
87 162
87 163
87 168
87 169
87 175
87 178
87 179
87 182
87 187
87 190
87 196
87 197
87 198
87 215
87 221
87 224
87 225
87 232
87 233
87 244
87 255
87 266
87 267
87 272
87 277
87 289
87 292
87 296
88 108
88 110
88 115
88 118
88 120
88 124
88 126
88 127
88 130
88 137
88 158
88 160
88 168
88 174
88 176
88 191
88 204
88 205
88 209
88 216
88 217
88 231
88 233
88 238
88 242
88 246
88 252
88 253
88 263
88 267
88 268
88 273
88 274
88 281
88 284
88 285
88 288
88 292
88 297
88 299
89 92
89 95
89 98
89 100
89 118
89 119
89 120
89 124
89 125
89 130
89 133
89 141
89 146
89 151
89 158
89 174
89 182
89 183
89 188
89 200
89 201
89 216
89 222
89 226
89 235
89 241
89 242
89 252
89 253
89 254
89 260
89 269
89 272
89 278
89 282
89 283
89 289
89 291
89 293
90 94
90 105
90 113
90 118
90 122
90 126
90 132
90 133
90 137
90 138
90 141
90 142
90 151
90 159
90 165
90 168
90 169
90 171
90 172
90 181
90 189
90 194
90 195
90 200
90 211
90 219
90 221
90 224
90 232
90 233
90 240
90 241
90 242
90 243
90 246
90 250
90 260
90 263
90 264
90 268
90 276
90 281
90 282
90 286
90 287
90 290
90 294
90 295
90 296
90 297
90 299
91 93
91 102
91 107
91 119
91 128
91 135
91 150
91 153
91 156
91 162
91 166
91 173
91 174
91 182
91 189
91 196
91 206
91 213
91 216
91 218
91 224
91 227
91 230
91 236
91 245
91 247
91 249
91 250
91 252
91 268
91 271
91 275
91 280
91 287
91 288
91 292
91 294
91 295
91 296
91 298
92 108
92 114
92 117
92 126
92 128
92 138
92 141
92 144
92 162
92 170
92 171
92 173
92 184
92 193
92 195
92 196
92 201
92 207
92 212
92 213
92 215
92 218
92 224
92 231
92 234
92 247
92 252
92 257
92 266
92 267
92 269
92 270
92 273
92 274
92 285
92 290
92 292
92 296
93 96
93 99
93 100
93 102
93 106
93 113
93 117
93 118
93 121
93 122
93 123
93 128
93 132
93 137
93 138
93 141
93 142
93 147
93 148
93 152
93 155
93 162
93 165
93 172
93 174
93 176
93 179
93 189
93 191
93 199
93 201
93 202
93 212
93 214
93 238
93 257
93 262
93 264
93 276
93 279
93 282
93 283
93 289
93 290
93 299
94 102
94 103
94 107
94 117
94 122
94 132
94 147
94 161
94 162
94 163
94 167
94 179
94 184
94 190
94 197
94 201
94 202
94 204
94 210
94 222
94 223
94 227
94 237
94 245
94 255
94 262
94 263
94 275
94 283
94 284
94 285
94 294
94 297
94 298
95 106
95 111
95 115
95 116
95 128
95 135
95 138
95 148
95 160
95 170
95 171
95 179
95 189
95 190
95 191
95 202
95 204
95 209
95 215
95 217
95 229
95 231
95 238
95 242
95 243
95 247
95 251
95 254
95 260
95 261
95 262
95 275
95 291
95 294
96 103
96 104
96 105
96 109
96 116
96 122
96 133
96 154
96 155
96 156
96 158
96 166
96 182
96 184
96 202
96 203
96 205
96 224
96 225
96 234
96 239
96 253
96 264
96 268
96 271
96 273
96 274
96 280
96 281
96 286
96 292
97 102
97 106
97 109
97 115
97 133
97 145
97 149
97 152
97 153
97 160
97 176
97 179
97 190
97 215
97 216
97 224
97 228
97 229
97 230
97 232
97 235
97 236
97 240
97 245
97 248
97 251
97 255
97 257
97 259
97 261
97 274
97 275
97 276
97 283
97 289
97 299
98 104
98 107
98 117
98 131
98 135
98 141
98 142
98 153
98 158
98 161
98 162
98 170
98 176
98 180
98 188
98 197
98 199
98 200
98 205
98 228
98 231
98 237
98 240
98 241
98 245
98 247
98 248
98 251
98 260
98 261
98 262
98 264
98 267
98 268
98 269
98 276
98 282
98 285
98 286
98 292
99 103
99 111
99 112
99 114
99 119
99 121
99 122
99 123
99 125
99 127
99 132
99 149
99 152
99 153
99 155
99 156
99 160
99 163
99 166
99 167
99 173
99 175
99 182
99 184
99 195
99 196
99 204
99 205
99 217
99 220
99 222
99 233
99 242
99 246
99 252
99 265
99 274
99 278
99 283
99 286
99 287
99 289
99 291
99 298
100 104
100 105
100 115
100 121
100 129
100 135
100 143
100 146
100 148
100 151
100 155
100 164
100 166
100 171
100 177
100 181
100 193
100 200
100 201
100 202
100 205
100 206
100 211
100 212
100 217
100 227
100 241
100 242
100 252
100 254
100 255
100 257
100 260
100 264
100 266
100 267
100 268
100 288
100 292
100 293
100 297
100 298
101 110
101 111
101 115
101 142
101 147
101 151
101 171
101 177
101 180
101 182
101 185
101 186
101 190
101 191
101 196
101 200
101 201
101 210
101 215
101 225
101 228
101 229
101 231
101 241
101 246
101 248
101 249
101 252
101 253
101 256
101 257
101 260
101 264
101 272
101 281
101 283
101 284
101 285
101 287
101 293
101 297
101 298
102 103
102 110
102 111
102 117
102 120
102 125
102 126
102 133
102 138
102 139
102 143
102 145
102 149
102 150
102 153
102 160
102 164
102 173
102 175
102 187
102 195
102 199
102 202
102 203
102 208
102 210
102 215
102 217
102 222
102 228
102 232
102 235
102 237
102 244
102 253
102 255
102 260
102 261
102 262
102 283
102 284
102 286
102 287
102 295
102 298
103 104
103 110
103 122
103 124
103 127
103 132
103 133
103 134
103 140
103 143
103 144
103 147
103 152
103 172
103 199
103 201
103 207
103 209
103 210
103 211
103 217
103 220
103 221
103 222
103 225
103 238
103 243
103 246
103 247
103 250
103 257
103 259
103 265
103 268
103 272
103 273
103 275
103 276
103 277
103 280
103 282
103 284
103 287
103 294
103 296
104 107
104 117
104 118
104 120
104 133
104 150
104 154
104 160
104 166
104 177
104 178
104 180
104 187
104 190
104 192
104 196
104 198
104 199
104 202
104 207
104 213
104 217
104 224
104 226
104 236
104 237
104 238
104 241
104 242
104 249
104 253
104 257
104 264
104 269
104 271
104 275
104 279
104 281
104 285
104 289
104 292
104 293
104 298
105 109
105 122
105 126
105 127
105 132
105 134
105 136
105 138
105 149
105 157
105 159
105 165
105 166
105 167
105 179
105 193
105 199
105 201
105 207
105 208
105 223
105 224
105 225
105 227
105 234
105 235
105 236
105 244
105 253
105 262
105 265
105 282
105 285
106 113
106 117
106 124
106 126
106 128
106 135
106 137
106 146
106 147
106 148
106 149
106 159
106 160
106 161
106 166
106 174
106 181
106 184
106 185
106 187
106 188
106 192
106 196
106 201
106 202
106 208
106 212
106 213
106 216
106 220
106 223
106 227
106 230
106 238
106 241
106 242
106 243
106 246
106 263
106 264
106 272
106 273
106 275
106 276
106 288
106 296
107 119
107 127
107 129
107 135
107 137
107 140
107 142
107 155
107 157
107 158
107 160
107 162
107 167
107 169
107 175
107 183
107 189
107 194
107 197
107 205
107 206
107 215
107 218
107 225
107 230
107 236
107 237
107 239
107 245
107 251
107 259
107 261
107 264
107 274
107 278
107 279
107 283
107 286
107 290
107 291
108 111
108 113
108 120
108 121
108 122
108 127
108 131
108 136
108 140
108 143
108 150
108 152
108 167
108 169
108 170
108 171
108 178
108 179
108 183
108 190
108 193
108 194
108 206
108 213
108 219
108 220
108 222
108 226
108 227
108 231
108 233
108 237
108 247
108 249
108 250
108 252
108 262
108 267
108 284
108 286
108 287
108 288
108 290
108 292
109 113
109 116
109 127
109 129
109 132
109 136
109 138
109 142
109 146
109 147
109 150
109 151
109 152
109 154
109 156
109 157
109 159
109 163
109 170
109 176
109 178
109 190
109 193
109 200
109 204
109 208
109 224
109 225
109 238
109 239
109 240
109 241
109 245
109 246
109 256
109 260
109 270
109 274
109 276
109 281
109 284
109 293
109 297
109 299
110 122
110 136
110 139
110 147
110 149
110 151
110 160
110 168
110 182
110 184
110 187
110 188
110 189
110 200
110 202
110 205
110 210
110 217
110 220
110 225
110 235
110 239
110 246
110 247
110 257
110 260
110 266
110 267
110 276
110 287
110 289
110 293
110 298
111 112
111 113
111 114
111 115
111 117
111 122
111 124
111 125
111 130
111 134
111 141
111 142
111 146
111 149
111 160
111 174
111 176
111 177
111 178
111 179
111 201
111 202
111 206
111 210
111 215
111 219
111 224
111 229
111 231
111 237
111 239
111 240
111 247
111 248
111 249
111 250
111 253
111 257
111 265
111 269
111 270
111 272
111 278
111 281
111 284
111 289
111 294
111 299
112 113
112 118
112 121
112 123
112 129
112 132
112 135
112 141
112 145
112 149
112 151
112 155
112 157
112 166
112 167
112 168
112 180
112 190
112 191
112 195
112 240
112 242
112 248
112 255
112 259
112 262
112 263
112 265
112 269
112 278
112 293
113 118
113 120
113 122
113 130
113 132
113 135
113 136
113 142
113 149
113 157
113 160
113 161
113 162
113 163
113 174
113 181
113 190
113 200
113 201
113 211
113 216
113 238
113 244
113 247
113 251
113 256
113 263
113 264
113 265
113 275
113 283
113 288
113 290
113 296
113 299
114 116
114 117
114 118
114 146
114 154
114 155
114 159
114 162
114 172
114 175
114 176
114 183
114 192
114 195
114 201
114 203
114 211
114 217
114 223
114 224
114 227
114 229
114 242
114 246
114 256
114 261
114 263
114 264
114 266
114 272
114 281
114 289
114 296
115 119
115 121
115 126
115 129
115 141
115 143
115 153
115 160
115 162
115 164
115 167
115 172
115 176
115 177
115 183
115 192
115 194
115 198
115 199
115 201
115 203
115 213
115 220
115 230
115 231
115 235
115 239
115 241
115 242
115 252
115 258
115 264
115 268
115 271
115 285
115 287
115 289
115 293
115 295
115 297
116 133
116 135
116 136
116 138
116 139
116 143
116 149
116 153
116 194
116 195
116 216
116 225
116 226
116 228
116 230
116 244
116 245
116 247
116 262
116 263
116 267
116 292
116 294
116 296
117 121
117 128
117 136
117 137
117 145
117 147
117 152
117 153
117 165
117 175
117 176
117 177
117 178
117 182
117 184
117 186
117 188
117 189
117 190
117 193
117 195
117 196
117 197
117 202
117 216
117 220
117 223
117 229
117 231
117 236
117 241
117 248
117 254
117 259
117 260
117 262
117 277
117 286
117 287
117 288
117 291
117 295
118 131
118 132
118 136
118 141
118 146
118 159
118 168
118 179
118 181
118 184
118 189
118 196
118 203
118 204
118 206
118 207
118 217
118 219
118 221
118 238
118 243
118 245
118 257
118 261
118 264
118 278
118 281
118 286
118 289
118 291
118 292
118 297
119 120
119 132
119 139
119 140
119 142
119 150
119 152
119 156
119 157
119 169
119 172
119 175
119 176
119 177
119 182
119 189
119 190
119 199
119 210
119 212
119 216
119 222
119 225
119 226
119 227
119 231
119 235
119 244
119 245
119 252
119 258
119 261
119 267
119 268
119 279
119 280
119 283
119 288
119 289
119 293
120 123
120 124
120 127
120 129
120 130
120 135
120 137
120 142
120 143
120 144
120 157
120 162
120 165
120 168
120 180
120 184
120 187
120 188
120 192
120 197
120 199
120 207
120 208
120 217
120 239
120 255
120 262
120 267
120 269
120 278
120 285
120 297
120 298
121 122
121 123
121 126
121 128
121 133
121 134
121 147
121 148
121 160
121 161
121 169
121 171
121 180
121 185
121 193
121 198
121 201
121 203
121 215
121 223
121 225
121 241
121 247
121 256
121 261
121 263
121 271
121 272
121 276
121 277
121 278
121 280
121 288
121 290
121 294
121 299
122 124
122 126
122 128
122 130
122 134
122 142
122 145
122 155
122 159
122 162
122 164
122 165
122 166
122 176
122 185
122 190
122 191
122 199
122 207
122 209
122 220
122 223
122 226
122 229
122 231
122 232
122 235
122 240
122 242
122 243
122 247
122 248
122 253
122 254
122 255
122 256
122 261
122 268
122 274
122 276
122 288
122 289
122 292
122 294
123 126
123 127
123 131
123 135
123 142
123 149
123 155
123 157
123 159
123 167
123 171
123 173
123 194
123 195
123 200
123 208
123 211
123 219
123 228
123 232
123 237
123 239
123 247
123 250
123 261
123 262
123 270
123 275
123 278
123 284
123 292
123 296
124 134
124 139
124 146
124 148
124 149
124 150
124 159
124 162
124 164
124 165
124 171
124 180
124 188
124 189
124 191
124 193
124 199
124 222
124 232
124 233
124 239
124 251
124 256
124 265
124 266
124 270
124 274
124 279
124 285
124 286
124 291
124 296
125 129
125 131
125 137
125 151
125 152
125 160
125 161
125 173
125 189
125 193
125 194
125 199
125 200
125 204
125 221
125 225
125 233
125 235
125 250
125 252
125 273
125 281
125 287
125 289
125 294
126 128
126 131
126 135
126 136
126 137
126 150
126 160
126 173
126 176
126 180
126 184
126 187
126 190
126 197
126 201
126 204
126 206
126 208
126 209
126 214
126 216
126 219
126 220
126 225
126 229
126 236
126 242
126 247
126 251
126 252
126 254
126 255
126 256
126 257
126 263
126 267
126 270
126 273
126 284
126 285
126 289
126 295
126 297
127 135
127 136
127 137
127 141
127 147
127 156
127 162
127 168
127 177
127 178
127 179
127 193
127 198
127 221
127 223
127 228
127 231
127 239
127 244
127 247
127 248
127 256
127 263
127 265
127 277
127 282
127 283
127 287
127 289
127 292
128 130
128 139
128 152
128 155
128 159
128 168
128 172
128 173
128 176
128 182
128 183
128 187
128 188
128 191
128 193
128 203
128 217
128 221
128 225
128 232
128 233
128 243
128 244
128 252
128 258
128 260
128 262
128 278
128 280
128 281
128 283
128 287
128 290
128 292
128 298
129 130
129 134
129 139
129 141
129 144
129 168
129 170
129 180
129 184
129 188
129 204
129 205
129 206
129 209
129 211
129 219
129 220
129 228
129 233
129 240
129 242
129 244
129 249
129 250
129 251
129 255
129 258
129 259
129 261
129 263
129 267
129 273
129 274
129 278
129 287
129 288
129 289
129 291
130 131
130 140
130 153
130 162
130 164
130 184
130 185
130 190
130 199
130 200
130 204
130 205
130 209
130 213
130 230
130 232
130 234
130 236
130 237
130 249
130 262
130 264
130 267
130 277
130 284
130 285
130 296
131 132
131 134
131 135
131 143
131 148
131 154
131 165
131 170
131 172
131 173
131 180
131 185
131 186
131 191
131 197
131 206
131 209
131 212
131 221
131 226
131 231
131 236
131 244
131 249
131 250
131 251
131 256
131 262
131 267
131 274
131 279
131 286
131 289
132 139
132 144
132 148
132 150
132 155
132 161
132 164
132 166
132 183
132 191
132 201
132 206
132 211
132 222
132 230
132 235
132 237
132 239
132 244
132 246
132 249
132 252
132 261
132 263
132 264
132 265
132 278
132 291
132 294
132 298
133 134
133 141
133 144
133 145
133 150
133 153
133 156
133 157
133 161
133 163
133 168
133 170
133 181
133 183
133 184
133 188
133 193
133 203
133 205
133 215
133 218
133 222
133 223
133 229
133 250
133 252
133 257
133 259
133 264
133 267
133 276
133 283
133 287
133 298
134 136
134 140
134 142
134 149
134 150
134 152
134 156
134 157
134 158
134 160
134 163
134 166
134 173
134 174
134 184
134 187
134 190
134 193
134 204
134 208
134 209
134 211
134 214
134 218
134 228
134 229
134 232
134 234
134 239
134 243
134 247
134 251
134 253
134 256
134 263
134 264
134 265
134 281
134 285
134 290
135 137
135 152
135 158
135 166
135 169
135 174
135 178
135 182
135 183
135 187
135 191
135 196
135 197
135 198
135 207
135 208
135 213
135 215
135 220
135 221
135 226
135 231
135 233
135 236
135 251
135 253
135 255
135 256
135 272
135 274
135 277
135 278
135 285
135 288
135 289
135 298
136 139
136 140
136 144
136 158
136 160
136 162
136 163
136 168
136 170
136 179
136 181
136 188
136 199
136 200
136 202
136 206
136 211
136 212
136 219
136 222
136 223
136 227
136 229
136 235
136 236
136 238
136 253
136 254
136 258
136 264
136 266
136 270
136 282
136 291
136 295
137 164
137 168
137 169
137 171
137 174
137 180
137 186
137 188
137 192
137 196
137 198
137 201
137 204
137 205
137 207
137 209
137 214
137 222
137 226
137 230
137 235
137 242
137 251
137 252
137 260
137 267
137 268
137 270
137 274
137 285
137 295
137 299
138 144
138 146
138 148
138 176
138 180
138 181
138 191
138 195
138 199
138 214
138 225
138 230
138 251
138 259
138 265
138 273
138 274
138 278
138 281
138 288
138 289
138 293
138 294
138 297
139 142
139 145
139 149
139 150
139 152
139 158
139 161
139 171
139 172
139 174
139 175
139 180
139 188
139 190
139 196
139 219
139 221
139 230
139 237
139 240
139 241
139 243
139 251
139 255
139 261
139 265
139 267
139 268
139 269
139 270
139 273
139 276
139 279
139 280
139 281
139 292
140 142
140 155
140 158
140 169
140 170
140 173
140 188
140 192
140 198
140 212
140 214
140 220
140 225
140 226
140 227
140 230
140 239
140 257
140 258
140 262
140 263
140 271
140 272
140 276
140 278
140 279
141 142
141 145
141 147
141 156
141 157
141 166
141 174
141 177
141 178
141 179
141 181
141 183
141 187
141 196
141 205
141 206
141 207
141 210
141 221
141 222
141 226
141 229
141 231
141 241
141 256
141 257
141 258
141 276
141 278
141 283
142 143
142 148
142 149
142 150
142 151
142 152
142 153
142 155
142 157
142 162
142 164
142 170
142 175
142 181
142 183
142 185
142 188
142 190
142 193
142 198
142 199
142 200
142 202
142 204
142 208
142 218
142 228
142 229
142 232
142 234
142 258
142 260
142 264
142 274
142 275
142 294
142 295
143 149
143 153
143 164
143 167
143 168
143 169
143 170
143 177
143 184
143 207
143 211
143 222
143 223
143 224
143 225
143 230
143 238
143 239
143 242
143 248
143 258
143 260
143 268
143 270
143 273
143 286
143 288
143 290
143 293
143 299
144 159
144 160
144 162
144 165
144 169
144 173
144 175
144 178
144 183
144 186
144 189
144 201
144 204
144 213
144 223
144 231
144 235
144 239
144 241
144 243
144 249
144 255
144 269
144 282
144 292
144 293
145 157
145 159
145 165
145 168
145 172
145 179
145 180
145 183
145 185
145 189
145 190
145 209
145 218
145 221
145 225
145 226
145 228
145 241
145 248
145 251
145 260
145 265
145 269
145 278
145 279
145 281
145 288
145 292
145 293
145 296
146 149
146 154
146 160
146 167
146 168
146 172
146 179
146 180
146 186
146 190
146 196
146 204
146 206
146 210
146 219
146 221
146 225
146 228
146 235
146 236
146 238
146 240
146 241
146 242
146 248
146 252
146 253
146 268
146 273
146 291
146 293
146 298
147 148
147 150
147 158
147 167
147 178
147 188
147 199
147 203
147 205
147 207
147 209
147 222
147 224
147 239
147 241
147 252
147 259
147 263
147 271
147 272
147 273
147 285
147 286
147 289
147 292
148 158
148 168
148 173
148 179
148 181
148 182
148 187
148 188
148 189
148 190
148 197
148 205
148 206
148 208
148 209
148 222
148 237
148 245
148 254
148 256
148 273
148 285
148 288
148 289
148 290
149 150
149 152
149 165
149 167
149 179
149 180
149 184
149 185
149 188
149 189
149 197
149 201
149 212
149 221
149 224
149 234
149 235
149 247
149 251
149 256
149 260
149 265
149 271
149 274
149 280
149 281
149 284
149 297
150 153
150 154
150 163
150 165
150 172
150 176
150 178
150 183
150 184
150 192
150 195
150 198
150 203
150 215
150 226
150 246
150 251
150 253
150 254
150 258
150 264
150 269
150 278
150 281
150 283
150 296
151 157
151 163
151 164
151 167
151 171
151 180
151 187
151 188
151 189
151 192
151 195
151 196
151 197
151 200
151 204
151 207
151 217
151 222
151 225
151 244
151 246
151 251
151 253
151 254
151 255
151 270
151 276
151 277
151 278
151 280
151 287
151 289
151 294
152 158
152 162
152 165
152 173
152 174
152 186
152 190
152 201
152 220
152 222
152 226
152 227
152 229
152 232
152 244
152 248
152 257
152 259
152 265
152 266
152 267
152 271
152 277
152 279
152 286
153 159
153 172
153 178
153 189
153 191
153 194
153 206
153 226
153 227
153 230
153 233
153 238
153 241
153 245
153 248
153 250
153 252
153 254
153 264
153 265
153 276
153 279
153 281
153 291
153 297
153 298
153 299
154 155
154 156
154 161
154 168
154 180
154 183
154 198
154 203
154 204
154 206
154 210
154 216
154 219
154 225
154 228
154 229
154 237
154 238
154 248
154 259
154 261
154 263
154 269
154 282
154 288
154 292
154 294
154 296
155 163
155 164
155 165
155 170
155 172
155 177
155 179
155 181
155 183
155 190
155 194
155 197
155 199
155 202
155 207
155 213
155 224
155 228
155 231
155 233
155 235
155 246
155 255
155 257
155 268
155 270
155 282
155 292
155 293
156 157
156 160
156 163
156 168
156 169
156 178
156 182
156 184
156 186
156 190
156 192
156 195
156 197
156 206
156 210
156 220
156 233
156 238
156 239
156 241
156 243
156 251
156 253
156 258
156 259
156 262
156 268
156 270
156 275
156 276
156 278
156 285
156 287
156 290
156 292
156 294
156 298
157 160
157 165
157 166
157 171
157 182
157 186
157 193
157 196
157 198
157 199
157 201
157 202
157 205
157 207
157 211
157 224
157 227
157 229
157 232
157 234
157 239
157 245
157 246
157 249
157 251
157 258
157 259
157 262
157 267
157 271
157 287
157 290
157 293
157 298
158 160
158 165
158 166
158 169
158 186
158 187
158 189
158 193
158 197
158 199
158 200
158 217
158 219
158 225
158 229
158 233
158 238
158 243
158 244
158 245
158 250
158 261
158 262
158 269
158 272
158 274
158 280
158 282
158 284
158 297
158 298
159 162
159 168
159 171
159 177
159 180
159 181
159 200
159 209
159 211
159 216
159 222
159 223
159 233
159 247
159 260
159 262
159 263
159 265
159 268
159 274
159 291
159 292
160 163
160 164
160 165
160 173
160 178
160 180
160 181
160 195
160 200
160 208
160 210
160 215
160 220
160 226
160 230
160 232
160 233
160 253
160 258
160 269
160 270
160 273
160 274
160 275
160 281
160 293
160 296
160 298
161 169
161 182
161 188
161 197
161 198
161 205
161 207
161 211
161 219
161 226
161 238
161 243
161 249
161 251
161 254
161 255
161 257
161 260
161 267
161 284
161 287
161 288
161 290
161 296
161 298
162 167
162 168
162 169
162 172
162 178
162 181
162 200
162 203
162 209
162 210
162 224
162 226
162 230
162 234
162 235
162 237
162 239
162 240
162 242
162 249
162 256
162 257
162 261
162 262
162 264
162 271
162 272
162 293
162 295
162 299
163 164
163 169
163 174
163 178
163 181
163 200
163 205
163 207
163 211
163 213
163 214
163 218
163 227
163 230
163 235
163 239
163 242
163 245
163 257
163 261
163 262
163 263
163 268
163 269
163 276
163 278
163 281
163 286
163 291
163 292
164 168
164 172
164 174
164 181
164 207
164 209
164 210
164 217
164 222
164 224
164 227
164 236
164 239
164 242
164 247
164 253
164 258
164 271
164 279
164 285
164 289
164 299
165 169
165 170
165 171
165 175
165 182
165 185
165 186
165 193
165 198
165 200
165 206
165 214
165 228
165 229
165 231
165 247
165 251
165 255
165 258
165 261
165 264
165 276
165 282
165 286
165 299
166 169
166 183
166 184
166 191
166 193
166 196
166 202
166 206
166 209
166 218
166 224
166 241
166 247
166 256
166 258
166 265
166 266
166 269
166 279
166 282
166 285
166 289
166 290
166 294
167 171
167 173
167 174
167 175
167 182
167 183
167 184
167 185
167 194
167 197
167 202
167 207
167 211
167 217
167 222
167 223
167 243
167 245
167 259
167 261
167 263
167 266
167 267
167 273
167 276
167 280
167 281
167 285
167 286
167 288
167 289
167 297
168 171
168 176
168 177
168 178
168 186
168 188
168 190
168 204
168 219
168 226
168 227
168 232
168 237
168 241
168 244
168 248
168 254
168 266
168 268
168 275
168 276
168 278
168 284
169 174
169 176
169 181
169 195
169 208
169 216
169 220
169 224
169 226
169 227
169 228
169 229
169 231
169 234
169 240
169 244
169 245
169 246
169 255
169 259
169 261
169 262
169 263
169 264
169 266
169 276
169 278
169 283
169 284
169 299
170 171
170 172
170 182
170 185
170 186
170 190
170 199
170 202
170 207
170 210
170 211
170 215
170 217
170 225
170 226
170 230
170 244
170 246
170 248
170 266
170 270
170 281
170 287
170 296
171 180
171 182
171 186
171 188
171 191
171 195
171 198
171 199
171 212
171 232
171 237
171 244
171 245
171 250
171 251
171 258
171 260
171 264
171 276
171 277
171 280
171 285
171 288
171 291
171 295
172 182
172 199
172 202
172 205
172 220
172 222
172 223
172 229
172 235
172 240
172 252
172 260
172 261
172 264
172 266
172 273
172 275
172 276
172 281
172 293
173 188
173 196
173 213
173 218
173 221
173 227
173 231
173 239
173 244
173 247
173 250
173 254
173 263
173 265
173 271
173 277
173 280
173 285
173 295
173 299
174 177
174 178
174 183
174 193
174 225
174 231
174 241
174 244
174 246
174 251
174 254
174 259
174 261
174 270
174 272
174 288
174 292
175 177
175 184
175 186
175 190
175 191
175 192
175 194
175 198
175 204
175 210
175 213
175 214
175 215
175 217
175 222
175 223
175 228
175 233
175 236
175 245
175 248
175 254
175 261
175 262
175 279
175 282
175 292
175 293
175 295
175 297
176 180
176 187
176 191
176 193
176 197
176 199
176 219
176 230
176 233
176 234
176 238
176 239
176 242
176 245
176 249
176 252
176 255
176 259
176 264
176 268
176 269
176 271
176 295
177 181
177 186
177 187
177 193
177 194
177 195
177 196
177 197
177 205
177 207
177 212
177 215
177 216
177 217
177 228
177 242
177 262
177 268
177 271
177 275
177 278
177 279
177 284
177 288
177 293
178 182
178 187
178 190
178 205
178 210
178 212
178 217
178 219
178 223
178 237
178 252
178 258
178 259
178 261
178 262
178 267
178 269
178 282
178 286
179 187
179 201
179 204
179 207
179 210
179 222
179 225
179 233
179 236
179 238
179 239
179 240
179 245
179 246
179 249
179 257
179 259
179 270
179 273
179 274
179 279
179 283
179 288
179 289
179 292
179 293
179 296
179 298
180 181
180 185
180 188
180 193
180 198
180 203
180 204
180 205
180 214
180 217
180 218
180 222
180 236
180 241
180 243
180 245
180 249
180 251
180 252
180 256
180 258
180 262
180 266
180 274
180 277
180 284
180 292
181 182
181 183
181 186
181 187
181 188
181 200
181 213
181 214
181 216
181 218
181 226
181 227
181 228
181 234
181 236
181 239
181 241
181 243
181 249
181 253
181 259
181 261
182 186
182 190
182 191
182 196
182 198
182 202
182 209
182 218
182 220
182 222
182 225
182 226
182 229
182 230
182 239
182 241
182 242
182 245
182 250
182 264
182 269
182 273
182 275
182 283
182 289
182 290
183 186
183 189
183 198
183 199
183 239
183 240
183 254
183 263
183 266
183 271
183 274
183 287
183 290
183 298
184 186
184 196
184 200
184 202
184 203
184 217
184 218
184 226
184 229
184 231
184 232
184 238
184 243
184 247
184 255
184 258
184 259
184 264
184 265
184 266
184 274
184 280
184 284
184 285
184 288
184 294
185 187
185 189
185 191
185 194
185 195
185 197
185 200
185 201
185 205
185 206
185 208
185 210
185 220
185 222
185 226
185 228
185 235
185 236
185 242
185 258
185 266
185 267
185 268
185 274
185 283
185 284
185 295
185 298
186 189
186 194
186 196
186 200
186 201
186 203
186 205
186 214
186 229
186 238
186 240
186 241
186 242
186 250
186 251
186 259
186 268
186 272
186 276
186 291
186 297
187 189
187 193
187 199
187 202
187 207
187 210
187 219
187 230
187 231
187 234
187 237
187 241
187 242
187 247
187 258
187 260
187 261
187 263
187 266
187 273
187 274
187 290
187 295
187 296
187 297
188 198
188 199
188 201
188 206
188 207
188 208
188 219
188 223
188 232
188 251
188 253
188 260
188 271
188 272
188 277
188 289
188 291
188 299
189 192
189 196
189 207
189 209
189 210
189 219
189 220
189 226
189 227
189 231
189 233
189 234
189 239
189 241
189 249
189 251
189 254
189 255
189 256
189 270
189 272
189 273
189 278
189 288
189 289
189 295
190 196
190 201
190 202
190 203
190 211
190 212
190 215
190 226
190 227
190 230
190 232
190 234
190 237
190 242
190 246
190 265
190 266
190 268
190 272
190 273
190 284
190 287
190 290
190 292
190 299
191 194
191 195
191 207
191 213
191 215
191 225
191 227
191 251
191 255
191 257
191 265
191 269
191 270
191 275
191 282
191 284
191 295
192 198
192 202
192 204
192 220
192 223
192 234
192 235
192 242
192 253
192 260
192 261
192 265
192 267
192 269
192 276
192 285
192 292
192 297
192 299
193 195
193 199
193 200
193 201
193 202
193 229
193 230
193 233
193 236
193 246
193 247
193 249
193 251
193 257
193 281
193 285
193 288
193 294
193 296
194 198
194 205
194 211
194 216
194 220
194 221
194 232
194 238
194 239
194 254
194 261
194 263
194 266
194 267
194 271
194 272
194 283
194 286
194 288
194 291
194 295
195 196
195 198
195 205
195 212
195 213
195 224
195 227
195 231
195 243
195 244
195 245
195 248
195 253
195 254
195 255
195 263
195 267
195 275
195 283
195 284
195 287
195 299
196 200
196 202
196 209
196 215
196 224
196 228
196 241
196 245
196 256
196 263
196 264
196 267
196 276
196 279
196 284
196 289
196 292
197 198
197 202
197 211
197 215
197 216
197 228
197 234
197 248
197 252
197 261
197 272
197 280
197 284
197 285
197 290
197 291
197 298
198 201
198 207
198 216
198 222
198 225
198 234
198 246
198 249
198 253
198 255
198 256
198 258
198 263
198 272
198 273
198 281
198 285
198 292
199 209
199 210
199 219
199 224
199 231
199 233
199 238
199 249
199 250
199 252
199 253
199 254
199 256
199 258
199 260
199 275
199 287
199 296
199 299
200 201
200 202
200 203
200 204
200 205
200 213
200 214
200 217
200 222
200 226
200 233
200 236
200 241
200 245
200 250
200 251
200 253
200 254
200 266
200 271
200 280
200 281
200 289
200 291
200 299
201 205
201 214
201 216
201 223
201 232
201 255
201 257
201 258
201 259
201 261
201 266
201 267
201 269
201 278
201 280
201 283
201 286
201 292
201 293
202 214
202 217
202 224
202 233
202 234
202 238
202 243
202 259
202 262
202 270
202 278
202 288
202 297
203 225
203 228
203 249
203 253
203 259
203 260
203 261
203 262
203 264
203 269
203 273
203 274
203 275
203 282
203 285
203 287
203 288
203 291
203 292
203 295
203 297
204 207
204 218
204 219
204 224
204 228
204 233
204 234
204 235
204 240
204 253
204 255
204 258
204 263
204 266
204 267
204 276
204 277
204 279
204 282
204 283
204 290
204 293
204 299
205 211
205 214
205 217
205 219
205 222
205 233
205 234
205 235
205 245
205 247
205 253
205 267
205 269
205 274
205 279
205 280
205 282
205 285
205 288
205 289
205 292
205 295
206 211
206 224
206 228
206 234
206 235
206 249
206 250
206 251
206 255
206 257
206 263
206 269
206 272
206 273
206 277
206 282
206 292
206 295
206 296
206 298
207 219
207 221
207 225
207 227
207 232
207 241
207 244
207 245
207 248
207 250
207 261
207 271
207 272
207 277
207 279
207 285
207 291
207 294
207 299
208 218
208 223
208 228
208 232
208 233
208 234
208 235
208 240
208 272
208 275
208 280
208 282
208 283
208 287
208 289
208 291
208 294
208 297
209 218
209 219
209 220
209 221
209 223
209 226
209 234
209 236
209 239
209 247
209 264
209 268
209 270
209 271
209 279
209 280
209 291
209 294
209 296
210 211
210 227
210 233
210 240
210 243
210 246
210 247
210 258
210 265
210 266
210 269
210 277
210 280
210 290
210 295
211 212
211 217
211 218
211 224
211 225
211 236
211 241
211 242
211 245
211 257
211 263
211 268
211 269
211 273
211 277
211 280
211 281
211 283
211 297
212 221
212 234
212 240
212 249
212 252
212 253
212 256
212 258
212 259
212 260
212 261
212 273
212 278
212 279
212 290
212 292
212 296
213 218
213 228
213 236
213 243
213 254
213 260
213 263
213 266
213 275
213 276
213 282
213 291
213 298
213 299
214 222
214 232
214 237
214 245
214 250
214 254
214 255
214 268
214 270
214 272
214 273
214 278
214 281
214 284
215 220
215 223
215 230
215 232
215 234
215 235
215 247
215 255
215 256
215 267
215 269
215 270
215 278
215 279
215 280
215 281
215 284
215 287
215 290
215 293
215 299
216 218
216 226
216 227
216 230
216 240
216 245
216 252
216 259
216 263
216 264
216 268
216 272
216 277
216 288
216 292
217 219
217 234
217 237
217 244
217 248
217 249
217 257
217 261
217 263
217 264
217 268
217 280
217 282
217 285
217 290
217 296
218 249
218 255
218 260
218 265
218 266
218 268
218 269
218 271
218 278
218 280
218 286
218 290
218 293
218 296
218 299
219 224
219 226
219 232
219 236
219 240
219 254
219 255
219 256
219 263
219 265
219 266
219 269
219 271
219 276
219 281
219 285
219 292
219 296
219 299
220 224
220 229
220 234
220 237
220 240
220 248
220 251
220 252
220 268
220 277
220 285
220 286
220 296
220 299
221 226
221 233
221 237
221 238
221 239
221 241
221 242
221 244
221 253
221 256
221 258
221 264
221 270
221 279
221 282
221 284
222 224
222 225
222 228
222 243
222 250
222 255
222 272
222 277
222 284
222 286
222 296
223 238
223 242
223 255
223 265
223 267
223 269
223 276
223 280
223 281
223 298
224 228
224 230
224 231
224 235
224 241
224 254
224 267
224 269
224 271
224 273
224 275
224 279
224 283
224 286
224 296
225 226
225 238
225 240
225 252
225 268
225 280
225 282
225 286
225 291
225 298
226 240
226 242
226 244
226 245
226 246
226 247
226 248
226 250
226 254
226 260
226 264
226 267
226 269
226 275
226 277
226 281
226 283
226 285
226 287
226 290
227 228
227 232
227 237
227 238
227 249
227 256
227 261
227 277
227 292
227 294
227 296
228 236
228 242
228 243
228 245
228 248
228 249
228 255
228 261
228 264
228 268
228 272
228 280
228 285
228 288
229 234
229 236
229 253
229 260
229 264
229 269
229 272
229 274
229 280
229 289
229 290
229 292
229 293
229 294
229 295
229 296
230 242
230 244
230 252
230 255
230 260
230 265
230 266
230 267
230 271
230 275
230 277
230 285
230 288
230 289
230 290
230 294
230 295
230 297
230 299
231 233
231 236
231 239
231 241
231 245
231 253
231 255
231 259
231 263
231 264
231 265
231 267
231 268
231 270
231 273
231 274
231 280
231 285
231 290
231 295
231 296
232 238
232 239
232 245
232 249
232 251
232 252
232 264
232 265
232 268
232 270
232 280
232 282
232 286
232 287
232 288
232 292
232 294
232 296
233 235
233 243
233 244
233 245
233 246
233 251
233 261
233 263
233 264
233 274
233 275
233 277
233 280
233 282
233 284
233 286
233 292
233 294
233 295
234 235
234 240
234 258
234 260
234 262
234 264
234 266
234 283
234 293
234 294
234 295
235 236
235 238
235 245
235 250
235 253
235 254
235 256
235 257
235 258
235 264
235 272
235 273
235 274
235 279
235 280
235 283
235 291
236 250
236 252
236 254
236 260
236 267
236 273
236 275
236 281
236 283
236 286
236 287
236 294
236 297
237 245
237 246
237 248
237 255
237 261
237 262
237 268
237 270
237 283
237 286
237 294
237 295
237 297
237 299
238 240
238 241
238 243
238 257
238 260
238 261
238 275
238 276
238 281
238 283
238 285
239 246
239 249
239 254
239 265
239 267
239 273
239 282
239 286
239 298
240 242
240 256
240 257
240 259
240 260
240 263
240 266
240 275
240 279
240 286
240 288
240 289
240 291
240 293
240 295
240 296
241 242
241 252
241 255
241 261
241 273
241 278
241 279
241 283
241 292
241 293
241 294
242 243
242 245
242 246
242 247
242 251
242 258
242 270
242 278
242 280
242 282
243 247
243 251
243 258
243 260
243 270
243 273
243 274
243 287
243 294
243 298
243 299
244 246
244 251
244 265
244 278
244 281
244 282
244 289
244 294
245 258
245 259
245 265
245 269
245 272
245 278
245 279
245 281
245 288
245 292
245 294
245 296
246 253
246 260
246 264
246 267
246 270
246 273
246 279
246 280
246 284
246 287
246 292
246 293
246 295
246 296
246 297
247 256
247 262
247 265
247 272
247 273
247 276
247 278
247 279
247 283
247 285
247 294
247 297
248 257
248 275
248 279
248 297
249 253
249 289
249 291
250 260
250 263
250 267
250 268
250 282
250 284
250 292
250 298
251 263
251 268
251 273
251 275
251 283
251 289
251 290
251 293
251 295
251 298
252 256
252 266
252 269
252 273
252 278
252 284
252 290
252 295
253 254
253 255
253 259
253 260
253 261
253 277
253 281
253 282
253 285
253 290
254 256
254 257
254 259
254 263
254 273
254 286
254 294
254 297
255 260
255 261
255 265
255 277
255 279
255 286
255 289
255 294
255 295
255 297
256 261
256 273
256 274
256 282
256 288
256 291
256 293
257 258
257 261
257 264
257 268
257 270
257 278
257 287
257 290
258 263
258 264
258 270
258 288
259 286
259 299
260 266
260 269
260 275
260 284
260 286
260 287
260 289
260 293
261 263
261 265
261 270
261 277
261 284
261 291
261 297
262 265
262 267
262 270
262 273
262 276
262 279
262 280
262 289
262 291
262 297
263 283
263 284
263 286
263 291
263 292
263 295
264 265
264 271
264 282
264 285
264 288
264 289
264 292
264 294
264 297
264 298
265 268
265 270
265 273
265 275
265 276
265 278
265 286
265 288
265 291
265 292
266 267
266 272
266 273
266 292
266 299
267 272
267 279
267 285
267 294
267 295
268 269
268 276
268 277
268 280
268 281
268 283
268 290
269 272
269 274
269 276
269 288
269 289
269 297
269 298
270 273
270 279
270 280
270 284
270 289
270 290
270 292
270 296
271 277
271 293
271 295
271 296
271 299
272 280
272 288
272 294
272 295
272 296
272 299
273 275
273 278
273 284
273 295
273 296
274 284
274 288
274 295
274 296
275 283
275 288
275 295
276 281
276 288
276 296
277 283
277 285
277 292
277 293
277 294
278 279
278 285
278 291
278 295
278 298
279 280
279 284
279 290
279 291
279 294
279 299
280 281
280 282
280 287
280 288
280 289
280 297
281 282
281 283
281 288
282 297
283 284
283 285
283 292
283 295
283 298
284 285
284 288
284 291
284 293
284 294
284 297
285 286
285 291
285 295
286 298
287 292
287 295
287 299
288 290
288 294
289 299
290 293
291 292
291 295
294 298
296 297
296 298
296 299
297 298
297 299
76 209 86 178 16 15 77 274 80 2 182 20 48 181 115 23 51 79 12 238 11 212 62 18 99 14 110 89 92 6 71 241 21 200 275 5 151 237 282 37 125 31 24 256 283 39 295 25 118 197 111 290 35 61 50 162 10 74 123 277
43 52 149 139 179 97 104 135 267 186 190 171 8 269 279 137 68 158 191 41 44 278 156 174 259 34 242 112 58 201 46 145 4 36 124 55 87 59 101 127 0 280 239 180 66 102 161 120 160 153 108 105 193 248 173 254 29 208 38 3
198 271 177 98 287 291 203 84 233 134 246 73 232 72 141 129 133 281 255 63 288 215 169 210 265 65 150 234 91 60 270 262 167 113 194 263 220 56 116 219 40 298 69 143 168 27 54 185 131 75 244 223 96 196 245 225 95 119 152 226
107 83 81 273 146 138 122 130 268 284 78 49 53 217 285 47 236 175 32 114 117 257 216 166 157 293 28 88 19 224 204 17 94 154 205 228 249 235 250 229 258 85 172 165 213 100 13 164 266 195 170 155 106 251 199 128 142 57 70 202
292 276 93 189 183 294 33 184 136 227 272 148 286 243 26 247 163 147 221 187 1 82 253 144 7 126 9 289 45 222 260 109 214 252 296 103 218 231 264 64 192 211 132 67 230 140 121 297 261 240 22 206 176 42 207 159 188 30 90 299
