120
3568
20
0 1
0 2
0 5
0 7
0 12
0 15
0 16
0 20
0 22
0 23
0 24
0 27
0 28
0 33
0 35
0 37
0 39
0 40
0 41
0 44
0 46
0 48
0 49
0 52
0 54
0 55
0 57
0 59
0 62
0 63
0 65
0 68
0 70
0 71
0 77
0 80
0 81
0 84
0 85
0 88
0 91
0 92
0 94
0 95
0 96
0 98
0 99
0 101
0 102
0 108
0 112
0 113
0 114
0 115
0 116
0 119
1 2
1 3
1 5
1 9
1 10
1 11
1 12
1 13
1 15
1 16
1 17
1 18
1 19
1 23
1 26
1 29
1 32
1 33
1 34
1 35
1 36
1 37
1 41
1 43
1 44
1 47
1 48
1 52
1 54
1 55
1 57
1 59
1 60
1 62
1 63
1 64
1 66
1 68
1 71
1 73
1 74
1 75
1 76
1 79
1 80
1 87
1 88
1 90
1 91
1 93
1 94
1 95
1 96
1 97
1 98
1 100
1 103
1 104
1 105
1 109
1 114
1 116
2 3
2 4
2 5
2 6
2 7
2 14
2 17
2 18
2 19
2 21
2 22
2 24
2 26
2 29
2 30
2 34
2 40
2 43
2 46
2 47
2 48
2 49
2 50
2 53
2 57
2 58
2 59
2 61
2 62
2 65
2 66
2 68
2 72
2 74
2 75
2 79
2 80
2 81
2 82
2 84
2 85
2 86
2 88
2 90
2 92
2 94
2 98
2 99
2 101
2 102
2 105
2 107
2 109
2 111
2 112
2 113
2 114
2 115
2 119
3 4
3 6
3 7
3 8
3 9
3 11
3 12
3 13
3 15
3 17
3 22
3 23
3 25
3 27
3 28
3 29
3 30
3 34
3 35
3 36
3 37
3 39
3 41
3 42
3 43
3 44
3 46
3 47
3 48
3 51
3 54
3 55
3 58
3 59
3 61
3 63
3 65
3 66
3 71
3 73
3 75
3 76
3 77
3 78
3 79
3 80
3 81
3 84
3 85
3 93
3 94
3 95
3 98
3 101
3 104
3 106
3 108
3 112
3 113
3 115
3 119
4 7
4 8
4 9
4 12
4 14
4 20
4 21
4 22
4 26
4 27
4 28
4 32
4 33
4 34
4 35
4 37
4 38
4 40
4 41
4 42
4 45
4 46
4 47
4 49
4 51
4 52
4 54
4 58
4 60
4 62
4 63
4 64
4 66
4 67
4 68
4 69
4 72
4 74
4 75
4 77
4 83
4 87
4 89
4 90
4 91
4 92
4 95
4 106
4 108
4 111
4 112
5 11
5 12
5 13
5 14
5 16
5 17
5 21
5 22
5 24
5 25
5 27
5 31
5 33
5 36
5 37
5 38
5 39
5 44
5 46
5 48
5 49
5 50
5 52
5 53
5 54
5 57
5 59
5 60
5 62
5 63
5 64
5 65
5 66
5 68
5 72
5 76
5 78
5 80
5 83
5 84
5 85
5 88
5 90
5 91
5 92
5 93
5 95
5 98
5 99
5 102
5 103
5 104
5 109
5 112
5 115
5 116
5 118
5 119
6 7
6 8
6 9
6 13
6 17
6 21
6 22
6 23
6 24
6 26
6 27
6 28
6 30
6 32
6 34
6 37
6 39
6 40
6 41
6 43
6 45
6 47
6 50
6 53
6 56
6 58
6 60
6 61
6 64
6 65
6 67
6 72
6 75
6 80
6 81
6 82
6 83
6 85
6 87
6 89
6 92
6 94
6 96
6 98
6 104
6 109
6 110
6 111
6 114
6 115
6 116
6 118
6 119
7 10
7 17
7 18
7 19
7 22
7 23
7 25
7 27
7 28
7 30
7 35
7 38
7 40
7 42
7 43
7 44
7 45
7 47
7 51
7 52
7 53
7 55
7 59
7 60
7 63
7 64
7 66
7 67
7 68
7 71
7 73
7 74
7 75
7 79
7 81
7 85
7 86
7 87
7 89
7 90
7 91
7 93
7 94
7 95
7 96
7 98
7 99
7 105
7 106
7 109
7 111
7 113
7 114
7 115
8 9
8 12
8 14
8 16
8 17
8 18
8 20
8 25
8 27
8 28
8 29
8 30
8 33
8 34
8 36
8 38
8 40
8 42
8 43
8 44
8 46
8 49
8 51
8 52
8 56
8 59
8 62
8 64
8 65
8 66
8 67
8 68
8 70
8 71
8 73
8 75
8 78
8 81
8 82
8 83
8 84
8 87
8 88
8 89
8 90
8 92
8 93
8 95
8 97
8 99
8 100
8 101
8 104
8 107
8 113
8 114
8 115
8 116
8 117
8 119
9 13
9 14
9 16
9 19
9 20
9 23
9 24
9 25
9 28
9 31
9 32
9 33
9 34
9 39
9 40
9 41
9 45
9 47
9 49
9 51
9 52
9 53
9 56
9 57
9 63
9 64
9 67
9 68
9 69
9 71
9 73
9 74
9 79
9 80
9 81
9 85
9 90
9 91
9 96
9 99
9 100
9 101
9 105
9 107
9 109
9 111
9 112
9 113
9 115
9 116
9 117
10 11
10 12
10 14
10 15
10 17
10 21
10 22
10 23
10 24
10 25
10 26
10 27
10 28
10 36
10 41
10 42
10 51
10 52
10 54
10 56
10 61
10 62
10 65
10 66
10 67
10 70
10 71
10 72
10 75
10 78
10 79
10 80
10 81
10 85
10 87
10 90
10 91
10 95
10 96
10 97
10 99
10 102
10 104
10 105
10 106
10 107
10 108
10 109
10 110
10 116
10 119
11 12
11 13
11 14
11 16
11 18
11 22
11 23
11 25
11 26
11 27
11 28
11 30
11 32
11 33
11 37
11 38
11 39
11 40
11 41
11 42
11 43
11 46
11 48
11 49
11 50
11 51
11 54
11 55
11 56
11 60
11 62
11 64
11 65
11 66
11 67
11 68
11 71
11 75
11 76
11 77
11 78
11 81
11 87
11 91
11 93
11 100
11 102
11 104
11 106
11 108
11 111
11 113
11 114
11 115
11 118
12 14
12 16
12 17
12 21
12 22
12 27
12 28
12 31
12 32
12 33
12 34
12 39
12 40
12 44
12 46
12 48
12 50
12 51
12 53
12 54
12 55
12 56
12 57
12 58
12 59
12 60
12 63
12 66
12 68
12 70
12 74
12 75
12 76
12 78
12 79
12 80
12 81
12 82
12 84
12 87
12 88
12 89
12 91
12 92
12 93
12 96
12 97
12 98
12 99
12 100
12 102
12 105
12 107
12 109
12 110
12 114
12 116
12 118
13 17
13 18
13 19
13 20
13 21
13 24
13 25
13 28
13 32
13 33
13 34
13 36
13 38
13 39
13 40
13 41
13 42
13 44
13 45
13 46
13 47
13 48
13 50
13 52
13 53
13 54
13 56
13 57
13 58
13 59
13 62
13 63
13 64
13 65
13 66
13 68
13 69
13 70
13 72
13 77
13 78
13 79
13 82
13 83
13 84
13 86
13 88
13 90
13 93
13 95
13 99
13 102
13 109
13 112
13 114
14 21
14 22
14 24
14 25
14 27
14 28
14 29
14 34
14 37
14 40
14 42
14 43
14 45
14 46
14 47
14 48
14 54
14 55
14 56
14 57
14 62
14 63
14 66
14 68
14 75
14 78
14 79
14 80
14 81
14 82
14 84
14 85
14 88
14 90
14 91
14 92
14 94
14 96
14 98
14 101
14 103
14 104
14 105
14 106
14 107
14 108
14 111
14 113
14 114
14 115
14 116
14 117
14 118
14 119
15 18
15 21
15 22
15 23
15 24
15 25
15 26
15 27
15 30
15 31
15 32
15 34
15 35
15 39
15 44
15 47
15 48
15 49
15 50
15 53
15 54
15 56
15 57
15 58
15 60
15 61
15 62
15 63
15 64
15 65
15 68
15 73
15 74
15 75
15 76
15 77
15 78
15 80
15 83
15 84
15 87
15 88
15 92
15 94
15 96
15 97
15 98
15 99
15 100
15 101
15 102
15 104
15 107
15 108
15 111
15 112
15 114
15 115
15 117
15 118
15 119
16 22
16 24
16 25
16 27
16 30
16 32
16 33
16 35
16 36
16 38
16 47
16 49
16 51
16 53
16 55
16 56
16 57
16 60
16 63
16 64
16 65
16 68
16 73
16 74
16 76
16 80
16 82
16 83
16 84
16 85
16 86
16 89
16 90
16 91
16 92
16 95
16 96
16 97
16 98
16 99
16 100
16 101
16 102
16 103
16 108
16 109
16 110
16 111
16 112
16 116
16 118
17 20
17 21
17 22
17 25
17 26
17 32
17 33
17 34
17 37
17 38
17 39
17 41
17 46
17 47
17 50
17 51
17 53
17 55
17 57
17 58
17 59
17 60
17 61
17 62
17 63
17 67
17 69
17 70
17 71
17 72
17 78
17 79
17 81
17 82
17 83
17 85
17 86
17 89
17 91
17 95
17 96
17 98
17 100
17 101
17 103
17 106
17 107
17 108
17 109
17 116
18 19
18 20
18 27
18 28
18 30
18 31
18 32
18 33
18 34
18 36
18 37
18 40
18 43
18 46
18 47
18 48
18 49
18 52
18 53
18 54
18 56
18 57
18 60
18 62
18 65
18 68
18 75
18 76
18 80
18 81
18 84
18 88
18 91
18 92
18 93
18 94
18 98
18 99
18 105
18 106
18 108
18 111
18 112
18 113
18 117
18 118
18 119
19 21
19 25
19 26
19 27
19 30
19 33
19 34
19 35
19 36
19 40
19 41
19 42
19 43
19 47
19 48
19 52
19 53
19 54
19 55
19 56
19 57
19 59
19 63
19 65
19 72
19 75
19 76
19 78
19 82
19 85
19 86
19 90
19 94
19 97
19 98
19 99
19 100
19 101
19 103
19 107
19 108
19 109
19 111
19 112
19 113
19 115
19 118
20 21
20 23
20 24
20 26
20 27
20 28
20 31
20 33
20 35
20 36
20 38
20 39
20 40
20 41
20 45
20 49
20 50
20 51
20 52
20 56
20 57
20 58
20 60
20 61
20 63
20 68
20 72
20 74
20 75
20 77
20 79
20 81
20 82
20 83
20 84
20 85
20 86
20 87
20 88
20 89
20 90
20 92
20 94
20 96
20 97
20 99
20 100
20 101
20 102
20 106
20 107
20 108
20 109
20 110
20 115
20 116
21 22
21 23
21 24
21 25
21 27
21 28
21 31
21 32
21 37
21 38
21 39
21 41
21 46
21 48
21 49
21 51
21 52
21 53
21 55
21 58
21 60
21 62
21 63
21 65
21 67
21 69
21 71
21 73
21 74
21 75
21 78
21 79
21 80
21 81
21 82
21 83
21 85
21 86
21 93
21 96
21 97
21 99
21 103
21 104
21 105
21 107
21 108
21 109
21 112
21 115
21 116
21 117
21 118
21 119
22 24
22 28
22 29
22 31
22 32
22 35
22 36
22 37
22 38
22 41
22 48
22 50
22 51
22 52
22 56
22 59
22 61
22 62
22 63
22 66
22 70
22 73
22 75
22 82
22 83
22 89
22 94
22 99
22 100
22 101
22 102
22 103
22 104
22 105
22 106
22 107
22 109
22 110
22 111
22 112
22 116
22 118
22 119
23 27
23 28
23 29
23 30
23 31
23 32
23 34
23 36
23 37
23 39
23 40
23 44
23 45
23 47
23 48
23 50
23 51
23 52
23 55
23 56
23 58
23 60
23 63
23 64
23 65
23 66
23 71
23 72
23 73
23 74
23 75
23 83
23 84
23 85
23 87
23 90
23 91
23 93
23 96
23 98
23 99
23 102
23 103
23 108
23 110
23 111
23 112
23 115
23 116
23 117
23 119
24 25
24 28
24 29
24 32
24 38
24 42
24 43
24 45
24 46
24 48
24 50
24 51
24 52
24 57
24 59
24 61
24 62
24 65
24 69
24 71
24 75
24 79
24 81
24 84
24 88
24 89
24 90
24 91
24 92
24 94
24 95
24 97
24 98
24 100
24 102
24 103
24 104
24 109
24 110
24 111
24 116
24 119
25 32
25 34
25 35
25 36
25 37
25 38
25 41
25 43
25 45
25 46
25 47
25 50
25 52
25 54
25 55
25 56
25 60
25 62
25 63
25 65
25 66
25 70
25 71
25 73
25 74
25 84
25 85
25 87
25 92
25 93
25 97
25 100
25 102
25 103
25 105
25 108
25 109
25 111
25 112
25 116
25 118
25 119
26 27
26 28
26 29
26 30
26 31
26 32
26 33
26 34
26 35
26 36
26 37
26 38
26 40
26 41
26 43
26 44
26 45
26 46
26 49
26 50
26 51
26 54
26 56
26 59
26 61
26 68
26 71
26 72
26 75
26 77
26 79
26 82
26 83
26 85
26 88
26 89
26 91
26 92
26 96
26 99
26 103
26 104
26 105
26 108
26 112
26 113
26 118
27 29
27 32
27 36
27 39
27 40
27 42
27 43
27 44
27 45
27 46
27 51
27 52
27 53
27 55
27 56
27 58
27 59
27 63
27 64
27 69
27 73
27 76
27 77
27 78
27 80
27 81
27 82
27 83
27 84
27 89
27 90
27 91
27 95
27 98
27 99
27 103
27 104
27 107
27 109
27 113
27 114
27 116
27 117
27 118
28 31
28 34
28 36
28 37
28 38
28 39
28 41
28 44
28 45
28 47
28 48
28 50
28 51
28 52
28 53
28 55
28 59
28 61
28 62
28 64
28 69
28 70
28 71
28 72
28 73
28 76
28 77
28 78
28 80
28 89
28 92
28 96
28 98
28 99
28 101
28 105
28 106
28 107
28 108
28 112
28 113
28 114
28 115
28 116
29 33
29 35
29 37
29 39
29 42
29 43
29 45
29 47
29 50
29 52
29 57
29 58
29 59
29 63
29 65
29 70
29 71
29 75
29 76
29 77
29 78
29 80
29 83
29 84
29 85
29 86
29 88
29 90
29 97
29 98
29 99
29 101
29 105
29 107
29 108
29 110
29 112
29 113
29 115
29 116
29 117
29 119
30 31
30 33
30 34
30 35
30 38
30 39
30 40
30 42
30 44
30 45
30 47
30 49
30 50
30 51
30 52
30 53
30 55
30 56
30 57
30 58
30 64
30 67
30 70
30 71
30 72
30 74
30 75
30 76
30 81
30 82
30 85
30 87
30 88
30 90
30 91
30 95
30 98
30 99
30 100
30 102
30 104
30 107
30 108
30 112
30 114
31 32
31 37
31 39
31 40
31 42
31 43
31 46
31 50
31 51
31 53
31 56
31 58
31 59
31 62
31 65
31 66
31 67
31 68
31 69
31 72
31 73
31 75
31 76
31 80
31 82
31 83
31 88
31 89
31 90
31 92
31 95
31 97
31 102
31 103
31 111
31 112
31 113
31 114
31 115
31 117
32 35
32 36
32 38
32 42
32 43
32 44
32 48
32 49
32 50
32 51
32 52
32 54
32 55
32 57
32 58
32 63
32 66
32 67
32 70
32 76
32 82
32 83
32 84
32 85
32 88
32 89
32 91
32 92
32 93
32 95
32 97
32 99
32 100
32 101
32 102
32 103
32 104
32 105
32 107
32 108
32 109
32 110
32 112
32 115
33 36
33 37
33 39
33 41
33 42
33 44
33 46
33 47
33 48
33 49
33 50
33 52
33 54
33 58
33 59
33 60
33 61
33 64
33 65
33 70
33 75
33 76
33 77
33 79
33 85
33 91
33 93
33 96
33 97
33 98
33 101
33 102
33 103
33 105
33 106
33 109
33 110
33 112
33 114
33 115
33 116
33 117
33 119
34 38
34 39
34 40
34 44
34 45
34 46
34 48
34 49
34 51
34 54
34 55
34 57
34 58
34 60
34 65
34 66
34 67
34 73
34 74
34 77
34 78
34 79
34 80
34 81
34 85
34 87
34 91
34 93
34 100
34 101
34 102
34 103
34 107
34 108
34 109
34 112
34 114
34 116
34 117
35 44
35 45
35 50
35 51
35 52
35 53
35 57
35 58
35 60
35 65
35 66
35 70
35 71
35 74
35 76
35 77
35 78
35 79
35 81
35 83
35 85
35 86
35 87
35 89
35 90
35 91
35 92
35 93
35 97
35 98
35 99
35 101
35 102
35 103
35 104
35 106
35 107
35 109
35 112
35 113
35 117
35 119
36 37
36 38
36 40
36 42
36 45
36 47
36 48
36 54
36 58
36 61
36 62
36 63
36 64
36 67
36 72
36 73
36 74
36 77
36 81
36 84
36 86
36 87
36 88
36 90
36 94
36 95
36 96
36 97
36 98
36 100
36 102
36 103
36 105
36 106
36 107
36 110
36 112
36 113
36 114
36 118
36 119
37 39
37 40
37 44
37 47
37 50
37 51
37 52
37 53
37 55
37 58
37 59
37 60
37 61
37 62
37 64
37 65
37 67
37 71
37 72
37 73
37 78
37 80
37 81
37 83
37 84
37 85
37 87
37 88
37 93
37 99
37 100
37 102
37 105
37 110
37 111
37 112
37 113
37 115
37 117
37 118
37 119
38 44
38 45
38 46
38 48
38 51
38 53
38 57
38 58
38 59
38 65
38 68
38 70
38 71
38 72
38 73
38 74
38 75
38 77
38 78
38 79
38 80
38 84
38 85
38 86
38 87
38 93
38 94
38 95
38 97
38 99
38 100
38 102
38 103
38 106
38 108
38 111
38 112
38 115
38 116
38 117
38 118
39 40
39 41
39 42
39 43
39 44
39 46
39 50
39 51
39 53
39 54
39 55
39 56
39 57
39 59
39 60
39 62
39 66
39 67
39 70
39 72
39 74
39 75
39 76
39 77
39 79
39 84
39 85
39 86
39 89
39 91
39 94
39 96
39 97
39 98
39 100
39 102
39 104
39 105
39 106
39 108
39 111
39 113
39 118
40 41
40 42
40 45
40 46
40 47
40 48
40 50
40 53
40 55
40 60
40 62
40 64
40 65
40 67
40 69
40 70
40 72
40 77
40 79
40 81
40 83
40 84
40 85
40 86
40 88
40 90
40 94
40 95
40 96
40 97
40 98
40 101
40 102
40 103
40 104
40 105
40 106
40 111
40 118
41 42
41 44
41 45
41 46
41 53
41 54
41 55
41 57
41 58
41 61
41 66
41 67
41 69
41 73
41 74
41 76
41 79
41 85
41 86
41 87
41 88
41 90
41 93
41 94
41 95
41 97
41 103
41 105
41 106
41 108
41 110
41 117
41 118
42 43
42 44
42 48
42 50
42 53
42 54
42 55
42 56
42 57
42 59
42 64
42 65
42 66
42 67
42 69
42 70
42 71
42 72
42 73
42 74
42 76
42 77
42 78
42 79
42 81
42 86
42 87
42 91
42 101
42 103
42 104
42 105
42 111
42 112
42 113
42 114
42 118
42 119
43 44
43 45
43 46
43 47
43 57
43 60
43 61
43 62
43 66
43 68
43 69
43 70
43 71
43 72
43 73
43 76
43 80
43 82
43 83
43 85
43 87
43 89
43 90
43 94
43 98
43 100
43 101
43 105
43 106
43 107
43 108
43 110
43 112
43 114
43 119
44 45
44 48
44 49
44 54
44 55
44 56
44 59
44 61
44 62
44 66
44 67
44 69
44 70
44 71
44 73
44 75
44 76
44 77
44 81
44 82
44 83
44 85
44 86
44 87
44 91
44 93
44 94
44 95
44 99
44 101
44 102
44 104
44 107
44 110
44 111
44 112
44 113
44 114
44 116
44 117
44 119
45 47
45 48
45 53
45 55
45 60
45 63
45 66
45 67
45 68
45 71
45 72
45 73
45 75
45 77
45 78
45 79
45 80
45 82
45 84
45 85
45 86
45 88
45 89
45 91
45 92
45 97
45 101
45 103
45 105
45 107
45 110
45 111
45 112
45 113
45 114
46 47
46 48
46 52
46 57
46 60
46 62
46 63
46 65
46 69
46 70
46 73
46 74
46 75
46 76
46 79
46 82
46 84
46 88
46 89
46 93
46 94
46 97
46 98
46 100
46 101
46 103
46 106
46 107
46 109
46 110
46 114
46 115
46 117
46 118
47 50
47 51
47 52
47 53
47 56
47 57
47 59
47 63
47 64
47 65
47 67
47 70
47 71
47 72
47 73
47 74
47 77
47 78
47 80
47 83
47 86
47 87
47 88
47 89
47 92
47 93
47 94
47 95
47 96
47 97
47 98
47 100
47 104
47 107
47 108
47 109
47 113
47 114
47 115
47 116
47 118
47 119
48 49
48 50
48 52
48 53
48 54
48 55
48 56
48 60
48 61
48 62
48 63
48 64
48 66
48 70
48 74
48 76
48 77
48 80
48 81
48 82
48 86
48 87
48 89
48 90
48 97
48 99
48 100
48 101
48 103
48 104
48 107
48 109
48 113
48 114
48 115
48 119
49 50
49 53
49 54
49 55
49 58
49 60
49 61
49 62
49 65
49 66
49 68
49 69
49 70
49 72
49 73
49 74
49 75
49 77
49 82
49 84
49 85
49 86
49 88
49 97
49 99
49 100
49 101
49 104
49 107
49 108
49 109
49 111
49 112
49 113
49 114
49 116
49 117
50 54
50 55
50 56
50 57
50 59
50 60
50 61
50 63
50 64
50 65
50 67
50 73
50 75
50 76
50 77
50 79
50 81
50 83
50 84
50 86
50 89
50 94
50 95
50 97
50 98
50 99
50 103
50 104
50 106
50 108
50 109
50 110
50 111
50 112
50 113
50 114
50 119
51 53
51 56
51 57
51 59
51 60
51 65
51 68
51 69
51 70
51 73
51 74
51 76
51 78
51 81
51 82
51 83
51 88
51 89
51 94
51 95
51 97
51 99
51 101
51 104
51 107
51 108
51 110
51 111
51 116
51 118
52 53
52 55
52 56
52 61
52 63
52 64
52 65
52 67
52 69
52 70
52 71
52 75
52 78
52 82
52 83
52 86
52 90
52 91
52 92
52 97
52 98
52 99
52 100
52 101
52 102
52 104
52 106
52 107
52 113
52 116
52 118
53 55
53 56
53 60
53 61
53 62
53 63
53 67
53 68
53 69
53 71
53 72
53 75
53 78
53 79
53 80
53 82
53 84
53 85
53 87
53 88
53 90
53 91
53 92
53 94
53 98
53 101
53 103
53 104
53 105
53 107
53 111
53 114
53 115
53 116
53 117
54 55
54 56
54 59
54 64
54 67
54 68
54 71
54 72
54 74
54 76
54 77
54 78
54 79
54 82
54 83
54 86
54 88
54 89
54 90
54 93
54 95
54 96
54 100
54 107
54 108
54 112
54 113
55 59
55 61
55 63
55 65
55 68
55 72
55 73
55 75
55 77
55 79
55 80
55 81
55 83
55 85
55 86
55 88
55 89
55 90
55 94
55 95
55 97
55 98
55 99
55 101
55 105
55 108
55 111
55 113
55 115
55 116
55 117
55 119
56 57
56 60
56 62
56 64
56 66
56 67
56 71
56 72
56 73
56 77
56 80
56 82
56 85
56 87
56 88
56 90
56 91
56 96
56 97
56 98
56 101
56 102
56 103
56 106
56 107
56 111
56 112
56 113
56 114
56 117
56 118
57 59
57 60
57 61
57 63
57 64
57 69
57 75
57 78
57 80
57 82
57 86
57 92
57 93
57 94
57 97
57 100
57 103
57 104
57 106
57 108
57 109
57 110
57 111
57 113
57 115
57 116
57 118
57 119
58 59
58 62
58 64
58 65
58 67
58 70
58 71
58 75
58 76
58 77
58 78
58 79
58 81
58 82
58 83
58 85
58 86
58 88
58 89
58 90
58 94
58 97
58 100
58 103
58 104
58 105
58 106
58 108
58 109
58 111
58 113
58 114
58 117
58 119
59 64
59 65
59 67
59 68
59 69
59 71
59 73
59 82
59 83
59 84
59 85
59 87
59 88
59 90
59 93
59 94
59 98
59 99
59 100
59 102
59 106
59 109
59 110
59 113
59 114
59 117
59 119
60 61
60 62
60 64
60 66
60 69
60 72
60 75
60 77
60 79
60 81
60 82
60 83
60 84
60 85
60 87
60 89
60 90
60 91
60 93
60 94
60 95
60 100
60 101
60 105
60 106
60 107
60 110
60 111
60 118
61 63
61 64
61 66
61 68
61 69
61 70
61 71
61 72
61 73
61 74
61 75
61 78
61 83
61 85
61 86
61 87
61 90
61 93
61 94
61 95
61 97
61 100
61 102
61 104
61 106
61 108
61 112
61 113
61 114
62 63
62 65
62 69
62 70
62 71
62 75
62 76
62 77
62 80
62 83
62 88
62 91
62 93
62 94
62 95
62 96
62 97
62 98
62 99
62 100
62 101
62 102
62 104
62 109
62 113
62 114
62 116
62 117
62 118
63 65
63 66
63 68
63 70
63 71
63 72
63 74
63 76
63 77
63 78
63 79
63 81
63 95
63 96
63 98
63 100
63 101
63 102
63 107
63 109
63 110
63 111
63 112
63 115
63 116
63 118
64 66
64 68
64 70
64 71
64 73
64 77
64 78
64 79
64 80
64 83
64 84
64 85
64 86
64 87
64 89
64 90
64 92
64 93
64 94
64 95
64 96
64 97
64 101
64 102
64 105
64 106
64 107
64 108
64 109
64 110
64 112
64 114
64 115
64 117
64 118
64 119
65 69
65 70
65 72
65 73
65 77
65 79
65 80
65 83
65 84
65 87
65 88
65 89
65 90
65 91
65 93
65 96
65 98
65 99
65 100
65 102
65 104
65 105
65 106
65 107
65 109
65 111
65 114
65 115
65 117
65 119
66 70
66 71
66 74
66 77
66 78
66 80
66 81
66 83
66 85
66 89
66 90
66 91
66 95
66 96
66 97
66 98
66 99
66 100
66 102
66 105
66 106
66 108
66 109
66 110
66 112
66 113
66 114
66 115
66 116
66 118
67 68
67 69
67 70
67 73
67 74
67 75
67 76
67 78
67 82
67 85
67 86
67 88
67 91
67 92
67 93
67 94
67 97
67 98
67 99
67 104
67 106
67 107
67 112
67 113
67 114
67 115
67 116
67 117
68 70
68 73
68 74
68 75
68 76
68 77
68 78
68 82
68 83
68 84
68 89
68 90
68 91
68 92
68 94
68 95
68 97
68 101
68 105
68 107
68 108
68 109
68 110
68 111
68 113
68 117
69 70
69 71
69 75
69 76
69 85
69 87
69 88
69 89
69 91
69 93
69 95
69 98
69 99
69 101
69 102
69 103
69 104
69 105
69 109
69 113
69 114
69 119
70 74
70 76
70 80
70 81
70 82
70 86
70 87
70 88
70 93
70 95
70 96
70 97
70 100
70 102
70 104
70 105
70 109
70 110
70 115
70 116
71 74
71 79
71 80
71 81
71 82
71 83
71 84
71 86
71 88
71 89
71 92
71 93
71 94
71 95
71 97
71 98
71 101
71 105
71 107
71 109
71 114
71 116
72 73
72 75
72 76
72 77
72 78
72 79
72 81
72 83
72 85
72 89
72 90
72 91
72 92
72 94
72 97
72 98
72 99
72 102
72 104
72 105
72 106
72 107
72 109
72 110
72 112
72 114
72 116
72 119
73 75
73 76
73 77
73 79
73 84
73 85
73 87
73 88
73 89
73 93
73 94
73 98
73 99
73 100
73 101
73 104
73 105
73 106
73 107
73 109
73 110
73 112
73 113
73 118
74 76
74 79
74 81
74 82
74 83
74 84
74 86
74 90
74 91
74 93
74 95
74 96
74 97
74 99
74 100
74 101
74 105
74 107
74 109
74 110
74 111
74 112
74 114
74 115
74 116
74 117
74 118
74 119
75 77
75 78
75 79
75 81
75 83
75 86
75 87
75 88
75 89
75 90
75 91
75 94
75 100
75 103
75 104
75 105
75 108
75 109
75 110
75 111
75 113
75 114
75 116
75 117
75 118
75 119
76 77
76 80
76 81
76 82
76 84
76 85
76 86
76 88
76 91
76 93
76 94
76 95
76 97
76 99
76 103
76 104
76 105
76 106
76 107
76 109
76 110
76 111
76 112
76 114
76 115
76 116
76 117
76 118
77 78
77 79
77 81
77 82
77 96
77 97
77 101
77 102
77 103
77 104
77 107
77 108
77 109
77 110
77 113
77 114
77 115
77 117
78 79
78 81
78 83
78 85
78 88
78 89
78 92
78 94
78 98
78 99
78 100
78 101
78 106
78 108
78 109
78 110
78 111
78 115
78 119
79 80
79 81
79 84
79 86
79 91
79 94
79 95
79 96
79 97
79 98
79 99
79 101
79 103
79 104
79 106
79 109
79 112
79 113
79 119
80 81
80 83
80 84
80 85
80 87
80 88
80 91
80 92
80 93
80 95
80 96
80 97
80 98
80 100
80 101
80 102
80 103
80 105
80 106
80 108
80 111
80 112
80 113
80 115
80 116
80 118
80 119
81 82
81 84
81 85
81 87
81 88
81 89
81 91
81 94
81 95
81 99
81 102
81 104
81 107
81 108
81 109
81 114
81 115
81 116
81 118
82 84
82 86
82 87
82 89
82 92
82 93
82 95
82 96
82 97
82 99
82 101
82 103
82 105
82 106
82 111
82 112
82 113
82 116
82 117
82 118
83 86
83 89
83 91
83 94
83 97
83 108
83 113
83 115
83 117
83 118
84 86
84 87
84 88
84 89
84 92
84 96
84 97
84 99
84 101
84 104
84 105
84 110
84 111
84 112
84 113
84 114
84 115
84 117
85 86
85 87
85 89
85 93
85 94
85 95
85 96
85 99
85 100
85 102
85 105
85 107
85 110
85 111
85 112
85 119
86 89
86 96
86 98
86 99
86 100
86 101
86 102
86 104
86 105
86 106
86 109
86 111
86 113
86 115
87 88
87 89
87 93
87 96
87 97
87 98
87 102
87 103
87 105
87 106
87 107
87 109
87 110
87 111
87 115
88 89
88 91
88 92
88 94
88 95
88 97
88 98
88 100
88 102
88 103
88 106
88 108
88 111
88 113
88 114
88 115
88 116
88 118
88 119
89 91
89 92
89 96
89 98
89 102
89 103
89 104
89 106
89 107
89 109
89 110
89 111
89 112
89 113
89 114
90 91
90 92
90 95
90 96
90 98
90 99
90 100
90 102
90 105
90 106
90 108
90 109
90 110
90 111
90 112
90 114
90 117
91 92
91 93
91 94
91 95
91 96
91 97
91 99
91 102
91 103
91 104
91 105
91 106
91 107
91 108
91 115
91 119
92 93
92 94
92 98
92 99
92 102
92 103
92 104
92 109
92 111
92 113
92 115
92 116
92 117
92 118
92 119
93 94
93 96
93 100
93 101
93 102
93 103
93 104
93 105
93 107
93 108
93 109
93 111
93 112
93 113
93 114
93 115
93 116
93 119
94 95
94 97
94 98
94 99
94 100
94 104
94 106
94 107
94 108
94 109
94 114
94 116
94 117
95 96
95 97
95 98
95 101
95 104
95 105
95 107
95 108
95 111
95 114
95 116
96 98
96 99
96 101
96 102
96 105
96 106
96 109
96 110
96 112
96 114
96 115
96 116
96 118
97 100
97 102
97 104
97 105
97 106
97 110
97 116
97 119
98 99
98 101
98 103
98 105
98 106
98 108
98 110
99 101
99 102
99 104
99 105
99 107
99 109
99 110
99 113
99 115
99 117
100 102
100 105
100 106
100 108
100 113
100 114
100 116
100 119
101 104
101 105
101 107
101 109
101 110
101 113
101 116
101 117
102 108
102 109
102 112
102 115
102 118
102 119
103 105
103 106
103 107
103 108
103 109
103 114
103 115
103 116
104 105
104 107
104 108
104 109
104 110
104 112
104 117
104 119
105 107
105 108
105 109
105 114
105 115
105 116
105 119
106 108
106 109
106 110
106 111
106 112
106 113
106 116
106 117
107 108
107 110
107 115
107 116
107 118
107 119
108 110
108 111
108 112
108 114
108 115
108 116
108 117
108 118
108 119
109 111
109 112
109 114
109 119
110 112
110 116
110 118
110 119
111 112
111 113
111 117
112 115
112 116
112 118
113 114
113 115
113 118
114 115
114 116
115 116
116 117
117 118
111 25 82 52 89 100
24 1 90 6 72 21
102 31 75 80 7 77
78 117 115 4 68 101
97 73 79 28 51 53
50 63 58 46 61 96
108 55 95 47 113 98
11 83 3 33 5 34
93 54 38 23 74 2
105 40 44 84 26 13
39 35 19 45 18 49
59 64 66 27 9 103
10 91 29 16 114 0
85 104 106 118 119 37
70 116 41 32 81 94
20 86 14 112 48 56
88 12 92 8 67 107
110 60 36 15 22 69
109 76 62 99 87 57
30 17 42 65 43 71
