150
4399
10
0 4
0 6
0 7
0 15
0 17
0 19
0 21
0 26
0 27
0 32
0 33
0 34
0 40
0 42
0 43
0 44
0 48
0 49
0 55
0 57
0 58
0 62
0 63
0 70
0 71
0 72
0 74
0 76
0 78
0 80
0 81
0 82
0 87
0 88
0 91
0 95
0 98
0 99
0 100
0 103
0 104
0 106
0 107
0 108
0 109
0 110
0 111
0 112
0 113
0 115
0 117
0 120
0 121
0 125
0 126
0 127
0 133
0 134
0 136
0 140
0 144
0 146
0 147
1 6
1 7
1 12
1 21
1 22
1 24
1 26
1 30
1 31
1 32
1 33
1 35
1 43
1 46
1 48
1 51
1 54
1 61
1 65
1 67
1 69
1 70
1 74
1 75
1 76
1 78
1 79
1 84
1 86
1 88
1 92
1 94
1 96
1 98
1 100
1 101
1 105
1 106
1 109
1 113
1 121
1 125
1 130
1 133
1 137
1 138
1 142
1 147
1 149
2 6
2 10
2 12
2 13
2 16
2 18
2 20
2 21
2 25
2 27
2 28
2 31
2 36
2 38
2 39
2 44
2 50
2 53
2 58
2 59
2 62
2 63
2 66
2 69
2 71
2 73
2 77
2 78
2 79
2 80
2 83
2 85
2 87
2 88
2 92
2 93
2 100
2 101
2 104
2 106
2 107
2 109
2 111
2 112
2 114
2 118
2 119
2 120
2 121
2 123
2 124
2 125
2 126
2 127
2 129
2 135
2 137
2 139
2 146
2 147
3 7
3 8
3 9
3 12
3 19
3 21
3 22
3 23
3 27
3 29
3 33
3 34
3 35
3 36
3 37
3 40
3 44
3 50
3 53
3 56
3 59
3 60
3 61
3 63
3 65
3 68
3 71
3 75
3 77
3 78
3 79
3 81
3 82
3 84
3 85
3 87
3 90
3 91
3 92
3 93
3 94
3 95
3 99
3 101
3 107
3 109
3 112
3 114
3 121
3 125
3 126
3 129
3 131
3 133
3 139
3 140
3 141
3 142
3 143
3 148
4 5
4 7
4 10
4 15
4 17
4 18
4 22
4 24
4 27
4 32
4 33
4 39
4 43
4 44
4 45
4 47
4 48
4 55
4 60
4 61
4 62
4 63
4 67
4 69
4 70
4 71
4 73
4 75
4 78
4 81
4 86
4 87
4 88
4 91
4 93
4 95
4 97
4 98
4 99
4 103
4 104
4 105
4 107
4 109
4 111
4 114
4 115
4 116
4 122
4 124
4 127
4 130
4 131
4 137
4 139
4 141
4 142
4 147
4 149
5 10
5 13
5 18
5 19
5 21
5 28
5 30
5 31
5 40
5 44
5 47
5 48
5 51
5 54
5 55
5 61
5 62
5 65
5 66
5 67
5 71
5 72
5 80
5 81
5 84
5 87
5 91
5 92
5 93
5 95
5 96
5 97
5 98
5 101
5 102
5 103
5 105
5 106
5 107
5 109
5 110
5 111
5 112
5 114
5 116
5 118
5 119
5 121
5 122
5 123
5 125
5 126
5 127
5 130
5 132
5 135
5 136
5 137
5 138
5 139
5 140
5 141
5 142
5 143
5 144
6 7
6 11
6 12
6 13
6 16
6 20
6 29
6 31
6 33
6 35
6 37
6 43
6 44
6 46
6 48
6 50
6 51
6 52
6 55
6 56
6 57
6 60
6 61
6 62
6 63
6 64
6 65
6 66
6 68
6 69
6 72
6 76
6 80
6 81
6 88
6 91
6 92
6 93
6 94
6 96
6 103
6 104
6 105
6 106
6 107
6 111
6 113
6 115
6 122
6 123
6 126
6 127
6 129
6 131
6 132
6 135
6 136
6 137
6 143
6 144
6 148
6 149
7 16
7 17
7 19
7 20
7 21
7 23
7 25
7 26
7 27
7 28
7 41
7 42
7 46
7 48
7 49
7 51
7 55
7 58
7 60
7 61
7 62
7 64
7 65
7 70
7 72
7 77
7 79
7 84
7 85
7 87
7 90
7 91
7 94
7 96
7 97
7 98
7 100
7 101
7 103
7 104
7 108
7 112
7 113
7 115
7 116
7 117
7 118
7 121
7 125
7 127
7 130
7 131
7 132
7 134
7 138
7 140
7 141
7 147
8 10
8 11
8 12
8 15
8 21
8 22
8 24
8 29
8 30
8 38
8 39
8 41
8 42
8 43
8 44
8 45
8 46
8 50
8 51
8 54
8 60
8 61
8 66
8 69
8 70
8 72
8 73
8 75
8 79
8 81
8 82
8 84
8 87
8 88
8 89
8 93
8 94
8 103
8 105
8 107
8 113
8 116
8 118
8 120
8 125
8 127
8 133
8 136
8 139
8 143
8 145
8 147
9 10
9 12
9 14
9 22
9 33
9 36
9 39
9 41
9 43
9 44
9 46
9 48
9 49
9 50
9 51
9 52
9 54
9 56
9 57
9 58
9 64
9 67
9 68
9 69
9 70
9 73
9 77
9 78
9 80
9 83
9 85
9 86
9 87
9 89
9 90
9 92
9 105
9 108
9 109
9 117
9 119
9 123
9 126
9 129
9 132
9 141
9 145
9 149
10 11
10 12
10 13
10 16
10 17
10 18
10 24
10 27
10 28
10 29
10 30
10 31
10 32
10 46
10 47
10 49
10 53
10 55
10 56
10 61
10 64
10 65
10 66
10 71
10 74
10 75
10 78
10 80
10 83
10 85
10 91
10 93
10 96
10 98
10 99
10 104
10 108
10 109
10 111
10 112
10 114
10 117
10 118
10 120
10 121
10 122
10 126
10 127
10 128
10 131
10 132
10 137
10 139
10 141
10 143
10 144
10 147
10 148
10 149
11 13
11 14
11 15
11 17
11 22
11 29
11 31
11 35
11 37
11 40
11 47
11 48
11 50
11 51
11 53
11 55
11 57
11 60
11 62
11 65
11 66
11 67
11 69
11 70
11 71
11 73
11 74
11 75
11 77
11 78
11 80
11 81
11 85
11 86
11 87
11 88
11 93
11 95
11 96
11 99
11 101
11 104
11 108
11 112
11 113
11 116
11 118
11 121
11 122
11 124
11 125
11 127
11 128
11 131
11 138
11 139
11 140
11 141
11 145
11 147
11 149
12 14
12 16
12 17
12 19
12 20
12 21
12 22
12 24
12 26
12 28
12 29
12 35
12 37
12 38
12 39
12 40
12 43
12 47
12 50
12 55
12 59
12 61
12 65
12 66
12 67
12 70
12 71
12 76
12 78
12 81
12 82
12 88
12 92
12 96
12 100
12 101
12 104
12 106
12 108
12 113
12 114
12 115
12 116
12 117
12 121
12 122
12 124
12 128
12 130
12 137
12 138
12 139
12 141
12 143
12 145
12 149
13 15
13 20
13 21
13 23
13 26
13 28
13 33
13 36
13 38
13 42
13 44
13 46
13 49
13 51
13 55
13 62
13 64
13 65
13 66
13 67
13 68
13 72
13 75
13 78
13 79
13 84
13 87
13 89
13 90
13 92
13 96
13 98
13 99
13 101
13 104
13 110
13 111
13 118
13 120
13 127
13 133
13 137
13 140
13 142
13 143
13 145
13 149
14 24
14 29
14 31
14 33
14 37
14 40
14 46
14 50
14 52
14 54
14 55
14 56
14 58
14 61
14 64
14 66
14 67
14 68
14 69
14 72
14 74
14 77
14 79
14 80
14 81
14 82
14 87
14 88
14 93
14 95
14 104
14 105
14 107
14 109
14 111
14 112
14 120
14 121
14 122
14 124
14 125
14 126
14 127
14 129
14 133
14 134
14 135
14 141
14 143
14 144
14 146
14 147
14 149
15 18
15 20
15 23
15 25
15 28
15 31
15 34
15 36
15 39
15 47
15 48
15 53
15 54
15 59
15 60
15 64
15 65
15 67
15 68
15 73
15 75
15 76
15 78
15 79
15 82
15 85
15 86
15 87
15 91
15 92
15 95
15 105
15 110
15 114
15 121
15 128
15 129
15 130
15 133
15 135
15 138
15 140
15 145
15 148
16 19
16 22
16 26
16 28
16 31
16 33
16 34
16 36
16 38
16 40
16 41
16 44
16 45
16 49
16 55
16 58
16 59
16 60
16 62
16 64
16 68
16 70
16 71
16 72
16 73
16 79
16 83
16 92
16 94
16 97
16 98
16 100
16 103
16 105
16 106
16 110
16 111
16 112
16 114
16 118
16 120
16 122
16 123
16 125
16 127
16 129
16 133
16 136
16 137
16 140
16 141
16 144
16 149
17 20
17 22
17 23
17 25
17 29
17 31
17 34
17 35
17 40
17 44
17 45
17 47
17 48
17 49
17 50
17 51
17 53
17 55
17 58
17 61
17 64
17 66
17 71
17 72
17 73
17 75
17 81
17 82
17 88
17 90
17 94
17 98
17 100
17 101
17 107
17 108
17 118
17 121
17 127
17 134
17 135
17 136
17 138
17 141
17 143
17 146
18 19
18 22
18 23
18 33
18 34
18 35
18 40
18 47
18 52
18 61
18 65
18 67
18 68
18 72
18 79
18 81
18 88
18 96
18 97
18 99
18 107
18 108
18 110
18 113
18 114
18 118
18 119
18 122
18 124
18 125
18 127
18 133
18 134
18 140
18 145
18 146
19 23
19 26
19 28
19 30
19 31
19 35
19 36
19 37
19 38
19 39
19 49
19 51
19 54
19 55
19 56
19 60
19 62
19 63
19 64
19 65
19 66
19 68
19 69
19 70
19 71
19 72
19 73
19 74
19 77
19 83
19 84
19 86
19 88
19 94
19 97
19 98
19 102
19 103
19 104
19 106
19 107
19 109
19 114
19 116
19 118
19 120
19 121
19 123
19 127
19 132
19 135
19 137
19 142
19 143
19 145
20 23
20 29
20 31
20 32
20 35
20 36
20 40
20 44
20 49
20 51
20 52
20 58
20 59
20 60
20 62
20 64
20 65
20 67
20 68
20 72
20 74
20 75
20 77
20 79
20 81
20 83
20 84
20 87
20 88
20 89
20 90
20 92
20 98
20 99
20 101
20 106
20 111
20 114
20 115
20 116
20 117
20 119
20 123
20 124
20 125
20 126
20 130
20 132
20 133
20 135
20 136
20 137
20 139
20 141
20 144
20 145
21 22
21 23
21 26
21 33
21 35
21 36
21 37
21 38
21 41
21 42
21 49
21 52
21 56
21 58
21 59
21 60
21 61
21 62
21 64
21 67
21 68
21 70
21 77
21 80
21 81
21 82
21 83
21 84
21 89
21 90
21 92
21 93
21 94
21 95
21 96
21 97
21 102
21 106
21 107
21 111
21 115
21 116
21 117
21 118
21 119
21 121
21 122
21 123
21 124
21 126
21 127
21 128
21 129
21 135
21 136
21 138
21 140
21 144
21 147
22 24
22 25
22 27
22 30
22 32
22 34
22 37
22 38
22 41
22 42
22 45
22 50
22 51
22 55
22 57
22 58
22 61
22 62
22 65
22 73
22 76
22 77
22 78
22 79
22 80
22 81
22 83
22 86
22 90
22 91
22 92
22 95
22 96
22 100
22 101
22 103
22 106
22 108
22 112
22 115
22 117
22 118
22 120
22 123
22 126
22 127
22 130
22 131
22 138
22 140
22 141
22 146
22 147
23 25
23 28
23 32
23 38
23 39
23 40
23 42
23 43
23 46
23 48
23 52
23 56
23 58
23 60
23 62
23 63
23 66
23 67
23 73
23 77
23 78
23 81
23 86
23 90
23 95
23 96
23 99
23 101
23 104
23 106
23 113
23 120
23 122
23 130
23 132
23 133
23 136
23 141
23 142
23 144
23 148
24 27
24 28
24 30
24 31
24 33
24 36
24 37
24 40
24 43
24 44
24 46
24 51
24 53
24 54
24 55
24 56
24 61
24 62
24 63
24 65
24 66
24 69
24 76
24 79
24 81
24 83
24 84
24 85
24 87
24 91
24 94
24 96
24 105
24 108
24 113
24 114
24 117
24 121
24 123
24 127
24 128
24 129
24 130
24 137
24 139
24 143
24 146
24 147
25 31
25 36
25 38
25 39
25 40
25 43
25 45
25 52
25 55
25 56
25 57
25 59
25 65
25 70
25 71
25 72
25 76
25 77
25 78
25 79
25 82
25 84
25 91
25 93
25 94
25 95
25 100
25 101
25 105
25 110
25 122
25 124
25 128
25 129
25 132
25 133
25 135
25 136
25 138
25 141
25 143
25 146
25 147
25 148
25 149
26 28
26 31
26 32
26 35
26 40
26 42
26 43
26 44
26 46
26 48
26 50
26 54
26 55
26 57
26 62
26 65
26 67
26 71
26 73
26 76
26 79
26 80
26 81
26 83
26 84
26 86
26 90
26 91
26 103
26 104
26 113
26 114
26 115
26 116
26 117
26 119
26 123
26 124
26 125
26 126
26 129
26 131
26 133
26 135
26 140
27 28
27 29
27 33
27 34
27 35
27 40
27 43
27 45
27 46
27 47
27 48
27 49
27 51
27 52
27 53
27 54
27 55
27 56
27 57
27 58
27 59
27 60
27 63
27 73
27 75
27 77
27 83
27 87
27 88
27 90
27 91
27 94
27 96
27 99
27 103
27 104
27 105
27 107
27 110
27 112
27 114
27 115
27 117
27 118
27 119
27 121
27 123
27 126
27 127
27 128
27 129
27 130
27 136
27 140
27 144
27 149
28 30
28 35
28 43
28 45
28 46
28 47
28 49
28 54
28 55
28 56
28 57
28 58
28 63
28 67
28 70
28 71
28 72
28 74
28 75
28 76
28 79
28 81
28 84
28 87
28 89
28 90
28 92
28 94
28 95
28 96
28 104
28 106
28 107
28 108
28 109
28 110
28 111
28 112
28 115
28 118
28 121
28 123
28 124
28 126
28 127
28 129
28 130
28 132
28 137
28 139
28 140
28 142
28 144
28 145
29 30
29 33
29 36
29 37
29 39
29 41
29 42
29 49
29 50
29 51
29 54
29 58
29 59
29 60
29 63
29 65
29 66
29 68
29 70
29 71
29 82
29 84
29 87
29 88
29 90
29 91
29 92
29 93
29 96
29 99
29 105
29 109
29 116
29 119
29 121
29 123
29 126
29 128
29 133
29 135
29 136
29 138
29 141
29 143
29 146
29 147
30 31
30 38
30 40
30 41
30 47
30 50
30 51
30 55
30 56
30 62
30 63
30 67
30 68
30 69
30 71
30 73
30 76
30 79
30 80
30 81
30 82
30 84
30 86
30 89
30 91
30 92
30 95
30 97
30 102
30 103
30 108
30 109
30 111
30 117
30 119
30 124
30 125
30 126
30 128
30 131
30 132
30 133
30 136
30 137
30 138
30 141
30 143
30 144
31 32
31 37
31 39
31 44
31 46
31 48
31 49
31 50
31 53
31 58
31 63
31 69
31 74
31 75
31 77
31 78
31 81
31 83
31 84
31 86
31 89
31 94
31 98
31 99
31 101
31 102
31 104
31 105
31 109
31 110
31 112
31 113
31 118
31 120
31 122
31 125
31 126
31 128
31 133
31 134
31 139
32 33
32 35
32 36
32 37
32 39
32 43
32 44
32 46
32 47
32 58
32 63
32 69
32 70
32 74
32 76
32 81
32 82
32 85
32 88
32 90
32 91
32 92
32 95
32 98
32 99
32 101
32 103
32 104
32 107
32 108
32 109
32 110
32 111
32 114
32 118
32 119
32 125
32 127
32 128
32 129
32 132
32 133
32 134
32 137
32 138
32 141
32 143
32 147
32 148
32 149
33 37
33 43
33 45
33 48
33 52
33 54
33 55
33 56
33 57
33 59
33 65
33 66
33 68
33 69
33 71
33 78
33 82
33 89
33 90
33 95
33 97
33 99
33 102
33 103
33 104
33 106
33 108
33 110
33 112
33 113
33 114
33 116
33 118
33 122
33 127
33 130
33 131
33 134
33 135
33 136
33 139
33 145
33 147
33 148
34 36
34 37
34 39
34 40
34 42
34 45
34 48
34 49
34 52
34 56
34 57
34 58
34 60
34 63
34 65
34 66
34 67
34 68
34 71
34 75
34 78
34 79
34 85
34 91
34 96
34 98
34 100
34 101
34 104
34 106
34 114
34 118
34 119
34 124
34 128
34 129
34 132
34 135
34 137
34 142
34 145
35 36
35 43
35 44
35 49
35 50
35 51
35 52
35 53
35 55
35 57
35 58
35 60
35 61
35 63
35 67
35 69
35 70
35 74
35 75
35 79
35 80
35 83
35 85
35 86
35 87
35 88
35 89
35 96
35 99
35 108
35 109
35 116
35 119
35 120
35 122
35 124
35 125
35 126
35 129
35 133
35 146
35 148
35 149
36 41
36 42
36 43
36 50
36 57
36 59
36 66
36 67
36 69
36 76
36 77
36 78
36 84
36 86
36 87
36 91
36 92
36 93
36 98
36 99
36 107
36 109
36 110
36 113
36 114
36 116
36 118
36 119
36 130
36 131
36 135
36 136
36 137
36 138
36 139
36 141
36 144
36 145
36 147
36 149
37 39
37 49
37 50
37 51
37 53
37 55
37 57
37 60
37 61
37 62
37 66
37 67
37 70
37 75
37 76
37 78
37 79
37 82
37 88
37 93
37 100
37 101
37 102
37 106
37 107
37 109
37 113
37 115
37 116
37 117
37 119
37 121
37 124
37 125
37 132
37 135
37 138
37 139
37 141
37 142
37 144
37 146
37 147
37 148
38 41
38 42
38 44
38 45
38 46
38 51
38 53
38 54
38 55
38 56
38 58
38 59
38 61
38 62
38 63
38 64
38 66
38 71
38 73
38 87
38 90
38 91
38 93
38 101
38 102
38 103
38 104
38 106
38 108
38 109
38 110
38 119
38 123
38 125
38 128
38 129
38 130
38 131
38 135
38 140
38 142
38 147
38 149
39 43
39 45
39 46
39 47
39 49
39 52
39 53
39 55
39 57
39 59
39 64
39 66
39 67
39 69
39 70
39 71
39 77
39 83
39 86
39 90
39 91
39 93
39 96
39 97
39 101
39 103
39 104
39 110
39 113
39 114
39 117
39 118
39 120
39 123
39 129
39 131
39 132
39 133
39 134
39 136
39 137
39 139
39 140
39 141
39 142
39 144
39 147
39 149
40 43
40 48
40 49
40 51
40 52
40 54
40 59
40 62
40 64
40 65
40 71
40 72
40 73
40 75
40 76
40 83
40 85
40 86
40 87
40 88
40 89
40 91
40 95
40 96
40 98
40 102
40 104
40 107
40 111
40 112
40 115
40 117
40 118
40 119
40 122
40 123
40 127
40 128
40 132
40 134
40 138
40 139
40 141
40 144
40 146
40 147
41 42
41 44
41 48
41 49
41 55
41 63
41 66
41 67
41 68
41 70
41 72
41 74
41 75
41 80
41 84
41 85
41 88
41 90
41 95
41 96
41 102
41 103
41 108
41 113
41 115
41 116
41 121
41 122
41 126
41 127
41 130
41 135
41 137
41 142
41 143
41 147
42 44
42 46
42 51
42 54
42 58
42 59
42 60
42 67
42 68
42 70
42 71
42 73
42 74
42 76
42 79
42 80
42 81
42 84
42 86
42 89
42 90
42 94
42 95
42 97
42 98
42 100
42 102
42 105
42 106
42 108
42 111
42 117
42 122
42 125
42 126
42 127
42 130
42 132
42 133
42 136
42 140
42 141
42 143
42 144
42 145
42 146
42 147
42 148
43 45
43 49
43 51
43 53
43 54
43 56
43 57
43 58
43 59
43 61
43 63
43 64
43 68
43 70
43 72
43 74
43 76
43 77
43 79
43 80
43 84
43 85
43 86
43 87
43 88
43 93
43 97
43 100
43 102
43 105
43 106
43 107
43 110
43 112
43 113
43 114
43 115
43 117
43 118
43 120
43 121
43 123
43 127
43 129
43 131
43 132
43 135
43 137
43 141
43 143
43 145
44 45
44 47
44 50
44 51
44 54
44 57
44 58
44 64
44 70
44 71
44 75
44 76
44 78
44 79
44 80
44 81
44 83
44 87
44 91
44 93
44 94
44 95
44 97
44 100
44 102
44 103
44 104
44 111
44 114
44 116
44 119
44 122
44 124
44 126
44 127
44 128
44 130
44 133
44 138
44 139
44 142
44 143
44 144
44 145
44 146
44 147
44 148
44 149
45 46
45 47
45 48
45 51
45 55
45 56
45 59
45 60
45 61
45 64
45 65
45 66
45 67
45 68
45 72
45 78
45 79
45 81
45 83
45 91
45 92
45 93
45 97
45 98
45 100
45 109
45 111
45 119
45 124
45 128
45 130
45 133
45 136
45 146
46 52
46 54
46 57
46 61
46 62
46 63
46 64
46 66
46 70
46 72
46 75
46 81
46 95
46 96
46 103
46 104
46 108
46 113
46 118
46 120
46 126
46 128
46 129
46 135
46 136
46 137
46 138
46 140
46 141
46 143
46 145
46 149
47 49
47 50
47 52
47 54
47 56
47 57
47 59
47 60
47 61
47 62
47 66
47 67
47 69
47 70
47 71
47 76
47 78
47 79
47 81
47 83
47 85
47 88
47 92
47 94
47 98
47 99
47 102
47 104
47 105
47 107
47 108
47 112
47 117
47 118
47 124
47 126
47 130
47 132
47 134
47 135
47 139
47 140
47 147
47 148
48 49
48 52
48 58
48 60
48 63
48 64
48 65
48 68
48 69
48 73
48 78
48 83
48 86
48 88
48 89
48 91
48 93
48 94
48 96
48 100
48 104
48 106
48 109
48 113
48 122
48 124
48 126
48 127
48 128
48 132
48 133
48 135
48 136
48 138
48 145
48 147
49 50
49 54
49 57
49 61
49 62
49 65
49 68
49 72
49 73
49 76
49 80
49 84
49 87
49 91
49 110
49 111
49 117
49 119
49 121
49 123
49 124
49 126
49 128
49 129
49 133
49 136
49 141
49 143
49 145
49 146
49 147
49 148
50 54
50 58
50 59
50 61
50 63
50 64
50 67
50 78
50 79
50 81
50 83
50 84
50 87
50 88
50 93
50 97
50 99
50 100
50 101
50 106
50 110
50 111
50 112
50 115
50 117
50 122
50 123
50 128
50 129
50 132
50 135
50 137
50 139
50 140
50 142
50 147
50 149
51 53
51 54
51 55
51 59
51 60
51 65
51 68
51 72
51 75
51 76
51 78
51 81
51 86
51 87
51 88
51 94
51 100
51 107
51 109
51 110
51 111
51 112
51 113
51 115
51 117
51 119
51 120
51 121
51 124
51 125
51 126
51 132
51 137
51 139
51 141
51 144
51 145
51 146
51 147
51 149
52 53
52 54
52 56
52 59
52 60
52 61
52 63
52 64
52 67
52 75
52 77
52 78
52 81
52 89
52 91
52 95
52 96
52 99
52 100
52 107
52 108
52 111
52 114
52 115
52 120
52 123
52 124
52 127
52 131
52 132
52 133
52 134
52 136
52 138
52 143
52 144
52 146
52 148
52 149
53 58
53 60
53 61
53 64
53 72
53 74
53 77
53 78
53 81
53 82
53 83
53 84
53 85
53 87
53 88
53 91
53 94
53 95
53 97
53 98
53 103
53 104
53 107
53 108
53 109
53 110
53 112
53 113
53 114
53 116
53 117
53 118
53 119
53 122
53 123
53 127
53 128
53 129
53 135
53 137
53 141
53 143
53 147
53 148
54 57
54 67
54 68
54 70
54 73
54 78
54 81
54 82
54 85
54 86
54 87
54 93
54 95
54 98
54 99
54 103
54 105
54 108
54 109
54 112
54 114
54 117
54 122
54 123
54 125
54 127
54 131
54 132
54 140
54 141
54 142
54 145
54 148
55 56
55 57
55 62
55 64
55 68
55 72
55 74
55 75
55 76
55 77
55 79
55 84
55 86
55 87
55 89
55 91
55 92
55 93
55 94
55 97
55 98
55 107
55 108
55 109
55 110
55 117
55 120
55 122
55 123
55 124
55 126
55 127
55 133
55 136
55 137
55 138
55 139
55 140
55 142
55 145
56 58
56 62
56 68
56 72
56 75
56 76
56 79
56 80
56 81
56 82
56 83
56 87
56 88
56 91
56 97
56 103
56 110
56 113
56 114
56 116
56 118
56 120
56 126
56 128
56 133
56 136
56 140
56 141
56 142
56 144
56 145
57 60
57 62
57 65
57 66
57 67
57 68
57 69
57 70
57 74
57 76
57 77
57 80
57 82
57 83
57 84
57 86
57 87
57 89
57 90
57 94
57 96
57 98
57 101
57 104
57 105
57 116
57 117
57 118
57 119
57 122
57 124
57 125
57 126
57 127
57 128
57 129
57 130
57 131
57 133
57 136
57 138
57 141
57 143
57 147
57 149
58 62
58 64
58 65
58 66
58 68
58 69
58 70
58 73
58 79
58 80
58 83
58 85
58 87
58 89
58 92
58 93
58 95
58 96
58 103
58 105
58 111
58 112
58 115
58 117
58 121
58 124
58 127
58 128
58 129
58 136
58 138
58 142
58 145
59 61
59 65
59 67
59 68
59 76
59 77
59 78
59 80
59 82
59 83
59 84
59 85
59 87
59 88
59 89
59 91
59 94
59 96
59 105
59 109
59 111
59 117
59 121
59 122
59 123
59 124
59 125
59 126
59 128
59 129
59 133
59 134
59 137
59 139
59 146
59 147
59 148
60 65
60 66
60 67
60 72
60 74
60 75
60 77
60 79
60 80
60 86
60 88
60 89
60 93
60 99
60 103
60 110
60 114
60 115
60 121
60 122
60 124
60 131
60 136
60 137
60 143
60 147
61 65
61 67
61 70
61 71
61 76
61 77
61 83
61 85
61 86
61 89
61 92
61 100
61 103
61 104
61 105
61 107
61 111
61 116
61 118
61 120
61 122
61 123
61 124
61 125
61 132
61 133
61 137
61 146
61 149
62 64
62 65
62 66
62 67
62 70
62 71
62 72
62 77
62 80
62 83
62 84
62 89
62 93
62 96
62 97
62 108
62 110
62 111
62 112
62 116
62 117
62 128
62 130
62 131
62 135
62 136
62 139
62 142
62 144
62 145
62 146
62 148
62 149
63 65
63 67
63 71
63 73
63 74
63 78
63 79
63 84
63 87
63 89
63 91
63 93
63 97
63 99
63 102
63 103
63 104
63 107
63 109
63 110
63 112
63 113
63 116
63 118
63 119
63 120
63 121
63 130
63 135
63 136
63 138
63 139
63 141
63 143
63 146
63 148
63 149
64 65
64 75
64 76
64 79
64 81
64 83
64 84
64 87
64 89
64 93
64 97
64 98
64 99
64 105
64 108
64 110
64 112
64 114
64 116
64 118
64 119
64 120
64 122
64 123
64 126
64 127
64 131
64 132
64 134
64 136
64 137
64 139
64 142
64 143
64 146
65 70
65 71
65 73
65 77
65 78
65 80
65 84
65 85
65 89
65 90
65 91
65 95
65 98
65 100
65 103
65 108
65 110
65 111
65 112
65 114
65 116
65 117
65 118
65 120
65 121
65 126
65 127
65 129
65 132
65 139
65 141
65 143
65 146
65 147
65 148
66 74
66 76
66 78
66 79
66 81
66 87
66 89
66 92
66 93
66 95
66 96
66 102
66 105
66 108
66 111
66 112
66 113
66 115
66 116
66 118
66 121
66 122
66 127
66 128
66 134
66 136
66 139
66 140
66 141
66 143
66 145
66 146
66 147
66 148
67 72
67 73
67 74
67 76
67 79
67 86
67 89
67 91
67 95
67 96
67 98
67 103
67 104
67 105
67 106
67 108
67 125
67 126
67 127
67 130
67 133
67 134
67 135
67 142
67 143
67 145
67 147
67 148
68 69
68 70
68 74
68 80
68 82
68 84
68 87
68 91
68 94
68 97
68 99
68 101
68 102
68 104
68 106
68 109
68 110
68 111
68 117
68 118
68 123
68 125
68 126
68 132
68 133
68 134
68 135
68 136
68 144
68 149
69 73
69 75
69 76
69 78
69 79
69 80
69 82
69 85
69 86
69 87
69 90
69 95
69 96
69 97
69 98
69 100
69 101
69 103
69 107
69 108
69 109
69 112
69 113
69 115
69 116
69 118
69 119
69 120
69 122
69 125
69 128
69 130
69 132
69 133
69 134
69 136
69 138
69 140
69 142
69 146
69 147
69 148
69 149
70 73
70 74
70 78
70 79
70 80
70 82
70 83
70 84
70 87
70 89
70 90
70 94
70 95
70 98
70 101
70 104
70 106
70 107
70 109
70 111
70 112
70 114
70 115
70 116
70 118
70 121
70 122
70 124
70 125
70 127
70 129
70 130
70 131
70 132
70 133
70 139
70 143
70 144
70 146
71 74
71 75
71 76
71 78
71 82
71 84
71 92
71 94
71 95
71 96
71 97
71 99
71 101
71 102
71 106
71 107
71 108
71 109
71 113
71 114
71 115
71 116
71 118
71 122
71 123
71 125
71 136
71 139
71 140
71 146
71 147
71 148
72 73
72 74
72 76
72 77
72 79
72 80
72 81
72 83
72 84
72 86
72 88
72 89
72 90
72 91
72 95
72 96
72 98
72 99
72 106
72 107
72 108
72 109
72 110
72 118
72 119
72 120
72 123
72 124
72 126
72 136
72 137
72 138
72 140
72 141
72 144
72 148
73 78
73 81
73 84
73 86
73 87
73 88
73 90
73 91
73 92
73 93
73 94
73 95
73 96
73 99
73 101
73 104
73 105
73 108
73 109
73 113
73 115
73 116
73 117
73 124
73 126
73 130
73 131
73 134
73 136
73 137
73 140
73 141
73 142
73 145
73 147
74 76
74 78
74 81
74 88
74 90
74 91
74 92
74 93
74 95
74 96
74 97
74 100
74 101
74 102
74 106
74 107
74 112
74 113
74 120
74 121
74 126
74 127
74 128
74 133
74 135
74 136
74 137
74 138
74 140
74 146
74 149
75 82
75 83
75 84
75 85
75 89
75 93
75 94
75 99
75 102
75 105
75 106
75 108
75 115
75 116
75 118
75 120
75 121
75 124
75 127
75 130
75 132
75 136
75 138
75 140
75 141
75 143
75 147
75 149
76 79
76 82
76 83
76 84
76 88
76 91
76 104
76 107
76 110
76 111
76 112
76 115
76 116
76 117
76 118
76 119
76 120
76 121
76 122
76 126
76 127
76 128
76 134
76 139
76 140
76 141
77 80
77 82
77 83
77 87
77 97
77 98
77 100
77 102
77 105
77 106
77 107
77 111
77 112
77 127
77 129
77 131
77 132
77 133
77 135
77 136
77 138
77 141
77 142
77 149
78 81
78 82
78 83
78 84
78 87
78 97
78 98
78 99
78 100
78 101
78 102
78 104
78 105
78 106
78 107
78 108
78 110
78 111
78 113
78 114
78 116
78 119
78 120
78 122
78 124
78 125
78 130
78 133
78 136
78 137
78 140
78 141
78 143
78 145
78 146
78 147
78 148
78 149
79 82
79 83
79 85
79 87
79 89
79 92
79 95
79 96
79 106
79 107
79 108
79 112
79 114
79 115
79 117
79 119
79 120
79 125
79 126
79 131
79 134
79 138
79 142
79 145
79 149
80 84
80 87
80 89
80 97
80 99
80 100
80 104
80 106
80 109
80 111
80 113
80 119
80 122
80 125
80 126
80 130
80 132
80 134
80 136
80 138
80 140
80 143
80 145
80 146
80 147
81 86
81 90
81 93
81 101
81 102
81 103
81 110
81 111
81 112
81 114
81 125
81 130
81 135
81 139
81 143
81 146
81 147
82 83
82 85
82 86
82 90
82 92
82 95
82 97
82 98
82 100
82 101
82 102
82 106
82 108
82 109
82 110
82 111
82 112
82 113
82 118
82 122
82 124
82 128
82 132
82 134
82 135
82 139
82 143
82 144
82 146
83 84
83 85
83 86
83 88
83 90
83 91
83 93
83 95
83 96
83 99
83 102
83 103
83 106
83 108
83 109
83 110
83 111
83 114
83 117
83 118
83 120
83 122
83 125
83 127
83 128
83 129
83 132
83 144
84 87
84 90
84 95
84 99
84 106
84 108
84 109
84 110
84 111
84 112
84 113
84 116
84 117
84 121
84 123
84 124
84 125
84 127
84 128
84 129
84 130
84 135
84 137
84 139
84 144
84 145
84 148
85 88
85 91
85 93
85 95
85 100
85 102
85 103
85 104
85 105
85 107
85 108
85 109
85 111
85 112
85 113
85 116
85 117
85 119
85 121
85 122
85 123
85 125
85 126
85 128
85 130
85 133
85 135
85 141
85 143
85 149
86 87
86 88
86 90
86 91
86 95
86 96
86 98
86 105
86 106
86 107
86 108
86 109
86 113
86 115
86 116
86 117
86 119
86 125
86 127
86 130
86 132
86 133
86 136
86 142
86 145
86 146
86 147
86 148
87 88
87 91
87 92
87 93
87 95
87 96
87 100
87 102
87 103
87 105
87 106
87 108
87 110
87 112
87 115
87 116
87 117
87 118
87 119
87 123
87 126
87 129
87 130
87 132
87 134
87 137
87 141
87 144
87 145
87 148
88 89
88 90
88 94
88 96
88 98
88 100
88 102
88 104
88 105
88 109
88 110
88 112
88 113
88 116
88 120
88 123
88 124
88 126
88 132
88 135
88 136
88 146
88 149
89 90
89 91
89 93
89 94
89 96
89 97
89 98
89 99
89 100
89 102
89 105
89 106
89 108
89 109
89 110
89 117
89 120
89 121
89 122
89 123
89 128
89 130
89 132
89 133
89 134
89 137
89 140
89 144
89 148
89 149
90 92
90 99
90 100
90 102
90 107
90 108
90 110
90 113
90 114
90 117
90 122
90 126
90 128
90 129
90 133
90 135
90 136
90 137
90 140
90 141
90 143
90 145
90 146
90 147
90 149
91 93
91 95
91 96
91 101
91 105
91 116
91 119
91 121
91 123
91 126
91 129
91 130
91 136
91 137
91 140
91 143
91 147
91 148
92 93
92 96
92 98
92 100
92 103
92 105
92 106
92 110
92 114
92 115
92 116
92 118
92 119
92 120
92 125
92 127
92 129
92 130
92 131
92 136
92 140
92 143
92 144
92 145
92 147
92 148
92 149
93 94
93 95
93 100
93 105
93 107
93 111
93 115
93 116
93 117
93 118
93 119
93 121
93 122
93 125
93 128
93 129
93 131
93 132
93 133
93 134
93 135
93 138
93 139
93 141
93 142
93 146
93 147
93 149
94 96
94 97
94 100
94 109
94 111
94 112
94 113
94 114
94 116
94 119
94 122
94 125
94 132
94 138
94 139
94 142
94 143
94 144
94 149
95 99
95 100
95 102
95 104
95 105
95 106
95 110
95 112
95 114
95 122
95 126
95 128
95 130
95 137
95 139
95 140
95 141
95 142
95 146
96 100
96 101
96 102
96 103
96 106
96 107
96 108
96 110
96 113
96 114
96 115
96 116
96 120
96 121
96 123
96 124
96 129
96 136
96 141
96 145
96 147
96 148
96 149
97 98
97 104
97 106
97 107
97 112
97 113
97 115
97 116
97 118
97 119
97 126
97 127
97 133
97 137
97 138
97 139
97 140
97 144
97 145
98 99
98 100
98 104
98 107
98 108
98 109
98 111
98 114
98 120
98 122
98 125
98 133
98 134
98 136
98 139
98 149
99 100
99 104
99 109
99 110
99 116
99 122
99 123
99 124
99 126
99 127
99 128
99 131
99 133
99 138
99 139
99 140
99 141
99 142
100 101
100 102
100 109
100 110
100 112
100 113
100 116
100 118
100 119
100 123
100 126
100 127
100 130
100 133
100 134
100 136
100 138
100 140
100 142
100 143
100 144
100 146
100 147
100 149
101 103
101 108
101 114
101 115
101 120
101 125
101 135
101 138
101 142
101 147
101 148
102 103
102 104
102 110
102 111
102 112
102 113
102 115
102 116
102 117
102 119
102 122
102 123
102 124
102 128
102 129
102 133
102 135
102 136
102 137
102 141
102 144
102 145
102 146
102 148
103 108
103 109
103 114
103 115
103 116
103 121
103 122
103 124
103 125
103 130
103 133
103 134
103 136
103 138
103 146
103 149
104 110
104 115
104 117
104 120
104 124
104 125
104 130
104 133
104 134
104 138
104 141
104 143
104 145
104 146
105 106
105 107
105 109
105 114
105 115
105 116
105 118
105 125
105 126
105 129
105 130
105 132
105 134
105 138
105 142
105 145
105 146
106 107
106 108
106 110
106 116
106 120
106 122
106 126
106 129
106 133
106 135
106 137
106 138
106 139
106 140
106 143
106 145
107 112
107 116
107 118
107 122
107 123
107 125
107 135
107 136
107 138
107 141
107 145
108 110
108 116
108 117
108 119
108 127
108 128
108 129
108 130
108 133
108 136
108 138
108 139
108 145
108 146
108 147
108 149
109 111
109 114
109 116
109 122
109 125
109 126
109 127
109 130
109 138
109 140
109 142
109 143
109 147
110 111
110 112
110 114
110 115
110 118
110 122
110 123
110 124
110 125
110 128
110 129
110 131
110 134
110 135
110 136
110 142
110 143
110 145
110 149
111 113
111 114
111 115
111 119
111 120
111 122
111 126
111 129
111 130
111 136
111 137
111 138
111 140
111 142
111 143
111 144
111 148
111 149
112 115
112 117
112 122
112 124
112 126
112 127
112 130
112 135
112 137
112 146
112 148
113 115
113 118
113 120
113 121
113 122
113 129
113 130
113 131
113 135
113 136
113 137
113 141
113 144
113 148
114 116
114 117
114 118
114 119
114 120
114 124
114 128
114 132
114 133
114 136
114 138
114 144
114 147
114 148
114 149
115 121
115 122
115 124
115 126
115 128
115 132
115 133
115 134
115 142
115 144
115 149
116 122
116 123
116 124
116 127
116 128
116 129
116 130
116 135
116 136
116 138
116 140
116 144
116 145
116 146
116 149
117 118
117 119
117 122
117 125
117 127
117 133
117 136
117 137
117 140
117 142
117 143
117 146
117 147
118 119
118 120
118 121
118 124
118 125
118 134
118 135
118 139
118 140
118 141
118 142
118 143
118 144
118 146
118 147
119 121
119 123
119 127
119 129
119 130
119 137
119 140
119 144
119 148
119 149
120 124
120 129
120 131
120 144
120 147
121 122
121 130
121 132
121 137
121 139
121 140
121 142
121 145
121 146
121 148
121 149
122 126
122 134
122 135
122 137
122 139
122 141
122 142
122 144
123 125
123 127
123 130
123 131
123 132
123 133
123 134
123 135
123 137
123 139
124 127
124 130
124 133
124 137
124 138
124 141
124 142
124 144
124 146
124 147
125 130
125 132
125 134
125 137
125 145
125 146
125 147
125 149
126 129
126 130
126 133
126 134
126 135
126 136
126 138
126 141
126 142
126 145
126 147
126 148
127 128
127 132
127 135
127 136
127 140
127 141
127 146
127 147
128 132
128 137
128 142
128 144
129 132
129 133
129 135
129 136
129 137
129 139
129 142
129 143
129 144
129 145
129 146
129 147
129 148
130 136
130 137
130 140
130 141
130 143
130 146
130 147
130 149
131 133
131 134
131 135
131 136
131 137
131 138
131 140
131 141
131 143
131 145
131 146
131 147
131 149
132 135
132 138
132 142
132 143
132 144
132 148
133 137
133 138
133 142
133 144
133 145
133 146
134 139
134 141
134 143
134 148
135 136
135 141
135 143
135 145
135 147
136 138
136 140
136 147
137 141
137 147
138 139
138 140
138 144
138 147
139 140
139 143
140 145
141 143
141 144
141 146
142 144
142 148
142 149
143 146
143 149
144 145
144 147
145 146
146 147
146 148
16 1 118 4 91 96 43 101 65 53 125 139 115 39 149
8 47 33 50 6 24 103 25 21 74 69 94 7 133 78
138 117 80 72 121 99 70 144 30 57 131 40 106 61 87
23 92 71 113 111 38 79 76 126 18 134 63 55 41 90
83 137 56 35 36 107 28 105 112 110 42 142 32 119 145
120 124 37 98 109 26 59 60 93 49 22 5 45 127 9
75 58 136 29 17 68 67 89 81 128 100 2 31 3 66
44 0 123 73 102 52 135 12 54 62 88 95 146 19 132
97 84 148 10 20 86 147 104 116 130 13 122 143 108 64
34 46 14 48 11 15 77 85 27 51 129 140 82 114 141
