50
524
8
0 1
0 3
0 4
0 6
0 7
0 8
0 9
0 10
0 13
0 15
0 18
0 21
0 22
0 23
0 24
0 25
0 28
0 29
0 34
0 35
0 37
0 38
0 39
0 40
0 42
0 46
0 49
1 2
1 4
1 7
1 14
1 15
1 19
1 20
1 21
1 24
1 25
1 26
1 27
1 29
1 31
1 32
1 33
1 38
1 39
1 40
1 42
1 44
2 3
2 9
2 11
2 14
2 18
2 19
2 21
2 22
2 25
2 27
2 28
2 29
2 36
2 38
2 39
2 42
2 43
2 44
2 45
2 47
2 48
2 49
3 5
3 6
3 7
3 8
3 9
3 11
3 13
3 16
3 23
3 26
3 27
3 28
3 29
3 33
3 34
3 37
3 38
3 39
3 41
3 42
4 6
4 12
4 14
4 19
4 21
4 22
4 24
4 25
4 26
4 28
4 29
4 34
4 36
4 38
4 41
4 45
4 47
4 48
5 7
5 10
5 12
5 13
5 16
5 17
5 18
5 21
5 23
5 24
5 25
5 28
5 34
5 35
5 36
5 38
5 39
5 41
5 42
5 47
5 48
5 49
6 9
6 16
6 18
6 20
6 25
6 31
6 32
6 33
6 34
6 36
6 39
6 40
6 41
6 42
6 43
6 44
6 48
6 49
7 16
7 17
7 19
7 20
7 22
7 23
7 26
7 29
7 30
7 32
7 33
7 35
7 37
7 40
7 44
8 9
8 12
8 14
8 16
8 18
8 20
8 21
8 25
8 26
8 27
8 28
8 31
8 32
8 33
8 35
8 37
8 40
8 41
8 42
8 43
8 44
8 45
8 47
8 48
9 10
9 12
9 17
9 20
9 21
9 25
9 29
9 31
9 32
9 34
9 35
9 38
9 44
9 48
10 15
10 16
10 17
10 18
10 27
10 29
10 35
10 36
10 37
10 39
10 41
10 42
10 43
10 45
10 46
11 13
11 14
11 16
11 17
11 23
11 29
11 31
11 33
11 34
11 36
11 45
12 14
12 17
12 21
12 22
12 23
12 24
12 27
12 31
12 32
12 34
12 36
12 41
12 43
12 47
13 17
13 18
13 19
13 20
13 22
13 23
13 27
13 28
13 29
13 31
13 37
13 40
13 42
13 45
13 46
13 47
13 48
14 17
14 21
14 24
14 31
14 32
14 33
14 35
14 43
14 44
14 45
15 16
15 19
15 23
15 26
15 28
15 30
15 31
15 34
15 35
15 38
15 42
15 44
15 45
15 46
15 48
15 49
16 17
16 19
16 20
16 22
16 26
16 29
16 30
16 33
16 36
16 38
16 44
16 46
17 18
17 19
17 23
17 24
17 25
17 26
17 33
17 37
17 38
17 41
17 44
17 47
17 49
18 21
18 23
18 27
18 32
18 34
18 39
18 41
18 42
18 44
18 49
19 20
19 23
19 24
19 26
19 30
19 32
19 33
19 34
19 36
19 38
19 40
19 46
19 47
19 48
20 23
20 25
20 30
20 31
20 34
20 37
20 38
20 40
20 42
20 43
20 48
21 24
21 27
21 28
21 30
21 32
21 34
21 37
21 39
21 42
21 43
21 47
21 48
21 49
22 24
22 26
22 30
22 32
22 38
22 40
22 41
22 47
22 49
23 24
23 25
23 26
23 27
23 30
23 33
23 34
23 35
23 38
23 39
23 40
23 41
23 43
23 45
23 46
23 49
24 25
24 27
24 29
24 31
24 32
24 35
24 40
24 43
24 46
24 47
25 29
25 30
25 34
25 35
25 39
25 40
25 43
25 45
25 48
25 49
26 27
26 33
26 34
26 37
26 40
26 41
26 43
26 44
27 28
27 31
27 32
27 33
27 37
27 40
27 41
27 43
27 45
27 46
27 47
27 48
28 31
28 35
28 36
28 38
28 39
28 43
28 44
28 45
28 46
28 47
29 30
29 34
29 37
29 39
29 42
29 43
29 44
29 47
29 49
30 33
30 35
30 43
30 44
30 47
30 48
30 49
31 37
31 39
31 41
31 42
31 44
31 45
31 48
31 49
32 33
32 35
32 36
32 40
32 43
32 44
32 48
32 49
33 34
33 35
33 42
33 44
33 48
34 35
34 41
34 43
34 45
34 47
35 37
35 38
35 40
35 44
35 45
35 47
35 48
36 37
36 44
36 46
36 47
36 48
37 38
37 39
37 44
37 46
37 48
37 49
38 39
38 40
38 41
38 45
38 48
39 41
39 42
39 43
39 44
39 46
39 47
39 48
40 41
40 42
40 44
40 45
41 42
41 46
41 48
42 44
42 45
42 46
42 47
43 45
43 46
45 46
45 48
45 49
46 47
46 48
47 49
48 49
22 36 25 21 4 23 7
24 8 2 5 44 9 6
15 13 49 3 34 30 10
40 11 12 1 27 47 41
35 33 14 48 0 31 38
42 16 26 28 17 29 18
43 39 20 32 37 46 45
19
