350
6042
7
0 23
0 33
0 35
0 42
0 43
0 45
0 57
0 73
0 91
0 119
0 132
0 136
0 152
0 155
0 156
0 162
0 163
0 166
0 176
0 187
0 206
0 223
0 225
0 227
0 231
0 232
0 235
0 248
0 274
0 275
0 285
0 286
0 289
0 314
0 324
0 332
1 3
1 15
1 22
1 28
1 39
1 47
1 54
1 64
1 67
1 78
1 89
1 91
1 96
1 114
1 116
1 119
1 127
1 130
1 133
1 139
1 157
1 168
1 169
1 170
1 175
1 186
1 188
1 191
1 195
1 273
1 294
1 299
1 324
1 344
1 349
2 12
2 32
2 40
2 46
2 59
2 63
2 65
2 87
2 92
2 104
2 112
2 142
2 153
2 165
2 174
2 175
2 181
2 184
2 207
2 221
2 250
2 260
2 278
2 288
2 290
2 306
2 308
2 317
2 327
2 343
2 348
3 7
3 33
3 37
3 51
3 53
3 56
3 62
3 86
3 123
3 140
3 142
3 144
3 147
3 156
3 172
3 179
3 185
3 187
3 201
3 204
3 214
3 220
3 223
3 235
3 237
3 252
3 321
3 326
3 334
4 7
4 10
4 20
4 24
4 31
4 41
4 55
4 64
4 65
4 68
4 74
4 110
4 116
4 117
4 141
4 144
4 145
4 180
4 181
4 182
4 184
4 197
4 228
4 230
4 240
4 243
4 252
4 264
4 265
4 285
4 291
4 296
4 316
4 341
4 347
5 13
5 34
5 43
5 46
5 55
5 73
5 80
5 83
5 84
5 99
5 109
5 112
5 119
5 149
5 152
5 180
5 187
5 206
5 214
5 247
5 275
5 277
5 283
5 285
5 302
5 325
5 327
5 329
5 338
5 341
5 343
6 18
6 20
6 32
6 58
6 59
6 66
6 71
6 79
6 80
6 83
6 85
6 86
6 107
6 113
6 146
6 151
6 160
6 178
6 182
6 223
6 235
6 238
6 255
6 289
6 300
6 327
6 328
6 336
7 9
7 11
7 34
7 36
7 43
7 95
7 98
7 106
7 132
7 137
7 169
7 171
7 194
7 198
7 200
7 206
7 234
7 238
7 246
7 255
7 262
7 263
7 265
7 268
7 292
7 301
7 326
8 19
8 21
8 43
8 47
8 48
8 54
8 88
8 93
8 101
8 105
8 109
8 124
8 147
8 155
8 174
8 182
8 193
8 196
8 198
8 201
8 220
8 231
8 235
8 250
8 255
8 263
8 266
8 273
8 280
8 283
8 292
8 298
8 315
8 347
8 349
9 19
9 22
9 25
9 30
9 44
9 46
9 50
9 56
9 62
9 80
9 82
9 87
9 91
9 96
9 101
9 120
9 125
9 127
9 130
9 141
9 144
9 165
9 176
9 182
9 198
9 203
9 207
9 208
9 210
9 215
9 238
9 269
9 274
9 276
9 278
9 295
9 313
9 325
9 333
10 13
10 22
10 31
10 39
10 56
10 98
10 111
10 131
10 138
10 143
10 155
10 174
10 181
10 191
10 195
10 202
10 212
10 214
10 216
10 227
10 250
10 258
10 266
10 269
10 308
10 314
10 316
10 324
10 332
10 342
11 20
11 44
11 56
11 66
11 67
11 71
11 74
11 76
11 80
11 95
11 97
11 115
11 122
11 158
11 171
11 211
11 212
11 214
11 234
11 237
11 241
11 244
11 245
11 259
11 264
11 271
11 292
11 308
11 310
11 332
11 344
12 17
12 30
12 31
12 40
12 56
12 72
12 89
12 98
12 121
12 131
12 137
12 163
12 171
12 183
12 185
12 195
12 212
12 225
12 230
12 240
12 247
12 279
12 280
12 287
12 301
12 302
12 328
12 340
13 20
13 28
13 44
13 57
13 62
13 68
13 78
13 85
13 86
13 89
13 109
13 172
13 176
13 181
13 185
13 193
13 194
13 195
13 206
13 223
13 233
13 244
13 264
13 271
13 272
13 283
13 287
13 293
13 295
13 296
13 307
13 309
13 314
14 15
14 17
14 19
14 23
14 39
14 40
14 55
14 74
14 104
14 110
14 114
14 118
14 120
14 131
14 137
14 139
14 170
14 177
14 178
14 185
14 200
14 201
14 249
14 258
14 264
14 287
14 288
14 294
14 299
14 300
14 302
14 305
14 325
14 332
14 335
14 347
14 348
15 29
15 32
15 44
15 46
15 54
15 55
15 68
15 74
15 92
15 99
15 100
15 107
15 108
15 117
15 121
15 129
15 135
15 144
15 150
15 160
15 162
15 185
15 194
15 195
15 211
15 219
15 226
15 234
15 235
15 240
15 281
15 283
15 285
15 287
15 302
15 304
15 306
15 327
15 329
15 333
15 336
15 340
16 28
16 30
16 35
16 51
16 64
16 79
16 89
16 106
16 113
16 118
16 122
16 124
16 127
16 131
16 166
16 171
16 173
16 188
16 189
16 226
16 228
16 229
16 269
16 284
16 294
16 334
16 343
17 29
17 30
17 33
17 44
17 45
17 47
17 53
17 57
17 75
17 84
17 90
17 99
17 143
17 177
17 178
17 183
17 188
17 207
17 210
17 218
17 228
17 230
17 268
17 275
17 283
17 287
17 294
17 348
18 27
18 63
18 74
18 77
18 87
18 91
18 99
18 138
18 147
18 152
18 157
18 158
18 164
18 169
18 216
18 217
18 222
18 239
18 240
18 249
18 257
18 270
18 273
18 276
18 281
18 288
18 298
18 299
18 303
18 328
18 333
19 38
19 53
19 63
19 68
19 82
19 84
19 111
19 113
19 114
19 133
19 165
19 170
19 174
19 184
19 187
19 188
19 194
19 205
19 251
19 253
19 255
19 275
19 277
19 279
19 295
19 305
19 319
19 320
19 321
19 326
19 335
19 342
19 345
19 347
20 35
20 44
20 48
20 62
20 65
20 69
20 70
20 76
20 93
20 117
20 120
20 133
20 136
20 138
20 142
20 149
20 168
20 169
20 206
20 235
20 238
20 244
20 261
20 264
20 287
20 292
20 301
20 327
20 339
21 31
21 40
21 48
21 55
21 59
21 62
21 73
21 79
21 83
21 86
21 88
21 92
21 93
21 96
21 116
21 118
21 154
21 165
21 180
21 187
21 188
21 193
21 195
21 203
21 204
21 205
21 230
21 234
21 248
21 284
21 300
21 329
21 344
22 25
22 27
22 31
22 47
22 60
22 63
22 68
22 69
22 71
22 82
22 85
22 92
22 94
22 97
22 106
22 114
22 117
22 135
22 139
22 148
22 159
22 171
22 172
22 178
22 181
22 188
22 196
22 214
22 219
22 225
22 227
22 233
22 265
22 266
22 284
22 285
22 292
22 298
22 306
22 309
22 318
22 334
22 349
23 29
23 60
23 68
23 96
23 114
23 115
23 116
23 121
23 160
23 167
23 171
23 174
23 195
23 198
23 201
23 213
23 218
23 229
23 243
23 286
23 290
23 293
23 296
23 300
23 302
23 313
23 324
23 325
24 32
24 33
24 34
24 49
24 56
24 59
24 67
24 72
24 81
24 85
24 97
24 112
24 121
24 140
24 141
24 145
24 152
24 158
24 164
24 167
24 168
24 175
24 176
24 190
24 191
24 201
24 215
24 240
24 250
24 264
24 272
24 273
24 285
24 298
24 307
24 325
24 334
24 336
24 341
25 27
25 30
25 32
25 58
25 71
25 78
25 94
25 112
25 120
25 137
25 145
25 147
25 160
25 181
25 193
25 199
25 210
25 221
25 247
25 255
25 256
25 258
25 260
25 262
25 265
25 270
25 278
25 284
25 285
25 286
25 288
25 290
25 299
25 302
25 314
25 316
25 323
25 336
25 344
26 29
26 35
26 68
26 70
26 79
26 89
26 98
26 104
26 132
26 136
26 142
26 143
26 152
26 154
26 159
26 177
26 186
26 201
26 209
26 218
26 219
26 224
26 232
26 244
26 245
26 253
26 261
26 267
26 286
26 303
26 324
26 337
26 338
26 339
27 28
27 30
27 37
27 38
27 42
27 46
27 50
27 57
27 66
27 71
27 78
27 79
27 83
27 85
27 90
27 99
27 109
27 124
27 126
27 138
27 139
27 140
27 165
27 167
27 192
27 196
27 213
27 226
27 234
27 244
27 265
27 273
27 274
27 280
27 281
27 286
27 291
27 292
27 299
27 308
27 330
27 336
28 29
28 30
28 41
28 44
28 48
28 49
28 52
28 54
28 57
28 78
28 94
28 136
28 141
28 170
28 185
28 187
28 218
28 233
28 234
28 274
28 276
28 285
28 296
28 297
28 300
28 305
28 315
28 336
28 338
28 342
28 343
28 344
28 347
29 38
29 40
29 56
29 57
29 64
29 71
29 72
29 75
29 82
29 94
29 100
29 105
29 109
29 121
29 126
29 139
29 140
29 143
29 149
29 151
29 163
29 184
29 198
29 201
29 205
29 235
29 254
29 268
29 274
29 285
29 288
29 294
29 308
29 330
29 336
29 337
29 349
30 35
30 42
30 49
30 55
30 61
30 67
30 86
30 91
30 99
30 111
30 132
30 149
30 158
30 160
30 175
30 182
30 194
30 208
30 212
30 229
30 241
30 245
30 263
30 265
30 266
30 285
30 293
30 315
30 324
30 327
30 333
30 335
30 336
30 340
31 32
31 38
31 44
31 72
31 89
31 94
31 110
31 113
31 116
31 120
31 125
31 138
31 210
31 211
31 216
31 221
31 222
31 247
31 266
31 294
31 301
31 303
31 318
31 326
31 328
31 344
32 36
32 44
32 47
32 52
32 62
32 67
32 72
32 79
32 81
32 94
32 111
32 113
32 117
32 142
32 159
32 160
32 190
32 221
32 226
32 230
32 245
32 246
32 256
32 281
32 282
32 295
32 306
32 311
32 321
32 329
32 342
32 349
33 47
33 57
33 85
33 93
33 95
33 102
33 103
33 111
33 117
33 125
33 131
33 140
33 166
33 171
33 189
33 203
33 212
33 217
33 218
33 222
33 249
33 261
33 279
33 288
33 290
33 298
33 310
33 316
33 326
33 327
33 335
34 47
34 52
34 74
34 76
34 98
34 111
34 113
34 116
34 130
34 133
34 146
34 162
34 169
34 172
34 176
34 178
34 180
34 197
34 199
34 203
34 209
34 223
34 224
34 234
34 236
34 241
34 244
34 249
34 254
34 262
34 276
34 289
34 291
34 306
34 310
34 322
34 325
34 347
35 39
35 57
35 65
35 90
35 115
35 116
35 119
35 120
35 126
35 166
35 168
35 170
35 171
35 186
35 222
35 235
35 243
35 247
35 249
35 258
35 264
35 270
35 273
35 299
35 307
35 309
35 316
35 327
35 333
35 337
36 57
36 58
36 74
36 78
36 84
36 101
36 125
36 127
36 135
36 139
36 143
36 157
36 164
36 172
36 174
36 176
36 190
36 195
36 207
36 209
36 217
36 218
36 220
36 225
36 226
36 229
36 234
36 247
36 254
36 256
36 257
36 262
36 302
36 311
36 312
36 320
36 329
36 336
37 39
37 51
37 52
37 63
37 64
37 79
37 89
37 96
37 104
37 120
37 139
37 149
37 188
37 195
37 202
37 213
37 214
37 221
37 224
37 229
37 230
37 231
37 261
37 263
37 271
37 281
37 291
37 294
37 310
37 312
37 319
37 337
37 347
38 78
38 84
38 106
38 113
38 115
38 117
38 120
38 126
38 129
38 146
38 166
38 181
38 191
38 210
38 211
38 213
38 216
38 235
38 237
38 245
38 246
38 248
38 257
38 266
38 271
38 274
38 283
38 293
38 305
38 311
38 334
38 338
38 344
38 348
39 55
39 56
39 69
39 86
39 87
39 97
39 112
39 128
39 146
39 160
39 162
39 182
39 189
39 215
39 219
39 220
39 223
39 236
39 244
39 249
39 253
39 289
39 292
39 295
39 304
39 310
39 317
39 318
39 322
39 332
39 336
39 337
39 339
39 344
40 44
40 47
40 60
40 65
40 68
40 87
40 118
40 119
40 122
40 135
40 137
40 139
40 144
40 153
40 231
40 239
40 246
40 257
40 261
40 277
40 288
40 299
40 303
40 306
40 318
40 338
40 344
41 46
41 57
41 60
41 61
41 69
41 88
41 95
41 122
41 158
41 163
41 169
41 189
41 222
41 230
41 246
41 248
41 250
41 287
41 294
41 301
41 306
41 320
41 323
41 324
41 334
41 337
41 345
42 57
42 69
42 76
42 87
42 96
42 100
42 101
42 114
42 130
42 135
42 137
42 169
42 178
42 189
42 205
42 213
42 216
42 226
42 255
42 260
42 277
42 283
42 295
42 311
42 319
42 334
42 337
43 48
43 64
43 69
43 110
43 137
43 143
43 151
43 174
43 176
43 197
43 215
43 238
43 253
43 254
43 257
43 263
43 278
43 286
43 294
43 304
43 307
43 316
43 321
43 323
43 333
43 345
44 67
44 69
44 72
44 91
44 108
44 119
44 128
44 138
44 147
44 157
44 163
44 165
44 169
44 206
44 214
44 215
44 219
44 233
44 235
44 247
44 248
44 250
44 277
44 284
44 287
44 296
44 299
44 306
44 307
44 331
44 333
44 338
44 346
44 348
45 46
45 52
45 70
45 76
45 77
45 79
45 80
45 87
45 95
45 122
45 123
45 127
45 130
45 150
45 156
45 160
45 170
45 176
45 178
45 182
45 183
45 203
45 213
45 237
45 253
45 255
45 260
45 288
45 300
45 323
45 330
45 349
46 55
46 57
46 69
46 74
46 77
46 85
46 104
46 106
46 121
46 127
46 130
46 146
46 152
46 153
46 164
46 167
46 173
46 186
46 199
46 223
46 245
46 246
46 260
46 309
46 323
46 328
46 340
46 342
47 94
47 106
47 118
47 120
47 122
47 136
47 141
47 154
47 156
47 158
47 167
47 197
47 204
47 206
47 219
47 228
47 229
47 258
47 272
47 281
47 291
47 308
47 309
47 313
47 321
47 327
47 329
47 331
48 56
48 57
48 62
48 70
48 75
48 77
48 111
48 115
48 137
48 141
48 152
48 165
48 175
48 179
48 182
48 187
48 200
48 207
48 229
48 231
48 248
48 253
48 260
48 267
48 274
48 275
48 321
48 338
48 342
48 345
49 61
49 73
49 80
49 83
49 94
49 108
49 114
49 119
49 134
49 147
49 150
49 152
49 171
49 210
49 223
49 232
49 241
49 243
49 253
49 265
49 267
49 268
49 271
49 273
49 308
49 312
49 318
49 329
50 56
50 60
50 69
50 96
50 121
50 135
50 136
50 148
50 177
50 186
50 192
50 193
50 210
50 217
50 228
50 257
50 258
50 262
50 264
50 269
50 271
50 277
50 285
50 286
50 296
50 299
50 316
50 323
50 328
51 56
51 62
51 63
51 75
51 85
51 86
51 104
51 117
51 118
51 123
51 134
51 138
51 141
51 147
51 167
51 168
51 170
51 179
51 181
51 183
51 190
51 200
51 204
51 206
51 210
51 245
51 266
51 275
51 279
51 305
51 311
51 317
51 324
51 331
51 341
51 342
52 60
52 74
52 87
52 113
52 140
52 149
52 169
52 179
52 182
52 190
52 193
52 205
52 206
52 229
52 231
52 241
52 248
52 260
52 289
52 294
52 309
52 316
52 334
53 59
53 64
53 66
53 67
53 76
53 88
53 94
53 97
53 117
53 137
53 162
53 172
53 175
53 184
53 185
53 194
53 199
53 228
53 232
53 242
53 247
53 251
53 254
53 262
53 268
53 284
53 319
53 322
53 324
53 339
53 343
54 56
54 79
54 84
54 85
54 87
54 104
54 107
54 109
54 114
54 127
54 129
54 143
54 154
54 163
54 174
54 189
54 201
54 215
54 216
54 229
54 236
54 237
54 246
54 247
54 266
54 267
54 273
54 274
54 286
54 299
54 302
54 305
54 306
54 326
54 327
54 328
54 332
54 339
54 342
55 70
55 75
55 83
55 95
55 114
55 118
55 125
55 149
55 156
55 157
55 160
55 161
55 164
55 182
55 184
55 191
55 203
55 208
55 230
55 247
55 260
55 263
55 269
55 272
55 278
55 279
55 283
55 318
55 320
55 330
55 343
56 93
56 108
56 109
56 143
56 145
56 146
56 166
56 183
56 184
56 185
56 204
56 206
56 208
56 209
56 214
56 220
56 261
56 263
56 276
56 284
56 292
56 301
56 305
56 309
56 311
56 335
57 61
57 82
57 97
57 107
57 110
57 116
57 120
57 123
57 135
57 141
57 162
57 187
57 188
57 190
57 194
57 196
57 199
57 206
57 210
57 215
57 216
57 227
57 229
57 233
57 249
57 259
57 261
57 262
57 266
57 272
57 287
57 294
57 312
57 315
57 332
57 343
57 348
58 68
58 70
58 92
58 99
58 103
58 106
58 109
58 117
58 143
58 154
58 170
58 185
58 188
58 192
58 198
58 230
58 231
58 253
58 267
58 290
58 292
58 323
58 345
58 349
59 66
59 74
59 101
59 115
59 125
59 137
59 154
59 157
59 161
59 163
59 166
59 183
59 193
59 196
59 208
59 223
59 234
59 240
59 255
59 281
59 285
59 293
59 300
59 312
59 320
59 325
59 333
60 83
60 102
60 107
60 110
60 115
60 145
60 156
60 162
60 163
60 173
60 187
60 197
60 214
60 219
60 221
60 224
60 230
60 239
60 250
60 252
60 254
60 264
60 268
60 275
60 280
60 299
60 320
60 331
60 334
60 335
61 65
61 69
61 74
61 79
61 81
61 84
61 86
61 87
61 98
61 109
61 129
61 132
61 158
61 161
61 163
61 201
61 211
61 222
61 223
61 224
61 236
61 240
61 245
61 251
61 258
61 293
61 307
61 333
62 69
62 70
62 91
62 92
62 117
62 119
62 139
62 140
62 162
62 164
62 174
62 183
62 191
62 194
62 210
62 215
62 219
62 228
62 249
62 278
62 280
62 309
62 318
62 322
63 67
63 69
63 78
63 92
63 93
63 100
63 122
63 128
63 148
63 165
63 174
63 176
63 194
63 209
63 216
63 230
63 232
63 242
63 258
63 282
63 289
63 298
63 309
63 328
63 334
64 72
64 79
64 99
64 103
64 113
64 133
64 136
64 150
64 152
64 172
64 177
64 184
64 199
64 211
64 217
64 229
64 258
64 260
64 263
64 271
64 281
64 292
64 296
64 298
64 304
64 308
64 310
64 314
64 320
64 321
64 331
65 71
65 84
65 91
65 98
65 101
65 102
65 135
65 138
65 145
65 163
65 164
65 165
65 172
65 186
65 190
65 204
65 232
65 250
65 253
65 258
65 266
65 273
65 294
65 307
65 308
65 320
65 321
65 328
65 334
65 344
65 347
66 72
66 95
66 104
66 108
66 110
66 117
66 125
66 130
66 144
66 166
66 167
66 176
66 184
66 196
66 206
66 215
66 228
66 233
66 237
66 245
66 252
66 255
66 257
66 277
66 278
66 279
66 281
66 282
66 291
66 292
66 315
66 318
66 323
66 324
66 325
66 338
66 340
66 349
67 71
67 84
67 98
67 144
67 146
67 169
67 170
67 182
67 244
67 248
67 252
67 265
67 287
67 289
67 294
67 300
67 303
67 321
67 331
67 333
67 335
68 71
68 80
68 101
68 109
68 112
68 114
68 124
68 148
68 159
68 161
68 175
68 191
68 200
68 240
68 244
68 246
68 248
68 251
68 258
68 265
68 266
68 275
68 285
68 300
68 329
68 330
68 339
68 342
68 348
68 349
69 78
69 83
69 90
69 137
69 138
69 172
69 194
69 195
69 203
69 205
69 226
69 232
69 235
69 237
69 239
69 242
69 243
69 248
69 249
69 264
69 279
69 283
69 300
69 315
69 321
69 331
70 74
70 77
70 84
70 91
70 103
70 130
70 133
70 142
70 150
70 165
70 177
70 215
70 231
70 240
70 248
70 254
70 261
70 281
70 283
70 300
70 318
70 328
70 334
70 345
70 349
71 75
71 85
71 87
71 89
71 103
71 115
71 122
71 127
71 138
71 144
71 150
71 156
71 163
71 176
71 177
71 179
71 195
71 210
71 212
71 214
71 218
71 229
71 233
71 249
71 254
71 259
71 265
71 268
71 274
71 293
71 300
71 302
71 309
71 325
72 74
72 80
72 110
72 145
72 176
72 177
72 189
72 202
72 212
72 213
72 230
72 231
72 235
72 250
72 262
72 285
72 296
72 299
72 309
73 74
73 78
73 83
73 84
73 87
73 90
73 92
73 93
73 102
73 103
73 106
73 123
73 152
73 155
73 156
73 162
73 203
73 247
73 249
73 254
73 257
73 278
73 286
73 288
73 320
73 332
73 346
74 76
74 78
74 86
74 99
74 104
74 110
74 112
74 115
74 117
74 124
74 136
74 167
74 173
74 185
74 196
74 201
74 204
74 210
74 211
74 222
74 226
74 230
74 280
74 281
74 283
74 285
74 296
74 300
74 316
74 319
75 79
75 86
75 87
75 92
75 93
75 100
75 113
75 115
75 132
75 199
75 201
75 206
75 224
75 240
75 256
75 280
75 282
75 296
75 297
75 304
75 312
75 321
75 342
76 78
76 89
76 97
76 106
76 111
76 117
76 123
76 130
76 136
76 145
76 153
76 163
76 177
76 186
76 189
76 190
76 191
76 202
76 225
76 226
76 241
76 250
76 256
76 288
76 301
76 302
76 309
76 314
76 316
76 317
76 337
76 349
77 80
77 88
77 94
77 113
77 128
77 141
77 149
77 161
77 177
77 192
77 202
77 205
77 214
77 239
77 246
77 279
77 297
77 300
77 303
77 311
77 327
77 330
77 340
77 341
77 342
77 345
77 348
78 81
78 85
78 118
78 119
78 125
78 128
78 137
78 142
78 143
78 154
78 156
78 167
78 169
78 172
78 175
78 177
78 184
78 194
78 208
78 210
78 235
78 250
78 262
78 276
78 288
78 313
78 316
78 318
78 321
78 327
79 83
79 89
79 95
79 118
79 134
79 135
79 151
79 157
79 164
79 168
79 192
79 203
79 224
79 231
79 235
79 248
79 261
79 262
79 266
79 270
79 272
79 287
79 297
79 313
79 317
79 333
80 84
80 93
80 135
80 147
80 148
80 160
80 177
80 178
80 180
80 185
80 192
80 213
80 231
80 237
80 244
80 247
80 252
80 291
80 302
80 308
80 316
80 323
80 328
80 331
81 82
81 89
81 116
81 117
81 138
81 142
81 150
81 161
81 163
81 176
81 200
81 204
81 207
81 212
81 215
81 224
81 229
81 255
81 265
81 273
81 277
81 284
81 289
81 294
81 297
81 307
81 311
81 320
81 329
81 338
82 97
82 109
82 110
82 136
82 137
82 140
82 142
82 145
82 156
82 166
82 178
82 186
82 231
82 252
82 253
82 262
82 275
82 280
82 282
82 290
82 318
83 100
83 109
83 123
83 126
83 159
83 165
83 203
83 205
83 208
83 234
83 248
83 259
83 287
83 290
83 294
83 326
84 95
84 98
84 112
84 118
84 119
84 120
84 132
84 136
84 139
84 151
84 163
84 174
84 194
84 207
84 213
84 222
84 223
84 229
84 237
84 246
84 255
84 297
84 305
84 314
84 340
85 86
85 99
85 105
85 116
85 124
85 137
85 148
85 157
85 168
85 181
85 189
85 207
85 215
85 219
85 223
85 241
85 244
85 263
85 289
85 293
85 295
85 299
85 313
85 333
85 336
86 92
86 93
86 110
86 127
86 139
86 150
86 178
86 187
86 196
86 201
86 222
86 232
86 234
86 237
86 256
86 267
86 271
86 281
86 284
86 287
86 301
86 332
86 345
87 97
87 106
87 110
87 111
87 113
87 114
87 128
87 130
87 131
87 141
87 148
87 149
87 156
87 161
87 170
87 188
87 192
87 199
87 206
87 216
87 223
87 227
87 229
87 272
87 276
87 287
87 296
87 341
87 343
88 94
88 107
88 119
88 122
88 155
88 163
88 179
88 186
88 197
88 201
88 244
88 258
88 261
88 287
88 288
88 298
88 303
88 305
88 312
88 341
88 342
88 345
88 348
89 103
89 109
89 120
89 127
89 157
89 158
89 161
89 166
89 167
89 175
89 178
89 179
89 184
89 192
89 195
89 196
89 216
89 225
89 226
89 239
89 252
89 268
89 275
89 294
89 308
89 309
89 313
89 322
89 323
89 343
89 348
90 93
90 100
90 138
90 149
90 150
90 155
90 162
90 191
90 194
90 197
90 206
90 218
90 230
90 236
90 248
90 277
90 293
90 305
90 311
90 341
91 99
91 107
91 115
91 134
91 136
91 138
91 140
91 157
91 176
91 205
91 211
91 214
91 216
91 218
91 247
91 266
91 274
91 275
91 290
91 305
91 323
91 331
91 332
91 334
91 340
92 93
92 120
92 128
92 132
92 138
92 146
92 151
92 191
92 218
92 225
92 228
92 236
92 247
92 254
92 255
92 266
92 267
92 277
92 292
92 294
92 301
92 332
92 336
92 339
92 340
93 97
93 99
93 108
93 116
93 136
93 140
93 141
93 143
93 159
93 175
93 179
93 180
93 188
93 196
93 212
93 224
93 227
93 249
93 250
93 253
93 261
93 270
93 273
93 277
93 281
93 290
93 291
93 302
93 303
93 307
93 308
93 309
93 310
93 315
93 320
93 336
93 348
94 96
94 100
94 104
94 106
94 110
94 134
94 142
94 143
94 145
94 158
94 161
94 179
94 197
94 205
94 210
94 220
94 226
94 230
94 252
94 253
94 260
94 277
94 279
94 289
94 309
94 311
94 313
94 322
94 328
94 339
95 107
95 111
95 112
95 117
95 140
95 144
95 170
95 176
95 182
95 187
95 195
95 238
95 270
95 273
95 274
95 295
95 309
95 310
95 311
95 337
96 97
96 109
96 112
96 113
96 129
96 130
96 133
96 153
96 157
96 186
96 192
96 204
96 216
96 222
96 231
96 244
96 246
96 255
96 290
96 293
96 294
96 301
96 304
96 307
96 320
96 335
97 100
97 109
97 131
97 134
97 146
97 152
97 157
97 159
97 180
97 184
97 185
97 187
97 191
97 196
97 207
97 214
97 221
97 231
97 237
97 247
97 261
97 273
97 274
97 276
97 285
97 290
97 307
97 332
97 333
97 342
97 347
98 103
98 104
98 116
98 128
98 131
98 143
98 147
98 149
98 156
98 163
98 165
98 182
98 185
98 192
98 206
98 208
98 215
98 217
98 224
98 255
98 293
98 294
98 301
98 310
98 321
98 322
98 324
98 335
98 339
98 347
99 165
99 167
99 170
99 179
99 180
99 184
99 194
99 203
99 209
99 211
99 233
99 234
99 238
99 260
99 263
99 265
99 268
99 274
99 284
99 307
99 321
99 333
99 336
100 125
100 131
100 132
100 146
100 191
100 194
100 209
100 218
100 245
100 246
100 283
100 302
100 320
100 335
101 104
101 113
101 137
101 140
101 144
101 147
101 152
101 158
101 171
101 174
101 186
101 213
101 215
101 233
101 238
101 279
101 303
101 307
101 313
101 322
101 327
101 333
101 344
101 348
102 103
102 111
102 116
102 118
102 131
102 135
102 137
102 138
102 142
102 154
102 176
102 188
102 199
102 208
102 210
102 227
102 230
102 242
102 244
102 252
102 261
102 272
102 279
102 293
102 298
102 304
102 309
102 314
102 331
102 333
102 336
102 348
103 108
103 111
103 123
103 132
103 143
103 166
103 169
103 170
103 186
103 189
103 197
103 205
103 213
103 227
103 233
103 234
103 239
103 259
103 262
103 292
103 305
103 319
103 332
103 336
104 109
104 136
104 144
104 148
104 151
104 157
104 169
104 171
104 172
104 183
104 193
104 200
104 216
104 232
104 241
104 247
104 253
104 257
104 278
104 297
104 298
104 300
104 311
104 318
104 329
104 334
104 335
105 124
105 134
105 136
105 143
105 146
105 156
105 161
105 166
105 196
105 215
105 238
105 254
105 264
105 267
105 268
105 271
105 294
105 315
105 317
105 319
105 325
105 338
105 341
105 347
105 349
106 119
106 134
106 138
106 140
106 154
106 169
106 173
106 178
106 213
106 220
106 226
106 232
106 235
106 245
106 249
106 251
106 254
106 255
106 264
106 271
106 281
106 305
106 325
106 326
106 327
106 334
106 337
107 117
107 142
107 156
107 158
107 178
107 188
107 190
107 196
107 197
107 223
107 236
107 254
107 259
107 268
107 278
107 283
107 293
107 297
107 316
107 337
107 348
108 109
108 125
108 133
108 142
108 145
108 160
108 162
108 179
108 190
108 210
108 231
108 235
108 236
108 251
108 257
108 272
108 293
108 294
108 315
108 322
108 328
108 340
108 344
109 117
109 121
109 127
109 131
109 132
109 161
109 173
109 174
109 184
109 190
109 199
109 201
109 210
109 225
109 234
109 235
109 240
109 263
109 272
109 276
109 285
109 288
109 308
109 317
109 326
109 346
110 115
110 130
110 134
110 138
110 149
110 157
110 161
110 162
110 167
110 172
110 178
110 195
110 197
110 199
110 230
110 239
110 241
110 266
110 281
110 283
110 299
110 305
110 311
110 338
111 128
111 157
111 173
111 178
111 185
111 223
111 226
111 229
111 233
111 239
111 240
111 242
111 247
111 269
111 315
111 332
111 340
111 347
111 349
112 125
112 141
112 148
112 169
112 174
112 178
112 192
112 198
112 204
112 234
112 235
112 264
112 282
112 292
112 293
112 304
112 308
112 313
112 322
112 324
112 341
112 347
113 117
113 121
113 122
113 130
113 132
113 143
113 157
113 164
113 181
113 188
113 192
113 195
113 197
113 200
113 203
113 204
113 208
113 227
113 234
113 242
113 259
113 266
113 284
113 296
113 302
113 307
113 310
113 315
114 115
114 124
114 127
114 130
114 133
114 134
114 144
114 150
114 159
114 165
114 169
114 171
114 183
114 198
114 211
114 219
114 220
114 234
114 243
114 249
114 250
114 260
114 264
114 274
114 284
114 287
114 327
114 344
115 119
115 125
115 137
115 149
115 150
115 153
115 156
115 168
115 179
115 186
115 189
115 191
115 208
115 221
115 228
115 235
115 236
115 240
115 271
115 272
115 273
115 279
115 293
115 294
115 310
115 311
115 320
115 327
115 331
116 120
116 138
116 141
116 144
116 147
116 149
116 151
116 159
116 162
116 178
116 181
116 212
116 260
116 262
116 267
116 270
116 274
116 276
116 291
116 312
116 336
116 337
116 338
117 118
117 156
117 164
117 172
117 195
117 213
117 223
117 226
117 260
117 283
117 290
117 294
117 300
117 317
117 325
117 331
117 341
117 348
118 138
118 139
118 142
118 147
118 149
118 152
118 172
118 175
118 177
118 182
118 186
118 188
118 191
118 201
118 204
118 212
118 254
118 264
118 266
118 278
118 298
118 299
118 312
119 121
119 131
119 147
119 173
119 185
119 200
119 210
119 212
119 233
119 238
119 268
119 276
119 282
119 283
119 287
119 290
119 305
119 306
119 310
119 314
119 315
119 343
119 345
120 135
120 145
120 153
120 156
120 176
120 183
120 207
120 211
120 221
120 228
120 245
120 248
120 253
120 263
120 285
120 290
120 333
120 336
121 124
121 125
121 143
121 155
121 165
121 180
121 192
121 224
121 232
121 234
121 246
121 263
121 272
121 290
121 293
121 297
121 300
121 301
121 349
122 126
122 128
122 133
122 139
122 153
122 169
122 186
122 188
122 206
122 214
122 231
122 237
122 246
122 253
122 255
122 256
122 265
122 278
122 283
122 285
122 292
122 293
122 299
122 317
122 324
122 341
122 342
122 343
122 348
123 125
123 139
123 154
123 163
123 165
123 172
123 180
123 200
123 201
123 203
123 210
123 222
123 244
123 256
123 257
123 271
123 291
123 293
123 305
123 316
123 330
123 334
123 346
124 134
124 140
124 147
124 155
124 157
124 161
124 180
124 188
124 189
124 191
124 193
124 195
124 199
124 206
124 212
124 217
124 218
124 242
124 251
124 266
124 267
124 270
124 271
124 288
124 308
124 312
124 318
124 322
124 325
124 332
124 343
124 347
125 131
125 134
125 151
125 157
125 162
125 181
125 191
125 199
125 202
125 254
125 256
125 279
125 280
125 283
125 300
125 302
125 306
125 309
125 312
125 329
125 337
126 141
126 151
126 152
126 161
126 165
126 168
126 190
126 193
126 215
126 239
126 241
126 244
126 246
126 261
126 265
126 268
126 276
126 298
126 305
126 333
126 337
127 128
127 133
127 147
127 158
127 182
127 186
127 195
127 203
127 213
127 220
127 235
127 250
127 254
127 276
127 277
127 278
127 291
127 304
127 305
127 316
127 331
127 340
128 138
128 144
128 159
128 165
128 186
128 195
128 218
128 220
128 223
128 237
128 269
128 283
128 284
128 289
128 313
129 152
129 175
129 178
129 180
129 182
129 196
129 223
129 224
129 226
129 234
129 237
129 244
129 258
129 259
129 272
129 273
129 296
129 307
130 139
130 146
130 149
130 168
130 170
130 171
130 186
130 188
130 191
130 207
130 208
130 220
130 226
130 237
130 239
130 245
130 256
130 290
130 298
130 306
130 308
130 311
130 312
130 318
130 332
130 333
131 136
131 160
131 188
131 195
131 199
131 204
131 226
131 237
131 284
131 293
131 300
131 308
131 318
131 319
131 322
131 325
131 334
131 337
131 339
131 349
132 142
132 154
132 162
132 166
132 178
132 185
132 205
132 212
132 213
132 217
132 221
132 227
132 279
132 284
132 285
132 288
132 290
132 293
132 303
132 304
132 308
132 311
132 322
132 328
132 329
132 338
132 339
132 343
132 347
133 140
133 142
133 144
133 150
133 153
133 158
133 160
133 164
133 165
133 170
133 176
133 183
133 185
133 186
133 188
133 215
133 225
133 242
133 264
133 277
133 284
133 286
133 291
133 323
133 326
133 340
134 159
134 163
134 177
134 185
134 187
134 192
134 229
134 233
134 234
134 260
134 261
134 284
134 301
134 313
134 318
134 328
134 333
134 345
135 144
135 174
135 191
135 195
135 196
135 223
135 230
135 236
135 246
135 277
135 278
135 280
135 292
135 300
135 303
135 304
135 305
135 307
135 330
135 339
135 347
136 169
136 170
136 180
136 208
136 210
136 213
136 227
136 241
136 265
136 285
136 291
136 307
136 317
136 325
136 345
136 347
137 146
137 149
137 153
137 169
137 171
137 195
137 204
137 216
137 230
137 248
137 256
137 261
137 267
137 281
137 286
137 291
137 297
137 299
137 301
137 327
137 335
137 336
137 343
138 144
138 148
138 180
138 184
138 186
138 188
138 209
138 235
138 248
138 258
138 271
138 274
138 289
138 306
138 315
138 324
138 327
138 336
138 343
138 346
139 161
139 163
139 167
139 182
139 196
139 200
139 209
139 214
139 223
139 234
139 240
139 243
139 289
139 292
139 295
139 347
140 157
140 171
140 193
140 211
140 221
140 242
140 251
140 257
140 259
140 262
140 277
140 284
140 299
140 314
140 319
140 344
141 153
141 156
141 168
141 182
141 186
141 188
141 191
141 246
141 247
141 249
141 257
141 285
141 291
141 302
141 311
141 329
141 336
141 337
142 143
142 152
142 176
142 184
142 185
142 186
142 188
142 191
142 195
142 208
142 214
142 217
142 224
142 225
142 240
142 241
142 251
142 282
142 283
142 303
142 305
142 306
142 312
142 320
142 337
142 339
142 340
143 144
143 152
143 153
143 157
143 175
143 184
143 211
143 215
143 217
143 218
143 260
143 262
143 264
143 272
143 276
143 277
143 293
143 295
143 303
143 306
143 311
143 315
143 316
143 333
144 148
144 158
144 160
144 193
144 212
144 222
144 225
144 228
144 231
144 239
144 250
144 263
144 266
144 274
144 306
144 307
144 312
144 315
144 317
144 324
144 339
145 146
145 155
145 183
145 191
145 192
145 193
145 199
145 200
145 212
145 214
145 217
145 224
145 225
145 234
145 244
145 251
145 264
145 293
145 294
145 299
145 301
145 315
145 319
145 322
145 326
145 329
145 334
145 344
145 348
146 163
146 167
146 168
146 179
146 190
146 200
146 203
146 212
146 244
146 254
146 265
146 273
146 307
146 319
146 344
147 149
147 167
147 192
147 198
147 212
147 230
147 238
147 240
147 243
147 252
147 259
147 273
147 287
147 296
147 297
147 325
147 336
147 338
147 343
148 154
148 159
148 160
148 163
148 168
148 188
148 196
148 197
148 206
148 208
148 217
148 223
148 224
148 236
148 249
148 262
148 275
148 278
148 283
148 286
148 287
148 288
148 317
148 339
148 343
149 155
149 160
149 174
149 200
149 207
149 208
149 218
149 220
149 233
149 249
149 254
149 269
149 287
149 305
149 326
149 328
149 344
150 153
150 162
150 173
150 176
150 183
150 190
150 213
150 217
150 228
150 233
150 251
150 258
150 273
150 274
150 277
150 310
150 316
150 334
150 340
150 346
151 157
151 163
151 180
151 186
151 204
151 225
151 227
151 236
151 254
151 269
151 273
151 294
151 302
151 304
151 312
151 313
151 314
151 324
152 153
152 159
152 162
152 172
152 198
152 206
152 210
152 221
152 231
152 250
152 257
152 259
152 264
152 268
152 269
152 289
152 299
152 304
152 308
152 312
152 315
152 330
152 332
152 334
153 157
153 167
153 175
153 176
153 194
153 198
153 202
153 223
153 230
153 236
153 237
153 249
153 265
153 278
153 291
153 299
153 301
153 304
153 307
153 308
153 319
153 330
153 339
153 347
154 158
154 192
154 196
154 216
154 225
154 248
154 257
154 260
154 265
154 270
154 279
154 314
154 328
154 334
154 340
154 347
155 168
155 174
155 175
155 203
155 205
155 213
155 215
155 244
155 247
155 259
155 292
155 295
155 299
155 310
155 314
155 324
155 328
155 341
156 157
156 162
156 186
156 202
156 211
156 233
156 234
156 240
156 241
156 254
156 258
156 268
156 280
156 287
156 296
156 297
156 299
156 304
156 316
156 319
156 320
156 323
156 329
156 345
157 172
157 173
157 178
157 184
157 208
157 212
157 222
157 229
157 256
157 257
157 265
157 272
157 285
157 286
157 305
157 306
157 311
157 312
157 323
157 326
157 327
157 332
157 334
157 343
158 161
158 164
158 175
158 176
158 196
158 239
158 247
158 254
158 279
158 285
158 311
158 313
158 318
158 324
158 337
158 341
159 160
159 186
159 194
159 215
159 237
159 278
159 285
159 289
159 297
159 298
159 307
159 308
159 312
159 316
159 326
160 166
160 174
160 178
160 187
160 203
160 206
160 215
160 221
160 269
160 316
160 332
160 348
161 171
161 179
161 190
161 202
161 203
161 205
161 218
161 224
161 247
161 253
161 297
161 304
161 323
161 325
161 334
161 348
162 178
162 184
162 185
162 203
162 208
162 217
162 222
162 268
162 269
162 303
162 304
162 321
162 325
162 327
162 328
162 332
162 335
162 342
163 164
163 172
163 194
163 215
163 242
163 250
163 269
163 272
163 279
163 290
163 294
163 301
163 336
163 338
163 342
163 346
164 167
164 176
164 188
164 190
164 200
164 220
164 233
164 241
164 243
164 274
164 286
164 291
164 305
164 316
164 320
164 328
164 329
164 334
164 344
164 349
165 175
165 196
165 207
165 209
165 215
165 217
165 227
165 240
165 241
165 260
165 261
165 273
165 279
165 294
165 301
165 308
165 313
165 318
165 331
166 178
166 228
166 236
166 237
166 261
166 280
166 286
166 308
166 313
166 323
167 171
167 185
167 188
167 195
167 202
167 213
167 214
167 236
167 246
167 268
167 271
167 272
167 285
167 316
167 317
167 318
167 326
167 331
167 347
168 170
168 175
168 187
168 250
168 272
168 294
168 309
168 325
168 327
168 331
168 336
168 341
168 345
168 346
169 182
169 185
169 190
169 197
169 216
169 224
169 234
169 253
169 279
169 284
169 310
169 329
169 336
169 337
169 338
170 172
170 183
170 198
170 202
170 207
170 209
170 210
170 212
170 220
170 222
170 229
170 233
170 244
170 248
170 254
170 261
170 269
170 281
170 286
170 289
170 319
170 329
170 335
171 177
171 180
171 187
171 201
171 206
171 218
171 228
171 250
171 269
171 281
171 294
171 318
171 328
171 335
171 340
171 341
172 181
172 184
172 187
172 188
172 200
172 212
172 215
172 217
172 222
172 229
172 231
172 273
172 292
172 298
172 299
172 300
172 301
172 302
172 311
172 316
172 318
172 321
172 332
173 182
173 202
173 214
173 215
173 248
173 278
173 290
173 291
173 304
173 306
173 329
174 178
174 184
174 186
174 196
174 199
174 243
174 248
174 253
174 272
174 274
174 279
174 282
174 295
174 300
174 303
174 304
174 306
174 308
174 323
175 183
175 208
175 209
175 215
175 220
175 243
175 253
175 272
175 276
175 279
175 295
175 302
175 304
175 316
175 330
175 341
176 188
176 195
176 207
176 210
176 219
176 254
176 265
176 268
176 277
176 281
176 331
176 341
177 182
177 219
177 221
177 245
177 274
177 276
177 277
177 279
177 280
177 305
177 307
177 316
177 321
177 322
177 325
177 327
177 337
177 345
178 180
178 186
178 187
178 189
178 191
178 201
178 247
178 278
178 281
178 300
178 304
178 306
178 320
178 330
178 345
179 196
179 198
179 223
179 265
179 268
179 287
179 293
179 310
179 312
179 344
180 188
180 193
180 205
180 207
180 210
180 220
180 228
180 239
180 246
180 254
180 272
180 275
180 276
180 290
180 301
180 307
180 308
180 322
180 331
180 333
180 334
181 195
181 207
181 208
181 210
181 212
181 224
181 229
181 231
181 240
181 251
181 261
181 277
181 280
181 285
181 286
181 287
181 291
181 292
181 294
181 315
181 324
181 346
182 216
182 218
182 224
182 241
182 242
182 245
182 248
182 249
182 257
182 263
182 269
182 274
182 275
182 277
182 332
182 337
182 342
183 191
183 226
183 234
183 241
183 254
183 256
183 262
183 266
183 268
183 270
183 290
183 298
183 300
183 310
183 313
183 334
184 194
184 205
184 214
184 218
184 219
184 226
184 228
184 235
184 244
184 246
184 266
184 276
184 286
184 309
184 310
185 200
185 208
185 213
185 215
185 219
185 223
185 233
185 238
185 260
185 274
185 288
185 293
185 329
186 217
186 232
186 235
186 257
186 325
186 338
186 340
186 342
187 208
187 210
187 212
187 218
187 221
187 250
187 273
187 275
187 331
187 334
188 190
188 243
188 250
188 252
188 258
188 271
188 276
188 277
188 298
188 312
188 345
189 195
189 210
189 218
189 219
189 254
189 272
189 293
189 295
189 310
189 315
189 318
189 319
189 322
189 326
189 334
189 340
190 193
190 196
190 205
190 217
190 223
190 228
190 230
190 234
190 244
190 246
190 255
190 308
190 322
190 326
190 327
191 197
191 202
191 229
191 234
191 235
191 241
191 256
191 260
191 265
191 276
191 279
191 288
191 293
191 316
191 331
191 332
191 337
192 212
192 219
192 224
192 249
192 262
192 266
192 306
192 316
192 327
192 331
192 338
193 199
193 209
193 212
193 216
193 218
193 230
193 236
193 237
193 255
193 261
193 265
193 267
193 296
193 303
193 308
193 310
193 313
193 320
193 326
193 332
194 195
194 200
194 209
194 218
194 223
194 224
194 225
194 233
194 236
194 247
194 251
194 305
194 306
194 307
194 308
194 310
194 313
194 319
194 326
194 344
194 345
194 349
195 256
195 267
195 272
195 281
195 289
195 297
195 306
195 312
195 320
195 321
195 328
195 330
196 197
196 202
196 215
196 225
196 227
196 229
196 238
196 241
196 250
196 255
196 259
196 261
196 264
196 269
196 281
196 284
196 307
196 312
196 340
197 198
197 201
197 202
197 211
197 253
197 284
197 298
197 304
197 314
197 336
197 343
197 345
198 200
198 201
198 217
198 220
198 233
198 238
198 246
198 247
198 250
198 255
198 300
198 309
198 311
198 313
198 322
198 325
198 329
198 340
198 348
198 349
199 200
199 202
199 226
199 247
199 255
199 259
199 269
199 276
199 277
199 278
199 286
199 293
199 294
199 298
199 308
199 313
199 324
199 326
199 329
200 214
200 230
200 232
200 238
200 240
200 242
200 245
200 249
200 250
200 253
200 255
200 257
200 260
200 263
200 274
200 288
200 293
200 298
200 300
200 305
200 307
200 311
200 313
200 319
200 329
200 330
200 337
201 205
201 207
201 212
201 236
201 238
201 248
201 250
201 255
201 272
201 289
201 323
202 205
202 230
202 233
202 259
202 265
202 288
202 291
202 317
202 318
202 344
203 206
203 215
203 217
203 227
203 231
203 237
203 255
203 256
203 270
203 273
203 279
203 287
203 289
203 300
203 309
203 313
203 316
203 332
204 225
204 233
204 234
204 241
204 269
204 299
204 300
204 317
204 333
204 337
204 348
205 221
205 228
205 237
205 242
205 253
205 256
205 276
205 277
205 284
205 285
205 288
205 297
205 317
205 328
205 330
205 339
205 341
205 348
206 225
206 239
206 242
206 256
206 268
206 271
206 275
206 301
206 304
206 312
206 313
206 314
206 315
206 331
207 221
207 223
207 236
207 238
207 241
207 259
207 283
207 287
207 288
207 290
207 312
207 337
207 339
207 340
207 343
208 216
208 218
208 220
208 223
208 229
208 236
208 237
208 244
208 253
208 261
208 265
208 271
208 286
208 297
208 334
209 217
209 233
209 235
209 238
209 259
209 294
209 302
209 303
209 306
209 319
209 324
209 349
210 212
210 214
210 225
210 228
210 236
210 237
210 245
210 263
210 264
210 302
210 304
210 305
210 308
210 311
210 320
210 332
210 333
210 334
210 336
211 222
211 239
211 255
211 269
211 273
211 282
211 309
211 332
211 337
211 348
212 216
212 218
212 224
212 228
212 271
212 293
212 296
212 319
212 323
212 338
213 221
213 226
213 227
213 250
213 258
213 280
213 282
213 298
213 300
213 323
213 326
213 328
213 330
213 343
213 344
214 235
214 244
214 247
214 265
214 277
214 310
214 317
214 319
214 328
214 337
214 339
214 342
214 348
215 218
215 220
215 243
215 272
215 281
215 283
215 297
215 300
215 322
215 330
215 332
215 337
215 345
216 226
216 232
216 241
216 245
216 253
216 269
216 301
216 303
216 306
216 308
216 318
216 322
216 340
216 344
217 232
217 238
217 282
217 294
217 300
217 301
217 332
217 349
218 221
218 230
218 232
218 243
218 255
218 266
218 269
218 298
218 313
218 320
219 226
219 241
219 244
219 250
219 251
219 262
219 265
219 276
219 284
219 285
219 296
219 303
219 304
219 308
219 318
219 344
220 245
220 263
220 265
220 270
220 273
220 287
220 289
220 299
220 308
220 311
220 314
220 335
221 224
221 225
221 257
221 279
221 303
221 309
221 320
221 326
221 336
221 338
222 229
222 250
222 251
222 252
222 269
222 289
222 297
222 304
222 307
222 317
222 335
223 229
223 242
223 262
223 263
223 303
223 310
223 324
223 332
223 338
223 348
224 233
224 235
224 243
224 250
224 252
224 260
224 305
224 309
224 311
224 315
224 346
225 227
225 261
225 283
225 285
225 296
225 312
225 315
225 340
225 341
225 344
225 347
226 228
226 250
226 260
226 277
226 285
226 293
226 315
227 231
227 241
227 252
227 255
227 258
227 271
227 273
227 319
227 324
227 340
227 349
228 236
228 250
228 264
228 267
228 269
228 271
228 331
229 232
229 235
229 238
229 241
229 250
229 259
229 296
229 307
229 316
229 317
229 323
229 345
230 275
230 282
230 295
230 299
230 309
230 313
230 316
230 328
230 341
230 348
231 239
231 253
231 255
231 260
231 271
231 279
231 280
231 300
231 301
231 311
231 316
231 320
231 322
231 323
231 327
231 335
231 340
231 349
232 245
232 246
232 255
232 279
232 281
232 286
232 290
232 301
232 313
232 316
232 326
233 245
233 261
233 262
233 273
233 275
233 284
233 285
233 289
233 300
233 301
233 314
233 321
233 339
233 347
234 248
234 270
234 273
234 280
234 284
234 290
234 291
234 306
234 310
234 318
234 325
234 333
234 346
235 242
235 245
235 258
235 260
235 283
235 288
235 306
235 314
235 338
235 344
235 346
235 348
236 238
236 247
236 258
236 261
236 262
236 263
236 265
236 266
236 277
236 283
236 290
236 294
236 318
236 335
236 348
237 242
237 248
237 254
237 259
237 261
237 263
237 333
237 348
238 248
238 255
238 258
238 260
238 275
238 283
238 286
238 307
238 309
238 326
239 254
239 268
239 283
239 285
239 310
239 315
239 316
239 322
239 327
240 267
240 268
240 310
240 332
240 340
240 345
241 242
241 246
241 253
241 282
241 284
241 306
241 308
241 333
241 337
241 344
242 262
242 274
242 285
242 286
242 305
242 306
242 324
242 325
242 332
243 250
243 251
243 253
243 267
243 277
243 278
243 280
243 284
243 299
243 306
243 308
243 319
243 326
243 330
243 343
244 247
244 267
244 271
244 287
244 290
244 294
244 300
244 313
244 324
244 332
244 336
244 349
245 252
245 265
245 275
245 277
245 287
245 290
245 298
245 301
245 312
245 313
245 319
245 324
245 328
245 331
245 344
246 251
246 257
246 261
246 263
246 265
246 307
246 324
246 325
246 344
247 250
247 268
247 297
247 298
247 324
247 327
247 339
247 345
248 251
248 280
248 291
248 308
248 327
248 341
248 349
249 261
249 286
249 313
249 328
249 335
250 271
250 279
250 300
250 307
250 308
250 316
250 317
250 325
250 329
251 256
251 261
251 267
251 269
251 274
251 292
251 293
251 297
251 317
251 324
251 341
252 254
252 263
252 276
252 302
252 327
252 343
253 259
253 270
253 273
253 287
253 293
253 301
253 306
254 255
254 273
254 285
254 288
254 305
254 306
254 308
254 327
254 334
255 259
255 262
255 269
255 275
255 276
255 288
255 292
255 294
255 299
255 311
255 314
255 349
256 266
256 267
256 307
256 312
256 317
256 328
256 334
256 336
256 342
256 343
257 263
257 275
257 289
257 293
257 294
257 299
257 313
257 324
257 335
258 266
258 270
258 273
258 274
258 275
258 278
258 288
258 290
258 291
258 305
258 312
258 321
258 322
258 337
259 264
259 278
259 288
259 299
259 301
259 303
259 317
259 322
259 342
259 348
260 264
260 279
260 281
260 284
260 295
260 337
261 283
261 300
261 312
261 322
262 265
262 268
262 276
262 278
262 279
262 303
262 306
262 318
262 335
262 345
263 270
263 289
263 290
263 316
263 319
263 328
263 345
263 347
264 299
264 335
265 269
265 285
265 288
265 312
265 328
265 329
265 345
265 348
266 270
266 272
266 278
266 297
266 302
266 304
266 311
266 318
266 323
266 348
266 349
267 270
267 272
267 277
267 290
267 300
267 310
267 341
268 274
268 282
268 290
268 294
268 306
268 313
268 326
268 337
268 342
268 349
269 279
269 287
269 294
269 296
269 301
269 306
269 329
269 338
269 340
269 343
270 281
270 296
270 302
270 314
270 315
270 322
270 333
270 338
270 347
270 348
271 279
271 287
271 292
271 303
271 328
272 276
272 310
272 327
272 331
272 342
272 343
273 276
273 285
273 304
273 309
273 311
273 316
273 336
274 283
274 294
274 302
274 303
274 330
274 338
274 342
274 349
275 281
275 288
275 294
275 298
275 331
275 336
275 339
275 343
276 283
276 288
276 290
276 296
276 319
276 322
276 327
277 280
277 284
277 288
277 299
277 301
277 302
277 306
277 319
277 320
277 325
277 335
277 339
278 282
278 296
278 314
278 316
278 344
279 286
279 291
279 306
279 315
279 325
279 345
279 346
280 282
280 287
280 295
280 307
280 308
280 309
280 323
280 337
281 285
281 289
281 290
281 294
281 299
281 335
282 284
282 289
282 292
282 313
282 322
282 331
282 339
282 345
283 289
283 290
283 297
283 298
283 309
283 316
283 317
283 319
283 322
283 339
283 347
283 348
284 293
284 303
284 307
284 321
284 322
284 331
284 339
284 348
285 300
285 301
285 302
285 312
285 314
285 324
285 330
285 346
286 289
286 298
286 322
286 327
287 290
287 302
287 327
287 337
287 339
288 302
288 333
288 344
289 312
289 336
289 339
289 342
290 295
290 298
290 302
290 310
290 326
290 342
290 347
291 298
291 304
291 311
291 316
291 340
291 344
291 346
292 298
292 305
292 310
292 312
292 339
292 349
293 294
293 299
293 315
293 337
293 338
294 319
294 320
294 337
294 342
295 310
295 320
295 331
295 333
295 347
296 297
296 300
296 316
296 329
296 331
296 334
296 335
296 339
296 342
297 298
297 317
297 335
297 347
298 303
298 306
298 314
298 316
298 341
298 345
299 311
299 322
299 323
299 335
299 343
300 314
300 319
300 324
300 327
300 335
300 347
301 325
301 338
302 317
302 319
302 328
303 328
303 333
303 336
303 345
303 349
304 305
304 308
304 316
304 322
304 328
304 330
304 332
305 307
305 320
305 329
306 308
306 311
306 312
306 321
306 330
306 338
306 348
307 311
307 321
307 343
307 348
308 317
308 344
309 310
309 311
309 312
309 317
309 318
310 334
310 336
310 340
310 342
310 345
311 312
311 349
312 320
312 326
312 330
313 321
313 324
313 347
313 348
314 326
314 335
314 339
314 340
314 344
314 347
315 326
316 322
316 323
316 330
316 348
317 331
317 343
317 348
317 349
318 320
318 338
319 330
319 331
319 338
319 349
320 335
320 342
321 326
321 335
321 338
322 339
323 337
323 342
323 348
324 344
325 327
325 328
325 329
325 336
325 339
327 346
328 333
329 330
329 334
329 345
329 346
330 335
331 343
331 345
331 346
332 346
333 337
333 346
334 337
334 347
336 349
337 348
338 348
339 345
341 347
344 347
345 348
346 348
25 276 343 84 303 8 341 141 301 270 152 136 20 209 321 48 227 154 346 281 201 178 248 37 274 17 348 147 314 224 173 296 39 128 307 155 172 72 216 110 168 300 52 206 342 58 220 13 32 333 122 169
261 108 24 251 269 135 247 15 38 298 34 235 177 259 255 208 150 36 22 277 217 312 297 165 299 90 98 181 233 221 30 102 10 16 265 129 85 115 345 88 179 130 322 180 68 65 278 174 185 288 263 241
332 62 21 317 280 219 203 194 112 339 23 176 223 170 107 137 67 308 127 196 40 231 139 103 240 78 93 26 133 106 262 33 291 70 47 83 302 340 175 283 226 117 315 189 320 246 100 113 126 257 50 215
9 140 153 144 258 335 337 18 334 260 313 204 4 324 91 131 238 75 60 114 282 99 292 28 243 123 272 79 142 1 64 42 195 197 54 310 244 149 41 306 161 19 63 199 145 156 329 71 160 121 120 210
125 323 183 118 3 249 186 325 318 225 295 187 105 316 87 55 284 66 190 151 134 347 111 228 264 116 287 162 253 80 242 164 104 234 29 57 305 252 86 349 166 49 214 202 97 158 184 327 35 56 5 53
109 171 271 309 211 275 46 6 205 2 167 230 268 236 101 159 119 285 239 273 12 267 157 96 146 14 328 44 7 51 45 89 218 289 77 198 31 256 94 27 222 286 344 148 92 76 0 200 338 188 245 293
182 266 326 81 232 74 336 331 250 61 330 124 11 213 43 254 311 229 82 207 143 191 163 192 212 279 59 95 304 290 132 193 237 69 138 294 319 73
