350
6127
21
0 11
0 13
0 21
0 24
0 26
0 44
0 72
0 82
0 102
0 105
0 108
0 110
0 115
0 133
0 137
0 138
0 159
0 190
0 200
0 201
0 212
0 217
0 225
0 228
0 238
0 240
0 267
0 271
0 276
0 280
0 281
0 283
0 292
0 297
0 303
0 305
0 313
0 318
0 320
0 324
0 328
0 331
1 26
1 40
1 46
1 52
1 83
1 90
1 99
1 102
1 109
1 122
1 131
1 136
1 140
1 145
1 149
1 185
1 210
1 243
1 248
1 258
1 287
1 289
1 299
1 314
1 336
1 338
2 9
2 15
2 21
2 27
2 41
2 44
2 65
2 67
2 71
2 77
2 80
2 101
2 104
2 140
2 153
2 197
2 200
2 218
2 239
2 289
2 319
2 320
2 326
2 328
2 333
2 347
2 348
3 15
3 18
3 29
3 37
3 51
3 65
3 92
3 94
3 111
3 119
3 121
3 132
3 140
3 143
3 162
3 176
3 185
3 187
3 202
3 203
3 223
3 231
3 234
3 246
3 250
3 260
3 263
3 277
3 290
3 295
3 300
3 310
4 6
4 9
4 22
4 35
4 36
4 48
4 49
4 70
4 82
4 86
4 94
4 95
4 98
4 101
4 106
4 107
4 131
4 139
4 145
4 149
4 156
4 158
4 180
4 182
4 185
4 211
4 212
4 226
4 248
4 253
4 256
4 257
4 265
4 289
4 297
4 316
4 325
4 331
4 335
4 337
4 339
4 346
5 11
5 25
5 26
5 37
5 45
5 49
5 56
5 64
5 69
5 80
5 81
5 82
5 85
5 91
5 100
5 112
5 125
5 126
5 127
5 132
5 133
5 139
5 151
5 153
5 155
5 162
5 172
5 180
5 182
5 184
5 200
5 210
5 211
5 229
5 235
5 240
5 243
5 245
5 267
5 269
5 282
5 299
5 324
6 26
6 31
6 33
6 39
6 40
6 43
6 57
6 74
6 78
6 100
6 106
6 107
6 111
6 115
6 121
6 124
6 138
6 146
6 195
6 214
6 231
6 245
6 254
6 259
6 263
6 267
6 272
6 274
6 296
6 324
6 328
7 14
7 18
7 37
7 39
7 48
7 56
7 59
7 77
7 79
7 87
7 116
7 118
7 122
7 125
7 126
7 129
7 168
7 192
7 219
7 248
7 259
7 260
7 272
7 294
7 303
7 320
7 323
7 328
7 339
8 16
8 40
8 50
8 54
8 61
8 71
8 79
8 83
8 87
8 99
8 102
8 110
8 119
8 125
8 133
8 136
8 153
8 169
8 223
8 227
8 228
8 230
8 235
8 254
8 255
8 281
8 283
8 305
8 315
8 318
8 324
8 330
9 17
9 19
9 24
9 40
9 41
9 49
9 54
9 57
9 58
9 75
9 84
9 93
9 105
9 107
9 118
9 125
9 132
9 133
9 136
9 140
9 141
9 142
9 143
9 152
9 162
9 165
9 168
9 181
9 188
9 201
9 235
9 236
9 240
9 246
9 253
9 278
9 287
9 300
9 314
9 317
9 323
9 329
9 334
10 23
10 33
10 40
10 43
10 44
10 50
10 74
10 86
10 120
10 124
10 126
10 129
10 147
10 148
10 150
10 158
10 163
10 177
10 196
10 206
10 217
10 223
10 231
10 247
10 252
10 267
10 324
10 338
10 339
10 344
11 13
11 16
11 18
11 20
11 27
11 41
11 45
11 64
11 89
11 92
11 96
11 106
11 113
11 116
11 118
11 119
11 120
11 133
11 134
11 139
11 158
11 163
11 166
11 169
11 172
11 180
11 192
11 199
11 205
11 206
11 207
11 215
11 224
11 231
11 260
11 268
11 273
11 281
11 282
11 290
11 300
11 313
11 322
11 323
11 327
11 332
11 343
12 21
12 28
12 35
12 48
12 62
12 72
12 98
12 114
12 127
12 160
12 167
12 211
12 228
12 267
12 278
12 290
12 292
12 293
12 301
12 307
12 312
12 316
12 320
12 325
12 340
13 25
13 30
13 45
13 48
13 67
13 85
13 104
13 106
13 136
13 148
13 159
13 171
13 172
13 174
13 195
13 205
13 216
13 219
13 220
13 222
13 226
13 254
13 287
13 296
13 301
13 302
13 315
13 330
13 334
13 343
13 347
14 15
14 21
14 48
14 56
14 57
14 65
14 66
14 79
14 88
14 96
14 100
14 113
14 128
14 135
14 140
14 143
14 158
14 168
14 172
14 185
14 189
14 191
14 192
14 203
14 207
14 213
14 220
14 234
14 248
14 252
14 255
14 266
14 274
14 279
14 288
14 292
14 308
14 326
14 327
14 339
15 30
15 37
15 43
15 58
15 66
15 76
15 79
15 83
15 98
15 114
15 128
15 132
15 146
15 148
15 172
15 199
15 202
15 215
15 232
15 235
15 239
15 244
15 268
15 281
15 283
15 307
15 313
15 317
16 17
16 26
16 27
16 31
16 41
16 48
16 55
16 87
16 90
16 92
16 97
16 101
16 110
16 130
16 131
16 143
16 170
16 184
16 187
16 225
16 227
16 228
16 251
16 292
16 307
16 319
16 327
16 329
16 330
17 20
17 25
17 40
17 41
17 43
17 47
17 55
17 76
17 81
17 84
17 93
17 94
17 104
17 148
17 155
17 157
17 158
17 164
17 168
17 171
17 173
17 174
17 193
17 198
17 214
17 215
17 221
17 226
17 235
17 236
17 237
17 238
17 241
17 246
17 275
17 283
17 289
17 295
17 300
17 306
17 320
17 326
17 337
17 349
18 30
18 50
18 52
18 55
18 58
18 59
18 66
18 74
18 75
18 82
18 104
18 127
18 139
18 154
18 161
18 174
18 181
18 199
18 206
18 228
18 232
18 233
18 239
18 240
18 245
18 254
18 273
18 275
18 291
18 297
18 303
18 304
18 309
18 313
18 322
18 344
19 26
19 37
19 44
19 48
19 61
19 63
19 65
19 82
19 83
19 99
19 102
19 117
19 123
19 137
19 147
19 150
19 166
19 182
19 191
19 193
19 205
19 213
19 217
19 239
19 259
19 277
19 285
19 287
19 300
19 311
19 314
19 316
19 322
19 334
19 335
19 337
20 22
20 29
20 39
20 46
20 68
20 71
20 88
20 89
20 113
20 121
20 130
20 134
20 135
20 155
20 168
20 176
20 181
20 185
20 196
20 200
20 217
20 245
20 250
20 272
20 299
20 309
20 317
21 27
21 28
21 31
21 55
21 61
21 75
21 78
21 80
21 90
21 107
21 111
21 134
21 140
21 148
21 157
21 173
21 182
21 206
21 211
21 229
21 248
21 257
21 287
21 289
21 293
21 316
21 319
21 331
21 335
21 346
22 29
22 30
22 36
22 46
22 54
22 58
22 81
22 85
22 89
22 99
22 103
22 106
22 109
22 110
22 111
22 134
22 147
22 148
22 155
22 159
22 164
22 173
22 177
22 191
22 220
22 224
22 235
22 252
22 258
22 259
22 274
22 286
22 291
22 308
22 323
22 339
22 348
23 25
23 27
23 42
23 46
23 47
23 54
23 67
23 89
23 92
23 98
23 104
23 116
23 119
23 120
23 121
23 125
23 137
23 145
23 150
23 182
23 185
23 232
23 244
23 257
23 260
23 262
23 264
23 269
23 276
23 287
23 298
23 306
23 307
23 326
24 36
24 37
24 45
24 55
24 64
24 67
24 81
24 101
24 131
24 136
24 137
24 141
24 155
24 192
24 202
24 204
24 206
24 209
24 222
24 225
24 234
24 251
24 252
24 261
24 271
24 281
24 286
24 292
24 299
24 300
24 308
24 325
24 327
24 341
25 28
25 32
25 46
25 49
25 87
25 97
25 101
25 105
25 111
25 129
25 130
25 149
25 151
25 158
25 169
25 180
25 190
25 198
25 207
25 209
25 249
25 261
25 275
25 290
25 303
25 316
25 318
25 333
25 340
25 347
26 37
26 49
26 58
26 89
26 90
26 91
26 101
26 110
26 132
26 152
26 170
26 172
26 179
26 192
26 195
26 200
26 201
26 202
26 205
26 208
26 214
26 216
26 222
26 239
26 277
26 304
26 307
26 309
26 324
26 327
27 33
27 44
27 53
27 58
27 77
27 78
27 81
27 83
27 91
27 97
27 104
27 106
27 113
27 125
27 136
27 143
27 160
27 165
27 168
27 173
27 188
27 220
27 222
27 223
27 228
27 243
27 253
27 257
27 264
27 273
27 287
27 298
27 317
27 318
27 327
27 330
27 337
27 341
27 343
28 36
28 57
28 61
28 63
28 85
28 97
28 107
28 117
28 119
28 122
28 124
28 133
28 137
28 140
28 142
28 145
28 149
28 154
28 172
28 176
28 179
28 203
28 206
28 208
28 212
28 219
28 257
28 265
28 279
28 282
28 284
28 286
28 293
28 303
28 332
28 339
28 346
29 30
29 31
29 36
29 48
29 50
29 51
29 73
29 74
29 88
29 101
29 105
29 112
29 135
29 150
29 174
29 202
29 207
29 217
29 222
29 227
29 251
29 255
29 267
29 270
29 271
29 292
29 293
29 299
29 301
29 304
29 307
29 308
29 309
29 312
29 322
29 333
30 40
30 46
30 75
30 85
30 103
30 107
30 115
30 127
30 136
30 137
30 140
30 142
30 163
30 164
30 166
30 187
30 190
30 221
30 230
30 238
30 239
30 241
30 274
30 295
30 297
30 303
30 304
30 312
30 315
30 320
30 328
30 332
30 337
30 342
31 40
31 55
31 57
31 66
31 68
31 77
31 78
31 83
31 116
31 119
31 134
31 136
31 163
31 172
31 183
31 220
31 232
31 259
31 268
31 290
31 296
31 301
31 320
31 332
31 343
32 52
32 56
32 61
32 64
32 71
32 82
32 93
32 95
32 104
32 113
32 158
32 167
32 204
32 207
32 223
32 232
32 234
32 251
32 252
32 261
32 262
32 267
32 296
32 299
32 338
32 348
33 40
33 51
33 53
33 58
33 75
33 85
33 91
33 104
33 109
33 146
33 149
33 153
33 175
33 200
33 204
33 207
33 210
33 213
33 229
33 241
33 242
33 264
33 293
33 297
33 312
33 321
33 324
33 326
33 328
33 332
33 338
33 340
33 344
33 345
33 346
34 40
34 51
34 78
34 94
34 99
34 111
34 118
34 129
34 131
34 138
34 146
34 178
34 182
34 198
34 212
34 224
34 230
34 266
34 271
34 290
34 300
34 308
34 311
34 313
34 316
34 337
35 42
35 50
35 57
35 67
35 78
35 83
35 84
35 88
35 94
35 101
35 103
35 105
35 113
35 114
35 116
35 117
35 128
35 156
35 172
35 177
35 185
35 202
35 217
35 219
35 222
35 227
35 238
35 246
35 259
35 266
35 270
35 292
35 297
35 298
35 300
35 303
35 312
35 329
36 39
36 51
36 59
36 72
36 156
36 158
36 173
36 174
36 188
36 198
36 206
36 213
36 214
36 237
36 239
36 240
36 252
36 272
36 283
36 284
36 288
36 302
36 317
36 339
36 349
37 55
37 78
37 83
37 92
37 94
37 97
37 98
37 142
37 162
37 166
37 176
37 193
37 199
37 207
37 218
37 223
37 229
37 232
37 237
37 244
37 253
37 260
37 273
37 319
37 329
37 336
38 54
38 67
38 87
38 95
38 96
38 99
38 131
38 163
38 167
38 169
38 179
38 191
38 194
38 200
38 246
38 258
38 262
38 275
38 281
38 286
38 293
38 294
38 295
38 318
38 335
38 346
39 44
39 60
39 86
39 93
39 98
39 103
39 113
39 116
39 132
39 138
39 148
39 154
39 160
39 161
39 171
39 182
39 185
39 186
39 211
39 221
39 224
39 232
39 240
39 265
39 271
39 287
39 288
39 305
39 326
39 329
39 347
40 43
40 44
40 46
40 58
40 81
40 90
40 119
40 143
40 151
40 154
40 157
40 172
40 180
40 193
40 209
40 211
40 227
40 267
40 272
40 274
40 278
40 280
40 291
40 298
40 301
40 307
40 309
40 313
40 322
40 325
40 339
41 74
41 90
41 99
41 103
41 112
41 113
41 119
41 134
41 136
41 137
41 161
41 173
41 179
41 205
41 215
41 221
41 225
41 231
41 237
41 275
41 290
41 299
41 305
41 311
41 319
41 321
41 328
41 338
41 340
42 85
42 94
42 128
42 140
42 142
42 175
42 176
42 185
42 190
42 194
42 221
42 222
42 246
42 261
42 266
42 282
42 313
42 337
42 344
43 53
43 67
43 69
43 70
43 74
43 76
43 81
43 124
43 155
43 168
43 171
43 188
43 190
43 197
43 220
43 222
43 235
43 243
43 256
43 265
43 270
43 319
43 333
43 336
43 343
44 47
44 64
44 67
44 83
44 86
44 95
44 100
44 117
44 121
44 125
44 127
44 130
44 131
44 137
44 143
44 152
44 169
44 185
44 190
44 221
44 229
44 247
44 253
44 288
44 295
44 305
44 323
44 325
44 335
44 343
45 60
45 67
45 77
45 98
45 117
45 125
45 160
45 170
45 171
45 204
45 221
45 225
45 236
45 250
45 254
45 255
45 258
45 280
45 285
45 286
45 299
45 302
45 334
45 335
46 59
46 86
46 102
46 104
46 105
46 114
46 115
46 119
46 122
46 123
46 127
46 132
46 146
46 151
46 154
46 159
46 166
46 167
46 175
46 178
46 207
46 211
46 216
46 221
46 233
46 268
46 270
46 291
46 310
46 312
46 330
46 342
46 349
47 55
47 68
47 76
47 80
47 84
47 95
47 97
47 102
47 105
47 111
47 115
47 116
47 153
47 157
47 195
47 209
47 214
47 235
47 240
47 248
47 269
47 271
47 275
47 288
47 289
47 294
47 304
47 331
48 54
48 57
48 61
48 108
48 110
48 111
48 114
48 137
48 138
48 147
48 160
48 165
48 166
48 167
48 171
48 202
48 226
48 230
48 238
48 240
48 250
48 252
48 261
48 283
48 287
48 288
48 305
48 313
48 315
48 319
48 326
48 329
48 343
49 51
49 55
49 63
49 73
49 82
49 83
49 96
49 110
49 124
49 126
49 128
49 133
49 148
49 163
49 165
49 175
49 190
49 219
49 220
49 221
49 231
49 237
49 244
49 249
49 258
49 284
49 287
49 301
49 307
49 308
49 317
49 320
49 332
49 347
49 348
50 57
50 60
50 66
50 93
50 96
50 97
50 99
50 107
50 119
50 121
50 124
50 127
50 133
50 135
50 137
50 142
50 160
50 161
50 182
50 185
50 199
50 200
50 208
50 210
50 212
50 220
50 231
50 257
50 263
50 270
50 296
50 308
50 322
50 333
50 335
50 339
50 340
50 341
51 63
51 65
51 80
51 113
51 134
51 135
51 143
51 145
51 164
51 172
51 185
51 188
51 203
51 222
51 227
51 242
51 245
51 289
51 304
51 311
51 328
51 332
51 343
51 346
52 54
52 55
52 59
52 78
52 81
52 108
52 128
52 133
52 153
52 154
52 158
52 163
52 167
52 169
52 183
52 186
52 189
52 199
52 212
52 213
52 222
52 231
52 250
52 257
52 262
52 268
52 279
52 284
52 293
52 305
52 315
52 321
52 345
53 63
53 72
53 96
53 97
53 128
53 130
53 131
53 160
53 177
53 180
53 198
53 210
53 221
53 238
53 251
53 252
53 261
53 265
53 274
53 276
53 280
53 292
53 298
54 64
54 71
54 78
54 83
54 91
54 98
54 99
54 101
54 108
54 124
54 146
54 161
54 165
54 185
54 204
54 208
54 227
54 230
54 255
54 259
54 285
54 288
54 292
54 293
54 297
54 319
54 325
54 331
54 336
54 343
55 67
55 77
55 82
55 104
55 107
55 110
55 131
55 132
55 133
55 144
55 145
55 154
55 158
55 197
55 203
55 209
55 214
55 215
55 225
55 230
55 231
55 243
55 245
55 251
55 276
55 277
55 279
55 284
55 289
55 331
55 333
55 334
56 67
56 70
56 71
56 87
56 94
56 102
56 115
56 125
56 130
56 137
56 140
56 142
56 143
56 159
56 160
56 161
56 168
56 170
56 175
56 178
56 205
56 224
56 232
56 247
56 266
56 306
56 320
56 327
56 335
56 337
56 347
57 77
57 96
57 98
57 115
57 116
57 131
57 135
57 150
57 156
57 162
57 186
57 200
57 202
57 205
57 208
57 235
57 244
57 247
57 253
57 270
57 276
57 290
57 299
57 317
57 332
57 335
57 347
58 62
58 65
58 74
58 78
58 94
58 99
58 116
58 122
58 125
58 135
58 137
58 162
58 167
58 169
58 192
58 198
58 222
58 224
58 241
58 243
58 245
58 254
58 257
58 258
58 266
58 269
58 278
58 285
58 287
58 288
58 296
58 304
58 306
58 307
58 311
58 317
58 319
58 326
58 327
58 328
58 329
58 338
58 340
58 342
59 69
59 71
59 75
59 101
59 108
59 114
59 115
59 130
59 132
59 139
59 142
59 147
59 160
59 174
59 188
59 191
59 198
59 210
59 213
59 220
59 224
59 226
59 229
59 240
59 266
59 278
59 280
59 285
59 286
59 287
59 296
59 299
59 305
59 309
59 338
59 342
59 346
60 65
60 68
60 69
60 75
60 85
60 114
60 125
60 132
60 137
60 140
60 142
60 151
60 153
60 165
60 168
60 172
60 192
60 199
60 201
60 203
60 219
60 222
60 245
60 253
60 260
60 262
60 271
60 276
60 290
60 302
60 314
60 328
60 330
60 342
60 347
61 69
61 87
61 90
61 93
61 103
61 110
61 112
61 117
61 118
61 125
61 127
61 178
61 181
61 215
61 231
61 250
61 252
61 257
61 265
61 272
61 283
61 298
61 306
61 311
61 320
61 330
61 331
61 339
61 349
62 77
62 84
62 104
62 133
62 158
62 159
62 174
62 175
62 181
62 188
62 195
62 205
62 208
62 209
62 228
62 240
62 245
62 251
62 261
62 265
62 275
62 280
62 296
62 304
62 311
62 332
62 339
62 340
62 348
63 90
63 99
63 102
63 120
63 133
63 139
63 142
63 152
63 160
63 169
63 171
63 173
63 188
63 198
63 210
63 220
63 221
63 227
63 234
63 247
63 262
63 267
63 276
63 278
63 286
63 291
63 316
63 320
63 323
63 338
64 66
64 84
64 96
64 102
64 105
64 124
64 125
64 127
64 133
64 139
64 141
64 143
64 152
64 158
64 161
64 182
64 192
64 198
64 211
64 223
64 226
64 228
64 241
64 270
64 293
64 295
64 302
64 320
64 335
64 338
64 347
65 69
65 75
65 81
65 84
65 88
65 101
65 137
65 142
65 143
65 146
65 147
65 160
65 162
65 176
65 185
65 234
65 249
65 268
65 272
65 279
65 281
65 285
65 304
65 341
65 347
65 348
66 67
66 80
66 94
66 95
66 105
66 108
66 110
66 114
66 127
66 142
66 148
66 170
66 190
66 203
66 217
66 226
66 234
66 246
66 255
66 256
66 263
66 273
66 279
66 284
66 286
66 304
66 316
66 322
66 330
66 336
66 349
67 70
67 74
67 81
67 85
67 90
67 114
67 121
67 127
67 129
67 131
67 156
67 159
67 164
67 169
67 172
67 182
67 183
67 197
67 199
67 219
67 224
67 233
67 246
67 269
67 271
67 274
67 283
67 313
67 315
67 316
67 325
67 332
67 333
67 334
67 338
67 340
67 341
67 342
68 77
68 93
68 102
68 104
68 116
68 141
68 146
68 157
68 181
68 184
68 190
68 203
68 215
68 281
68 288
68 307
68 311
68 315
68 320
68 330
68 347
69 74
69 85
69 87
69 92
69 110
69 129
69 133
69 137
69 157
69 169
69 197
69 216
69 217
69 232
69 243
69 272
69 279
69 288
69 295
69 302
69 305
69 325
69 328
69 337
69 345
70 86
70 88
70 89
70 97
70 104
70 133
70 136
70 140
70 148
70 186
70 192
70 201
70 222
70 226
70 251
70 252
70 265
70 294
70 303
70 309
70 323
70 348
71 82
71 100
71 102
71 120
71 121
71 138
71 146
71 158
71 161
71 169
71 176
71 180
71 187
71 200
71 216
71 220
71 223
71 231
71 232
71 235
71 241
71 242
71 251
71 259
71 262
71 273
71 282
71 287
71 293
71 305
71 308
71 310
71 312
71 314
71 318
71 341
71 344
72 119
72 121
72 123
72 124
72 137
72 149
72 151
72 166
72 167
72 189
72 233
72 235
72 256
72 259
72 282
72 300
72 308
72 330
72 336
72 338
72 339
72 343
73 74
73 80
73 87
73 98
73 119
73 120
73 129
73 131
73 140
73 141
73 149
73 150
73 152
73 161
73 171
73 178
73 179
73 191
73 207
73 208
73 217
73 245
73 249
73 253
73 266
73 274
73 304
73 315
73 334
73 339
74 78
74 80
74 92
74 93
74 101
74 115
74 129
74 152
74 167
74 178
74 181
74 198
74 199
74 212
74 216
74 218
74 242
74 246
74 268
74 272
74 288
74 302
74 321
74 343
74 347
75 77
75 80
75 87
75 92
75 105
75 124
75 135
75 141
75 147
75 156
75 199
75 220
75 237
75 241
75 262
75 263
75 264
75 271
75 275
75 288
75 291
75 299
75 312
75 317
75 324
75 326
75 341
76 81
76 92
76 93
76 95
76 106
76 107
76 115
76 127
76 135
76 137
76 151
76 171
76 188
76 199
76 203
76 205
76 211
76 215
76 225
76 227
76 239
76 262
76 271
76 277
76 288
76 289
76 346
77 95
77 117
77 138
77 141
77 146
77 153
77 180
77 182
77 204
77 232
77 245
77 267
77 270
77 274
77 276
77 296
77 302
77 306
77 308
77 313
77 320
77 327
78 96
78 98
78 101
78 114
78 120
78 128
78 133
78 188
78 195
78 197
78 202
78 221
78 227
78 237
78 246
78 274
78 277
78 279
78 281
78 283
78 287
78 295
78 305
78 317
78 321
79 85
79 94
79 100
79 114
79 134
79 146
79 153
79 156
79 190
79 200
79 204
79 216
79 223
79 236
79 243
79 278
79 279
79 280
79 285
79 294
79 327
79 341
79 346
80 88
80 101
80 120
80 126
80 130
80 141
80 165
80 172
80 176
80 178
80 181
80 196
80 218
80 248
80 252
80 257
80 263
80 268
80 270
80 273
80 276
80 280
80 287
80 310
80 315
80 324
80 334
81 82
81 86
81 94
81 98
81 100
81 113
81 120
81 126
81 132
81 134
81 143
81 154
81 155
81 162
81 165
81 187
81 193
81 200
81 206
81 216
81 218
81 222
81 225
81 233
81 237
81 251
81 265
81 283
81 286
81 287
81 293
81 294
81 295
81 310
81 314
81 324
81 326
81 338
81 349
82 86
82 109
82 116
82 119
82 134
82 135
82 138
82 152
82 154
82 185
82 196
82 205
82 208
82 235
82 237
82 242
82 246
82 259
82 265
82 267
82 268
82 276
82 280
82 293
82 296
82 298
82 310
82 341
83 94
83 149
83 152
83 154
83 158
83 187
83 195
83 206
83 213
83 217
83 220
83 236
83 245
83 252
83 256
83 257
83 286
83 287
83 327
83 330
83 333
83 348
83 349
84 95
84 97
84 113
84 115
84 118
84 124
84 129
84 130
84 148
84 180
84 186
84 213
84 217
84 219
84 246
84 251
84 263
84 272
84 287
84 291
84 296
84 302
84 304
84 308
84 312
84 337
84 340
84 342
84 349
85 100
85 127
85 132
85 152
85 155
85 158
85 165
85 168
85 190
85 202
85 219
85 226
85 227
85 236
85 260
85 295
85 307
85 310
85 314
85 346
85 347
86 90
86 91
86 103
86 109
86 118
86 134
86 148
86 149
86 150
86 159
86 168
86 187
86 189
86 210
86 211
86 226
86 234
86 250
86 251
86 255
86 272
86 278
86 280
86 293
86 294
86 302
86 309
86 324
87 93
87 94
87 95
87 108
87 127
87 137
87 138
87 140
87 154
87 160
87 178
87 186
87 193
87 194
87 198
87 204
87 211
87 219
87 226
87 234
87 263
87 267
87 272
87 302
87 304
87 313
87 315
87 324
87 331
87 340
87 341
87 349
88 97
88 121
88 133
88 149
88 150
88 155
88 156
88 175
88 176
88 182
88 189
88 234
88 242
88 246
88 251
88 262
88 264
88 267
88 272
88 281
88 292
88 311
88 314
88 320
88 325
89 96
89 108
89 119
89 120
89 147
89 169
89 182
89 206
89 210
89 228
89 246
89 247
89 249
89 266
89 268
89 288
89 289
89 291
89 311
89 319
89 325
89 335
89 349
90 94
90 110
90 114
90 116
90 123
90 126
90 137
90 140
90 142
90 167
90 172
90 175
90 185
90 195
90 201
90 222
90 225
90 231
90 245
90 248
90 269
90 273
90 285
90 289
90 290
90 300
90 304
90 305
90 312
90 322
90 346
91 114
91 116
91 125
91 138
91 144
91 145
91 147
91 186
91 192
91 196
91 220
91 224
91 225
91 230
91 231
91 236
91 237
91 251
91 293
91 297
91 305
91 306
91 307
91 309
91 313
91 319
91 333
91 337
91 340
91 341
91 344
91 349
92 117
92 121
92 124
92 125
92 137
92 152
92 159
92 175
92 186
92 189
92 192
92 193
92 221
92 225
92 232
92 235
92 259
92 261
92 262
92 282
92 296
92 302
92 306
92 319
92 327
92 331
92 334
92 336
92 341
93 97
93 100
93 106
93 139
93 143
93 144
93 158
93 169
93 181
93 183
93 186
93 190
93 191
93 213
93 224
93 225
93 241
93 261
93 274
93 323
93 328
93 337
93 341
93 349
94 103
94 115
94 125
94 132
94 141
94 158
94 160
94 161
94 170
94 175
94 177
94 190
94 202
94 204
94 210
94 217
94 222
94 252
94 264
94 274
94 289
94 297
94 307
94 310
94 337
94 348
95 102
95 109
95 118
95 119
95 138
95 141
95 143
95 159
95 164
95 228
95 231
95 233
95 242
95 257
95 265
95 282
95 283
95 286
95 308
95 313
95 323
95 324
95 332
95 334
95 342
95 344
96 108
96 115
96 116
96 138
96 141
96 147
96 149
96 157
96 159
96 160
96 176
96 187
96 189
96 193
96 196
96 211
96 213
96 218
96 281
96 286
96 288
96 292
96 296
96 301
96 306
96 307
96 312
96 316
96 317
96 342
97 105
97 108
97 113
97 163
97 172
97 177
97 185
97 202
97 213
97 225
97 233
97 235
97 239
97 244
97 246
97 251
97 254
97 279
97 285
97 292
97 293
97 296
97 308
97 309
97 315
97 316
97 321
97 322
97 323
97 324
97 329
97 336
98 100
98 107
98 132
98 133
98 139
98 141
98 144
98 160
98 168
98 189
98 196
98 199
98 210
98 216
98 218
98 219
98 225
98 226
98 240
98 243
98 247
98 248
98 251
98 255
98 258
98 300
98 316
98 321
98 323
98 332
98 337
98 349
99 107
99 121
99 124
99 131
99 159
99 162
99 171
99 193
99 210
99 220
99 236
99 242
99 259
99 291
99 313
99 320
99 328
99 346
99 348
99 349
100 101
100 104
100 114
100 123
100 143
100 154
100 176
100 189
100 211
100 213
100 215
100 221
100 235
100 263
100 267
100 273
100 278
100 287
100 337
101 102
101 115
101 129
101 157
101 158
101 171
101 179
101 200
101 208
101 221
101 224
101 242
101 248
101 251
101 259
101 264
101 271
101 273
101 274
101 278
101 280
101 286
101 321
101 331
101 334
101 338
101 343
101 345
102 110
102 118
102 124
102 181
102 196
102 198
102 205
102 216
102 228
102 238
102 243
102 245
102 257
102 258
102 260
102 271
102 281
102 283
102 285
102 290
102 291
102 302
102 303
102 316
102 321
102 325
102 326
102 336
102 345
103 104
103 115
103 158
103 159
103 165
103 169
103 180
103 191
103 199
103 201
103 213
103 228
103 242
103 251
103 260
103 262
103 264
103 265
103 273
103 274
103 315
103 316
103 331
103 332
103 345
104 109
104 120
104 128
104 130
104 148
104 158
104 163
104 198
104 206
104 216
104 226
104 228
104 244
104 272
104 293
104 298
104 306
104 310
104 315
104 321
104 324
104 336
105 106
105 113
105 131
105 147
105 148
105 153
105 155
105 170
105 182
105 237
105 247
105 248
105 257
105 263
105 268
105 287
105 295
105 305
105 313
105 317
105 320
105 332
105 334
105 342
106 110
106 111
106 116
106 126
106 128
106 150
106 154
106 165
106 182
106 184
106 193
106 197
106 200
106 210
106 214
106 216
106 220
106 222
106 242
106 244
106 260
106 268
106 269
106 286
106 302
106 303
106 310
106 315
106 316
106 320
106 324
106 339
107 115
107 132
107 140
107 153
107 159
107 173
107 177
107 186
107 199
107 217
107 223
107 225
107 236
107 246
107 249
107 250
107 266
107 269
107 272
107 280
107 295
107 300
107 307
107 321
107 326
107 332
107 333
107 348
108 114
108 115
108 119
108 121
108 134
108 136
108 147
108 152
108 154
108 159
108 160
108 162
108 173
108 175
108 176
108 177
108 186
108 204
108 219
108 225
108 234
108 235
108 237
108 249
108 271
108 278
108 286
108 289
108 290
108 295
108 300
108 305
108 307
108 328
108 333
108 342
108 345
109 113
109 131
109 158
109 164
109 169
109 178
109 186
109 213
109 215
109 231
109 263
109 274
109 281
109 288
109 298
109 343
109 346
110 112
110 125
110 141
110 143
110 151
110 152
110 163
110 166
110 181
110 229
110 232
110 234
110 244
110 246
110 251
110 257
110 284
110 290
110 311
110 324
110 326
110 327
110 330
110 331
110 334
111 119
111 121
111 124
111 136
111 144
111 145
111 148
111 157
111 162
111 167
111 177
111 198
111 210
111 219
111 261
111 265
111 275
111 283
111 288
111 292
111 294
111 299
111 306
111 316
111 318
111 321
111 325
111 332
111 333
111 337
111 341
111 349
112 118
112 122
112 124
112 128
112 129
112 131
112 146
112 147
112 150
112 153
112 184
112 188
112 197
112 214
112 234
112 250
112 251
112 254
112 277
112 279
112 286
112 294
112 301
112 306
112 308
112 314
112 315
113 137
113 164
113 169
113 179
113 199
113 212
113 213
113 235
113 242
113 249
113 250
113 257
113 262
113 272
113 275
113 276
113 278
113 285
113 287
113 294
113 296
113 314
113 322
113 339
113 346
114 115
114 119
114 144
114 148
114 149
114 151
114 161
114 172
114 174
114 182
114 204
114 211
114 216
114 222
114 233
114 244
114 255
114 279
114 304
114 308
114 324
114 347
114 349
115 120
115 134
115 145
115 149
115 161
115 167
115 171
115 174
115 183
115 192
115 199
115 218
115 230
115 241
115 242
115 253
115 256
115 259
115 261
115 296
115 303
115 308
115 311
115 326
115 333
115 339
115 340
116 134
116 137
116 159
116 168
116 174
116 175
116 177
116 185
116 197
116 209
116 218
116 219
116 233
116 239
116 256
116 271
116 273
116 279
116 286
116 294
116 302
116 310
116 314
116 334
116 343
117 128
117 132
117 160
117 171
117 187
117 188
117 197
117 198
117 209
117 215
117 219
117 244
117 245
117 249
117 279
117 280
117 282
117 294
117 301
117 302
117 308
117 310
117 335
118 130
118 132
118 133
118 138
118 149
118 156
118 159
118 166
118 178
118 179
118 181
118 187
118 262
118 269
118 271
118 275
118 276
118 285
118 290
118 300
118 309
118 311
118 321
118 324
118 330
118 349
119 126
119 130
119 146
119 154
119 155
119 168
119 169
119 179
119 190
119 219
119 226
119 231
119 239
119 246
119 254
119 259
119 261
119 268
119 301
119 311
119 314
119 316
119 326
119 332
119 338
119 344
120 124
120 138
120 153
120 157
120 171
120 174
120 176
120 187
120 195
120 196
120 202
120 227
120 229
120 233
120 251
120 253
120 256
120 276
120 279
120 287
120 305
120 310
120 315
120 325
120 328
121 127
121 148
121 153
121 162
121 171
121 173
121 178
121 189
121 195
121 196
121 204
121 220
121 230
121 268
121 274
121 280
121 283
121 287
121 290
121 298
121 302
121 305
121 320
121 335
121 337
122 124
122 164
122 187
122 210
122 250
122 254
122 258
122 261
122 270
122 295
122 311
122 316
122 330
122 334
122 344
122 346
122 348
123 136
123 138
123 147
123 152
123 167
123 172
123 195
123 202
123 236
123 261
123 269
123 276
123 278
123 288
123 292
123 300
123 302
123 303
123 306
123 311
123 319
123 329
123 337
124 125
124 144
124 156
124 176
124 182
124 183
124 193
124 202
124 209
124 224
124 225
124 227
124 230
124 231
124 233
124 236
124 265
124 270
124 292
124 297
124 304
124 314
124 316
124 330
124 335
124 340
125 134
125 149
125 151
125 175
125 186
125 202
125 203
125 224
125 243
125 248
125 266
125 268
125 272
125 297
125 324
125 330
125 335
125 339
126 130
126 138
126 142
126 149
126 159
126 160
126 164
126 167
126 174
126 181
126 204
126 209
126 210
126 237
126 239
126 240
126 260
126 268
126 277
126 287
126 295
126 324
126 327
126 342
127 138
127 140
127 142
127 143
127 146
127 151
127 157
127 160
127 174
127 188
127 190
127 195
127 225
127 230
127 261
127 294
127 296
127 301
127 312
127 314
127 315
127 317
127 320
127 339
128 134
128 142
128 149
128 150
128 165
128 172
128 173
128 184
128 199
128 217
128 221
128 227
128 231
128 240
128 259
128 287
128 316
128 344
128 348
129 137
129 147
129 156
129 161
129 163
129 195
129 201
129 205
129 212
129 227
129 241
129 243
129 251
129 255
129 268
129 280
129 282
129 297
129 304
129 319
129 329
129 336
129 338
130 132
130 133
130 134
130 135
130 136
130 142
130 148
130 165
130 169
130 185
130 196
130 197
130 256
130 262
130 293
130 295
130 302
130 317
130 323
130 327
130 341
130 345
130 348
131 138
131 161
131 165
131 171
131 172
131 178
131 185
131 207
131 235
131 247
131 249
131 259
131 260
131 277
131 278
131 295
131 303
131 310
131 314
131 319
131 333
131 338
131 346
132 160
132 183
132 199
132 223
132 234
132 241
132 257
132 267
132 280
132 302
132 312
132 323
132 329
132 335
132 341
132 346
133 172
133 183
133 194
133 209
133 212
133 220
133 234
133 250
133 265
133 282
133 297
133 301
133 302
133 332
133 340
134 148
134 153
134 159
134 161
134 180
134 184
134 188
134 191
134 192
134 214
134 231
134 233
134 246
134 261
134 262
134 267
134 281
134 284
134 315
134 329
134 335
134 340
134 341
134 342
134 347
135 139
135 146
135 148
135 167
135 168
135 175
135 210
135 234
135 239
135 241
135 252
135 262
135 267
135 269
135 271
135 272
135 273
135 283
135 284
135 300
135 310
135 323
135 330
135 339
135 344
136 143
136 152
136 153
136 154
136 166
136 169
136 187
136 210
136 225
136 232
136 250
136 256
136 269
136 272
136 277
136 278
136 298
136 316
136 317
136 325
136 330
136 333
137 142
137 174
137 200
137 213
137 214
137 217
137 236
137 257
137 262
137 275
137 285
137 345
138 141
138 148
138 150
138 160
138 165
138 169
138 176
138 183
138 185
138 188
138 190
138 221
138 222
138 237
138 257
138 258
138 273
138 274
138 302
138 307
139 144
139 152
139 154
139 160
139 164
139 173
139 178
139 183
139 184
139 206
139 207
139 217
139 219
139 221
139 232
139 244
139 255
139 270
139 276
139 286
139 307
139 325
139 334
139 339
139 349
140 166
140 169
140 175
140 179
140 195
140 219
140 251
140 260
140 261
140 293
140 299
140 301
140 302
140 326
140 344
140 349
141 147
141 156
141 183
141 186
141 187
141 188
141 201
141 208
141 219
141 227
141 228
141 231
141 238
141 258
141 265
141 268
141 270
141 284
141 287
141 292
141 303
141 335
141 338
141 344
142 145
142 161
142 178
142 181
142 185
142 207
142 246
142 249
142 267
142 269
142 291
142 317
142 322
142 324
142 325
142 333
142 338
142 346
143 146
143 184
143 193
143 198
143 199
143 206
143 208
143 214
143 235
143 239
143 246
143 285
143 313
143 315
143 323
143 340
143 344
143 346
143 349
144 149
144 160
144 161
144 163
144 168
144 189
144 197
144 243
144 245
144 254
144 281
144 313
144 348
145 179
145 195
145 205
145 207
145 208
145 211
145 222
145 228
145 260
145 262
145 276
145 289
145 293
145 309
145 310
146 148
146 178
146 182
146 196
146 197
146 200
146 205
146 206
146 211
146 225
146 226
146 235
146 264
146 273
146 281
146 285
146 293
146 295
146 314
146 317
146 333
146 343
146 345
147 159
147 169
147 171
147 190
147 196
147 224
147 237
147 238
147 243
147 252
147 273
147 276
147 287
147 298
147 315
147 317
147 321
147 342
147 345
148 152
148 154
148 159
148 166
148 172
148 177
148 189
148 217
148 269
148 294
148 295
148 297
148 312
148 316
148 326
148 335
148 338
148 346
148 347
148 348
149 153
149 161
149 163
149 173
149 178
149 195
149 197
149 210
149 222
149 224
149 233
149 254
149 258
149 260
149 272
149 283
149 286
149 287
149 291
149 293
149 308
149 316
149 317
149 333
149 346
149 348
150 152
150 159
150 165
150 166
150 180
150 192
150 198
150 209
150 230
150 235
150 238
150 244
150 247
150 261
150 264
150 274
150 275
150 297
150 298
150 312
150 344
150 349
151 156
151 157
151 184
151 236
151 244
151 247
151 251
151 254
151 278
151 283
151 287
151 291
151 312
151 314
151 334
151 335
151 336
151 341
152 175
152 177
152 178
152 186
152 202
152 207
152 214
152 267
152 272
152 276
152 282
152 297
152 306
152 327
152 335
152 340
153 156
153 162
153 164
153 177
153 181
153 189
153 196
153 208
153 214
153 222
153 242
153 245
153 246
153 251
153 258
153 267
153 280
153 285
153 287
153 291
153 304
153 311
153 312
153 317
153 333
153 336
154 156
154 159
154 170
154 179
154 183
154 190
154 192
154 206
154 221
154 223
154 228
154 230
154 253
154 277
154 282
154 288
154 326
154 335
155 191
155 214
155 219
155 230
155 231
155 236
155 247
155 260
155 261
155 269
155 281
155 305
155 319
155 324
155 335
155 338
155 346
156 157
156 159
156 161
156 169
156 170
156 183
156 188
156 198
156 215
156 244
156 250
156 252
156 260
156 263
156 270
156 271
156 286
156 288
156 327
156 330
156 347
156 348
157 165
157 174
157 180
157 183
157 185
157 193
157 219
157 225
157 231
157 248
157 257
157 259
157 266
157 272
157 273
157 274
157 275
157 278
157 294
157 328
157 338
158 203
158 204
158 214
158 220
158 231
158 240
158 254
158 258
158 267
158 280
158 285
158 289
158 300
158 305
158 307
158 309
158 328
159 160
159 165
159 172
159 184
159 187
159 198
159 211
159 221
159 230
159 248
159 256
159 261
159 272
159 300
159 308
159 311
159 321
159 328
159 331
159 339
160 169
160 173
160 174
160 179
160 180
160 182
160 183
160 195
160 200
160 206
160 222
160 223
160 228
160 235
160 248
160 255
160 260
160 268
160 277
160 303
160 317
160 321
160 325
160 335
160 338
161 194
161 200
161 215
161 217
161 225
161 233
161 239
161 241
161 242
161 244
161 245
161 262
161 263
161 274
161 295
161 330
161 348
162 163
162 166
162 168
162 184
162 188
162 189
162 219
162 239
162 248
162 251
162 265
162 273
162 275
162 300
162 302
162 319
162 326
162 333
162 340
162 346
163 164
163 165
163 169
163 171
163 173
163 183
163 201
163 224
163 227
163 232
163 246
163 247
163 272
163 285
163 291
163 299
163 300
163 333
163 334
163 338
163 339
163 344
164 167
164 168
164 174
164 184
164 193
164 202
164 218
164 220
164 221
164 229
164 238
164 257
164 260
164 270
164 280
164 287
164 288
164 302
164 319
164 325
164 330
165 167
165 170
165 175
165 187
165 196
165 203
165 225
165 236
165 264
165 271
165 285
165 306
165 307
165 328
165 329
165 346
165 348
166 167
166 186
166 230
166 263
166 294
166 305
166 315
166 326
166 328
166 330
166 340
167 185
167 198
167 243
167 258
167 261
167 266
167 268
167 275
167 276
167 277
167 292
167 296
167 298
167 304
167 306
167 320
167 323
167 332
167 335
167 340
167 346
168 177
168 178
168 188
168 201
168 212
168 223
168 231
168 243
168 244
168 249
168 271
168 280
168 285
168 300
168 308
168 316
168 319
168 331
168 337
169 184
169 211
169 212
169 249
169 253
169 256
169 281
169 282
169 286
169 296
169 302
169 306
169 329
169 337
169 342
170 183
170 188
170 196
170 216
170 231
170 241
170 242
170 248
170 254
170 270
170 275
170 280
170 290
170 300
170 307
170 328
170 329
170 337
171 174
171 180
171 197
171 198
171 204
171 210
171 227
171 239
171 246
171 247
171 248
171 251
171 273
171 275
171 282
171 292
171 294
171 295
171 306
171 331
172 197
172 215
172 220
172 239
172 243
172 244
172 256
172 273
172 281
172 296
172 299
172 308
172 314
172 329
173 174
173 181
173 191
173 230
173 233
173 243
173 253
173 257
173 261
173 267
173 298
173 315
174 176
174 184
174 187
174 196
174 209
174 287
174 289
174 293
174 297
174 324
174 331
174 341
174 348
174 349
175 179
175 184
175 208
175 215
175 227
175 253
175 254
175 259
175 262
175 281
175 294
175 299
175 310
175 314
175 316
175 317
175 332
176 182
176 184
176 195
176 199
176 220
176 234
176 239
176 245
176 258
176 279
176 284
176 322
176 331
177 192
177 196
177 206
177 218
177 227
177 243
177 256
177 262
177 269
177 280
177 308
177 311
177 318
177 321
177 337
177 339
177 344
177 347
178 186
178 192
178 195
178 196
178 217
178 242
178 243
178 263
178 265
178 268
178 277
178 282
178 287
178 288
178 292
178 307
178 315
178 321
178 324
178 332
178 333
178 335
178 340
179 181
179 183
179 209
179 211
179 213
179 221
179 243
179 246
179 247
179 252
179 283
179 296
179 333
179 339
180 183
180 186
180 187
180 231
180 237
180 239
180 241
180 244
180 245
180 255
180 257
180 317
180 319
180 321
180 329
180 334
180 336
180 339
181 207
181 208
181 210
181 212
181 234
181 241
181 253
181 258
181 262
181 278
181 290
181 309
181 332
181 336
181 337
181 339
182 190
182 205
182 238
182 250
182 253
182 257
182 262
182 284
182 293
182 297
182 299
182 301
182 338
182 339
183 230
183 241
183 247
183 262
183 263
183 268
183 270
183 284
183 285
183 300
183 317
183 326
183 343
183 347
183 349
184 192
184 201
184 202
184 211
184 231
184 233
184 234
184 244
184 271
184 289
184 294
184 318
184 349
185 197
185 219
185 251
185 254
185 258
185 268
185 289
185 293
185 301
185 315
185 322
185 334
185 336
186 188
186 194
186 202
186 203
186 218
186 221
186 233
186 240
186 256
186 261
186 270
186 279
186 287
186 321
186 338
186 340
187 196
187 203
187 267
187 270
187 276
187 277
187 288
187 311
187 312
187 318
187 322
187 334
188 194
188 204
188 206
188 210
188 211
188 212
188 224
188 262
188 263
188 294
188 298
188 302
188 304
188 306
188 313
188 331
188 346
189 197
189 199
189 202
189 207
189 210
189 217
189 220
189 261
189 267
189 281
189 287
189 314
189 331
189 332
189 335
189 344
190 199
190 206
190 209
190 211
190 229
190 239
190 252
190 272
190 290
190 292
190 299
190 304
190 310
190 322
190 326
190 338
190 344
190 347
191 199
191 227
191 255
191 256
191 269
191 271
191 296
191 302
191 329
191 334
191 338
192 193
192 219
192 223
192 227
192 230
192 234
192 253
192 260
192 270
192 283
192 296
192 312
192 318
192 322
192 336
193 195
193 199
193 224
193 238
193 259
193 278
193 344
194 204
194 209
194 213
194 225
194 227
194 243
194 246
194 251
194 252
194 266
194 275
194 277
194 284
194 286
194 289
194 295
194 296
194 312
194 314
194 318
194 324
195 203
195 214
195 234
195 244
195 246
195 276
195 287
195 288
195 305
195 307
195 317
195 320
195 339
195 346
196 209
196 219
196 256
196 261
196 263
196 265
196 267
196 285
196 291
196 293
196 310
196 314
196 317
196 322
196 327
196 330
196 332
196 342
196 343
197 205
197 214
197 220
197 222
197 242
197 247
197 251
197 284
197 287
197 289
197 312
197 316
197 324
197 330
197 334
197 335
197 338
197 341
198 208
198 222
198 225
198 226
198 232
198 242
198 264
198 269
198 279
198 281
198 286
198 296
198 299
198 304
198 336
198 342
198 345
199 213
199 220
199 232
199 246
199 257
199 291
199 292
199 298
199 300
199 328
199 336
199 338
200 205
200 224
200 230
200 231
200 233
200 251
200 254
200 264
200 267
200 296
200 297
200 302
200 315
200 347
201 207
201 210
201 239
201 256
201 257
201 292
201 324
201 345
202 207
202 226
202 237
202 239
202 272
202 289
202 293
202 294
202 320
202 322
202 328
203 211
203 214
203 216
203 243
203 252
203 264
203 274
203 277
203 279
203 284
203 288
203 293
203 311
203 313
203 318
203 332
203 345
204 208
204 216
204 217
204 219
204 220
204 236
204 244
204 252
204 275
204 298
204 314
204 333
205 206
205 215
205 217
205 233
205 236
205 246
205 248
205 259
205 261
205 264
205 266
205 267
205 282
205 296
205 298
205 311
205 322
205 330
205 338
206 217
206 222
206 228
206 232
206 256
206 263
206 267
206 270
206 320
206 322
206 328
206 345
206 349
207 210
207 237
207 242
207 243
207 254
207 255
207 261
207 276
207 287
207 290
207 295
207 296
207 298
207 330
207 341
207 346
208 214
208 215
208 237
208 244
208 249
208 255
208 263
208 267
208 274
208 280
208 286
208 292
208 295
208 296
208 297
208 306
208 309
208 316
209 210
209 213
209 221
209 242
209 253
209 254
209 273
209 288
209 303
209 306
209 314
209 346
210 213
210 224
210 230
210 234
210 235
210 253
210 264
210 277
210 280
210 286
210 288
210 292
210 294
210 298
210 299
210 319
210 321
210 324
210 335
210 346
211 219
211 236
211 256
211 260
211 270
211 276
211 282
211 295
211 297
211 303
211 308
211 323
211 333
211 336
211 339
211 340
211 348
212 216
212 229
212 235
212 244
212 247
212 283
212 296
212 324
212 329
212 335
212 340
212 345
213 221
213 229
213 230
213 236
213 238
213 245
213 275
213 293
213 304
213 342
213 347
214 219
214 221
214 225
214 231
214 232
214 243
214 254
214 266
214 268
214 278
214 285
214 287
214 304
214 307
214 309
214 316
214 319
214 324
214 332
214 334
214 337
214 343
215 217
215 221
215 222
215 235
215 252
215 262
215 271
215 274
215 283
215 286
215 293
215 302
215 303
215 307
215 316
215 330
215 348
216 224
216 227
216 237
216 239
216 251
216 253
216 275
216 302
216 307
216 310
216 313
216 318
216 323
217 242
217 252
217 258
217 276
217 291
217 303
217 305
217 318
217 343
218 257
218 273
218 279
218 290
218 296
218 298
218 330
219 221
219 223
219 225
219 230
219 231
219 234
219 251
219 280
219 282
219 289
219 299
219 304
219 310
219 320
219 338
219 341
219 345
220 224
220 226
220 227
220 241
220 243
220 249
220 254
220 266
220 267
220 280
220 294
220 299
220 310
220 315
220 343
220 344
221 227
221 229
221 248
221 271
221 273
221 307
221 323
221 332
221 347
222 230
222 239
222 241
222 245
222 247
222 258
222 278
222 290
222 295
222 330
222 332
222 333
222 334
223 228
223 244
223 247
223 250
223 273
223 306
223 311
223 332
223 336
223 337
224 225
224 228
224 236
224 243
224 255
224 261
224 268
224 271
224 280
224 290
224 292
224 295
224 297
224 301
224 305
224 307
224 311
224 335
224 336
224 340
225 241
225 246
225 257
225 258
225 266
225 282
225 303
225 314
225 315
225 316
225 328
225 335
225 336
225 346
226 230
226 246
226 247
226 249
226 257
226 258
226 273
226 286
226 330
227 229
227 243
227 250
227 253
227 255
227 258
227 280
227 283
227 284
227 297
227 304
227 310
227 330
227 334
227 340
227 346
228 244
228 251
228 256
228 259
228 265
228 280
228 281
228 282
228 289
228 291
228 303
228 315
228 323
228 330
228 338
228 345
228 346
229 261
229 266
229 271
229 287
229 289
229 301
229 305
229 308
229 312
230 231
230 235
230 238
230 241
230 244
230 249
230 261
230 276
230 282
230 288
230 289
230 296
230 319
230 329
230 341
230 346
230 349
231 251
231 270
231 281
231 293
231 296
231 297
231 310
231 311
231 313
231 317
231 318
231 320
231 331
231 347
232 234
232 236
232 249
232 258
232 263
232 273
232 278
232 283
232 293
232 302
232 328
232 330
232 334
232 344
232 347
233 241
233 243
233 244
233 255
233 262
233 264
233 267
233 268
233 284
233 285
233 315
233 331
233 332
233 337
234 236
234 238
234 240
234 250
234 251
234 263
234 264
234 288
234 319
234 320
234 332
234 349
235 242
235 244
235 253
235 261
235 264
235 278
235 282
235 286
235 329
236 253
236 268
236 269
236 278
236 279
236 299
236 313
236 330
236 347
237 249
237 258
237 270
237 272
237 280
237 296
237 298
237 305
237 306
237 312
237 346
238 251
238 266
238 282
238 301
238 310
238 311
238 339
238 343
239 257
239 258
239 261
239 273
239 277
239 283
239 309
239 317
239 318
239 319
239 336
240 244
240 245
240 263
240 266
240 289
240 293
240 297
240 299
240 312
240 314
240 319
240 326
240 330
241 253
241 256
241 267
241 271
241 280
241 284
241 298
241 305
241 315
241 321
241 339
241 342
241 345
242 257
242 260
242 275
242 294
242 296
242 297
242 306
242 308
242 314
242 321
242 328
242 332
242 335
243 246
243 294
243 297
243 301
243 305
243 314
243 337
244 262
244 268
244 275
244 285
244 286
244 299
244 300
244 301
244 308
244 315
244 321
244 326
244 334
245 269
245 275
245 341
246 262
246 272
246 293
246 314
246 325
246 327
246 331
246 334
246 339
247 251
247 255
247 265
247 268
247 272
247 274
247 285
247 315
247 336
247 340
248 251
248 255
248 264
248 266
248 267
248 268
248 272
248 286
248 298
248 309
248 314
248 325
248 342
248 344
248 349
249 260
249 285
249 286
249 296
249 307
249 311
249 313
249 337
249 344
249 346
250 265
250 278
250 284
250 285
250 309
250 320
250 323
251 254
251 271
251 296
251 306
251 309
251 329
252 276
252 289
252 293
252 313
252 314
252 330
252 337
252 344
253 254
253 255
253 261
253 264
253 269
253 270
253 291
253 304
253 318
253 327
253 330
253 337
254 260
254 288
254 305
254 320
254 321
254 330
254 332
254 334
255 256
255 294
255 298
255 312
255 318
255 324
255 327
255 335
255 336
255 342
255 348
256 261
256 281
256 284
256 285
256 288
256 298
256 303
256 305
256 316
256 317
256 330
256 332
256 335
256 344
256 345
257 266
257 269
257 279
257 301
257 322
257 324
257 325
258 274
258 299
258 307
258 315
258 320
258 328
258 341
258 342
259 267
259 270
259 274
259 300
259 305
259 310
259 322
259 325
259 338
259 345
260 268
260 298
260 303
260 329
260 331
261 263
261 277
261 283
261 296
261 297
261 303
261 305
261 307
261 312
261 349
262 305
262 323
262 328
262 339
263 272
263 276
263 279
263 308
263 315
263 325
263 330
263 335
264 273
264 278
264 293
264 320
264 332
264 333
264 338
264 339
265 271
265 281
265 313
265 321
265 347
266 271
266 279
266 308
266 314
266 346
267 279
267 281
267 284
267 291
267 301
267 332
267 342
268 274
268 303
268 304
268 328
268 335
269 286
269 292
269 293
269 295
269 303
269 330
269 332
269 344
269 345
270 288
270 342
270 344
271 278
271 292
271 311
271 320
271 324
271 333
272 311
273 303
273 306
273 317
273 334
273 347
274 283
274 287
274 292
274 320
274 327
274 341
274 343
275 283
275 319
275 321
275 324
275 328
275 345
275 348
276 296
276 304
276 311
276 314
276 315
276 325
276 330
276 340
277 279
277 287
277 292
277 309
277 322
277 325
277 328
277 338
278 282
278 283
278 284
278 289
278 301
278 302
278 304
278 307
278 308
278 326
278 330
278 337
278 348
279 305
279 326
279 333
280 287
280 293
280 298
280 306
280 317
280 323
280 328
281 286
281 289
281 301
281 326
281 327
281 334
281 341
281 343
282 283
282 331
282 339
282 341
283 294
283 301
283 308
283 316
283 323
283 326
283 335
284 297
284 303
284 306
284 329
284 336
284 344
284 347
285 302
285 313
285 314
285 328
285 329
285 336
285 337
286 291
286 297
286 311
286 322
286 325
286 329
286 330
286 334
286 347
286 349
287 290
287 296
287 312
287 325
287 339
287 345
288 291
288 302
288 317
288 322
288 325
288 327
289 297
289 304
289 306
289 307
289 310
289 316
289 319
289 336
290 301
290 317
291 292
291 293
291 314
292 296
292 298
292 308
292 316
292 341
292 344
292 347
293 298
293 299
293 306
293 314
293 324
293 335
293 341
294 297
294 303
294 325
294 334
294 338
294 340
294 342
295 308
295 311
295 321
295 336
296 301
296 310
296 323
296 328
296 336
296 342
296 347
297 320
297 328
297 337
298 315
298 329
298 332
298 342
298 344
298 345
298 348
299 324
299 339
299 340
300 327
300 331
300 335
300 340
301 312
301 323
301 327
301 328
301 331
301 336
302 326
302 345
303 320
303 342
303 346
303 348
304 321
304 322
304 331
304 349
305 309
305 319
305 330
305 344
306 315
306 316
306 319
306 329
306 335
307 315
307 327
307 346
307 348
308 317
308 332
308 337
308 345
308 349
309 316
309 317
309 335
310 319
310 344
310 345
310 349
311 320
311 337
311 341
311 342
311 344
312 315
312 326
312 348
313 325
313 332
314 333
314 338
315 316
315 330
315 333
315 349
316 322
316 339
317 334
317 337
317 338
317 345
318 321
318 337
318 343
319 334
320 342
320 346
320 348
321 323
321 334
322 324
322 327
322 332
322 336
322 345
322 349
323 329
323 335
323 337
324 342
324 344
325 345
326 328
326 340
327 332
327 342
327 348
328 330
328 332
328 341
328 342
328 345
328 348
329 339
330 336
330 342
330 345
330 348
331 339
333 340
334 341
336 340
336 346
338 349
339 348
340 344
341 346
345 346
123 126 113 89 88 15 268 137 311 122 199 336 316 302 326 143 299
236 16 70 47 267 171 139 225 164 140 180 69 234 276 116 129 313
205 86 345 150 327 242 105 52 148 221 187 117 239 82 32 310 55
292 21 208 24 342 64 58 349 163 72 48 111 8 26 233 229 329
232 213 87 38 260 246 240 77 283 159 344 247 331 263 41 54 258
136 261 294 289 257 328 9 222 301 57 315 19 14 255 237 227 79
157 153 300 190 115 194 284 198 65 202 333 118 73 218 27 195 269
155 152 287 90 80 249 104 142 62 99 167 200 197 324 282 259 196
33 238 209 335 132 128 343 81 244 291 56 28 76 169 270 96 241
92 318 74 321 6 307 168 346 341 53 133 193 312 106 266 102 314
119 253 85 212 100 42 110 97 154 183 151 245 18 297 44 36 248
271 177 0 230 285 49 262 224 250 156 141 29 103 286 252 296 66
189 348 188 43 322 17 3 280 93 91 165 158 338 98 175 298 134
275 181 243 288 78 254 226 37 223 332 182 83 215 217 25 107 319
34 138 279 22 306 161 192 40 334 186 347 1 295 256 13 214 146
109 211 149 179 330 264 308 207 75 20 4 206 35 127 39 235 170
337 162 160 201 2 191 305 325 323 7 84 31 124 71 272 94 219
278 131 114 46 121 203 23 228 281 273 172 30 173 68 293 10 220
59 309 274 130 5 60 339 61 95 67 166 63 317 51 320 112 277
11 231 290 303 251 184 45 210 304 144 174 108 176 340 185 101 147
50 178 145 12 120 216 265 204 125 135
