350
5976
5
0 1
0 2
0 7
0 14
0 56
0 62
0 63
0 68
0 69
0 73
0 78
0 90
0 94
0 98
0 106
0 118
0 134
0 153
0 168
0 202
0 225
0 240
0 248
0 259
0 271
0 282
0 292
0 294
0 299
0 303
0 313
0 319
0 320
0 337
1 2
1 15
1 30
1 40
1 43
1 45
1 51
1 62
1 78
1 93
1 105
1 109
1 123
1 125
1 130
1 151
1 159
1 162
1 170
1 193
1 194
1 197
1 198
1 199
1 203
1 226
1 230
1 234
1 235
1 251
1 260
1 262
1 273
1 291
1 293
1 314
1 315
1 328
1 333
1 337
1 347
1 349
2 6
2 12
2 14
2 43
2 53
2 59
2 75
2 78
2 112
2 119
2 143
2 155
2 183
2 195
2 201
2 219
2 226
2 230
2 246
2 267
2 270
2 280
2 282
2 301
2 307
2 309
2 312
2 321
2 335
2 344
3 6
3 9
3 16
3 24
3 27
3 33
3 36
3 38
3 49
3 83
3 101
3 124
3 127
3 131
3 150
3 172
3 184
3 187
3 192
3 244
3 255
3 257
3 295
3 297
3 304
3 314
3 317
3 324
3 325
3 348
4 20
4 24
4 27
4 46
4 61
4 87
4 93
4 109
4 126
4 131
4 133
4 142
4 147
4 171
4 179
4 184
4 199
4 204
4 224
4 226
4 229
4 235
4 260
4 262
4 265
4 268
4 271
4 305
4 314
4 321
4 322
4 325
4 328
4 345
4 348
5 19
5 32
5 35
5 68
5 70
5 72
5 74
5 82
5 88
5 95
5 102
5 116
5 130
5 131
5 153
5 179
5 195
5 204
5 206
5 211
5 228
5 233
5 240
5 243
5 245
5 262
5 270
5 312
5 329
5 333
6 17
6 19
6 31
6 45
6 59
6 60
6 70
6 119
6 121
6 123
6 126
6 128
6 130
6 132
6 140
6 153
6 170
6 179
6 202
6 204
6 205
6 231
6 247
6 259
6 270
6 277
6 278
6 286
6 293
6 297
6 306
6 312
6 318
6 343
6 347
7 14
7 28
7 38
7 40
7 55
7 61
7 75
7 92
7 98
7 101
7 111
7 117
7 121
7 130
7 151
7 153
7 156
7 158
7 159
7 160
7 204
7 230
7 233
7 238
7 282
7 290
7 320
7 340
7 343
7 344
8 12
8 15
8 25
8 27
8 51
8 67
8 86
8 90
8 96
8 98
8 112
8 114
8 128
8 129
8 130
8 137
8 171
8 174
8 180
8 190
8 195
8 203
8 209
8 214
8 216
8 237
8 260
8 265
8 268
8 271
8 274
8 276
8 284
8 285
8 308
8 309
8 318
8 339
8 347
8 348
9 27
9 31
9 38
9 58
9 66
9 70
9 81
9 93
9 122
9 139
9 141
9 155
9 168
9 172
9 174
9 178
9 179
9 222
9 235
9 284
9 295
9 323
9 336
9 338
9 340
9 346
10 19
10 36
10 39
10 43
10 50
10 60
10 68
10 70
10 73
10 92
10 93
10 94
10 101
10 110
10 116
10 118
10 123
10 127
10 139
10 140
10 143
10 162
10 167
10 168
10 172
10 193
10 204
10 206
10 209
10 214
10 216
10 218
10 238
10 243
10 245
10 263
10 271
10 306
10 315
10 322
10 326
11 23
11 35
11 60
11 68
11 73
11 75
11 80
11 81
11 87
11 89
11 92
11 93
11 110
11 114
11 118
11 119
11 120
11 130
11 132
11 165
11 191
11 200
11 206
11 208
11 213
11 219
11 228
11 237
11 255
11 275
11 281
11 286
11 288
11 292
11 301
11 302
11 306
11 328
11 334
11 337
11 338
12 20
12 31
12 42
12 49
12 75
12 81
12 82
12 103
12 111
12 124
12 146
12 172
12 173
12 176
12 197
12 206
12 219
12 226
12 231
12 246
12 255
12 280
12 284
12 286
12 287
12 320
12 325
13 28
13 49
13 83
13 98
13 99
13 113
13 137
13 142
13 143
13 180
13 193
13 195
13 200
13 209
13 213
13 217
13 223
13 237
13 243
13 250
13 251
13 261
13 265
13 305
13 306
13 310
13 323
13 324
13 335
14 39
14 40
14 41
14 47
14 54
14 55
14 58
14 75
14 90
14 110
14 113
14 118
14 119
14 164
14 178
14 180
14 190
14 207
14 214
14 217
14 220
14 237
14 239
14 240
14 246
14 265
14 287
14 290
14 306
14 308
14 326
14 330
14 333
14 342
14 347
15 19
15 42
15 84
15 98
15 120
15 130
15 142
15 155
15 164
15 165
15 173
15 181
15 188
15 190
15 215
15 226
15 228
15 247
15 248
15 262
15 264
15 267
15 285
15 287
15 297
15 317
15 344
16 30
16 44
16 47
16 69
16 75
16 82
16 98
16 111
16 116
16 125
16 128
16 129
16 143
16 148
16 152
16 154
16 162
16 173
16 188
16 199
16 221
16 223
16 234
16 248
16 256
16 264
16 271
16 275
16 295
16 299
16 308
16 320
16 343
17 33
17 41
17 44
17 45
17 55
17 58
17 61
17 70
17 94
17 120
17 128
17 129
17 148
17 149
17 158
17 161
17 167
17 169
17 172
17 174
17 175
17 182
17 194
17 220
17 225
17 239
17 256
17 260
17 279
17 290
17 291
17 300
17 309
17 317
17 326
17 334
17 345
18 38
18 75
18 85
18 109
18 114
18 128
18 139
18 144
18 146
18 151
18 181
18 189
18 213
18 224
18 239
18 242
18 244
18 249
18 252
18 257
18 273
18 284
18 287
18 293
18 314
18 315
18 322
18 324
19 29
19 69
19 95
19 104
19 121
19 140
19 141
19 142
19 166
19 175
19 188
19 203
19 224
19 228
19 239
19 246
19 247
19 248
19 254
19 260
19 273
19 277
19 296
19 308
19 319
19 348
20 23
20 55
20 68
20 77
20 79
20 107
20 124
20 132
20 144
20 150
20 157
20 163
20 189
20 229
20 244
20 245
20 246
20 253
20 257
20 268
20 269
20 283
20 290
20 295
20 296
20 307
20 321
20 325
20 336
20 338
20 349
21 29
21 30
21 54
21 57
21 60
21 63
21 77
21 79
21 83
21 104
21 113
21 127
21 139
21 160
21 164
21 166
21 174
21 184
21 196
21 205
21 207
21 218
21 223
21 227
21 232
21 257
21 267
21 274
21 276
21 293
21 312
21 328
21 329
21 338
22 26
22 28
22 34
22 38
22 42
22 57
22 76
22 83
22 88
22 107
22 109
22 112
22 131
22 135
22 140
22 153
22 157
22 160
22 162
22 171
22 192
22 194
22 202
22 238
22 239
22 247
22 251
22 293
22 296
22 309
22 313
22 319
22 336
22 343
22 347
23 43
23 54
23 67
23 71
23 86
23 115
23 130
23 131
23 144
23 164
23 172
23 178
23 190
23 210
23 227
23 233
23 243
23 247
23 254
23 278
23 283
23 294
23 299
23 307
23 309
23 324
23 328
23 342
24 32
24 65
24 68
24 74
24 75
24 92
24 96
24 99
24 102
24 105
24 122
24 123
24 136
24 158
24 162
24 182
24 184
24 196
24 201
24 202
24 211
24 228
24 230
24 238
24 252
24 269
24 276
24 292
24 294
24 300
24 308
24 314
24 326
24 340
24 345
25 28
25 40
25 44
25 72
25 100
25 112
25 136
25 142
25 154
25 156
25 159
25 161
25 184
25 195
25 203
25 214
25 225
25 228
25 235
25 264
25 268
25 277
25 287
25 315
25 347
26 30
26 35
26 37
26 38
26 59
26 62
26 86
26 108
26 112
26 122
26 124
26 130
26 138
26 148
26 153
26 170
26 172
26 181
26 186
26 190
26 191
26 193
26 203
26 219
26 243
26 253
26 255
26 260
26 292
26 298
26 311
26 322
26 328
26 330
27 40
27 46
27 47
27 79
27 80
27 86
27 98
27 109
27 113
27 123
27 125
27 134
27 136
27 145
27 149
27 150
27 151
27 177
27 205
27 211
27 216
27 221
27 225
27 245
27 246
27 268
27 289
27 295
27 298
27 318
27 325
27 329
27 338
28 54
28 70
28 76
28 77
28 78
28 79
28 87
28 97
28 113
28 117
28 127
28 128
28 134
28 147
28 155
28 161
28 170
28 182
28 184
28 190
28 199
28 209
28 213
28 214
28 230
28 248
28 250
28 270
28 288
28 290
28 292
28 293
28 301
28 305
28 312
28 317
28 329
28 333
28 336
29 38
29 52
29 61
29 71
29 92
29 97
29 99
29 103
29 123
29 137
29 166
29 169
29 178
29 209
29 211
29 253
29 254
29 260
29 261
29 263
29 276
29 283
29 289
29 301
29 312
29 314
29 318
29 321
29 331
29 335
29 336
29 343
29 349
30 40
30 46
30 106
30 114
30 116
30 127
30 150
30 159
30 172
30 192
30 239
30 253
30 258
30 277
30 284
30 292
30 294
30 308
30 311
30 332
30 346
31 33
31 34
31 43
31 46
31 52
31 72
31 77
31 89
31 94
31 106
31 122
31 133
31 138
31 147
31 150
31 169
31 172
31 173
31 175
31 178
31 182
31 187
31 195
31 205
31 220
31 230
31 240
31 247
31 252
31 283
31 291
31 298
31 338
31 344
32 47
32 49
32 57
32 66
32 71
32 79
32 86
32 93
32 95
32 108
32 128
32 151
32 161
32 181
32 184
32 199
32 248
32 250
32 252
32 255
32 256
32 278
32 291
32 299
32 308
32 310
32 316
32 317
32 318
32 330
32 338
33 34
33 40
33 77
33 79
33 80
33 91
33 94
33 99
33 104
33 135
33 140
33 142
33 144
33 152
33 159
33 166
33 169
33 181
33 184
33 196
33 231
33 241
33 246
33 250
33 260
33 278
33 294
33 308
33 310
33 314
33 327
33 346
34 43
34 45
34 51
34 73
34 78
34 80
34 104
34 125
34 129
34 181
34 198
34 208
34 214
34 218
34 239
34 241
34 244
34 250
34 256
34 268
34 277
34 284
34 287
34 290
34 304
34 308
34 326
34 334
34 336
35 46
35 62
35 63
35 65
35 70
35 88
35 99
35 107
35 108
35 120
35 130
35 148
35 155
35 161
35 163
35 170
35 172
35 176
35 178
35 192
35 200
35 220
35 242
35 251
35 255
35 261
35 267
35 270
35 273
35 281
35 284
35 289
35 306
35 308
35 314
35 319
35 320
35 321
35 327
35 328
35 329
35 331
35 336
35 341
35 342
35 346
35 348
36 63
36 66
36 68
36 83
36 89
36 129
36 133
36 145
36 146
36 149
36 160
36 167
36 171
36 182
36 185
36 193
36 198
36 217
36 221
36 226
36 233
36 238
36 259
36 262
36 263
36 272
36 274
36 280
36 287
36 301
36 323
36 325
36 349
37 59
37 60
37 61
37 69
37 71
37 74
37 77
37 83
37 96
37 97
37 100
37 105
37 109
37 135
37 144
37 177
37 193
37 218
37 222
37 232
37 252
37 257
37 266
37 288
37 308
37 325
37 348
38 49
38 52
38 89
38 96
38 103
38 107
38 115
38 128
38 129
38 131
38 135
38 138
38 152
38 155
38 174
38 176
38 184
38 192
38 228
38 234
38 246
38 258
38 262
38 269
38 273
38 285
38 294
38 314
38 322
38 327
38 329
38 330
38 340
39 59
39 74
39 88
39 90
39 100
39 109
39 112
39 116
39 120
39 126
39 127
39 139
39 154
39 157
39 171
39 190
39 192
39 205
39 206
39 208
39 209
39 239
39 259
39 263
39 269
39 272
39 288
39 291
39 303
39 305
39 309
39 321
39 327
39 331
39 345
40 47
40 68
40 94
40 110
40 113
40 134
40 142
40 150
40 155
40 166
40 177
40 185
40 188
40 202
40 214
40 215
40 224
40 225
40 235
40 239
40 243
40 253
40 286
40 308
40 317
40 323
40 327
40 340
40 347
40 348
41 53
41 73
41 78
41 83
41 94
41 105
41 111
41 118
41 146
41 147
41 150
41 174
41 193
41 197
41 231
41 236
41 243
41 244
41 249
41 252
41 263
41 280
41 281
41 295
41 317
41 325
41 341
42 74
42 98
42 100
42 109
42 110
42 147
42 152
42 159
42 160
42 164
42 165
42 170
42 171
42 176
42 203
42 207
42 208
42 210
42 217
42 219
42 245
42 252
42 262
42 266
42 275
42 303
42 309
42 310
42 317
42 335
42 340
42 343
42 345
42 349
43 61
43 73
43 80
43 91
43 94
43 100
43 108
43 118
43 176
43 181
43 183
43 197
43 198
43 215
43 218
43 223
43 243
43 248
43 264
43 268
43 278
43 279
43 282
43 292
43 298
43 328
43 331
43 339
43 344
43 349
44 60
44 66
44 67
44 80
44 82
44 92
44 98
44 113
44 115
44 117
44 124
44 128
44 130
44 140
44 143
44 162
44 186
44 187
44 189
44 197
44 238
44 246
44 248
44 269
44 272
44 285
44 286
44 294
44 307
44 311
44 315
44 334
44 335
44 337
44 339
44 342
44 347
45 46
45 53
45 61
45 71
45 72
45 90
45 93
45 94
45 105
45 113
45 121
45 123
45 130
45 131
45 148
45 158
45 161
45 164
45 174
45 192
45 195
45 197
45 198
45 199
45 208
45 214
45 238
45 252
45 254
45 258
45 292
45 295
45 308
45 323
45 344
46 48
46 63
46 77
46 83
46 89
46 91
46 92
46 99
46 124
46 126
46 146
46 147
46 167
46 168
46 181
46 185
46 186
46 217
46 223
46 236
46 246
46 249
46 255
46 256
46 257
46 300
46 314
46 319
46 330
46 338
46 345
47 52
47 55
47 69
47 70
47 93
47 96
47 126
47 145
47 146
47 149
47 154
47 167
47 176
47 177
47 182
47 199
47 246
47 247
47 265
47 273
47 274
47 307
47 310
47 320
47 332
47 338
48 58
48 61
48 63
48 81
48 98
48 103
48 115
48 116
48 119
48 133
48 137
48 145
48 156
48 162
48 175
48 183
48 194
48 204
48 205
48 214
48 220
48 224
48 244
48 250
48 256
48 274
48 280
48 284
48 286
48 294
48 302
48 305
48 331
48 333
48 336
49 50
49 52
49 60
49 61
49 63
49 78
49 92
49 98
49 110
49 123
49 124
49 127
49 132
49 140
49 141
49 147
49 159
49 164
49 198
49 201
49 205
49 206
49 241
49 243
49 247
49 249
49 276
49 279
49 281
49 292
49 303
49 306
49 324
49 338
49 339
49 342
50 61
50 67
50 70
50 78
50 85
50 91
50 98
50 108
50 146
50 148
50 150
50 171
50 200
50 205
50 216
50 218
50 221
50 227
50 234
50 240
50 269
50 274
50 285
50 293
50 303
50 310
50 315
50 330
50 333
50 336
50 338
50 344
50 346
51 56
51 59
51 64
51 77
51 84
51 86
51 111
51 127
51 132
51 144
51 146
51 155
51 157
51 179
51 194
51 205
51 209
51 212
51 216
51 220
51 229
51 237
51 241
51 263
51 301
51 312
51 328
51 330
52 55
52 77
52 80
52 96
52 105
52 114
52 132
52 149
52 158
52 162
52 181
52 184
52 194
52 199
52 238
52 272
52 281
52 286
52 296
52 300
52 302
52 309
52 323
52 330
52 343
52 345
53 54
53 55
53 57
53 60
53 72
53 100
53 121
53 124
53 149
53 151
53 162
53 164
53 179
53 180
53 193
53 194
53 224
53 226
53 232
53 243
53 244
53 247
53 252
53 254
53 258
53 261
53 271
53 280
53 286
53 288
53 290
53 316
53 318
53 320
53 325
53 333
53 335
53 346
53 347
54 67
54 77
54 83
54 121
54 134
54 142
54 146
54 157
54 159
54 164
54 172
54 175
54 187
54 194
54 208
54 214
54 215
54 223
54 236
54 241
54 263
54 269
54 299
54 309
54 313
54 329
54 341
55 80
55 81
55 89
55 98
55 113
55 118
55 127
55 134
55 138
55 145
55 151
55 158
55 167
55 171
55 176
55 200
55 202
55 222
55 229
55 234
55 247
55 258
55 259
55 262
55 264
55 271
55 316
55 320
55 324
55 347
56 57
56 70
56 72
56 86
56 90
56 107
56 118
56 121
56 131
56 137
56 139
56 145
56 160
56 179
56 189
56 193
56 194
56 199
56 217
56 219
56 232
56 241
56 245
56 247
56 255
56 261
56 263
56 267
56 278
56 284
56 295
56 299
56 301
56 343
57 60
57 66
57 74
57 79
57 84
57 105
57 108
57 111
57 131
57 147
57 148
57 193
57 197
57 202
57 205
57 211
57 229
57 241
57 248
57 256
57 264
57 274
57 294
57 298
57 309
57 310
57 328
57 333
57 345
57 349
58 59
58 69
58 88
58 93
58 95
58 100
58 105
58 109
58 123
58 125
58 132
58 161
58 163
58 176
58 177
58 180
58 203
58 217
58 231
58 240
58 245
58 262
58 270
58 291
58 293
58 301
58 317
58 324
58 338
58 344
58 348
59 63
59 86
59 91
59 100
59 108
59 138
59 139
59 161
59 164
59 168
59 179
59 195
59 196
59 199
59 206
59 252
59 260
59 283
59 287
59 293
59 300
59 302
59 344
60 71
60 75
60 82
60 85
60 86
60 88
60 93
60 98
60 124
60 131
60 138
60 140
60 154
60 171
60 192
60 200
60 206
60 216
60 232
60 241
60 266
60 267
60 269
60 273
60 278
60 304
60 316
60 320
60 346
61 67
61 70
61 82
61 84
61 90
61 103
61 105
61 138
61 140
61 147
61 148
61 201
61 216
61 224
61 229
61 232
61 233
61 244
61 245
61 255
61 268
61 283
61 311
61 342
61 349
62 71
62 85
62 87
62 117
62 122
62 148
62 181
62 195
62 205
62 206
62 222
62 244
62 257
62 262
62 268
62 287
62 301
62 305
62 318
62 322
62 324
62 334
62 336
62 346
63 65
63 69
63 93
63 99
63 125
63 150
63 153
63 155
63 173
63 190
63 191
63 194
63 222
63 235
63 247
63 252
63 269
63 285
63 305
63 314
63 315
63 316
63 331
63 337
64 68
64 95
64 102
64 111
64 113
64 126
64 127
64 159
64 161
64 163
64 201
64 214
64 227
64 229
64 232
64 234
64 260
64 274
64 296
64 300
64 306
64 317
64 321
64 327
64 330
64 335
64 344
65 80
65 83
65 105
65 113
65 114
65 142
65 143
65 150
65 159
65 161
65 162
65 176
65 179
65 197
65 203
65 219
65 230
65 263
65 276
65 280
65 296
65 302
65 312
65 314
65 322
65 345
65 346
65 347
66 70
66 87
66 110
66 113
66 121
66 124
66 141
66 160
66 167
66 177
66 187
66 192
66 196
66 200
66 210
66 225
66 226
66 272
66 296
66 310
66 311
66 314
66 319
66 321
66 324
66 349
67 103
67 104
67 110
67 160
67 168
67 170
67 198
67 199
67 206
67 257
67 268
67 283
67 292
67 305
67 322
67 325
67 332
67 339
67 342
68 69
68 77
68 80
68 94
68 101
68 104
68 131
68 134
68 137
68 148
68 150
68 158
68 165
68 168
68 170
68 178
68 185
68 187
68 188
68 192
68 219
68 228
68 232
68 236
68 245
68 255
68 260
68 266
68 278
68 286
68 289
68 308
68 327
68 330
68 338
68 341
69 82
69 96
69 116
69 124
69 126
69 132
69 142
69 143
69 154
69 180
69 183
69 207
69 212
69 218
69 235
69 266
69 272
69 280
69 303
69 304
69 314
69 343
69 344
70 75
70 88
70 111
70 116
70 117
70 126
70 130
70 139
70 141
70 146
70 149
70 157
70 166
70 170
70 178
70 186
70 187
70 194
70 211
70 218
70 219
70 222
70 224
70 245
70 263
70 271
70 273
70 282
70 283
70 309
70 315
70 318
70 321
70 340
71 77
71 81
71 167
71 169
71 186
71 200
71 210
71 212
71 214
71 217
71 221
71 222
71 226
71 227
71 230
71 254
71 265
71 293
71 299
71 308
71 320
71 326
71 347
71 349
72 81
72 82
72 89
72 99
72 124
72 126
72 130
72 131
72 158
72 160
72 165
72 172
72 176
72 180
72 185
72 187
72 194
72 210
72 211
72 225
72 248
72 250
72 254
72 267
72 269
72 273
72 278
72 291
72 319
72 330
72 336
72 344
72 346
73 87
73 91
73 106
73 116
73 123
73 133
73 148
73 151
73 155
73 157
73 180
73 205
73 210
73 216
73 217
73 218
73 219
73 229
73 236
73 237
73 242
73 252
73 255
73 270
73 280
73 282
73 291
73 294
73 324
73 349
74 83
74 97
74 98
74 104
74 112
74 134
74 139
74 149
74 156
74 159
74 160
74 164
74 182
74 186
74 213
74 219
74 221
74 232
74 242
74 257
74 259
74 267
74 270
74 273
74 277
74 290
74 298
74 301
74 336
74 344
75 106
75 108
75 109
75 121
75 130
75 139
75 141
75 163
75 176
75 188
75 193
75 214
75 220
75 223
75 234
75 240
75 242
75 245
75 252
75 270
75 276
75 297
75 302
75 314
75 319
75 321
75 331
76 83
76 92
76 93
76 101
76 147
76 186
76 188
76 217
76 230
76 233
76 234
76 236
76 244
76 246
76 252
76 254
76 273
76 286
76 293
76 294
76 305
76 326
76 327
76 332
76 335
77 85
77 91
77 104
77 118
77 123
77 138
77 170
77 176
77 185
77 190
77 198
77 203
77 205
77 222
77 238
77 244
77 275
77 286
77 289
77 292
77 316
77 325
77 330
77 335
77 345
77 346
78 83
78 98
78 106
78 110
78 131
78 138
78 140
78 142
78 143
78 153
78 157
78 167
78 180
78 183
78 190
78 195
78 212
78 218
78 232
78 240
78 243
78 259
78 283
78 336
78 344
79 89
79 96
79 105
79 115
79 136
79 137
79 144
79 145
79 161
79 169
79 186
79 192
79 197
79 198
79 222
79 229
79 233
79 260
79 304
79 318
79 329
79 330
79 331
79 336
80 83
80 98
80 118
80 131
80 151
80 155
80 156
80 157
80 174
80 179
80 190
80 195
80 197
80 221
80 223
80 237
80 244
80 245
80 250
80 256
80 271
80 282
80 283
80 284
80 299
80 300
80 306
80 319
80 322
80 328
80 338
80 344
81 84
81 86
81 105
81 109
81 117
81 118
81 153
81 193
81 194
81 205
81 213
81 218
81 221
81 247
81 268
81 269
81 272
81 287
81 295
81 309
81 311
81 322
81 326
81 340
81 343
81 348
82 101
82 106
82 116
82 132
82 168
82 188
82 189
82 192
82 200
82 211
82 217
82 236
82 238
82 244
82 252
82 254
82 265
82 287
82 291
82 299
82 313
82 324
82 332
82 336
82 340
83 85
83 99
83 109
83 111
83 115
83 122
83 123
83 129
83 139
83 140
83 143
83 154
83 193
83 195
83 196
83 200
83 209
83 227
83 240
83 242
83 244
83 256
83 261
83 269
83 270
83 283
83 307
83 317
84 93
84 94
84 96
84 121
84 127
84 138
84 139
84 146
84 152
84 159
84 162
84 164
84 178
84 180
84 214
84 225
84 227
84 228
84 248
84 253
84 262
84 266
84 272
84 275
84 281
84 283
84 294
84 325
84 338
84 344
84 349
85 106
85 114
85 117
85 137
85 139
85 148
85 154
85 171
85 180
85 189
85 217
85 238
85 247
85 252
85 255
85 259
85 262
85 267
85 282
85 283
85 284
85 316
85 329
85 335
85 342
86 107
86 109
86 111
86 114
86 121
86 124
86 129
86 137
86 144
86 155
86 165
86 199
86 203
86 209
86 219
86 239
86 246
86 249
86 258
86 279
86 283
86 284
86 300
86 303
86 314
86 349
87 97
87 109
87 135
87 136
87 151
87 154
87 157
87 167
87 185
87 187
87 203
87 213
87 216
87 220
87 246
87 247
87 253
87 266
87 269
87 276
87 283
87 305
87 339
87 348
88 92
88 94
88 106
88 127
88 133
88 134
88 145
88 148
88 153
88 157
88 161
88 163
88 169
88 182
88 197
88 202
88 222
88 226
88 232
88 246
88 251
88 283
88 285
88 287
88 288
88 299
88 308
88 312
88 327
88 332
88 349
89 102
89 114
89 122
89 124
89 126
89 127
89 133
89 135
89 148
89 151
89 162
89 168
89 171
89 182
89 188
89 190
89 191
89 193
89 203
89 214
89 216
89 261
89 273
89 285
89 286
89 307
89 330
89 337
89 338
89 339
89 341
90 94
90 100
90 111
90 121
90 128
90 138
90 174
90 183
90 186
90 191
90 194
90 197
90 204
90 212
90 216
90 232
90 243
90 244
90 245
90 247
90 255
90 258
90 291
90 325
90 327
90 334
90 347
91 99
91 110
91 123
91 126
91 128
91 138
91 140
91 145
91 148
91 150
91 151
91 154
91 164
91 194
91 201
91 207
91 208
91 237
91 244
91 252
91 254
91 260
91 266
91 277
91 288
91 299
91 302
91 303
91 311
91 330
92 93
92 103
92 130
92 139
92 172
92 174
92 226
92 238
92 254
92 256
92 258
92 303
92 317
92 330
92 333
92 336
92 349
93 95
93 98
93 118
93 136
93 150
93 157
93 166
93 168
93 178
93 200
93 222
93 223
93 236
93 280
93 287
93 293
93 305
93 347
94 109
94 113
94 118
94 125
94 127
94 152
94 158
94 159
94 167
94 175
94 180
94 193
94 199
94 217
94 218
94 219
94 240
94 244
94 259
94 265
94 270
94 282
94 292
94 338
94 341
94 343
95 97
95 106
95 110
95 118
95 119
95 123
95 127
95 128
95 148
95 161
95 176
95 179
95 181
95 186
95 192
95 194
95 204
95 221
95 229
95 235
95 242
95 249
95 269
95 290
95 317
95 348
96 105
96 107
96 147
96 148
96 149
96 166
96 168
96 173
96 177
96 186
96 188
96 203
96 205
96 214
96 220
96 228
96 234
96 237
96 251
96 253
96 257
96 260
96 280
96 281
96 303
96 318
96 321
96 322
96 343
97 100
97 105
97 115
97 120
97 122
97 127
97 132
97 134
97 149
97 150
97 157
97 160
97 164
97 166
97 176
97 182
97 187
97 190
97 210
97 234
97 245
97 253
97 269
97 295
97 300
97 302
97 307
97 313
97 328
97 347
98 99
98 119
98 128
98 142
98 155
98 170
98 194
98 198
98 204
98 205
98 208
98 223
98 224
98 245
98 263
98 273
98 323
98 330
99 122
99 123
99 134
99 137
99 150
99 153
99 156
99 176
99 185
99 218
99 223
99 228
99 253
99 262
99 272
99 296
99 305
99 313
99 317
99 321
99 323
99 340
99 347
100 101
100 146
100 160
100 168
100 178
100 183
100 185
100 187
100 189
100 195
100 196
100 204
100 216
100 218
100 232
100 243
100 253
100 259
100 266
100 285
100 289
100 295
100 297
100 341
101 103
101 117
101 123
101 149
101 153
101 170
101 192
101 201
101 214
101 219
101 221
101 226
101 238
101 252
101 283
101 307
101 323
101 335
101 339
101 348
102 105
102 106
102 109
102 115
102 141
102 148
102 151
102 163
102 168
102 172
102 212
102 213
102 226
102 265
102 292
102 293
102 312
102 316
102 333
102 334
102 335
102 348
103 108
103 114
103 133
103 141
103 144
103 160
103 169
103 187
103 203
103 213
103 242
103 254
103 258
103 268
103 270
103 271
103 283
103 286
103 296
103 302
103 304
103 313
103 322
103 331
103 335
103 337
103 339
104 105
104 111
104 143
104 161
104 184
104 186
104 187
104 189
104 199
104 206
104 208
104 226
104 243
104 256
104 257
104 280
104 283
104 286
104 295
104 301
104 338
104 343
105 122
105 134
105 137
105 139
105 142
105 147
105 180
105 221
105 230
105 231
105 264
105 267
105 281
105 289
105 296
105 333
106 124
106 128
106 131
106 132
106 148
106 164
106 173
106 176
106 177
106 182
106 218
106 241
106 245
106 247
106 252
106 253
106 256
106 259
106 280
106 339
106 340
106 347
107 119
107 120
107 127
107 155
107 172
107 183
107 184
107 187
107 195
107 200
107 206
107 226
107 234
107 241
107 244
107 270
107 276
107 282
107 288
107 295
107 304
107 326
107 336
107 349
108 116
108 119
108 131
108 136
108 138
108 161
108 162
108 171
108 217
108 221
108 233
108 247
108 264
108 275
108 281
108 286
108 288
108 290
108 298
108 302
108 311
108 328
108 332
108 347
109 111
109 119
109 138
109 144
109 146
109 147
109 151
109 157
109 158
109 159
109 168
109 172
109 218
109 224
109 235
109 248
109 250
109 259
109 279
109 290
109 296
109 303
109 315
109 335
109 336
110 124
110 125
110 134
110 148
110 164
110 189
110 199
110 216
110 227
110 235
110 251
110 271
110 278
110 314
110 331
110 341
110 345
110 348
111 114
111 115
111 136
111 140
111 142
111 165
111 179
111 180
111 215
111 219
111 222
111 241
111 242
111 263
111 268
111 269
111 272
111 287
111 289
111 325
111 342
112 120
112 124
112 125
112 126
112 131
112 148
112 153
112 159
112 166
112 216
112 233
112 248
112 249
112 250
112 266
112 291
112 297
112 340
113 121
113 124
113 148
113 153
113 157
113 164
113 174
113 198
113 201
113 227
113 229
113 232
113 240
113 243
113 246
113 258
113 263
113 273
113 280
113 288
113 290
113 295
113 298
113 303
113 313
113 335
113 339
113 342
114 130
114 133
114 139
114 149
114 150
114 151
114 168
114 173
114 176
114 181
114 196
114 206
114 208
114 215
114 217
114 218
114 225
114 262
114 264
114 290
114 293
114 305
114 315
114 339
115 122
115 152
115 156
115 158
115 169
115 171
115 190
115 197
115 205
115 206
115 230
115 237
115 246
115 254
115 256
115 264
115 274
115 278
115 300
115 303
115 346
116 122
116 136
116 148
116 167
116 187
116 216
116 223
116 226
116 241
116 249
116 253
116 255
116 272
116 276
116 294
116 297
116 311
116 313
116 319
116 333
116 344
117 118
117 121
117 126
117 129
117 166
117 176
117 181
117 183
117 186
117 189
117 193
117 196
117 205
117 206
117 218
117 232
117 233
117 245
117 276
117 281
117 297
117 306
117 312
117 314
117 316
117 317
117 322
117 333
117 335
118 132
118 145
118 151
118 154
118 155
118 171
118 179
118 194
118 195
118 201
118 207
118 219
118 230
118 233
118 242
118 252
118 261
118 268
118 269
118 270
118 279
118 291
118 295
118 309
118 332
118 348
119 127
119 130
119 150
119 170
119 172
119 177
119 194
119 202
119 213
119 218
119 231
119 247
119 252
119 255
119 258
119 270
119 274
119 295
119 307
119 308
119 314
119 333
119 341
119 344
119 347
119 348
119 349
120 125
120 129
120 134
120 148
120 159
120 161
120 169
120 172
120 208
120 210
120 211
120 214
120 219
120 245
120 259
120 261
120 270
120 276
120 277
120 284
120 314
120 340
120 343
121 129
121 131
121 153
121 177
121 178
121 186
121 187
121 188
121 196
121 200
121 202
121 206
121 218
121 222
121 247
121 265
121 275
121 285
121 286
121 323
122 129
122 149
122 159
122 163
122 164
122 168
122 192
122 203
122 207
122 214
122 220
122 240
122 247
122 270
122 278
122 284
122 290
122 291
122 294
122 295
122 308
122 309
122 319
122 320
122 321
122 331
122 335
122 343
122 349
123 149
123 154
123 196
123 217
123 225
123 244
123 252
123 283
123 299
123 300
123 305
123 322
123 335
123 344
123 345
124 125
124 131
124 152
124 153
124 164
124 177
124 217
124 226
124 238
124 240
124 248
124 252
124 255
124 259
124 266
124 267
124 276
124 285
124 293
124 295
124 308
124 314
124 325
124 334
124 342
125 127
125 139
125 152
125 171
125 180
125 182
125 197
125 204
125 217
125 220
125 222
125 241
125 256
125 294
125 296
125 297
125 298
125 303
125 308
125 315
125 330
126 148
126 149
126 154
126 168
126 169
126 187
126 196
126 206
126 228
126 252
126 257
126 267
126 284
126 306
126 315
126 330
126 331
126 335
126 344
126 348
127 147
127 153
127 175
127 186
127 192
127 202
127 213
127 215
127 221
127 229
127 231
127 308
127 312
127 345
128 141
128 167
128 177
128 191
128 204
128 208
128 244
128 245
128 267
128 270
128 281
128 293
128 296
128 312
128 331
128 335
128 342
129 131
129 161
129 207
129 225
129 235
129 238
129 249
129 258
129 268
129 270
129 294
129 325
129 329
130 131
130 153
130 164
130 166
130 167
130 169
130 172
130 176
130 234
130 245
130 251
130 252
130 255
130 259
130 291
130 296
130 299
130 319
130 321
130 330
130 345
130 348
131 145
131 161
131 167
131 169
131 177
131 179
131 187
131 188
131 189
131 190
131 199
131 211
131 229
131 234
131 284
131 291
131 310
131 315
131 342
132 141
132 155
132 156
132 160
132 169
132 172
132 178
132 181
132 201
132 214
132 223
132 229
132 232
132 234
132 254
132 268
132 282
132 293
132 294
132 315
132 329
132 336
133 143
133 156
133 164
133 168
133 187
133 193
133 207
133 208
133 226
133 244
133 255
133 293
133 295
133 305
133 320
133 327
133 328
133 335
133 336
133 339
134 148
134 169
134 181
134 184
134 191
134 192
134 200
134 201
134 207
134 208
134 209
134 218
134 234
134 292
134 342
135 138
135 159
135 171
135 175
135 176
135 177
135 184
135 211
135 212
135 222
135 227
135 236
135 254
135 260
135 272
135 278
135 290
135 291
135 317
135 319
135 323
135 329
135 342
136 142
136 145
136 150
136 169
136 178
136 179
136 184
136 204
136 213
136 224
136 230
136 236
136 250
136 275
136 289
136 294
136 304
136 313
136 314
136 318
136 319
136 328
136 336
136 338
136 339
136 342
136 349
137 139
137 144
137 153
137 154
137 174
137 199
137 210
137 217
137 243
137 244
137 263
137 266
137 275
137 278
137 280
137 291
137 295
137 300
137 309
137 317
137 344
138 143
138 161
138 162
138 170
138 178
138 193
138 205
138 210
138 224
138 236
138 251
138 256
138 260
138 263
138 278
138 291
138 304
138 305
138 308
138 313
138 328
138 335
139 159
139 170
139 172
139 183
139 188
139 191
139 193
139 211
139 215
139 228
139 254
139 266
139 284
139 295
139 296
139 306
139 307
139 318
139 320
139 323
139 329
139 343
140 156
140 176
140 210
140 215
140 224
140 237
140 246
140 253
140 278
140 296
140 304
140 319
140 329
140 331
140 340
140 341
141 142
141 143
141 147
141 150
141 152
141 155
141 164
141 165
141 168
141 181
141 212
141 224
141 228
141 234
141 243
141 257
141 272
141 275
141 278
141 297
141 305
141 306
141 325
142 160
142 181
142 182
142 183
142 213
142 222
142 233
142 237
142 250
142 259
142 260
142 278
142 288
142 289
142 308
142 319
142 331
142 340
142 345
142 348
142 349
143 147
143 160
143 185
143 198
143 201
143 217
143 228
143 232
143 243
143 248
143 252
143 260
143 302
143 306
143 311
143 312
143 331
143 339
143 342
143 348
144 159
144 192
144 252
144 256
144 272
144 281
144 305
144 319
144 344
144 346
144 347
145 162
145 164
145 167
145 184
145 211
145 221
145 230
145 254
145 256
145 259
145 264
145 285
145 286
145 300
145 308
145 315
145 320
145 334
145 341
146 159
146 166
146 168
146 188
146 203
146 206
146 212
146 225
146 238
146 243
146 252
146 256
146 258
146 259
146 268
146 280
146 289
146 318
146 321
146 337
146 339
147 153
147 163
147 172
147 181
147 190
147 204
147 240
147 260
147 271
147 282
147 286
147 288
147 302
147 308
147 311
147 315
147 319
147 323
147 324
147 325
147 335
147 338
147 341
148 152
148 216
148 224
148 237
148 240
148 243
148 245
148 253
148 257
148 261
148 262
148 268
148 276
148 278
148 284
148 300
148 311
148 318
148 322
149 165
149 170
149 173
149 181
149 189
149 194
149 195
149 202
149 217
149 218
149 222
149 231
149 252
149 270
149 280
149 281
149 283
149 286
149 298
149 308
149 310
149 325
149 340
149 345
150 154
150 168
150 194
150 198
150 221
150 226
150 239
150 250
150 253
150 262
150 286
150 339
151 158
151 161
151 170
151 171
151 173
151 176
151 182
151 187
151 193
151 211
151 215
151 229
151 231
151 232
151 247
151 253
151 272
151 283
151 287
151 289
151 299
151 301
151 309
151 319
151 345
152 153
152 169
152 176
152 201
152 218
152 223
152 229
152 230
152 231
152 235
152 252
152 274
152 317
152 325
152 329
152 330
152 344
152 346
153 192
153 195
153 196
153 215
153 238
153 259
153 274
153 286
153 288
153 302
153 310
153 314
153 324
153 337
153 345
153 347
153 348
154 164
154 167
154 169
154 170
154 195
154 196
154 208
154 226
154 236
154 242
154 254
154 255
154 262
154 263
154 265
154 270
154 285
154 286
154 301
154 304
154 308
154 320
154 332
154 346
155 159
155 167
155 175
155 190
155 192
155 208
155 229
155 233
155 243
155 254
155 257
155 262
155 265
155 270
155 275
155 295
155 307
155 310
155 325
155 326
155 327
155 333
156 165
156 174
156 212
156 231
156 233
156 245
156 256
156 264
156 267
156 287
156 305
156 306
156 318
156 319
156 333
156 338
156 343
157 180
157 181
157 183
157 187
157 194
157 208
157 241
157 242
157 254
157 268
157 291
157 294
157 295
157 303
157 313
157 314
157 316
157 317
157 332
158 180
158 191
158 221
158 225
158 227
158 233
158 246
158 251
158 253
158 259
158 260
158 265
158 270
158 286
158 287
158 290
158 291
158 293
158 295
158 301
158 324
158 327
158 331
158 333
158 337
159 167
159 173
159 186
159 189
159 196
159 197
159 203
159 213
159 220
159 225
159 236
159 238
159 267
159 273
159 277
159 282
159 288
159 308
160 166
160 171
160 185
160 186
160 190
160 207
160 225
160 238
160 268
160 278
160 309
160 316
160 344
161 169
161 175
161 191
161 201
161 205
161 220
161 226
161 277
161 299
161 320
161 325
161 347
162 164
162 170
162 171
162 180
162 190
162 195
162 202
162 227
162 232
162 247
162 249
162 256
162 259
162 263
162 266
162 274
162 279
162 282
162 297
162 299
162 304
162 312
162 331
162 335
162 337
162 343
162 347
163 165
163 178
163 179
163 184
163 222
163 229
163 231
163 245
163 247
163 259
163 269
163 271
163 293
163 304
163 305
163 313
163 341
163 346
164 174
164 182
164 183
164 188
164 201
164 208
164 215
164 228
164 235
164 260
164 262
164 270
164 301
164 313
165 171
165 187
165 191
165 209
165 229
165 241
165 242
165 260
165 270
165 279
165 300
165 307
165 311
165 316
165 327
165 333
165 337
165 343
166 179
166 185
166 187
166 194
166 205
166 222
166 229
166 233
166 237
166 248
166 254
166 260
166 268
166 275
166 279
166 280
166 286
166 291
166 299
166 325
166 327
166 329
167 168
167 176
167 188
167 191
167 192
167 195
167 205
167 207
167 210
167 231
167 240
167 251
167 259
167 263
167 266
167 281
167 288
167 292
167 296
167 302
167 307
167 315
167 324
167 348
167 349
168 185
168 204
168 249
168 260
168 269
168 282
168 283
168 304
168 330
168 331
168 338
168 345
168 346
169 185
169 188
169 197
169 202
169 216
169 221
169 236
169 245
169 253
169 284
169 289
169 297
169 309
169 317
169 335
170 177
170 183
170 194
170 197
170 199
170 213
170 214
170 250
170 274
170 276
170 295
170 305
170 325
170 333
171 174
171 181
171 213
171 220
171 232
171 262
171 264
171 279
171 284
171 290
171 298
171 304
171 317
171 328
171 329
171 346
172 186
172 189
172 190
172 191
172 207
172 212
172 222
172 229
172 230
172 236
172 249
172 257
172 264
172 268
172 269
172 291
172 300
172 312
172 313
172 338
172 340
172 341
173 175
173 210
173 222
173 227
173 232
173 246
173 249
173 250
173 256
173 269
173 272
173 276
173 312
173 316
173 319
173 324
173 347
174 175
174 203
174 214
174 216
174 231
174 232
174 235
174 263
174 268
174 284
174 303
174 310
174 318
174 349
175 213
175 220
175 226
175 266
175 268
175 280
175 293
175 310
175 313
175 324
175 326
175 328
175 345
175 346
176 188
176 189
176 222
176 223
176 233
176 240
176 252
176 256
176 263
176 274
176 292
176 303
176 307
176 325
176 326
176 339
177 181
177 185
177 195
177 200
177 204
177 234
177 235
177 249
177 260
177 263
177 288
177 294
177 311
177 349
178 180
178 202
178 222
178 230
178 237
178 242
178 257
178 263
178 267
178 268
178 275
178 284
178 292
178 295
178 298
178 313
178 318
178 323
178 330
178 337
178 346
179 194
179 197
179 198
179 214
179 217
179 223
179 226
179 230
179 233
179 272
179 274
179 288
179 296
179 300
179 306
179 311
179 319
179 321
179 327
179 333
179 339
180 191
180 195
180 196
180 207
180 209
180 219
180 223
180 228
180 230
180 244
180 282
180 301
180 302
180 314
180 323
180 327
181 197
181 202
181 231
181 246
181 251
181 252
181 257
181 260
181 279
181 305
181 309
181 310
181 324
181 325
181 327
181 335
181 342
181 348
182 183
182 215
182 231
182 232
182 246
182 250
182 278
182 284
182 317
182 331
182 336
182 344
182 348
183 194
183 197
183 225
183 229
183 232
183 244
183 264
183 274
183 278
183 279
183 286
183 288
183 323
183 329
183 337
184 188
184 194
184 201
184 212
184 217
184 262
184 264
184 266
184 267
184 285
184 289
184 307
184 349
185 197
185 215
185 221
185 254
185 255
185 292
185 294
185 299
185 307
185 318
185 320
185 326
185 329
185 335
186 195
186 205
186 218
186 220
186 227
186 231
186 242
186 245
186 248
186 256
186 258
186 264
186 266
186 273
186 276
186 285
186 334
186 348
187 217
187 219
187 243
187 270
187 281
187 295
187 311
187 335
187 344
188 205
188 211
188 215
188 227
188 238
188 247
188 266
188 268
188 270
188 289
188 303
188 306
188 309
188 311
188 314
188 324
188 325
188 338
188 344
188 347
188 348
189 207
189 242
189 251
189 263
189 267
189 283
189 294
189 295
189 308
189 311
189 319
189 321
189 331
189 334
189 338
190 203
190 209
190 212
190 233
190 262
190 279
190 322
190 326
190 337
191 205
191 224
191 225
191 245
191 259
191 267
191 283
191 287
191 292
191 309
191 317
192 193
192 194
192 197
192 198
192 199
192 237
192 254
192 259
192 271
192 318
192 319
192 325
192 339
192 347
193 221
193 231
193 240
193 253
193 260
193 272
193 279
193 283
193 289
193 308
193 326
193 330
193 342
194 200
194 208
194 215
194 224
194 230
194 234
194 245
194 248
194 252
194 268
194 274
194 287
194 288
194 298
194 321
194 325
194 332
195 216
195 217
195 234
195 238
195 244
195 264
195 268
195 274
195 295
195 304
195 306
195 307
195 312
195 323
195 327
195 343
196 215
196 223
196 249
196 260
196 278
196 289
196 291
196 295
196 317
196 325
196 329
197 205
197 225
197 230
197 241
197 255
197 265
197 280
197 289
197 295
197 310
197 324
197 346
198 214
198 225
198 234
198 241
198 245
198 246
198 255
198 260
198 267
198 273
198 285
198 289
198 327
198 349
199 202
199 213
199 216
199 226
199 235
199 238
199 244
199 275
199 286
199 295
199 309
199 311
199 312
199 316
199 329
199 336
200 217
200 225
200 231
200 236
200 239
200 251
200 254
200 272
200 280
200 296
200 299
200 309
200 313
200 319
200 324
200 325
201 225
201 226
201 230
201 232
201 246
201 256
201 285
201 295
201 297
201 299
201 321
201 333
201 335
201 336
202 224
202 239
202 290
202 296
202 310
202 343
203 212
203 246
203 254
203 257
203 269
203 271
203 277
203 279
203 280
203 284
203 288
203 292
203 293
203 294
203 295
203 305
203 307
203 309
203 314
203 340
203 344
204 213
204 220
204 243
204 249
204 254
204 255
204 263
204 284
204 290
204 300
204 321
204 333
204 345
204 347
204 349
205 214
205 226
205 239
205 270
205 272
205 275
205 303
205 334
205 345
206 210
206 234
206 255
206 257
206 265
206 271
206 275
206 287
206 291
206 307
206 326
206 337
206 338
206 340
207 236
207 241
207 243
207 265
207 290
207 311
207 324
207 326
208 224
208 241
208 254
208 292
208 294
208 299
208 315
208 320
208 324
208 336
208 341
208 343
208 345
208 348
209 212
209 215
209 233
209 256
209 262
209 267
209 269
209 271
209 278
209 279
209 299
209 304
209 309
209 337
210 215
210 216
210 220
210 221
210 253
210 297
210 315
210 322
210 333
210 337
210 340
210 349
211 215
211 218
211 221
211 223
211 226
211 229
211 232
211 251
211 259
211 262
211 264
211 267
211 268
211 271
211 283
211 285
211 297
211 300
211 301
211 321
211 323
211 324
211 336
211 337
211 338
211 339
211 340
211 347
212 215
212 218
212 222
212 229
212 242
212 245
212 249
212 266
212 278
212 283
212 288
212 294
212 301
212 311
212 313
212 327
213 217
213 225
213 235
213 240
213 262
213 263
213 267
213 273
213 289
213 294
213 298
213 308
213 333
214 224
214 233
214 254
214 279
214 294
214 300
214 304
214 305
214 306
214 315
214 345
214 349
215 217
215 227
215 228
215 232
215 237
215 248
215 259
215 265
215 271
215 276
215 277
215 283
215 287
215 292
215 303
215 305
215 313
216 226
216 229
216 233
216 234
216 250
216 268
216 277
216 288
216 301
216 303
216 308
216 316
216 322
216 340
217 224
217 244
217 252
217 254
217 265
217 270
217 273
217 292
217 296
217 298
217 309
217 318
217 336
218 228
218 244
218 250
218 272
218 278
218 320
218 322
218 326
218 348
219 228
219 244
219 246
219 249
219 270
219 281
219 287
219 308
219 310
219 327
220 221
220 239
220 243
220 244
220 256
220 278
220 280
220 322
220 324
220 336
220 345
220 347
221 227
221 249
221 254
221 256
221 263
221 285
221 287
221 297
221 300
221 308
221 320
221 340
222 224
222 228
222 246
222 266
222 270
222 273
222 287
222 292
222 295
222 298
222 306
222 314
222 317
222 325
222 326
222 330
222 340
223 232
223 237
223 244
223 245
223 247
223 272
223 275
223 276
223 297
223 314
223 315
223 316
223 320
223 334
224 260
224 262
224 265
224 289
224 321
224 334
224 343
224 349
225 232
225 233
225 237
225 252
225 254
225 280
225 283
225 284
225 304
225 320
225 323
225 324
225 331
225 337
226 229
226 241
226 253
226 267
226 268
226 276
226 279
226 298
226 318
226 322
226 335
226 338
227 234
227 235
227 239
227 241
227 242
227 257
227 280
227 294
227 297
227 303
227 324
227 334
227 347
228 230
228 238
228 242
228 248
228 253
228 255
228 256
228 259
228 261
228 269
228 283
228 284
228 313
229 233
229 256
229 265
229 269
229 273
229 277
229 279
229 304
229 316
229 343
230 235
230 241
230 286
230 305
230 313
230 320
230 326
230 335
230 343
230 345
231 242
231 256
231 271
231 285
231 331
231 340
232 262
232 271
232 272
232 285
232 289
232 296
232 309
232 311
232 316
232 323
232 334
233 245
233 252
233 281
233 286
233 293
233 295
233 313
233 330
233 334
234 235
234 254
234 258
234 263
234 265
234 268
234 272
234 276
234 281
234 285
234 295
234 296
234 318
234 334
234 337
234 338
234 345
234 347
235 253
235 262
235 281
235 287
235 297
235 313
235 323
235 339
236 245
236 268
236 272
236 273
236 282
236 291
236 296
236 306
236 325
237 238
237 245
237 253
237 261
237 264
237 268
237 277
237 281
237 284
237 287
237 294
237 311
237 321
237 323
237 333
237 338
237 343
238 239
238 251
238 263
238 267
238 284
238 297
238 303
238 308
238 313
238 334
238 337
238 338
239 244
239 250
239 267
239 269
239 283
239 286
239 292
239 294
239 301
239 313
239 321
239 325
239 326
239 330
239 332
239 343
240 246
240 253
240 258
240 270
240 271
240 285
240 286
240 296
240 302
240 313
240 331
240 345
240 348
241 242
241 243
241 245
241 258
241 261
241 275
241 292
241 294
241 298
241 322
241 335
241 338
241 341
241 345
242 243
242 252
242 254
242 255
242 261
242 268
242 279
242 302
242 307
242 308
242 319
242 337
242 345
242 348
243 269
243 313
243 314
243 331
243 336
243 343
244 247
244 249
244 254
244 264
244 267
244 272
244 275
244 281
244 293
244 295
244 305
244 307
244 325
244 340
244 341
244 344
245 261
245 270
245 275
245 288
245 298
245 316
245 321
245 327
245 345
246 252
246 266
246 277
246 292
246 296
246 313
246 316
246 322
247 248
247 268
247 271
247 272
247 295
247 302
247 304
247 328
247 335
247 339
247 348
248 252
248 255
248 261
248 263
248 273
248 290
248 294
248 295
248 314
248 316
248 329
248 349
249 268
249 295
249 305
249 331
249 333
249 341
249 344
250 257
250 278
250 285
250 292
250 293
250 301
250 335
251 255
251 258
251 282
251 295
251 312
251 330
251 332
252 263
252 285
252 306
252 308
252 328
252 349
253 263
253 273
253 279
253 283
253 302
253 309
253 319
254 262
254 276
254 281
254 284
254 294
254 322
254 326
254 345
255 260
255 276
255 289
255 291
255 314
255 315
255 316
255 318
255 323
255 328
255 329
255 335
255 345
256 262
256 264
256 271
256 277
256 285
256 286
256 294
256 298
256 317
256 322
256 340
256 346
257 258
257 260
257 282
257 294
257 313
257 330
257 345
258 259
258 271
258 272
258 286
258 310
258 342
258 344
259 270
259 278
259 280
259 298
259 300
259 311
259 324
259 326
259 329
259 337
259 341
260 269
260 299
260 327
260 338
261 275
261 282
261 286
261 289
261 296
261 310
261 311
261 323
261 326
262 269
262 294
262 305
262 333
262 345
263 284
263 286
263 289
263 327
263 329
263 342
264 265
264 295
264 296
264 308
264 312
264 317
264 321
264 326
264 330
264 331
264 348
265 277
265 280
265 296
265 298
265 299
265 301
265 303
265 304
265 307
266 270
266 277
266 289
266 292
266 347
267 270
267 321
267 322
267 324
267 333
267 338
267 345
268 278
268 283
268 299
268 311
268 334
268 348
269 276
269 294
269 300
269 307
269 308
269 310
269 314
269 315
269 337
269 344
270 286
270 292
270 293
270 298
270 302
270 307
270 336
270 341
270 347
271 273
271 301
271 321
271 325
271 333
271 349
272 282
272 306
272 328
272 330
273 274
273 275
273 278
273 284
273 308
273 309
273 336
273 340
273 344
274 278
274 284
274 285
274 287
274 289
274 325
274 335
274 339
275 293
275 296
275 301
275 315
275 332
275 334
275 340
275 344
276 277
276 301
276 306
276 307
276 308
276 315
276 325
277 294
277 307
277 311
277 313
277 314
277 331
277 334
278 279
278 288
278 298
278 300
278 309
278 319
278 321
278 324
278 326
278 330
278 344
279 289
279 302
279 311
279 312
279 324
279 343
280 286
280 293
280 302
280 308
280 319
280 324
280 349
281 283
281 288
281 292
281 300
281 301
281 307
281 339
281 341
281 343
282 287
282 293
282 300
282 303
282 312
282 313
282 323
282 334
283 312
283 314
283 319
283 324
284 289
284 291
284 296
284 297
284 304
284 306
284 308
284 312
284 313
284 340
285 288
285 291
285 299
285 306
285 316
285 318
285 319
285 328
285 337
285 349
286 295
286 298
286 303
286 316
286 320
286 333
286 342
287 292
287 294
287 296
287 300
287 327
287 329
287 333
287 346
288 296
288 306
288 308
288 314
288 320
288 322
288 349
289 300
289 311
289 312
289 314
289 317
289 325
289 330
289 341
290 330
291 296
291 303
291 312
291 318
291 331
291 334
292 293
292 300
292 313
292 318
292 325
292 338
292 340
292 347
292 348
292 349
293 298
293 305
293 309
293 318
293 325
293 335
293 342
293 347
294 295
294 299
294 334
294 344
295 306
295 331
296 324
297 310
297 311
297 315
297 319
297 323
297 332
298 299
298 317
298 320
298 325
298 330
298 333
298 337
298 342
298 343
299 313
299 314
299 315
299 336
299 337
300 307
300 310
300 338
301 321
301 330
301 336
302 305
302 322
303 307
303 320
303 341
304 309
304 310
304 316
304 326
304 346
305 308
305 309
305 327
305 337
306 321
306 330
306 344
307 309
307 315
307 345
307 347
308 314
308 322
308 323
308 325
308 328
308 331
308 349
309 321
309 336
309 340
310 335
310 341
310 342
311 318
311 322
311 341
312 313
312 326
313 330
313 336
313 340
314 344
314 347
315 336
315 345
316 327
316 344
317 321
317 344
317 347
318 328
318 337
318 341
319 349
320 324
320 342
321 325
321 332
321 337
321 344
322 346
323 342
323 343
323 345
323 347
324 325
324 327
324 329
324 337
325 328
325 332
327 330
327 331
327 339
328 336
328 342
329 339
331 332
331 336
331 342
331 344
331 349
332 335
332 337
332 344
332 345
333 348
334 344
334 345
334 346
334 349
335 340
336 342
336 349
339 345
340 347
341 342
346 348
188 249 143 349 322 243 57 49 126 325 166 40 323 72 195 316 142 206 228 38 18 85 187 33 327 107 264 190 101 281 121 136 182 171 147 167 301 150 210 125 68 324 321 204 2 346 155 28 239 4 62 52 108 53 81 318 329 119 13 131 278 211 146 50 265 271 79 137 1 308
165 145 288 16 25 0 317 138 331 78 86 261 161 103 82 272 315 45 284 212 127 225 294 280 270 30 334 215 257 69 60 11 99 162 58 313 152 32 96 169 297 122 296 260 191 181 339 341 314 232 172 203 106 80 209 231 238 299 328 200 173 157 129 154 130 118 302 274 259 256
5 21 17 116 221 156 244 91 141 55 56 149 61 193 295 198 159 26 153 66 192 289 73 330 194 104 20 29 124 309 293 220 340 246 213 310 115 6 178 333 117 22 277 71 254 300 114 248 175 276 214 140 241 263 235 262 303 164 218 275 112 51 105 282 306 304 97 19 110 205
345 7 307 27 253 84 3 88 332 15 74 183 95 83 160 189 75 163 201 67 217 44 336 48 46 158 185 269 250 70 202 9 344 267 134 93 123 90 337 89 338 230 273 92 224 37 305 109 196 176 279 132 348 223 219 290 226 342 8 207 287 283 34 63 208 54 14 24 42 100
343 240 35 94 102 87 12 268 133 233 128 222 41 47 335 255 319 65 237 144 177 247 98 184 120 23 36 311 285 197 43 234 113 39 10 326 291 179 77 186 76 170 320 199 252 286 148 227 236 111 216 135 298 59 229 245 251 180 139 64 292 168 258 347 31 151 312 174 266 242
