50
348
5
0 4
0 6
0 11
0 12
0 13
0 23
0 28
0 32
0 34
0 41
0 44
0 46
0 47
1 3
1 5
1 6
1 14
1 16
1 22
1 28
1 31
1 33
1 35
1 36
1 41
1 46
2 7
2 8
2 10
2 12
2 13
2 20
2 21
2 32
2 33
2 36
2 38
2 40
2 41
2 42
2 46
3 6
3 8
3 14
3 15
3 16
3 17
3 21
3 24
3 29
3 30
3 31
3 38
3 40
3 44
3 45
3 47
4 5
4 6
4 8
4 10
4 11
4 18
4 24
4 27
4 29
4 30
4 32
4 38
4 40
4 41
4 46
4 48
4 49
5 16
5 24
5 25
5 30
5 31
5 33
5 35
5 36
5 38
5 39
5 41
5 43
5 45
6 11
6 12
6 13
6 17
6 18
6 24
6 26
6 27
6 33
6 37
6 38
6 43
7 9
7 19
7 24
7 25
7 26
7 28
7 34
7 35
7 38
7 39
7 43
7 46
8 11
8 12
8 14
8 22
8 28
8 32
8 37
8 41
8 47
9 14
9 18
9 20
9 27
9 40
9 42
9 48
10 12
10 14
10 16
10 18
10 19
10 20
10 23
10 35
10 45
10 46
11 14
11 16
11 18
11 19
11 21
11 29
11 36
11 39
11 41
11 44
12 18
12 28
12 29
12 32
12 41
12 42
12 47
13 15
13 17
13 22
13 24
13 28
13 31
13 33
13 34
13 39
13 43
13 44
13 45
13 47
13 48
14 16
14 25
14 29
14 31
14 33
14 37
14 39
14 42
14 46
14 47
14 48
15 21
15 27
15 31
15 33
15 36
15 39
15 40
15 44
15 45
16 18
16 21
16 24
16 29
16 30
16 37
16 39
16 40
16 41
16 42
16 44
16 46
16 48
17 19
17 21
17 23
17 31
17 37
17 38
17 40
17 43
17 49
18 19
18 22
18 32
18 35
18 36
18 39
18 40
18 47
18 48
18 49
19 21
19 31
19 36
19 41
19 46
20 22
20 23
20 28
20 29
20 33
20 35
20 40
20 43
21 22
21 23
21 26
21 33
21 36
21 37
21 39
22 23
22 24
22 28
22 29
22 32
22 40
22 41
22 43
22 44
23 24
23 28
23 29
23 30
23 31
23 32
23 36
23 46
23 47
23 48
24 34
24 36
24 41
25 26
25 31
25 32
25 35
25 36
25 43
25 44
25 49
26 34
26 35
26 39
26 42
26 46
26 47
26 48
27 30
27 34
27 40
27 46
27 47
28 29
28 32
28 35
28 40
28 41
28 42
28 46
28 49
29 30
29 32
29 33
29 40
30 31
30 36
30 44
30 45
30 46
30 47
31 33
31 36
31 42
31 46
31 47
31 49
32 34
32 38
32 42
32 45
32 48
33 35
33 38
33 41
33 49
34 36
34 45
34 47
34 48
35 38
35 44
35 46
36 37
36 40
36 45
37 40
37 44
37 46
37 49
38 40
38 43
38 44
38 45
38 47
39 42
39 44
39 47
39 48
41 45
41 47
42 48
43 44
43 47
43 48
43 49
44 45
47 48
48 49
30 7 42 16 21 13 39 28 40 22 46 4
19 44 27 18 36 43 14 47 15 9 31 10
25 12 32 45 11 5 17 2 38 49 34 29
26 8 3 0 6 41 33 20 35 23 1 37
24 48
