50
491
5
0 5
0 7
0 9
0 11
0 22
0 23
0 27
0 28
0 30
0 31
0 38
0 39
0 41
0 43
0 44
0 46
0 49
1 5
1 7
1 11
1 13
1 16
1 19
1 20
1 21
1 23
1 27
1 30
1 31
1 33
1 39
1 41
1 42
1 44
1 45
1 49
2 5
2 6
2 8
2 10
2 11
2 13
2 16
2 19
2 22
2 23
2 28
2 31
2 32
2 34
2 37
2 38
2 41
2 42
2 45
3 8
3 10
3 11
3 16
3 22
3 23
3 24
3 28
3 32
3 40
3 41
3 43
3 44
4 6
4 10
4 13
4 15
4 17
4 21
4 25
4 26
4 29
4 31
4 34
4 35
4 36
4 37
4 38
4 40
4 44
4 49
5 6
5 7
5 9
5 13
5 15
5 16
5 19
5 23
5 31
5 32
5 33
5 35
5 37
5 38
5 40
5 45
5 47
6 7
6 12
6 14
6 19
6 20
6 22
6 23
6 24
6 27
6 33
6 34
6 35
6 39
6 42
6 43
6 44
6 46
6 47
6 48
7 8
7 14
7 17
7 18
7 24
7 25
7 28
7 30
7 34
7 35
7 37
7 43
7 44
7 45
7 49
8 13
8 14
8 15
8 18
8 19
8 20
8 23
8 24
8 27
8 32
8 34
8 38
8 39
8 44
8 45
8 46
8 47
9 10
9 11
9 13
9 15
9 20
9 22
9 23
9 24
9 25
9 26
9 31
9 33
9 34
9 35
9 37
9 40
9 42
9 44
10 13
10 14
10 15
10 20
10 24
10 27
10 28
10 31
10 32
10 33
10 36
10 40
10 46
10 47
11 13
11 18
11 23
11 26
11 27
11 28
11 29
11 30
11 32
11 34
11 35
11 37
11 38
11 39
11 40
11 45
12 18
12 19
12 22
12 24
12 26
12 28
12 31
12 33
12 34
12 40
12 41
12 44
12 47
12 48
13 17
13 21
13 22
13 26
13 30
13 33
13 34
13 37
13 39
13 41
13 42
13 44
13 45
14 15
14 19
14 21
14 23
14 24
14 28
14 29
14 30
14 31
14 32
14 33
14 35
14 39
14 41
14 43
14 45
14 46
14 47
14 48
15 16
15 21
15 22
15 25
15 26
15 27
15 28
15 29
15 31
15 35
15 42
15 45
15 46
15 48
16 18
16 23
16 25
16 26
16 28
16 29
16 30
16 32
16 33
16 35
16 36
16 38
16 39
16 41
16 43
16 44
16 46
16 47
16 48
16 49
17 23
17 27
17 30
17 33
17 35
17 37
17 38
17 39
17 41
17 42
17 45
17 46
17 49
18 19
18 21
18 23
18 24
18 25
18 29
18 32
18 36
18 37
18 40
18 41
18 42
18 43
18 46
18 47
18 48
18 49
19 21
19 23
19 26
19 29
19 34
19 35
19 41
19 43
19 46
19 49
20 21
20 24
20 25
20 29
20 30
20 31
20 32
20 33
20 41
20 42
20 45
20 46
20 47
20 48
21 22
21 23
21 26
21 27
21 30
21 31
21 34
21 35
21 39
21 40
21 43
21 44
21 45
21 46
21 49
22 28
22 29
22 34
22 41
22 42
22 43
22 44
22 48
22 49
23 26
23 29
23 32
23 33
23 39
23 42
23 44
23 46
24 25
24 29
24 30
24 33
24 34
24 35
24 36
24 37
24 39
24 40
24 41
24 43
24 44
25 26
25 28
25 30
25 31
25 42
25 44
25 46
25 47
25 49
26 27
26 30
26 35
26 38
26 43
26 45
26 48
27 31
27 32
27 35
27 36
27 39
27 40
27 42
27 43
27 49
28 32
28 35
28 39
28 41
28 42
28 49
29 32
29 34
29 36
29 40
29 41
29 45
30 31
30 33
30 35
30 40
30 48
31 33
31 38
31 39
31 42
31 43
31 46
31 47
31 49
32 34
32 36
32 42
32 44
32 45
32 48
32 49
33 34
33 35
33 38
33 41
33 44
33 45
33 49
34 35
34 42
34 43
34 45
34 46
34 47
34 49
35 37
35 38
35 39
35 43
35 46
36 39
36 42
36 43
36 44
36 45
36 49
37 39
37 41
37 43
37 44
37 45
38 40
38 45
38 46
38 47
39 41
39 42
39 44
39 47
40 42
40 44
40 45
40 46
40 49
41 44
41 47
41 49
42 48
42 49
43 44
43 46
44 49
45 49
47 49
18 22 21 5 38 11 14 25 35 42
30 43 17 15 1 0 41 24 20 13
7 39 16 47 37 4 26 3 19 44
8 27 48 49 10 31 28 46 2 32
34 6 29 9 33 40 12 23 36 45
