50
473
5
0 5
0 6
0 7
0 17
0 21
0 22
0 24
0 27
0 28
0 29
0 37
0 39
0 45
0 49
1 2
1 5
1 8
1 10
1 14
1 15
1 20
1 24
1 26
1 27
1 28
1 33
1 36
1 39
1 41
1 43
1 45
1 49
2 4
2 10
2 11
2 18
2 21
2 23
2 24
2 26
2 29
2 32
2 35
2 37
2 39
2 45
2 47
2 48
2 49
3 4
3 10
3 14
3 15
3 17
3 21
3 24
3 27
3 33
3 36
3 37
3 41
3 44
3 47
3 48
4 5
4 6
4 13
4 14
4 15
4 17
4 20
4 25
4 26
4 27
4 32
4 33
4 36
4 38
4 39
4 40
4 42
4 43
4 46
4 49
5 6
5 11
5 12
5 13
5 23
5 24
5 25
5 26
5 28
5 29
5 32
5 33
5 36
5 38
5 39
5 41
5 47
5 48
5 49
6 8
6 11
6 13
6 14
6 17
6 19
6 20
6 21
6 24
6 25
6 33
6 42
6 45
6 47
7 8
7 9
7 10
7 11
7 13
7 15
7 16
7 20
7 22
7 23
7 32
7 33
7 34
7 36
7 37
7 39
7 41
7 47
7 48
7 49
8 10
8 11
8 12
8 13
8 15
8 16
8 18
8 21
8 22
8 23
8 24
8 25
8 26
8 28
8 34
8 36
8 37
8 38
8 40
8 41
8 46
8 48
9 12
9 13
9 14
9 18
9 23
9 24
9 25
9 30
9 31
9 34
9 37
9 39
9 41
9 43
9 46
9 47
9 49
10 11
10 12
10 13
10 17
10 19
10 23
10 24
10 26
10 27
10 30
10 31
10 37
10 39
10 43
10 44
10 45
10 47
10 49
11 16
11 18
11 38
11 39
11 41
11 44
11 46
12 13
12 14
12 15
12 20
12 22
12 31
12 39
12 48
12 49
13 17
13 18
13 19
13 20
13 29
13 31
13 36
13 38
13 39
13 42
13 43
13 47
13 48
14 17
14 18
14 20
14 24
14 29
14 32
14 35
14 40
14 44
14 46
15 18
15 24
15 25
15 26
15 27
15 30
15 32
15 33
15 36
15 38
15 40
15 43
15 44
15 47
15 49
16 18
16 27
16 29
16 33
16 35
16 36
16 37
16 43
16 48
17 20
17 22
17 26
17 28
17 33
17 37
17 39
17 41
17 42
17 43
17 45
17 47
17 49
18 20
18 22
18 23
18 27
18 28
18 29
18 31
18 32
18 34
18 35
18 37
18 43
19 20
19 21
19 22
19 23
19 24
19 26
19 27
19 29
19 30
19 31
19 38
19 39
19 40
19 46
19 47
20 22
20 23
20 25
20 29
20 30
20 32
20 34
20 35
20 36
20 38
20 42
20 43
20 44
20 45
21 22
21 29
21 30
21 33
21 38
21 40
21 41
21 43
21 44
21 45
21 46
22 23
22 25
22 29
22 35
22 38
22 40
22 49
23 24
23 27
23 28
23 29
23 33
23 34
23 40
23 46
23 48
23 49
24 25
24 26
24 28
24 29
24 32
24 34
24 36
24 39
24 42
24 44
24 45
24 48
25 27
25 28
25 30
25 31
25 32
25 38
25 39
25 41
25 42
25 44
25 47
26 31
26 32
26 37
26 45
27 30
27 35
27 36
27 40
27 43
27 44
27 47
27 48
28 29
28 31
28 32
28 33
28 37
28 38
28 39
28 42
28 43
28 45
28 49
29 31
29 32
29 33
29 34
29 36
29 37
29 40
29 47
29 49
30 36
30 37
30 39
30 40
30 41
30 42
30 44
30 46
31 32
31 33
31 37
31 38
31 39
31 43
31 46
31 48
31 49
32 33
32 35
32 36
32 43
32 47
32 48
32 49
33 38
33 43
33 46
33 47
33 48
33 49
34 35
34 37
34 39
34 41
34 43
34 44
34 45
34 46
34 47
35 36
35 37
35 42
35 44
35 45
35 49
36 39
36 44
36 45
37 40
37 42
37 46
37 47
38 41
38 42
38 44
38 46
38 48
39 40
39 42
39 43
39 49
40 41
40 47
41 42
41 44
41 45
41 46
41 47
42 44
42 45
42 47
43 45
43 47
43 48
44 48
46 47
46 48
47 48
48 49
2 40 3 21 16 43 23 15 31 4 1 27
44 32 8 24 17 35 29 6 36 25 11 26
47 48 38 39 10 14 45 30 33 46 37 0
7 28 5 34 42 49 9 20 13 19 12 22
18 41
