50
631
5
0 1
0 5
0 7
0 10
0 15
0 17
0 19
0 21
0 22
0 23
0 25
0 30
0 32
0 33
0 34
0 35
0 36
0 39
0 43
0 45
0 47
1 2
1 3
1 5
1 8
1 9
1 11
1 13
1 14
1 15
1 18
1 21
1 22
1 24
1 29
1 30
1 31
1 35
1 36
1 37
1 42
1 43
1 44
1 45
1 46
1 49
2 3
2 4
2 5
2 7
2 12
2 15
2 17
2 18
2 19
2 20
2 21
2 22
2 24
2 25
2 29
2 30
2 35
2 49
3 5
3 6
3 10
3 15
3 16
3 17
3 18
3 19
3 20
3 23
3 24
3 25
3 28
3 29
3 30
3 31
3 32
3 36
3 37
3 39
3 42
3 45
3 46
3 47
3 49
4 5
4 7
4 9
4 10
4 11
4 12
4 13
4 14
4 17
4 18
4 20
4 21
4 22
4 24
4 26
4 30
4 31
4 32
4 33
4 37
4 42
4 43
4 48
5 7
5 9
5 14
5 16
5 19
5 22
5 26
5 29
5 31
5 32
5 33
5 34
5 37
5 39
5 40
5 41
5 46
5 48
6 11
6 13
6 14
6 15
6 16
6 18
6 19
6 20
6 22
6 26
6 27
6 28
6 29
6 30
6 33
6 36
6 37
6 38
6 39
6 43
6 45
6 46
7 9
7 10
7 14
7 15
7 17
7 18
7 20
7 23
7 25
7 31
7 32
7 33
7 34
7 36
7 40
7 41
7 42
7 44
7 46
7 47
7 49
8 10
8 11
8 12
8 14
8 17
8 18
8 19
8 21
8 24
8 25
8 26
8 27
8 30
8 31
8 33
8 34
8 38
8 39
8 41
8 43
8 44
8 45
8 46
8 47
8 49
9 10
9 11
9 13
9 14
9 15
9 16
9 17
9 18
9 20
9 23
9 26
9 27
9 32
9 33
9 34
9 35
9 38
9 39
9 43
9 44
9 45
9 46
9 47
10 12
10 13
10 16
10 18
10 20
10 21
10 22
10 25
10 26
10 28
10 30
10 32
10 33
10 34
10 35
10 36
10 37
10 38
10 39
10 40
10 43
10 46
10 47
11 14
11 21
11 23
11 27
11 29
11 30
11 31
11 32
11 33
11 34
11 35
11 39
11 43
11 44
11 46
11 47
11 48
11 49
12 14
12 16
12 20
12 22
12 23
12 25
12 26
12 27
12 28
12 29
12 31
12 32
12 36
12 37
12 40
12 45
12 46
12 47
12 48
13 15
13 18
13 19
13 20
13 22
13 23
13 28
13 29
13 30
13 32
13 33
13 34
13 35
13 37
13 38
13 39
13 40
13 41
13 42
13 43
13 44
13 45
13 47
13 48
13 49
14 17
14 18
14 19
14 22
14 23
14 28
14 30
14 31
14 32
14 33
14 34
14 35
14 40
14 43
14 44
14 48
15 16
15 18
15 19
15 20
15 23
15 25
15 26
15 27
15 28
15 29
15 30
15 32
15 33
15 35
15 37
15 38
15 39
15 42
15 45
15 46
16 20
16 21
16 22
16 23
16 25
16 27
16 28
16 29
16 30
16 31
16 32
16 33
16 35
16 38
16 42
16 43
16 44
16 46
16 48
17 18
17 20
17 21
17 22
17 24
17 29
17 31
17 37
17 40
17 41
17 42
17 43
17 44
17 47
17 49
18 20
18 24
18 29
18 35
18 36
18 39
18 41
18 42
18 44
18 45
18 46
18 48
19 20
19 25
19 26
19 28
19 31
19 32
19 33
19 34
19 37
19 38
19 39
19 40
19 41
19 42
19 43
19 46
19 48
19 49
20 21
20 24
20 27
20 30
20 33
20 35
20 40
20 41
20 42
20 47
20 49
21 22
21 26
21 27
21 29
21 34
21 36
21 39
21 43
21 48
22 24
22 27
22 28
22 29
22 30
22 32
22 34
22 35
22 36
22 37
22 43
22 44
22 45
22 48
23 24
23 25
23 28
23 32
23 33
23 34
23 36
23 38
23 41
23 42
23 43
23 48
23 49
24 28
24 29
24 35
24 36
24 37
24 38
24 41
24 42
24 43
24 45
24 46
24 47
24 48
24 49
25 27
25 30
25 32
25 33
25 35
25 36
25 37
25 38
25 44
25 45
25 48
25 49
26 32
26 33
26 36
26 38
26 41
26 46
26 47
26 48
26 49
27 31
27 32
27 33
27 35
27 36
27 37
27 39
27 43
27 47
28 29
28 30
28 31
28 32
28 33
28 34
28 35
28 36
28 37
28 38
28 39
28 43
28 44
28 45
28 46
28 47
29 31
29 32
29 33
29 34
29 36
29 37
29 38
29 40
29 42
29 47
29 48
30 35
30 36
30 37
30 38
30 40
30 41
30 42
30 43
30 44
30 45
30 46
30 49
31 34
31 37
31 38
31 41
31 43
31 44
31 45
31 46
31 47
32 33
32 34
32 35
32 36
32 40
32 41
32 42
32 44
32 45
32 46
32 48
32 49
33 36
33 38
33 39
33 42
33 43
33 44
33 46
33 47
33 49
34 35
34 38
34 39
34 41
34 42
34 43
34 45
34 46
34 49
35 38
35 39
35 40
35 42
35 43
35 45
36 38
36 42
36 43
36 45
36 46
36 48
37 38
37 41
37 42
37 43
37 46
37 48
37 49
38 39
38 40
38 42
38 43
38 47
38 48
39 40
39 41
39 42
39 47
39 48
39 49
40 42
40 43
40 44
40 46
40 48
41 46
41 47
41 48
42 45
42 48
43 44
43 45
43 48
44 45
44 46
44 48
44 49
45 46
45 47
45 48
46 48
46 49
47 48
47 49
48 49
26 15 34 47 1 40 37 44 22 11
18 30 19 33 36 4 17 12 35 9
23 13 16 46 45 24 2 31 39 14
32 21 0 29 8 25 3 49 38 42
10 41 20 48 27 7 43 28 5 6
