50
227
10
0 6
0 13
0 23
0 30
0 32
0 35
0 36
0 46
0 48
1 7
1 8
1 14
1 21
1 22
1 29
1 30
1 40
1 41
1 47
2 4
2 10
2 11
2 13
2 19
2 32
2 33
2 36
2 44
3 10
3 11
3 13
3 23
3 40
3 43
3 47
4 5
4 14
4 16
4 20
4 29
4 33
4 38
4 44
5 23
5 28
5 34
5 46
5 48
6 7
6 11
6 14
6 20
6 27
6 33
6 35
6 43
6 44
6 49
7 20
7 21
7 22
7 27
7 33
7 42
7 43
7 45
7 48
8 10
8 12
8 13
8 15
8 31
8 33
8 38
8 39
8 45
9 12
9 15
9 21
9 22
9 26
9 30
9 47
10 12
10 16
10 17
10 33
10 39
10 49
11 12
11 15
11 23
11 35
11 39
11 41
11 48
12 14
12 16
12 23
12 25
12 27
12 35
13 19
13 33
13 36
13 37
13 39
13 40
14 15
14 18
14 19
14 20
14 33
14 34
14 36
14 39
14 41
14 46
14 48
15 16
15 18
15 32
15 36
15 38
15 39
16 18
16 23
16 28
16 30
16 31
16 32
16 39
17 18
17 38
17 49
18 26
18 27
18 35
18 41
18 46
18 47
19 24
19 28
19 29
19 35
19 38
19 46
19 48
20 25
20 28
20 32
20 35
20 38
20 39
20 40
20 41
21 26
21 30
21 32
21 33
21 37
21 40
21 46
22 25
22 27
22 39
22 41
22 46
23 24
23 29
23 31
23 36
24 28
24 34
24 46
24 48
24 49
25 29
25 39
25 42
25 48
25 49
26 30
26 31
26 33
26 36
26 45
27 33
27 34
27 36
27 37
27 45
28 37
28 41
28 43
28 45
28 46
29 40
30 36
30 39
30 46
30 48
30 49
31 33
31 46
32 43
32 46
32 49
33 41
33 42
34 36
34 37
34 49
35 36
37 43
37 48
38 47
39 40
39 42
39 43
39 45
40 41
40 45
41 49
42 45
45 49
47 48
4 32 21 2 16
43 27 26 8 44
9 15 20 29 6
7 40 10 33 14
11 18 5 42 41
13 46 38 23 45
24 3 17 31 34
48 1 49 22 30
12 39 35 0 47
36 25 19 28 37
