350
12365
10
0 3
0 4
0 11
0 14
0 17
0 21
0 26
0 27
0 28
0 30
0 31
0 32
0 35
0 37
0 42
0 45
0 64
0 66
0 67
0 71
0 72
0 73
0 82
0 89
0 90
0 93
0 94
0 103
0 107
0 110
0 115
0 119
0 122
0 127
0 128
0 134
0 145
0 146
0 151
0 153
0 168
0 174
0 179
0 188
0 195
0 196
0 201
0 202
0 207
0 220
0 221
0 250
0 251
0 253
0 261
0 280
0 283
0 287
0 290
0 292
0 294
0 296
0 299
0 303
0 308
0 311
0 312
0 319
0 320
0 336
0 340
0 348
1 3
1 10
1 12
1 13
1 17
1 24
1 25
1 29
1 31
1 34
1 36
1 40
1 44
1 45
1 53
1 56
1 59
1 61
1 74
1 76
1 77
1 85
1 98
1 107
1 125
1 126
1 128
1 129
1 135
1 137
1 145
1 148
1 162
1 164
1 171
1 173
1 174
1 181
1 183
1 192
1 196
1 200
1 206
1 212
1 213
1 222
1 224
1 230
1 231
1 232
1 233
1 241
1 255
1 258
1 259
1 261
1 272
1 276
1 280
1 283
1 286
1 287
1 288
1 292
1 300
1 306
1 308
1 311
1 312
1 318
1 321
1 325
1 334
1 335
1 341
1 343
1 345
1 346
1 347
2 12
2 17
2 24
2 30
2 35
2 37
2 38
2 41
2 42
2 50
2 54
2 61
2 62
2 63
2 64
2 65
2 68
2 70
2 72
2 75
2 86
2 89
2 103
2 111
2 115
2 121
2 122
2 141
2 142
2 148
2 150
2 155
2 159
2 164
2 169
2 171
2 173
2 178
2 185
2 187
2 190
2 194
2 196
2 198
2 199
2 203
2 204
2 216
2 219
2 220
2 221
2 227
2 229
2 232
2 243
2 251
2 257
2 261
2 264
2 265
2 268
2 279
2 282
2 287
2 289
2 290
2 295
2 297
2 302
2 303
2 309
2 317
2 325
2 332
2 333
2 336
2 339
2 342
2 343
2 346
3 11
3 19
3 28
3 31
3 32
3 44
3 52
3 59
3 64
3 73
3 74
3 88
3 104
3 105
3 109
3 115
3 119
3 123
3 125
3 126
3 131
3 137
3 156
3 169
3 170
3 171
3 174
3 181
3 185
3 191
3 193
3 194
3 195
3 197
3 198
3 206
3 209
3 213
3 224
3 229
3 233
3 243
3 244
3 249
3 262
3 263
3 265
3 268
3 284
3 286
3 290
3 299
3 313
3 321
3 326
3 334
3 338
3 340
3 342
3 349
4 7
4 8
4 16
4 18
4 19
4 21
4 22
4 23
4 24
4 28
4 29
4 31
4 35
4 38
4 39
4 47
4 49
4 51
4 57
4 62
4 64
4 91
4 95
4 99
4 103
4 114
4 115
4 117
4 122
4 123
4 124
4 126
4 149
4 161
4 167
4 172
4 179
4 180
4 185
4 191
4 198
4 203
4 208
4 211
4 217
4 219
4 220
4 225
4 229
4 239
4 240
4 243
4 244
4 246
4 249
4 252
4 254
4 259
4 283
4 293
4 305
4 307
4 309
4 319
4 338
4 339
4 341
4 345
5 11
5 19
5 23
5 25
5 27
5 31
5 41
5 44
5 50
5 55
5 60
5 62
5 65
5 73
5 74
5 82
5 83
5 84
5 87
5 94
5 97
5 121
5 127
5 129
5 151
5 157
5 160
5 162
5 163
5 164
5 166
5 174
5 179
5 181
5 183
5 186
5 197
5 201
5 203
5 215
5 227
5 231
5 235
5 240
5 249
5 262
5 263
5 264
5 268
5 270
5 278
5 281
5 288
5 296
5 300
5 305
5 311
5 314
5 326
5 327
5 330
5 331
5 332
5 339
5 343
5 345
5 346
6 17
6 20
6 25
6 27
6 37
6 43
6 45
6 48
6 49
6 52
6 54
6 56
6 59
6 61
6 72
6 73
6 80
6 93
6 94
6 95
6 105
6 107
6 110
6 113
6 122
6 130
6 135
6 141
6 145
6 147
6 154
6 155
6 159
6 162
6 167
6 169
6 179
6 180
6 186
6 189
6 197
6 198
6 207
6 211
6 212
6 213
6 217
6 222
6 243
6 244
6 245
6 250
6 251
6 253
6 255
6 258
6 261
6 271
6 277
6 278
6 279
6 283
6 295
6 297
6 301
6 302
6 303
6 307
6 309
6 312
6 313
6 337
6 343
6 345
7 9
7 10
7 11
7 13
7 14
7 22
7 29
7 43
7 50
7 65
7 75
7 97
7 98
7 100
7 102
7 108
7 109
7 110
7 112
7 120
7 122
7 125
7 126
7 131
7 133
7 134
7 137
7 140
7 141
7 142
7 144
7 149
7 150
7 155
7 159
7 160
7 169
7 185
7 190
7 192
7 193
7 199
7 203
7 206
7 216
7 219
7 222
7 223
7 230
7 239
7 243
7 247
7 255
7 259
7 261
7 264
7 265
7 269
7 273
7 274
7 278
7 283
7 284
7 290
7 301
7 316
7 318
7 321
7 330
7 331
7 332
7 335
7 337
7 340
7 341
7 344
7 346
8 9
8 17
8 26
8 34
8 37
8 38
8 39
8 41
8 42
8 43
8 47
8 51
8 56
8 60
8 65
8 71
8 72
8 77
8 83
8 103
8 107
8 110
8 112
8 118
8 121
8 123
8 127
8 130
8 133
8 134
8 142
8 143
8 144
8 156
8 157
8 160
8 164
8 165
8 172
8 174
8 177
8 182
8 183
8 188
8 190
8 193
8 209
8 210
8 214
8 220
8 228
8 236
8 239
8 242
8 243
8 246
8 252
8 253
8 254
8 255
8 265
8 267
8 269
8 280
8 282
8 288
8 291
8 294
8 298
8 302
8 303
8 307
8 308
8 311
8 321
8 324
8 328
8 335
8 338
8 342
8 343
9 20
9 24
9 25
9 33
9 34
9 41
9 54
9 58
9 63
9 71
9 78
9 92
9 93
9 94
9 96
9 98
9 101
9 109
9 117
9 123
9 126
9 132
9 134
9 135
9 138
9 139
9 143
9 160
9 162
9 165
9 167
9 170
9 175
9 176
9 177
9 180
9 198
9 204
9 205
9 213
9 216
9 224
9 246
9 253
9 256
9 261
9 271
9 272
9 277
9 281
9 288
9 295
9 307
9 313
9 317
9 327
9 330
9 331
9 332
9 335
9 342
9 346
10 19
10 21
10 27
10 31
10 36
10 42
10 45
10 52
10 56
10 59
10 60
10 68
10 70
10 79
10 81
10 83
10 85
10 95
10 96
10 100
10 108
10 110
10 116
10 118
10 123
10 133
10 138
10 142
10 144
10 151
10 157
10 160
10 165
10 183
10 187
10 190
10 204
10 208
10 212
10 218
10 223
10 226
10 229
10 232
10 241
10 242
10 245
10 255
10 257
10 258
10 260
10 262
10 269
10 271
10 274
10 275
10 277
10 280
10 281
10 283
10 288
10 292
10 294
10 296
10 304
10 312
10 321
10 331
10 336
10 339
10 341
10 346
10 348
11 19
11 23
11 29
11 33
11 36
11 49
11 56
11 63
11 70
11 76
11 78
11 93
11 94
11 95
11 103
11 104
11 106
11 107
11 112
11 116
11 118
11 119
11 121
11 125
11 134
11 136
11 137
11 149
11 154
11 160
11 167
11 168
11 174
11 179
11 180
11 182
11 185
11 198
11 201
11 206
11 207
11 208
11 219
11 224
11 228
11 245
11 251
11 271
11 273
11 275
11 276
11 278
11 282
11 287
11 290
11 299
11 301
11 307
11 319
11 321
11 324
11 325
11 338
11 339
11 344
11 345
11 348
11 349
12 17
12 26
12 31
12 33
12 44
12 46
12 65
12 66
12 69
12 74
12 77
12 78
12 81
12 99
12 118
12 119
12 120
12 125
12 133
12 140
12 144
12 151
12 160
12 167
12 168
12 171
12 173
12 176
12 177
12 178
12 179
12 181
12 183
12 193
12 194
12 212
12 213
12 214
12 217
12 221
12 230
12 235
12 242
12 245
12 248
12 253
12 259
12 265
12 278
12 279
12 281
12 282
12 287
12 289
12 291
12 296
12 297
12 312
12 314
12 318
12 321
12 322
12 325
12 329
12 331
12 333
12 338
12 346
12 349
13 14
13 15
13 23
13 28
13 33
13 45
13 49
13 70
13 78
13 83
13 85
13 98
13 99
13 116
13 124
13 126
13 140
13 145
13 148
13 153
13 155
13 156
13 160
13 163
13 176
13 185
13 187
13 200
13 208
13 212
13 220
13 221
13 222
13 228
13 243
13 247
13 255
13 264
13 271
13 274
13 295
13 296
13 299
13 308
13 312
13 319
13 321
13 328
13 340
13 341
13 345
13 346
14 22
14 27
14 31
14 34
14 35
14 37
14 44
14 46
14 47
14 49
14 51
14 65
14 69
14 71
14 73
14 74
14 76
14 79
14 83
14 87
14 91
14 92
14 93
14 99
14 101
14 107
14 109
14 119
14 120
14 124
14 132
14 138
14 150
14 152
14 156
14 160
14 169
14 170
14 179
14 187
14 197
14 200
14 208
14 213
14 215
14 225
14 234
14 239
14 253
14 254
14 263
14 266
14 276
14 279
14 282
14 283
14 284
14 287
14 288
14 292
14 296
14 300
14 302
14 315
14 317
14 318
14 320
14 329
14 340
14 343
14 345
15 19
15 22
15 27
15 35
15 48
15 52
15 57
15 58
15 70
15 73
15 74
15 77
15 79
15 81
15 85
15 87
15 94
15 99
15 100
15 105
15 106
15 108
15 113
15 116
15 126
15 131
15 132
15 137
15 138
15 144
15 145
15 154
15 155
15 157
15 163
15 168
15 180
15 183
15 192
15 198
15 201
15 205
15 209
15 223
15 226
15 231
15 232
15 238
15 242
15 243
15 245
15 247
15 248
15 250
15 251
15 259
15 260
15 270
15 275
15 281
15 282
15 288
15 292
15 301
15 303
15 305
15 309
15 321
15 341
15 342
15 344
15 349
16 19
16 25
16 31
16 68
16 84
16 89
16 91
16 92
16 93
16 95
16 96
16 99
16 100
16 107
16 109
16 110
16 113
16 117
16 118
16 122
16 136
16 139
16 140
16 141
16 144
16 152
16 155
16 165
16 168
16 169
16 172
16 176
16 180
16 186
16 187
16 189
16 194
16 195
16 199
16 213
16 227
16 248
16 255
16 257
16 264
16 269
16 271
16 272
16 275
16 278
16 279
16 291
16 296
16 297
16 298
16 300
16 302
16 309
16 312
16 313
16 320
16 331
16 333
16 336
16 339
16 342
16 343
16 349
17 26
17 32
17 34
17 39
17 44
17 46
17 47
17 60
17 62
17 63
17 65
17 74
17 87
17 89
17 98
17 99
17 100
17 115
17 117
17 122
17 123
17 131
17 137
17 140
17 141
17 146
17 149
17 159
17 163
17 164
17 165
17 166
17 186
17 188
17 191
17 192
17 193
17 200
17 204
17 205
17 206
17 213
17 215
17 216
17 217
17 219
17 226
17 228
17 236
17 246
17 247
17 254
17 260
17 261
17 263
17 268
17 270
17 275
17 292
17 293
17 305
17 314
17 317
17 318
17 319
17 320
17 325
17 326
17 329
17 333
17 335
17 339
17 342
17 346
17 349
18 26
18 32
18 40
18 51
18 55
18 58
18 63
18 65
18 67
18 69
18 72
18 78
18 90
18 97
18 98
18 106
18 108
18 109
18 116
18 123
18 124
18 125
18 126
18 130
18 145
18 152
18 160
18 163
18 164
18 170
18 171
18 172
18 173
18 176
18 178
18 183
18 187
18 189
18 190
18 204
18 209
18 210
18 219
18 226
18 227
18 228
18 235
18 236
18 239
18 243
18 244
18 251
18 259
18 269
18 270
18 272
18 274
18 277
18 295
18 305
18 307
18 311
18 315
18 317
18 324
18 327
18 328
18 334
18 344
18 347
19 33
19 34
19 37
19 43
19 46
19 51
19 72
19 73
19 77
19 79
19 81
19 92
19 94
19 102
19 106
19 109
19 112
19 113
19 115
19 120
19 124
19 125
19 129
19 142
19 147
19 151
19 152
19 155
19 156
19 163
19 171
19 181
19 187
19 192
19 195
19 199
19 207
19 214
19 216
19 219
19 220
19 221
19 222
19 228
19 231
19 232
19 233
19 239
19 242
19 246
19 251
19 252
19 253
19 256
19 257
19 258
19 260
19 261
19 263
19 269
19 278
19 282
19 283
19 295
19 297
19 300
19 305
19 306
19 308
19 322
19 325
19 332
19 336
19 339
19 342
19 345
19 346
19 347
20 21
20 29
20 34
20 36
20 48
20 49
20 54
20 59
20 62
20 65
20 68
20 80
20 95
20 98
20 110
20 112
20 126
20 129
20 132
20 139
20 140
20 145
20 147
20 148
20 149
20 151
20 158
20 159
20 164
20 166
20 168
20 174
20 187
20 192
20 200
20 205
20 207
20 213
20 215
20 217
20 222
20 234
20 236
20 238
20 255
20 265
20 268
20 269
20 272
20 277
20 283
20 292
20 295
20 308
20 311
20 315
20 317
20 325
20 331
20 335
20 339
20 340
20 342
20 343
20 349
21 34
21 36
21 38
21 43
21 48
21 63
21 65
21 71
21 72
21 75
21 84
21 96
21 100
21 101
21 116
21 122
21 124
21 125
21 126
21 135
21 137
21 142
21 146
21 148
21 150
21 158
21 162
21 169
21 174
21 176
21 181
21 188
21 192
21 194
21 196
21 199
21 203
21 227
21 230
21 231
21 239
21 246
21 252
21 253
21 265
21 267
21 275
21 280
21 281
21 288
21 293
21 320
21 325
21 330
21 331
21 347
22 23
22 24
22 26
22 29
22 34
22 35
22 39
22 45
22 49
22 52
22 60
22 61
22 67
22 70
22 73
22 77
22 86
22 87
22 97
22 104
22 107
22 109
22 110
22 111
22 112
22 127
22 129
22 137
22 140
22 145
22 148
22 155
22 160
22 164
22 169
22 170
22 174
22 178
22 192
22 193
22 194
22 199
22 201
22 203
22 204
22 205
22 207
22 208
22 210
22 213
22 226
22 231
22 235
22 236
22 241
22 242
22 243
22 246
22 250
22 251
22 254
22 259
22 260
22 268
22 273
22 282
22 288
22 294
22 297
22 304
22 305
22 307
22 325
22 329
22 330
22 335
22 347
23 32
23 35
23 37
23 47
23 59
23 60
23 69
23 86
23 89
23 93
23 103
23 109
23 110
23 113
23 115
23 119
23 120
23 127
23 130
23 133
23 136
23 137
23 143
23 145
23 146
23 157
23 170
23 175
23 184
23 189
23 198
23 211
23 215
23 219
23 223
23 228
23 237
23 242
23 246
23 252
23 272
23 274
23 277
23 281
23 294
23 295
23 297
23 301
23 302
23 307
23 316
23 324
23 328
23 330
23 331
23 333
23 337
23 340
23 341
23 349
24 33
24 38
24 52
24 53
24 56
24 59
24 60
24 61
24 65
24 70
24 71
24 73
24 75
24 81
24 84
24 85
24 87
24 103
24 107
24 112
24 113
24 115
24 116
24 121
24 123
24 129
24 133
24 141
24 145
24 154
24 157
24 159
24 161
24 164
24 165
24 171
24 178
24 201
24 218
24 219
24 232
24 233
24 238
24 241
24 246
24 247
24 252
24 255
24 257
24 258
24 269
24 272
24 273
24 276
24 277
24 281
24 290
24 292
24 304
24 305
24 312
24 313
24 323
24 326
24 330
24 342
24 346
25 33
25 49
25 50
25 58
25 63
25 72
25 77
25 84
25 92
25 93
25 98
25 100
25 103
25 110
25 114
25 116
25 119
25 122
25 125
25 131
25 132
25 133
25 139
25 144
25 150
25 153
25 161
25 163
25 165
25 167
25 175
25 177
25 178
25 184
25 185
25 198
25 202
25 207
25 213
25 225
25 233
25 235
25 236
25 246
25 248
25 251
25 252
25 258
25 259
25 265
25 268
25 270
25 271
25 279
25 281
25 283
25 284
25 286
25 287
25 290
25 299
25 301
25 303
25 307
25 312
25 315
25 325
25 328
25 329
25 332
25 333
25 337
25 341
25 343
25 344
26 36
26 37
26 40
26 46
26 54
26 62
26 92
26 96
26 99
26 103
26 109
26 112
26 136
26 142
26 143
26 148
26 149
26 152
26 157
26 158
26 159
26 172
26 173
26 174
26 176
26 178
26 180
26 186
26 188
26 193
26 198
26 202
26 211
26 230
26 236
26 239
26 241
26 247
26 258
26 259
26 262
26 265
26 268
26 279
26 285
26 286
26 291
26 296
26 301
26 304
26 319
26 322
26 323
26 347
27 40
27 46
27 52
27 61
27 62
27 65
27 68
27 72
27 79
27 82
27 83
27 92
27 98
27 106
27 108
27 114
27 118
27 121
27 125
27 140
27 155
27 156
27 170
27 183
27 185
27 197
27 200
27 202
27 203
27 207
27 209
27 210
27 212
27 213
27 218
27 219
27 224
27 226
27 227
27 231
27 232
27 237
27 242
27 247
27 258
27 259
27 263
27 275
27 277
27 293
27 304
27 313
27 319
27 320
27 326
27 328
27 330
27 331
27 334
27 340
27 343
27 346
28 29
28 41
28 42
28 46
28 55
28 64
28 67
28 68
28 71
28 74
28 79
28 83
28 92
28 98
28 99
28 100
28 102
28 103
28 105
28 109
28 118
28 120
28 123
28 128
28 133
28 137
28 138
28 139
28 143
28 146
28 148
28 153
28 154
28 155
28 156
28 162
28 164
28 166
28 174
28 180
28 190
28 191
28 197
28 201
28 202
28 206
28 211
28 212
28 215
28 221
28 233
28 240
28 243
28 246
28 250
28 255
28 260
28 265
28 268
28 273
28 280
28 290
28 301
28 304
28 314
28 320
28 322
28 323
28 324
28 325
28 328
28 339
28 342
28 343
28 344
29 32
29 33
29 39
29 43
29 47
29 48
29 49
29 52
29 61
29 64
29 65
29 66
29 67
29 73
29 77
29 85
29 86
29 91
29 95
29 100
29 101
29 113
29 118
29 123
29 124
29 138
29 139
29 145
29 165
29 175
29 176
29 181
29 182
29 186
29 192
29 193
29 198
29 203
29 215
29 220
29 222
29 224
29 225
29 235
29 239
29 240
29 242
29 246
29 251
29 269
29 270
29 276
29 280
29 282
29 296
29 303
29 310
29 317
29 318
29 319
29 322
29 329
29 330
29 331
29 338
29 339
29 347
29 348
30 36
30 37
30 40
30 53
30 58
30 65
30 70
30 73
30 74
30 78
30 81
30 84
30 86
30 88
30 89
30 97
30 100
30 102
30 110
30 113
30 118
30 119
30 120
30 123
30 127
30 131
30 135
30 138
30 139
30 151
30 159
30 165
30 167
30 178
30 200
30 201
30 202
30 213
30 214
30 216
30 225
30 230
30 232
30 242
30 247
30 250
30 252
30 254
30 255
30 258
30 259
30 261
30 264
30 265
30 267
30 269
30 270
30 272
30 275
30 291
30 304
30 305
30 310
30 311
30 315
30 317
30 334
30 340
30 349
31 33
31 37
31 42
31 43
31 45
31 47
31 55
31 74
31 75
31 77
31 78
31 86
31 88
31 95
31 98
31 101
31 103
31 106
31 108
31 114
31 116
31 117
31 135
31 137
31 147
31 163
31 164
31 166
31 178
31 179
31 182
31 192
31 194
31 195
31 197
31 205
31 219
31 222
31 228
31 238
31 239
31 240
31 246
31 252
31 253
31 260
31 269
31 272
31 283
31 288
31 294
31 298
31 303
31 306
31 312
31 314
31 316
31 317
31 321
31 322
31 323
31 345
31 348
31 349
32 33
32 34
32 36
32 47
32 49
32 57
32 58
32 59
32 61
32 63
32 71
32 72
32 79
32 81
32 85
32 86
32 88
32 92
32 96
32 99
32 109
32 111
32 112
32 113
32 115
32 116
32 119
32 121
32 124
32 138
32 141
32 153
32 154
32 159
32 161
32 163
32 183
32 189
32 192
32 194
32 196
32 197
32 199
32 203
32 204
32 207
32 222
32 225
32 226
32 227
32 228
32 229
32 230
32 237
32 246
32 247
32 260
32 261
32 268
32 273
32 276
32 283
32 288
32 292
32 302
32 305
32 308
32 313
32 314
32 317
32 322
32 326
32 329
32 336
32 337
32 343
33 39
33 42
33 44
33 50
33 54
33 60
33 64
33 68
33 75
33 76
33 77
33 82
33 99
33 108
33 110
33 112
33 113
33 116
33 121
33 122
33 125
33 131
33 134
33 139
33 145
33 148
33 151
33 153
33 155
33 158
33 161
33 179
33 184
33 187
33 193
33 201
33 221
33 222
33 223
33 224
33 225
33 232
33 245
33 248
33 250
33 256
33 262
33 265
33 266
33 268
33 273
33 274
33 275
33 278
33 281
33 285
33 286
33 292
33 301
33 309
33 313
33 315
33 319
33 324
33 329
34 48
34 52
34 53
34 59
34 65
34 66
34 68
34 74
34 83
34 84
34 97
34 98
34 100
34 104
34 108
34 115
34 122
34 125
34 143
34 145
34 148
34 157
34 163
34 164
34 168
34 177
34 192
34 197
34 201
34 206
34 212
34 213
34 216
34 219
34 224
34 226
34 228
34 235
34 238
34 242
34 249
34 275
34 276
34 281
34 283
34 285
34 297
34 305
34 309
34 316
34 317
34 318
34 319
34 320
34 327
34 332
34 338
34 343
34 346
34 348
35 42
35 53
35 72
35 77
35 79
35 82
35 83
35 92
35 101
35 102
35 103
35 109
35 114
35 116
35 118
35 124
35 129
35 135
35 137
35 138
35 139
35 141
35 145
35 147
35 154
35 157
35 164
35 175
35 177
35 185
35 193
35 194
35 197
35 200
35 203
35 219
35 221
35 229
35 234
35 242
35 250
35 253
35 262
35 263
35 265
35 277
35 292
35 293
35 294
35 299
35 310
35 311
35 312
35 313
35 314
35 316
35 319
35 326
35 327
35 332
35 334
35 339
35 340
35 348
36 43
36 69
36 71
36 76
36 82
36 84
36 85
36 86
36 96
36 103
36 116
36 117
36 120
36 132
36 135
36 151
36 155
36 156
36 159
36 161
36 163
36 167
36 171
36 172
36 173
36 201
36 204
36 212
36 213
36 218
36 219
36 222
36 225
36 237
36 244
36 247
36 248
36 268
36 273
36 274
36 282
36 283
36 286
36 289
36 290
36 291
36 292
36 307
36 311
36 312
36 314
36 315
36 316
36 343
36 348
36 349
37 39
37 42
37 49
37 56
37 57
37 70
37 74
37 75
37 83
37 85
37 108
37 109
37 116
37 129
37 132
37 139
37 143
37 144
37 152
37 162
37 166
37 169
37 170
37 172
37 174
37 175
37 178
37 179
37 184
37 190
37 192
37 195
37 198
37 202
37 210
37 212
37 217
37 219
37 224
37 239
37 242
37 256
37 258
37 267
37 269
37 276
37 288
37 297
37 303
37 306
37 309
37 321
37 323
37 327
37 334
37 340
37 343
37 344
37 345
38 42
38 44
38 46
38 50
38 52
38 62
38 64
38 69
38 72
38 84
38 99
38 101
38 106
38 109
38 116
38 121
38 125
38 144
38 147
38 155
38 158
38 162
38 175
38 177
38 182
38 183
38 193
38 195
38 206
38 217
38 227
38 232
38 234
38 241
38 253
38 263
38 278
38 279
38 284
38 285
38 286
38 292
38 297
38 303
38 318
39 48
39 50
39 51
39 70
39 72
39 81
39 85
39 86
39 87
39 97
39 100
39 105
39 113
39 117
39 121
39 124
39 139
39 142
39 144
39 145
39 149
39 150
39 156
39 173
39 182
39 184
39 185
39 189
39 190
39 191
39 199
39 200
39 208
39 212
39 213
39 218
39 226
39 232
39 235
39 241
39 243
39 247
39 260
39 261
39 263
39 265
39 266
39 268
39 269
39 270
39 286
39 301
39 310
39 317
39 324
39 325
39 327
39 334
39 340
39 344
39 345
40 47
40 60
40 72
40 82
40 84
40 88
40 96
40 100
40 103
40 115
40 137
40 140
40 155
40 156
40 157
40 159
40 164
40 166
40 167
40 171
40 179
40 189
40 190
40 211
40 217
40 229
40 234
40 261
40 263
40 266
40 270
40 272
40 274
40 281
40 301
40 308
40 313
40 314
40 317
40 320
40 321
40 323
40 333
40 336
40 338
40 340
40 342
40 343
41 47
41 48
41 53
41 60
41 63
41 64
41 70
41 75
41 78
41 81
41 86
41 91
41 92
41 103
41 114
41 118
41 126
41 130
41 139
41 157
41 158
41 164
41 165
41 170
41 172
41 189
41 190
41 193
41 199
41 208
41 209
41 211
41 221
41 222
41 239
41 240
41 241
41 243
41 244
41 253
41 273
41 285
41 299
41 306
41 307
41 312
41 314
41 324
41 325
41 330
41 331
41 336
41 340
41 346
41 347
42 47
42 48
42 51
42 60
42 64
42 65
42 66
42 68
42 74
42 76
42 77
42 84
42 90
42 92
42 98
42 105
42 119
42 122
42 128
42 131
42 137
42 138
42 141
42 143
42 147
42 152
42 158
42 161
42 162
42 163
42 173
42 192
42 198
42 200
42 201
42 203
42 216
42 222
42 230
42 243
42 248
42 250
42 252
42 255
42 271
42 276
42 279
42 281
42 291
42 301
42 308
42 314
42 319
42 320
42 323
42 326
42 330
42 332
42 334
42 341
42 347
42 349
43 45
43 55
43 56
43 61
43 62
43 65
43 67
43 71
43 72
43 83
43 86
43 99
43 104
43 107
43 108
43 110
43 112
43 116
43 119
43 121
43 122
43 124
43 125
43 127
43 152
43 154
43 155
43 161
43 162
43 164
43 166
43 179
43 182
43 185
43 188
43 195
43 199
43 205
43 217
43 220
43 225
43 228
43 232
43 234
43 236
43 243
43 248
43 251
43 252
43 253
43 272
43 274
43 275
43 285
43 288
43 290
43 292
43 295
43 296
43 297
43 304
43 314
43 319
43 321
43 326
43 327
43 332
44 46
44 50
44 52
44 54
44 70
44 72
44 73
44 74
44 76
44 78
44 85
44 86
44 89
44 100
44 102
44 104
44 106
44 111
44 113
44 117
44 123
44 128
44 130
44 132
44 133
44 135
44 137
44 139
44 140
44 149
44 150
44 154
44 156
44 157
44 159
44 164
44 170
44 182
44 186
44 191
44 201
44 204
44 205
44 211
44 212
44 222
44 225
44 230
44 237
44 241
44 244
44 245
44 251
44 253
44 254
44 268
44 274
44 284
44 290
44 297
44 299
44 300
44 302
44 307
44 309
44 317
44 319
44 325
44 328
44 330
44 332
44 333
44 334
44 335
44 336
44 339
44 340
44 345
45 54
45 55
45 56
45 57
45 59
45 60
45 62
45 65
45 67
45 69
45 73
45 81
45 88
45 104
45 105
45 107
45 112
45 123
45 129
45 131
45 136
45 137
45 140
45 141
45 146
45 154
45 156
45 160
45 176
45 180
45 181
45 192
45 203
45 208
45 211
45 214
45 216
45 225
45 226
45 232
45 238
45 247
45 252
45 253
45 259
45 268
45 274
45 279
45 284
45 288
45 295
45 296
45 297
45 303
45 306
45 316
45 317
45 319
45 327
45 328
45 330
45 337
45 347
45 349
46 58
46 61
46 64
46 65
46 73
46 78
46 81
46 89
46 90
46 91
46 102
46 110
46 116
46 121
46 124
46 126
46 128
46 137
46 139
46 143
46 144
46 146
46 149
46 150
46 151
46 152
46 156
46 163
46 168
46 171
46 173
46 190
46 196
46 199
46 200
46 215
46 216
46 217
46 219
46 225
46 232
46 233
46 235
46 241
46 244
46 254
46 257
46 260
46 263
46 274
46 275
46 283
46 284
46 285
46 286
46 302
46 303
46 305
46 313
46 315
46 321
46 324
46 328
46 329
46 331
46 333
46 336
46 341
47 53
47 59
47 62
47 77
47 78
47 81
47 83
47 89
47 93
47 94
47 102
47 108
47 110
47 114
47 116
47 118
47 125
47 129
47 133
47 143
47 144
47 150
47 163
47 165
47 166
47 172
47 178
47 179
47 181
47 189
47 193
47 196
47 212
47 225
47 231
47 243
47 244
47 245
47 252
47 253
47 256
47 257
47 269
47 271
47 275
47 285
47 286
47 287
47 289
47 294
47 295
47 301
47 302
47 305
47 307
47 308
47 313
47 316
47 322
47 323
47 331
47 338
47 345
47 347
48 49
48 63
48 73
48 75
48 76
48 81
48 83
48 99
48 104
48 105
48 109
48 112
48 114
48 116
48 121
48 133
48 137
48 143
48 156
48 160
48 165
48 168
48 172
48 174
48 184
48 185
48 193
48 197
48 205
48 207
48 213
48 215
48 218
48 220
48 222
48 229
48 237
48 245
48 248
48 251
48 252
48 253
48 255
48 258
48 280
48 287
48 289
48 292
48 294
48 296
48 308
48 313
48 326
48 327
48 333
48 337
48 342
48 347
49 52
49 71
49 74
49 79
49 80
49 86
49 87
49 88
49 90
49 94
49 104
49 106
49 111
49 115
49 131
49 133
49 135
49 136
49 143
49 148
49 152
49 153
49 154
49 171
49 174
49 177
49 188
49 189
49 192
49 204
49 206
49 209
49 211
49 216
49 217
49 219
49 222
49 224
49 231
49 234
49 235
49 236
49 254
49 257
49 258
49 261
49 262
49 264
49 269
49 274
49 275
49 277
49 279
49 297
49 307
49 308
49 310
49 321
49 327
49 332
49 335
49 336
49 339
49 343
49 344
49 348
49 349
50 60
50 65
50 74
50 77
50 97
50 100
50 102
50 103
50 109
50 113
50 121
50 124
50 126
50 127
50 132
50 144
50 150
50 152
50 154
50 157
50 158
50 165
50 175
50 176
50 183
50 189
50 194
50 196
50 207
50 209
50 214
50 215
50 216
50 222
50 245
50 246
50 251
50 259
50 263
50 277
50 294
50 299
50 301
50 303
50 306
50 307
50 312
50 313
50 315
50 318
50 321
50 322
50 331
50 342
50 343
50 348
51 52
51 56
51 57
51 59
51 69
51 70
51 75
51 86
51 89
51 94
51 101
51 106
51 107
51 109
51 110
51 114
51 123
51 125
51 141
51 143
51 147
51 148
51 150
51 152
51 154
51 167
51 176
51 177
51 182
51 192
51 199
51 210
51 211
51 225
51 228
51 239
51 242
51 246
51 249
51 250
51 254
51 255
51 256
51 259
51 260
51 261
51 267
51 268
51 275
51 277
51 279
51 282
51 284
51 285
51 286
51 292
51 293
51 300
51 304
51 307
51 316
51 325
51 329
51 334
51 340
51 341
51 342
51 345
51 347
52 53
52 54
52 62
52 64
52 65
52 69
52 79
52 80
52 81
52 85
52 87
52 89
52 90
52 97
52 106
52 108
52 114
52 115
52 116
52 123
52 126
52 127
52 133
52 134
52 136
52 150
52 163
52 164
52 172
52 176
52 180
52 182
52 183
52 190
52 193
52 196
52 209
52 211
52 218
52 220
52 224
52 225
52 236
52 238
52 247
52 252
52 254
52 259
52 282
52 283
52 292
52 302
52 312
52 321
52 322
52 323
52 333
53 54
53 62
53 66
53 67
53 72
53 77
53 85
53 87
53 89
53 102
53 103
53 106
53 109
53 119
53 126
53 127
53 130
53 137
53 140
53 141
53 143
53 144
53 150
53 153
53 158
53 167
53 172
53 182
53 186
53 195
53 210
53 211
53 212
53 217
53 220
53 225
53 227
53 239
53 242
53 245
53 248
53 251
53 258
53 263
53 264
53 265
53 266
53 270
53 278
53 283
53 292
53 294
53 299
53 303
53 304
53 314
53 321
53 324
53 326
53 327
53 344
54 59
54 62
54 70
54 73
54 75
54 76
54 78
54 90
54 92
54 93
54 94
54 97
54 99
54 103
54 106
54 113
54 117
54 121
54 135
54 136
54 137
54 141
54 143
54 150
54 154
54 160
54 167
54 170
54 172
54 176
54 179
54 185
54 196
54 198
54 209
54 215
54 222
54 225
54 244
54 247
54 251
54 254
54 255
54 276
54 287
54 290
54 291
54 292
54 297
54 298
54 299
54 300
54 312
54 315
54 320
54 334
54 337
54 344
54 346
54 348
55 57
55 63
55 67
55 71
55 82
55 90
55 93
55 95
55 108
55 124
55 130
55 131
55 132
55 135
55 146
55 150
55 152
55 156
55 159
55 169
55 170
55 172
55 175
55 176
55 180
55 181
55 187
55 188
55 189
55 192
55 193
55 212
55 213
55 217
55 223
55 224
55 225
55 226
55 235
55 238
55 256
55 258
55 263
55 271
55 272
55 282
55 285
55 288
55 299
55 300
55 301
55 304
55 306
55 308
55 314
55 331
55 339
55 340
56 58
56 60
56 62
56 64
56 65
56 76
56 94
56 98
56 100
56 112
56 117
56 126
56 129
56 130
56 136
56 139
56 147
56 156
56 159
56 160
56 173
56 176
56 183
56 185
56 188
56 189
56 191
56 193
56 206
56 208
56 209
56 211
56 212
56 218
56 223
56 232
56 233
56 249
56 250
56 251
56 263
56 265
56 268
56 276
56 277
56 285
56 286
56 297
56 302
56 303
56 304
56 307
56 314
56 315
56 317
56 322
56 336
56 342
56 346
57 63
57 66
57 68
57 70
57 76
57 78
57 82
57 83
57 84
57 86
57 91
57 92
57 98
57 99
57 115
57 124
57 126
57 129
57 133
57 135
57 136
57 144
57 154
57 156
57 165
57 178
57 182
57 185
57 188
57 190
57 194
57 196
57 206
57 212
57 225
57 230
57 236
57 237
57 238
57 240
57 247
57 249
57 260
57 264
57 267
57 277
57 279
57 284
57 291
57 297
57 298
57 300
57 307
57 308
57 311
57 313
57 314
57 322
57 323
57 324
57 332
57 337
58 75
58 88
58 89
58 103
58 108
58 115
58 125
58 127
58 133
58 136
58 138
58 140
58 143
58 148
58 152
58 161
58 163
58 166
58 175
58 180
58 182
58 190
58 192
58 203
58 204
58 205
58 207
58 213
58 215
58 216
58 220
58 222
58 240
58 244
58 255
58 256
58 267
58 270
58 271
58 274
58 277
58 280
58 282
58 286
58 288
58 291
58 293
58 296
58 298
58 304
58 307
58 313
58 314
58 319
58 324
58 326
58 329
58 333
58 342
58 344
58 347
58 348
59 70
59 74
59 76
59 78
59 80
59 89
59 94
59 96
59 98
59 101
59 110
59 115
59 118
59 123
59 127
59 132
59 134
59 136
59 145
59 148
59 149
59 162
59 164
59 165
59 170
59 186
59 192
59 198
59 207
59 208
59 213
59 216
59 217
59 218
59 220
59 223
59 231
59 232
59 233
59 236
59 241
59 243
59 246
59 263
59 272
59 274
59 275
59 276
59 286
59 298
59 305
59 306
59 316
59 317
59 320
59 322
59 333
59 336
59 338
59 346
59 347
60 63
60 64
60 68
60 70
60 82
60 85
60 91
60 92
60 102
60 115
60 117
60 120
60 123
60 126
60 130
60 138
60 145
60 153
60 156
60 163
60 165
60 169
60 171
60 173
60 179
60 180
60 190
60 193
60 198
60 205
60 214
60 219
60 220
60 233
60 235
60 243
60 247
60 248
60 249
60 257
60 258
60 259
60 267
60 272
60 273
60 275
60 280
60 286
60 288
60 298
60 300
60 312
60 313
60 318
60 320
60 325
60 340
60 341
60 344
61 64
61 68
61 69
61 70
61 72
61 73
61 81
61 96
61 97
61 98
61 100
61 101
61 114
61 119
61 120
61 122
61 123
61 124
61 129
61 131
61 133
61 142
61 144
61 150
61 153
61 159
61 160
61 164
61 174
61 175
61 178
61 182
61 213
61 214
61 216
61 219
61 226
61 233
61 241
61 244
61 245
61 246
61 253
61 266
61 268
61 270
61 277
61 279
61 289
61 293
61 297
61 336
61 337
61 339
61 344
61 345
61 346
62 63
62 71
62 74
62 75
62 82
62 91
62 94
62 98
62 104
62 111
62 113
62 126
62 128
62 132
62 134
62 136
62 142
62 143
62 145
62 148
62 166
62 178
62 180
62 181
62 182
62 184
62 203
62 204
62 205
62 206
62 216
62 220
62 223
62 225
62 244
62 246
62 250
62 251
62 268
62 269
62 270
62 285
62 288
62 297
62 298
62 299
62 300
62 301
62 304
62 305
62 312
62 317
62 333
62 334
62 341
62 345
63 66
63 84
63 90
63 92
63 96
63 102
63 108
63 110
63 113
63 122
63 134
63 135
63 137
63 140
63 156
63 163
63 170
63 180
63 188
63 189
63 195
63 197
63 205
63 206
63 208
63 210
63 220
63 237
63 241
63 242
63 245
63 247
63 252
63 262
63 263
63 265
63 275
63 279
63 280
63 286
63 288
63 289
63 300
63 308
63 314
63 316
63 320
63 322
63 323
63 333
63 340
63 342
63 344
63 345
63 347
63 349
64 65
64 73
64 78
64 88
64 91
64 100
64 104
64 111
64 124
64 126
64 129
64 134
64 137
64 138
64 139
64 141
64 143
64 144
64 153
64 156
64 160
64 161
64 165
64 167
64 172
64 178
64 179
64 183
64 185
64 190
64 192
64 194
64 195
64 211
64 213
64 231
64 233
64 235
64 237
64 240
64 241
64 243
64 244
64 246
64 248
64 250
64 253
64 256
64 257
64 263
64 266
64 267
64 273
64 274
64 284
64 294
64 301
64 302
64 310
64 312
64 313
64 322
64 323
64 330
64 337
64 340
64 343
65 67
65 74
65 77
65 92
65 93
65 96
65 97
65 114
65 115
65 124
65 127
65 131
65 133
65 138
65 139
65 140
65 148
65 160
65 174
65 177
65 178
65 180
65 185
65 190
65 210
65 213
65 216
65 218
65 222
65 227
65 229
65 230
65 238
65 242
65 245
65 261
65 262
65 263
65 267
65 270
65 271
65 274
65 275
65 283
65 284
65 286
65 303
65 315
65 319
65 321
65 323
65 333
65 335
65 336
65 338
65 347
66 76
66 77
66 80
66 85
66 95
66 107
66 108
66 109
66 110
66 115
66 128
66 130
66 140
66 147
66 151
66 155
66 156
66 190
66 199
66 207
66 208
66 210
66 212
66 225
66 229
66 230
66 239
66 246
66 248
66 249
66 268
66 272
66 282
66 284
66 285
66 292
66 293
66 297
66 309
66 311
66 316
66 321
66 330
66 338
66 339
66 346
67 70
67 71
67 80
67 88
67 90
67 96
67 104
67 114
67 117
67 118
67 127
67 129
67 131
67 132
67 133
67 143
67 145
67 151
67 152
67 154
67 155
67 166
67 168
67 186
67 193
67 208
67 215
67 220
67 234
67 239
67 245
67 251
67 252
67 255
67 258
67 262
67 269
67 271
67 273
67 274
67 284
67 295
67 300
67 306
67 309
67 314
67 323
67 325
67 329
67 336
67 337
67 338
67 339
67 343
67 344
67 347
68 76
68 77
68 86
68 87
68 89
68 95
68 96
68 98
68 99
68 101
68 108
68 109
68 110
68 111
68 119
68 125
68 128
68 129
68 131
68 138
68 152
68 153
68 154
68 158
68 163
68 168
68 169
68 170
68 171
68 172
68 186
68 188
68 190
68 196
68 198
68 203
68 204
68 205
68 206
68 208
68 211
68 213
68 222
68 233
68 235
68 249
68 250
68 251
68 261
68 266
68 272
68 287
68 291
68 295
68 299
68 304
68 306
68 310
68 311
68 319
68 320
68 321
68 322
68 334
68 338
68 339
68 349
69 73
69 74
69 76
69 78
69 83
69 90
69 94
69 99
69 106
69 110
69 112
69 114
69 115
69 116
69 117
69 125
69 131
69 133
69 135
69 147
69 150
69 164
69 170
69 176
69 180
69 193
69 194
69 200
69 202
69 203
69 207
69 210
69 212
69 217
69 219
69 224
69 227
69 228
69 239
69 245
69 255
69 265
69 270
69 273
69 274
69 282
69 284
69 290
69 307
69 317
69 323
69 328
69 340
69 341
69 346
69 348
70 80
70 83
70 87
70 88
70 95
70 104
70 115
70 122
70 156
70 157
70 161
70 167
70 168
70 171
70 175
70 178
70 179
70 185
70 189
70 193
70 200
70 201
70 203
70 204
70 207
70 211
70 212
70 224
70 225
70 236
70 243
70 244
70 249
70 256
70 270
70 273
70 276
70 289
70 290
70 301
70 308
70 309
70 314
70 315
70 316
70 317
70 320
70 321
70 339
70 342
71 72
71 75
71 76
71 84
71 88
71 91
71 92
71 96
71 99
71 100
71 107
71 119
71 123
71 128
71 129
71 133
71 134
71 137
71 140
71 142
71 143
71 146
71 149
71 151
71 162
71 163
71 169
71 172
71 176
71 177
71 183
71 185
71 188
71 190
71 191
71 196
71 198
71 201
71 216
71 219
71 221
71 233
71 246
71 247
71 250
71 252
71 259
71 266
71 273
71 277
71 279
71 285
71 291
71 300
71 303
71 305
71 306
71 307
71 317
71 319
71 320
71 327
71 328
71 344
72 75
72 76
72 83
72 89
72 91
72 94
72 104
72 106
72 117
72 128
72 132
72 135
72 143
72 144
72 147
72 150
72 154
72 164
72 169
72 179
72 180
72 181
72 203
72 207
72 211
72 212
72 219
72 220
72 223
72 226
72 236
72 239
72 240
72 241
72 253
72 260
72 262
72 264
72 265
72 267
72 278
72 282
72 284
72 288
72 292
72 293
72 305
72 313
72 314
72 317
72 328
72 331
72 334
72 337
72 338
72 344
72 347
73 75
73 79
73 82
73 94
73 95
73 98
73 103
73 110
73 112
73 118
73 123
73 124
73 130
73 138
73 140
73 143
73 148
73 151
73 153
73 154
73 155
73 159
73 161
73 167
73 174
73 177
73 189
73 190
73 193
73 194
73 199
73 215
73 217
73 223
73 236
73 238
73 241
73 242
73 260
73 264
73 271
73 274
73 276
73 296
73 304
73 310
73 312
73 316
73 317
73 318
73 319
73 330
73 332
73 337
73 338
73 339
73 346
74 78
74 86
74 88
74 96
74 100
74 111
74 113
74 114
74 125
74 126
74 136
74 142
74 143
74 147
74 148
74 154
74 155
74 160
74 165
74 175
74 177
74 184
74 194
74 200
74 202
74 207
74 209
74 215
74 216
74 226
74 229
74 231
74 233
74 246
74 249
74 252
74 256
74 258
74 263
74 268
74 275
74 277
74 289
74 293
74 295
74 297
74 300
74 304
74 309
74 316
74 324
74 335
74 337
74 338
75 80
75 96
75 99
75 138
75 143
75 153
75 159
75 160
75 166
75 168
75 171
75 173
75 175
75 176
75 183
75 186
75 191
75 194
75 198
75 201
75 202
75 205
75 217
75 222
75 224
75 226
75 227
75 228
75 229
75 235
75 239
75 248
75 254
75 257
75 264
75 266
75 268
75 271
75 276
75 283
75 287
75 288
75 298
75 301
75 302
75 304
75 305
75 307
75 309
75 313
75 325
75 330
75 331
75 332
75 344
75 346
76 79
76 80
76 88
76 91
76 92
76 93
76 94
76 95
76 98
76 109
76 111
76 120
76 121
76 127
76 139
76 141
76 149
76 169
76 179
76 189
76 190
76 195
76 204
76 217
76 227
76 231
76 233
76 235
76 241
76 250
76 251
76 254
76 261
76 263
76 265
76 270
76 277
76 278
76 281
76 283
76 284
76 287
76 291
76 292
76 302
76 307
76 309
76 313
76 315
76 317
76 319
76 323
76 324
76 331
76 334
76 339
76 341
76 342
76 347
76 348
76 349
77 94
77 114
77 119
77 122
77 124
77 130
77 135
77 141
77 147
77 150
77 152
77 155
77 162
77 164
77 174
77 179
77 182
77 183
77 187
77 191
77 195
77 205
77 208
77 211
77 221
77 223
77 224
77 231
77 234
77 235
77 240
77 242
77 250
77 258
77 273
77 281
77 283
77 289
77 296
77 298
77 299
77 307
77 311
77 314
77 318
77 341
77 342
77 346
78 93
78 94
78 95
78 100
78 106
78 115
78 118
78 122
78 124
78 131
78 134
78 141
78 142
78 149
78 152
78 164
78 175
78 176
78 186
78 187
78 189
78 195
78 201
78 203
78 216
78 223
78 225
78 226
78 228
78 230
78 238
78 244
78 246
78 249
78 250
78 254
78 256
78 259
78 266
78 268
78 275
78 277
78 296
78 298
78 310
78 313
78 319
78 328
78 339
78 340
78 343
78 345
78 348
79 88
79 90
79 99
79 100
79 101
79 105
79 113
79 116
79 126
79 129
79 131
79 132
79 138
79 144
79 156
79 161
79 163
79 166
79 167
79 171
79 175
79 180
79 192
79 197
79 200
79 203
79 213
79 215
79 223
79 228
79 229
79 230
79 235
79 243
79 244
79 250
79 255
79 264
79 266
79 268
79 274
79 281
79 282
79 286
79 291
79 293
79 306
79 315
79 316
79 317
79 321
79 324
79 326
79 329
79 334
79 336
79 339
79 342
80 84
80 87
80 88
80 96
80 99
80 106
80 110
80 120
80 124
80 138
80 148
80 157
80 167
80 173
80 183
80 185
80 189
80 190
80 193
80 198
80 203
80 204
80 205
80 207
80 213
80 216
80 217
80 218
80 219
80 221
80 222
80 223
80 226
80 229
80 242
80 243
80 246
80 251
80 252
80 253
80 256
80 258
80 267
80 269
80 270
80 282
80 294
80 295
80 300
80 305
80 314
80 321
80 322
80 326
80 330
80 337
80 341
80 342
80 343
80 344
81 93
81 98
81 108
81 110
81 114
81 117
81 118
81 119
81 121
81 137
81 140
81 147
81 149
81 150
81 165
81 169
81 177
81 178
81 192
81 194
81 203
81 216
81 218
81 230
81 233
81 240
81 247
81 252
81 254
81 264
81 265
81 272
81 273
81 274
81 277
81 287
81 299
81 307
81 309
81 310
81 312
81 315
81 318
81 323
81 326
81 331
81 336
81 349
82 84
82 86
82 87
82 92
82 97
82 100
82 104
82 110
82 114
82 128
82 133
82 138
82 141
82 142
82 155
82 157
82 166
82 167
82 172
82 177
82 181
82 191
82 193
82 194
82 196
82 197
82 200
82 202
82 214
82 215
82 216
82 234
82 238
82 243
82 247
82 257
82 258
82 259
82 264
82 268
82 286
82 292
82 300
82 301
82 302
82 316
82 323
82 331
82 332
82 336
82 338
82 345
82 348
83 85
83 91
83 94
83 102
83 109
83 114
83 127
83 128
83 130
83 142
83 144
83 146
83 147
83 153
83 160
83 169
83 175
83 180
83 181
83 183
83 185
83 186
83 192
83 193
83 197
83 199
83 200
83 202
83 214
83 216
83 221
83 222
83 225
83 230
83 232
83 236
83 249
83 250
83 262
83 277
83 280
83 282
83 285
83 286
83 292
83 304
83 305
83 306
83 311
83 313
83 318
83 321
83 344
84 86
84 88
84 97
84 98
84 104
84 106
84 109
84 114
84 115
84 117
84 121
84 124
84 127
84 131
84 133
84 148
84 149
84 156
84 157
84 163
84 170
84 174
84 186
84 190
84 191
84 196
84 197
84 199
84 200
84 209
84 216
84 226
84 227
84 231
84 248
84 250
84 251
84 252
84 257
84 259
84 266
84 272
84 275
84 280
84 286
84 288
84 296
84 307
84 310
84 322
84 328
84 330
84 333
84 335
85 86
85 101
85 108
85 115
85 121
85 130
85 131
85 134
85 139
85 143
85 144
85 146
85 147
85 166
85 167
85 168
85 169
85 170
85 171
85 174
85 176
85 177
85 179
85 181
85 183
85 185
85 186
85 187
85 188
85 193
85 197
85 200
85 211
85 215
85 217
85 218
85 231
85 233
85 237
85 240
85 244
85 245
85 246
85 250
85 255
85 258
85 265
85 266
85 268
85 269
85 275
85 277
85 283
85 286
85 288
85 292
85 295
85 296
85 302
85 307
85 308
85 310
85 311
85 322
85 324
85 325
85 329
86 88
86 89
86 91
86 92
86 99
86 100
86 107
86 110
86 114
86 120
86 127
86 128
86 129
86 130
86 135
86 137
86 138
86 140
86 142
86 147
86 155
86 157
86 163
86 166
86 168
86 169
86 179
86 182
86 186
86 189
86 190
86 192
86 205
86 215
86 217
86 228
86 230
86 233
86 235
86 236
86 238
86 242
86 243
86 244
86 246
86 249
86 254
86 255
86 257
86 260
86 273
86 274
86 282
86 284
86 286
86 290
86 291
86 296
86 298
86 300
86 307
86 308
86 319
86 320
86 323
86 324
86 328
86 333
86 337
86 339
86 340
86 346
87 88
87 90
87 101
87 102
87 103
87 111
87 114
87 118
87 126
87 134
87 138
87 139
87 141
87 151
87 152
87 157
87 158
87 165
87 167
87 168
87 169
87 170
87 171
87 178
87 185
87 189
87 191
87 195
87 196
87 204
87 209
87 222
87 224
87 231
87 232
87 234
87 240
87 243
87 244
87 246
87 251
87 252
87 254
87 266
87 268
87 276
87 285
87 292
87 294
87 299
87 300
87 302
87 305
87 307
87 312
87 316
87 317
87 339
87 341
87 344
88 94
88 96
88 97
88 99
88 113
88 114
88 120
88 131
88 132
88 139
88 142
88 149
88 150
88 157
88 159
88 160
88 162
88 165
88 173
88 176
88 177
88 192
88 197
88 205
88 209
88 210
88 212
88 217
88 218
88 219
88 224
88 230
88 231
88 250
88 254
88 256
88 259
88 263
88 265
88 268
88 270
88 275
88 276
88 283
88 291
88 293
88 294
88 295
88 301
88 308
88 315
88 325
88 329
89 92
89 99
89 102
89 104
89 109
89 112
89 126
89 128
89 132
89 142
89 150
89 151
89 153
89 157
89 162
89 163
89 164
89 174
89 188
89 193
89 195
89 204
89 208
89 212
89 220
89 231
89 234
89 242
89 249
89 250
89 255
89 259
89 265
89 266
89 274
89 286
89 291
89 293
89 295
89 298
89 304
89 311
89 312
89 317
89 320
89 323
89 324
89 330
89 331
89 339
89 346
90 92
90 94
90 99
90 110
90 118
90 119
90 123
90 127
90 128
90 129
90 130
90 146
90 154
90 157
90 159
90 163
90 164
90 166
90 171
90 176
90 178
90 190
90 196
90 199
90 200
90 210
90 221
90 226
90 227
90 232
90 234
90 236
90 241
90 242
90 247
90 248
90 254
90 258
90 264
90 267
90 268
90 279
90 288
90 289
90 293
90 306
90 307
90 312
90 317
90 329
90 334
90 335
90 336
90 339
90 341
90 343
90 346
90 347
91 93
91 96
91 108
91 117
91 120
91 124
91 129
91 132
91 148
91 150
91 151
91 169
91 175
91 183
91 187
91 188
91 199
91 204
91 206
91 207
91 217
91 219
91 229
91 230
91 238
91 245
91 248
91 251
91 262
91 268
91 283
91 289
91 294
91 298
91 306
91 316
91 320
91 330
91 335
91 338
91 341
91 343
91 345
92 94
92 96
92 98
92 99
92 102
92 105
92 109
92 114
92 126
92 132
92 138
92 144
92 157
92 166
92 172
92 185
92 186
92 189
92 193
92 202
92 204
92 212
92 214
92 221
92 224
92 227
92 232
92 233
92 236
92 246
92 252
92 253
92 255
92 257
92 258
92 261
92 268
92 270
92 271
92 272
92 278
92 283
92 286
92 288
92 292
92 297
92 303
92 314
92 328
92 340
92 341
93 94
93 105
93 117
93 121
93 125
93 135
93 142
93 145
93 159
93 188
93 191
93 194
93 195
93 209
93 211
93 213
93 219
93 227
93 228
93 229
93 233
93 234
93 239
93 245
93 247
93 248
93 251
93 252
93 260
93 271
93 275
93 276
93 277
93 282
93 287
93 292
93 306
93 307
93 312
93 318
93 329
93 335
93 339
93 344
93 346
94 102
94 109
94 117
94 125
94 131
94 136
94 145
94 146
94 147
94 149
94 152
94 156
94 163
94 164
94 167
94 175
94 186
94 190
94 192
94 205
94 224
94 228
94 230
94 236
94 242
94 243
94 245
94 254
94 256
94 257
94 273
94 280
94 281
94 283
94 287
94 290
94 298
94 302
94 305
94 313
94 320
94 323
94 326
94 338
94 340
94 341
94 344
94 345
94 348
95 98
95 101
95 102
95 105
95 107
95 109
95 111
95 118
95 120
95 135
95 141
95 142
95 145
95 150
95 152
95 155
95 167
95 168
95 175
95 176
95 179
95 180
95 182
95 189
95 191
95 196
95 199
95 200
95 205
95 211
95 238
95 243
95 257
95 261
95 265
95 273
95 277
95 280
95 281
95 285
95 289
95 291
95 295
95 300
95 316
95 319
95 328
95 335
95 337
95 344
96 100
96 108
96 114
96 119
96 129
96 136
96 146
96 148
96 154
96 164
96 166
96 169
96 173
96 175
96 176
96 188
96 189
96 192
96 200
96 214
96 218
96 220
96 225
96 230
96 235
96 236
96 240
96 241
96 242
96 243
96 246
96 250
96 253
96 254
96 260
96 262
96 266
96 271
96 278
96 279
96 292
96 296
96 297
96 298
96 301
96 346
96 349
97 99
97 106
97 110
97 116
97 122
97 125
97 137
97 138
97 146
97 147
97 154
97 155
97 157
97 162
97 163
97 166
97 190
97 194
97 195
97 206
97 207
97 218
97 221
97 223
97 238
97 250
97 254
97 257
97 265
97 269
97 276
97 280
97 288
97 290
97 291
97 294
97 307
97 308
97 314
97 320
97 326
97 332
97 339
97 342
97 344
97 345
97 348
98 105
98 106
98 108
98 114
98 120
98 130
98 142
98 144
98 148
98 149
98 151
98 159
98 168
98 170
98 179
98 184
98 191
98 192
98 197
98 198
98 206
98 212
98 217
98 218
98 225
98 229
98 230
98 232
98 242
98 249
98 254
98 256
98 260
98 261
98 262
98 266
98 267
98 268
98 275
98 282
98 286
98 288
98 291
98 294
98 311
98 319
98 326
98 331
98 332
98 336
98 349
99 101
99 109
99 115
99 118
99 123
99 125
99 126
99 128
99 131
99 132
99 137
99 144
99 145
99 149
99 157
99 160
99 162
99 164
99 169
99 171
99 179
99 180
99 187
99 196
99 214
99 225
99 231
99 238
99 243
99 247
99 255
99 258
99 262
99 271
99 274
99 278
99 288
99 292
99 296
99 304
99 314
99 317
99 319
99 323
99 337
99 343
99 344
100 105
100 110
100 111
100 112
100 116
100 121
100 136
100 137
100 139
100 151
100 152
100 157
100 162
100 166
100 171
100 173
100 178
100 179
100 189
100 190
100 194
100 195
100 196
100 197
100 198
100 200
100 206
100 209
100 212
100 234
100 244
100 246
100 254
100 258
100 259
100 262
100 263
100 265
100 266
100 267
100 268
100 275
100 276
100 280
100 281
100 283
100 288
100 301
100 304
100 306
100 307
100 312
100 313
100 315
100 322
100 324
100 336
100 337
100 343
100 344
100 347
100 348
101 107
101 112
101 120
101 121
101 123
101 129
101 130
101 142
101 143
101 147
101 153
101 169
101 172
101 173
101 178
101 180
101 185
101 186
101 189
101 196
101 199
101 201
101 202
101 207
101 208
101 209
101 211
101 215
101 216
101 220
101 222
101 224
101 229
101 235
101 236
101 237
101 239
101 240
101 242
101 244
101 250
101 252
101 259
101 262
101 263
101 266
101 267
101 292
101 300
101 309
101 310
101 322
101 330
101 333
101 343
101 346
102 136
102 140
102 142
102 147
102 166
102 170
102 172
102 178
102 191
102 192
102 195
102 205
102 207
102 208
102 212
102 216
102 225
102 228
102 230
102 243
102 244
102 266
102 272
102 277
102 279
102 287
102 300
102 302
102 307
102 311
102 318
102 320
102 321
102 325
102 336
102 340
102 345
102 348
103 108
103 113
103 119
103 120
103 129
103 135
103 138
103 139
103 153
103 155
103 159
103 168
103 177
103 179
103 189
103 194
103 198
103 200
103 211
103 218
103 233
103 235
103 248
103 253
103 256
103 259
103 260
103 263
103 267
103 270
103 271
103 285
103 289
103 293
103 302
103 305
103 306
103 308
103 309
103 310
103 312
103 323
103 329
103 345
104 106
104 111
104 124
104 131
104 140
104 143
104 145
104 147
104 156
104 163
104 169
104 170
104 174
104 178
104 184
104 191
104 192
104 194
104 196
104 198
104 207
104 208
104 214
104 223
104 225
104 226
104 232
104 236
104 237
104 238
104 253
104 264
104 266
104 277
104 285
104 288
104 290
104 299
104 302
104 311
104 315
104 316
104 317
104 325
104 332
104 334
104 339
104 348
105 106
105 110
105 113
105 133
105 147
105 148
105 150
105 156
105 163
105 167
105 170
105 171
105 173
105 184
105 188
105 190
105 191
105 198
105 200
105 218
105 220
105 221
105 224
105 227
105 229
105 233
105 238
105 243
105 248
105 251
105 266
105 267
105 270
105 271
105 272
105 273
105 275
105 283
105 285
105 290
105 300
105 307
105 309
105 311
105 313
105 314
105 317
105 320
105 323
105 326
105 327
105 329
105 343
105 348
106 117
106 130
106 136
106 150
106 151
106 166
106 175
106 177
106 178
106 181
106 185
106 198
106 207
106 208
106 210
106 211
106 222
106 224
106 226
106 231
106 235
106 247
106 249
106 255
106 259
106 267
106 270
106 271
106 276
106 300
106 303
106 318
106 319
106 325
106 329
106 337
106 339
106 340
106 343
107 110
107 115
107 116
107 128
107 132
107 135
107 138
107 139
107 156
107 162
107 174
107 177
107 187
107 193
107 194
107 197
107 198
107 199
107 200
107 208
107 215
107 224
107 238
107 245
107 247
107 251
107 256
107 260
107 276
107 280
107 282
107 296
107 297
107 300
107 302
107 310
107 318
107 322
107 323
107 326
107 327
107 332
107 335
107 345
107 347
107 348
108 109
108 116
108 117
108 118
108 120
108 131
108 134
108 147
108 155
108 158
108 161
108 162
108 173
108 180
108 182
108 188
108 191
108 192
108 195
108 198
108 203
108 205
108 208
108 210
108 214
108 215
108 217
108 221
108 227
108 228
108 235
108 236
108 239
108 247
108 251
108 256
108 264
108 266
108 270
108 275
108 283
108 286
108 293
108 294
108 297
108 304
108 305
108 310
108 319
108 321
108 335
108 338
108 345
108 346
109 112
109 113
109 114
109 116
109 120
109 126
109 127
109 133
109 145
109 150
109 151
109 153
109 165
109 169
109 175
109 180
109 194
109 199
109 206
109 211
109 219
109 221
109 225
109 233
109 235
109 237
109 248
109 264
109 266
109 269
109 270
109 271
109 278
109 281
109 286
109 297
109 303
109 309
109 320
109 333
109 338
109 343
109 348
110 112
110 113
110 114
110 116
110 121
110 124
110 127
110 145
110 146
110 155
110 163
110 165
110 167
110 168
110 169
110 179
110 185
110 191
110 193
110 198
110 201
110 213
110 218
110 226
110 231
110 238
110 239
110 240
110 241
110 243
110 245
110 247
110 249
110 251
110 253
110 254
110 258
110 261
110 267
110 273
110 281
110 283
110 285
110 289
110 291
110 295
110 299
110 300
110 301
110 302
110 303
110 304
110 309
110 313
110 315
110 317
110 328
110 335
110 340
110 344
110 349
111 115
111 126
111 135
111 136
111 141
111 149
111 158
111 164
111 168
111 180
111 187
111 191
111 192
111 195
111 196
111 200
111 208
111 209
111 219
111 233
111 234
111 236
111 240
111 257
111 262
111 272
111 283
111 286
111 289
111 302
111 303
111 304
111 307
111 308
111 312
111 316
111 323
111 338
111 343
112 119
112 124
112 128
112 133
112 136
112 138
112 141
112 144
112 147
112 149
112 152
112 161
112 162
112 166
112 167
112 172
112 176
112 182
112 186
112 188
112 190
112 200
112 202
112 203
112 221
112 222
112 249
112 251
112 259
112 260
112 268
112 269
112 271
112 279
112 280
112 281
112 287
112 288
112 290
112 293
112 298
112 299
112 305
112 308
112 312
112 314
112 322
112 330
112 331
112 334
113 114
113 115
113 117
113 120
113 128
113 134
113 138
113 142
113 173
113 179
113 181
113 189
113 202
113 207
113 209
113 214
113 223
113 225
113 229
113 231
113 257
113 258
113 272
113 275
113 283
113 284
113 285
113 287
113 288
113 307
113 316
113 322
113 323
113 332
113 335
113 339
113 340
113 344
114 121
114 125
114 140
114 142
114 146
114 148
114 151
114 169
114 171
114 176
114 179
114 184
114 186
114 190
114 191
114 193
114 198
114 205
114 206
114 207
114 217
114 224
114 227
114 233
114 234
114 237
114 245
114 246
114 248
114 253
114 269
114 271
114 281
114 282
114 288
114 290
114 295
114 297
114 301
114 312
114 326
114 328
114 333
114 339
114 344
114 347
115 124
115 129
115 134
115 137
115 143
115 149
115 171
115 175
115 179
115 181
115 183
115 189
115 190
115 191
115 198
115 203
115 210
115 212
115 214
115 228
115 231
115 246
115 247
115 249
115 256
115 258
115 266
115 270
115 280
115 284
115 300
115 304
115 309
115 310
115 314
115 320
115 326
115 327
115 332
115 333
115 334
115 339
115 343
115 345
115 347
115 348
116 120
116 128
116 130
116 131
116 140
116 145
116 150
116 157
116 161
116 166
116 172
116 179
116 181
116 185
116 186
116 187
116 188
116 200
116 201
116 206
116 211
116 212
116 215
116 221
116 229
116 231
116 242
116 247
116 256
116 257
116 258
116 260
116 262
116 270
116 274
116 276
116 288
116 301
116 303
116 306
116 316
116 318
116 322
116 339
116 341
116 342
116 346
117 118
117 120
117 130
117 136
117 137
117 153
117 155
117 162
117 174
117 195
117 199
117 204
117 209
117 218
117 241
117 242
117 243
117 247
117 248
117 255
117 256
117 264
117 277
117 285
117 288
117 295
117 299
117 302
117 311
117 316
117 329
117 330
117 335
117 344
118 125
118 131
118 134
118 136
118 145
118 160
118 176
118 179
118 181
118 186
118 192
118 200
118 203
118 204
118 209
118 215
118 219
118 221
118 223
118 228
118 230
118 234
118 238
118 242
118 247
118 250
118 251
118 255
118 257
118 261
118 262
118 263
118 265
118 266
118 275
118 278
118 280
118 285
118 289
118 290
118 302
118 304
118 308
118 310
118 313
118 314
118 317
118 322
118 326
118 333
118 335
118 341
119 125
119 138
119 139
119 140
119 142
119 150
119 161
119 162
119 168
119 171
119 177
119 180
119 189
119 199
119 203
119 205
119 212
119 222
119 228
119 229
119 230
119 235
119 243
119 245
119 248
119 250
119 256
119 259
119 260
119 261
119 263
119 267
119 277
119 284
119 285
119 289
119 313
119 318
119 319
119 321
119 324
119 325
119 333
119 341
119 346
119 347
120 123
120 128
120 132
120 138
120 139
120 140
120 142
120 145
120 155
120 156
120 164
120 165
120 171
120 172
120 175
120 176
120 191
120 196
120 209
120 217
120 222
120 225
120 226
120 227
120 228
120 241
120 245
120 246
120 249
120 251
120 260
120 272
120 278
120 292
120 294
120 300
120 313
120 322
120 327
120 330
120 333
120 334
120 335
120 341
120 343
120 346
120 347
120 349
121 124
121 135
121 139
121 145
121 148
121 151
121 153
121 183
121 185
121 187
121 188
121 193
121 198
121 202
121 212
121 216
121 219
121 226
121 228
121 229
121 232
121 238
121 246
121 249
121 250
121 266
121 268
121 270
121 272
121 276
121 280
121 283
121 288
121 289
121 294
121 302
121 314
121 316
121 319
121 320
121 322
121 325
121 326
121 334
121 342
121 344
121 345
121 348
121 349
122 127
122 128
122 132
122 137
122 141
122 144
122 146
122 148
122 152
122 159
122 161
122 164
122 167
122 170
122 174
122 183
122 184
122 188
122 190
122 194
122 206
122 209
122 214
122 221
122 227
122 239
122 248
122 254
122 259
122 260
122 266
122 267
122 278
122 279
122 280
122 281
122 282
122 283
122 288
122 289
122 296
122 297
122 299
122 324
122 327
122 328
122 338
122 340
122 341
122 342
122 343
123 128
123 129
123 135
123 139
123 149
123 150
123 158
123 162
123 179
123 180
123 181
123 194
123 199
123 204
123 206
123 208
123 210
123 211
123 215
123 224
123 228
123 241
123 242
123 243
123 245
123 251
123 252
123 260
123 264
123 267
123 269
123 272
123 274
123 278
123 279
123 282
123 284
123 291
123 296
123 297
123 298
123 301
123 306
123 308
123 312
123 319
123 323
123 328
123 329
123 330
123 340
123 343
124 135
124 137
124 143
124 145
124 146
124 165
124 170
124 175
124 177
124 178
124 179
124 191
124 204
124 211
124 223
124 225
124 229
124 233
124 234
124 246
124 247
124 248
124 253
124 256
124 257
124 262
124 263
124 265
124 277
124 282
124 284
124 286
124 290
124 291
124 293
124 294
124 309
124 311
124 327
124 331
124 333
124 334
124 336
124 340
124 341
124 342
124 344
125 126
125 128
125 130
125 145
125 146
125 147
125 149
125 154
125 162
125 168
125 174
125 183
125 202
125 207
125 211
125 216
125 218
125 219
125 235
125 238
125 244
125 248
125 253
125 258
125 264
125 278
125 297
125 298
125 299
125 314
125 322
125 332
125 333
125 336
125 348
126 128
126 133
126 135
126 144
126 145
126 162
126 165
126 175
126 176
126 177
126 179
126 185
126 190
126 191
126 195
126 197
126 204
126 209
126 212
126 220
126 231
126 234
126 239
126 242
126 243
126 245
126 253
126 262
126 268
126 275
126 276
126 286
126 289
126 290
126 291
126 304
126 305
126 308
126 312
126 315
126 320
126 325
126 337
126 341
126 342
127 133
127 138
127 142
127 145
127 146
127 153
127 154
127 161
127 172
127 175
127 179
127 180
127 182
127 188
127 189
127 194
127 195
127 196
127 198
127 199
127 201
127 217
127 218
127 222
127 226
127 228
127 230
127 234
127 237
127 243
127 244
127 248
127 250
127 254
127 259
127 270
127 272
127 277
127 287
127 290
127 293
127 303
127 308
127 310
127 313
127 317
127 326
127 329
127 331
127 333
127 335
127 346
128 134
128 135
128 139
128 145
128 146
128 147
128 154
128 161
128 163
128 169
128 181
128 190
128 194
128 196
128 218
128 219
128 224
128 227
128 232
128 236
128 237
128 238
128 245
128 247
128 255
128 265
128 266
128 273
128 278
128 294
128 297
128 301
128 309
128 310
128 312
128 317
128 327
128 329
128 331
128 333
128 336
128 342
129 137
129 142
129 150
129 152
129 157
129 165
129 168
129 177
129 180
129 181
129 183
129 188
129 192
129 200
129 203
129 204
129 206
129 210
129 211
129 212
129 215
129 216
129 218
129 227
129 231
129 234
129 241
129 246
129 247
129 261
129 263
129 264
129 266
129 271
129 275
129 276
129 280
129 285
129 287
129 290
129 298
129 301
129 304
129 308
129 312
129 319
129 321
129 328
129 333
129 342
129 345
129 347
130 136
130 142
130 147
130 148
130 158
130 165
130 169
130 178
130 184
130 191
130 192
130 196
130 205
130 208
130 209
130 210
130 217
130 231
130 235
130 236
130 239
130 242
130 247
130 251
130 253
130 259
130 262
130 270
130 277
130 285
130 288
130 290
130 311
130 312
130 315
130 317
130 320
130 323
130 326
130 328
130 334
130 339
130 340
130 345
131 133
131 134
131 135
131 136
131 143
131 153
131 158
131 168
131 171
131 173
131 178
131 179
131 181
131 185
131 188
131 200
131 201
131 207
131 212
131 214
131 225
131 229
131 232
131 235
131 241
131 242
131 245
131 249
131 250
131 252
131 253
131 256
131 262
131 263
131 265
131 267
131 274
131 275
131 276
131 277
131 284
131 285
131 288
131 296
131 298
131 299
131 301
131 302
131 305
131 306
131 311
131 316
131 319
131 326
131 328
131 329
131 330
131 341
131 349
132 134
132 138
132 147
132 154
132 158
132 162
132 163
132 167
132 171
132 175
132 185
132 189
132 193
132 195
132 196
132 198
132 214
132 216
132 217
132 218
132 220
132 221
132 223
132 225
132 226
132 228
132 234
132 238
132 245
132 246
132 248
132 268
132 274
132 289
132 292
132 300
132 306
132 309
132 320
132 324
132 328
132 339
133 135
133 137
133 138
133 150
133 151
133 152
133 165
133 169
133 174
133 177
133 183
133 184
133 185
133 202
133 204
133 205
133 209
133 214
133 216
133 219
133 221
133 225
133 236
133 243
133 244
133 247
133 248
133 250
133 257
133 258
133 277
133 279
133 290
133 291
133 297
133 301
133 307
133 311
133 313
133 314
133 317
133 322
133 333
133 335
133 340
133 341
134 135
134 137
134 138
134 140
134 142
134 146
134 148
134 156
134 161
134 167
134 173
134 180
134 186
134 187
134 197
134 198
134 204
134 206
134 215
134 223
134 234
134 243
134 244
134 248
134 266
134 278
134 279
134 287
134 323
134 333
134 335
134 343
134 346
134 348
135 140
135 163
135 164
135 168
135 169
135 170
135 173
135 176
135 179
135 182
135 183
135 185
135 192
135 195
135 198
135 199
135 204
135 207
135 209
135 210
135 211
135 212
135 216
135 217
135 220
135 224
135 237
135 239
135 248
135 249
135 264
135 267
135 269
135 272
135 273
135 294
135 310
135 312
135 316
135 318
135 322
135 326
135 339
135 346
135 348
135 349
136 137
136 138
136 145
136 148
136 151
136 159
136 168
136 170
136 171
136 174
136 175
136 180
136 185
136 189
136 211
136 216
136 217
136 225
136 241
136 248
136 250
136 254
136 260
136 261
136 263
136 265
136 276
136 284
136 285
136 290
136 294
136 305
136 312
136 317
136 319
136 321
136 323
136 326
136 342
136 343
136 346
136 348
136 349
137 142
137 153
137 154
137 156
137 159
137 160
137 165
137 171
137 182
137 184
137 197
137 198
137 200
137 202
137 205
137 211
137 212
137 213
137 218
137 219
137 220
137 224
137 228
137 243
137 245
137 248
137 252
137 253
137 257
137 266
137 268
137 274
137 275
137 279
137 286
137 297
137 299
137 301
137 304
137 306
137 313
137 321
137 326
137 334
137 336
137 343
137 345
137 348
138 140
138 144
138 146
138 161
138 171
138 174
138 175
138 181
138 183
138 185
138 189
138 191
138 198
138 203
138 204
138 217
138 218
138 221
138 225
138 233
138 239
138 247
138 248
138 254
138 257
138 274
138 277
138 278
138 286
138 288
138 289
138 290
138 291
138 293
138 296
138 299
138 302
138 307
138 319
138 325
138 328
138 333
138 347
139 143
139 145
139 146
139 150
139 153
139 154
139 158
139 181
139 189
139 191
139 192
139 194
139 202
139 205
139 217
139 218
139 224
139 226
139 227
139 228
139 233
139 235
139 238
139 239
139 241
139 244
139 246
139 248
139 257
139 266
139 270
139 277
139 280
139 286
139 288
139 298
139 300
139 308
139 313
139 321
139 330
139 340
140 154
140 164
140 168
140 171
140 185
140 189
140 191
140 198
140 211
140 225
140 227
140 239
140 242
140 252
140 253
140 271
140 280
140 286
140 287
140 293
140 294
140 298
140 301
140 305
140 311
140 312
140 327
140 336
140 339
140 341
140 344
140 348
141 146
141 149
141 154
141 155
141 162
141 170
141 171
141 177
141 180
141 194
141 197
141 199
141 201
141 202
141 208
141 223
141 228
141 231
141 232
141 237
141 239
141 243
141 248
141 274
141 277
141 279
141 280
141 289
141 295
141 301
141 307
141 322
141 327
141 328
141 340
141 343
141 344
141 348
142 146
142 148
142 150
142 152
142 155
142 157
142 161
142 166
142 170
142 173
142 182
142 188
142 189
142 201
142 209
142 221
142 236
142 237
142 242
142 243
142 244
142 247
142 248
142 254
142 260
142 276
142 306
142 315
142 317
142 327
142 331
142 338
142 342
142 344
143 146
143 154
143 155
143 159
143 160
143 171
143 172
143 174
143 178
143 184
143 185
143 191
143 195
143 199
143 201
143 203
143 206
143 209
143 214
143 215
143 228
143 229
143 234
143 237
143 240
143 241
143 242
143 249
143 251
143 252
143 254
143 265
143 269
143 283
143 284
143 291
143 296
143 297
143 301
143 306
143 310
143 318
143 320
143 325
143 346
143 349
144 145
144 146
144 150
144 152
144 160
144 163
144 165
144 169
144 180
144 185
144 206
144 207
144 210
144 212
144 213
144 214
144 220
144 231
144 238
144 241
144 242
144 247
144 250
144 254
144 255
144 259
144 260
144 265
144 266
144 273
144 277
144 294
144 295
144 308
144 311
144 317
144 327
144 332
144 339
144 341
144 346
144 348
145 147
145 152
145 157
145 160
145 165
145 166
145 167
145 173
145 178
145 183
145 187
145 199
145 204
145 213
145 219
145 226
145 229
145 238
145 241
145 266
145 268
145 270
145 271
145 272
145 273
145 276
145 287
145 290
145 291
145 292
145 296
145 300
145 304
145 320
145 322
145 327
145 329
145 331
145 332
145 333
146 147
146 151
146 155
146 156
146 157
146 160
146 163
146 164
146 174
146 175
146 180
146 184
146 193
146 195
146 200
146 204
146 214
146 215
146 223
146 224
146 226
146 227
146 238
146 244
146 247
146 248
146 252
146 262
146 274
146 280
146 283
146 285
146 286
146 295
146 297
146 301
146 306
146 312
146 316
146 318
146 320
146 329
146 330
146 334
146 340
146 345
146 347
147 153
147 157
147 161
147 163
147 169
147 176
147 178
147 183
147 191
147 199
147 217
147 224
147 228
147 229
147 234
147 238
147 239
147 246
147 248
147 254
147 260
147 266
147 271
147 273
147 298
147 305
147 313
147 316
147 318
147 325
147 330
147 331
147 332
147 339
147 341
147 342
147 346
148 165
148 168
148 169
148 172
148 174
148 180
148 183
148 184
148 185
148 191
148 198
148 199
148 200
148 207
148 210
148 214
148 220
148 221
148 222
148 225
148 234
148 239
148 243
148 247
148 249
148 257
148 261
148 265
148 269
148 276
148 278
148 285
148 286
148 290
148 293
148 323
148 334
148 341
148 344
148 345
148 347
148 349
149 151
149 153
149 160
149 163
149 166
149 182
149 184
149 188
149 190
149 191
149 192
149 193
149 198
149 200
149 205
149 216
149 218
149 220
149 222
149 224
149 231
149 237
149 241
149 244
149 248
149 252
149 258
149 262
149 265
149 270
149 272
149 275
149 281
149 283
149 285
149 287
149 296
149 302
149 305
149 307
149 309
149 311
149 314
149 318
149 321
149 325
149 340
149 343
150 155
150 160
150 161
150 171
150 172
150 182
150 184
150 187
150 188
150 191
150 217
150 218
150 219
150 228
150 241
150 249
150 250
150 252
150 263
150 268
150 270
150 271
150 282
150 285
150 286
150 289
150 291
150 296
150 305
150 309
150 318
150 331
150 335
150 336
150 337
151 157
151 158
151 161
151 162
151 172
151 175
151 184
151 194
151 195
151 197
151 200
151 214
151 221
151 222
151 229
151 245
151 262
151 263
151 266
151 267
151 268
151 271
151 280
151 284
151 291
151 298
151 302
151 303
151 322
151 337
151 338
151 341
151 348
152 160
152 188
152 197
152 198
152 202
152 207
152 209
152 219
152 225
152 227
152 230
152 231
152 233
152 239
152 242
152 243
152 244
152 247
152 253
152 256
152 262
152 264
152 269
152 270
152 276
152 298
152 313
152 318
152 323
152 326
152 329
153 157
153 160
153 163
153 167
153 173
153 174
153 178
153 192
153 193
153 196
153 200
153 204
153 205
153 210
153 212
153 213
153 237
153 238
153 247
153 252
153 257
153 281
153 295
153 303
153 311
153 315
153 320
153 321
153 327
153 328
153 334
153 336
153 343
153 345
153 347
154 156
154 178
154 179
154 181
154 184
154 187
154 188
154 195
154 197
154 201
154 208
154 217
154 218
154 221
154 231
154 234
154 238
154 239
154 241
154 245
154 255
154 256
154 257
154 273
154 276
154 280
154 283
154 289
154 293
154 301
154 303
154 304
154 314
154 329
154 337
154 347
155 162
155 164
155 173
155 188
155 194
155 199
155 202
155 206
155 207
155 213
155 214
155 215
155 218
155 226
155 232
155 235
155 239
155 244
155 249
155 259
155 261
155 262
155 273
155 279
155 281
155 284
155 288
155 290
155 292
155 299
155 309
155 311
155 316
155 321
155 323
155 324
155 333
155 339
155 340
155 348
156 157
156 172
156 183
156 188
156 189
156 193
156 196
156 197
156 202
156 209
156 211
156 218
156 220
156 225
156 230
156 231
156 232
156 254
156 256
156 264
156 265
156 269
156 271
156 282
156 284
156 289
156 295
156 304
156 315
156 324
156 337
156 349
157 159
157 161
157 162
157 166
157 167
157 172
157 179
157 180
157 184
157 185
157 186
157 188
157 192
157 193
157 197
157 206
157 210
157 212
157 231
157 237
157 254
157 256
157 263
157 267
157 268
157 274
157 284
157 285
157 287
157 288
157 291
157 294
157 303
157 304
157 308
157 311
157 315
157 317
157 320
157 321
157 325
157 328
157 332
157 335
157 339
157 344
157 345
157 346
157 348
158 166
158 167
158 184
158 187
158 189
158 195
158 198
158 199
158 208
158 214
158 221
158 223
158 235
158 238
158 241
158 242
158 251
158 257
158 265
158 268
158 274
158 275
158 277
158 282
158 283
158 293
158 299
158 310
158 313
158 315
158 316
158 318
158 330
158 336
158 345
158 346
158 349
159 168
159 174
159 175
159 180
159 184
159 188
159 192
159 199
159 201
159 215
159 223
159 236
159 250
159 254
159 261
159 263
159 265
159 266
159 275
159 288
159 291
159 296
159 297
159 300
159 302
159 303
159 308
159 310
159 314
159 323
159 324
159 329
159 334
159 336
159 347
159 349
160 169
160 179
160 182
160 183
160 184
160 185
160 191
160 198
160 203
160 208
160 215
160 221
160 223
160 240
160 241
160 243
160 244
160 246
160 260
160 268
160 282
160 287
160 298
160 302
160 314
160 315
160 320
160 324
160 326
160 334
160 344
160 347
161 163
161 172
161 174
161 176
161 180
161 181
161 190
161 192
161 194
161 196
161 197
161 200
161 203
161 204
161 205
161 210
161 211
161 220
161 221
161 240
161 244
161 249
161 261
161 270
161 271
161 282
161 291
161 294
161 301
161 304
161 309
161 312
161 313
161 315
161 317
161 319
161 324
161 326
161 327
161 329
161 333
161 334
161 336
161 338
162 164
162 166
162 167
162 168
162 169
162 172
162 173
162 178
162 182
162 192
162 193
162 209
162 217
162 224
162 243
162 249
162 250
162 252
162 256
162 261
162 265
162 271
162 274
162 285
162 287
162 290
162 303
162 308
162 309
162 310
162 317
162 323
162 328
162 338
162 340
162 342
163 167
163 182
163 187
163 189
163 193
163 194
163 203
163 208
163 209
163 212
163 214
163 215
163 228
163 232
163 233
163 237
163 238
163 253
163 264
163 267
163 270
163 282
163 288
163 290
163 295
163 296
163 304
163 306
163 310
163 316
163 320
163 329
163 330
163 339
163 342
164 166
164 183
164 192
164 195
164 202
164 207
164 208
164 210
164 211
164 219
164 232
164 236
164 238
164 239
164 243
164 248
164 255
164 263
164 274
164 278
164 281
164 284
164 292
164 295
164 300
164 302
164 307
164 315
164 318
164 319
164 327
164 328
164 330
164 331
164 346
165 168
165 191
165 202
165 206
165 209
165 221
165 222
165 224
165 231
165 233
165 235
165 237
165 241
165 250
165 251
165 254
165 262
165 271
165 275
165 277
165 280
165 285
165 287
165 297
165 305
165 310
165 312
165 322
165 335
165 337
165 338
165 342
165 347
166 168
166 169
166 170
166 175
166 183
166 191
166 192
166 193
166 202
166 204
166 232
166 238
166 249
166 258
166 259
166 267
166 279
166 283
166 287
166 288
166 304
166 315
166 317
166 326
166 337
166 338
166 341
166 345
167 176
167 186
167 187
167 192
167 194
167 198
167 199
167 218
167 221
167 228
167 239
167 246
167 249
167 252
167 253
167 259
167 264
167 270
167 278
167 280
167 300
167 303
167 309
167 310
167 319
167 325
167 327
167 329
167 330
167 333
167 343
167 347
167 349
168 173
168 182
168 183
168 188
168 192
168 194
168 197
168 205
168 207
168 214
168 229
168 235
168 236
168 239
168 260
168 263
168 266
168 278
168 287
168 300
168 308
168 314
168 316
168 321
168 327
168 328
168 334
168 340
168 349
169 170
169 178
169 182
169 185
169 186
169 192
169 195
169 204
169 215
169 219
169 220
169 224
169 225
169 227
169 232
169 242
169 245
169 252
169 254
169 257
169 261
169 269
169 273
169 277
169 278
169 282
169 283
169 284
169 285
169 290
169 313
169 321
169 322
169 324
169 326
169 329
169 331
169 336
169 343
170 171
170 173
170 196
170 197
170 198
170 202
170 203
170 207
170 213
170 216
170 218
170 220
170 237
170 241
170 246
170 248
170 252
170 253
170 261
170 267
170 269
170 275
170 291
170 292
170 302
170 304
170 306
170 307
170 312
170 318
170 335
171 179
171 181
171 190
171 201
171 202
171 215
171 218
171 223
171 225
171 226
171 236
171 238
171 239
171 249
171 258
171 259
171 265
171 266
171 274
171 275
171 276
171 278
171 285
171 289
171 294
171 300
171 306
171 309
171 310
171 317
171 320
171 329
171 330
171 344
171 345
171 349
172 174
172 176
172 180
172 181
172 185
172 195
172 200
172 205
172 206
172 208
172 209
172 218
172 227
172 235
172 236
172 240
172 242
172 248
172 263
172 266
172 276
172 279
172 280
172 291
172 294
172 296
172 297
172 299
172 300
172 302
172 305
172 313
172 317
172 321
172 325
172 329
172 330
172 332
172 336
172 338
172 348
173 179
173 181
173 187
173 192
173 193
173 196
173 199
173 203
173 208
173 222
173 225
173 235
173 238
173 243
173 247
173 255
173 256
173 262
173 263
173 297
173 302
173 305
173 309
173 310
173 316
173 324
173 335
173 345
174 175
174 177
174 183
174 186
174 189
174 190
174 208
174 209
174 217
174 218
174 231
174 233
174 234
174 236
174 238
174 239
174 241
174 242
174 251
174 257
174 266
174 268
174 269
174 280
174 283
174 285
174 287
174 292
174 298
174 305
174 306
174 307
174 310
174 311
174 315
174 317
174 320
174 323
174 326
174 327
174 331
174 334
174 336
174 337
174 347
174 348
175 178
175 179
175 191
175 195
175 202
175 207
175 208
175 212
175 223
175 227
175 230
175 232
175 248
175 251
175 260
175 265
175 278
175 281
175 300
175 302
175 305
175 307
175 319
175 323
175 329
175 339
175 342
175 343
175 344
175 349
176 179
176 182
176 186
176 190
176 194
176 196
176 198
176 200
176 211
176 213
176 214
176 217
176 225
176 226
176 230
176 232
176 236
176 237
176 242
176 249
176 252
176 256
176 266
176 267
176 276
176 280
176 283
176 289
176 290
176 291
176 298
176 300
176 304
176 315
176 316
176 326
176 327
176 328
176 336
176 337
176 339
177 182
177 185
177 186
177 188
177 191
177 193
177 197
177 205
177 213
177 214
177 219
177 227
177 228
177 255
177 295
177 299
177 314
177 315
177 318
177 319
177 321
177 333
177 336
178 180
178 200
178 204
178 210
178 212
178 219
178 224
178 226
178 228
178 232
178 234
178 245
178 250
178 260
178 261
178 262
178 265
178 267
178 270
178 276
178 277
178 285
178 289
178 299
178 308
178 319
178 321
178 330
178 331
178 332
178 335
178 342
178 343
178 345
179 180
179 181
179 182
179 185
179 186
179 195
179 203
179 206
179 207
179 211
179 218
179 220
179 223
179 239
179 248
179 250
179 252
179 254
179 264
179 266
179 270
179 272
179 275
179 279
179 287
179 290
179 293
179 294
179 296
179 297
179 307
179 309
179 315
179 322
179 327
179 328
179 329
179 339
180 183
180 184
180 190
180 200
180 201
180 205
180 214
180 219
180 230
180 239
180 240
180 242
180 245
180 250
180 263
180 269
180 272
180 277
180 286
180 288
180 289
180 297
180 304
180 311
180 315
180 318
180 321
180 333
180 334
180 335
180 337
180 342
180 344
180 349
181 188
181 192
181 196
181 206
181 208
181 234
181 247
181 255
181 260
181 264
181 268
181 277
181 279
181 284
181 286
181 290
181 298
181 308
181 318
181 331
181 334
181 335
181 336
181 337
181 342
181 344
182 187
182 198
182 201
182 208
182 217
182 225
182 229
182 232
182 246
182 252
182 255
182 264
182 273
182 277
182 281
182 282
182 283
182 286
182 287
182 288
182 292
182 297
182 304
182 312
182 319
182 330
182 332
182 334
182 337
182 339
182 341
182 345
183 184
183 186
183 191
183 193
183 196
183 198
183 200
183 206
183 208
183 211
183 212
183 214
183 218
183 220
183 222
183 227
183 230
183 234
183 237
183 241
183 243
183 248
183 249
183 254
183 267
183 270
183 289
183 295
183 298
183 299
183 302
183 309
183 315
183 319
183 321
183 329
183 330
183 331
183 339
183 344
183 347
184 186
184 189
184 192
184 193
184 206
184 209
184 219
184 222
184 230
184 236
184 238
184 239
184 241
184 247
184 253
184 254
184 264
184 266
184 274
184 275
184 280
184 283
184 285
184 292
184 293
184 295
184 304
184 307
184 308
184 311
184 317
184 334
184 344
184 346
184 348
185 186
185 190
185 203
185 204
185 210
185 212
185 221
185 223
185 229
185 233
185 234
185 235
185 237
185 238
185 240
185 253
185 254
185 256
185 257
185 260
185 262
185 263
185 265
185 267
185 268
185 270
185 271
185 274
185 281
185 304
185 305
185 306
185 313
185 316
185 317
185 323
185 326
185 330
185 331
185 333
185 336
185 346
186 211
186 226
186 229
186 230
186 235
186 240
186 244
186 246
186 248
186 255
186 257
186 258
186 265
186 266
186 277
186 286
186 290
186 296
186 297
186 303
186 313
186 329
186 333
186 336
186 343
186 348
187 198
187 200
187 204
187 209
187 226
187 227
187 231
187 232
187 234
187 235
187 237
187 243
187 246
187 251
187 254
187 257
187 261
187 276
187 284
187 298
187 299
187 303
187 306
187 309
187 311
187 316
187 319
187 321
187 326
187 336
187 342
187 345
188 193
188 204
188 207
188 209
188 211
188 212
188 221
188 222
188 228
188 231
188 234
188 237
188 240
188 243
188 244
188 247
188 249
188 259
188 260
188 262
188 276
188 278
188 288
188 295
188 298
188 304
188 306
188 307
188 308
188 317
188 318
188 329
188 337
189 192
189 200
189 203
189 204
189 205
189 206
189 209
189 215
189 219
189 223
189 229
189 237
189 241
189 243
189 245
189 248
189 249
189 251
189 256
189 269
189 271
189 274
189 281
189 285
189 293
189 294
189 298
189 299
189 303
189 305
189 309
189 315
189 318
189 322
189 327
189 332
189 338
189 347
189 348
190 203
190 208
190 216
190 218
190 226
190 232
190 238
190 239
190 242
190 260
190 266
190 268
190 269
190 270
190 279
190 288
190 290
190 293
190 295
190 300
190 304
190 306
190 311
190 312
190 322
190 335
191 196
191 200
191 209
191 218
191 228
191 233
191 247
191 248
191 250
191 251
191 258
191 259
191 260
191 264
191 265
191 268
191 272
191 285
191 286
191 297
191 309
191 310
191 314
191 320
191 323
191 331
191 345
191 348
192 193
192 197
192 203
192 204
192 206
192 211
192 212
192 214
192 220
192 228
192 232
192 234
192 237
192 239
192 244
192 247
192 249
192 251
192 256
192 278
192 282
192 297
192 299
192 302
192 307
192 308
192 309
192 316
192 318
192 320
192 327
192 330
192 335
192 337
193 197
193 204
193 207
193 208
193 214
193 222
193 225
193 229
193 256
193 262
193 267
193 272
193 273
193 275
193 279
193 280
193 288
193 291
193 299
193 311
193 312
193 314
193 317
193 319
193 320
193 326
193 334
193 339
193 343
193 345
193 349
194 198
194 201
194 204
194 211
194 223
194 231
194 235
194 240
194 247
194 250
194 251
194 254
194 256
194 260
194 263
194 264
194 265
194 270
194 271
194 281
194 283
194 285
194 286
194 290
194 291
194 293
194 296
194 308
194 309
194 315
194 325
194 333
194 346
195 199
195 203
195 215
195 223
195 235
195 252
195 253
195 260
195 263
195 275
195 280
195 290
195 292
195 296
195 303
195 304
195 308
195 310
195 313
195 319
195 321
195 326
195 342
195 346
196 197
196 199
196 202
196 211
196 217
196 220
196 239
196 241
196 245
196 253
196 254
196 255
196 258
196 261
196 268
196 269
196 270
196 276
196 278
196 281
196 290
196 314
196 320
196 328
196 330
196 332
196 336
196 337
196 340
196 342
197 199
197 208
197 213
197 215
197 221
197 222
197 223
197 228
197 238
197 249
197 251
197 252
197 254
197 259
197 277
197 287
197 289
197 295
197 304
197 315
197 318
197 319
197 324
197 327
197 335
197 338
197 340
197 342
197 344
197 345
198 204
198 208
198 214
198 218
198 225
198 231
198 237
198 245
198 258
198 262
198 265
198 266
198 269
198 276
198 281
198 288
198 293
198 298
198 300
198 303
198 309
198 318
198 321
198 334
198 340
198 341
198 346
199 203
199 204
199 205
199 206
199 216
199 218
199 220
199 223
199 224
199 238
199 239
199 243
199 244
199 245
199 247
199 249
199 260
199 261
199 263
199 265
199 269
199 290
199 296
199 297
199 308
199 320
199 329
199 331
199 336
199 343
199 344
200 206
200 216
200 217
200 223
200 228
200 229
200 232
200 246
200 250
200 267
200 273
200 276
200 279
200 284
200 288
200 290
200 297
200 299
200 300
200 301
200 302
200 312
200 316
200 322
200 333
200 334
200 338
200 339
200 341
201 211
201 213
201 217
201 218
201 222
201 223
201 226
201 227
201 228
201 236
201 240
201 241
201 243
201 252
201 257
201 268
201 270
201 274
201 290
201 293
201 296
201 297
201 306
201 310
201 311
201 312
201 313
201 322
201 346
201 349
202 212
202 224
202 227
202 234
202 240
202 250
202 252
202 260
202 262
202 269
202 273
202 275
202 277
202 282
202 283
202 284
202 286
202 293
202 296
202 300
202 323
202 326
202 329
202 334
202 340
203 205
203 212
203 215
203 216
203 223
203 227
203 228
203 229
203 233
203 236
203 239
203 247
203 251
203 258
203 259
203 260
203 261
203 263
203 266
203 278
203 279
203 282
203 299
203 303
203 307
203 311
203 314
203 316
203 317
203 320
203 324
203 326
203 329
203 332
203 335
203 336
203 343
203 346
203 347
203 349
204 207
204 211
204 212
204 218
204 235
204 239
204 245
204 248
204 258
204 259
204 262
204 263
204 265
204 272
204 283
204 287
204 292
204 301
204 307
204 309
204 315
204 319
204 321
204 324
204 326
204 329
204 333
204 336
204 339
204 344
205 218
205 220
205 221
205 235
205 241
205 256
205 260
205 263
205 272
205 283
205 285
205 289
205 293
205 295
205 308
205 309
205 310
205 311
205 312
205 313
205 314
205 315
205 316
205 324
205 341
205 347
206 208
206 209
206 210
206 213
206 217
206 223
206 224
206 227
206 229
206 241
206 245
206 250
206 251
206 259
206 262
206 263
206 265
206 266
206 278
206 283
206 288
206 289
206 295
206 303
206 309
206 313
206 316
206 318
206 326
206 337
206 339
206 342
207 208
207 215
207 216
207 218
207 226
207 235
207 239
207 242
207 243
207 247
207 249
207 250
207 264
207 266
207 270
207 275
207 276
207 284
207 295
207 297
207 307
207 313
207 320
207 327
207 329
207 336
207 343
207 348
208 209
208 210
208 216
208 242
208 254
208 256
208 257
208 259
208 261
208 264
208 268
208 289
208 291
208 293
208 297
208 299
208 302
208 311
208 324
208 325
208 330
208 345
208 346
209 213
209 215
209 219
209 222
209 223
209 227
209 229
209 246
209 248
209 250
209 258
209 261
209 263
209 266
209 270
209 273
209 274
209 284
209 290
209 292
209 294
209 308
209 310
209 315
209 324
209 327
209 331
209 332
209 333
209 338
209 343
209 346
209 347
209 349
210 213
210 215
210 217
210 218
210 222
210 225
210 227
210 231
210 234
210 243
210 245
210 266
210 267
210 271
210 272
210 280
210 288
210 296
210 299
210 303
210 307
210 311
210 315
210 316
210 322
210 328
210 340
210 343
210 345
210 346
211 215
211 216
211 220
211 221
211 246
211 247
211 250
211 269
211 272
211 276
211 288
211 291
211 294
211 296
211 298
211 303
211 309
211 319
211 320
211 324
211 348
212 213
212 219
212 235
212 236
212 242
212 255
212 259
212 261
212 279
212 285
212 306
212 314
212 316
212 322
212 328
212 332
212 334
212 338
212 340
212 342
212 346
212 348
213 218
213 220
213 225
213 229
213 232
213 234
213 238
213 240
213 243
213 249
213 250
213 261
213 262
213 265
213 266
213 270
213 272
213 278
213 283
213 285
213 288
213 290
213 293
213 294
213 297
213 298
213 307
213 317
213 319
213 324
213 326
213 328
213 331
213 332
213 334
213 338
213 339
213 343
213 346
213 349
214 217
214 221
214 226
214 230
214 238
214 240
214 244
214 248
214 250
214 254
214 260
214 263
214 266
214 270
214 275
214 295
214 298
214 307
214 310
214 312
214 324
214 325
214 326
214 331
214 341
214 342
214 344
214 345
215 217
215 218
215 220
215 224
215 236
215 237
215 238
215 252
215 254
215 255
215 256
215 257
215 267
215 281
215 282
215 286
215 292
215 295
215 296
215 298
215 307
215 309
215 310
215 315
215 316
215 323
215 324
215 326
215 337
215 340
215 342
215 347
215 348
216 220
216 224
216 228
216 234
216 235
216 239
216 247
216 248
216 255
216 258
216 264
216 267
216 268
216 279
216 280
216 289
216 302
216 307
216 308
216 310
216 311
216 313
216 317
216 319
216 322
216 329
217 224
217 226
217 229
217 242
217 243
217 247
217 248
217 252
217 255
217 257
217 268
217 270
217 282
217 290
217 292
217 304
217 306
217 309
217 310
217 311
217 314
217 317
217 322
217 327
217 328
217 333
217 334
217 343
217 344
217 347
218 227
218 228
218 233
218 247
218 250
218 253
218 262
218 267
218 268
218 271
218 285
218 292
218 296
218 300
218 301
218 329
218 334
218 335
218 336
218 341
218 346
219 234
219 239
219 254
219 255
219 258
219 265
219 273
219 276
219 277
219 278
219 279
219 280
219 285
219 287
219 289
219 290
219 296
219 311
219 312
219 315
219 317
219 324
219 332
219 345
220 224
220 231
220 233
220 247
220 251
220 255
220 258
220 269
220 277
220 280
220 281
220 283
220 285
220 295
220 297
220 310
220 318
220 322
220 324
220 329
220 336
220 338
220 339
220 343
220 345
221 223
221 238
221 239
221 240
221 242
221 249
221 257
221 258
221 264
221 270
221 290
221 294
221 304
221 306
221 308
221 310
221 315
221 319
221 322
221 325
221 332
222 228
222 229
222 241
222 244
222 247
222 250
222 255
222 257
222 262
222 264
222 270
222 277
222 281
222 287
222 292
222 295
222 300
222 304
222 310
222 311
222 313
222 317
222 318
222 327
222 330
222 333
222 334
222 338
222 348
222 349
223 226
223 238
223 241
223 251
223 255
223 261
223 262
223 276
223 278
223 286
223 289
223 290
223 293
223 301
223 302
223 309
223 328
223 336
223 338
223 346
224 228
224 233
224 240
224 246
224 261
224 262
224 264
224 268
224 285
224 287
224 294
224 298
224 309
224 311
224 318
224 326
224 334
224 337
224 342
224 347
224 348
225 227
225 229
225 232
225 235
225 245
225 255
225 256
225 257
225 261
225 266
225 270
225 271
225 273
225 279
225 281
225 285
225 287
225 290
225 291
225 294
225 295
225 296
225 302
225 308
225 315
225 317
225 322
225 325
225 349
226 228
226 230
226 231
226 233
226 234
226 236
226 238
226 239
226 241
226 244
226 249
226 255
226 261
226 263
226 271
226 287
226 292
226 298
226 303
226 306
226 310
226 311
226 317
226 323
226 324
226 332
226 341
226 344
226 347
227 228
227 229
227 233
227 239
227 241
227 242
227 244
227 250
227 260
227 261
227 262
227 263
227 271
227 275
227 276
227 277
227 283
227 286
227 292
227 293
227 299
227 301
227 303
227 312
227 314
227 315
227 318
227 319
227 320
227 321
227 332
227 337
227 341
227 343
227 347
228 229
228 231
228 237
228 240
228 241
228 251
228 271
228 281
228 283
228 285
228 289
228 291
228 294
228 301
228 303
228 304
228 307
228 312
228 322
228 324
228 326
228 334
228 338
228 340
229 233
229 240
229 242
229 243
229 248
229 249
229 257
229 259
229 268
229 271
229 275
229 284
229 294
229 297
229 312
229 313
229 331
229 347
229 348
230 233
230 236
230 239
230 240
230 241
230 242
230 243
230 247
230 255
230 256
230 262
230 263
230 269
230 275
230 282
230 289
230 292
230 293
230 301
230 313
230 314
230 326
230 328
230 330
230 331
230 332
230 333
230 336
230 342
230 346
231 233
231 236
231 237
231 242
231 252
231 259
231 271
231 273
231 275
231 284
231 287
231 291
231 293
231 294
231 298
231 303
231 304
231 308
231 309
231 311
231 313
231 318
231 330
231 331
231 338
231 339
231 344
231 345
232 233
232 239
232 246
232 248
232 252
232 254
232 255
232 261
232 270
232 276
232 281
232 283
232 285
232 289
232 290
232 309
232 328
232 329
232 330
232 331
232 337
232 345
233 239
233 253
233 262
233 263
233 271
233 277
233 285
233 288
233 289
233 293
233 298
233 304
233 311
233 314
233 316
233 321
233 323
233 324
233 325
233 330
233 334
233 339
233 346
234 237
234 238
234 244
234 246
234 247
234 253
234 256
234 257
234 262
234 264
234 265
234 268
234 272
234 273
234 281
234 288
234 292
234 293
234 295
234 306
234 317
234 319
234 322
234 325
234 331
234 339
234 342
234 343
234 345
234 347
235 237
235 247
235 248
235 249
235 253
235 260
235 264
235 267
235 268
235 269
235 270
235 281
235 282
235 285
235 289
235 292
235 293
235 303
235 317
235 320
235 322
235 324
235 327
235 336
235 339
235 340
235 341
235 346
236 243
236 249
236 272
236 275
236 278
236 279
236 287
236 288
236 292
236 295
236 296
236 299
236 300
236 303
236 305
236 315
236 321
236 322
236 326
236 329
236 346
237 246
237 253
237 261
237 262
237 265
237 271
237 273
237 275
237 277
237 279
237 285
237 288
237 289
237 291
237 304
237 307
237 310
237 313
237 319
237 334
237 336
237 347
237 349
238 255
238 259
238 260
238 292
238 296
238 298
238 313
238 317
238 318
238 320
238 323
238 327
238 328
238 330
238 334
238 339
238 340
238 345
238 347
239 247
239 249
239 255
239 259
239 263
239 269
239 271
239 276
239 279
239 285
239 292
239 293
239 308
239 309
239 313
239 314
239 315
239 316
239 318
239 331
239 341
240 243
240 246
240 254
240 257
240 262
240 266
240 268
240 274
240 277
240 288
240 290
240 309
240 320
240 321
240 331
240 338
240 349
241 247
241 256
241 263
241 266
241 267
241 269
241 281
241 282
241 285
241 286
241 287
241 290
241 295
241 297
241 298
241 301
241 304
241 310
241 312
241 314
241 319
241 325
241 328
241 344
242 243
242 245
242 246
242 257
242 271
242 275
242 280
242 282
242 283
242 306
242 307
242 309
242 311
242 321
242 324
242 331
242 338
242 341
242 344
243 249
243 256
243 258
243 263
243 265
243 277
243 288
243 308
243 315
243 317
243 324
243 326
243 328
243 332
243 341
243 345
243 348
243 349
244 247
244 258
244 260
244 266
244 269
244 270
244 274
244 285
244 292
244 294
244 305
244 324
244 330
244 335
244 340
244 346
245 247
245 258
245 269
245 272
245 275
245 282
245 284
245 287
245 292
245 293
245 294
245 301
245 304
245 308
245 315
245 336
245 337
245 339
246 252
246 259
246 261
246 262
246 268
246 270
246 275
246 280
246 282
246 318
246 321
246 335
246 336
246 344
247 257
247 258
247 264
247 271
247 274
247 286
247 288
247 291
247 295
247 302
247 304
247 314
247 316
247 321
247 326
247 328
247 333
247 334
247 337
247 340
247 349
248 252
248 261
248 266
248 285
248 289
248 292
248 293
248 294
248 309
248 314
248 317
248 319
248 320
248 324
248 331
248 348
249 251
249 260
249 273
249 275
249 281
249 282
249 285
249 286
249 298
249 303
249 323
249 328
249 333
249 346
249 347
250 254
250 257
250 261
250 265
250 266
250 273
250 282
250 283
250 285
250 288
250 291
250 299
250 301
250 311
250 340
251 252
251 254
251 255
251 257
251 263
251 273
251 274
251 289
251 290
251 299
251 303
251 306
251 316
251 332
251 343
252 253
252 262
252 274
252 276
252 286
252 305
252 324
252 330
252 336
252 339
252 342
252 345
252 349
253 261
253 262
253 265
253 270
253 271
253 278
253 285
253 290
253 293
253 304
253 307
253 308
253 312
253 322
253 323
253 327
253 333
253 340
254 264
254 273
254 274
254 275
254 278
254 288
254 294
254 298
254 303
254 317
254 320
254 321
254 322
254 325
254 326
254 327
254 332
254 333
254 339
255 256
255 259
255 260
255 263
255 268
255 269
255 276
255 286
255 287
255 289
255 291
255 300
255 302
255 305
255 309
255 323
255 324
255 335
255 343
255 345
255 346
255 347
256 258
256 262
256 263
256 269
256 274
256 276
256 284
256 288
256 296
256 304
256 305
256 312
256 320
256 321
256 325
256 337
256 348
257 258
257 263
257 265
257 268
257 269
257 271
257 283
257 285
257 295
257 298
257 299
257 302
257 303
257 317
257 318
257 340
257 344
258 277
258 279
258 280
258 282
258 285
258 287
258 293
258 298
258 303
258 306
258 313
258 317
258 320
258 325
258 326
258 331
258 336
258 337
258 340
258 342
258 346
259 263
259 267
259 271
259 277
259 286
259 288
259 290
259 291
259 292
259 294
259 295
259 301
259 303
259 312
259 318
259 320
259 329
259 335
259 349
260 264
260 267
260 272
260 274
260 275
260 281
260 285
260 290
260 291
260 293
260 302
260 305
260 314
260 325
260 328
260 331
260 333
260 336
260 346
261 271
261 283
261 286
261 287
261 292
261 293
261 297
261 298
261 302
261 311
261 314
261 316
261 317
261 330
261 334
261 340
261 343
261 346
262 267
262 271
262 273
262 279
262 280
262 291
262 295
262 298
262 301
262 312
262 316
262 328
262 332
262 334
262 335
262 345
262 346
262 347
263 266
263 267
263 268
263 276
263 280
263 285
263 291
263 293
263 296
263 299
263 301
263 312
263 315
263 316
263 320
263 322
263 324
263 327
263 330
263 333
264 267
264 273
264 276
264 279
264 280
264 281
264 282
264 294
264 297
264 299
264 313
264 324
264 329
264 331
264 333
264 337
264 341
264 347
265 270
265 272
265 274
265 275
265 280
265 283
265 286
265 292
265 295
265 300
265 301
265 302
265 312
265 315
265 316
265 319
265 320
265 323
265 331
265 337
265 346
266 270
266 275
266 283
266 299
266 309
266 312
266 338
266 340
266 346
266 348
267 270
267 272
267 273
267 276
267 284
267 298
267 299
267 301
267 302
267 310
267 314
267 317
267 329
267 335
267 339
267 346
268 270
268 276
268 277
268 278
268 286
268 287
268 288
268 295
268 313
268 315
268 319
268 321
268 323
269 272
269 274
269 278
269 282
269 287
269 289
269 294
269 296
269 309
269 313
269 322
269 334
269 339
269 341
269 342
269 343
269 346
270 277
270 280
270 281
270 287
270 288
270 290
270 296
270 299
270 300
270 301
270 303
270 311
270 313
270 316
270 317
270 318
270 323
270 328
270 329
270 332
270 333
270 339
270 340
270 344
270 348
271 272
271 282
271 292
271 301
271 304
271 305
271 309
271 310
271 312
271 313
271 316
271 318
271 320
271 321
271 329
271 332
271 333
271 335
271 336
271 343
271 348
271 349
272 278
272 279
272 280
272 285
272 306
272 307
272 308
272 314
272 320
272 325
272 326
272 330
272 331
272 332
272 339
272 346
272 347
272 348
273 277
273 281
273 286
273 289
273 297
273 299
273 302
273 308
273 311
273 314
273 325
273 327
273 332
273 338
273 342
274 282
274 286
274 292
274 295
274 297
274 302
274 319
274 320
274 326
274 333
274 335
274 337
274 346
275 277
275 278
275 284
275 290
275 291
275 294
275 295
275 304
275 309
275 314
275 315
275 332
275 333
275 339
275 346
275 348
275 349
276 282
276 293
276 303
276 305
276 306
276 307
276 308
276 310
276 319
276 323
276 328
276 337
276 340
276 344
276 346
276 349
277 278
277 282
277 290
277 293
277 297
277 300
277 301
277 302
277 303
277 306
277 307
277 310
277 314
277 317
277 324
277 332
277 333
277 336
277 344
277 346
278 279
278 283
278 289
278 295
278 304
278 306
278 315
278 316
278 320
278 322
278 326
278 332
278 337
278 341
278 343
278 345
279 284
279 287
279 290
279 291
279 294
279 300
279 301
279 302
279 313
279 317
279 322
279 334
279 342
279 345
279 348
280 281
280 291
280 293
280 300
280 303
280 306
280 313
280 314
280 329
280 333
280 343
280 346
280 347
280 348
281 286
281 292
281 296
281 298
281 302
281 309
281 315
281 316
281 323
281 325
281 327
281 328
281 331
281 339
281 346
282 283
282 294
282 296
282 302
282 304
282 305
282 308
282 319
282 326
282 328
282 339
282 341
283 293
283 297
283 302
283 311
283 312
283 323
283 324
283 325
283 328
283 331
283 332
283 335
283 338
283 342
283 343
283 347
284 289
284 291
284 293
284 301
284 309
284 316
284 322
284 324
284 326
284 327
284 328
284 336
284 337
284 338
284 339
284 340
284 342
285 286
285 288
285 290
285 291
285 305
285 312
285 318
285 326
285 327
285 338
285 346
285 348
286 291
286 292
286 294
286 305
286 316
286 320
286 327
286 328
286 335
286 341
286 342
287 293
287 297
287 300
287 305
287 311
287 324
287 333
287 335
287 336
287 344
287 348
288 294
288 303
288 311
288 313
288 314
288 316
288 324
288 326
288 337
288 346
288 347
288 348
289 295
289 297
289 303
289 309
289 317
289 322
289 329
289 333
289 335
289 347
289 348
290 291
290 297
290 303
290 306
290 307
290 313
290 315
290 316
290 317
290 326
290 334
290 335
290 337
290 341
290 346
290 347
290 349
291 293
291 295
291 296
291 303
291 306
291 308
291 311
291 316
291 318
291 320
291 333
291 343
291 346
291 348
292 298
292 301
292 304
292 312
292 314
292 316
292 317
292 322
292 323
292 326
292 328
292 332
292 333
292 336
292 342
292 347
293 299
293 313
293 315
293 316
293 318
293 320
293 323
293 330
293 334
293 345
293 346
293 348
294 296
294 299
294 303
294 313
294 314
294 322
294 336
294 337
294 340
294 342
294 343
294 346
294 347
295 296
295 300
295 301
295 305
295 318
295 328
295 332
295 337
295 341
295 345
295 348
296 300
296 304
296 307
296 313
296 315
296 324
296 327
296 332
296 341
296 342
296 343
296 348
297 300
297 301
297 304
297 309
297 319
297 322
297 325
297 328
297 338
297 340
297 342
297 347
298 313
298 314
298 317
298 328
298 333
298 338
298 343
299 303
299 310
299 316
299 317
299 328
299 334
299 336
299 339
299 346
299 347
300 301
300 315
300 317
300 334
300 337
300 343
300 344
301 304
301 305
301 312
301 314
301 315
301 320
301 322
301 323
301 324
301 327
301 337
301 340
301 342
302 324
302 330
302 331
302 334
302 335
302 346
302 347
303 306
303 317
303 320
303 324
303 326
303 329
303 339
303 340
303 342
303 346
304 311
304 313
304 324
304 338
304 344
305 307
305 318
305 327
305 328
305 331
305 334
305 338
305 347
306 311
306 314
306 318
306 320
306 327
306 334
306 337
306 339
306 340
306 343
306 347
306 349
307 308
307 310
307 312
307 315
307 321
307 324
307 329
307 330
307 331
307 335
307 341
307 349
308 313
308 318
308 321
308 328
308 338
308 345
308 348
309 311
309 319
309 320
309 321
309 322
309 334
309 337
310 315
310 324
310 330
310 332
310 337
310 341
310 349
311 313
311 315
311 318
311 325
311 328
311 335
311 338
312 321
312 324
312 336
312 340
312 342
312 347
313 321
313 324
313 329
313 333
313 337
313 345
314 317
314 321
314 332
314 337
314 341
314 343
314 345
315 322
315 323
315 328
315 335
315 336
315 339
315 348
316 319
316 329
316 335
316 337
316 340
316 348
316 349
317 323
317 325
317 339
317 340
317 341
317 343
317 344
317 346
317 347
318 321
318 324
318 325
318 327
318 331
318 342
318 344
318 349
319 326
319 329
319 343
319 344
319 345
320 324
320 326
320 328
320 329
320 331
320 332
320 333
320 334
320 339
320 343
320 344
321 326
321 334
321 337
321 343
321 347
322 325
322 326
322 336
322 342
322 349
323 325
323 339
323 344
323 346
323 347
323 348
324 325
324 338
325 328
325 342
325 346
326 327
326 330
326 338
326 340
326 343
326 344
326 345
326 349
327 331
327 336
327 338
327 340
327 343
328 330
328 334
328 344
328 345
328 346
329 331
329 340
329 347
329 349
330 334
330 335
330 343
330 344
330 346
331 332
331 340
331 341
332 333
332 334
332 338
332 346
333 335
333 336
333 337
333 342
333 347
334 342
334 346
334 348
335 342
335 348
336 339
336 343
336 345
336 348
337 345
337 347
337 348
338 339
338 340
338 343
338 347
339 341
339 344
339 346
340 341
341 344
341 345
341 348
341 349
342 345
343 346
344 347
345 349
347 348
7 144 232 12 50 328 250 256 173 194 196 3 235 148 254 151 187 15 140 55 119 303 39 339 22 78 92 81 76 135 188 213 48 190 347
272 1 68 305 329 290 101 212 276 49 241 251 163 218 38 237 189 343 224 166 295 53 56 216 186 141 292 14 249 260 122 110 108 313 182
288 225 340 335 294 203 206 93 184 33 299 129 19 37 95 62 30 65 238 75 244 73 61 267 145 100 346 126 270 220 180 32 40 266 138
24 156 70 271 116 264 312 281 94 36 87 99 248 51 147 258 268 252 118 45 332 262 113 83 316 221 309 230 177 123 257 2 160 63 234
293 59 167 34 13 9 112 242 269 263 245 222 6 136 341 333 128 153 17 10 337 152 317 44 109 289 16 314 98 277 105 240 97 261 344
219 42 287 58 25 168 46 57 117 127 20 47 199 79 200 23 283 74 307 125 310 204 274 227 155 164 233 64 159 54 323 80 183 243 124
139 67 11 336 192 198 176 286 77 111 247 35 82 172 146 69 306 228 207 115 5 185 308 60 325 330 205 106 175 197 331 253 171 255 88
304 41 302 246 201 326 8 150 91 322 103 18 210 342 193 131 84 273 21 28 279 223 90 121 165 311 170 27 296 132 157 149 178 191 0
239 297 327 318 348 226 96 208 284 31 259 278 265 338 120 282 86 301 181 179 217 72 349 202 291 130 102 195 71 104 43 142 211 285 319
300 4 143 137 345 107 52 66 169 85 214 324 89 298 154 231 209 174 162 229 275 215 161 315 29 236 334 114 133 26 320 280 321 134 158
