350
6103
4
0 14
0 18
0 35
0 36
0 39
0 48
0 72
0 73
0 93
0 102
0 108
0 120
0 123
0 133
0 134
0 136
0 141
0 144
0 156
0 169
0 171
0 176
0 178
0 187
0 193
0 210
0 213
0 214
0 222
0 226
0 235
0 239
0 256
0 269
0 281
0 290
0 302
0 304
0 322
0 335
0 341
0 347
1 5
1 9
1 16
1 24
1 30
1 40
1 45
1 54
1 58
1 62
1 123
1 158
1 164
1 169
1 180
1 202
1 253
1 261
1 265
1 269
1 284
1 287
1 289
1 297
1 310
1 312
1 320
1 324
1 329
1 331
1 341
2 7
2 10
2 27
2 29
2 43
2 53
2 81
2 82
2 94
2 131
2 146
2 149
2 151
2 155
2 160
2 181
2 190
2 200
2 203
2 206
2 208
2 219
2 224
2 226
2 238
2 261
2 265
2 275
2 277
2 280
2 295
2 299
2 308
2 316
2 322
2 323
2 342
3 38
3 48
3 52
3 67
3 70
3 77
3 79
3 85
3 93
3 97
3 103
3 104
3 111
3 118
3 129
3 142
3 152
3 158
3 164
3 181
3 186
3 187
3 190
3 224
3 233
3 236
3 240
3 263
3 264
3 279
3 300
3 308
3 311
3 312
3 315
3 319
3 320
3 337
3 339
3 342
3 345
4 19
4 32
4 37
4 39
4 51
4 60
4 73
4 97
4 98
4 100
4 110
4 116
4 118
4 121
4 132
4 133
4 143
4 145
4 160
4 167
4 196
4 206
4 219
4 227
4 230
4 236
4 242
4 245
4 252
4 253
4 256
4 260
4 261
4 276
4 278
4 287
4 311
4 321
4 323
4 347
4 348
5 6
5 7
5 27
5 32
5 51
5 65
5 71
5 73
5 74
5 87
5 92
5 94
5 121
5 123
5 124
5 136
5 143
5 164
5 166
5 177
5 190
5 194
5 196
5 210
5 212
5 223
5 229
5 232
5 256
5 258
5 265
5 280
5 298
5 307
5 316
5 326
5 334
5 337
5 347
6 16
6 23
6 24
6 33
6 50
6 79
6 96
6 111
6 121
6 125
6 136
6 153
6 187
6 193
6 198
6 199
6 205
6 219
6 220
6 234
6 236
6 244
6 253
6 259
6 272
6 282
6 289
6 295
6 296
6 298
6 299
6 303
6 311
6 323
7 20
7 26
7 30
7 31
7 51
7 54
7 56
7 62
7 67
7 71
7 83
7 100
7 106
7 123
7 124
7 134
7 153
7 155
7 166
7 173
7 187
7 200
7 228
7 250
7 254
7 262
7 270
7 290
7 305
7 312
7 316
7 330
7 343
7 344
7 345
8 10
8 11
8 12
8 16
8 25
8 30
8 34
8 45
8 62
8 67
8 76
8 89
8 103
8 112
8 113
8 118
8 124
8 129
8 135
8 139
8 142
8 165
8 175
8 185
8 186
8 187
8 206
8 208
8 220
8 233
8 236
8 244
8 250
8 281
8 303
8 306
8 328
8 346
9 18
9 27
9 39
9 46
9 51
9 53
9 56
9 60
9 61
9 83
9 102
9 108
9 109
9 114
9 142
9 150
9 152
9 155
9 157
9 173
9 177
9 197
9 199
9 203
9 208
9 217
9 224
9 226
9 227
9 232
9 235
9 239
9 252
9 265
9 275
9 291
9 323
9 337
9 339
9 342
9 345
10 28
10 41
10 49
10 113
10 123
10 136
10 152
10 178
10 180
10 186
10 194
10 254
10 271
10 277
10 290
10 292
10 293
10 296
10 307
10 309
10 310
10 323
10 335
10 346
11 19
11 28
11 34
11 46
11 47
11 48
11 55
11 58
11 80
11 95
11 100
11 120
11 133
11 154
11 160
11 164
11 166
11 174
11 189
11 198
11 201
11 203
11 204
11 207
11 220
11 221
11 259
11 261
11 265
11 266
11 269
11 272
11 277
11 279
11 289
11 291
11 294
11 303
11 306
11 312
11 322
12 18
12 25
12 45
12 60
12 65
12 68
12 69
12 79
12 99
12 121
12 123
12 142
12 145
12 149
12 169
12 173
12 179
12 184
12 187
12 188
12 191
12 210
12 215
12 240
12 241
12 257
12 263
12 275
12 277
12 282
12 299
12 301
12 311
12 330
12 336
13 14
13 70
13 127
13 165
13 172
13 177
13 196
13 199
13 201
13 210
13 217
13 220
13 237
13 244
13 254
13 265
13 309
13 316
13 318
13 328
13 338
13 339
13 348
13 349
14 20
14 28
14 30
14 81
14 86
14 92
14 106
14 126
14 127
14 130
14 140
14 146
14 154
14 157
14 158
14 162
14 172
14 180
14 199
14 201
14 209
14 223
14 226
14 227
14 247
14 249
14 251
14 254
14 256
14 258
14 259
14 272
14 278
14 291
14 295
14 310
14 316
15 29
15 31
15 96
15 130
15 135
15 156
15 175
15 192
15 197
15 217
15 227
15 239
15 260
15 284
15 291
15 296
15 303
15 320
15 325
15 339
15 342
15 348
16 26
16 31
16 34
16 54
16 80
16 88
16 97
16 99
16 106
16 111
16 123
16 134
16 135
16 139
16 151
16 163
16 165
16 168
16 216
16 217
16 245
16 263
16 289
16 296
16 316
16 321
16 338
17 59
17 85
17 94
17 156
17 157
17 163
17 167
17 169
17 172
17 175
17 210
17 215
17 216
17 217
17 244
17 272
17 273
17 279
17 302
17 308
17 327
17 330
17 336
17 345
18 21
18 22
18 34
18 45
18 49
18 70
18 92
18 114
18 143
18 151
18 166
18 169
18 187
18 223
18 232
18 238
18 250
18 255
18 262
18 263
18 285
18 292
18 301
18 318
18 320
18 323
18 329
18 330
18 331
19 26
19 28
19 35
19 36
19 40
19 73
19 80
19 121
19 132
19 142
19 146
19 153
19 166
19 176
19 182
19 202
19 237
19 238
19 247
19 259
19 268
19 281
19 310
19 325
19 342
20 29
20 41
20 43
20 45
20 63
20 80
20 81
20 84
20 102
20 106
20 116
20 118
20 128
20 182
20 194
20 201
20 222
20 236
20 259
20 265
20 296
20 298
20 316
20 334
21 43
21 50
21 63
21 87
21 91
21 113
21 122
21 124
21 133
21 176
21 192
21 200
21 209
21 210
21 212
21 227
21 232
21 234
21 240
21 258
21 268
21 274
21 289
21 302
21 309
21 326
21 334
21 337
21 343
21 349
22 25
22 37
22 44
22 51
22 62
22 64
22 66
22 76
22 93
22 101
22 109
22 110
22 124
22 130
22 152
22 157
22 165
22 166
22 182
22 184
22 189
22 215
22 221
22 223
22 231
22 232
22 247
22 250
22 256
22 259
22 270
22 280
22 296
22 299
22 301
22 312
22 333
22 336
22 348
23 32
23 40
23 50
23 59
23 60
23 61
23 76
23 119
23 121
23 142
23 156
23 162
23 163
23 187
23 192
23 194
23 215
23 223
23 228
23 229
23 230
23 251
23 261
23 267
23 273
23 281
23 292
23 300
23 310
23 329
23 337
24 35
24 45
24 46
24 59
24 62
24 80
24 118
24 127
24 136
24 138
24 141
24 145
24 153
24 158
24 181
24 182
24 185
24 186
24 188
24 192
24 205
24 206
24 215
24 219
24 246
24 250
24 251
24 253
24 258
24 273
24 279
24 291
24 296
24 307
24 310
24 321
24 331
24 341
25 34
25 36
25 40
25 54
25 59
25 61
25 64
25 69
25 80
25 93
25 98
25 103
25 115
25 117
25 120
25 121
25 122
25 140
25 146
25 153
25 159
25 179
25 181
25 196
25 198
25 203
25 212
25 225
25 231
25 236
25 265
25 278
25 285
25 313
25 318
25 323
25 343
26 44
26 55
26 69
26 87
26 98
26 110
26 113
26 114
26 116
26 128
26 141
26 142
26 170
26 171
26 176
26 177
26 180
26 183
26 185
26 195
26 200
26 202
26 217
26 237
26 239
26 241
26 254
26 273
26 274
26 279
26 293
26 302
26 306
26 311
26 335
26 340
26 345
27 52
27 53
27 55
27 74
27 96
27 100
27 114
27 123
27 132
27 149
27 157
27 158
27 162
27 173
27 176
27 183
27 191
27 194
27 215
27 225
27 252
27 260
27 282
27 286
27 293
27 299
27 326
28 36
28 47
28 48
28 66
28 77
28 92
28 112
28 113
28 121
28 141
28 148
28 171
28 172
28 175
28 212
28 215
28 225
28 228
28 241
28 248
28 262
28 265
28 266
28 274
28 275
28 276
28 307
28 314
28 324
28 336
29 32
29 39
29 58
29 75
29 86
29 92
29 117
29 127
29 131
29 135
29 148
29 150
29 158
29 161
29 172
29 177
29 184
29 204
29 215
29 216
29 219
29 222
29 223
29 233
29 255
29 259
29 263
29 266
29 268
29 275
29 278
29 279
29 285
29 287
29 288
29 296
29 302
29 313
29 320
29 340
30 40
30 43
30 55
30 57
30 61
30 63
30 82
30 85
30 86
30 120
30 126
30 129
30 132
30 148
30 151
30 174
30 200
30 204
30 224
30 227
30 235
30 241
30 249
30 257
30 280
30 292
30 311
30 314
30 321
30 341
31 33
31 42
31 57
31 59
31 89
31 104
31 109
31 110
31 114
31 131
31 136
31 146
31 152
31 159
31 162
31 163
31 171
31 187
31 192
31 197
31 199
31 225
31 229
31 230
31 238
31 244
31 259
31 302
31 307
31 314
31 316
31 321
31 333
31 349
32 34
32 63
32 71
32 73
32 81
32 86
32 95
32 122
32 124
32 136
32 139
32 148
32 173
32 183
32 187
32 198
32 200
32 202
32 206
32 218
32 229
32 235
32 237
32 240
32 258
32 260
32 304
32 305
32 320
33 36
33 38
33 52
33 70
33 78
33 110
33 126
33 129
33 130
33 132
33 146
33 165
33 201
33 216
33 219
33 227
33 231
33 239
33 251
33 269
33 277
33 291
33 292
33 298
33 326
33 332
33 338
33 342
33 345
34 47
34 67
34 76
34 86
34 137
34 139
34 147
34 151
34 157
34 163
34 174
34 177
34 188
34 204
34 214
34 221
34 224
34 228
34 249
34 261
34 263
34 290
34 291
34 307
34 311
34 314
34 328
34 337
34 338
34 341
35 36
35 74
35 84
35 103
35 112
35 122
35 124
35 129
35 130
35 136
35 145
35 152
35 200
35 220
35 222
35 225
35 235
35 246
35 247
35 250
35 257
35 265
35 269
35 271
35 278
35 283
35 307
35 308
35 329
35 337
35 339
36 47
36 48
36 52
36 64
36 67
36 73
36 81
36 109
36 111
36 114
36 123
36 127
36 145
36 161
36 171
36 178
36 189
36 193
36 198
36 207
36 208
36 209
36 212
36 225
36 257
36 280
36 285
36 295
36 312
36 313
36 341
37 48
37 53
37 54
37 88
37 90
37 106
37 110
37 111
37 117
37 118
37 121
37 128
37 134
37 170
37 175
37 178
37 186
37 196
37 203
37 232
37 250
37 258
37 266
37 276
37 278
37 287
37 319
37 329
37 345
37 347
38 80
38 110
38 115
38 124
38 136
38 145
38 146
38 150
38 159
38 183
38 191
38 201
38 202
38 218
38 231
38 245
38 264
38 275
38 301
38 313
38 314
38 321
38 333
38 338
39 40
39 46
39 55
39 57
39 74
39 81
39 85
39 99
39 101
39 111
39 113
39 118
39 125
39 143
39 146
39 154
39 156
39 177
39 220
39 222
39 226
39 234
39 244
39 256
39 263
39 269
39 293
39 298
39 305
39 306
39 310
39 318
39 321
39 348
40 48
40 62
40 77
40 85
40 102
40 110
40 114
40 119
40 125
40 132
40 137
40 142
40 143
40 147
40 149
40 165
40 167
40 171
40 174
40 187
40 204
40 206
40 209
40 213
40 239
40 250
40 262
40 289
40 299
40 339
40 343
40 348
41 43
41 53
41 54
41 66
41 73
41 81
41 110
41 114
41 116
41 119
41 120
41 129
41 132
41 139
41 145
41 151
41 157
41 166
41 196
41 197
41 204
41 213
41 215
41 222
41 223
41 241
41 282
41 291
41 293
41 312
41 337
41 348
41 349
42 44
42 52
42 55
42 66
42 67
42 76
42 100
42 106
42 110
42 113
42 114
42 136
42 145
42 147
42 161
42 174
42 178
42 189
42 200
42 223
42 226
42 227
42 228
42 244
42 264
42 279
42 283
42 288
42 290
42 304
42 333
42 344
42 345
43 65
43 70
43 87
43 122
43 132
43 141
43 147
43 180
43 189
43 190
43 196
43 200
43 209
43 237
43 249
43 256
43 259
43 262
43 264
43 267
43 274
43 298
43 299
43 302
43 311
43 330
44 58
44 59
44 102
44 104
44 107
44 127
44 131
44 153
44 156
44 165
44 189
44 203
44 216
44 225
44 229
44 240
44 258
44 267
44 270
44 278
44 286
44 288
44 308
44 309
44 324
44 331
44 341
44 344
44 347
45 65
45 66
45 67
45 69
45 70
45 81
45 87
45 99
45 103
45 111
45 123
45 164
45 167
45 173
45 205
45 217
45 219
45 220
45 230
45 240
45 245
45 247
45 254
45 259
45 267
45 296
45 305
45 314
45 319
45 324
45 330
45 331
45 335
45 340
46 51
46 53
46 58
46 63
46 68
46 74
46 82
46 89
46 96
46 101
46 105
46 109
46 111
46 112
46 139
46 145
46 168
46 174
46 176
46 185
46 187
46 192
46 196
46 219
46 220
46 230
46 236
46 252
46 254
46 256
46 257
46 287
46 296
46 301
46 304
46 306
46 326
46 334
46 345
47 50
47 52
47 70
47 73
47 92
47 93
47 116
47 124
47 133
47 140
47 141
47 168
47 170
47 171
47 175
47 199
47 200
47 209
47 210
47 240
47 245
47 261
47 263
47 301
47 302
47 311
47 314
47 316
47 320
47 325
47 330
47 349
48 49
48 52
48 60
48 62
48 68
48 78
48 84
48 89
48 94
48 95
48 115
48 125
48 131
48 134
48 141
48 146
48 150
48 162
48 172
48 177
48 179
48 202
48 234
48 252
48 262
48 266
48 279
48 297
48 319
48 326
48 329
48 334
49 66
49 69
49 70
49 74
49 101
49 106
49 112
49 124
49 136
49 139
49 141
49 146
49 148
49 154
49 160
49 163
49 167
49 207
49 230
49 237
49 256
49 278
49 286
49 299
49 302
49 307
49 311
49 315
49 323
49 345
49 347
50 61
50 80
50 83
50 94
50 105
50 115
50 120
50 131
50 134
50 145
50 147
50 159
50 161
50 163
50 166
50 176
50 180
50 184
50 191
50 195
50 198
50 209
50 211
50 220
50 234
50 244
50 245
50 251
50 254
50 262
50 272
50 314
50 321
50 331
50 338
51 59
51 70
51 75
51 83
51 89
51 97
51 103
51 105
51 112
51 126
51 129
51 146
51 148
51 164
51 193
51 195
51 196
51 208
51 218
51 222
51 232
51 249
51 262
51 265
51 267
51 286
51 296
51 298
51 301
51 313
51 323
51 337
51 338
52 55
52 62
52 72
52 104
52 124
52 128
52 136
52 144
52 158
52 188
52 192
52 193
52 195
52 198
52 199
52 201
52 235
52 249
52 256
52 258
52 279
52 280
52 290
52 305
52 315
52 337
52 340
52 342
53 54
53 69
53 78
53 82
53 100
53 111
53 112
53 115
53 116
53 118
53 132
53 143
53 166
53 167
53 171
53 204
53 207
53 211
53 226
53 227
53 240
53 241
53 246
53 248
53 277
53 278
53 279
53 284
53 288
53 289
53 298
53 323
53 336
54 59
54 61
54 69
54 79
54 84
54 90
54 107
54 120
54 122
54 152
54 153
54 181
54 185
54 191
54 197
54 209
54 213
54 219
54 221
54 254
54 263
54 272
54 274
54 279
54 284
54 292
54 318
54 327
54 337
54 338
54 349
55 59
55 67
55 72
55 80
55 82
55 88
55 93
55 95
55 97
55 106
55 108
55 119
55 141
55 151
55 164
55 171
55 185
55 208
55 211
55 217
55 227
55 234
55 236
55 237
55 239
55 258
55 278
55 279
55 283
55 288
55 291
55 292
55 294
55 304
55 331
55 347
55 349
56 59
56 79
56 87
56 91
56 117
56 121
56 128
56 174
56 176
56 181
56 190
56 193
56 194
56 221
56 235
56 237
56 244
56 246
56 249
56 251
56 253
56 260
56 278
56 288
56 292
56 294
56 303
56 317
57 76
57 95
57 102
57 114
57 119
57 124
57 125
57 132
57 137
57 139
57 156
57 166
57 168
57 205
57 219
57 227
57 234
57 249
57 252
57 257
57 261
57 282
57 287
57 295
57 301
57 322
57 324
58 60
58 86
58 103
58 107
58 117
58 129
58 165
58 187
58 207
58 214
58 253
58 264
58 273
58 291
58 295
58 297
58 302
58 317
58 324
58 332
58 334
59 66
59 75
59 80
59 87
59 97
59 101
59 104
59 127
59 129
59 132
59 134
59 149
59 179
59 185
59 205
59 211
59 214
59 259
59 271
59 276
59 284
59 286
59 287
59 290
59 314
59 347
59 349
60 67
60 72
60 99
60 102
60 128
60 131
60 133
60 140
60 147
60 162
60 177
60 178
60 191
60 198
60 209
60 217
60 219
60 221
60 243
60 261
60 297
60 313
60 325
60 341
60 347
61 79
61 92
61 109
61 110
61 113
61 134
61 156
61 167
61 170
61 180
61 182
61 217
61 218
61 222
61 225
61 231
61 237
61 239
61 247
61 263
61 280
61 291
61 301
61 308
61 313
61 315
61 319
62 67
62 69
62 83
62 98
62 106
62 108
62 119
62 154
62 165
62 169
62 175
62 221
62 225
62 244
62 245
62 246
62 264
62 279
62 296
62 329
62 334
62 335
62 337
63 70
63 71
63 79
63 87
63 88
63 89
63 100
63 101
63 103
63 114
63 137
63 146
63 155
63 177
63 212
63 227
63 244
63 247
63 252
63 256
63 284
63 285
63 318
63 329
63 336
64 84
64 90
64 115
64 121
64 124
64 129
64 131
64 140
64 146
64 187
64 198
64 238
64 250
64 255
64 274
64 290
64 295
64 298
64 310
64 324
64 330
64 332
64 334
64 349
65 67
65 76
65 79
65 112
65 118
65 124
65 127
65 128
65 132
65 139
65 153
65 163
65 167
65 193
65 206
65 212
65 229
65 272
65 273
65 281
65 283
65 287
65 295
65 298
65 300
65 305
65 306
65 315
65 316
65 319
65 324
65 337
65 342
65 344
66 77
66 83
66 84
66 86
66 93
66 96
66 109
66 111
66 114
66 129
66 142
66 161
66 166
66 208
66 220
66 222
66 252
66 257
66 268
66 270
66 273
66 286
66 288
66 290
66 297
66 308
66 309
66 326
66 345
67 75
67 82
67 90
67 102
67 107
67 110
67 112
67 118
67 155
67 179
67 190
67 213
67 226
67 246
67 250
67 252
67 266
67 268
67 288
67 293
67 301
67 305
67 310
67 321
67 332
67 337
68 76
68 85
68 98
68 99
68 104
68 108
68 115
68 122
68 151
68 152
68 170
68 181
68 193
68 196
68 223
68 229
68 230
68 235
68 236
68 250
68 253
68 264
68 269
68 270
68 285
68 302
68 305
68 311
68 315
68 317
68 330
68 345
68 346
69 79
69 84
69 86
69 89
69 92
69 93
69 98
69 102
69 107
69 113
69 116
69 138
69 141
69 148
69 175
69 176
69 191
69 192
69 209
69 222
69 278
69 280
69 312
69 313
69 315
69 316
69 320
69 321
69 343
70 75
70 90
70 103
70 135
70 138
70 152
70 154
70 165
70 166
70 181
70 207
70 216
70 236
70 248
70 280
70 284
70 303
70 306
70 308
70 313
70 332
70 341
70 347
71 76
71 96
71 107
71 124
71 149
71 172
71 188
71 209
71 213
71 236
71 298
71 299
71 318
71 344
72 82
72 105
72 110
72 112
72 131
72 149
72 165
72 175
72 212
72 213
72 223
72 235
72 253
72 255
72 256
72 263
72 275
72 288
72 289
72 297
72 300
72 310
72 317
72 322
72 329
72 336
72 344
72 345
72 349
73 74
73 78
73 107
73 136
73 139
73 165
73 166
73 182
73 194
73 198
73 200
73 202
73 203
73 204
73 206
73 216
73 219
73 223
73 225
73 231
73 232
73 242
73 243
73 261
73 268
73 272
73 273
73 278
73 302
73 332
74 76
74 86
74 99
74 103
74 107
74 110
74 121
74 125
74 128
74 130
74 137
74 144
74 149
74 158
74 160
74 169
74 171
74 182
74 185
74 194
74 201
74 207
74 210
74 230
74 236
74 243
74 276
74 281
74 287
74 294
74 317
74 344
74 345
75 82
75 89
75 92
75 103
75 118
75 126
75 160
75 164
75 173
75 176
75 202
75 208
75 209
75 217
75 232
75 239
75 243
75 244
75 247
75 257
75 270
75 281
75 285
75 294
75 298
75 304
75 316
75 320
75 337
75 343
75 345
76 79
76 83
76 88
76 124
76 128
76 134
76 139
76 150
76 155
76 156
76 167
76 178
76 183
76 188
76 200
76 206
76 212
76 232
76 246
76 254
76 265
76 268
76 270
76 274
76 276
76 279
76 286
76 314
76 323
76 329
76 339
76 344
76 349
77 81
77 82
77 116
77 124
77 128
77 138
77 167
77 227
77 230
77 235
77 256
77 267
77 270
77 273
77 313
77 331
77 335
77 340
77 346
77 349
78 80
78 83
78 87
78 93
78 94
78 96
78 110
78 112
78 113
78 117
78 119
78 136
78 147
78 152
78 161
78 187
78 201
78 206
78 225
78 236
78 238
78 250
78 275
78 295
78 298
78 302
78 303
78 310
78 328
78 330
78 345
79 90
79 104
79 108
79 110
79 112
79 113
79 115
79 129
79 137
79 148
79 154
79 202
79 205
79 216
79 234
79 244
79 246
79 248
79 257
79 270
79 277
79 307
79 315
79 337
79 345
80 95
80 122
80 127
80 131
80 132
80 133
80 169
80 177
80 179
80 208
80 214
80 218
80 238
80 240
80 248
80 250
80 257
80 260
80 273
80 292
80 297
80 298
80 341
80 348
80 349
81 86
81 103
81 124
81 138
81 157
81 172
81 177
81 211
81 217
81 221
81 226
81 238
81 239
81 259
81 262
81 285
81 289
81 293
81 301
81 302
81 308
81 316
81 317
81 319
81 335
81 341
82 87
82 95
82 104
82 119
82 133
82 146
82 161
82 173
82 189
82 194
82 212
82 214
82 217
82 222
82 234
82 248
82 263
82 277
82 285
82 286
82 295
82 304
82 319
82 322
82 328
83 90
83 93
83 103
83 121
83 135
83 159
83 179
83 184
83 186
83 197
83 205
83 218
83 219
83 259
83 267
83 268
83 275
83 277
83 282
83 285
83 310
83 315
83 320
83 324
83 334
83 339
83 341
84 86
84 89
84 97
84 102
84 133
84 157
84 161
84 168
84 188
84 200
84 205
84 212
84 214
84 219
84 238
84 247
84 265
84 266
84 280
84 291
84 310
84 311
84 316
84 317
84 324
84 328
84 339
85 92
85 103
85 116
85 124
85 126
85 128
85 143
85 146
85 148
85 165
85 178
85 197
85 205
85 214
85 216
85 219
85 221
85 226
85 238
85 254
85 257
85 282
85 291
85 329
85 334
86 109
86 118
86 119
86 123
86 129
86 134
86 154
86 161
86 162
86 166
86 175
86 206
86 235
86 244
86 258
86 270
86 280
86 309
86 311
86 318
86 340
87 108
87 116
87 121
87 136
87 148
87 149
87 156
87 162
87 168
87 169
87 170
87 177
87 201
87 212
87 216
87 219
87 254
87 262
87 266
87 267
87 272
87 273
87 282
87 288
87 289
87 300
87 303
87 339
87 344
87 347
88 91
88 98
88 99
88 102
88 137
88 169
88 170
88 177
88 197
88 202
88 204
88 207
88 222
88 227
88 231
88 238
88 240
88 290
88 301
88 302
88 307
88 338
88 340
88 344
88 345
89 98
89 103
89 104
89 105
89 109
89 118
89 125
89 131
89 139
89 153
89 154
89 163
89 166
89 167
89 171
89 172
89 179
89 188
89 197
89 202
89 203
89 241
89 247
89 254
89 274
89 291
89 298
89 307
89 312
89 314
89 324
89 333
89 336
89 341
89 345
89 349
90 96
90 97
90 132
90 188
90 193
90 221
90 233
90 242
90 243
90 245
90 246
90 267
90 280
90 288
90 300
90 315
90 329
90 333
90 337
90 345
91 93
91 99
91 100
91 103
91 117
91 121
91 152
91 160
91 166
91 174
91 188
91 195
91 207
91 211
91 215
91 222
91 244
91 252
91 256
91 262
91 276
91 287
91 313
91 323
91 345
92 119
92 134
92 140
92 146
92 159
92 180
92 232
92 244
92 264
92 286
92 295
92 299
92 323
92 325
92 329
92 337
92 339
92 341
93 96
93 113
93 124
93 125
93 128
93 133
93 146
93 175
93 183
93 187
93 216
93 221
93 225
93 240
93 241
93 250
93 264
93 279
93 283
93 294
93 311
93 314
93 318
93 319
93 323
93 326
93 335
93 340
94 109
94 119
94 124
94 132
94 145
94 151
94 167
94 169
94 177
94 198
94 202
94 203
94 216
94 227
94 236
94 245
94 247
94 269
94 287
94 289
94 312
94 323
94 329
95 102
95 115
95 116
95 141
95 169
95 173
95 181
95 187
95 192
95 194
95 199
95 200
95 203
95 216
95 223
95 235
95 237
95 246
95 247
95 254
95 267
95 269
95 280
95 282
95 283
95 285
95 292
95 299
95 309
95 324
95 330
95 344
95 346
95 349
96 103
96 114
96 132
96 145
96 148
96 173
96 177
96 182
96 183
96 185
96 189
96 192
96 196
96 199
96 200
96 201
96 213
96 233
96 234
96 235
96 240
96 267
96 285
96 291
96 301
96 305
96 311
96 338
97 111
97 154
97 159
97 164
97 191
97 203
97 215
97 231
97 260
97 262
97 267
97 273
97 275
97 278
97 285
97 296
97 304
97 321
97 326
97 330
97 334
97 335
97 338
97 343
97 347
98 106
98 120
98 146
98 151
98 159
98 172
98 179
98 190
98 194
98 197
98 216
98 227
98 233
98 240
98 250
98 258
98 270
98 274
98 279
98 290
98 312
98 316
98 327
98 331
98 345
98 349
99 104
99 112
99 130
99 136
99 139
99 152
99 154
99 156
99 159
99 161
99 170
99 175
99 189
99 197
99 202
99 211
99 213
99 215
99 233
99 239
99 251
99 260
99 282
99 290
99 313
99 314
99 321
99 330
99 336
99 337
99 343
100 110
100 118
100 121
100 134
100 148
100 162
100 168
100 172
100 197
100 214
100 235
100 309
100 324
100 325
100 337
100 342
101 105
101 116
101 122
101 129
101 136
101 138
101 156
101 199
101 208
101 211
101 238
101 240
101 265
101 289
101 311
101 314
101 336
101 339
102 121
102 150
102 154
102 164
102 176
102 185
102 216
102 221
102 224
102 229
102 237
102 246
102 268
102 281
102 285
102 286
102 287
102 296
102 298
102 299
102 317
102 323
102 324
102 328
102 349
103 117
103 123
103 136
103 139
103 141
103 151
103 156
103 169
103 171
103 177
103 199
103 215
103 216
103 219
103 235
103 267
103 270
103 281
103 288
103 292
103 303
103 315
103 316
103 323
103 340
104 105
104 114
104 139
104 154
104 160
104 168
104 186
104 187
104 202
104 219
104 222
104 239
104 246
104 256
104 265
104 270
104 286
104 289
104 306
105 115
105 122
105 123
105 131
105 139
105 190
105 194
105 212
105 220
105 242
105 245
105 248
105 278
105 284
105 290
105 292
105 315
105 322
105 323
105 338
106 135
106 174
106 176
106 183
106 186
106 204
106 214
106 221
106 242
106 262
106 268
106 277
106 286
106 288
106 300
106 332
106 339
106 344
107 110
107 111
107 121
107 155
107 169
107 173
107 196
107 207
107 213
107 241
107 242
107 261
107 268
107 270
107 284
107 288
107 306
107 313
107 335
107 349
108 136
108 147
108 148
108 152
108 178
108 195
108 218
108 219
108 229
108 233
108 236
108 245
108 249
108 250
108 256
108 266
108 276
108 284
108 285
108 291
108 295
108 302
108 305
108 317
108 322
108 335
108 337
108 344
109 119
109 148
109 168
109 169
109 170
109 188
109 202
109 205
109 222
109 231
109 235
109 239
109 248
109 266
109 272
109 286
109 287
109 289
109 300
109 301
109 315
109 316
109 323
109 330
109 337
109 343
109 346
110 111
110 150
110 172
110 173
110 175
110 177
110 207
110 211
110 214
110 220
110 227
110 229
110 231
110 265
110 270
110 287
110 306
110 314
110 325
110 329
110 335
110 343
110 349
111 115
111 118
111 127
111 128
111 131
111 146
111 155
111 171
111 177
111 180
111 184
111 197
111 202
111 211
111 220
111 221
111 224
111 231
111 244
111 246
111 274
111 276
111 284
111 286
111 301
111 314
111 322
111 331
111 332
111 333
111 337
112 122
112 124
112 142
112 143
112 176
112 205
112 206
112 214
112 246
112 248
112 271
112 278
112 279
112 280
112 292
112 297
112 299
112 319
112 342
113 127
113 135
113 154
113 166
113 169
113 175
113 176
113 178
113 179
113 202
113 203
113 229
113 230
113 236
113 238
113 272
113 287
113 288
113 296
113 301
113 308
113 321
113 344
113 347
113 349
114 120
114 133
114 151
114 162
114 164
114 177
114 181
114 188
114 190
114 212
114 213
114 218
114 220
114 234
114 236
114 250
114 254
114 263
114 272
114 298
114 308
114 315
114 317
114 323
114 329
114 339
114 340
115 117
115 119
115 126
115 132
115 138
115 145
115 149
115 169
115 197
115 198
115 215
115 230
115 236
115 238
115 255
115 260
115 266
115 267
115 283
115 285
115 288
115 305
115 331
115 341
115 345
116 122
116 134
116 141
116 148
116 149
116 179
116 187
116 223
116 240
116 251
116 269
116 270
116 281
116 283
116 292
116 305
116 310
116 311
116 313
116 328
116 336
116 341
117 119
117 126
117 153
117 160
117 162
117 166
117 168
117 171
117 218
117 220
117 248
117 266
117 267
117 276
117 286
117 290
117 299
117 300
117 308
117 312
117 322
117 327
117 338
117 340
117 344
117 346
118 140
118 142
118 146
118 148
118 149
118 157
118 182
118 189
118 192
118 217
118 224
118 226
118 235
118 238
118 239
118 240
118 245
118 255
118 266
118 272
118 286
118 302
118 328
118 336
118 341
118 348
119 124
119 132
119 135
119 145
119 185
119 197
119 201
119 220
119 225
119 253
119 255
119 258
119 265
119 277
119 278
119 280
119 286
119 290
119 292
119 306
119 307
119 308
119 316
119 317
119 327
119 340
119 347
120 137
120 142
120 143
120 159
120 162
120 169
120 184
120 198
120 216
120 223
120 227
120 259
120 266
120 270
120 278
120 288
120 299
120 303
120 317
120 325
120 327
120 329
120 335
120 345
121 123
121 126
121 131
121 137
121 150
121 169
121 176
121 222
121 242
121 246
121 248
121 252
121 254
121 266
121 270
121 273
121 274
121 276
121 291
121 294
121 305
121 319
121 324
121 332
121 338
121 347
122 133
122 141
122 143
122 153
122 197
122 199
122 203
122 209
122 218
122 225
122 235
122 237
122 255
122 263
122 277
122 283
122 289
122 298
122 308
122 312
122 322
122 337
123 124
123 133
123 136
123 145
123 160
123 161
123 167
123 170
123 176
123 184
123 194
123 212
123 219
123 224
123 233
123 235
123 240
123 245
123 262
123 284
123 294
123 322
123 331
123 333
123 344
123 346
124 140
124 144
124 167
124 172
124 177
124 182
124 195
124 196
124 205
124 206
124 219
124 220
124 221
124 224
124 233
124 244
124 253
124 258
124 259
124 265
124 278
124 282
124 283
124 294
124 304
124 311
124 319
124 327
124 328
124 341
124 345
124 346
124 347
125 126
125 134
125 171
125 177
125 183
125 195
125 206
125 214
125 227
125 245
125 258
125 274
125 287
125 289
125 298
125 305
125 320
125 341
125 342
125 347
126 128
126 141
126 150
126 195
126 197
126 199
126 210
126 223
126 226
126 228
126 234
126 243
126 249
126 250
126 257
126 263
126 267
126 319
126 348
127 128
127 140
127 141
127 148
127 155
127 177
127 188
127 196
127 211
127 217
127 231
127 262
127 269
127 273
127 275
127 284
127 295
127 316
127 321
127 327
127 339
128 142
128 150
128 153
128 164
128 184
128 196
128 214
128 216
128 237
128 243
128 256
128 263
128 269
128 280
128 285
128 294
128 301
128 305
128 316
128 317
128 328
128 330
129 133
129 139
129 145
129 148
129 149
129 194
129 205
129 219
129 246
129 277
129 286
129 289
129 304
129 312
129 314
129 339
129 340
129 346
130 136
130 142
130 162
130 176
130 178
130 197
130 209
130 217
130 218
130 228
130 231
130 259
130 261
130 264
130 279
130 282
130 284
130 303
130 320
130 324
131 135
131 152
131 153
131 162
131 166
131 169
131 171
131 172
131 173
131 176
131 177
131 178
131 185
131 210
131 233
131 258
131 259
131 268
131 270
131 273
131 293
131 298
131 304
131 339
131 344
132 144
132 176
132 181
132 197
132 200
132 205
132 217
132 246
132 258
132 261
132 283
132 288
132 294
132 323
132 329
133 136
133 170
133 201
133 222
133 226
133 230
133 234
133 246
133 257
133 275
133 276
133 301
133 322
133 323
133 324
134 144
134 152
134 165
134 180
134 183
134 184
134 210
134 214
134 216
134 222
134 225
134 228
134 232
134 243
134 256
134 257
134 263
134 270
134 272
134 276
134 299
134 312
134 317
134 347
135 143
135 163
135 175
135 195
135 233
135 245
135 254
135 258
135 267
135 269
135 280
135 282
135 305
135 309
135 315
135 337
136 146
136 150
136 157
136 162
136 167
136 170
136 174
136 179
136 193
136 203
136 206
136 218
136 225
136 239
136 242
136 244
136 249
136 250
136 262
136 276
136 280
136 308
136 313
136 337
136 345
137 139
137 141
137 156
137 173
137 188
137 191
137 193
137 225
137 251
137 281
137 284
137 314
137 322
138 141
138 143
138 146
138 147
138 157
138 159
138 170
138 175
138 189
138 193
138 200
138 223
138 252
138 262
138 279
138 287
138 293
138 301
138 311
138 312
138 331
139 141
139 145
139 153
139 165
139 169
139 178
139 187
139 209
139 229
139 238
139 239
139 253
139 255
139 282
139 283
139 297
139 301
139 313
139 314
139 315
139 320
139 332
139 335
139 342
139 347
140 147
140 174
140 177
140 179
140 183
140 210
140 233
140 237
140 259
140 272
140 279
140 281
140 284
140 289
140 291
140 294
140 301
140 308
140 309
140 310
140 316
140 321
140 323
140 341
140 348
141 149
141 168
141 181
141 189
141 191
141 237
141 249
141 252
141 253
141 272
141 277
141 294
141 310
141 315
142 148
142 151
142 167
142 177
142 191
142 217
142 219
142 221
142 223
142 258
142 264
142 270
142 272
142 277
142 296
142 313
142 321
142 329
142 343
142 349
143 145
143 147
143 153
143 170
143 196
143 200
143 205
143 208
143 242
143 256
143 262
143 271
143 296
143 312
143 319
143 324
143 326
143 335
143 344
144 150
144 161
144 183
144 230
144 251
144 256
144 257
144 261
144 267
144 273
144 280
144 302
144 308
144 312
144 313
144 317
144 338
144 339
144 342
145 157
145 159
145 167
145 181
145 213
145 215
145 222
145 228
145 229
145 243
145 276
145 293
145 294
145 339
145 342
146 157
146 162
146 165
146 167
146 216
146 234
146 269
146 274
146 277
146 290
146 301
146 306
146 321
146 342
146 347
146 349
147 167
147 186
147 194
147 195
147 210
147 217
147 223
147 229
147 239
147 253
147 254
147 258
147 263
147 264
147 267
147 276
147 292
147 299
147 319
147 322
147 328
147 333
148 156
148 163
148 168
148 183
148 190
148 209
148 218
148 227
148 228
148 229
148 232
148 260
148 270
148 275
148 295
148 298
148 300
148 302
148 307
148 308
148 317
148 324
149 155
149 158
149 182
149 191
149 196
149 201
149 214
149 218
149 240
149 251
149 253
149 274
149 293
149 295
149 306
149 308
149 315
149 330
149 335
150 186
150 191
150 209
150 214
150 226
150 230
150 231
150 233
150 237
150 248
150 256
150 293
150 307
150 312
150 320
150 340
150 345
151 154
151 167
151 171
151 178
151 185
151 197
151 220
151 237
151 238
151 246
151 251
151 275
151 288
151 291
151 303
151 327
151 340
151 345
152 162
152 163
152 170
152 173
152 177
152 179
152 181
152 190
152 192
152 193
152 194
152 195
152 197
152 199
152 201
152 206
152 214
152 236
152 240
152 241
152 282
152 300
152 303
152 310
152 319
153 156
153 167
153 193
153 218
153 219
153 223
153 225
153 234
153 239
153 264
153 273
153 275
153 279
153 290
153 291
153 305
153 310
153 313
153 322
153 325
153 333
153 334
154 167
154 173
154 196
154 207
154 215
154 241
154 249
154 253
154 256
154 258
154 282
154 290
154 295
154 296
154 297
154 305
154 306
154 320
154 332
154 334
155 159
155 166
155 196
155 199
155 200
155 209
155 210
155 222
155 226
155 231
155 248
155 253
155 254
155 271
155 273
155 291
155 293
155 304
155 318
155 325
155 334
156 164
156 172
156 189
156 190
156 203
156 204
156 224
156 234
156 238
156 239
156 302
156 317
156 325
156 331
157 174
157 177
157 191
157 208
157 210
157 216
157 217
157 227
157 232
157 234
157 236
157 256
157 264
157 273
157 275
157 282
157 289
157 295
157 296
157 324
157 327
157 345
158 162
158 174
158 186
158 193
158 208
158 222
158 226
158 263
158 278
158 282
158 301
158 302
158 306
158 311
158 313
158 324
158 331
158 344
159 162
159 165
159 176
159 180
159 181
159 205
159 206
159 217
159 233
159 240
159 241
159 251
159 255
159 257
159 262
159 264
159 306
159 310
159 325
159 327
159 332
159 334
159 347
159 348
160 169
160 172
160 173
160 184
160 209
160 213
160 238
160 251
160 255
160 264
160 294
160 301
160 304
160 314
160 318
160 321
160 325
160 333
160 334
160 344
160 349
161 176
161 187
161 198
161 205
161 208
161 225
161 233
161 240
161 279
161 283
161 284
161 320
161 329
161 330
161 335
161 338
161 347
161 348
161 349
162 174
162 192
162 193
162 199
162 223
162 230
162 231
162 255
162 267
162 271
162 287
162 299
162 302
162 305
162 316
162 336
162 339
163 182
163 185
163 191
163 192
163 198
163 199
163 221
163 226
163 241
163 247
163 259
163 274
163 277
163 285
163 287
163 288
163 298
163 302
163 304
163 311
163 313
163 318
163 339
163 340
163 342
164 165
164 166
164 194
164 199
164 203
164 210
164 223
164 227
164 234
164 242
164 244
164 261
164 282
164 292
164 295
164 305
164 306
164 317
164 323
164 325
164 337
164 339
165 170
165 171
165 184
165 234
165 238
165 240
165 248
165 253
165 254
165 256
165 261
165 282
165 287
165 311
165 340
165 348
166 167
166 179
166 184
166 185
166 193
166 216
166 235
166 242
166 256
166 267
166 282
166 283
166 291
166 295
166 305
166 314
166 315
166 323
166 340
167 171
167 179
167 183
167 196
167 201
167 217
167 224
167 232
167 242
167 246
167 247
167 264
167 270
167 312
167 324
167 331
167 333
167 339
167 340
168 171
168 178
168 186
168 191
168 194
168 203
168 216
168 229
168 231
168 236
168 237
168 269
168 284
168 285
168 295
168 309
168 318
168 329
169 174
169 179
169 180
169 187
169 190
169 203
169 226
169 233
169 263
169 272
169 284
169 285
169 286
169 290
169 303
169 314
169 326
169 327
169 329
169 331
169 338
169 349
170 183
170 199
170 210
170 211
170 218
170 220
170 222
170 237
170 239
170 247
170 267
170 291
170 296
170 303
170 313
170 314
170 315
170 328
170 332
170 339
170 340
170 341
171 196
171 198
171 206
171 231
171 251
171 258
171 265
171 266
171 267
171 288
171 292
171 293
171 294
171 302
171 308
171 322
171 332
171 333
171 338
172 173
172 185
172 221
172 233
172 241
172 246
172 256
172 278
172 296
172 304
172 307
172 316
172 320
172 328
172 343
172 346
172 349
173 178
173 186
173 190
173 200
173 205
173 223
173 228
173 234
173 264
173 284
173 286
173 301
173 306
173 309
173 312
173 320
173 341
174 178
174 191
174 221
174 238
174 241
174 243
174 249
174 251
174 269
174 272
174 273
174 285
174 293
174 297
174 318
174 324
174 332
174 341
175 183
175 201
175 206
175 210
175 216
175 228
175 258
175 271
175 272
175 277
175 279
175 286
175 325
175 326
175 339
175 343
176 207
176 211
176 213
176 215
176 236
176 266
176 275
176 278
176 279
176 309
176 314
176 325
176 336
176 344
177 180
177 181
177 183
177 195
177 198
177 207
177 216
177 220
177 223
177 227
177 237
177 240
177 241
177 245
177 257
177 260
177 268
177 270
177 271
177 301
177 316
177 329
177 331
177 334
177 347
178 184
178 191
178 201
178 203
178 216
178 267
178 269
178 274
178 288
178 293
178 294
178 297
178 304
178 306
178 318
178 330
179 188
179 190
179 209
179 216
179 225
179 249
179 250
179 263
179 279
179 288
179 300
179 302
179 304
179 308
179 311
179 316
179 330
179 343
180 222
180 225
180 227
180 243
180 247
180 283
180 291
180 298
180 305
180 311
180 313
180 324
180 327
180 332
181 194
181 204
181 211
181 236
181 241
181 244
181 246
181 247
181 250
181 270
181 288
181 308
181 320
181 323
181 330
182 194
182 197
182 201
182 212
182 213
182 218
182 219
182 248
182 261
182 262
182 265
182 268
182 269
182 296
182 320
182 327
182 333
182 348
183 189
183 199
183 205
183 208
183 223
183 224
183 237
183 244
183 248
183 269
183 277
183 294
183 310
183 325
183 344
183 346
183 348
184 201
184 205
184 208
184 218
184 219
184 227
184 250
184 251
184 255
184 258
184 261
184 271
184 279
184 286
184 288
184 307
184 316
184 320
184 347
185 192
185 198
185 212
185 220
185 223
185 230
185 232
185 247
185 260
185 265
185 283
185 286
185 309
185 313
185 340
185 349
186 201
186 205
186 226
186 239
186 254
186 256
186 260
186 261
186 269
186 286
186 297
186 302
186 313
187 189
187 192
187 202
187 206
187 208
187 214
187 215
187 221
187 226
187 235
187 237
187 244
187 269
187 283
187 287
187 290
187 295
187 299
187 301
187 307
187 310
187 315
187 318
187 334
187 336
187 339
188 208
188 212
188 220
188 224
188 242
188 289
188 299
188 303
188 309
188 318
188 321
188 324
188 328
188 340
189 197
189 218
189 219
189 225
189 229
189 230
189 232
189 264
189 269
189 270
189 284
189 305
189 309
189 314
189 322
189 338
189 345
190 209
190 223
190 231
190 259
190 261
190 262
190 268
190 272
190 276
190 294
190 300
190 319
190 324
190 340
190 343
191 195
191 203
191 207
191 208
191 209
191 215
191 240
191 242
191 252
191 253
191 255
191 260
191 261
191 266
191 271
191 273
191 280
191 289
191 292
191 296
191 303
191 314
191 317
191 339
191 340
191 346
192 247
192 254
192 256
192 261
192 280
192 281
192 284
192 319
192 320
192 339
192 342
193 194
193 195
193 204
193 217
193 234
193 240
193 247
193 263
193 266
193 268
193 275
193 276
193 278
193 303
193 308
193 320
193 327
194 206
194 207
194 212
194 219
194 222
194 260
194 265
194 266
194 268
194 277
194 281
194 282
194 299
194 303
194 314
194 333
194 348
195 199
195 200
195 201
195 215
195 219
195 231
195 234
195 238
195 241
195 250
195 251
195 254
195 264
195 286
195 294
195 299
195 300
195 316
195 328
196 197
196 210
196 230
196 234
196 238
196 239
196 250
196 257
196 262
196 275
196 289
196 291
196 296
196 301
196 305
196 346
197 198
197 204
197 207
197 217
197 218
197 221
197 226
197 239
197 256
197 262
197 278
197 289
197 301
197 303
197 316
197 326
197 336
197 337
197 345
197 349
198 201
198 214
198 265
198 277
198 280
198 296
198 304
198 315
198 329
199 203
199 211
199 220
199 242
199 259
199 260
199 293
199 298
199 322
199 329
199 337
199 340
200 204
200 219
200 231
200 240
200 260
200 265
200 266
200 277
200 278
200 285
200 289
200 297
200 299
200 310
200 318
200 329
200 333
200 348
201 204
201 211
201 218
201 222
201 230
201 237
201 264
201 265
201 274
201 277
201 281
201 305
201 311
201 320
201 333
201 345
202 206
202 226
202 233
202 234
202 238
202 248
202 301
202 316
202 332
202 333
203 230
203 240
203 245
203 253
203 259
203 280
203 285
203 290
203 294
203 307
203 321
203 325
203 344
204 214
204 227
204 229
204 238
204 253
204 260
204 286
204 293
204 297
204 314
204 327
204 340
204 344
205 208
205 224
205 225
205 248
205 249
205 271
205 286
205 288
205 296
205 298
205 306
205 312
205 317
205 341
206 213
206 221
206 231
206 254
206 256
206 266
206 271
206 279
206 282
206 285
206 324
206 332
206 339
207 224
207 232
207 238
207 253
207 255
207 269
207 278
207 291
207 292
207 299
207 317
207 321
207 323
207 342
207 343
207 349
208 213
208 223
208 230
208 234
208 257
208 258
208 262
208 290
208 293
208 294
208 295
208 296
208 297
208 302
208 312
208 332
208 341
208 344
209 214
209 218
209 230
209 236
209 248
209 270
209 275
209 288
209 289
209 298
209 303
209 304
209 310
209 331
209 338
209 340
210 243
210 290
210 294
210 296
210 297
210 301
210 348
211 215
211 254
211 268
211 272
211 303
211 309
211 322
211 326
211 331
211 334
211 340
211 348
212 242
212 247
212 260
212 267
212 279
212 283
212 314
212 320
212 321
212 323
213 230
213 238
213 255
213 261
213 264
213 278
213 294
213 295
213 316
213 318
213 324
213 335
213 345
214 218
214 220
214 229
214 231
214 248
214 255
214 258
214 263
214 266
214 296
214 300
214 308
214 320
214 322
214 325
214 334
215 221
215 227
215 230
215 233
215 236
215 241
215 248
215 256
215 258
215 259
215 264
215 265
215 285
215 291
215 293
215 296
215 303
215 313
215 322
215 327
215 336
216 231
216 233
216 256
216 275
216 277
216 291
216 292
216 305
216 306
216 308
216 310
216 319
216 322
216 330
216 332
216 337
217 220
217 224
217 232
217 234
217 237
217 243
217 261
217 283
217 284
217 303
217 307
217 316
217 325
217 331
217 343
218 246
218 259
218 269
218 274
218 278
218 292
218 314
218 329
218 336
218 339
219 221
219 224
219 262
219 279
219 324
219 328
219 336
219 345
220 239
220 249
220 250
220 267
220 273
220 295
220 296
220 300
220 315
220 323
220 328
220 338
220 349
221 263
221 269
221 270
221 287
221 291
221 315
221 328
221 330
221 344
222 237
222 244
222 255
222 269
222 289
223 226
223 230
223 245
223 252
223 258
223 280
223 294
223 304
223 306
223 312
223 324
223 336
223 337
223 349
224 229
224 235
224 242
224 262
224 266
224 271
224 276
224 288
224 294
224 302
224 305
224 313
224 323
225 228
225 247
225 249
225 267
225 272
225 274
225 294
225 298
225 300
225 305
225 306
225 347
226 242
226 245
226 253
226 277
226 283
226 285
226 315
226 334
226 342
227 229
227 235
227 236
227 241
227 251
227 257
227 267
227 268
227 280
227 293
227 303
227 307
227 316
227 325
227 327
227 329
227 330
227 340
227 343
227 345
227 346
228 230
228 232
228 249
228 251
228 256
228 269
228 286
228 288
228 301
228 325
228 341
229 233
229 250
229 261
229 264
229 269
229 273
229 289
229 292
229 296
229 308
229 318
229 325
229 328
229 329
230 231
230 233
230 239
230 243
230 256
230 269
230 270
230 287
230 302
230 304
230 311
230 323
230 326
230 333
231 243
231 245
231 249
231 264
231 267
231 272
231 277
231 280
231 290
231 327
231 328
231 331
231 337
231 342
231 345
232 234
232 237
232 251
232 269
232 292
232 294
232 326
232 330
232 341
233 234
233 241
233 265
233 267
233 302
233 310
233 336
233 341
234 244
234 252
234 266
234 273
234 275
234 281
234 282
234 293
234 294
234 310
234 312
234 323
234 329
234 338
235 236
235 248
235 250
235 267
235 274
235 278
235 291
235 297
235 317
235 330
235 333
235 335
236 253
236 255
236 256
236 265
236 272
236 287
236 288
236 291
236 294
236 333
237 243
237 261
237 294
237 296
237 304
237 312
237 317
237 346
238 242
238 256
238 271
238 280
238 282
238 289
238 296
238 308
238 325
238 345
238 348
239 245
239 257
239 269
239 270
239 271
239 282
239 285
239 287
239 292
239 296
239 298
239 300
239 305
239 317
239 330
239 331
239 332
240 259
240 276
240 305
240 311
240 317
240 327
240 345
241 242
241 248
241 260
241 282
241 296
241 311
241 312
241 319
241 334
241 347
242 244
242 246
242 255
242 259
242 273
242 277
242 290
242 294
242 297
242 300
242 330
242 342
243 244
243 246
243 266
243 267
243 294
243 299
243 332
243 338
244 256
244 262
244 265
244 269
244 270
244 274
244 285
244 289
244 292
244 295
244 307
244 309
244 334
244 346
245 254
245 260
245 262
245 274
245 287
245 293
245 298
245 307
245 311
245 317
245 320
245 327
245 334
245 338
245 341
245 343
246 254
246 265
246 269
246 272
246 278
246 292
246 294
246 298
246 305
246 328
246 341
246 347
246 348
247 255
247 260
247 281
247 289
247 291
247 306
247 310
247 316
247 328
247 329
247 339
248 251
248 256
248 267
248 274
248 300
248 309
248 316
248 330
248 336
249 250
249 260
249 276
249 278
249 291
249 327
249 335
250 264
250 269
250 281
250 325
250 327
250 332
251 256
251 257
251 278
251 293
251 305
251 306
251 315
251 320
251 326
251 339
252 254
252 256
252 306
252 312
252 314
253 259
253 264
253 274
253 286
253 309
253 331
253 342
254 256
254 268
254 276
254 278
254 289
254 294
254 296
254 297
254 303
254 304
254 322
254 349
255 257
255 292
255 293
255 304
255 317
255 320
255 321
255 322
255 343
255 346
256 260
256 263
256 266
256 268
256 280
256 294
256 305
256 306
256 317
256 325
256 332
256 337
256 340
256 344
257 262
257 269
257 282
257 283
257 285
257 310
257 322
257 327
257 338
257 343
257 344
258 284
258 297
258 308
258 344
258 345
259 274
259 294
259 298
259 299
259 327
259 328
259 346
260 262
260 278
260 299
260 308
260 311
260 329
260 330
261 267
261 290
261 298
261 319
261 327
261 335
261 344
262 270
262 277
262 283
262 292
262 302
262 313
262 336
262 344
262 346
263 271
263 306
263 322
263 325
264 266
264 268
264 313
264 330
264 335
264 336
265 275
265 277
265 280
265 284
265 286
265 314
265 318
265 329
265 331
265 332
265 347
266 285
266 289
266 299
266 302
266 321
266 326
266 336
266 347
266 348
267 269
267 285
267 289
267 292
267 297
267 299
267 302
267 313
267 320
267 325
267 330
268 287
268 288
268 289
268 292
268 309
268 311
268 331
268 337
268 338
268 345
269 271
269 291
269 300
269 302
269 318
269 324
269 326
269 328
269 329
269 334
269 339
269 346
270 272
270 273
270 279
270 280
270 282
270 283
270 296
270 305
270 306
270 323
270 334
270 337
270 346
270 347
271 288
271 294
271 323
271 324
271 325
271 338
272 302
272 306
272 309
272 326
273 274
273 304
273 306
273 308
273 321
273 325
273 328
273 330
273 343
274 275
274 284
274 291
274 309
274 312
274 325
274 344
275 277
275 299
275 312
275 321
276 293
276 314
276 322
276 329
276 347
276 348
276 349
277 282
277 288
277 296
277 299
277 310
277 318
277 321
277 331
277 332
277 335
277 345
278 283
278 284
278 293
278 306
278 314
278 322
278 326
279 291
279 294
279 306
279 311
279 331
279 332
279 340
279 341
280 286
280 311
280 317
280 321
280 322
280 342
281 284
281 288
281 306
281 311
281 314
281 322
281 323
281 335
281 339
282 283
282 287
282 301
282 313
282 318
282 327
282 333
282 342
282 349
283 302
283 308
283 318
283 327
283 339
284 290
284 291
284 300
284 302
284 310
284 315
284 317
284 331
284 332
284 334
285 289
285 300
285 328
285 330
285 335
285 339
285 346
286 334
286 336
287 290
287 293
287 300
287 319
287 336
287 345
287 346
288 307
288 308
288 317
288 321
288 322
288 339
288 345
288 346
289 300
289 312
289 315
289 321
289 326
289 344
290 304
290 313
290 314
290 320
290 332
290 345
290 348
291 300
291 302
291 307
291 318
291 320
291 321
291 331
292 307
292 309
292 331
292 338
292 345
292 346
292 348
293 302
293 309
293 325
293 334
293 338
294 311
294 314
294 321
294 347
295 308
295 342
295 346
295 347
296 298
296 324
296 328
296 335
296 344
296 348
297 321
297 329
297 341
298 309
298 315
298 327
298 331
298 347
298 348
299 306
299 335
299 341
299 342
299 347
300 303
300 307
300 340
301 303
301 304
301 314
301 323
301 330
301 335
301 339
302 308
302 313
302 336
302 347
303 310
303 328
303 335
303 340
303 348
304 309
304 315
304 324
304 328
304 338
305 307
305 310
305 339
305 345
306 329
306 332
306 340
307 321
307 337
308 319
308 325
308 330
308 332
308 337
308 343
309 325
309 329
310 328
311 329
311 348
312 325
312 340
312 346
312 349
313 314
313 319
313 320
313 332
313 335
313 337
314 318
314 320
314 328
314 339
314 342
314 348
316 320
316 325
316 347
318 327
318 339
318 340
319 329
319 345
320 333
320 342
321 348
322 327
322 329
322 336
322 344
323 338
323 340
324 330
324 340
324 341
324 342
325 333
325 338
325 347
325 348
326 332
326 334
328 329
328 336
330 343
330 345
331 337
331 341
332 335
332 342
332 348
332 349
333 335
333 344
334 335
334 345
335 342
336 346
337 340
337 345
337 347
337 349
338 345
339 341
339 343
339 347
339 349
341 344
343 345
344 346
346 347
346 348
287 246 216 68 151 188 292 89 186 190 163 121 127 205 321 213 140 108 281 182 104 192 43 87 319 146 29 236 328 305 96 286 184 210 282 47 258 185 10 180 8 142 275 42 228 337 251 40 55 265 343 169 194 138 273 74 183 212 107 297 2 28 211 290 225 288 135 143 123 50 60 220 338 130 283 248 122 158 245 13 172 177 100 125 223 309 63 303 65 341 252 175 277 80 304 120 128 285 111 99 51 98 33 115 90
124 279 109 243 34 203 229 168 102 79 314 145 325 53 221 173 298 116 57 86 139 3 235 214 7 39 92 64 178 136 46 27 260 326 271 152 308 300 171 329 291 160 193 330 280 26 25 306 320 316 165 117 249 153 70 256 106 37 289 327 198 294 230 81 197 342 293 11 315 317 149 339 346 166 88 69 41 84 20 232 242 126 301 62 1 340 250 264 113 52 332 276 5 31 131 257 19 331 333 82 75 119 77 302 15
224 66 266 284 219 226 9 349 240 312 97 170 49 14 269 204 61 45 238 22 322 156 295 253 83 17 247 323 112 310 118 0 91 16 76 21 207 36 209 334 114 12 54 150 58 95 187 159 299 254 133 239 244 32 137 134 181 24 206 72 18 73 71 237 30 154 217 324 241 176 335 93 267 259 6 59 348 129 157 231 164 105 67 191 234 155 336 94 233 347 56 201 38 255 227 215 148 141 274 208 4 110 270 202 278
162 35 296 78 144 48 101 174 262 132 167 200 199 44 147 179 311 313 261 23 85 189 161 222 196 218 272 195 344 103 307 263 345 318 268
