350
6093
5
0 5
0 8
0 22
0 24
0 30
0 42
0 72
0 90
0 112
0 178
0 185
0 188
0 198
0 201
0 228
0 244
0 248
0 283
0 285
0 292
0 297
0 302
0 303
0 309
0 317
0 320
0 325
0 329
0 332
0 342
1 5
1 8
1 45
1 55
1 67
1 75
1 90
1 92
1 97
1 103
1 115
1 128
1 135
1 139
1 157
1 172
1 175
1 178
1 181
1 186
1 195
1 207
1 226
1 240
1 242
1 255
1 256
1 257
1 259
1 261
1 268
1 275
1 280
1 285
1 289
1 292
1 295
1 298
1 300
1 307
1 316
1 318
1 337
2 5
2 9
2 34
2 59
2 78
2 97
2 107
2 113
2 157
2 171
2 205
2 212
2 213
2 223
2 224
2 228
2 229
2 240
2 259
2 261
2 273
2 279
2 297
2 298
2 310
2 316
2 317
2 332
2 334
3 23
3 45
3 50
3 70
3 83
3 88
3 90
3 96
3 110
3 126
3 130
3 137
3 138
3 141
3 142
3 145
3 150
3 152
3 179
3 186
3 191
3 194
3 196
3 197
3 201
3 216
3 219
3 221
3 225
3 270
3 272
3 284
3 288
3 299
3 301
3 307
3 320
3 339
3 340
3 349
4 22
4 28
4 33
4 43
4 54
4 61
4 62
4 64
4 66
4 70
4 74
4 87
4 98
4 102
4 105
4 122
4 128
4 135
4 148
4 156
4 192
4 204
4 212
4 214
4 220
4 234
4 239
4 248
4 271
4 277
4 284
4 299
4 322
4 330
4 345
4 347
5 7
5 8
5 14
5 19
5 62
5 71
5 90
5 98
5 111
5 117
5 162
5 196
5 209
5 212
5 213
5 225
5 231
5 245
5 252
5 254
5 265
5 269
5 273
5 277
5 287
5 288
5 290
5 295
5 302
5 323
5 332
5 337
5 340
6 12
6 14
6 18
6 19
6 38
6 62
6 63
6 64
6 76
6 80
6 81
6 109
6 115
6 122
6 127
6 128
6 135
6 162
6 164
6 191
6 193
6 200
6 206
6 216
6 219
6 222
6 224
6 230
6 231
6 270
6 272
6 293
6 295
6 299
6 305
6 309
6 332
6 335
7 23
7 46
7 49
7 50
7 59
7 61
7 85
7 95
7 97
7 131
7 156
7 162
7 164
7 167
7 189
7 193
7 204
7 213
7 235
7 259
7 291
7 292
7 297
7 307
7 312
7 320
7 323
7 344
8 9
8 26
8 47
8 49
8 50
8 51
8 54
8 72
8 73
8 86
8 116
8 126
8 151
8 153
8 157
8 174
8 192
8 194
8 204
8 205
8 207
8 218
8 220
8 221
8 222
8 223
8 236
8 243
8 266
8 281
8 316
8 317
8 335
9 27
9 29
9 32
9 35
9 42
9 48
9 56
9 60
9 65
9 81
9 102
9 145
9 148
9 164
9 169
9 179
9 182
9 237
9 241
9 251
9 264
9 271
9 278
9 281
9 285
9 286
9 299
9 302
9 309
9 334
10 12
10 14
10 15
10 20
10 33
10 35
10 39
10 48
10 49
10 54
10 72
10 74
10 81
10 114
10 125
10 126
10 129
10 140
10 153
10 174
10 187
10 188
10 198
10 212
10 220
10 241
10 257
10 270
10 272
10 281
11 21
11 31
11 47
11 66
11 67
11 77
11 78
11 83
11 90
11 92
11 94
11 115
11 121
11 137
11 139
11 141
11 156
11 161
11 163
11 164
11 185
11 191
11 210
11 211
11 217
11 244
11 256
11 268
11 293
11 302
11 304
11 307
11 309
11 323
11 326
11 329
12 20
12 62
12 69
12 74
12 85
12 89
12 169
12 172
12 173
12 176
12 185
12 203
12 211
12 222
12 233
12 262
12 267
12 270
12 274
12 279
12 284
12 289
12 308
12 320
12 325
12 329
12 344
12 346
13 14
13 22
13 27
13 29
13 45
13 50
13 53
13 55
13 59
13 84
13 86
13 94
13 105
13 112
13 117
13 125
13 130
13 133
13 138
13 155
13 167
13 172
13 177
13 184
13 194
13 198
13 205
13 228
13 242
13 244
13 267
13 279
13 282
13 283
13 310
13 319
13 332
13 347
14 16
14 17
14 18
14 28
14 32
14 37
14 41
14 42
14 47
14 52
14 67
14 68
14 75
14 82
14 97
14 99
14 105
14 110
14 115
14 127
14 167
14 177
14 184
14 209
14 217
14 218
14 236
14 248
14 258
14 281
14 285
14 298
14 303
14 316
14 319
14 325
14 335
14 338
14 347
15 21
15 22
15 40
15 44
15 46
15 51
15 77
15 88
15 89
15 104
15 114
15 117
15 130
15 140
15 157
15 164
15 189
15 190
15 197
15 224
15 237
15 249
15 256
15 259
15 260
15 271
15 273
15 275
15 276
15 281
15 293
15 294
15 301
15 304
15 324
15 331
15 334
16 27
16 30
16 71
16 73
16 82
16 83
16 84
16 92
16 96
16 99
16 102
16 104
16 126
16 132
16 167
16 187
16 192
16 236
16 240
16 243
16 249
16 250
16 267
16 288
16 289
16 295
16 302
16 309
16 331
16 333
16 341
16 345
17 32
17 35
17 44
17 50
17 75
17 80
17 85
17 104
17 109
17 123
17 142
17 144
17 145
17 147
17 148
17 159
17 164
17 174
17 207
17 208
17 209
17 215
17 236
17 239
17 240
17 254
17 256
17 261
17 268
17 272
17 275
17 278
17 292
17 318
17 319
17 325
17 328
17 339
17 347
18 27
18 31
18 33
18 58
18 66
18 74
18 77
18 82
18 83
18 84
18 96
18 97
18 104
18 127
18 128
18 145
18 148
18 165
18 177
18 182
18 184
18 188
18 190
18 203
18 215
18 221
18 223
18 224
18 227
18 228
18 237
18 242
18 248
18 268
18 286
18 291
18 298
18 309
18 311
19 64
19 65
19 90
19 114
19 122
19 126
19 133
19 146
19 151
19 152
19 168
19 169
19 182
19 199
19 205
19 214
19 221
19 224
19 230
19 238
19 255
19 262
19 299
19 303
19 309
19 318
19 323
19 329
19 336
19 339
19 340
20 23
20 29
20 46
20 52
20 78
20 97
20 100
20 107
20 110
20 145
20 158
20 169
20 191
20 216
20 229
20 233
20 234
20 245
20 250
20 261
20 298
20 309
20 312
20 327
20 335
21 32
21 49
21 51
21 62
21 68
21 70
21 90
21 94
21 101
21 109
21 116
21 128
21 129
21 144
21 152
21 157
21 164
21 172
21 182
21 194
21 195
21 202
21 203
21 204
21 205
21 215
21 217
21 220
21 232
21 233
21 244
21 259
21 271
21 273
21 295
21 306
21 307
21 315
21 322
21 329
21 334
22 23
22 29
22 30
22 34
22 52
22 56
22 62
22 71
22 75
22 78
22 80
22 105
22 108
22 109
22 160
22 165
22 170
22 182
22 195
22 213
22 215
22 226
22 252
22 257
22 262
22 263
22 271
22 284
22 285
22 287
22 296
22 299
22 300
22 301
22 303
22 313
22 341
22 345
23 25
23 37
23 40
23 41
23 57
23 67
23 72
23 76
23 101
23 114
23 115
23 116
23 125
23 135
23 143
23 159
23 175
23 179
23 192
23 201
23 206
23 213
23 214
23 227
23 232
23 238
23 239
23 241
23 257
23 259
23 269
23 281
23 286
23 289
23 299
23 341
24 29
24 47
24 48
24 66
24 81
24 90
24 102
24 109
24 124
24 130
24 133
24 139
24 145
24 149
24 151
24 168
24 174
24 177
24 180
24 195
24 196
24 207
24 218
24 220
24 222
24 234
24 259
24 261
24 270
24 279
24 281
24 290
24 302
24 316
24 346
25 38
25 40
25 52
25 55
25 67
25 74
25 77
25 89
25 99
25 122
25 133
25 139
25 163
25 165
25 166
25 188
25 192
25 226
25 227
25 229
25 235
25 255
25 272
25 287
25 294
25 301
25 303
25 309
25 311
25 322
25 339
26 30
26 55
26 57
26 58
26 69
26 76
26 88
26 94
26 115
26 117
26 124
26 144
26 153
26 155
26 159
26 165
26 191
26 192
26 212
26 223
26 224
26 226
26 228
26 231
26 235
26 260
26 264
26 268
26 270
26 276
26 292
26 293
26 298
26 304
26 312
26 313
26 341
26 349
27 33
27 59
27 63
27 68
27 91
27 111
27 120
27 127
27 130
27 144
27 152
27 153
27 159
27 160
27 179
27 184
27 193
27 196
27 199
27 201
27 210
27 211
27 213
27 215
27 217
27 221
27 241
27 259
27 264
27 270
27 275
27 276
27 282
27 287
27 291
27 311
27 327
27 329
27 334
27 340
27 341
28 63
28 73
28 101
28 113
28 128
28 142
28 143
28 146
28 155
28 161
28 163
28 165
28 180
28 181
28 199
28 203
28 224
28 226
28 231
28 234
28 238
28 241
28 245
28 252
28 262
28 282
28 290
28 302
28 308
28 325
28 329
28 338
28 339
28 346
29 31
29 33
29 46
29 57
29 64
29 65
29 67
29 75
29 76
29 80
29 86
29 88
29 90
29 110
29 112
29 133
29 136
29 150
29 151
29 196
29 203
29 205
29 246
29 263
29 264
29 279
29 280
29 305
29 325
29 332
29 334
29 346
30 31
30 38
30 58
30 59
30 75
30 96
30 98
30 105
30 110
30 113
30 122
30 123
30 130
30 135
30 136
30 141
30 143
30 160
30 176
30 177
30 216
30 220
30 228
30 234
30 235
30 252
30 267
30 282
30 306
30 311
30 313
30 316
30 322
30 335
31 51
31 62
31 66
31 75
31 102
31 131
31 143
31 153
31 163
31 171
31 180
31 187
31 190
31 191
31 217
31 239
31 250
31 259
31 280
31 290
31 296
31 312
31 323
31 341
31 346
32 35
32 37
32 42
32 66
32 79
32 108
32 118
32 123
32 124
32 126
32 135
32 144
32 148
32 151
32 157
32 162
32 175
32 176
32 178
32 192
32 198
32 200
32 224
32 236
32 250
32 272
32 285
32 289
32 293
32 308
32 314
32 328
32 340
32 347
32 349
33 47
33 62
33 64
33 68
33 76
33 83
33 90
33 107
33 112
33 127
33 130
33 131
33 133
33 143
33 153
33 172
33 182
33 188
33 196
33 197
33 200
33 203
33 208
33 229
33 235
33 268
33 270
33 281
33 284
33 296
33 311
33 316
33 321
33 334
33 345
34 42
34 47
34 72
34 81
34 98
34 100
34 112
34 152
34 169
34 183
34 215
34 234
34 241
34 243
34 270
34 273
34 288
34 291
34 298
34 315
34 324
34 341
35 44
35 50
35 54
35 77
35 79
35 84
35 100
35 115
35 118
35 119
35 122
35 138
35 144
35 149
35 155
35 157
35 169
35 190
35 207
35 232
35 239
35 255
35 257
35 273
35 282
35 291
35 300
35 305
35 318
35 322
35 339
35 341
36 49
36 82
36 85
36 105
36 115
36 147
36 165
36 185
36 188
36 195
36 203
36 219
36 221
36 233
36 235
36 239
36 246
36 248
36 251
36 252
36 260
36 261
36 263
36 277
36 278
36 338
36 344
37 43
37 50
37 54
37 68
37 69
37 93
37 98
37 107
37 131
37 137
37 154
37 164
37 215
37 219
37 238
37 251
37 289
37 298
37 313
37 314
37 316
37 317
37 322
37 326
37 339
38 47
38 54
38 78
38 80
38 87
38 110
38 118
38 119
38 133
38 137
38 176
38 187
38 194
38 197
38 199
38 202
38 206
38 208
38 225
38 229
38 242
38 280
38 306
38 339
39 44
39 52
39 78
39 81
39 120
39 129
39 137
39 140
39 141
39 143
39 152
39 199
39 216
39 231
39 241
39 242
39 248
39 251
39 253
39 263
39 281
39 289
39 300
39 311
39 322
39 327
40 41
40 51
40 56
40 84
40 100
40 125
40 129
40 136
40 137
40 145
40 150
40 163
40 202
40 216
40 224
40 242
40 251
40 252
40 254
40 263
40 291
40 321
40 338
41 53
41 59
41 76
41 80
41 90
41 104
41 116
41 118
41 129
41 138
41 147
41 151
41 156
41 161
41 169
41 174
41 183
41 191
41 202
41 232
41 254
41 257
41 270
41 276
41 278
41 279
41 308
41 313
41 315
41 318
41 344
41 345
42 47
42 54
42 67
42 71
42 103
42 106
42 107
42 109
42 119
42 138
42 146
42 161
42 162
42 167
42 173
42 178
42 189
42 195
42 209
42 213
42 217
42 218
42 231
42 237
42 249
42 254
42 259
42 274
42 281
42 287
42 295
42 297
42 298
42 302
42 326
42 336
42 341
42 346
42 349
43 61
43 84
43 87
43 91
43 107
43 125
43 147
43 164
43 168
43 190
43 195
43 206
43 221
43 222
43 233
43 242
43 243
43 263
43 270
43 282
43 286
43 288
43 314
43 318
43 320
43 332
44 62
44 69
44 83
44 87
44 89
44 93
44 96
44 98
44 100
44 116
44 133
44 135
44 139
44 144
44 155
44 158
44 170
44 204
44 210
44 215
44 220
44 229
44 234
44 241
44 251
44 269
44 275
44 284
44 287
44 290
44 308
44 310
44 315
44 331
44 336
44 345
44 346
45 88
45 94
45 100
45 109
45 123
45 174
45 182
45 183
45 189
45 202
45 214
45 224
45 252
45 277
45 294
45 295
45 300
45 309
45 311
45 327
45 329
45 339
45 349
46 49
46 50
46 54
46 68
46 76
46 78
46 82
46 88
46 117
46 118
46 154
46 160
46 163
46 169
46 194
46 206
46 208
46 210
46 214
46 231
46 242
46 251
46 254
46 280
46 281
46 287
46 300
46 302
46 312
46 317
46 331
46 349
47 53
47 55
47 63
47 68
47 71
47 97
47 100
47 105
47 111
47 114
47 138
47 144
47 149
47 176
47 187
47 213
47 257
47 259
47 288
47 304
47 307
47 333
47 337
47 341
48 53
48 72
48 85
48 92
48 99
48 106
48 122
48 124
48 158
48 171
48 188
48 214
48 215
48 228
48 230
48 253
48 254
48 292
48 296
48 298
48 300
48 310
48 330
49 73
49 97
49 102
49 103
49 127
49 145
49 168
49 176
49 190
49 195
49 196
49 199
49 203
49 217
49 229
49 249
49 256
49 263
49 268
49 272
49 295
49 301
49 302
49 311
49 330
50 52
50 65
50 78
50 90
50 107
50 111
50 121
50 130
50 180
50 188
50 200
50 221
50 222
50 223
50 224
50 237
50 241
50 246
50 253
50 255
50 256
50 288
50 293
50 300
50 302
50 308
50 324
50 325
50 330
50 341
51 66
51 74
51 92
51 100
51 108
51 129
51 136
51 141
51 144
51 163
51 167
51 174
51 175
51 179
51 186
51 203
51 210
51 211
51 214
51 216
51 228
51 236
51 250
51 251
51 273
51 276
51 277
51 284
51 304
51 312
51 333
51 345
52 56
52 65
52 87
52 96
52 99
52 106
52 136
52 146
52 148
52 160
52 167
52 171
52 184
52 188
52 198
52 212
52 213
52 216
52 226
52 230
52 248
52 263
52 273
52 288
52 310
52 334
53 82
53 83
53 89
53 95
53 100
53 101
53 114
53 153
53 159
53 164
53 167
53 189
53 192
53 204
53 206
53 224
53 230
53 233
53 237
53 240
53 249
53 253
53 286
53 296
53 301
53 314
53 316
53 322
53 323
53 327
53 336
54 69
54 70
54 88
54 103
54 107
54 111
54 130
54 134
54 141
54 184
54 215
54 234
54 235
54 242
54 250
54 260
54 289
54 305
54 316
55 69
55 86
55 97
55 113
55 131
55 136
55 144
55 153
55 157
55 159
55 173
55 190
55 192
55 195
55 255
55 262
55 285
55 288
55 290
55 316
55 346
56 68
56 69
56 91
56 101
56 107
56 139
56 141
56 159
56 165
56 170
56 177
56 189
56 196
56 199
56 207
56 215
56 235
56 250
56 252
56 282
56 295
56 301
56 311
56 316
56 317
56 326
57 60
57 74
57 75
57 84
57 89
57 92
57 100
57 107
57 121
57 142
57 161
57 162
57 183
57 189
57 191
57 195
57 202
57 204
57 205
57 216
57 224
57 230
57 252
57 254
57 264
57 268
57 269
57 290
57 304
57 306
57 314
57 320
57 322
57 325
57 341
58 59
58 64
58 67
58 82
58 85
58 115
58 126
58 135
58 146
58 154
58 169
58 171
58 188
58 196
58 198
58 204
58 205
58 214
58 222
58 226
58 236
58 240
58 245
58 253
58 279
58 289
58 290
58 312
58 317
58 318
58 330
58 337
58 343
58 346
58 347
58 348
59 62
59 64
59 67
59 85
59 90
59 93
59 101
59 108
59 120
59 130
59 132
59 137
59 146
59 166
59 168
59 173
59 197
59 206
59 210
59 227
59 238
59 248
59 251
59 261
59 263
59 297
59 298
59 317
59 326
59 329
59 331
59 338
60 101
60 112
60 119
60 124
60 128
60 131
60 138
60 153
60 155
60 171
60 181
60 204
60 206
60 242
60 245
60 253
60 278
60 287
60 302
60 307
60 325
60 332
60 334
60 336
60 340
61 72
61 82
61 87
61 96
61 110
61 116
61 131
61 133
61 146
61 152
61 169
61 201
61 225
61 226
61 229
61 240
61 252
61 254
61 269
61 271
61 284
61 302
61 304
61 305
61 333
62 68
62 69
62 85
62 93
62 103
62 111
62 116
62 119
62 149
62 151
62 176
62 177
62 197
62 216
62 233
62 234
62 235
62 252
62 269
62 275
62 282
62 287
62 291
62 301
62 320
62 331
62 332
62 336
62 340
62 346
63 72
63 86
63 88
63 95
63 103
63 117
63 118
63 119
63 134
63 144
63 147
63 151
63 157
63 168
63 170
63 174
63 182
63 187
63 194
63 199
63 204
63 209
63 213
63 242
63 251
63 252
63 257
63 273
63 298
63 308
63 310
63 314
63 318
63 328
63 336
63 349
64 82
64 103
64 155
64 166
64 221
64 229
64 240
64 256
64 264
64 279
64 281
64 298
64 306
64 314
64 322
64 329
64 345
64 346
64 348
65 68
65 82
65 90
65 93
65 103
65 105
65 107
65 116
65 121
65 127
65 141
65 143
65 167
65 174
65 176
65 192
65 196
65 210
65 212
65 230
65 244
65 256
65 278
65 303
65 313
65 315
65 321
65 344
66 83
66 85
66 91
66 115
66 120
66 124
66 141
66 142
66 147
66 150
66 155
66 167
66 172
66 176
66 188
66 198
66 200
66 202
66 206
66 207
66 211
66 222
66 224
66 227
66 230
66 241
66 245
66 248
66 259
66 280
66 283
66 285
66 296
66 301
66 310
66 314
66 320
67 69
67 70
67 83
67 85
67 94
67 110
67 111
67 127
67 130
67 142
67 162
67 163
67 177
67 208
67 217
67 252
67 267
67 271
67 278
67 316
67 327
67 341
67 349
68 71
68 76
68 85
68 96
68 103
68 104
68 107
68 110
68 124
68 132
68 147
68 148
68 149
68 159
68 164
68 185
68 196
68 198
68 209
68 211
68 212
68 215
68 223
68 235
68 263
68 304
68 311
68 315
68 320
68 323
68 325
68 339
69 70
69 87
69 100
69 118
69 132
69 134
69 135
69 143
69 154
69 163
69 176
69 185
69 188
69 194
69 195
69 200
69 211
69 213
69 216
69 223
69 236
69 240
69 243
69 245
69 259
69 274
69 282
69 292
69 293
69 298
69 299
69 302
69 303
69 315
69 317
69 321
69 335
69 345
69 348
70 78
70 85
70 89
70 106
70 110
70 114
70 123
70 127
70 137
70 138
70 152
70 157
70 162
70 183
70 187
70 191
70 241
70 264
70 266
70 289
70 294
70 326
70 332
70 335
70 341
71 72
71 74
71 80
71 106
71 109
71 110
71 119
71 152
71 168
71 169
71 174
71 176
71 182
71 183
71 187
71 191
71 193
71 200
71 210
71 234
71 243
71 254
71 255
71 257
71 268
71 271
71 273
71 279
71 289
71 302
71 310
71 344
71 345
71 347
72 77
72 80
72 88
72 95
72 113
72 140
72 142
72 155
72 163
72 172
72 173
72 192
72 194
72 201
72 209
72 211
72 220
72 225
72 262
72 268
72 297
72 319
72 333
72 337
72 338
72 343
73 74
73 77
73 79
73 94
73 100
73 120
73 128
73 162
73 163
73 191
73 198
73 221
73 230
73 234
73 241
73 245
73 246
73 255
73 259
73 273
73 274
73 280
73 284
73 289
73 292
73 323
73 328
74 96
74 105
74 124
74 137
74 141
74 143
74 154
74 155
74 167
74 169
74 171
74 196
74 197
74 244
74 247
74 296
74 315
74 324
74 326
74 327
74 331
74 338
74 342
75 94
75 102
75 105
75 107
75 115
75 117
75 119
75 129
75 130
75 148
75 151
75 155
75 158
75 171
75 200
75 204
75 217
75 234
75 239
75 241
75 246
75 270
75 286
75 294
75 307
75 309
75 318
75 322
75 323
75 328
75 329
75 331
76 84
76 92
76 105
76 111
76 118
76 129
76 135
76 148
76 152
76 155
76 162
76 177
76 191
76 194
76 198
76 203
76 231
76 237
76 239
76 252
76 259
76 270
76 299
76 303
76 305
76 310
76 338
77 79
77 81
77 84
77 110
77 121
77 124
77 139
77 180
77 183
77 184
77 185
77 203
77 206
77 222
77 260
77 267
77 275
77 286
77 291
77 296
77 309
77 312
77 316
77 321
77 335
77 341
77 342
77 346
78 91
78 110
78 116
78 120
78 128
78 164
78 165
78 172
78 185
78 187
78 192
78 196
78 202
78 220
78 223
78 252
78 263
78 264
78 295
78 301
78 311
78 331
78 349
79 86
79 108
79 125
79 133
79 140
79 152
79 155
79 171
79 179
79 184
79 187
79 194
79 198
79 208
79 222
79 225
79 235
79 237
79 240
79 247
79 251
79 254
79 275
79 306
79 312
79 313
79 320
80 102
80 103
80 104
80 105
80 116
80 129
80 141
80 145
80 149
80 151
80 159
80 166
80 194
80 230
80 234
80 235
80 253
80 268
80 269
80 273
80 292
80 323
80 335
80 342
80 344
80 348
81 87
81 101
81 111
81 114
81 129
81 142
81 160
81 169
81 175
81 176
81 196
81 208
81 209
81 226
81 227
81 229
81 235
81 260
81 269
81 271
81 276
81 305
81 307
81 314
81 327
81 340
81 344
81 346
82 91
82 99
82 119
82 125
82 143
82 144
82 147
82 154
82 170
82 173
82 195
82 216
82 217
82 236
82 267
82 268
82 282
82 284
82 291
82 292
82 320
82 349
83 89
83 108
83 116
83 117
83 136
83 140
83 147
83 154
83 158
83 165
83 166
83 168
83 170
83 171
83 174
83 187
83 188
83 223
83 236
83 241
83 242
83 243
83 247
83 253
83 275
83 296
83 304
83 308
83 316
83 320
83 327
83 342
83 345
84 96
84 123
84 137
84 144
84 150
84 164
84 176
84 186
84 188
84 195
84 198
84 237
84 255
84 279
84 294
84 295
84 314
84 337
85 88
85 89
85 106
85 122
85 139
85 140
85 148
85 165
85 170
85 180
85 182
85 191
85 222
85 225
85 258
85 260
85 263
85 267
85 293
85 294
85 313
85 317
85 323
85 326
85 329
85 340
85 343
86 101
86 110
86 111
86 112
86 120
86 136
86 153
86 156
86 171
86 183
86 190
86 191
86 211
86 213
86 215
86 231
86 239
86 249
86 250
86 256
86 266
86 268
86 283
86 286
86 290
86 294
86 303
86 307
86 315
86 322
86 326
86 331
86 333
86 341
87 94
87 164
87 179
87 184
87 186
87 192
87 206
87 230
87 236
87 241
87 251
87 254
87 255
87 260
87 275
87 283
87 291
87 293
87 296
87 306
87 320
87 324
87 326
87 337
87 339
88 89
88 93
88 96
88 103
88 109
88 151
88 154
88 157
88 162
88 167
88 169
88 182
88 184
88 189
88 201
88 240
88 251
88 256
88 265
88 277
88 324
88 326
88 327
88 328
88 332
88 344
89 90
89 93
89 115
89 136
89 155
89 161
89 171
89 174
89 187
89 233
89 257
89 268
89 290
89 292
89 306
89 336
89 342
89 347
90 104
90 106
90 119
90 120
90 130
90 136
90 138
90 157
90 196
90 200
90 209
90 211
90 215
90 219
90 224
90 246
90 247
90 258
90 261
90 264
90 281
90 319
90 328
90 347
90 348
91 96
91 113
91 127
91 142
91 146
91 155
91 166
91 171
91 178
91 184
91 198
91 205
91 220
91 224
91 264
91 281
91 318
91 322
91 332
91 335
92 93
92 110
92 116
92 118
92 123
92 126
92 130
92 138
92 167
92 174
92 175
92 191
92 195
92 207
92 209
92 216
92 218
92 227
92 236
92 263
92 276
92 295
92 301
92 344
93 103
93 110
93 141
93 150
93 153
93 166
93 169
93 176
93 180
93 186
93 190
93 202
93 203
93 204
93 219
93 226
93 227
93 242
93 249
93 250
93 259
93 261
93 270
93 273
93 277
93 278
93 282
93 297
93 314
93 316
93 326
93 334
93 339
93 349
94 125
94 134
94 145
94 149
94 169
94 185
94 187
94 192
94 199
94 204
94 207
94 216
94 250
94 254
94 277
94 286
94 290
94 297
94 300
94 303
94 308
94 312
94 321
94 327
94 328
94 336
94 340
95 100
95 114
95 133
95 137
95 144
95 158
95 164
95 171
95 186
95 187
95 208
95 215
95 217
95 227
95 233
95 240
95 243
95 246
95 247
95 257
95 259
95 275
95 277
95 331
95 346
96 144
96 149
96 166
96 176
96 196
96 197
96 201
96 215
96 216
96 217
96 220
96 222
96 231
96 247
96 249
96 250
96 266
96 295
96 306
96 307
97 99
97 115
97 133
97 140
97 142
97 149
97 153
97 168
97 176
97 188
97 198
97 202
97 207
97 216
97 219
97 254
97 259
97 284
97 295
97 296
97 300
97 305
97 312
97 313
97 315
97 322
97 341
97 348
98 101
98 105
98 106
98 119
98 122
98 141
98 154
98 169
98 192
98 196
98 197
98 222
98 226
98 230
98 240
98 247
98 273
98 283
98 286
98 289
98 296
98 302
98 321
99 108
99 109
99 132
99 137
99 141
99 142
99 169
99 178
99 200
99 207
99 210
99 215
99 230
99 253
99 255
99 258
99 260
99 275
99 283
99 285
99 287
99 322
99 326
99 330
100 104
100 117
100 118
100 133
100 146
100 150
100 155
100 156
100 178
100 198
100 202
100 203
100 237
100 267
100 279
100 288
100 291
100 296
100 314
100 328
100 330
100 331
100 333
100 336
100 337
101 104
101 110
101 119
101 134
101 137
101 142
101 153
101 165
101 173
101 177
101 183
101 193
101 196
101 205
101 211
101 227
101 246
101 259
101 296
101 299
101 313
101 321
101 327
101 332
101 336
101 340
101 345
102 129
102 132
102 139
102 174
102 181
102 188
102 191
102 192
102 193
102 210
102 219
102 222
102 232
102 234
102 247
102 249
102 266
102 284
102 290
102 298
102 311
102 320
102 323
102 348
102 349
103 105
103 110
103 113
103 116
103 120
103 121
103 122
103 139
103 145
103 170
103 181
103 201
103 220
103 222
103 226
103 233
103 238
103 239
103 242
103 247
103 250
103 270
103 271
103 273
103 285
103 290
103 292
103 313
103 315
103 321
103 327
104 105
104 116
104 118
104 119
104 130
104 135
104 149
104 151
104 158
104 159
104 172
104 178
104 183
104 200
104 207
104 222
104 228
104 234
104 238
104 259
104 260
104 269
104 277
104 278
104 279
104 283
104 287
104 314
104 337
104 348
105 117
105 123
105 124
105 125
105 129
105 131
105 132
105 149
105 151
105 157
105 179
105 193
105 203
105 204
105 218
105 219
105 224
105 226
105 234
105 238
105 239
105 243
105 245
105 252
105 256
105 264
105 285
105 289
105 300
105 318
105 321
105 324
105 327
105 330
105 332
106 114
106 121
106 132
106 133
106 136
106 156
106 158
106 162
106 174
106 184
106 200
106 212
106 214
106 216
106 245
106 246
106 256
106 258
106 259
106 267
106 270
106 279
106 289
106 298
106 307
106 311
106 316
106 318
106 334
106 340
107 117
107 120
107 125
107 139
107 147
107 174
107 176
107 177
107 180
107 186
107 196
107 198
107 210
107 229
107 236
107 253
107 269
107 294
107 304
107 310
107 340
108 114
108 143
108 145
108 159
108 162
108 165
108 186
108 189
108 193
108 196
108 199
108 223
108 231
108 234
108 235
108 237
108 242
108 275
108 295
108 299
108 303
108 340
108 342
109 137
109 148
109 158
109 168
109 171
109 187
109 191
109 195
109 201
109 222
109 229
109 255
109 256
109 266
109 277
109 283
109 288
109 294
109 301
109 303
110 135
110 136
110 139
110 144
110 148
110 154
110 166
110 170
110 172
110 182
110 183
110 185
110 186
110 215
110 223
110 224
110 240
110 245
110 260
110 261
110 269
110 278
110 284
110 285
110 320
110 321
110 332
110 335
110 338
110 345
111 124
111 135
111 159
111 180
111 202
111 204
111 220
111 223
111 231
111 236
111 245
111 246
111 256
111 260
111 278
111 281
111 284
111 288
111 300
111 306
111 317
111 319
111 339
111 342
111 344
112 118
112 120
112 125
112 142
112 143
112 145
112 155
112 163
112 171
112 173
112 176
112 186
112 190
112 191
112 202
112 214
112 232
112 234
112 246
112 255
112 266
112 274
112 285
112 296
112 307
112 308
112 327
112 331
112 339
113 119
113 122
113 133
113 142
113 156
113 162
113 172
113 180
113 194
113 217
113 219
113 225
113 230
113 243
113 244
113 249
113 254
113 257
113 264
113 281
113 282
113 284
113 290
113 291
113 303
113 331
113 341
114 115
114 128
114 132
114 141
114 175
114 189
114 195
114 201
114 209
114 242
114 248
114 250
114 252
114 253
114 257
114 268
114 274
114 286
114 287
114 296
114 297
114 311
114 318
114 319
114 320
114 321
114 339
114 346
115 120
115 135
115 137
115 144
115 146
115 148
115 150
115 167
115 182
115 185
115 216
115 220
115 234
115 235
115 270
115 279
115 292
115 300
115 319
115 321
115 326
115 344
116 122
116 137
116 152
116 166
116 172
116 174
116 182
116 205
116 227
116 231
116 244
116 248
116 263
116 269
116 272
116 280
116 287
116 292
116 297
116 301
116 308
117 129
117 138
117 151
117 158
117 175
117 193
117 198
117 206
117 208
117 215
117 225
117 240
117 248
117 266
117 278
117 282
117 284
117 295
117 297
117 320
117 327
117 332
117 340
117 346
118 119
118 124
118 154
118 169
118 191
118 206
118 225
118 244
118 252
118 254
118 262
118 283
118 311
118 326
118 329
118 334
118 338
118 340
118 344
119 120
119 123
119 133
119 137
119 153
119 160
119 169
119 174
119 192
119 198
119 206
119 284
119 298
119 308
119 318
119 322
119 323
119 327
119 329
119 344
120 124
120 136
120 140
120 149
120 169
120 175
120 185
120 201
120 214
120 230
120 234
120 235
120 241
120 242
120 244
120 259
120 272
120 304
120 320
120 328
121 126
121 130
121 134
121 137
121 155
121 158
121 165
121 177
121 180
121 191
121 197
121 220
121 242
121 263
121 298
121 313
121 333
121 335
122 130
122 138
122 147
122 154
122 162
122 175
122 188
122 193
122 212
122 250
122 255
122 263
122 272
122 277
122 280
122 285
122 286
122 294
122 314
122 333
122 337
122 339
123 140
123 147
123 153
123 157
123 177
123 179
123 185
123 194
123 210
123 232
123 239
123 260
123 273
123 283
123 292
123 298
123 305
123 328
123 330
123 333
123 348
124 132
124 133
124 136
124 140
124 142
124 150
124 152
124 157
124 176
124 185
124 193
124 211
124 214
124 222
124 224
124 235
124 237
124 250
124 261
124 262
124 263
124 267
124 270
124 272
124 295
124 338
125 133
125 148
125 150
125 151
125 157
125 158
125 176
125 179
125 180
125 201
125 218
125 228
125 231
125 261
125 262
125 268
125 273
125 280
125 281
125 284
125 287
125 305
125 306
125 312
125 315
125 316
125 320
125 325
125 333
125 337
125 341
126 131
126 132
126 138
126 139
126 147
126 165
126 183
126 186
126 199
126 223
126 226
126 229
126 266
126 276
126 282
126 284
126 292
126 293
126 296
126 302
126 333
126 338
127 145
127 156
127 174
127 177
127 190
127 199
127 216
127 220
127 265
127 267
127 269
127 270
127 276
127 314
127 319
127 329
127 331
128 139
128 147
128 156
128 163
128 164
128 170
128 175
128 205
128 208
128 218
128 223
128 229
128 238
128 257
128 263
128 265
128 273
128 274
128 286
128 288
128 295
128 299
128 310
128 312
128 324
128 325
128 327
128 336
128 344
128 347
128 348
129 138
129 147
129 173
129 186
129 198
129 218
129 228
129 239
129 246
129 253
129 259
129 278
129 288
129 305
129 315
129 323
129 335
129 344
129 349
130 144
130 176
130 183
130 188
130 211
130 222
130 237
130 242
130 298
130 299
130 312
130 313
131 134
131 155
131 166
131 174
131 184
131 189
131 210
131 211
131 220
131 222
131 228
131 235
131 249
131 258
131 264
131 273
131 281
131 292
131 302
131 318
131 328
131 331
131 337
132 135
132 151
132 158
132 181
132 185
132 186
132 213
132 233
132 259
132 261
132 264
132 269
132 284
132 287
132 295
132 296
132 302
132 313
132 315
132 323
132 331
132 335
132 339
132 344
132 347
133 144
133 148
133 149
133 165
133 167
133 173
133 180
133 182
133 184
133 200
133 211
133 219
133 228
133 229
133 252
133 267
133 274
133 276
133 278
133 318
133 319
133 332
133 337
133 349
134 140
134 141
134 153
134 162
134 173
134 183
134 185
134 188
134 192
134 204
134 216
134 217
134 223
134 234
134 242
134 253
134 257
134 279
134 292
134 296
134 301
134 307
134 325
134 326
134 328
135 158
135 160
135 179
135 187
135 203
135 204
135 206
135 223
135 238
135 240
135 249
135 258
135 262
135 326
135 343
136 175
136 184
136 196
136 209
136 225
136 227
136 233
136 236
136 251
136 277
136 278
136 295
136 297
136 301
136 308
136 327
136 331
136 334
136 344
136 349
137 140
137 146
137 153
137 166
137 186
137 188
137 193
137 195
137 208
137 240
137 247
137 255
137 259
137 282
137 287
137 299
137 300
137 311
137 322
138 146
138 149
138 152
138 155
138 161
138 165
138 170
138 178
138 185
138 204
138 227
138 246
138 261
138 264
138 265
138 296
138 300
138 302
138 308
138 327
139 146
139 150
139 155
139 161
139 163
139 178
139 186
139 198
139 202
139 208
139 210
139 246
139 275
139 280
139 281
139 291
139 292
139 309
139 317
139 319
139 330
139 338
140 144
140 145
140 160
140 178
140 180
140 217
140 230
140 231
140 244
140 247
140 253
140 292
140 328
141 146
141 150
141 184
141 186
141 191
141 195
141 197
141 200
141 201
141 204
141 206
141 226
141 235
141 243
141 247
141 268
141 271
141 277
141 281
141 284
141 291
141 306
141 307
141 328
141 334
141 349
142 153
142 154
142 157
142 164
142 171
142 182
142 190
142 200
142 206
142 218
142 219
142 222
142 224
142 225
142 247
142 264
142 274
142 275
142 279
142 288
142 293
142 338
142 339
142 348
143 154
143 166
143 167
143 171
143 188
143 193
143 211
143 219
143 232
143 241
143 253
143 257
143 266
143 292
143 306
143 307
143 312
143 320
143 330
143 333
143 334
143 347
144 151
144 161
144 170
144 181
144 184
144 199
144 205
144 211
144 216
144 220
144 226
144 229
144 261
144 277
144 278
144 323
144 327
144 341
144 346
144 348
145 149
145 153
145 154
145 160
145 173
145 176
145 181
145 209
145 228
145 240
145 243
145 258
145 276
145 299
145 303
145 323
145 329
145 332
146 147
146 150
146 178
146 182
146 186
146 194
146 203
146 227
146 228
146 233
146 242
146 249
146 255
146 262
146 266
146 267
146 304
146 308
146 324
146 343
146 345
147 148
147 157
147 160
147 163
147 169
147 170
147 179
147 185
147 193
147 206
147 210
147 216
147 223
147 228
147 252
147 255
147 276
147 293
147 306
147 329
147 333
147 335
147 338
148 149
148 167
148 173
148 176
148 181
148 182
148 195
148 199
148 218
148 221
148 231
148 240
148 241
148 249
148 255
148 262
148 281
148 283
148 290
148 295
148 297
148 298
148 305
148 323
148 332
148 334
148 338
149 151
149 160
149 166
149 189
149 204
149 214
149 215
149 216
149 220
149 224
149 226
149 241
149 248
149 261
149 264
149 275
149 280
149 286
149 289
149 290
149 302
149 303
149 311
149 335
149 342
150 153
150 174
150 176
150 180
150 193
150 203
150 217
150 225
150 268
150 272
150 285
150 287
150 305
150 310
150 311
150 314
150 315
150 320
150 329
150 336
150 337
150 341
151 160
151 179
151 180
151 183
151 207
151 209
151 213
151 214
151 233
151 245
151 262
151 266
151 278
151 293
151 299
151 301
151 330
151 337
151 339
152 158
152 184
152 195
152 197
152 199
152 201
152 216
152 244
152 246
152 275
152 293
152 296
152 327
152 331
152 339
153 159
153 168
153 189
153 202
153 214
153 228
153 229
153 230
153 258
153 260
153 276
153 284
153 293
153 306
153 307
153 317
153 323
153 328
153 343
154 160
154 171
154 181
154 182
154 183
154 186
154 215
154 217
154 235
154 246
154 271
154 284
154 290
154 292
154 296
154 300
154 315
154 327
154 329
154 342
154 345
155 168
155 173
155 177
155 181
155 200
155 202
155 225
155 234
155 250
155 252
155 260
155 270
155 280
155 281
155 294
155 300
155 302
155 312
155 327
155 330
155 337
155 343
156 162
156 163
156 176
156 178
156 189
156 231
156 238
156 240
156 249
156 258
156 262
156 267
156 269
156 270
156 281
156 290
156 336
156 344
157 160
157 171
157 194
157 198
157 200
157 201
157 205
157 209
157 216
157 227
157 229
157 235
157 248
157 260
157 273
157 278
157 281
157 285
157 312
157 328
157 343
158 159
158 163
158 173
158 200
158 208
158 211
158 251
158 253
158 269
158 296
158 302
158 309
159 163
159 165
159 182
159 189
159 192
159 197
159 207
159 213
159 217
159 226
159 243
159 244
159 252
159 263
159 276
159 277
159 292
159 294
159 300
159 318
159 320
159 335
159 341
159 345
160 173
160 196
160 198
160 199
160 219
160 223
160 227
160 242
160 249
160 254
160 256
160 269
160 291
160 292
160 297
160 300
160 301
160 306
160 314
160 341
160 349
161 170
161 177
161 186
161 188
161 210
161 247
161 271
161 274
161 279
161 283
161 294
161 304
161 323
161 326
161 339
162 185
162 188
162 191
162 192
162 193
162 195
162 204
162 207
162 216
162 227
162 231
162 260
162 261
162 267
162 271
162 277
162 278
162 295
162 333
162 342
163 165
163 188
163 191
163 198
163 205
163 219
163 227
163 229
163 234
163 235
163 246
163 248
163 259
163 279
163 298
163 309
163 310
163 346
163 348
164 166
164 170
164 207
164 220
164 242
164 252
164 253
164 275
164 284
164 286
164 288
164 292
164 305
164 313
164 316
164 328
164 337
164 344
164 346
165 172
165 173
165 183
165 187
165 192
165 193
165 200
165 202
165 207
165 215
165 226
165 246
165 255
165 258
165 269
165 279
165 285
165 321
165 328
166 177
166 200
166 202
166 241
166 247
166 271
166 276
166 289
166 290
166 298
166 310
166 324
166 334
167 186
167 187
167 198
167 199
167 214
167 226
167 227
167 229
167 231
167 252
167 256
167 258
167 265
167 266
167 273
167 287
167 303
167 306
167 321
167 325
167 336
167 347
168 174
168 178
168 187
168 193
168 214
168 236
168 240
168 250
168 255
168 273
168 284
168 291
168 296
169 173
169 210
169 211
169 223
169 234
169 245
169 265
169 274
169 282
169 288
169 291
169 303
169 306
169 315
169 316
169 322
169 339
169 342
169 348
169 349
170 193
170 201
170 211
170 218
170 230
170 254
170 278
170 281
170 283
170 296
170 297
170 305
170 306
170 309
170 337
171 175
171 177
171 182
171 193
171 204
171 220
171 225
171 232
171 250
171 259
171 263
171 280
171 282
171 312
171 322
171 329
171 333
172 192
172 195
172 196
172 199
172 203
172 214
172 224
172 253
172 255
172 273
172 277
172 301
172 313
172 328
172 329
172 332
172 334
172 340
172 349
173 187
173 199
173 207
173 209
173 226
173 240
173 257
173 293
173 302
173 349
174 178
174 182
174 190
174 192
174 195
174 208
174 209
174 219
174 227
174 228
174 231
174 237
174 246
174 247
174 259
174 268
174 270
174 274
174 285
174 303
174 322
174 323
175 206
175 216
175 227
175 230
175 238
175 270
175 272
175 281
175 324
175 331
175 344
175 347
176 189
176 192
176 196
176 205
176 229
176 230
176 241
176 244
176 253
176 257
176 265
176 273
176 274
176 276
176 279
176 292
176 294
176 298
176 299
176 311
176 345
177 198
177 204
177 207
177 216
177 219
177 232
177 238
177 264
177 281
177 285
177 286
177 303
177 309
177 312
177 337
177 342
177 345
178 205
178 242
178 244
178 261
178 269
178 276
178 294
178 296
178 322
178 323
178 336
179 190
179 192
179 198
179 208
179 231
179 235
179 237
179 272
179 279
179 280
179 285
179 291
179 292
179 300
179 322
179 325
179 328
179 330
179 337
179 338
179 340
180 193
180 200
180 224
180 250
180 251
180 254
180 286
180 293
180 315
180 329
180 334
181 196
181 213
181 214
181 217
181 226
181 243
181 251
181 258
181 265
181 275
181 293
181 308
181 318
181 320
181 330
181 332
182 184
182 185
182 197
182 200
182 202
182 211
182 219
182 234
182 240
182 259
182 282
182 291
182 296
182 301
182 304
182 307
182 312
182 317
182 346
183 188
183 198
183 217
183 221
183 226
183 251
183 255
183 261
183 273
183 274
183 306
183 310
183 313
183 315
183 321
183 332
184 191
184 198
184 211
184 220
184 228
184 234
184 241
184 246
184 275
184 278
184 282
184 287
184 288
184 296
184 299
184 300
184 307
184 309
184 311
184 313
184 314
184 316
184 320
184 322
184 324
184 331
184 337
184 339
185 192
185 197
185 222
185 237
185 264
185 266
185 270
185 289
185 297
185 304
185 311
185 314
185 315
185 320
185 338
186 189
186 193
186 198
186 199
186 202
186 213
186 215
186 224
186 233
186 238
186 244
186 248
186 258
186 273
186 276
186 316
186 323
186 325
186 343
187 189
187 195
187 196
187 206
187 214
187 222
187 229
187 236
187 259
187 262
187 263
187 270
187 279
187 301
187 318
187 339
187 342
187 346
188 193
188 196
188 208
188 211
188 220
188 240
188 248
188 249
188 253
188 284
188 288
188 293
188 297
188 304
188 328
188 332
188 349
189 209
189 211
189 218
189 233
189 239
189 250
189 260
189 261
189 284
189 289
189 292
189 316
189 336
189 338
190 199
190 205
190 226
190 228
190 245
190 253
190 256
190 266
190 272
190 280
190 288
190 309
190 317
190 319
190 329
190 349
191 200
191 221
191 229
191 236
191 238
191 239
191 243
191 246
191 253
191 271
191 275
191 283
191 300
191 304
191 306
191 315
191 331
191 337
191 341
192 195
192 207
192 209
192 217
192 238
192 306
192 331
192 341
192 343
193 205
193 217
193 220
193 227
193 235
193 240
193 261
193 272
193 284
193 289
193 301
193 302
193 318
193 325
193 332
193 337
194 198
194 203
194 210
194 224
194 232
194 236
194 241
194 247
194 250
194 253
194 254
194 255
194 273
194 301
194 303
194 338
195 208
195 209
195 217
195 224
195 225
195 228
195 237
195 259
195 272
195 290
195 293
195 299
195 315
195 327
195 333
195 336
195 345
195 348
196 215
196 220
196 223
196 227
196 229
196 230
196 244
196 251
196 272
196 283
196 308
196 310
196 332
196 334
196 340
197 228
197 237
197 244
197 256
197 268
197 279
197 303
197 317
197 331
197 334
197 337
197 342
197 344
197 348
198 202
198 210
198 221
198 249
198 252
198 261
198 272
198 273
198 279
198 294
198 313
199 209
199 211
199 215
199 233
199 249
199 251
199 252
199 275
199 298
199 300
199 302
199 307
199 312
199 340
200 208
200 223
200 250
200 272
200 283
200 288
200 289
200 298
200 300
200 324
200 329
200 341
201 207
201 221
201 222
201 232
201 234
201 249
201 251
201 270
201 280
201 287
201 289
201 301
201 315
201 318
201 325
201 336
201 342
202 210
202 229
202 232
202 238
202 239
202 257
202 258
202 263
202 270
202 275
202 276
202 277
202 292
202 305
202 309
202 323
202 336
203 215
203 218
203 228
203 230
203 243
203 244
203 253
203 258
203 263
203 288
203 296
203 303
203 310
203 321
203 326
203 327
203 342
204 220
204 223
204 230
204 241
204 242
204 254
204 277
204 279
204 310
204 313
204 322
204 345
205 210
205 221
205 226
205 233
205 238
205 239
205 243
205 247
205 255
205 259
205 272
205 287
205 313
205 337
206 243
206 249
206 269
206 277
206 282
206 283
206 303
206 314
206 343
206 345
207 218
207 220
207 228
207 252
207 284
207 290
207 293
207 299
207 318
207 323
207 331
207 349
208 229
208 232
208 233
208 236
208 244
208 245
208 252
208 258
208 267
208 276
208 282
208 283
208 297
208 306
208 312
208 320
208 343
208 346
208 349
209 241
209 242
209 261
209 263
209 272
209 277
209 280
209 282
209 287
209 288
209 298
209 312
209 322
209 325
209 328
209 341
210 228
210 231
210 252
210 260
210 283
210 299
210 300
210 312
210 319
210 324
210 326
210 327
210 341
211 222
211 224
211 227
211 240
211 241
211 267
211 280
211 300
211 304
211 315
211 316
211 323
211 329
212 229
212 236
212 238
212 247
212 263
212 274
212 275
212 278
212 280
212 282
212 292
212 296
212 300
212 305
212 321
212 340
212 341
212 343
213 215
213 228
213 232
213 249
213 256
213 265
213 274
213 287
213 317
213 320
213 322
213 345
213 349
214 223
214 230
214 234
214 239
214 261
214 265
214 267
214 268
214 293
214 295
214 302
214 304
214 320
214 325
214 329
214 340
214 343
215 221
215 228
215 232
215 233
215 257
215 290
215 307
215 322
215 339
216 218
216 219
216 242
216 243
216 251
216 255
216 260
216 262
216 267
216 269
216 285
216 291
216 298
216 311
216 323
216 325
217 224
217 235
217 243
217 251
217 261
217 262
217 264
217 279
217 303
217 305
217 306
217 307
217 314
217 324
217 328
217 331
217 337
217 348
218 219
218 220
218 228
218 237
218 244
218 254
218 258
218 261
218 262
218 268
218 292
218 297
218 317
218 320
218 321
218 341
219 238
219 241
219 249
219 250
219 258
219 270
219 274
219 277
219 279
219 294
219 301
219 313
219 314
219 321
219 323
219 324
219 332
219 336
219 340
220 222
220 224
220 229
220 253
220 256
220 273
220 279
220 298
220 322
220 348
221 232
221 239
221 242
221 244
221 258
221 268
221 276
221 284
221 286
221 287
221 299
221 300
221 317
221 321
221 334
221 346
221 349
222 238
222 246
222 248
222 253
222 269
222 270
222 277
222 282
222 283
222 316
222 325
222 342
223 243
223 253
223 290
223 292
223 295
223 299
223 300
223 307
223 339
224 259
224 261
224 267
224 329
224 338
225 231
225 233
225 250
225 256
225 261
225 267
225 275
225 332
225 337
225 340
225 348
226 237
226 241
226 258
226 270
226 280
226 283
226 284
226 294
226 300
226 307
226 330
226 333
226 334
227 228
227 237
227 240
227 255
227 257
227 274
227 292
227 299
227 308
227 321
227 326
227 337
228 232
228 260
228 262
228 264
228 281
228 286
228 299
228 316
228 328
228 329
228 337
228 340
228 343
228 349
229 243
229 285
229 306
229 320
229 331
229 335
229 339
229 349
230 233
230 236
230 264
230 281
230 284
230 292
230 313
230 314
230 324
230 335
231 259
231 264
231 268
231 269
231 270
231 273
231 275
231 276
231 279
231 284
231 291
231 293
231 304
231 312
231 319
231 332
231 347
232 244
232 247
232 279
232 282
232 286
232 330
232 335
232 338
232 348
233 241
233 243
233 246
233 264
233 268
233 273
233 294
233 313
233 338
233 339
233 341
233 346
234 235
234 241
234 248
234 257
234 270
234 277
234 310
234 321
234 324
234 339
234 343
235 241
235 253
235 258
235 259
235 281
235 284
235 316
235 327
235 334
235 335
235 337
235 342
236 245
236 262
236 269
236 298
236 306
236 315
236 334
236 339
236 348
237 241
237 260
237 265
237 277
237 309
237 321
237 322
237 324
238 244
238 253
238 262
238 303
238 312
238 316
238 331
238 332
238 338
238 345
239 247
239 260
239 288
239 309
239 311
239 322
239 329
239 343
240 243
240 252
240 253
240 255
240 259
240 265
240 266
240 269
240 279
240 284
240 297
240 299
240 311
240 312
240 313
240 316
240 328
241 250
241 254
241 256
241 258
241 267
241 272
241 276
241 279
241 302
241 303
241 308
241 321
241 322
241 335
242 245
242 255
242 257
242 263
242 286
242 288
242 314
242 317
242 318
242 324
243 244
243 247
243 259
243 264
243 277
243 289
243 291
243 296
243 306
243 313
243 328
243 336
243 342
244 248
244 254
244 258
244 263
244 280
244 287
244 307
244 326
244 332
244 337
244 348
245 263
245 268
245 282
245 299
245 309
245 310
245 320
245 337
245 349
246 247
246 260
246 266
246 267
246 272
246 273
246 274
246 275
246 287
246 305
246 315
246 316
246 318
246 344
247 250
247 267
247 276
247 278
247 279
247 312
247 315
247 338
247 341
247 342
248 269
248 273
248 325
248 326
248 328
248 340
248 343
248 349
249 257
249 262
249 277
249 291
249 296
249 302
249 318
249 328
249 341
250 253
250 283
250 311
250 317
250 320
250 331
250 344
250 349
251 255
251 264
251 280
251 290
251 303
251 308
251 311
251 316
251 331
251 332
251 345
251 349
252 253
252 262
252 264
252 266
252 268
252 269
252 285
252 298
252 302
252 310
252 311
252 315
252 323
252 338
252 340
252 345
253 258
253 261
253 270
253 292
253 299
253 323
253 340
254 264
254 272
254 275
254 281
254 304
254 318
254 324
254 338
254 339
255 274
255 284
255 315
255 328
255 343
256 262
256 280
256 292
256 293
256 310
256 312
256 314
256 322
256 323
256 346
257 286
257 296
257 301
257 312
257 321
257 324
257 332
257 335
258 269
258 281
258 288
258 302
258 312
258 337
258 338
258 343
259 264
259 274
259 277
259 289
259 306
259 329
259 336
259 348
260 272
260 277
260 284
260 286
260 293
260 297
260 326
260 330
260 346
260 347
261 264
261 268
261 273
261 275
261 282
261 283
261 287
261 291
261 294
261 297
261 305
261 307
261 323
261 336
262 286
262 288
262 298
262 319
262 345
263 267
263 272
263 276
263 290
263 291
263 293
263 308
263 317
263 324
263 330
263 344
264 266
264 268
264 277
264 299
264 302
264 309
264 318
264 321
264 325
264 330
264 345
265 271
265 274
265 292
265 299
265 321
265 325
265 329
265 334
265 338
266 268
266 271
266 272
266 290
266 302
266 325
266 331
266 337
266 348
267 270
267 271
267 293
267 301
267 346
267 349
268 269
268 273
268 295
268 315
268 326
268 336
269 274
269 287
269 293
269 304
269 323
269 330
269 348
270 290
270 297
270 307
270 312
270 313
270 342
270 344
270 345
271 272
271 279
271 318
271 326
271 339
272 279
272 284
272 300
272 313
272 327
272 337
272 346
273 279
273 288
273 313
273 314
273 316
273 339
273 341
274 277
274 284
274 296
274 305
274 312
274 315
274 343
275 276
275 283
275 288
275 294
275 300
275 301
275 304
275 308
275 322
275 328
275 333
275 340
275 342
276 278
276 282
276 291
276 294
276 296
276 317
276 322
276 327
276 334
276 338
276 347
277 283
277 287
277 294
277 303
277 313
277 321
277 328
277 336
277 342
278 285
278 298
278 304
278 306
278 326
278 347
279 298
279 304
279 311
279 314
279 319
279 326
279 329
279 330
280 290
280 297
280 327
281 284
281 300
281 314
281 333
281 345
282 291
282 303
282 331
282 337
282 348
283 288
283 313
283 337
283 344
284 295
284 301
284 318
284 342
284 346
285 289
285 308
285 337
285 341
286 289
286 306
286 314
286 320
286 324
286 327
286 341
286 344
286 347
287 290
287 291
287 309
287 310
287 324
287 331
287 343
287 349
288 294
288 296
288 315
288 329
288 331
289 290
289 311
289 314
289 315
289 317
289 327
289 331
289 346
290 303
290 305
290 319
290 323
290 338
290 343
290 349
291 316
291 340
292 324
292 332
292 345
293 294
293 314
293 322
293 334
294 320
294 333
294 337
294 349
295 305
295 333
295 347
296 319
296 332
296 345
297 300
297 324
297 348
298 302
298 314
298 317
298 331
298 341
299 339
299 345
299 346
299 349
300 317
300 320
300 329
300 332
300 349
301 304
301 314
301 324
301 331
301 343
302 307
302 312
302 315
302 337
302 342
302 343
303 307
303 310
303 313
303 319
303 325
303 327
303 342
304 326
305 326
305 343
306 324
306 342
306 343
307 311
307 313
307 326
308 317
308 335
309 316
309 326
309 332
309 348
310 318
310 328
310 344
310 346
311 318
311 326
311 334
311 339
311 343
311 344
311 349
312 318
312 323
312 327
312 336
312 339
313 330
313 342
314 321
314 332
314 347
315 326
315 333
316 323
316 324
316 331
316 339
316 340
316 346
317 322
317 323
317 344
318 322
318 335
318 345
320 324
320 327
320 328
320 329
320 335
320 336
321 338
321 347
323 324
323 327
323 337
323 343
324 330
324 334
324 339
325 330
326 332
326 342
326 345
326 346
327 328
327 343
328 334
328 346
329 345
330 344
330 345
331 345
331 347
333 342
333 347
333 348
335 343
336 340
336 343
338 341
338 342
339 346
340 341
341 345
343 349
345 347
347 348
345 30 297 220 88 321 142 148 136 38 22 127 340 155 217 341 274 252 344 210 122 94 105 63 332 73 174 50 265 0 27 120 39 255 236 333 160 20 253 282 335 284 313 295 324 99 158 25 48 5 137 259 134 278 260 254 98 300 109 80 131 214 285 113 346 92 173 135 218 107 175 222 112 15 166 262 83 286 273 319 28 9 258 147 125 296 342
89 165 54 301 240 224 192 237 326 108 13 205 56 272 182 329 225 21 72 211 216 176 57 347 303 241 279 215 343 3 287 323 119 212 43 35 42 18 14 154 325 317 145 55 256 294 163 52 231 246 41 196 307 143 132 36 51 204 271 117 32 311 24 66 138 8 87 128 40 2 199 261 193 348 201 316 238 202 250 116 45 7 209 177 185 195 90
121 292 130 111 46 227 64 318 275 183 181 103 298 219 247 96 11 16 327 322 170 101 140 208 164 187 228 172 207 49 280 337 70 151 305 239 19 190 60 302 106 82 251 339 91 213 68 277 97 206 62 349 31 115 264 269 283 179 149 334 338 29 156 234 232 226 290 100 289 79 104 171 178 81 93 159 186 34 291 95 110 153 44 26 331 197 315
221 194 267 198 58 249 223 144 233 67 310 189 266 53 320 243 248 230 59 309 169 1 17 244 191 141 69 242 123 146 118 235 74 203 65 152 299 133 314 76 161 129 229 33 308 139 10 162 126 268 276 77 245 4 257 330 47 270 288 75 168 281 312 78 23 102 71 306 6 188 336 61 12 293 180 86 328 167 85 184 114 150 157 124 200 84 263
37 304
