180
8089
7
89.85
29.76
38.7
73.19
29.22
97.1
16.28
0 2
0 3
0 4
0 5
0 6
0 7
0 8
0 9
0 10
0 15
0 16
0 17
0 26
0 27
0 28
0 32
0 33
0 35
0 37
0 39
0 40
0 41
0 45
0 46
0 47
0 49
0 51
0 53
0 55
0 56
0 57
0 58
0 60
0 62
0 63
0 64
0 67
0 69
0 70
0 71
0 72
0 73
0 75
0 77
0 78
0 79
0 80
0 85
0 86
0 87
0 88
0 90
0 94
0 95
0 96
0 97
0 98
0 100
0 101
0 103
0 105
0 107
0 111
0 113
0 115
0 116
0 118
0 119
0 124
0 126
0 127
0 128
0 131
0 134
0 135
0 137
0 139
0 140
0 142
0 144
0 146
0 152
0 154
0 155
0 156
0 158
0 159
0 162
0 165
0 166
0 168
0 169
0 170
0 172
0 173
0 174
0 176
0 177
0 178
0 179
1 3
1 5
1 7
1 8
1 10
1 11
1 14
1 15
1 16
1 17
1 18
1 20
1 21
1 22
1 23
1 25
1 27
1 28
1 33
1 34
1 35
1 39
1 40
1 43
1 44
1 45
1 46
1 49
1 50
1 51
1 52
1 56
1 57
1 58
1 59
1 60
1 63
1 65
1 67
1 69
1 74
1 75
1 77
1 78
1 85
1 87
1 90
1 93
1 94
1 98
1 100
1 103
1 105
1 106
1 110
1 111
1 115
1 116
1 117
1 118
1 121
1 123
1 124
1 125
1 126
1 127
1 131
1 132
1 136
1 137
1 138
1 139
1 140
1 144
1 145
1 146
1 147
1 149
1 150
1 151
1 152
1 154
1 155
1 157
1 162
1 163
1 165
1 166
1 169
1 174
1 177
1 178
1 179
2 3
2 4
2 6
2 7
2 9
2 11
2 12
2 14
2 20
2 21
2 22
2 26
2 27
2 28
2 29
2 32
2 34
2 36
2 37
2 39
2 44
2 45
2 47
2 48
2 49
2 50
2 52
2 53
2 55
2 56
2 59
2 61
2 65
2 67
2 72
2 73
2 76
2 77
2 79
2 82
2 83
2 85
2 88
2 90
2 91
2 93
2 97
2 102
2 106
2 107
2 108
2 109
2 112
2 116
2 119
2 121
2 122
2 123
2 126
2 127
2 131
2 133
2 136
2 138
2 139
2 141
2 144
2 153
2 154
2 155
2 156
2 158
2 159
2 160
2 170
2 171
2 172
2 176
2 177
3 4
3 8
3 10
3 13
3 15
3 17
3 18
3 20
3 22
3 25
3 28
3 30
3 31
3 32
3 34
3 35
3 36
3 38
3 39
3 42
3 43
3 48
3 50
3 52
3 53
3 54
3 55
3 56
3 58
3 59
3 60
3 62
3 63
3 64
3 66
3 67
3 68
3 70
3 72
3 78
3 82
3 83
3 85
3 87
3 89
3 93
3 95
3 99
3 100
3 103
3 104
3 107
3 111
3 112
3 114
3 115
3 122
3 124
3 125
3 126
3 132
3 133
3 135
3 136
3 138
3 139
3 140
3 141
3 146
3 147
3 148
3 149
3 151
3 155
3 158
3 159
3 162
3 163
3 165
3 166
3 167
3 171
3 172
3 174
3 175
3 177
3 178
3 179
4 5
4 6
4 7
4 9
4 12
4 13
4 14
4 15
4 19
4 21
4 22
4 23
4 24
4 25
4 28
4 30
4 37
4 38
4 40
4 42
4 43
4 44
4 45
4 46
4 47
4 48
4 49
4 50
4 55
4 56
4 57
4 58
4 60
4 61
4 64
4 65
4 67
4 70
4 71
4 75
4 76
4 77
4 78
4 80
4 81
4 83
4 84
4 89
4 94
4 98
4 101
4 102
4 105
4 107
4 109
4 110
4 114
4 115
4 117
4 118
4 119
4 120
4 121
4 123
4 124
4 125
4 126
4 127
4 128
4 132
4 134
4 135
4 136
4 140
4 144
4 145
4 148
4 152
4 153
4 154
4 155
4 156
4 166
4 168
4 169
4 170
4 171
4 172
5 6
5 7
5 8
5 10
5 14
5 17
5 19
5 20
5 21
5 22
5 23
5 24
5 25
5 26
5 29
5 30
5 31
5 32
5 38
5 39
5 41
5 43
5 45
5 46
5 49
5 53
5 54
5 55
5 59
5 61
5 63
5 65
5 67
5 70
5 72
5 76
5 77
5 78
5 79
5 83
5 84
5 86
5 87
5 89
5 91
5 92
5 94
5 95
5 97
5 98
5 101
5 104
5 106
5 107
5 109
5 110
5 111
5 112
5 114
5 116
5 117
5 121
5 127
5 129
5 130
5 131
5 134
5 135
5 136
5 139
5 140
5 141
5 144
5 145
5 146
5 148
5 150
5 151
5 154
5 157
5 159
5 161
5 162
5 163
5 164
5 168
5 170
5 172
5 174
5 177
6 10
6 12
6 16
6 19
6 20
6 22
6 23
6 26
6 27
6 28
6 29
6 32
6 35
6 36
6 37
6 38
6 44
6 45
6 46
6 48
6 49
6 52
6 53
6 54
6 59
6 64
6 68
6 69
6 70
6 75
6 76
6 79
6 81
6 84
6 86
6 87
6 88
6 89
6 90
6 92
6 93
6 97
6 98
6 99
6 100
6 102
6 106
6 107
6 109
6 111
6 112
6 115
6 120
6 121
6 123
6 125
6 128
6 130
6 133
6 137
6 140
6 142
6 143
6 146
6 147
6 150
6 152
6 154
6 155
6 157
6 158
6 160
6 162
6 163
6 164
6 165
6 166
6 167
6 168
6 169
6 170
6 171
6 175
6 176
6 179
7 8
7 9
7 10
7 12
7 14
7 18
7 21
7 27
7 30
7 31
7 32
7 34
7 35
7 39
7 41
7 45
7 47
7 48
7 50
7 51
7 52
7 53
7 55
7 58
7 61
7 62
7 65
7 66
7 68
7 72
7 73
7 74
7 75
7 76
7 78
7 82
7 86
7 87
7 89
7 90
7 91
7 92
7 94
7 95
7 96
7 97
7 100
7 101
7 103
7 105
7 106
7 107
7 109
7 110
7 115
7 117
7 118
7 123
7 124
7 129
7 130
7 132
7 133
7 135
7 139
7 140
7 141
7 142
7 143
7 144
7 146
7 147
7 151
7 152
7 153
7 154
7 155
7 156
7 157
7 159
7 164
7 166
7 167
7 168
7 170
7 171
7 172
7 175
7 176
7 179
8 9
8 11
8 12
8 19
8 20
8 22
8 26
8 27
8 31
8 32
8 33
8 34
8 35
8 37
8 39
8 43
8 47
8 48
8 49
8 52
8 54
8 60
8 61
8 62
8 63
8 64
8 66
8 67
8 71
8 73
8 74
8 75
8 76
8 81
8 82
8 83
8 86
8 87
8 90
8 92
8 93
8 94
8 96
8 97
8 98
8 100
8 103
8 105
8 108
8 110
8 113
8 115
8 119
8 120
8 130
8 131
8 132
8 133
8 136
8 138
8 139
8 141
8 142
8 144
8 145
8 146
8 148
8 149
8 152
8 155
8 156
8 157
8 163
8 164
8 166
8 168
8 172
8 175
8 176
8 177
9 10
9 12
9 15
9 19
9 24
9 27
9 28
9 29
9 32
9 33
9 34
9 35
9 38
9 42
9 43
9 45
9 49
9 50
9 52
9 53
9 54
9 60
9 62
9 63
9 66
9 70
9 72
9 73
9 74
9 75
9 77
9 79
9 81
9 83
9 84
9 86
9 90
9 91
9 95
9 97
9 99
9 100
9 101
9 102
9 104
9 105
9 106
9 107
9 109
9 112
9 114
9 118
9 120
9 126
9 127
9 128
9 131
9 133
9 138
9 140
9 141
9 144
9 146
9 148
9 150
9 151
9 152
9 156
9 159
9 160
9 161
9 162
9 163
9 164
9 165
9 168
9 170
9 174
9 175
9 176
9 179
10 11
10 13
10 16
10 17
10 18
10 20
10 21
10 22
10 23
10 26
10 28
10 29
10 30
10 35
10 37
10 39
10 40
10 41
10 42
10 43
10 44
10 46
10 47
10 49
10 54
10 55
10 56
10 58
10 59
10 62
10 64
10 67
10 68
10 70
10 73
10 74
10 77
10 79
10 81
10 84
10 85
10 87
10 88
10 89
10 92
10 94
10 99
10 100
10 102
10 103
10 108
10 112
10 113
10 114
10 115
10 116
10 117
10 118
10 122
10 123
10 124
10 125
10 127
10 128
10 130
10 131
10 132
10 133
10 136
10 137
10 139
10 140
10 144
10 146
10 147
10 148
10 150
10 152
10 153
10 154
10 160
10 162
10 163
10 164
10 165
10 168
10 169
10 174
10 176
10 179
11 12
11 16
11 18
11 20
11 21
11 22
11 23
11 27
11 28
11 32
11 34
11 35
11 36
11 40
11 44
11 45
11 47
11 50
11 54
11 56
11 58
11 60
11 61
11 62
11 64
11 65
11 70
11 71
11 72
11 73
11 76
11 77
11 79
11 82
11 83
11 84
11 86
11 88
11 92
11 94
11 99
11 100
11 104
11 106
11 109
11 111
11 112
11 113
11 116
11 118
11 120
11 121
11 122
11 123
11 124
11 125
11 128
11 130
11 131
11 134
11 135
11 138
11 139
11 140
11 143
11 144
11 145
11 147
11 149
11 151
11 153
11 154
11 155
11 156
11 157
11 160
11 163
11 166
11 167
11 168
11 169
11 170
11 172
11 176
12 13
12 14
12 15
12 17
12 18
12 23
12 24
12 28
12 29
12 30
12 34
12 36
12 39
12 41
12 42
12 43
12 44
12 46
12 49
12 50
12 54
12 55
12 57
12 58
12 59
12 60
12 61
12 65
12 67
12 70
12 71
12 74
12 76
12 77
12 78
12 79
12 80
12 83
12 88
12 92
12 96
12 100
12 102
12 104
12 105
12 106
12 107
12 111
12 112
12 113
12 115
12 116
12 118
12 120
12 122
12 126
12 127
12 128
12 129
12 130
12 131
12 132
12 133
12 135
12 136
12 137
12 138
12 141
12 142
12 145
12 146
12 147
12 150
12 151
12 152
12 155
12 156
12 158
12 159
12 160
12 162
12 163
12 164
12 165
12 166
12 168
12 169
12 170
12 173
12 176
12 178
12 179
13 16
13 17
13 18
13 20
13 21
13 25
13 28
13 30
13 33
13 34
13 37
13 40
13 43
13 45
13 46
13 48
13 53
13 54
13 55
13 61
13 64
13 65
13 66
13 68
13 69
13 70
13 72
13 75
13 76
13 77
13 79
13 81
13 84
13 87
13 90
13 91
13 92
13 97
13 100
13 102
13 103
13 104
13 108
13 109
13 110
13 114
13 117
13 118
13 122
13 123
13 124
13 126
13 128
13 130
13 133
13 139
13 141
13 143
13 147
13 152
13 155
13 163
13 168
13 171
13 172
13 174
13 175
13 177
13 178
13 179
14 15
14 16
14 17
14 19
14 20
14 22
14 23
14 25
14 27
14 29
14 30
14 31
14 32
14 36
14 37
14 38
14 39
14 43
14 44
14 46
14 48
14 49
14 53
14 54
14 55
14 58
14 60
14 61
14 62
14 67
14 69
14 70
14 72
14 73
14 74
14 76
14 77
14 78
14 83
14 84
14 85
14 87
14 89
14 90
14 93
14 97
14 99
14 105
14 106
14 107
14 108
14 110
14 111
14 113
14 114
14 115
14 116
14 118
14 121
14 122
14 123
14 125
14 126
14 127
14 129
14 130
14 131
14 132
14 133
14 135
14 137
14 138
14 139
14 140
14 142
14 143
14 146
14 148
14 150
14 152
14 154
14 155
14 156
14 157
14 158
14 160
14 161
14 165
14 168
14 171
14 176
15 16
15 17
15 21
15 22
15 23
15 25
15 28
15 32
15 33
15 34
15 37
15 38
15 39
15 41
15 43
15 45
15 48
15 49
15 50
15 51
15 52
15 54
15 55
15 58
15 59
15 61
15 62
15 63
15 64
15 66
15 69
15 71
15 76
15 79
15 80
15 85
15 86
15 87
15 89
15 90
15 98
15 99
15 101
15 102
15 103
15 105
15 108
15 110
15 111
15 112
15 121
15 122
15 125
15 128
15 129
15 130
15 131
15 132
15 134
15 135
15 137
15 138
15 141
15 142
15 143
15 148
15 151
15 152
15 153
15 158
15 159
15 160
15 164
15 165
15 166
15 167
15 168
15 169
15 173
15 175
15 176
15 179
16 17
16 18
16 22
16 28
16 30
16 32
16 33
16 37
16 38
16 39
16 40
16 41
16 42
16 47
16 48
16 50
16 52
16 58
16 59
16 60
16 61
16 63
16 64
16 65
16 69
16 70
16 74
16 77
16 78
16 79
16 81
16 85
16 89
16 92
16 94
16 95
16 96
16 97
16 101
16 105
16 106
16 108
16 109
16 110
16 113
16 114
16 115
16 118
16 121
16 123
16 125
16 128
16 132
16 133
16 136
16 137
16 141
16 142
16 143
16 144
16 146
16 148
16 149
16 150
16 155
16 158
16 159
16 161
16 162
16 164
16 167
16 172
16 173
16 177
16 178
17 18
17 19
17 21
17 25
17 26
17 29
17 30
17 32
17 34
17 35
17 41
17 43
17 44
17 45
17 47
17 48
17 49
17 51
17 53
17 55
17 59
17 62
17 65
17 66
17 69
17 70
17 71
17 72
17 73
17 77
17 78
17 83
17 84
17 87
17 88
17 89
17 91
17 92
17 93
17 94
17 96
17 99
17 100
17 101
17 103
17 104
17 105
17 107
17 111
17 112
17 114
17 115
17 118
17 119
17 120
17 121
17 124
17 126
17 127
17 130
17 132
17 135
17 137
17 138
17 141
17 142
17 144
17 145
17 147
17 151
17 153
17 154
17 155
17 156
17 158
17 159
17 160
17 161
17 162
17 163
17 166
17 169
17 170
17 173
17 175
17 178
18 19
18 20
18 22
18 29
18 30
18 33
18 36
18 37
18 38
18 39
18 40
18 41
18 45
18 47
18 49
18 51
18 52
18 55
18 56
18 58
18 59
18 68
18 71
18 74
18 75
18 77
18 79
18 81
18 83
18 84
18 85
18 88
18 89
18 91
18 92
18 93
18 95
18 99
18 101
18 103
18 104
18 105
18 106
18 107
18 108
18 109
18 110
18 112
18 114
18 117
18 120
18 121
18 122
18 123
18 124
18 127
18 131
18 134
18 135
18 136
18 139
18 140
18 141
18 143
18 145
18 146
18 147
18 149
18 150
18 152
18 154
18 155
18 156
18 157
18 159
18 165
18 167
18 168
18 170
18 171
18 172
18 173
18 174
18 175
18 176
18 178
19 20
19 21
19 24
19 26
19 27
19 29
19 30
19 31
19 32
19 33
19 34
19 35
19 41
19 42
19 43
19 44
19 45
19 47
19 48
19 51
19 52
19 56
19 57
19 58
19 61
19 64
19 65
19 66
19 71
19 74
19 76
19 78
19 80
19 81
19 84
19 85
19 87
19 90
19 92
19 95
19 96
19 98
19 99
19 100
19 103
19 105
19 108
19 109
19 111
19 113
19 116
19 118
19 119
19 120
19 123
19 124
19 125
19 127
19 128
19 130
19 134
19 135
19 136
19 137
19 138
19 141
19 142
19 143
19 144
19 147
19 148
19 149
19 151
19 155
19 158
19 159
19 162
19 163
19 164
19 165
19 167
19 168
19 169
19 174
19 176
19 177
19 178
20 21
20 22
20 23
20 26
20 27
20 28
20 29
20 32
20 33
20 34
20 35
20 38
20 39
20 40
20 41
20 42
20 43
20 46
20 48
20 49
20 52
20 54
20 57
20 58
20 60
20 64
20 66
20 67
20 69
20 72
20 74
20 79
20 81
20 82
20 83
20 87
20 90
20 92
20 93
20 94
20 95
20 96
20 97
20 98
20 99
20 100
20 101
20 102
20 103
20 104
20 109
20 110
20 112
20 113
20 114
20 118
20 119
20 120
20 124
20 125
20 126
20 127
20 128
20 129
20 130
20 132
20 134
20 135
20 136
20 137
20 138
20 139
20 140
20 141
20 143
20 144
20 146
20 147
20 150
20 151
20 153
20 154
20 156
20 157
20 161
20 162
20 167
20 171
20 177
20 178
21 23
21 24
21 26
21 27
21 28
21 34
21 37
21 38
21 40
21 41
21 43
21 44
21 45
21 46
21 58
21 59
21 63
21 64
21 67
21 69
21 70
21 72
21 77
21 78
21 79
21 85
21 86
21 89
21 90
21 94
21 95
21 99
21 100
21 101
21 102
21 103
21 110
21 114
21 116
21 117
21 121
21 124
21 126
21 131
21 132
21 133
21 135
21 136
21 138
21 139
21 142
21 144
21 145
21 147
21 148
21 149
21 152
21 156
21 157
21 158
21 159
21 160
21 161
21 163
21 165
21 167
21 168
21 169
21 170
21 172
21 173
21 175
21 176
21 179
22 26
22 28
22 29
22 30
22 31
22 32
22 33
22 36
22 38
22 39
22 43
22 44
22 45
22 46
22 50
22 55
22 57
22 60
22 61
22 63
22 65
22 69
22 80
22 83
22 90
22 92
22 93
22 94
22 96
22 99
22 100
22 101
22 103
22 105
22 107
22 111
22 114
22 115
22 118
22 119
22 121
22 122
22 123
22 127
22 129
22 130
22 131
22 134
22 135
22 143
22 147
22 150
22 151
22 152
22 153
22 154
22 155
22 156
22 157
22 158
22 159
22 160
22 162
22 163
22 165
22 167
22 168
22 169
22 170
22 171
22 174
22 175
22 177
22 178
22 179
23 24
23 25
23 26
23 31
23 32
23 34
23 35
23 42
23 43
23 44
23 47
23 49
23 50
23 52
23 56
23 58
23 59
23 60
23 61
23 64
23 65
23 68
23 70
23 76
23 77
23 78
23 82
23 84
23 85
23 87
23 88
23 97
23 98
23 99
23 101
23 103
23 104
23 105
23 107
23 113
23 115
23 116
23 117
23 120
23 123
23 124
23 126
23 127
23 132
23 133
23 134
23 135
23 136
23 138
23 139
23 144
23 145
23 146
23 149
23 151
23 153
23 156
23 157
23 159
23 160
23 162
23 163
23 171
23 172
23 173
23 175
23 177
23 179
24 25
24 26
24 27
24 28
24 30
24 31
24 37
24 38
24 39
24 40
24 42
24 43
24 45
24 46
24 47
24 48
24 49
24 51
24 66
24 68
24 72
24 73
24 74
24 76
24 78
24 80
24 81
24 82
24 83
24 88
24 89
24 90
24 91
24 97
24 99
24 101
24 102
24 105
24 107
24 109
24 110
24 111
24 112
24 116
24 121
24 127
24 128
24 129
24 133
24 138
24 139
24 140
24 141
24 142
24 145
24 146
24 147
24 151
24 155
24 161
24 170
24 171
24 172
24 176
24 177
24 179
25 29
25 31
25 32
25 35
25 37
25 39
25 40
25 41
25 43
25 46
25 47
25 48
25 51
25 53
25 57
25 59
25 64
25 66
25 68
25 70
25 71
25 73
25 74
25 77
25 78
25 80
25 82
25 84
25 85
25 86
25 87
25 88
25 89
25 90
25 92
25 94
25 96
25 102
25 103
25 104
25 105
25 110
25 112
25 113
25 114
25 117
25 122
25 124
25 125
25 126
25 127
25 130
25 131
25 134
25 135
25 136
25 137
25 139
25 142
25 144
25 145
25 147
25 148
25 151
25 153
25 155
25 156
25 158
25 161
25 162
25 163
25 164
25 165
25 168
25 170
25 173
25 176
25 177
25 178
26 33
26 34
26 35
26 38
26 39
26 40
26 41
26 42
26 43
26 44
26 47
26 54
26 62
26 63
26 64
26 68
26 69
26 70
26 71
26 74
26 77
26 78
26 79
26 80
26 81
26 82
26 85
26 90
26 93
26 94
26 97
26 98
26 103
26 104
26 105
26 109
26 110
26 112
26 113
26 114
26 118
26 119
26 120
26 121
26 124
26 129
26 130
26 131
26 133
26 135
26 136
26 138
26 139
26 142
26 143
26 144
26 146
26 147
26 149
26 150
26 155
26 157
26 158
26 159
26 160
26 164
26 165
26 166
26 168
26 169
26 171
26 172
26 173
26 174
26 176
26 177
26 178
27 29
27 30
27 32
27 33
27 34
27 37
27 38
27 39
27 41
27 46
27 47
27 48
27 50
27 53
27 55
27 56
27 59
27 64
27 68
27 71
27 72
27 73
27 76
27 77
27 78
27 79
27 84
27 87
27 88
27 90
27 92
27 93
27 95
27 96
27 99
27 100
27 101
27 102
27 103
27 104
27 105
27 108
27 110
27 111
27 113
27 115
27 116
27 117
27 119
27 121
27 122
27 123
27 124
27 125
27 126
27 128
27 130
27 133
27 134
27 135
27 139
27 140
27 142
27 143
27 144
27 149
27 150
27 152
27 153
27 154
27 156
27 158
27 159
27 160
27 161
27 166
27 168
27 170
27 171
27 173
27 174
27 175
27 176
27 179
28 29
28 34
28 37
28 39
28 40
28 42
28 43
28 45
28 46
28 47
28 49
28 54
28 55
28 58
28 60
28 63
28 67
28 72
28 75
28 76
28 78
28 79
28 84
28 91
28 92
28 93
28 94
28 95
28 99
28 100
28 102
28 104
28 105
28 106
28 109
28 113
28 114
28 115
28 117
28 119
28 130
28 131
28 132
28 133
28 134
28 135
28 136
28 141
28 143
28 148
28 153
28 157
28 158
28 159
28 160
28 164
28 165
28 166
28 167
28 168
28 169
28 170
28 172
28 174
28 177
29 30
29 31
29 32
29 33
29 34
29 36
29 39
29 47
29 50
29 51
29 62
29 63
29 64
29 68
29 69
29 70
29 71
29 73
29 75
29 76
29 77
29 80
29 81
29 82
29 84
29 85
29 88
29 89
29 91
29 94
29 95
29 96
29 98
29 100
29 101
29 102
29 103
29 104
29 105
29 106
29 107
29 108
29 111
29 113
29 114
29 115
29 117
29 118
29 119
29 120
29 122
29 123
29 124
29 127
29 128
29 129
29 130
29 131
29 132
29 134
29 137
29 138
29 139
29 144
29 147
29 148
29 149
29 152
29 157
29 159
29 160
29 161
29 162
29 163
29 164
29 166
29 167
29 169
29 170
29 173
29 175
29 176
29 177
29 179
30 32
30 33
30 34
30 35
30 36
30 37
30 39
30 40
30 41
30 46
30 47
30 48
30 50
30 51
30 52
30 54
30 56
30 57
30 58
30 60
30 68
30 71
30 76
30 77
30 78
30 80
30 82
30 83
30 84
30 85
30 89
30 91
30 93
30 94
30 95
30 96
30 98
30 99
30 100
30 101
30 102
30 104
30 105
30 106
30 107
30 108
30 110
30 111
30 112
30 115
30 116
30 117
30 118
30 119
30 120
30 122
30 126
30 127
30 128
30 129
30 130
30 133
30 134
30 135
30 136
30 138
30 140
30 141
30 144
30 145
30 147
30 149
30 150
30 152
30 153
30 154
30 156
30 159
30 164
30 166
30 167
30 168
30 173
30 174
30 175
30 176
30 178
30 179
31 32
31 33
31 36
31 37
31 41
31 43
31 44
31 47
31 48
31 51
31 53
31 54
31 56
31 58
31 59
31 61
31 62
31 64
31 67
31 69
31 70
31 71
31 72
31 73
31 74
31 75
31 76
31 77
31 78
31 80
31 82
31 84
31 88
31 89
31 91
31 94
31 100
31 101
31 102
31 103
31 105
31 107
31 108
31 109
31 112
31 114
31 115
31 117
31 118
31 119
31 120
31 123
31 125
31 126
31 127
31 128
31 131
31 134
31 135
31 137
31 139
31 141
31 146
31 151
31 152
31 157
31 158
31 160
31 161
31 162
31 163
31 164
31 165
31 166
31 168
31 169
31 173
31 175
31 177
31 179
32 33
32 35
32 37
32 38
32 43
32 44
32 47
32 48
32 50
32 51
32 52
32 53
32 55
32 59
32 62
32 65
32 70
32 72
32 73
32 74
32 76
32 78
32 79
32 83
32 84
32 87
32 89
32 94
32 95
32 96
32 99
32 103
32 104
32 107
32 109
32 112
32 113
32 115
32 119
32 121
32 122
32 126
32 127
32 128
32 130
32 134
32 135
32 141
32 142
32 143
32 148
32 149
32 151
32 152
32 153
32 154
32 155
32 157
32 160
32 162
32 169
32 171
32 172
32 177
32 178
32 179
33 34
33 37
33 39
33 40
33 41
33 44
33 48
33 51
33 56
33 57
33 60
33 65
33 74
33 75
33 76
33 77
33 78
33 79
33 80
33 82
33 85
33 88
33 89
33 91
33 92
33 94
33 96
33 99
33 100
33 103
33 104
33 105
33 106
33 107
33 109
33 114
33 122
33 123
33 124
33 126
33 127
33 134
33 136
33 139
33 141
33 142
33 144
33 146
33 150
33 151
33 152
33 154
33 156
33 157
33 158
33 159
33 161
33 164
33 166
33 167
33 172
33 173
33 174
33 175
33 177
33 178
34 35
34 37
34 38
34 39
34 40
34 41
34 42
34 46
34 47
34 48
34 49
34 52
34 53
34 55
34 57
34 58
34 60
34 62
34 64
34 65
34 66
34 67
34 68
34 69
34 72
34 73
34 74
34 76
34 77
34 78
34 80
34 82
34 83
34 84
34 85
34 86
34 89
34 91
34 95
34 100
34 102
34 105
34 108
34 110
34 111
34 112
34 113
34 114
34 116
34 117
34 118
34 119
34 120
34 123
34 127
34 128
34 129
34 132
34 134
34 135
34 141
34 142
34 143
34 144
34 145
34 147
34 154
34 155
34 159
34 164
34 165
34 167
34 168
34 169
34 173
34 174
34 176
34 178
34 179
35 37
35 40
35 41
35 43
35 45
35 47
35 48
35 49
35 50
35 51
35 53
35 54
35 57
35 58
35 59
35 60
35 64
35 65
35 66
35 67
35 68
35 69
35 70
35 74
35 75
35 76
35 77
35 79
35 81
35 83
35 84
35 86
35 88
35 89
35 90
35 91
35 93
35 94
35 98
35 99
35 103
35 104
35 105
35 107
35 108
35 109
35 110
35 113
35 114
35 115
35 121
35 122
35 123
35 124
35 125
35 127
35 131
35 132
35 133
35 135
35 136
35 137
35 138
35 139
35 141
35 142
35 144
35 145
35 148
35 149
35 150
35 152
35 153
35 154
35 157
35 158
35 160
35 162
35 164
35 165
35 167
35 173
35 176
35 178
36 39
36 43
36 44
36 46
36 50
36 51
36 55
36 59
36 61
36 67
36 68
36 70
36 73
36 75
36 76
36 77
36 79
36 82
36 83
36 84
36 85
36 86
36 88
36 89
36 90
36 91
36 92
36 94
36 96
36 97
36 100
36 101
36 102
36 103
36 104
36 108
36 109
36 110
36 113
36 115
36 117
36 118
36 119
36 121
36 122
36 123
36 124
36 126
36 128
36 129
36 131
36 133
36 134
36 135
36 136
36 138
36 140
36 141
36 142
36 145
36 146
36 151
36 153
36 154
36 161
36 163
36 164
36 166
36 167
36 168
36 169
36 170
36 172
36 174
36 176
36 178
37 38
37 39
37 41
37 42
37 45
37 46
37 48
37 49
37 52
37 53
37 54
37 55
37 58
37 59
37 60
37 63
37 64
37 66
37 67
37 69
37 70
37 71
37 72
37 73
37 76
37 77
37 78
37 80
37 81
37 84
37 87
37 88
37 92
37 94
37 95
37 96
37 99
37 101
37 103
37 104
37 105
37 106
37 108
37 109
37 110
37 111
37 112
37 113
37 114
37 115
37 116
37 123
37 125
37 127
37 132
37 133
37 134
37 135
37 136
37 137
37 138
37 139
37 141
37 145
37 147
37 151
37 154
37 155
37 157
37 158
37 159
37 160
37 161
37 163
37 170
37 174
37 175
38 43
38 46
38 47
38 48
38 49
38 50
38 52
38 54
38 55
38 56
38 57
38 60
38 63
38 64
38 67
38 71
38 72
38 73
38 75
38 76
38 79
38 82
38 84
38 86
38 88
38 90
38 91
38 94
38 95
38 103
38 106
38 108
38 109
38 111
38 112
38 117
38 120
38 121
38 122
38 123
38 125
38 126
38 128
38 130
38 133
38 134
38 140
38 141
38 143
38 144
38 145
38 147
38 149
38 150
38 151
38 152
38 153
38 154
38 155
38 156
38 157
38 158
38 159
38 161
38 163
38 166
38 168
38 173
38 176
38 177
38 178
39 41
39 44
39 45
39 46
39 49
39 51
39 52
39 53
39 55
39 56
39 58
39 59
39 64
39 65
39 66
39 67
39 68
39 69
39 72
39 74
39 75
39 76
39 77
39 80
39 84
39 85
39 86
39 87
39 88
39 91
39 92
39 93
39 95
39 96
39 97
39 98
39 99
39 102
39 104
39 105
39 112
39 114
39 116
39 120
39 122
39 123
39 125
39 128
39 129
39 133
39 134
39 137
39 139
39 141
39 147
39 149
39 150
39 152
39 154
39 158
39 159
39 162
39 165
39 166
39 167
39 169
39 170
39 171
39 173
39 176
39 177
39 179
40 43
40 44
40 47
40 48
40 49
40 50
40 52
40 54
40 56
40 58
40 59
40 60
40 61
40 62
40 65
40 67
40 68
40 69
40 72
40 76
40 78
40 80
40 83
40 87
40 88
40 89
40 91
40 92
40 93
40 97
40 98
40 100
40 102
40 103
40 104
40 105
40 108
40 111
40 117
40 118
40 119
40 120
40 124
40 125
40 126
40 128
40 130
40 131
40 133
40 136
40 137
40 139
40 140
40 143
40 144
40 145
40 147
40 148
40 151
40 155
40 158
40 160
40 162
40 164
40 168
40 171
40 172
40 178
41 44
41 45
41 48
41 50
41 52
41 54
41 57
41 59
41 65
41 72
41 73
41 74
41 75
41 76
41 82
41 83
41 86
41 88
41 90
41 93
41 97
41 98
41 99
41 102
41 103
41 104
41 106
41 107
41 108
41 109
41 110
41 112
41 113
41 117
41 121
41 122
41 123
41 124
41 125
41 126
41 128
41 131
41 133
41 134
41 140
41 141
41 142
41 143
41 146
41 148
41 149
41 153
41 154
41 156
41 160
41 161
41 162
41 163
41 164
41 165
41 167
41 170
41 172
41 173
42 53
42 57
42 58
42 59
42 62
42 64
42 65
42 67
42 68
42 69
42 72
42 74
42 76
42 77
42 78
42 80
42 81
42 82
42 85
42 87
42 88
42 89
42 90
42 92
42 98
42 100
42 101
42 102
42 103
42 104
42 106
42 108
42 109
42 112
42 115
42 116
42 119
42 121
42 122
42 123
42 124
42 126
42 128
42 131
42 133
42 134
42 135
42 141
42 142
42 144
42 146
42 147
42 149
42 150
42 152
42 153
42 154
42 155
42 156
42 161
42 162
42 165
42 166
42 169
42 170
42 179
43 45
43 46
43 48
43 50
43 52
43 54
43 58
43 60
43 61
43 62
43 63
43 64
43 65
43 67
43 68
43 69
43 70
43 73
43 75
43 76
43 77
43 81
43 83
43 84
43 87
43 88
43 89
43 90
43 92
43 94
43 95
43 96
43 97
43 98
43 99
43 101
43 102
43 103
43 105
43 106
43 111
43 118
43 121
43 122
43 123
43 125
43 127
43 128
43 129
43 130
43 137
43 140
43 141
43 142
43 143
43 146
43 153
43 155
43 156
43 158
43 165
43 168
43 171
43 173
43 175
43 178
43 179
44 45
44 46
44 53
44 54
44 55
44 59
44 61
44 64
44 69
44 73
44 75
44 78
44 81
44 83
44 84
44 85
44 86
44 87
44 88
44 89
44 90
44 92
44 93
44 95
44 97
44 98
44 101
44 107
44 113
44 114
44 116
44 118
44 120
44 121
44 123
44 126
44 128
44 129
44 130
44 131
44 134
44 138
44 139
44 141
44 144
44 146
44 149
44 150
44 151
44 153
44 154
44 156
44 159
44 160
44 163
44 164
44 172
44 176
44 178
44 179
45 50
45 52
45 55
45 61
45 62
45 65
45 68
45 70
45 74
45 75
45 76
45 79
45 81
45 82
45 84
45 85
45 88
45 89
45 91
45 92
45 93
45 95
45 98
45 100
45 101
45 102
45 106
45 107
45 108
45 109
45 110
45 113
45 114
45 115
45 117
45 118
45 121
45 122
45 125
45 126
45 127
45 128
45 129
45 131
45 133
45 134
45 137
45 139
45 145
45 146
45 147
45 149
45 152
45 154
45 155
45 158
45 162
45 164
45 166
45 167
45 170
45 171
45 173
45 174
45 176
45 178
46 47
46 51
46 53
46 56
46 57
46 59
46 60
46 61
46 64
46 65
46 66
46 67
46 69
46 70
46 71
46 72
46 73
46 74
46 77
46 78
46 79
46 82
46 84
46 85
46 88
46 89
46 90
46 91
46 92
46 94
46 95
46 98
46 100
46 104
46 106
46 108
46 111
46 112
46 115
46 116
46 120
46 123
46 124
46 126
46 130
46 132
46 134
46 138
46 139
46 142
46 145
46 147
46 148
46 149
46 154
46 156
46 157
46 160
46 161
46 163
46 164
46 165
46 167
46 170
46 171
46 172
46 173
46 174
46 175
46 176
46 177
46 178
46 179
47 50
47 51
47 52
47 54
47 55
47 57
47 64
47 65
47 70
47 71
47 74
47 75
47 76
47 77
47 78
47 79
47 80
47 81
47 82
47 84
47 86
47 87
47 88
47 89
47 94
47 95
47 98
47 100
47 101
47 103
47 104
47 105
47 109
47 110
47 113
47 114
47 115
47 118
47 119
47 121
47 123
47 125
47 127
47 128
47 129
47 131
47 132
47 133
47 134
47 136
47 139
47 142
47 144
47 146
47 147
47 149
47 151
47 152
47 153
47 154
47 155
47 158
47 159
47 160
47 163
47 165
47 166
47 167
47 174
47 177
47 178
48 49
48 50
48 54
48 55
48 56
48 58
48 60
48 64
48 65
48 66
48 67
48 73
48 76
48 79
48 80
48 85
48 87
48 88
48 90
48 91
48 92
48 93
48 94
48 96
48 97
48 98
48 99
48 100
48 101
48 107
48 110
48 113
48 114
48 115
48 117
48 118
48 119
48 121
48 122
48 124
48 125
48 126
48 128
48 129
48 131
48 134
48 138
48 140
48 144
48 146
48 147
48 148
48 149
48 150
48 153
48 154
48 155
48 156
48 159
48 160
48 162
48 163
48 164
48 165
48 166
48 167
48 168
48 170
48 174
48 175
48 179
49 50
49 51
49 52
49 53
49 54
49 55
49 57
49 58
49 59
49 63
49 66
49 67
49 68
49 72
49 76
49 78
49 80
49 82
49 85
49 88
49 89
49 91
49 93
49 94
49 95
49 96
49 98
49 101
49 104
49 105
49 108
49 109
49 110
49 112
49 113
49 114
49 119
49 121
49 122
49 129
49 130
49 131
49 132
49 134
49 137
49 141
49 142
49 143
49 144
49 148
49 149
49 150
49 151
49 153
49 154
49 157
49 158
49 159
49 160
49 161
49 164
49 165
49 166
49 168
49 173
49 174
49 175
49 176
49 179
50 51
50 52
50 53
50 55
50 57
50 58
50 59
50 60
50 65
50 67
50 70
50 72
50 74
50 78
50 80
50 81
50 83
50 84
50 85
50 86
50 88
50 89
50 92
50 93
50 95
50 96
50 97
50 98
50 103
50 104
50 106
50 107
50 108
50 109
50 110
50 112
50 113
50 114
50 115
50 116
50 118
50 119
50 122
50 123
50 124
50 125
50 127
50 129
50 131
50 132
50 133
50 134
50 135
50 138
50 144
50 145
50 149
50 154
50 155
50 163
50 165
50 166
50 167
50 168
50 169
50 170
50 173
50 175
50 176
50 177
50 179
51 53
51 59
51 60
51 63
51 64
51 66
51 69
51 72
51 73
51 77
51 78
51 79
51 82
51 83
51 86
51 87
51 88
51 90
51 91
51 93
51 101
51 105
51 108
51 110
51 111
51 113
51 117
51 118
51 120
51 125
51 126
51 128
51 131
51 132
51 133
51 134
51 136
51 137
51 138
51 139
51 141
51 142
51 144
51 145
51 149
51 152
51 153
51 154
51 161
51 164
51 165
51 166
51 167
51 169
51 171
51 174
51 176
51 177
52 54
52 55
52 61
52 63
52 64
52 66
52 68
52 69
52 73
52 78
52 81
52 85
52 89
52 91
52 93
52 95
52 96
52 98
52 99
52 101
52 102
52 107
52 109
52 111
52 116
52 118
52 119
52 121
52 124
52 125
52 128
52 130
52 132
52 133
52 136
52 137
52 139
52 140
52 141
52 143
52 144
52 146
52 149
52 150
52 152
52 157
52 158
52 161
52 163
52 165
52 166
52 175
52 176
52 178
53 54
53 55
53 56
53 57
53 58
53 71
53 73
53 74
53 76
53 77
53 82
53 85
53 87
53 90
53 93
53 95
53 98
53 99
53 105
53 108
53 110
53 113
53 114
53 115
53 116
53 117
53 120
53 121
53 123
53 124
53 127
53 129
53 131
53 132
53 134
53 142
53 144
53 146
53 148
53 149
53 150
53 153
53 156
53 157
53 158
53 160
53 161
53 162
53 166
53 167
53 168
53 172
53 175
53 179
54 55
54 56
54 57
54 61
54 64
54 66
54 69
54 71
54 72
54 74
54 76
54 78
54 80
54 83
54 87
54 89
54 91
54 93
54 94
54 97
54 100
54 102
54 103
54 105
54 110
54 111
54 113
54 115
54 117
54 120
54 122
54 125
54 129
54 130
54 134
54 139
54 143
54 147
54 148
54 149
54 152
54 153
54 157
54 160
54 162
54 163
54 166
54 171
54 172
54 176
54 178
55 56
55 62
55 64
55 65
55 66
55 67
55 68
55 72
55 73
55 75
55 77
55 80
55 81
55 84
55 88
55 90
55 94
55 95
55 98
55 103
55 104
55 106
55 108
55 109
55 110
55 112
55 113
55 114
55 115
55 117
55 118
55 119
55 120
55 121
55 124
55 128
55 131
55 135
55 138
55 139
55 140
55 141
55 143
55 145
55 148
55 150
55 155
55 157
55 158
55 160
55 167
55 168
55 172
55 173
55 175
55 176
55 178
56 58
56 59
56 60
56 61
56 63
56 64
56 68
56 71
56 73
56 74
56 76
56 77
56 78
56 79
56 81
56 85
56 88
56 89
56 91
56 92
56 94
56 95
56 98
56 99
56 101
56 102
56 106
56 107
56 108
56 110
56 111
56 113
56 123
56 124
56 126
56 133
56 134
56 136
56 138
56 140
56 141
56 144
56 147
56 148
56 150
56 151
56 152
56 153
56 159
56 163
56 165
56 166
56 170
56 173
56 174
56 176
56 179
57 58
57 63
57 65
57 66
57 68
57 70
57 71
57 72
57 74
57 75
57 85
57 90
57 96
57 98
57 102
57 103
57 104
57 105
57 106
57 108
57 111
57 112
57 113
57 114
57 115
57 116
57 117
57 118
57 119
57 121
57 130
57 131
57 133
57 134
57 135
57 138
57 144
57 145
57 146
57 147
57 150
57 152
57 153
57 154
57 155
57 156
57 161
57 163
57 164
57 165
57 168
57 170
57 172
57 178
57 179
58 59
58 61
58 64
58 65
58 67
58 71
58 72
58 73
58 74
58 77
58 79
58 82
58 84
58 85
58 86
58 89
58 90
58 91
58 92
58 94
58 97
58 98
58 100
58 101
58 102
58 104
58 106
58 107
58 108
58 109
58 112
58 115
58 117
58 119
58 121
58 123
58 124
58 125
58 127
58 129
58 130
58 133
58 135
58 140
58 142
58 146
58 148
58 150
58 153
58 156
58 157
58 158
58 161
58 163
58 166
58 173
58 174
58 175
58 177
58 178
59 60
59 64
59 66
59 70
59 71
59 72
59 74
59 75
59 76
59 81
59 82
59 87
59 89
59 92
59 93
59 94
59 96
59 97
59 98
59 101
59 104
59 105
59 106
59 107
59 108
59 111
59 113
59 116
59 118
59 119
59 127
59 128
59 129
59 130
59 131
59 134
59 135
59 138
59 140
59 143
59 144
59 146
59 148
59 149
59 150
59 151
59 152
59 153
59 154
59 155
59 157
59 159
59 162
59 163
59 164
59 165
59 166
59 168
59 172
59 175
59 176
59 177
60 61
60 66
60 67
60 68
60 69
60 70
60 72
60 74
60 75
60 77
60 78
60 80
60 83
60 85
60 86
60 87
60 89
60 90
60 92
60 93
60 95
60 99
60 105
60 106
60 108
60 110
60 111
60 112
60 117
60 119
60 120
60 123
60 124
60 125
60 126
60 129
60 134
60 135
60 137
60 138
60 139
60 140
60 141
60 144
60 145
60 146
60 148
60 149
60 151
60 156
60 157
60 158
60 160
60 161
60 162
60 163
60 164
60 165
60 166
60 167
60 168
60 169
60 174
60 176
60 177
60 178
60 179
61 62
61 63
61 65
61 66
61 69
61 71
61 72
61 75
61 80
61 81
61 83
61 84
61 85
61 87
61 88
61 92
61 93
61 94
61 95
61 98
61 99
61 100
61 101
61 103
61 105
61 106
61 109
61 112
61 113
61 114
61 115
61 116
61 117
61 120
61 122
61 127
61 128
61 132
61 134
61 135
61 136
61 137
61 138
61 141
61 142
61 144
61 145
61 146
61 147
61 148
61 149
61 150
61 152
61 154
61 156
61 158
61 159
61 160
61 161
61 162
61 165
61 166
61 170
61 172
61 174
61 176
61 179
62 63
62 67
62 68
62 69
62 75
62 76
62 78
62 84
62 85
62 89
62 90
62 91
62 92
62 94
62 96
62 97
62 98
62 99
62 100
62 103
62 104
62 108
62 110
62 111
62 113
62 114
62 116
62 118
62 119
62 122
62 125
62 126
62 127
62 130
62 132
62 134
62 136
62 141
62 143
62 146
62 149
62 150
62 154
62 155
62 156
62 157
62 159
62 162
62 163
62 165
62 167
62 168
62 169
62 171
62 172
62 175
62 176
62 177
63 66
63 67
63 69
63 70
63 72
63 75
63 77
63 80
63 82
63 86
63 87
63 91
63 92
63 94
63 97
63 99
63 101
63 102
63 103
63 104
63 106
63 111
63 112
63 115
63 116
63 118
63 119
63 121
63 122
63 123
63 126
63 128
63 132
63 134
63 135
63 139
63 140
63 142
63 144
63 149
63 150
63 151
63 154
63 157
63 159
63 160
63 162
63 163
63 164
63 168
63 169
63 170
63 173
63 174
63 177
64 65
64 66
64 69
64 70
64 71
64 75
64 79
64 85
64 86
64 87
64 88
64 91
64 92
64 93
64 99
64 100
64 101
64 102
64 103
64 104
64 105
64 107
64 112
64 113
64 114
64 121
64 128
64 130
64 133
64 137
64 138
64 139
64 141
64 143
64 144
64 146
64 148
64 155
64 157
64 158
64 159
64 163
64 164
64 165
64 167
64 168
64 170
64 171
64 172
64 173
64 175
64 176
64 178
64 179
65 69
65 70
65 72
65 73
65 74
65 77
65 82
65 84
65 90
65 91
65 92
65 93
65 94
65 96
65 99
65 100
65 101
65 102
65 106
65 107
65 108
65 111
65 112
65 114
65 118
65 119
65 128
65 131
65 134
65 135
65 136
65 138
65 139
65 140
65 142
65 144
65 147
65 150
65 151
65 152
65 154
65 155
65 156
65 157
65 158
65 159
65 164
65 165
65 166
65 167
65 168
65 169
65 173
65 174
65 176
65 178
65 179
66 69
66 70
66 72
66 73
66 74
66 78
66 79
66 80
66 81
66 83
66 86
66 88
66 90
66 91
66 95
66 96
66 98
66 99
66 100
66 104
66 106
66 108
66 109
66 112
66 113
66 114
66 115
66 117
66 118
66 119
66 120
66 125
66 131
66 132
66 135
66 139
66 140
66 141
66 144
66 146
66 148
66 150
66 157
66 158
66 159
66 160
66 164
66 165
66 167
66 169
66 170
66 172
66 173
66 174
66 176
66 179
67 69
67 71
67 75
67 76
67 77
67 79
67 80
67 85
67 90
67 95
67 96
67 97
67 99
67 101
67 102
67 104
67 108
67 110
67 111
67 114
67 118
67 119
67 121
67 122
67 124
67 126
67 129
67 132
67 134
67 135
67 136
67 137
67 138
67 139
67 140
67 141
67 143
67 144
67 148
67 151
67 155
67 157
67 160
67 161
67 162
67 166
67 169
67 171
67 172
67 173
67 174
67 175
67 176
67 178
67 179
68 70
68 71
68 72
68 74
68 75
68 76
68 80
68 81
68 83
68 84
68 85
68 88
68 90
68 91
68 93
68 96
68 98
68 102
68 103
68 104
68 110
68 111
68 112
68 116
68 117
68 118
68 121
68 122
68 123
68 125
68 127
68 129
68 130
68 131
68 135
68 142
68 144
68 146
68 148
68 151
68 153
68 156
68 157
68 160
68 163
68 165
68 166
68 167
68 168
68 169
68 170
68 172
68 173
68 179
69 72
69 73
69 74
69 75
69 79
69 83
69 84
69 85
69 86
69 87
69 88
69 89
69 90
69 93
69 94
69 95
69 97
69 99
69 100
69 101
69 102
69 104
69 106
69 108
69 111
69 113
69 114
69 117
69 118
69 119
69 121
69 123
69 125
69 133
69 134
69 138
69 139
69 142
69 143
69 145
69 147
69 149
69 150
69 151
69 153
69 154
69 155
69 156
69 158
69 159
69 160
69 167
69 168
69 169
69 171
69 173
69 174
69 175
69 179
70 71
70 75
70 77
70 78
70 81
70 82
70 83
70 86
70 88
70 89
70 92
70 93
70 94
70 95
70 99
70 100
70 101
70 102
70 103
70 105
70 106
70 107
70 109
70 111
70 112
70 113
70 114
70 115
70 116
70 117
70 118
70 119
70 120
70 123
70 124
70 125
70 128
70 129
70 132
70 133
70 134
70 135
70 136
70 139
70 142
70 143
70 145
70 146
70 148
70 153
70 156
70 161
70 163
70 165
70 167
70 171
70 173
70 174
70 177
70 179
71 72
71 73
71 74
71 78
71 81
71 82
71 85
71 86
71 87
71 88
71 91
71 93
71 94
71 96
71 97
71 101
71 104
71 105
71 106
71 108
71 110
71 112
71 114
71 115
71 118
71 120
71 121
71 122
71 124
71 129
71 131
71 133
71 137
71 140
71 141
71 142
71 143
71 144
71 147
71 149
71 150
71 155
71 158
71 164
71 165
71 167
71 168
71 170
71 171
71 179
72 73
72 74
72 75
72 77
72 79
72 83
72 86
72 90
72 93
72 94
72 95
72 96
72 97
72 98
72 100
72 105
72 106
72 107
72 108
72 111
72 112
72 114
72 116
72 117
72 119
72 121
72 122
72 127
72 128
72 130
72 131
72 132
72 134
72 135
72 138
72 140
72 141
72 143
72 144
72 145
72 146
72 149
72 151
72 152
72 154
72 159
72 160
72 161
72 162
72 164
72 165
72 166
72 167
72 172
72 174
72 175
72 178
73 74
73 76
73 77
73 86
73 89
73 91
73 94
73 97
73 98
73 99
73 100
73 101
73 103
73 104
73 105
73 112
73 113
73 117
73 121
73 123
73 124
73 125
73 127
73 128
73 130
73 131
73 132
73 134
73 138
73 139
73 141
73 142
73 145
73 146
73 147
73 148
73 150
73 152
73 154
73 155
73 156
73 157
73 160
73 163
73 164
73 168
73 170
73 171
73 172
73 173
73 174
73 176
73 178
73 179
74 75
74 76
74 77
74 79
74 80
74 81
74 82
74 84
74 85
74 90
74 93
74 94
74 95
74 97
74 99
74 101
74 104
74 105
74 106
74 110
74 112
74 113
74 114
74 115
74 118
74 119
74 120
74 122
74 127
74 128
74 131
74 132
74 133
74 135
74 138
74 143
74 144
74 145
74 149
74 150
74 155
74 158
74 161
74 163
74 164
74 165
74 166
74 167
74 169
74 170
74 171
74 172
74 173
74 174
74 179
75 76
75 79
75 82
75 83
75 88
75 90
75 91
75 92
75 96
75 99
75 102
75 104
75 107
75 109
75 112
75 113
75 114
75 115
75 116
75 117
75 118
75 121
75 122
75 123
75 126
75 127
75 128
75 129
75 130
75 133
75 134
75 137
75 141
75 143
75 144
75 147
75 148
75 149
75 155
75 157
75 158
75 160
75 161
75 162
75 163
75 164
75 168
75 170
75 171
75 177
75 178
75 179
76 80
76 81
76 82
76 87
76 88
76 90
76 95
76 97
76 98
76 99
76 100
76 101
76 103
76 105
76 106
76 109
76 110
76 112
76 113
76 114
76 116
76 117
76 119
76 120
76 121
76 122
76 123
76 124
76 126
76 127
76 128
76 129
76 130
76 131
76 132
76 133
76 134
76 135
76 137
76 140
76 141
76 147
76 148
76 149
76 151
76 152
76 154
76 164
76 165
76 166
76 167
76 168
76 169
76 170
76 171
76 173
76 176
76 177
76 179
77 78
77 79
77 83
77 84
77 89
77 91
77 92
77 93
77 94
77 102
77 103
77 106
77 108
77 109
77 110
77 112
77 113
77 114
77 115
77 117
77 120
77 121
77 123
77 124
77 126
77 128
77 130
77 139
77 140
77 141
77 143
77 144
77 145
77 150
77 151
77 152
77 154
77 159
77 161
77 162
77 165
77 168
77 169
77 170
77 171
77 172
77 175
77 177
77 178
77 179
78 80
78 84
78 85
78 88
78 89
78 92
78 93
78 97
78 98
78 99
78 100
78 101
78 108
78 110
78 113
78 116
78 117
78 119
78 120
78 121
78 124
78 125
78 126
78 127
78 128
78 129
78 130
78 131
78 139
78 140
78 145
78 146
78 147
78 152
78 153
78 155
78 160
78 161
78 163
78 164
78 166
78 168
78 171
78 173
78 174
78 176
78 178
79 81
79 83
79 84
79 86
79 90
79 92
79 96
79 97
79 100
79 103
79 104
79 105
79 107
79 108
79 109
79 110
79 111
79 112
79 113
79 115
79 116
79 121
79 123
79 124
79 126
79 128
79 129
79 132
79 133
79 135
79 137
79 138
79 139
79 140
79 142
79 144
79 145
79 147
79 149
79 151
79 152
79 153
79 158
79 159
79 160
79 162
79 166
79 168
79 169
79 170
79 172
79 177
79 178
80 81
80 82
80 85
80 86
80 88
80 89
80 92
80 93
80 94
80 95
80 97
80 98
80 99
80 100
80 101
80 102
80 103
80 105
80 106
80 107
80 108
80 112
80 120
80 123
80 124
80 125
80 126
80 132
80 136
80 137
80 138
80 139
80 140
80 141
80 142
80 143
80 144
80 145
80 148
80 150
80 155
80 158
80 161
80 165
80 166
80 169
80 170
80 172
80 173
80 175
80 178
81 82
81 84
81 85
81 86
81 87
81 89
81 90
81 92
81 97
81 98
81 99
81 100
81 104
81 107
81 108
81 112
81 115
81 116
81 117
81 118
81 119
81 121
81 122
81 124
81 125
81 126
81 127
81 128
81 130
81 131
81 134
81 135
81 141
81 143
81 148
81 149
81 152
81 156
81 160
81 161
81 164
81 166
81 167
81 169
81 170
81 171
81 172
81 173
81 174
81 175
81 176
81 178
82 86
82 87
82 88
82 89
82 90
82 91
82 92
82 94
82 95
82 96
82 97
82 99
82 100
82 101
82 102
82 104
82 105
82 107
82 108
82 109
82 110
82 111
82 113
82 118
82 120
82 121
82 124
82 126
82 128
82 130
82 133
82 134
82 136
82 137
82 138
82 143
82 144
82 145
82 146
82 147
82 148
82 149
82 150
82 152
82 153
82 158
82 164
82 166
82 168
82 169
82 173
82 174
82 177
82 178
82 179
83 84
83 85
83 88
83 90
83 91
83 94
83 95
83 97
83 98
83 99
83 100
83 104
83 105
83 107
83 108
83 109
83 110
83 113
83 114
83 115
83 116
83 117
83 118
83 120
83 122
83 125
83 126
83 132
83 133
83 138
83 139
83 140
83 145
83 147
83 148
83 152
83 155
83 157
83 159
83 160
83 161
83 166
83 169
83 174
83 176
83 177
84 86
84 87
84 88
84 89
84 90
84 91
84 94
84 95
84 96
84 97
84 100
84 104
84 105
84 107
84 109
84 110
84 111
84 112
84 113
84 114
84 115
84 116
84 118
84 119
84 123
84 129
84 131
84 132
84 133
84 135
84 138
84 139
84 140
84 142
84 144
84 149
84 153
84 156
84 161
84 167
84 169
84 170
84 171
84 172
84 173
84 175
84 179
85 88
85 89
85 90
85 93
85 94
85 95
85 96
85 97
85 98
85 100
85 101
85 104
85 105
85 106
85 107
85 108
85 109
85 111
85 112
85 114
85 117
85 118
85 120
85 122
85 128
85 130
85 132
85 133
85 134
85 136
85 137
85 138
85 141
85 143
85 144
85 147
85 148
85 149
85 151
85 152
85 155
85 156
85 158
85 160
85 162
85 164
85 166
85 169
85 173
85 178
85 179
86 87
86 93
86 94
86 97
86 104
86 108
86 109
86 111
86 113
86 114
86 115
86 121
86 124
86 125
86 127
86 128
86 132
86 133
86 134
86 135
86 138
86 139
86 141
86 142
86 143
86 144
86 145
86 146
86 152
86 154
86 158
86 159
86 162
86 163
86 164
86 165
86 166
86 169
86 171
86 173
86 174
86 176
86 177
87 88
87 89
87 90
87 91
87 96
87 101
87 103
87 104
87 105
87 107
87 108
87 113
87 120
87 125
87 132
87 135
87 138
87 140
87 142
87 143
87 147
87 150
87 151
87 153
87 154
87 155
87 156
87 157
87 158
87 159
87 161
87 162
87 163
87 164
87 166
87 169
87 170
87 172
87 174
87 179
88 89
88 92
88 97
88 102
88 104
88 105
88 109
88 112
88 113
88 114
88 115
88 121
88 122
88 123
88 124
88 128
88 131
88 136
88 137
88 139
88 140
88 141
88 144
88 149
88 150
88 151
88 153
88 154
88 156
88 157
88 158
88 159
88 161
88 165
88 166
88 169
88 171
88 172
88 177
88 178
88 179
89 90
89 96
89 103
89 107
89 111
89 118
89 119
89 120
89 121
89 125
89 126
89 128
89 129
89 130
89 132
89 134
89 138
89 140
89 141
89 142
89 146
89 147
89 148
89 149
89 153
89 155
89 156
89 157
89 158
89 159
89 160
89 163
89 164
89 170
89 172
89 178
89 179
90 93
90 96
90 97
90 98
90 99
90 100
90 103
90 104
90 105
90 106
90 107
90 112
90 114
90 115
90 116
90 117
90 118
90 120
90 121
90 122
90 123
90 125
90 128
90 129
90 130
90 131
90 138
90 139
90 140
90 141
90 145
90 146
90 147
90 149
90 152
90 153
90 157
90 161
90 162
90 163
90 164
90 169
90 170
90 171
90 172
90 173
90 174
90 175
90 176
90 177
90 179
91 93
91 95
91 96
91 97
91 102
91 104
91 105
91 107
91 108
91 109
91 114
91 115
91 118
91 122
91 123
91 126
91 127
91 131
91 134
91 137
91 138
91 139
91 141
91 142
91 144
91 145
91 148
91 149
91 156
91 157
91 158
91 159
91 160
91 164
91 168
91 172
91 173
91 174
91 176
91 178
91 179
92 93
92 94
92 96
92 97
92 98
92 99
92 102
92 103
92 104
92 111
92 112
92 113
92 117
92 118
92 121
92 124
92 127
92 128
92 130
92 131
92 132
92 137
92 140
92 141
92 142
92 143
92 144
92 146
92 147
92 148
92 149
92 150
92 152
92 153
92 155
92 156
92 157
92 159
92 160
92 161
92 166
92 169
92 170
92 172
92 174
92 177
92 178
92 179
93 98
93 99
93 101
93 104
93 107
93 108
93 109
93 114
93 117
93 118
93 123
93 125
93 127
93 128
93 129
93 130
93 133
93 135
93 136
93 137
93 140
93 143
93 144
93 145
93 146
93 147
93 148
93 150
93 152
93 154
93 155
93 156
93 158
93 163
93 166
93 168
93 169
93 170
93 171
93 173
93 174
93 177
93 178
94 95
94 98
94 99
94 104
94 105
94 106
94 108
94 109
94 117
94 119
94 120
94 121
94 122
94 125
94 127
94 129
94 130
94 132
94 134
94 135
94 136
94 137
94 138
94 139
94 141
94 144
94 147
94 148
94 151
94 152
94 153
94 158
94 159
94 160
94 165
94 167
94 168
94 170
94 171
94 172
94 173
94 174
94 175
94 178
95 98
95 101
95 104
95 106
95 107
95 108
95 111
95 112
95 114
95 115
95 117
95 118
95 121
95 123
95 124
95 125
95 128
95 129
95 130
95 131
95 133
95 134
95 136
95 139
95 144
95 146
95 147
95 148
95 149
95 150
95 152
95 157
95 158
95 159
95 163
95 164
95 166
95 167
95 168
95 170
95 171
95 173
95 176
95 178
95 179
96 97
96 101
96 107
96 108
96 109
96 110
96 111
96 112
96 113
96 115
96 117
96 121
96 123
96 124
96 125
96 126
96 130
96 132
96 133
96 135
96 136
96 137
96 139
96 144
96 145
96 146
96 151
96 155
96 157
96 160
96 162
96 166
96 168
96 170
96 172
96 175
96 176
96 179
97 98
97 99
97 101
97 103
97 108
97 109
97 110
97 111
97 112
97 114
97 116
97 120
97 121
97 122
97 123
97 126
97 127
97 131
97 132
97 134
97 135
97 138
97 141
97 145
97 146
97 147
97 151
97 155
97 156
97 157
97 161
97 163
97 164
97 165
97 167
97 170
97 171
97 172
97 173
97 174
97 175
97 177
97 179
98 100
98 101
98 102
98 103
98 104
98 108
98 109
98 111
98 112
98 113
98 115
98 121
98 124
98 125
98 126
98 127
98 128
98 129
98 131
98 133
98 138
98 140
98 141
98 145
98 149
98 153
98 156
98 160
98 161
98 164
98 167
98 169
98 170
98 171
98 175
98 178
98 179
99 102
99 105
99 106
99 107
99 110
99 111
99 112
99 113
99 114
99 116
99 117
99 119
99 120
99 121
99 122
99 123
99 124
99 126
99 127
99 128
99 129
99 131
99 132
99 135
99 136
99 137
99 141
99 143
99 144
99 146
99 148
99 149
99 150
99 152
99 154
99 156
99 158
99 160
99 161
99 162
99 163
99 168
99 170
99 172
99 173
99 177
99 178
99 179
100 101
100 104
100 105
100 107
100 108
100 109
100 111
100 113
100 116
100 119
100 120
100 121
100 123
100 125
100 129
100 130
100 131
100 135
100 136
100 138
100 139
100 141
100 142
100 146
100 156
100 157
100 158
100 161
100 162
100 163
100 167
100 168
100 169
100 172
100 177
100 179
101 102
101 104
101 105
101 109
101 111
101 113
101 115
101 116
101 117
101 118
101 122
101 123
101 124
101 125
101 129
101 131
101 137
101 141
101 142
101 145
101 146
101 147
101 150
101 153
101 154
101 155
101 161
101 162
101 163
101 164
101 165
101 166
101 169
101 170
101 172
101 176
102 103
102 106
102 107
102 109
102 112
102 114
102 116
102 118
102 119
102 122
102 123
102 124
102 125
102 127
102 129
102 130
102 136
102 137
102 139
102 140
102 141
102 144
102 145
102 148
102 149
102 152
102 154
102 155
102 160
102 161
102 163
102 164
102 169
102 171
102 175
102 177
102 178
102 179
103 105
103 106
103 107
103 108
103 110
103 113
103 114
103 115
103 121
103 123
103 125
103 127
103 128
103 129
103 131
103 132
103 137
103 139
103 140
103 141
103 143
103 147
103 148
103 149
103 151
103 152
103 153
103 154
103 155
103 157
103 162
103 163
103 166
103 167
103 168
103 169
103 171
103 175
103 179
104 106
104 108
104 115
104 116
104 117
104 118
104 121
104 122
104 124
104 126
104 127
104 128
104 130
104 131
104 132
104 136
104 140
104 141
104 143
104 144
104 145
104 146
104 148
104 149
104 150
104 154
104 155
104 157
104 160
104 161
104 167
104 168
104 170
104 171
104 172
104 173
104 176
104 177
104 178
105 106
105 111
105 112
105 113
105 115
105 117
105 118
105 120
105 121
105 122
105 124
105 125
105 126
105 127
105 128
105 129
105 130
105 132
105 134
105 135
105 136
105 141
105 142
105 145
105 148
105 149
105 151
105 153
105 154
105 157
105 158
105 159
105 161
105 162
105 164
105 166
105 168
105 170
105 172
105 173
105 175
105 176
105 177
105 178
105 179
106 107
106 108
106 110
106 116
106 117
106 118
106 119
106 120
106 121
106 123
106 125
106 126
106 129
106 130
106 131
106 132
106 134
106 135
106 136
106 137
106 142
106 145
106 147
106 150
106 153
106 154
106 158
106 159
106 162
106 165
106 168
106 172
106 173
106 174
106 176
107 111
107 112
107 114
107 115
107 117
107 118
107 119
107 121
107 124
107 126
107 129
107 130
107 134
107 138
107 139
107 142
107 145
107 146
107 147
107 148
107 150
107 151
107 152
107 154
107 155
107 156
107 158
107 161
107 163
107 166
107 167
107 171
107 173
107 174
107 175
107 177
108 109
108 110
108 111
108 112
108 115
108 116
108 118
108 121
108 123
108 124
108 125
108 131
108 132
108 133
108 137
108 138
108 141
108 142
108 143
108 144
108 146
108 148
108 150
108 153
108 154
108 158
108 160
108 161
108 164
108 166
108 168
108 171
108 173
108 175
108 176
108 177
109 111
109 113
109 117
109 118
109 120
109 121
109 123
109 125
109 127
109 128
109 130
109 135
109 136
109 137
109 138
109 141
109 142
109 144
109 145
109 148
109 149
109 150
109 152
109 153
109 156
109 157
109 158
109 159
109 161
109 162
109 166
109 167
109 169
109 171
109 173
109 176
109 177
109 179
110 111
110 112
110 115
110 116
110 119
110 121
110 122
110 123
110 124
110 125
110 126
110 128
110 133
110 135
110 136
110 137
110 138
110 139
110 142
110 145
110 149
110 155
110 156
110 158
110 160
110 164
110 165
110 166
110 168
110 169
110 171
110 172
110 175
110 176
110 177
110 178
110 179
111 112
111 113
111 119
111 120
111 122
111 124
111 128
111 132
111 133
111 134
111 137
111 138
111 142
111 146
111 149
111 150
111 152
111 156
111 158
111 160
111 161
111 162
111 163
111 164
111 169
111 171
111 173
111 177
111 178
112 114
112 116
112 122
112 123
112 124
112 125
112 127
112 128
112 129
112 130
112 131
112 133
112 134
112 135
112 136
112 141
112 142
112 143
112 144
112 149
112 150
112 151
112 152
112 157
112 158
112 159
112 161
112 162
112 164
112 165
112 170
112 171
112 172
112 173
112 174
112 175
113 115
113 119
113 120
113 123
113 127
113 130
113 132
113 133
113 134
113 137
113 139
113 144
113 147
113 149
113 150
113 151
113 152
113 154
113 156
113 157
113 161
113 165
113 171
113 172
113 173
113 174
113 176
114 115
114 116
114 117
114 118
114 119
114 120
114 121
114 133
114 134
114 135
114 136
114 137
114 138
114 140
114 144
114 147
114 154
114 155
114 157
114 158
114 160
114 161
114 164
114 165
114 166
114 168
114 170
114 171
114 172
114 174
114 175
114 176
115 117
115 119
115 123
115 124
115 126
115 127
115 129
115 130
115 132
115 134
115 135
115 136
115 138
115 141
115 142
115 144
115 148
115 150
115 151
115 152
115 153
115 155
115 156
115 159
115 161
115 164
115 165
115 166
115 169
115 171
115 176
115 178
115 179
116 118
116 119
116 120
116 121
116 124
116 125
116 127
116 137
116 140
116 141
116 142
116 144
116 146
116 148
116 149
116 150
116 151
116 152
116 153
116 154
116 160
116 162
116 163
116 166
116 169
116 170
116 171
116 172
116 174
116 177
116 178
116 179
117 118
117 119
117 121
117 122
117 123
117 124
117 125
117 126
117 127
117 135
117 136
117 137
117 138
117 139
117 140
117 141
117 142
117 146
117 149
117 151
117 157
117 159
117 161
117 162
117 164
117 165
117 166
117 167
117 170
117 172
117 178
118 122
118 123
118 124
118 125
118 126
118 128
118 130
118 131
118 132
118 133
118 135
118 136
118 141
118 144
118 145
118 147
118 149
118 150
118 152
118 154
118 155
118 156
118 158
118 161
118 162
118 164
118 165
118 167
118 171
118 172
118 178
119 121
119 123
119 124
119 125
119 127
119 128
119 129
119 131
119 134
119 135
119 138
119 139
119 144
119 145
119 147
119 148
119 150
119 151
119 155
119 156
119 159
119 163
119 164
119 166
119 169
119 170
119 171
119 175
119 176
119 177
119 179
120 121
120 122
120 125
120 126
120 129
120 131
120 133
120 134
120 135
120 136
120 137
120 138
120 140
120 141
120 142
120 144
120 145
120 146
120 147
120 148
120 151
120 152
120 154
120 155
120 157
120 161
120 163
120 164
120 167
120 169
120 170
120 171
120 172
120 174
120 175
120 177
120 179
121 122
121 124
121 127
121 128
121 131
121 132
121 133
121 134
121 135
121 136
121 138
121 139
121 140
121 142
121 143
121 145
121 146
121 147
121 148
121 150
121 151
121 152
121 154
121 155
121 156
121 158
121 162
121 165
121 167
121 168
121 169
121 170
121 171
121 176
121 179
122 124
122 125
122 126
122 128
122 129
122 131
122 132
122 134
122 135
122 138
122 139
122 140
122 142
122 143
122 144
122 146
122 150
122 154
122 157
122 160
122 163
122 167
122 171
122 172
122 174
122 175
122 176
122 179
123 125
123 126
123 127
123 131
123 133
123 134
123 135
123 140
123 141
123 146
123 148
123 149
123 151
123 155
123 157
123 158
123 160
123 161
123 162
123 164
123 165
123 166
123 167
123 168
123 169
123 172
123 173
123 174
123 175
123 176
123 177
123 179
124 125
124 128
124 133
124 137
124 138
124 139
124 141
124 144
124 145
124 146
124 151
124 152
124 156
124 157
124 158
124 159
124 160
124 165
124 167
124 169
124 170
124 173
124 174
124 177
124 179
125 129
125 130
125 131
125 133
125 135
125 136
125 137
125 140
125 141
125 142
125 143
125 144
125 145
125 147
125 149
125 152
125 154
125 164
125 166
125 168
125 169
125 170
125 171
125 172
125 173
125 175
125 176
125 177
126 128
126 129
126 131
126 133
126 134
126 135
126 136
126 138
126 139
126 140
126 141
126 144
126 146
126 148
126 149
126 151
126 152
126 156
126 159
126 161
126 162
126 163
126 164
126 165
126 171
126 172
126 175
126 176
126 177
126 179
127 129
127 130
127 131
127 136
127 138
127 140
127 141
127 142
127 143
127 144
127 145
127 146
127 148
127 152
127 155
127 156
127 157
127 158
127 160
127 161
127 162
127 164
127 166
127 169
127 172
127 173
127 176
127 177
128 134
128 140
128 141
128 142
128 148
128 150
128 151
128 152
128 156
128 157
128 160
128 161
128 163
128 166
128 167
128 168
128 169
128 170
128 172
128 179
129 130
129 132
129 133
129 138
129 139
129 140
129 141
129 142
129 143
129 145
129 150
129 152
129 153
129 155
129 164
129 168
129 169
129 170
129 172
129 174
129 175
130 134
130 135
130 136
130 139
130 141
130 143
130 146
130 150
130 151
130 153
130 162
130 163
130 167
130 168
130 169
130 171
130 172
130 173
130 174
130 176
131 133
131 136
131 139
131 143
131 144
131 145
131 147
131 148
131 151
131 153
131 155
131 156
131 159
131 162
131 167
131 168
131 169
131 170
131 173
131 175
131 177
132 133
132 134
132 137
132 138
132 143
132 144
132 151
132 154
132 156
132 158
132 159
132 161
132 162
132 164
132 167
132 168
132 169
132 170
132 171
132 172
132 173
132 174
132 176
132 177
132 178
133 134
133 135
133 136
133 137
133 139
133 142
133 143
133 147
133 149
133 150
133 152
133 154
133 157
133 158
133 161
133 170
133 173
133 174
133 175
133 178
133 179
134 135
134 136
134 137
134 139
134 142
134 145
134 146
134 147
134 150
134 154
134 155
134 156
134 158
134 159
134 160
134 161
134 167
134 169
134 174
134 175
134 178
134 179
135 137
135 138
135 139
135 140
135 144
135 146
135 147
135 152
135 153
135 156
135 159
135 160
135 164
135 165
135 168
135 170
135 171
135 172
135 173
135 176
135 177
135 178
135 179
136 138
136 139
136 141
136 143
136 145
136 148
136 150
136 151
136 153
136 154
136 155
136 156
136 157
136 161
136 163
136 166
136 167
136 170
136 174
136 175
136 177
136 179
137 139
137 140
137 144
137 145
137 151
137 152
137 154
137 156
137 158
137 160
137 162
137 165
137 166
137 169
137 171
137 172
138 139
138 140
138 149
138 150
138 155
138 156
138 157
138 160
138 161
138 164
138 166
138 167
138 169
138 170
138 171
138 172
138 173
138 175
138 176
138 177
138 178
138 179
139 140
139 141
139 143
139 145
139 146
139 149
139 150
139 157
139 159
139 160
139 161
139 162
139 163
139 166
139 167
139 169
139 170
139 173
139 174
139 175
140 143
140 145
140 146
140 152
140 153
140 157
140 159
140 161
140 163
140 165
140 166
140 168
140 173
140 176
140 179
141 142
141 143
141 144
141 145
141 146
141 148
141 151
141 152
141 153
141 155
141 158
141 159
141 163
141 167
141 169
141 173
141 174
141 175
141 178
142 143
142 144
142 145
142 146
142 147
142 149
142 150
142 151
142 153
142 154
142 155
142 160
142 161
142 163
142 168
142 169
142 170
142 172
142 174
142 175
142 176
142 177
142 178
142 179
143 144
143 149
143 151
143 153
143 154
143 155
143 156
143 157
143 160
143 164
143 165
143 167
143 169
143 171
143 172
143 173
143 176
143 177
143 178
143 179
144 146
144 147
144 148
144 152
144 153
144 157
144 158
144 159
144 160
144 161
144 162
144 165
144 166
144 167
144 169
144 171
144 172
144 173
144 179
145 147
145 150
145 155
145 156
145 158
145 159
145 160
145 163
145 165
145 167
145 169
145 172
145 173
145 176
146 148
146 151
146 155
146 156
146 161
146 162
146 165
146 167
146 169
146 173
146 176
146 179
147 150
147 151
147 152
147 153
147 154
147 155
147 159
147 161
147 162
147 163
147 168
147 170
147 171
147 173
147 174
147 175
147 176
148 149
148 152
148 153
148 157
148 159
148 162
148 163
148 165
148 166
148 167
148 170
148 171
148 176
149 150
149 151
149 154
149 157
149 159
149 163
149 172
149 173
149 174
149 179
150 151
150 152
150 153
150 155
150 157
150 159
150 160
150 161
150 162
150 163
150 168
150 170
150 172
150 174
150 176
150 177
150 179
151 152
151 154
151 155
151 157
151 164
151 166
151 167
151 168
151 172
151 174
151 176
151 177
152 153
152 160
152 162
152 165
152 167
152 169
152 170
152 171
152 173
152 174
152 175
152 178
152 179
153 154
153 158
153 159
153 161
153 164
153 167
153 169
153 170
153 174
153 177
153 179
154 155
154 156
154 158
154 160
154 161
154 164
154 165
154 167
154 168
154 173
154 176
154 177
154 179
155 156
155 157
155 158
155 159
155 160
155 161
155 163
155 164
155 165
155 167
155 170
155 171
155 172
155 173
155 174
155 179
156 159
156 161
156 165
156 166
156 167
156 169
156 171
156 172
156 173
156 174
156 179
157 158
157 164
157 165
157 167
157 169
157 171
157 172
157 173
157 177
157 179
158 159
158 161
158 166
158 167
158 169
158 171
158 175
158 176
158 177
158 179
159 160
159 162
159 164
159 170
159 173
159 174
159 177
159 178
160 162
160 165
160 167
160 174
160 175
160 179
161 163
161 164
161 166
161 168
161 169
161 170
161 172
161 176
161 177
162 165
162 167
162 168
162 169
162 171
162 173
162 175
162 176
162 177
163 166
163 167
163 169
163 171
163 172
163 174
163 177
163 178
163 179
164 165
164 168
164 170
164 176
165 166
165 167
165 168
165 169
165 170
165 173
165 174
165 175
166 169
166 170
166 172
166 173
166 174
166 176
166 177
166 179
167 168
167 173
167 176
167 177
167 178
167 179
168 171
168 172
168 173
168 174
168 175
168 176
168 178
168 179
169 170
169 172
169 174
169 175
169 178
170 171
170 174
170 175
170 176
170 178
171 175
171 177
171 178
171 179
172 175
172 176
172 179
173 174
173 175
173 176
173 178
173 179
174 176
174 178
175 176
176 177
176 178
176 179
1 165 90 136 54 43 47 135 127 155 102 2 3 122 0 157 119 94 31 20 18 32 75 132 153 22 87
38 130 142 62 57 76 46 12 34 148 116 23 49 6 96 74 150 133 129 66 154 25 33 71 69 97 113
10 156 114 37 19 124 143 30 28 178 29 35 175 163 70 107 72 134 44 14 11 128 4 68 162 85 91
79 17 168 24 170 64 88 103 78 177 137 147 9 8 7 48 115 108 111 100 73 56 117 36 93 139 67
152 164 125 120 144 174 60 26 50 51 104 123 61 83 81 151 21 158 110 65 39 121 99 172 138 52 53
40 77 167 95 98 112 160 105 145 16 131 58 27 80 173 161 171 63 101 159 146 92 55 166 126 45 176
84 179 82 42 89 13 5 140 169 106 109 15 141 149 118 59 41 86
