170
4219
22
89.59
79.79
35.56
46.63
35.1
99.73
79.97
29.06
48.52
89.75
48.0
97.94
15.16
46.55
36.12
31.6
67.69
31.81
96.18
26.65
81.2
39.9
0 3
0 12
0 13
0 15
0 16
0 21
0 25
0 26
0 29
0 30
0 33
0 40
0 44
0 47
0 48
0 52
0 55
0 57
0 69
0 73
0 76
0 81
0 83
0 84
0 85
0 87
0 90
0 92
0 93
0 102
0 106
0 108
0 110
0 112
0 121
0 125
0 130
0 135
0 141
0 146
0 148
0 149
0 152
0 155
0 167
1 6
1 8
1 10
1 15
1 17
1 19
1 23
1 24
1 26
1 31
1 32
1 39
1 43
1 45
1 46
1 55
1 58
1 62
1 65
1 68
1 69
1 72
1 76
1 77
1 79
1 83
1 90
1 94
1 95
1 98
1 106
1 107
1 112
1 115
1 118
1 120
1 124
1 125
1 127
1 129
1 130
1 131
1 134
1 137
1 138
1 139
1 142
1 145
1 154
1 156
1 158
1 160
1 164
1 165
2 3
2 4
2 11
2 12
2 14
2 19
2 20
2 21
2 23
2 25
2 26
2 28
2 29
2 32
2 33
2 38
2 46
2 50
2 51
2 55
2 66
2 67
2 69
2 71
2 78
2 79
2 82
2 85
2 86
2 88
2 90
2 91
2 92
2 94
2 95
2 97
2 105
2 106
2 116
2 118
2 123
2 127
2 130
2 135
2 136
2 137
2 139
2 144
2 149
2 154
2 155
2 158
2 162
2 164
2 168
2 169
3 5
3 7
3 9
3 13
3 14
3 20
3 21
3 22
3 24
3 26
3 27
3 28
3 33
3 35
3 36
3 38
3 39
3 42
3 43
3 45
3 48
3 54
3 58
3 59
3 60
3 63
3 69
3 70
3 79
3 81
3 82
3 86
3 87
3 88
3 91
3 94
3 104
3 108
3 109
3 113
3 117
3 120
3 121
3 122
3 125
3 127
3 128
3 132
3 133
3 136
3 138
3 139
3 142
3 148
3 151
3 156
3 161
3 163
4 5
4 7
4 8
4 16
4 19
4 23
4 24
4 25
4 35
4 42
4 45
4 47
4 49
4 52
4 59
4 61
4 62
4 65
4 73
4 75
4 77
4 79
4 80
4 86
4 88
4 89
4 92
4 101
4 103
4 112
4 120
4 124
4 127
4 131
4 133
4 135
4 136
4 138
4 144
4 148
4 150
4 151
4 159
4 160
4 161
4 162
4 163
4 169
5 6
5 10
5 11
5 16
5 18
5 19
5 25
5 28
5 36
5 40
5 43
5 48
5 52
5 56
5 61
5 70
5 77
5 79
5 80
5 81
5 83
5 89
5 100
5 104
5 111
5 117
5 120
5 124
5 126
5 131
5 132
5 134
5 135
5 136
5 141
5 142
5 143
5 144
5 145
5 146
5 151
5 153
5 156
5 158
5 160
5 163
5 164
5 165
5 166
5 168
6 16
6 17
6 18
6 25
6 26
6 28
6 32
6 35
6 39
6 43
6 48
6 53
6 57
6 64
6 66
6 67
6 77
6 78
6 79
6 83
6 86
6 87
6 89
6 90
6 94
6 96
6 97
6 98
6 99
6 100
6 103
6 108
6 111
6 116
6 117
6 118
6 121
6 125
6 127
6 131
6 132
6 137
6 138
6 154
6 155
6 160
6 166
7 10
7 21
7 24
7 29
7 32
7 35
7 37
7 41
7 47
7 53
7 54
7 71
7 72
7 75
7 80
7 83
7 84
7 89
7 91
7 93
7 100
7 103
7 105
7 115
7 128
7 130
7 134
7 139
7 144
7 148
7 149
7 151
7 154
7 155
7 157
7 158
7 161
7 162
7 163
8 10
8 11
8 12
8 15
8 16
8 19
8 21
8 24
8 25
8 26
8 27
8 38
8 42
8 56
8 57
8 64
8 65
8 71
8 73
8 77
8 81
8 88
8 89
8 91
8 93
8 109
8 110
8 116
8 120
8 122
8 123
8 124
8 128
8 129
8 131
8 136
8 138
8 147
8 148
8 154
8 157
8 158
8 160
8 161
8 163
8 169
9 13
9 16
9 17
9 18
9 22
9 28
9 31
9 32
9 34
9 35
9 38
9 43
9 49
9 50
9 52
9 64
9 66
9 67
9 69
9 70
9 78
9 79
9 80
9 81
9 82
9 85
9 87
9 96
9 98
9 102
9 120
9 123
9 124
9 131
9 132
9 134
9 141
9 144
9 145
9 149
9 150
9 154
9 156
9 162
9 164
9 165
9 166
9 169
10 17
10 21
10 24
10 34
10 43
10 44
10 46
10 47
10 50
10 51
10 58
10 61
10 68
10 71
10 75
10 77
10 79
10 81
10 82
10 84
10 89
10 90
10 97
10 100
10 103
10 110
10 111
10 116
10 117
10 124
10 126
10 132
10 133
10 137
10 141
10 142
10 143
10 148
10 152
10 154
10 157
10 161
10 162
10 163
10 167
10 169
11 12
11 17
11 18
11 20
11 22
11 29
11 31
11 36
11 43
11 45
11 46
11 47
11 53
11 54
11 57
11 59
11 61
11 65
11 69
11 88
11 95
11 96
11 99
11 101
11 103
11 105
11 108
11 109
11 113
11 114
11 117
11 123
11 124
11 125
11 126
11 133
11 134
11 136
11 137
11 143
11 144
11 145
11 147
11 148
11 150
11 153
11 154
11 156
11 157
11 158
11 160
11 161
11 163
11 168
12 18
12 22
12 27
12 31
12 32
12 34
12 39
12 40
12 41
12 45
12 49
12 50
12 52
12 53
12 55
12 57
12 61
12 62
12 63
12 67
12 71
12 73
12 79
12 83
12 92
12 93
12 94
12 98
12 99
12 101
12 102
12 110
12 111
12 125
12 129
12 131
12 138
12 139
12 141
12 142
12 145
12 146
12 148
12 149
12 152
12 153
12 154
12 155
12 156
12 160
12 169
13 15
13 20
13 22
13 33
13 38
13 42
13 47
13 53
13 56
13 57
13 59
13 60
13 69
13 75
13 85
13 88
13 90
13 92
13 97
13 98
13 100
13 104
13 112
13 113
13 116
13 117
13 127
13 129
13 131
13 132
13 142
13 143
13 147
13 150
13 153
13 157
13 163
13 166
13 167
14 16
14 19
14 26
14 30
14 32
14 37
14 41
14 42
14 44
14 48
14 51
14 52
14 53
14 63
14 68
14 78
14 80
14 88
14 89
14 93
14 96
14 99
14 102
14 105
14 108
14 111
14 112
14 118
14 121
14 122
14 124
14 129
14 130
14 131
14 136
14 140
14 142
14 143
14 147
14 149
14 151
14 152
14 155
14 157
14 159
14 161
14 169
15 26
15 28
15 29
15 32
15 38
15 39
15 40
15 45
15 46
15 52
15 61
15 62
15 66
15 67
15 69
15 71
15 75
15 86
15 87
15 88
15 94
15 95
15 96
15 99
15 102
15 104
15 113
15 114
15 115
15 118
15 121
15 131
15 133
15 134
15 135
15 140
15 151
15 155
15 161
15 165
15 168
16 18
16 19
16 23
16 27
16 29
16 34
16 40
16 45
16 47
16 50
16 51
16 56
16 60
16 64
16 67
16 70
16 73
16 76
16 82
16 84
16 88
16 94
16 98
16 99
16 100
16 109
16 110
16 113
16 116
16 118
16 127
16 130
16 136
16 139
16 140
16 144
16 145
16 148
16 149
16 150
16 151
16 154
16 155
16 158
16 162
16 163
16 164
17 18
17 22
17 39
17 40
17 42
17 49
17 50
17 51
17 57
17 58
17 60
17 64
17 68
17 74
17 75
17 82
17 84
17 85
17 87
17 94
17 96
17 99
17 102
17 103
17 105
17 106
17 107
17 109
17 111
17 115
17 119
17 122
17 123
17 124
17 125
17 126
17 127
17 128
17 137
17 142
17 143
17 145
17 151
17 154
17 156
17 158
17 160
17 163
17 165
17 168
18 19
18 23
18 24
18 27
18 33
18 37
18 43
18 50
18 55
18 58
18 61
18 63
18 65
18 67
18 69
18 74
18 76
18 79
18 80
18 84
18 89
18 90
18 97
18 104
18 115
18 125
18 134
18 135
18 138
18 144
18 145
18 152
18 157
18 163
19 20
19 22
19 23
19 27
19 28
19 29
19 30
19 32
19 35
19 36
19 40
19 41
19 42
19 46
19 51
19 56
19 57
19 66
19 67
19 70
19 73
19 81
19 88
19 89
19 91
19 92
19 96
19 100
19 104
19 110
19 115
19 117
19 122
19 123
19 125
19 126
19 131
19 140
19 141
19 143
19 146
19 148
19 150
19 155
19 158
19 159
19 160
19 167
20 21
20 23
20 27
20 33
20 34
20 38
20 44
20 47
20 50
20 64
20 65
20 66
20 67
20 68
20 69
20 74
20 75
20 81
20 82
20 94
20 96
20 97
20 104
20 106
20 107
20 109
20 110
20 112
20 114
20 119
20 121
20 127
20 132
20 134
20 139
20 140
20 141
20 147
20 152
20 153
20 156
20 157
20 158
20 161
20 163
20 166
21 22
21 25
21 26
21 29
21 31
21 33
21 44
21 46
21 48
21 56
21 58
21 60
21 68
21 69
21 72
21 73
21 80
21 81
21 82
21 84
21 86
21 89
21 90
21 101
21 108
21 110
21 111
21 114
21 120
21 121
21 123
21 124
21 126
21 131
21 134
21 135
21 138
21 140
21 147
21 156
21 158
21 160
21 167
21 168
21 169
22 24
22 25
22 27
22 32
22 33
22 36
22 39
22 42
22 51
22 53
22 59
22 61
22 62
22 65
22 69
22 70
22 74
22 75
22 87
22 88
22 92
22 93
22 95
22 101
22 102
22 109
22 111
22 114
22 123
22 127
22 135
22 143
22 149
22 151
22 163
22 165
22 167
22 168
23 24
23 25
23 27
23 31
23 32
23 33
23 35
23 37
23 42
23 43
23 45
23 48
23 50
23 55
23 64
23 66
23 68
23 76
23 78
23 79
23 83
23 86
23 89
23 92
23 94
23 96
23 101
23 102
23 103
23 104
23 112
23 116
23 120
23 121
23 127
23 128
23 131
23 133
23 137
23 139
23 140
23 148
23 151
23 152
23 154
23 160
24 29
24 40
24 44
24 47
24 48
24 55
24 57
24 62
24 65
24 78
24 83
24 85
24 87
24 94
24 95
24 99
24 103
24 105
24 107
24 110
24 113
24 121
24 122
24 123
24 125
24 126
24 128
24 136
24 137
24 144
24 147
24 150
24 151
24 156
24 158
24 163
24 165
25 27
25 29
25 32
25 33
25 38
25 42
25 47
25 48
25 50
25 53
25 55
25 56
25 58
25 59
25 61
25 69
25 70
25 72
25 89
25 90
25 92
25 98
25 99
25 101
25 102
25 105
25 107
25 108
25 109
25 110
25 114
25 121
25 122
25 128
25 133
25 134
25 140
25 143
25 148
25 150
25 151
25 155
25 156
25 157
25 161
25 165
26 29
26 30
26 31
26 35
26 40
26 41
26 43
26 46
26 52
26 56
26 62
26 63
26 65
26 66
26 70
26 71
26 74
26 76
26 77
26 82
26 83
26 85
26 86
26 89
26 96
26 100
26 105
26 114
26 118
26 119
26 121
26 125
26 127
26 134
26 143
26 145
26 149
26 150
26 153
26 154
26 157
26 159
26 165
27 29
27 33
27 35
27 41
27 44
27 50
27 57
27 58
27 59
27 62
27 68
27 69
27 70
27 80
27 82
27 84
27 86
27 88
27 99
27 101
27 104
27 106
27 108
27 110
27 112
27 113
27 114
27 116
27 128
27 129
27 135
27 137
27 142
27 148
27 149
27 152
27 155
27 165
27 169
28 30
28 33
28 44
28 45
28 47
28 49
28 50
28 51
28 58
28 61
28 62
28 70
28 73
28 80
28 89
28 103
28 110
28 111
28 112
28 113
28 122
28 124
28 126
28 127
28 143
28 149
28 154
28 157
28 158
28 159
29 30
29 31
29 33
29 35
29 38
29 40
29 41
29 42
29 43
29 46
29 54
29 56
29 59
29 60
29 61
29 65
29 69
29 70
29 79
29 80
29 81
29 88
29 91
29 95
29 103
29 104
29 111
29 117
29 121
29 123
29 125
29 126
29 127
29 134
29 135
29 138
29 139
29 143
29 146
29 151
29 155
29 157
29 158
29 160
29 162
30 31
30 33
30 35
30 41
30 42
30 44
30 45
30 48
30 53
30 64
30 70
30 74
30 75
30 79
30 80
30 81
30 82
30 86
30 87
30 88
30 89
30 91
30 97
30 101
30 104
30 107
30 110
30 111
30 112
30 113
30 118
30 119
30 126
30 135
30 136
30 137
30 141
30 145
30 146
30 149
30 150
30 151
30 153
30 161
30 164
30 165
30 168
31 32
31 34
31 36
31 45
31 52
31 59
31 67
31 72
31 73
31 84
31 85
31 95
31 109
31 112
31 117
31 119
31 125
31 129
31 133
31 135
31 138
31 139
31 140
31 143
31 144
31 146
31 147
31 150
31 151
31 155
31 157
31 158
31 160
31 162
31 168
32 34
32 35
32 36
32 38
32 43
32 44
32 49
32 51
32 53
32 65
32 67
32 68
32 70
32 76
32 79
32 82
32 87
32 91
32 96
32 97
32 99
32 100
32 101
32 102
32 103
32 108
32 112
32 114
32 116
32 125
32 128
32 134
32 135
32 142
32 143
32 145
32 148
32 151
32 152
32 154
32 156
32 157
32 161
32 162
32 164
32 166
32 168
33 34
33 45
33 47
33 49
33 53
33 56
33 59
33 63
33 68
33 71
33 73
33 76
33 78
33 79
33 80
33 81
33 83
33 84
33 86
33 89
33 91
33 94
33 97
33 99
33 100
33 101
33 102
33 103
33 108
33 109
33 115
33 117
33 118
33 119
33 121
33 129
33 142
33 145
33 148
33 150
33 151
33 154
33 161
33 163
34 37
34 38
34 44
34 47
34 52
34 54
34 55
34 60
34 62
34 66
34 67
34 69
34 73
34 76
34 77
34 78
34 85
34 86
34 87
34 88
34 92
34 94
34 96
34 99
34 100
34 102
34 103
34 104
34 108
34 109
34 129
34 131
34 135
34 138
34 141
34 143
34 144
34 145
34 147
34 159
34 160
34 161
34 166
34 169
35 37
35 39
35 49
35 50
35 53
35 54
35 55
35 57
35 59
35 60
35 62
35 65
35 66
35 69
35 70
35 76
35 79
35 80
35 84
35 98
35 103
35 110
35 111
35 118
35 119
35 125
35 127
35 128
35 130
35 137
35 141
35 142
35 148
35 153
35 156
35 157
35 158
35 159
35 163
35 164
35 167
36 39
36 45
36 47
36 50
36 51
36 52
36 54
36 55
36 61
36 62
36 63
36 65
36 72
36 73
36 80
36 81
36 82
36 86
36 92
36 97
36 99
36 103
36 107
36 110
36 112
36 114
36 115
36 125
36 128
36 130
36 139
36 140
36 142
36 144
36 146
36 152
36 157
36 158
36 159
36 160
36 162
36 163
37 48
37 49
37 54
37 56
37 64
37 66
37 72
37 75
37 76
37 77
37 78
37 80
37 89
37 94
37 101
37 103
37 104
37 105
37 108
37 115
37 117
37 120
37 125
37 129
37 135
37 136
37 139
37 143
37 147
37 155
37 162
37 163
37 167
38 44
38 55
38 56
38 58
38 61
38 74
38 75
38 76
38 81
38 90
38 91
38 93
38 99
38 101
38 103
38 106
38 107
38 108
38 110
38 113
38 116
38 117
38 118
38 123
38 124
38 125
38 128
38 134
38 136
38 139
38 140
38 152
38 153
39 42
39 45
39 47
39 49
39 52
39 53
39 54
39 62
39 64
39 66
39 68
39 73
39 76
39 79
39 86
39 91
39 94
39 97
39 105
39 114
39 116
39 119
39 121
39 122
39 126
39 128
39 130
39 132
39 135
39 137
39 141
39 142
39 145
39 147
39 152
39 160
39 166
40 44
40 46
40 47
40 53
40 55
40 56
40 59
40 61
40 62
40 63
40 67
40 72
40 74
40 80
40 86
40 95
40 98
40 107
40 109
40 116
40 120
40 121
40 122
40 126
40 130
40 131
40 134
40 139
40 144
40 145
40 150
40 155
40 159
40 160
40 161
40 164
41 42
41 44
41 46
41 47
41 48
41 51
41 52
41 60
41 65
41 67
41 71
41 75
41 78
41 81
41 86
41 88
41 94
41 95
41 98
41 99
41 102
41 106
41 110
41 124
41 130
41 131
41 133
41 134
41 145
41 146
41 153
41 154
41 157
41 163
42 43
42 47
42 49
42 53
42 54
42 55
42 56
42 57
42 58
42 74
42 75
42 76
42 77
42 85
42 86
42 87
42 89
42 90
42 94
42 99
42 100
42 103
42 106
42 107
42 110
42 115
42 116
42 121
42 124
42 127
42 130
42 131
42 137
42 138
42 140
42 141
42 143
42 145
42 146
42 150
42 154
42 155
42 159
42 163
42 164
42 165
42 166
42 169
43 46
43 48
43 49
43 54
43 56
43 58
43 60
43 66
43 67
43 68
43 76
43 77
43 79
43 83
43 84
43 89
43 90
43 93
43 95
43 96
43 102
43 104
43 109
43 110
43 112
43 119
43 120
43 122
43 124
43 128
43 129
43 133
43 135
43 136
43 139
43 147
43 152
43 155
43 156
43 157
43 159
43 166
43 168
44 46
44 48
44 50
44 60
44 66
44 67
44 74
44 75
44 79
44 80
44 83
44 85
44 88
44 93
44 99
44 100
44 101
44 107
44 109
44 113
44 114
44 120
44 121
44 123
44 131
44 132
44 137
44 139
44 145
44 149
44 150
44 160
44 164
44 165
44 166
45 46
45 47
45 54
45 55
45 57
45 67
45 72
45 73
45 74
45 78
45 79
45 83
45 85
45 86
45 93
45 94
45 100
45 103
45 104
45 105
45 106
45 107
45 108
45 114
45 118
45 119
45 121
45 124
45 125
45 127
45 128
45 129
45 131
45 135
45 136
45 141
45 143
45 145
45 148
45 155
45 156
45 157
45 162
45 165
45 166
45 169
46 49
46 57
46 61
46 65
46 67
46 68
46 72
46 76
46 80
46 81
46 82
46 87
46 101
46 102
46 105
46 111
46 113
46 115
46 121
46 130
46 132
46 134
46 138
46 142
46 145
46 148
46 151
46 156
46 166
46 168
47 60
47 61
47 62
47 65
47 72
47 73
47 74
47 80
47 85
47 86
47 87
47 95
47 97
47 100
47 101
47 102
47 103
47 114
47 122
47 124
47 126
47 128
47 131
47 132
47 134
47 136
47 138
47 149
47 156
47 158
47 160
47 164
47 165
47 166
47 167
48 51
48 54
48 58
48 60
48 66
48 70
48 72
48 73
48 80
48 81
48 83
48 84
48 85
48 86
48 88
48 89
48 91
48 95
48 96
48 98
48 103
48 104
48 107
48 108
48 111
48 112
48 118
48 120
48 124
48 130
48 132
48 142
48 152
48 158
48 161
49 55
49 57
49 62
49 72
49 73
49 74
49 85
49 91
49 92
49 94
49 98
49 104
49 106
49 108
49 116
49 120
49 128
49 129
49 139
49 140
49 143
49 151
49 152
49 153
49 156
49 161
50 52
50 56
50 70
50 73
50 75
50 76
50 78
50 82
50 83
50 85
50 92
50 102
50 103
50 106
50 110
50 118
50 119
50 121
50 123
50 127
50 130
50 131
50 133
50 137
50 139
50 142
50 146
50 147
50 150
50 151
50 155
50 157
50 158
50 160
50 161
50 162
50 165
50 166
50 167
51 57
51 68
51 69
51 76
51 84
51 87
51 88
51 96
51 97
51 101
51 103
51 106
51 108
51 111
51 117
51 118
51 122
51 123
51 128
51 129
51 137
51 138
51 145
51 148
51 149
51 150
51 154
51 155
51 156
51 162
51 163
51 165
51 167
51 168
52 54
52 58
52 70
52 71
52 76
52 78
52 85
52 87
52 90
52 96
52 98
52 100
52 102
52 104
52 111
52 113
52 114
52 116
52 122
52 123
52 125
52 128
52 134
52 139
52 143
52 146
52 147
52 149
52 152
52 156
52 159
52 161
53 58
53 63
53 64
53 66
53 68
53 70
53 71
53 76
53 82
53 85
53 90
53 91
53 95
53 97
53 98
53 101
53 104
53 109
53 111
53 112
53 114
53 115
53 116
53 119
53 125
53 126
53 128
53 130
53 132
53 133
53 135
53 137
53 143
53 152
53 155
53 159
53 160
53 163
53 169
54 56
54 59
54 60
54 61
54 62
54 65
54 67
54 73
54 77
54 79
54 84
54 85
54 87
54 92
54 99
54 103
54 104
54 107
54 111
54 112
54 113
54 117
54 122
54 125
54 127
54 128
54 132
54 133
54 134
54 136
54 137
54 139
54 144
54 147
54 149
54 152
54 153
54 160
54 162
54 169
55 57
55 60
55 64
55 70
55 78
55 81
55 87
55 92
55 94
55 100
55 102
55 103
55 120
55 121
55 124
55 133
55 134
55 135
55 136
55 143
55 145
55 147
55 148
55 149
55 154
55 155
55 157
55 160
55 161
55 162
55 164
55 165
55 167
56 60
56 64
56 68
56 70
56 72
56 75
56 82
56 85
56 88
56 89
56 92
56 93
56 97
56 100
56 101
56 102
56 107
56 109
56 114
56 119
56 129
56 130
56 134
56 135
56 140
56 143
56 144
56 146
56 149
56 150
56 152
56 153
56 156
56 157
56 161
56 164
56 165
56 169
57 59
57 60
57 62
57 64
57 65
57 66
57 68
57 69
57 72
57 78
57 87
57 91
57 94
57 96
57 98
57 105
57 107
57 121
57 123
57 124
57 126
57 129
57 132
57 133
57 136
57 141
57 149
57 152
57 153
57 154
57 157
57 166
57 168
58 60
58 61
58 62
58 63
58 64
58 66
58 69
58 76
58 78
58 85
58 89
58 98
58 101
58 106
58 109
58 110
58 112
58 113
58 115
58 123
58 125
58 129
58 131
58 141
58 142
58 148
58 154
58 158
58 163
58 165
58 166
58 168
58 169
59 60
59 66
59 67
59 69
59 70
59 73
59 78
59 79
59 82
59 86
59 92
59 94
59 95
59 106
59 107
59 109
59 117
59 121
59 122
59 126
59 132
59 135
59 141
59 143
59 144
59 146
59 147
59 149
59 154
59 157
59 159
59 163
59 167
60 61
60 62
60 65
60 69
60 72
60 75
60 76
60 79
60 84
60 93
60 99
60 104
60 111
60 112
60 113
60 118
60 119
60 126
60 128
60 131
60 135
60 144
60 145
60 153
60 155
60 156
60 158
60 159
60 160
60 165
60 167
60 168
61 63
61 66
61 70
61 72
61 74
61 79
61 84
61 87
61 90
61 96
61 98
61 99
61 100
61 101
61 103
61 107
61 114
61 118
61 119
61 121
61 122
61 125
61 126
61 129
61 132
61 136
61 137
61 141
61 142
61 148
61 151
61 156
61 164
61 166
62 70
62 75
62 78
62 79
62 86
62 87
62 88
62 91
62 97
62 110
62 120
62 121
62 122
62 125
62 126
62 130
62 133
62 140
62 142
62 143
62 144
62 160
62 164
62 169
63 66
63 74
63 76
63 81
63 82
63 83
63 88
63 89
63 95
63 100
63 102
63 105
63 106
63 108
63 111
63 113
63 117
63 119
63 124
63 132
63 134
63 137
63 139
63 140
63 143
63 149
63 150
63 156
63 162
63 166
63 167
63 168
64 65
64 66
64 72
64 74
64 77
64 79
64 82
64 83
64 86
64 91
64 92
64 96
64 99
64 102
64 108
64 109
64 110
64 116
64 120
64 126
64 130
64 137
64 140
64 149
64 151
64 156
64 162
65 66
65 70
65 73
65 78
65 79
65 83
65 84
65 88
65 94
65 95
65 101
65 103
65 108
65 109
65 110
65 119
65 124
65 127
65 130
65 131
65 134
65 135
65 137
65 138
65 141
65 145
65 147
65 153
65 155
65 157
65 158
65 159
65 160
65 162
66 68
66 69
66 75
66 76
66 77
66 79
66 80
66 85
66 88
66 90
66 91
66 96
66 98
66 99
66 100
66 103
66 104
66 107
66 108
66 110
66 117
66 119
66 125
66 126
66 133
66 139
66 140
66 144
66 156
66 159
66 168
67 68
67 71
67 76
67 77
67 78
67 79
67 81
67 82
67 83
67 84
67 85
67 95
67 98
67 103
67 105
67 114
67 115
67 118
67 124
67 128
67 129
67 131
67 139
67 141
67 147
67 158
67 164
67 167
67 168
68 70
68 71
68 75
68 78
68 81
68 91
68 93
68 101
68 107
68 108
68 110
68 112
68 114
68 115
68 116
68 121
68 123
68 133
68 140
68 143
68 153
68 154
68 161
68 162
68 166
68 167
68 168
69 70
69 72
69 74
69 77
69 83
69 84
69 85
69 87
69 95
69 100
69 110
69 112
69 113
69 114
69 118
69 123
69 128
69 130
69 139
69 143
69 147
69 149
69 159
69 165
69 168
70 71
70 72
70 74
70 77
70 78
70 84
70 88
70 92
70 94
70 95
70 96
70 97
70 99
70 103
70 106
70 107
70 112
70 113
70 115
70 118
70 121
70 123
70 125
70 126
70 131
70 132
70 136
70 138
70 140
70 145
70 146
70 150
70 156
70 157
70 158
70 165
70 166
71 73
71 74
71 85
71 88
71 89
71 90
71 95
71 98
71 109
71 111
71 118
71 119
71 121
71 125
71 126
71 127
71 129
71 131
71 134
71 137
71 138
71 139
71 145
71 146
71 151
71 155
71 157
71 159
71 160
71 161
72 77
72 79
72 81
72 90
72 92
72 97
72 103
72 104
72 106
72 108
72 116
72 119
72 127
72 128
72 131
72 135
72 137
72 139
72 140
72 154
72 163
72 165
72 167
73 78
73 82
73 83
73 89
73 93
73 96
73 101
73 105
73 108
73 109
73 110
73 111
73 114
73 115
73 117
73 123
73 124
73 127
73 131
73 132
73 134
73 137
73 141
73 142
73 146
73 150
73 154
73 157
73 159
73 160
73 164
73 165
74 75
74 76
74 79
74 86
74 87
74 88
74 90
74 91
74 95
74 96
74 101
74 102
74 104
74 107
74 112
74 114
74 119
74 120
74 121
74 124
74 125
74 131
74 140
74 143
74 145
74 147
74 148
74 149
74 150
74 151
74 154
74 163
74 169
75 77
75 78
75 80
75 81
75 83
75 85
75 86
75 87
75 91
75 93
75 97
75 102
75 103
75 104
75 113
75 114
75 118
75 122
75 125
75 131
75 134
75 137
75 139
75 142
75 145
75 146
75 153
75 156
75 158
75 163
75 164
75 165
76 77
76 78
76 80
76 83
76 84
76 89
76 90
76 91
76 94
76 96
76 102
76 106
76 107
76 110
76 119
76 122
76 123
76 126
76 128
76 130
76 136
76 137
76 140
76 147
76 162
76 163
77 91
77 103
77 106
77 108
77 109
77 110
77 114
77 115
77 116
77 120
77 123
77 128
77 132
77 135
77 138
77 139
77 140
77 142
77 144
77 151
77 152
77 156
77 157
77 158
78 90
78 96
78 99
78 101
78 102
78 106
78 108
78 109
78 113
78 115
78 120
78 127
78 129
78 134
78 135
78 140
78 141
78 145
78 146
78 149
78 151
78 153
78 158
78 167
79 86
79 89
79 91
79 93
79 96
79 102
79 105
79 106
79 110
79 116
79 118
79 119
79 120
79 121
79 123
79 124
79 132
79 134
79 136
79 139
79 143
79 147
79 149
79 150
79 151
79 152
79 157
79 159
79 162
79 166
79 167
80 83
80 84
80 88
80 93
80 99
80 101
80 102
80 107
80 110
80 120
80 121
80 123
80 124
80 131
80 133
80 134
80 135
80 136
80 137
80 142
80 143
80 144
80 145
80 146
80 147
80 150
80 151
80 153
80 154
80 159
80 162
80 167
80 169
81 82
81 84
81 86
81 93
81 98
81 107
81 108
81 110
81 119
81 127
81 130
81 140
81 144
81 145
81 146
81 153
81 154
81 156
81 158
81 162
81 165
81 167
81 168
82 85
82 88
82 90
82 91
82 94
82 101
82 103
82 114
82 120
82 128
82 134
82 135
82 140
82 141
82 143
82 149
82 153
82 165
82 168
82 169
83 86
83 87
83 95
83 96
83 98
83 102
83 105
83 109
83 110
83 111
83 118
83 124
83 130
83 132
83 133
83 134
83 137
83 140
83 144
83 145
83 151
83 152
83 156
83 160
83 162
83 163
83 166
83 168
84 95
84 97
84 98
84 99
84 101
84 103
84 112
84 114
84 116
84 122
84 123
84 128
84 130
84 131
84 136
84 139
84 144
84 147
84 153
84 156
84 157
84 158
84 161
84 163
84 164
84 169
85 87
85 90
85 94
85 95
85 100
85 103
85 104
85 107
85 120
85 124
85 127
85 129
85 133
85 135
85 137
85 138
85 140
85 144
85 156
85 159
85 164
85 165
85 166
85 167
85 168
86 88
86 94
86 99
86 109
86 112
86 113
86 114
86 123
86 124
86 127
86 130
86 131
86 135
86 139
86 141
86 146
86 151
86 156
86 157
86 164
86 166
86 168
87 89
87 91
87 95
87 100
87 104
87 105
87 106
87 111
87 112
87 113
87 119
87 121
87 122
87 124
87 134
87 135
87 136
87 138
87 144
87 146
87 147
87 148
87 151
87 152
87 156
87 167
88 89
88 98
88 99
88 101
88 102
88 104
88 107
88 109
88 116
88 118
88 124
88 127
88 128
88 132
88 134
88 136
88 137
88 138
88 141
88 144
88 146
88 157
88 159
88 162
89 100
89 102
89 103
89 104
89 106
89 108
89 114
89 117
89 119
89 120
89 122
89 128
89 132
89 136
89 138
89 139
89 141
89 142
89 143
89 145
89 149
89 150
89 152
89 155
89 158
89 166
90 93
90 103
90 114
90 116
90 117
90 121
90 123
90 131
90 133
90 134
90 154
90 162
90 165
90 166
90 168
90 169
91 94
91 102
91 104
91 106
91 107
91 108
91 109
91 111
91 112
91 116
91 120
91 129
91 134
91 136
91 137
91 139
91 151
91 157
91 159
91 160
91 163
91 168
92 93
92 97
92 98
92 102
92 103
92 104
92 106
92 109
92 110
92 113
92 114
92 117
92 118
92 120
92 121
92 127
92 131
92 132
92 149
92 155
92 158
92 159
92 161
92 162
92 168
93 99
93 100
93 107
93 111
93 114
93 117
93 120
93 122
93 123
93 124
93 126
93 127
93 128
93 133
93 135
93 136
93 141
93 142
93 143
93 144
93 146
93 154
93 158
93 161
93 166
94 98
94 109
94 113
94 118
94 120
94 123
94 128
94 130
94 132
94 140
94 141
94 147
94 150
94 151
94 153
94 159
94 164
94 166
95 99
95 109
95 111
95 115
95 117
95 122
95 125
95 126
95 130
95 131
95 133
95 134
95 135
95 139
95 141
95 145
95 149
95 151
95 153
95 154
95 155
95 165
96 97
96 105
96 109
96 111
96 117
96 122
96 123
96 124
96 125
96 127
96 129
96 136
96 138
96 139
96 143
96 150
96 154
96 158
97 98
97 100
97 104
97 106
97 109
97 112
97 117
97 119
97 122
97 123
97 124
97 126
97 129
97 138
97 139
97 144
97 148
97 150
97 152
97 161
97 162
97 169
98 99
98 104
98 111
98 116
98 120
98 129
98 135
98 137
98 142
98 144
98 146
98 147
98 153
98 155
98 163
98 164
99 100
99 102
99 115
99 119
99 120
99 138
99 149
99 150
99 160
99 161
99 164
99 168
100 101
100 102
100 107
100 108
100 111
100 113
100 121
100 124
100 128
100 130
100 134
100 135
100 145
100 150
100 152
100 155
100 162
100 164
100 166
100 168
101 102
101 104
101 106
101 107
101 113
101 116
101 120
101 121
101 125
101 127
101 128
101 132
101 133
101 135
101 137
101 138
101 139
101 141
101 144
101 145
101 150
101 153
101 154
101 156
101 157
101 158
101 160
101 161
101 164
102 103
102 104
102 118
102 121
102 124
102 125
102 127
102 130
102 134
102 135
102 142
102 144
102 145
102 146
102 148
102 149
102 152
102 154
102 159
102 162
102 164
103 106
103 110
103 112
103 121
103 125
103 127
103 132
103 135
103 139
103 141
103 144
103 146
103 147
103 149
103 156
103 157
103 160
103 166
103 167
104 105
104 107
104 109
104 111
104 123
104 127
104 128
104 134
104 137
104 141
104 143
104 144
104 145
104 146
104 148
104 149
104 155
104 156
104 162
104 164
104 166
104 168
105 107
105 109
105 113
105 114
105 115
105 120
105 122
105 125
105 131
105 135
105 136
105 138
105 141
105 143
105 144
105 145
105 147
105 151
105 152
105 156
105 162
105 165
106 114
106 117
106 118
106 119
106 120
106 126
106 130
106 131
106 132
106 134
106 136
106 139
106 140
106 141
106 142
106 154
106 159
106 163
106 164
106 166
106 168
107 110
107 122
107 123
107 130
107 131
107 133
107 135
107 138
107 142
107 143
107 144
107 146
107 152
107 153
107 154
107 155
107 159
107 166
108 111
108 117
108 118
108 119
108 126
108 127
108 137
108 138
108 139
108 143
108 151
108 152
108 153
108 161
108 164
108 165
108 168
109 113
109 116
109 124
109 125
109 130
109 132
109 133
109 136
109 154
109 156
109 157
109 158
109 161
109 162
109 163
109 165
109 166
110 114
110 116
110 117
110 118
110 120
110 121
110 122
110 123
110 125
110 126
110 127
110 131
110 132
110 135
110 136
110 146
110 149
110 153
110 156
110 158
110 159
110 162
110 163
110 165
110 166
110 168
111 115
111 117
111 123
111 129
111 130
111 136
111 140
111 145
111 151
111 155
111 166
112 120
112 125
112 129
112 133
112 137
112 153
112 156
112 160
112 162
112 163
112 165
112 168
113 114
113 116
113 118
113 130
113 132
113 135
113 137
113 141
113 142
113 145
113 147
113 148
113 149
113 152
113 156
113 158
113 160
113 164
113 169
114 116
114 120
114 121
114 124
114 125
114 126
114 127
114 130
114 132
114 139
114 147
114 148
114 149
114 152
114 153
114 155
114 158
114 159
114 164
114 166
114 168
115 118
115 120
115 130
115 131
115 132
115 135
115 143
115 144
115 148
115 150
115 154
115 155
115 165
115 167
116 122
116 126
116 130
116 131
116 132
116 136
116 138
116 143
116 148
116 162
116 164
116 165
117 122
117 128
117 131
117 132
117 136
117 143
117 146
117 149
117 150
117 161
117 163
117 164
117 167
118 123
118 124
118 125
118 128
118 129
118 130
118 131
118 136
118 138
118 140
118 142
118 147
118 148
118 149
118 154
118 164
118 169
119 124
119 126
119 130
119 132
119 143
119 152
119 155
119 160
119 162
119 163
119 166
119 168
119 169
120 128
120 129
120 132
120 139
120 155
120 159
120 165
120 167
121 122
121 127
121 131
121 133
121 138
121 153
121 155
121 157
121 161
121 162
121 166
121 168
122 124
122 126
122 131
122 137
122 138
122 139
122 141
122 142
122 146
122 150
122 153
122 169
123 126
123 137
123 140
123 141
123 143
123 145
123 146
123 147
123 149
123 152
123 155
123 160
123 161
123 167
123 169
124 127
124 128
124 129
124 132
124 134
124 144
124 146
124 150
124 151
124 152
124 154
124 159
124 162
124 165
124 168
125 127
125 129
125 130
125 131
125 139
125 142
125 143
125 146
125 147
125 148
125 149
125 151
125 152
125 156
125 158
125 161
125 162
125 163
125 165
125 167
125 169
126 129
126 130
126 131
126 137
126 140
126 142
126 146
126 147
126 149
126 152
126 153
126 154
126 156
126 159
126 166
127 131
127 132
127 133
127 140
127 142
127 146
127 147
127 149
127 155
127 160
127 162
127 164
127 168
128 131
128 134
128 137
128 144
128 147
128 153
128 157
128 160
129 130
129 133
129 135
129 137
129 141
129 145
129 148
129 149
129 150
129 159
129 160
129 166
129 168
129 169
130 132
130 133
130 134
130 137
130 138
130 141
130 144
130 157
130 161
130 163
130 166
131 134
131 135
131 143
131 144
131 145
131 148
131 167
132 135
132 140
132 142
132 156
132 160
132 161
132 164
132 167
133 138
133 147
133 148
133 151
133 158
133 162
133 164
133 167
134 136
134 141
134 142
134 146
134 149
134 150
134 151
134 152
134 153
134 161
134 165
134 168
134 169
135 142
135 147
135 150
135 156
135 160
135 163
136 139
136 143
136 144
136 149
136 151
136 157
136 160
136 163
136 167
137 140
137 142
137 143
137 144
137 148
137 149
137 160
137 161
137 166
137 167
138 141
138 143
138 154
138 156
138 161
138 166
139 144
139 147
139 151
139 159
139 160
139 165
139 166
140 144
140 146
140 147
140 150
140 151
140 159
140 160
140 163
140 165
141 144
141 152
141 161
141 165
141 166
141 168
141 169
142 146
142 147
142 148
142 151
142 154
142 164
142 165
142 166
142 167
142 168
143 147
143 148
143 152
143 153
143 160
143 162
143 163
143 164
144 147
144 148
144 156
144 159
144 160
144 161
145 149
145 156
145 160
145 165
145 166
146 147
146 157
146 161
146 168
147 149
147 155
147 160
147 161
147 163
147 164
147 167
148 149
148 153
148 158
148 165
149 156
149 160
149 163
149 168
149 169
150 151
150 153
150 155
150 169
151 160
151 163
151 164
151 165
151 167
152 153
152 155
152 157
152 159
152 167
152 168
153 162
153 169
154 156
154 157
154 161
154 162
154 167
154 169
155 156
155 159
155 163
155 166
156 160
156 166
157 161
157 164
157 165
157 167
158 159
158 169
159 161
159 167
159 169
160 161
160 162
162 165
162 167
162 169
163 164
164 167
166 167
166 169
167 168
62 88 147 61 103 148 67 58
92 117 53 149 96 54 130 59
150 55 145 8 37 166 162 36
135 29 121 17 131 3 56 75
44 43 72 68 113 133 73 79
11 155 52 51 18 41 19 104
125 144 109 4 158 23 164 160
115 27 85 141 74 49 22 31
163 90 14 1 137 34 28 76
13 107 80 64 6 84 142 38
152 112 42 40 116 100 60 65
134 124 151 93 146 9 128 83
167 32 129 45 114 69 143 24
139 21 165 156 48 168 70 10
50 118 20 154 127 126 87 35
169 111 94 120 30 33 57 91
7 122 110 140 99 89 138 66
98 102 63 132 16 153 26 15
119 95 47 157 97 39 78 86
2 106 136 159 161 0 105 101
5 123 77 12 46 81 71 82
25 108
