120
2161
4
22.62
49.22
28.68
5.66
0 1
0 2
0 12
0 16
0 18
0 26
0 28
0 32
0 46
0 47
0 53
0 54
0 55
0 56
0 60
0 66
0 80
0 88
0 97
0 99
0 102
0 107
0 114
1 3
1 6
1 7
1 8
1 9
1 10
1 15
1 17
1 18
1 26
1 29
1 30
1 38
1 41
1 43
1 48
1 49
1 50
1 56
1 59
1 68
1 71
1 72
1 77
1 78
1 81
1 95
1 98
1 99
1 100
1 101
1 103
1 110
1 113
1 116
1 117
2 3
2 5
2 6
2 9
2 10
2 18
2 19
2 22
2 24
2 28
2 29
2 35
2 36
2 37
2 38
2 41
2 43
2 51
2 52
2 58
2 59
2 67
2 70
2 77
2 79
2 80
2 81
2 82
2 83
2 85
2 86
2 87
2 89
2 90
2 98
2 100
2 103
2 105
2 107
2 110
2 112
2 119
3 4
3 6
3 11
3 14
3 15
3 23
3 33
3 36
3 38
3 40
3 45
3 47
3 48
3 52
3 59
3 61
3 63
3 64
3 66
3 68
3 72
3 77
3 78
3 79
3 84
3 85
3 86
3 88
3 89
3 93
3 95
3 98
3 103
3 104
3 110
3 115
3 116
3 119
4 7
4 8
4 12
4 13
4 15
4 21
4 24
4 31
4 38
4 39
4 42
4 45
4 48
4 50
4 54
4 55
4 56
4 57
4 61
4 62
4 69
4 76
4 79
4 84
4 86
4 87
4 88
4 92
4 97
4 98
4 104
4 105
4 106
4 107
4 112
4 113
4 114
4 117
5 6
5 14
5 16
5 18
5 24
5 26
5 30
5 34
5 35
5 41
5 45
5 50
5 51
5 64
5 68
5 71
5 72
5 73
5 77
5 91
5 93
5 94
5 95
5 105
5 108
6 8
6 12
6 15
6 17
6 20
6 26
6 29
6 33
6 38
6 39
6 40
6 46
6 47
6 49
6 52
6 53
6 62
6 69
6 70
6 79
6 80
6 85
6 87
6 92
6 99
6 104
6 106
6 108
6 109
6 113
6 115
6 119
7 12
7 13
7 17
7 20
7 21
7 24
7 27
7 28
7 42
7 45
7 46
7 47
7 51
7 53
7 57
7 60
7 63
7 64
7 66
7 74
7 81
7 88
7 90
7 91
7 92
7 94
7 95
7 98
7 103
7 104
7 105
7 107
7 109
7 111
7 112
7 113
7 114
7 116
7 117
8 10
8 12
8 13
8 15
8 16
8 19
8 24
8 30
8 34
8 38
8 39
8 44
8 45
8 46
8 47
8 48
8 53
8 54
8 56
8 61
8 65
8 68
8 70
8 71
8 73
8 74
8 77
8 80
8 89
8 99
8 100
8 116
8 119
9 13
9 20
9 22
9 32
9 46
9 48
9 52
9 54
9 56
9 61
9 65
9 68
9 73
9 74
9 75
9 76
9 80
9 82
9 86
9 87
9 88
9 95
9 96
9 98
9 100
9 112
9 115
9 118
10 12
10 14
10 17
10 18
10 19
10 21
10 22
10 23
10 35
10 45
10 46
10 52
10 57
10 60
10 62
10 64
10 66
10 70
10 72
10 77
10 82
10 90
10 95
10 96
10 99
10 100
10 101
10 106
10 107
10 109
10 110
10 111
11 14
11 16
11 23
11 25
11 33
11 36
11 37
11 43
11 56
11 59
11 66
11 67
11 68
11 69
11 71
11 74
11 76
11 78
11 81
11 88
11 91
11 95
11 99
11 100
11 102
11 103
11 106
11 111
11 112
11 115
11 116
11 117
12 14
12 17
12 22
12 26
12 28
12 31
12 35
12 43
12 45
12 46
12 47
12 50
12 51
12 54
12 56
12 57
12 58
12 62
12 67
12 72
12 75
12 78
12 83
12 87
12 88
12 90
12 97
12 100
12 102
12 104
12 105
12 108
12 113
12 117
13 14
13 15
13 21
13 22
13 28
13 32
13 40
13 44
13 47
13 56
13 60
13 62
13 63
13 70
13 71
13 72
13 81
13 84
13 87
13 91
13 92
13 95
13 98
13 100
13 102
13 103
13 105
13 106
13 111
13 114
13 115
13 116
14 15
14 23
14 26
14 29
14 31
14 33
14 35
14 37
14 42
14 43
14 44
14 51
14 58
14 59
14 62
14 64
14 65
14 69
14 72
14 80
14 86
14 90
14 91
14 94
14 95
14 98
14 108
14 113
14 115
15 22
15 28
15 34
15 35
15 44
15 48
15 49
15 60
15 63
15 64
15 66
15 68
15 70
15 78
15 79
15 80
15 85
15 86
15 92
15 93
15 95
15 96
15 98
15 99
15 108
15 111
15 116
15 119
16 20
16 26
16 28
16 30
16 31
16 32
16 36
16 38
16 39
16 43
16 46
16 48
16 49
16 59
16 62
16 64
16 76
16 79
16 80
16 84
16 91
16 97
16 100
16 105
16 117
17 20
17 22
17 23
17 24
17 27
17 28
17 32
17 34
17 36
17 38
17 39
17 40
17 44
17 51
17 53
17 57
17 59
17 60
17 62
17 65
17 68
17 71
17 72
17 75
17 76
17 77
17 78
17 85
17 87
17 91
17 92
17 99
17 101
17 103
17 107
17 109
17 111
17 113
17 118
17 119
18 21
18 22
18 23
18 25
18 35
18 36
18 39
18 41
18 43
18 46
18 49
18 50
18 52
18 54
18 55
18 56
18 62
18 63
18 64
18 65
18 66
18 67
18 68
18 71
18 72
18 79
18 80
18 82
18 85
18 88
18 90
18 92
18 97
18 106
18 108
18 111
18 114
18 115
18 118
18 119
19 21
19 23
19 24
19 28
19 32
19 33
19 34
19 36
19 42
19 44
19 48
19 51
19 52
19 54
19 58
19 60
19 66
19 67
19 68
19 70
19 75
19 77
19 79
19 80
19 82
19 88
19 89
19 94
19 96
19 97
19 98
19 100
19 104
19 107
19 108
19 109
19 113
19 116
19 117
19 118
20 26
20 27
20 33
20 37
20 42
20 43
20 46
20 50
20 55
20 60
20 61
20 62
20 72
20 73
20 77
20 78
20 81
20 82
20 86
20 96
20 99
20 101
20 102
20 103
20 106
20 107
20 108
20 110
21 27
21 31
21 41
21 46
21 58
21 62
21 70
21 73
21 74
21 77
21 82
21 85
21 87
21 88
21 97
21 102
21 108
21 111
21 116
21 118
22 36
22 38
22 39
22 44
22 45
22 46
22 57
22 59
22 60
22 61
22 62
22 63
22 66
22 76
22 78
22 79
22 80
22 81
22 85
22 87
22 88
22 92
22 93
22 94
22 103
22 111
22 113
22 116
22 118
23 30
23 37
23 38
23 42
23 43
23 53
23 63
23 65
23 66
23 68
23 70
23 74
23 76
23 84
23 86
23 89
23 90
23 92
23 98
23 99
23 100
23 102
23 110
23 112
23 115
23 119
24 26
24 27
24 29
24 31
24 33
24 36
24 42
24 43
24 45
24 48
24 49
24 50
24 54
24 57
24 58
24 66
24 67
24 68
24 69
24 71
24 79
24 85
24 86
24 88
24 89
24 95
24 99
24 103
24 104
24 105
24 111
24 112
24 115
25 32
25 34
25 37
25 39
25 41
25 43
25 46
25 47
25 49
25 60
25 62
25 63
25 64
25 72
25 76
25 78
25 79
25 81
25 86
25 87
25 89
25 90
25 91
25 92
25 94
25 97
25 113
25 114
25 115
25 119
26 27
26 29
26 35
26 48
26 55
26 59
26 63
26 64
26 68
26 72
26 73
26 75
26 77
26 79
26 84
26 91
26 93
26 96
26 98
26 100
26 101
26 102
26 103
26 104
26 113
26 119
27 31
27 34
27 36
27 38
27 40
27 43
27 51
27 55
27 56
27 58
27 59
27 60
27 61
27 64
27 67
27 69
27 71
27 78
27 84
27 89
27 95
27 96
27 99
27 108
27 112
27 115
27 118
28 30
28 33
28 40
28 42
28 44
28 45
28 50
28 52
28 53
28 54
28 59
28 63
28 64
28 66
28 71
28 75
28 76
28 79
28 81
28 82
28 93
28 94
28 99
28 108
28 113
29 31
29 32
29 38
29 39
29 40
29 42
29 44
29 47
29 49
29 50
29 55
29 56
29 58
29 59
29 65
29 69
29 70
29 72
29 74
29 76
29 87
29 88
29 104
29 105
29 106
29 109
29 115
29 116
29 117
29 118
29 119
30 31
30 33
30 36
30 37
30 48
30 53
30 54
30 55
30 58
30 61
30 63
30 66
30 72
30 77
30 83
30 85
30 86
30 88
30 90
30 93
30 94
30 95
30 96
30 99
30 103
30 104
30 105
30 108
30 112
30 113
30 117
30 118
30 119
31 35
31 38
31 48
31 49
31 57
31 61
31 68
31 69
31 72
31 77
31 84
31 86
31 89
31 91
31 98
31 104
31 105
31 111
31 112
31 114
31 115
31 117
31 118
32 33
32 44
32 51
32 53
32 54
32 57
32 64
32 74
32 77
32 80
32 82
32 83
32 84
32 90
32 97
32 99
32 101
32 103
32 104
32 106
32 108
32 111
32 114
33 35
33 36
33 38
33 42
33 45
33 47
33 50
33 51
33 55
33 61
33 62
33 67
33 70
33 74
33 79
33 84
33 86
33 93
33 94
33 99
33 103
33 105
33 106
33 109
33 110
34 39
34 45
34 48
34 49
34 57
34 60
34 63
34 73
34 78
34 79
34 81
34 84
34 86
34 88
34 96
34 98
34 99
34 100
34 102
34 103
34 104
34 105
34 106
34 108
34 112
34 114
34 116
34 117
35 37
35 38
35 40
35 41
35 45
35 47
35 48
35 49
35 50
35 51
35 52
35 56
35 59
35 64
35 68
35 70
35 80
35 84
35 87
35 98
35 99
35 103
35 106
35 108
35 110
36 37
36 38
36 45
36 46
36 48
36 50
36 51
36 56
36 58
36 59
36 61
36 62
36 74
36 76
36 78
36 81
36 82
36 88
36 92
36 93
36 94
36 106
36 108
36 109
36 117
37 41
37 43
37 44
37 48
37 49
37 51
37 57
37 61
37 69
37 72
37 73
37 75
37 77
37 79
37 82
37 84
37 88
37 89
37 91
37 93
37 96
37 97
37 100
37 102
37 103
37 106
37 107
37 108
37 110
37 112
37 115
37 117
38 53
38 54
38 61
38 71
38 73
38 77
38 80
38 81
38 87
38 88
38 92
38 93
38 95
38 99
38 102
38 107
38 108
38 109
38 112
38 113
38 114
38 115
38 117
38 118
39 45
39 46
39 48
39 52
39 60
39 66
39 67
39 72
39 73
39 77
39 78
39 79
39 81
39 83
39 85
39 88
39 93
39 96
39 97
39 100
39 101
39 102
39 103
39 107
39 108
39 110
39 111
39 113
39 115
40 42
40 45
40 46
40 48
40 55
40 56
40 68
40 76
40 77
40 82
40 83
40 96
40 97
40 100
40 106
40 109
41 45
41 52
41 53
41 54
41 61
41 62
41 65
41 70
41 72
41 76
41 78
41 79
41 81
41 83
41 85
41 96
41 98
41 99
41 102
41 105
41 117
41 118
42 44
42 50
42 53
42 54
42 55
42 59
42 61
42 67
42 73
42 77
42 79
42 80
42 85
42 88
42 92
42 97
42 104
42 107
42 111
42 112
42 116
43 48
43 49
43 51
43 52
43 54
43 61
43 70
43 71
43 72
43 73
43 86
43 88
43 91
43 92
43 97
43 98
43 101
43 106
43 107
43 108
43 116
43 117
44 50
44 54
44 59
44 63
44 66
44 67
44 70
44 72
44 76
44 79
44 82
44 86
44 87
44 90
44 96
44 99
44 104
44 105
44 106
44 110
44 113
44 114
44 116
44 117
44 118
45 46
45 50
45 52
45 54
45 58
45 59
45 62
45 63
45 64
45 81
45 82
45 83
45 84
45 85
45 86
45 88
45 93
45 95
45 101
45 105
45 106
45 108
45 111
45 112
45 113
45 117
45 119
46 51
46 55
46 57
46 58
46 60
46 62
46 74
46 76
46 77
46 79
46 80
46 83
46 84
46 89
46 93
46 96
46 99
46 101
46 103
46 104
46 106
46 114
46 115
46 116
46 118
47 51
47 55
47 57
47 58
47 59
47 62
47 63
47 66
47 67
47 78
47 80
47 84
47 89
47 90
47 91
47 101
47 105
47 107
47 113
47 115
47 116
48 50
48 55
48 56
48 61
48 62
48 64
48 66
48 69
48 76
48 77
48 80
48 81
48 82
48 92
48 93
48 94
48 98
48 99
48 102
48 105
48 110
48 113
48 119
49 59
49 61
49 63
49 67
49 68
49 69
49 77
49 83
49 85
49 86
49 91
49 96
49 98
49 100
49 101
49 103
49 104
49 106
49 107
49 111
49 114
49 115
50 53
50 54
50 55
50 58
50 68
50 70
50 72
50 88
50 94
50 96
50 97
50 101
50 102
50 108
50 113
50 117
50 118
51 53
51 54
51 55
51 57
51 59
51 62
51 64
51 66
51 68
51 72
51 74
51 81
51 82
51 83
51 85
51 86
51 89
51 91
51 92
51 94
51 95
51 97
51 100
51 105
51 106
51 107
51 108
51 114
51 118
52 55
52 65
52 69
52 72
52 73
52 74
52 77
52 80
52 83
52 84
52 85
52 92
52 94
52 95
52 96
52 98
52 106
52 108
52 109
52 110
52 112
52 113
52 119
53 56
53 57
53 60
53 66
53 68
53 84
53 87
53 90
53 93
53 95
53 96
53 97
53 99
53 102
53 107
53 109
53 115
53 116
54 55
54 57
54 58
54 60
54 62
54 66
54 67
54 68
54 70
54 72
54 81
54 84
54 89
54 90
54 93
54 96
54 99
54 101
54 103
54 104
54 105
54 115
54 116
55 56
55 60
55 65
55 66
55 67
55 70
55 77
55 80
55 85
55 88
55 91
55 92
55 100
55 101
55 103
55 105
55 109
55 110
55 111
55 113
55 114
55 116
55 119
56 61
56 62
56 64
56 66
56 67
56 71
56 77
56 87
56 95
56 97
56 100
56 101
56 107
56 110
56 114
56 119
57 59
57 60
57 61
57 63
57 64
57 65
57 70
57 72
57 73
57 75
57 77
57 82
57 83
57 85
57 86
57 88
57 98
57 102
57 112
58 61
58 68
58 72
58 75
58 81
58 82
58 83
58 86
58 87
58 94
58 103
58 108
59 66
59 68
59 70
59 71
59 76
59 77
59 79
59 80
59 81
59 83
59 87
59 88
59 91
59 97
59 101
59 105
59 108
59 112
59 114
59 115
59 117
59 119
60 63
60 64
60 71
60 72
60 73
60 83
60 89
60 90
60 98
60 102
60 103
60 105
61 69
61 70
61 71
61 75
61 76
61 78
61 79
61 80
61 81
61 86
61 95
61 96
61 97
61 98
61 99
61 101
61 104
61 108
61 109
61 113
61 114
61 115
61 117
61 118
61 119
62 65
62 66
62 69
62 73
62 74
62 78
62 79
62 88
62 90
62 92
62 96
62 98
62 99
62 100
62 104
62 106
62 109
62 110
62 115
62 118
63 64
63 65
63 71
63 74
63 77
63 86
63 88
63 89
63 91
63 94
63 104
63 105
63 109
63 110
63 111
64 66
64 71
64 76
64 87
64 89
64 94
64 102
64 103
64 112
64 119
65 66
65 68
65 70
65 71
65 74
65 77
65 80
65 83
65 90
65 98
65 100
65 101
65 111
65 117
65 119
66 67
66 79
66 80
66 81
66 88
66 91
66 93
66 94
66 96
66 105
66 106
66 109
66 111
66 117
67 70
67 71
67 72
67 73
67 77
67 79
67 84
67 85
67 92
67 95
67 97
67 98
67 99
67 102
67 103
67 104
67 108
67 109
67 111
67 113
67 114
68 77
68 82
68 84
68 87
68 90
68 91
68 93
68 97
68 100
68 107
68 111
69 70
69 83
69 87
69 90
69 91
69 101
69 102
69 111
69 112
69 113
69 117
69 118
70 71
70 78
70 80
70 82
70 84
70 89
70 99
70 102
70 103
70 108
70 109
70 110
70 113
70 119
71 72
71 76
71 77
71 82
71 83
71 91
71 93
71 94
71 97
71 109
71 111
71 112
71 117
71 118
72 75
72 86
72 91
72 92
72 93
72 99
72 101
72 103
72 104
72 105
72 107
72 111
72 113
72 114
72 119
73 76
73 78
73 79
73 82
73 84
73 85
73 87
73 90
73 93
73 96
73 98
73 100
73 105
73 106
73 112
74 89
74 90
74 96
74 100
74 103
74 104
74 109
74 112
74 114
75 76
75 78
75 83
75 86
75 88
75 95
75 97
75 99
75 102
75 105
75 107
75 114
75 116
75 118
76 77
76 79
76 82
76 84
76 85
76 87
76 88
76 93
76 94
76 102
76 104
76 109
76 113
76 114
76 119
77 78
77 86
77 89
77 91
77 92
77 99
77 101
77 103
77 110
77 111
77 113
77 115
77 118
78 80
78 81
78 83
78 85
78 91
78 92
78 95
78 100
78 102
78 103
78 104
78 109
78 113
78 117
78 118
78 119
79 81
79 82
79 84
79 85
79 87
79 89
79 91
79 95
79 96
79 98
79 99
79 105
79 110
79 117
79 118
79 119
80 81
80 84
80 94
80 100
80 101
80 103
80 105
80 108
80 111
80 112
80 113
80 114
80 115
80 116
80 117
80 119
81 91
81 94
81 96
81 100
81 102
81 109
81 111
81 113
81 114
81 115
81 116
82 83
82 97
82 98
82 99
82 100
82 102
82 106
82 111
82 112
82 119
83 85
83 88
83 98
83 100
83 107
83 109
83 113
84 85
84 88
84 89
84 91
84 92
84 97
84 104
84 108
84 111
84 116
84 117
84 119
85 88
85 91
85 98
85 104
85 110
85 111
86 87
86 93
86 94
86 99
86 106
86 110
86 112
86 113
86 115
86 118
86 119
87 88
87 89
87 94
87 95
87 99
87 102
87 103
87 104
87 108
87 109
87 113
87 115
87 119
88 90
88 94
88 99
88 105
88 107
88 112
88 116
89 90
89 91
89 93
89 98
89 99
89 102
89 103
89 105
89 111
89 117
89 118
89 119
90 91
90 97
90 99
90 100
90 101
90 102
90 103
90 105
90 106
90 107
90 111
90 117
91 92
91 99
91 105
91 115
91 119
92 104
92 115
92 117
92 119
93 101
93 103
93 105
93 109
93 115
93 116
93 119
94 98
94 99
94 102
94 103
94 105
94 113
94 114
94 116
94 117
95 99
95 103
95 104
95 105
95 106
95 107
95 112
95 116
96 97
96 103
96 105
96 106
96 107
96 111
96 113
96 114
96 115
96 117
97 102
97 104
97 110
97 117
98 100
98 104
98 108
98 114
98 118
99 104
99 108
99 110
99 111
99 117
99 118
100 101
100 106
100 114
100 115
100 117
100 118
101 102
101 110
101 116
101 117
101 119
102 110
102 115
102 117
103 108
103 110
103 111
103 112
103 115
103 116
103 117
103 118
104 105
104 106
104 110
104 111
104 112
104 114
104 119
105 107
105 110
105 112
105 116
106 113
106 119
107 108
107 117
108 119
109 119
110 113
110 116
110 118
111 114
111 116
112 113
112 117
112 119
113 115
113 118
114 116
114 117
115 118
115 119
116 117
117 118
118 119
95 34 2 49 1 97 71 0 107 35 114 63 82 70 46 116 84 47 5 98 93 8 22 66 92 28 109 110 14 100
51 64 31 55 12 11 40 67 60 94 54 38 91 99 75 7 101 52 50 39 30 105 85 44 69 53 18 104 58 57
6 115 32 112 15 74 26 118 56 17 117 90 24 4 83 59 23 3 102 96 89 9 16 73 86 48 106 108 37 61
33 68 88 81 21 79 65 113 20 13 62 78 111 10 72 103 29 27 80 87 42 19 45 25 36 119 76 41 43 77
