160
7626
10
97.96
9.33
36.79
18.47
45.2
86.67
47.41
35.52
92.47
64.07
0 3
0 5
0 6
0 7
0 10
0 11
0 12
0 15
0 16
0 17
0 18
0 19
0 21
0 22
0 23
0 27
0 28
0 30
0 31
0 34
0 35
0 36
0 37
0 39
0 40
0 41
0 42
0 44
0 45
0 46
0 47
0 48
0 50
0 51
0 52
0 55
0 56
0 57
0 58
0 62
0 63
0 64
0 65
0 66
0 67
0 68
0 69
0 71
0 72
0 73
0 76
0 77
0 81
0 84
0 85
0 87
0 88
0 89
0 91
0 93
0 94
0 95
0 97
0 99
0 100
0 102
0 104
0 105
0 106
0 110
0 114
0 119
0 120
0 121
0 123
0 125
0 126
0 127
0 129
0 130
0 131
0 132
0 133
0 134
0 136
0 138
0 140
0 141
0 142
0 143
0 144
0 145
0 146
0 147
0 148
0 149
0 150
0 151
0 153
0 154
0 155
0 156
0 157
0 158
0 159
1 2
1 6
1 7
1 8
1 9
1 10
1 11
1 12
1 13
1 14
1 15
1 16
1 17
1 18
1 19
1 20
1 21
1 22
1 23
1 24
1 25
1 28
1 30
1 31
1 34
1 35
1 38
1 41
1 42
1 43
1 45
1 46
1 47
1 48
1 49
1 50
1 52
1 53
1 54
1 55
1 57
1 59
1 60
1 61
1 62
1 63
1 67
1 68
1 69
1 70
1 71
1 72
1 73
1 74
1 75
1 76
1 77
1 79
1 80
1 81
1 82
1 83
1 85
1 87
1 88
1 91
1 92
1 93
1 94
1 97
1 98
1 99
1 100
1 101
1 104
1 107
1 110
1 111
1 112
1 113
1 114
1 115
1 116
1 117
1 118
1 120
1 121
1 123
1 124
1 125
1 126
1 127
1 128
1 129
1 132
1 133
1 135
1 136
1 137
1 138
1 139
1 142
1 143
1 145
1 147
1 149
1 152
1 154
1 155
1 156
1 157
1 158
2 3
2 4
2 5
2 7
2 8
2 9
2 10
2 12
2 15
2 16
2 17
2 19
2 20
2 21
2 23
2 25
2 26
2 28
2 29
2 32
2 34
2 35
2 37
2 38
2 43
2 44
2 46
2 47
2 49
2 50
2 51
2 52
2 54
2 57
2 62
2 63
2 64
2 65
2 66
2 67
2 69
2 70
2 71
2 72
2 75
2 76
2 78
2 81
2 83
2 86
2 88
2 89
2 91
2 92
2 94
2 96
2 97
2 99
2 100
2 101
2 102
2 103
2 104
2 105
2 106
2 108
2 111
2 113
2 114
2 116
2 118
2 119
2 120
2 123
2 126
2 127
2 129
2 131
2 133
2 135
2 136
2 139
2 140
2 142
2 143
2 144
2 145
2 147
2 150
2 151
2 152
2 153
2 155
2 157
3 4
3 5
3 7
3 9
3 10
3 13
3 14
3 15
3 17
3 22
3 23
3 25
3 26
3 27
3 28
3 32
3 33
3 35
3 36
3 37
3 38
3 40
3 45
3 46
3 49
3 51
3 52
3 53
3 54
3 58
3 59
3 60
3 62
3 63
3 65
3 66
3 67
3 69
3 70
3 71
3 72
3 74
3 75
3 76
3 77
3 79
3 82
3 83
3 84
3 85
3 86
3 87
3 88
3 89
3 90
3 92
3 94
3 95
3 97
3 98
3 99
3 101
3 102
3 103
3 104
3 105
3 106
3 107
3 108
3 109
3 112
3 113
3 114
3 116
3 117
3 119
3 120
3 121
3 123
3 124
3 125
3 126
3 127
3 128
3 130
3 132
3 133
3 134
3 135
3 137
3 138
3 140
3 141
3 142
3 143
3 146
3 147
3 148
3 150
3 151
3 152
3 154
3 155
3 158
3 159
4 5
4 6
4 9
4 11
4 15
4 17
4 19
4 20
4 21
4 22
4 26
4 30
4 32
4 34
4 35
4 37
4 38
4 39
4 40
4 46
4 48
4 49
4 50
4 53
4 55
4 56
4 57
4 58
4 59
4 60
4 62
4 63
4 64
4 65
4 67
4 69
4 71
4 73
4 75
4 76
4 77
4 78
4 79
4 81
4 82
4 83
4 85
4 87
4 89
4 90
4 93
4 94
4 95
4 96
4 97
4 98
4 99
4 100
4 102
4 104
4 105
4 106
4 108
4 110
4 112
4 113
4 114
4 116
4 118
4 119
4 121
4 123
4 125
4 126
4 127
4 128
4 129
4 131
4 134
4 135
4 136
4 137
4 138
4 139
4 140
4 141
4 143
4 145
4 147
4 148
4 149
4 151
4 153
4 154
4 155
4 157
4 158
4 159
5 7
5 8
5 9
5 10
5 11
5 14
5 15
5 16
5 18
5 20
5 22
5 23
5 29
5 34
5 35
5 39
5 41
5 44
5 45
5 48
5 49
5 50
5 52
5 55
5 56
5 57
5 59
5 60
5 61
5 62
5 63
5 65
5 70
5 71
5 72
5 74
5 77
5 81
5 83
5 84
5 85
5 86
5 87
5 88
5 92
5 93
5 95
5 96
5 97
5 98
5 99
5 100
5 101
5 102
5 103
5 105
5 107
5 108
5 110
5 114
5 115
5 117
5 118
5 120
5 121
5 122
5 123
5 124
5 126
5 127
5 128
5 129
5 130
5 131
5 132
5 133
5 134
5 135
5 136
5 138
5 139
5 141
5 142
5 143
5 144
5 145
5 147
5 149
5 150
5 151
5 152
5 153
5 154
5 155
6 7
6 8
6 9
6 11
6 12
6 13
6 14
6 15
6 17
6 18
6 19
6 20
6 21
6 23
6 24
6 25
6 27
6 28
6 29
6 30
6 32
6 34
6 38
6 42
6 46
6 48
6 49
6 54
6 55
6 57
6 58
6 60
6 61
6 64
6 66
6 67
6 68
6 69
6 71
6 73
6 74
6 76
6 78
6 79
6 80
6 81
6 83
6 84
6 86
6 87
6 89
6 91
6 93
6 97
6 98
6 100
6 102
6 103
6 104
6 107
6 108
6 110
6 112
6 116
6 117
6 118
6 119
6 121
6 122
6 125
6 130
6 132
6 133
6 134
6 136
6 137
6 139
6 140
6 142
6 143
6 144
6 145
6 146
6 147
6 152
6 156
6 158
7 8
7 10
7 12
7 13
7 14
7 15
7 19
7 20
7 22
7 24
7 25
7 26
7 27
7 28
7 29
7 30
7 31
7 32
7 33
7 34
7 35
7 36
7 38
7 40
7 43
7 45
7 46
7 48
7 49
7 50
7 51
7 52
7 55
7 58
7 61
7 62
7 63
7 64
7 65
7 67
7 68
7 69
7 72
7 73
7 75
7 78
7 79
7 81
7 82
7 84
7 85
7 86
7 87
7 89
7 92
7 93
7 96
7 97
7 101
7 102
7 103
7 105
7 108
7 109
7 110
7 111
7 112
7 113
7 114
7 115
7 116
7 117
7 121
7 123
7 130
7 133
7 135
7 136
7 137
7 138
7 139
7 140
7 142
7 143
7 146
7 147
7 148
7 149
7 152
7 153
7 154
7 157
7 159
8 10
8 11
8 18
8 19
8 20
8 22
8 23
8 25
8 26
8 28
8 29
8 30
8 31
8 33
8 35
8 36
8 39
8 40
8 44
8 45
8 46
8 47
8 48
8 50
8 51
8 52
8 53
8 55
8 56
8 57
8 58
8 59
8 60
8 62
8 63
8 64
8 66
8 69
8 73
8 75
8 76
8 77
8 78
8 82
8 83
8 86
8 87
8 89
8 92
8 93
8 94
8 95
8 96
8 97
8 98
8 104
8 105
8 106
8 107
8 111
8 112
8 113
8 115
8 116
8 117
8 118
8 119
8 121
8 124
8 125
8 126
8 127
8 128
8 129
8 130
8 135
8 137
8 138
8 141
8 143
8 144
8 145
8 147
8 148
8 149
8 151
8 152
8 153
8 154
8 155
8 156
8 157
9 10
9 12
9 13
9 17
9 19
9 24
9 27
9 32
9 36
9 37
9 40
9 41
9 42
9 44
9 45
9 46
9 47
9 48
9 49
9 52
9 54
9 60
9 61
9 63
9 65
9 66
9 67
9 69
9 74
9 75
9 76
9 79
9 82
9 84
9 85
9 87
9 88
9 89
9 90
9 92
9 94
9 97
9 98
9 99
9 102
9 104
9 105
9 106
9 107
9 108
9 109
9 111
9 112
9 113
9 117
9 118
9 119
9 120
9 123
9 125
9 126
9 127
9 128
9 130
9 131
9 132
9 133
9 135
9 138
9 139
9 140
9 141
9 143
9 144
9 146
9 147
9 150
9 151
9 152
9 153
9 155
9 156
9 158
9 159
10 11
10 12
10 13
10 14
10 16
10 18
10 19
10 22
10 24
10 25
10 26
10 28
10 30
10 31
10 33
10 34
10 36
10 37
10 38
10 39
10 41
10 42
10 43
10 44
10 45
10 46
10 48
10 50
10 52
10 57
10 59
10 60
10 62
10 65
10 72
10 73
10 74
10 76
10 77
10 79
10 81
10 82
10 86
10 89
10 90
10 91
10 93
10 94
10 95
10 96
10 97
10 98
10 101
10 102
10 103
10 105
10 107
10 108
10 109
10 111
10 112
10 113
10 114
10 117
10 120
10 121
10 122
10 124
10 126
10 128
10 131
10 134
10 135
10 136
10 137
10 140
10 142
10 146
10 149
10 152
10 153
10 154
10 156
10 157
11 15
11 17
11 20
11 21
11 23
11 24
11 25
11 28
11 29
11 31
11 32
11 33
11 34
11 36
11 38
11 39
11 41
11 43
11 47
11 48
11 49
11 54
11 56
11 60
11 62
11 63
11 65
11 68
11 69
11 71
11 74
11 76
11 77
11 78
11 79
11 81
11 82
11 83
11 84
11 89
11 91
11 92
11 93
11 95
11 96
11 97
11 98
11 99
11 101
11 103
11 105
11 107
11 109
11 112
11 113
11 114
11 115
11 116
11 118
11 119
11 120
11 121
11 126
11 127
11 128
11 129
11 130
11 131
11 132
11 133
11 135
11 140
11 142
11 143
11 144
11 145
11 146
11 147
11 148
11 149
11 150
11 152
11 153
11 155
11 156
11 159
12 14
12 15
12 16
12 18
12 19
12 20
12 21
12 22
12 23
12 24
12 26
12 30
12 32
12 33
12 40
12 42
12 43
12 44
12 45
12 46
12 48
12 49
12 50
12 52
12 53
12 56
12 57
12 58
12 63
12 64
12 65
12 68
12 69
12 73
12 75
12 76
12 78
12 80
12 81
12 83
12 85
12 86
12 87
12 88
12 90
12 92
12 93
12 95
12 96
12 97
12 99
12 101
12 102
12 104
12 109
12 110
12 111
12 112
12 114
12 115
12 116
12 118
12 119
12 120
12 121
12 122
12 124
12 125
12 126
12 128
12 129
12 130
12 131
12 135
12 137
12 139
12 140
12 143
12 145
12 146
12 147
12 148
12 150
12 151
12 153
12 156
12 157
13 14
13 17
13 21
13 22
13 23
13 24
13 27
13 29
13 33
13 34
13 36
13 38
13 40
13 41
13 42
13 45
13 49
13 50
13 54
13 55
13 56
13 57
13 59
13 60
13 61
13 62
13 63
13 66
13 67
13 68
13 69
13 70
13 71
13 72
13 73
13 74
13 75
13 76
13 77
13 78
13 81
13 84
13 85
13 87
13 89
13 92
13 93
13 95
13 97
13 98
13 99
13 102
13 104
13 105
13 106
13 107
13 109
13 114
13 117
13 119
13 120
13 121
13 122
13 124
13 125
13 128
13 129
13 133
13 134
13 135
13 136
13 138
13 139
13 140
13 141
13 142
13 144
13 145
13 146
13 147
13 149
13 151
13 152
13 154
13 156
13 158
13 159
14 15
14 16
14 17
14 18
14 19
14 20
14 24
14 26
14 31
14 32
14 34
14 35
14 38
14 40
14 41
14 44
14 45
14 46
14 47
14 48
14 49
14 50
14 51
14 52
14 54
14 56
14 59
14 60
14 61
14 62
14 63
14 66
14 67
14 68
14 71
14 74
14 78
14 79
14 80
14 81
14 82
14 83
14 85
14 87
14 88
14 90
14 91
14 92
14 93
14 94
14 95
14 97
14 99
14 103
14 105
14 106
14 110
14 111
14 112
14 113
14 115
14 116
14 117
14 121
14 122
14 123
14 124
14 125
14 126
14 127
14 128
14 129
14 130
14 131
14 133
14 134
14 135
14 141
14 142
14 143
14 146
14 149
14 150
14 151
14 153
14 154
14 155
14 156
14 159
15 16
15 18
15 20
15 21
15 22
15 23
15 24
15 27
15 28
15 29
15 30
15 31
15 32
15 34
15 37
15 39
15 40
15 43
15 44
15 45
15 46
15 47
15 49
15 54
15 55
15 56
15 57
15 58
15 61
15 62
15 63
15 64
15 66
15 68
15 69
15 71
15 72
15 73
15 74
15 75
15 76
15 77
15 78
15 80
15 82
15 84
15 85
15 86
15 87
15 88
15 90
15 92
15 95
15 97
15 98
15 99
15 100
15 102
15 104
15 105
15 108
15 110
15 114
15 115
15 116
15 118
15 119
15 121
15 122
15 123
15 125
15 126
15 127
15 128
15 131
15 138
15 139
15 140
15 142
15 143
15 145
15 151
15 154
15 155
15 156
15 157
15 159
16 17
16 20
16 21
16 24
16 27
16 28
16 29
16 32
16 33
16 34
16 35
16 36
16 38
16 40
16 41
16 42
16 43
16 45
16 46
16 48
16 52
16 54
16 56
16 57
16 60
16 62
16 63
16 64
16 65
16 68
16 69
16 73
16 75
16 77
16 80
16 81
16 83
16 85
16 87
16 88
16 92
16 93
16 94
16 95
16 97
16 99
16 100
16 101
16 102
16 104
16 108
16 110
16 111
16 112
16 113
16 114
16 115
16 117
16 118
16 119
16 121
16 122
16 123
16 126
16 127
16 129
16 132
16 134
16 135
16 136
16 137
16 138
16 141
16 143
16 144
16 146
16 149
16 152
16 155
16 158
17 18
17 19
17 20
17 23
17 24
17 25
17 26
17 31
17 32
17 34
17 35
17 36
17 45
17 48
17 49
17 51
17 52
17 54
17 58
17 60
17 61
17 63
17 64
17 66
17 69
17 71
17 72
17 75
17 78
17 79
17 80
17 81
17 83
17 84
17 85
17 87
17 88
17 89
17 90
17 93
17 95
17 96
17 97
17 98
17 99
17 100
17 101
17 103
17 104
17 109
17 111
17 114
17 115
17 116
17 119
17 121
17 122
17 123
17 124
17 125
17 128
17 129
17 130
17 131
17 133
17 134
17 137
17 139
17 140
17 142
17 143
17 145
17 146
17 148
17 150
17 152
17 156
17 158
17 159
18 19
18 25
18 26
18 27
18 29
18 30
18 31
18 34
18 37
18 39
18 40
18 42
18 43
18 47
18 49
18 51
18 52
18 53
18 58
18 63
18 65
18 69
18 72
18 73
18 75
18 79
18 84
18 85
18 86
18 90
18 91
18 92
18 93
18 94
18 95
18 97
18 101
18 102
18 103
18 104
18 106
18 107
18 110
18 111
18 112
18 113
18 114
18 115
18 116
18 117
18 118
18 122
18 125
18 128
18 130
18 132
18 133
18 135
18 136
18 137
18 138
18 139
18 141
18 144
18 145
18 147
18 148
18 151
18 152
18 153
18 154
18 155
18 156
18 158
18 159
19 21
19 22
19 23
19 25
19 26
19 28
19 30
19 31
19 32
19 33
19 35
19 36
19 37
19 38
19 39
19 40
19 41
19 42
19 43
19 44
19 45
19 46
19 48
19 49
19 50
19 51
19 52
19 53
19 54
19 57
19 58
19 60
19 61
19 63
19 64
19 65
19 66
19 67
19 68
19 71
19 72
19 73
19 74
19 75
19 77
19 78
19 79
19 81
19 82
19 84
19 85
19 88
19 89
19 90
19 95
19 96
19 98
19 100
19 101
19 104
19 108
19 110
19 112
19 113
19 114
19 115
19 116
19 118
19 122
19 124
19 126
19 127
19 128
19 130
19 131
19 132
19 133
19 134
19 135
19 137
19 138
19 139
19 142
19 145
19 148
19 149
19 150
19 153
19 154
19 155
19 156
19 158
20 21
20 25
20 27
20 29
20 30
20 31
20 33
20 35
20 37
20 38
20 39
20 40
20 41
20 42
20 43
20 44
20 46
20 47
20 48
20 51
20 53
20 54
20 57
20 58
20 59
20 60
20 61
20 62
20 64
20 66
20 69
20 71
20 72
20 76
20 77
20 78
20 79
20 80
20 81
20 82
20 84
20 85
20 86
20 87
20 89
20 90
20 91
20 92
20 93
20 97
20 101
20 102
20 103
20 105
20 106
20 110
20 111
20 112
20 113
20 114
20 116
20 118
20 121
20 123
20 125
20 126
20 127
20 130
20 131
20 132
20 133
20 134
20 135
20 136
20 138
20 141
20 142
20 143
20 144
20 146
20 147
20 149
20 152
20 154
20 157
20 159
21 22
21 23
21 24
21 26
21 27
21 29
21 31
21 33
21 34
21 35
21 38
21 39
21 44
21 46
21 47
21 50
21 53
21 56
21 58
21 59
21 60
21 61
21 62
21 63
21 64
21 65
21 66
21 72
21 73
21 74
21 76
21 77
21 78
21 79
21 80
21 84
21 85
21 87
21 88
21 90
21 92
21 95
21 96
21 97
21 98
21 99
21 102
21 103
21 105
21 108
21 109
21 110
21 112
21 113
21 115
21 117
21 118
21 119
21 121
21 123
21 124
21 126
21 127
21 128
21 130
21 132
21 134
21 135
21 136
21 137
21 139
21 140
21 145
21 149
21 152
21 154
21 155
21 156
21 159
22 25
22 27
22 28
22 31
22 32
22 34
22 35
22 36
22 37
22 38
22 39
22 41
22 42
22 43
22 44
22 46
22 47
22 53
22 54
22 55
22 57
22 58
22 61
22 62
22 63
22 65
22 66
22 67
22 68
22 69
22 70
22 71
22 72
22 75
22 76
22 77
22 78
22 79
22 80
22 81
22 82
22 84
22 86
22 88
22 91
22 93
22 95
22 100
22 103
22 108
22 110
22 111
22 113
22 114
22 115
22 118
22 119
22 120
22 121
22 122
22 123
22 124
22 126
22 127
22 134
22 136
22 137
22 141
22 142
22 145
22 146
22 147
22 148
22 150
22 152
22 153
22 156
22 157
22 158
23 24
23 25
23 26
23 27
23 29
23 30
23 31
23 33
23 34
23 36
23 37
23 38
23 39
23 40
23 41
23 44
23 45
23 47
23 49
23 50
23 54
23 55
23 57
23 58
23 61
23 64
23 65
23 66
23 67
23 69
23 70
23 71
23 73
23 74
23 78
23 79
23 81
23 82
23 85
23 87
23 88
23 89
23 90
23 91
23 92
23 93
23 94
23 97
23 98
23 99
23 100
23 101
23 102
23 104
23 105
23 111
23 112
23 113
23 114
23 115
23 116
23 119
23 120
23 122
23 123
23 124
23 128
23 129
23 131
23 132
23 134
23 135
23 137
23 142
23 143
23 144
23 145
23 146
23 149
23 150
23 152
23 153
23 154
23 156
23 157
23 158
24 25
24 28
24 32
24 33
24 34
24 35
24 37
24 38
24 39
24 40
24 41
24 46
24 47
24 48
24 49
24 52
24 53
24 54
24 56
24 58
24 61
24 62
24 64
24 66
24 67
24 69
24 71
24 72
24 74
24 75
24 79
24 81
24 85
24 86
24 87
24 88
24 89
24 93
24 94
24 95
24 97
24 98
24 101
24 102
24 103
24 105
24 106
24 108
24 109
24 110
24 112
24 114
24 115
24 117
24 118
24 119
24 122
24 126
24 127
24 130
24 131
24 134
24 137
24 138
24 139
24 141
24 143
24 144
24 145
24 146
24 147
24 150
24 151
24 155
24 159
25 29
25 32
25 33
25 34
25 35
25 36
25 39
25 41
25 43
25 44
25 48
25 49
25 50
25 51
25 54
25 55
25 56
25 57
25 58
25 59
25 60
25 62
25 63
25 65
25 66
25 67
25 68
25 69
25 71
25 72
25 73
25 74
25 75
25 77
25 79
25 80
25 81
25 82
25 83
25 84
25 85
25 86
25 89
25 90
25 91
25 92
25 93
25 95
25 96
25 97
25 99
25 102
25 104
25 106
25 107
25 108
25 110
25 111
25 114
25 116
25 117
25 119
25 120
25 122
25 123
25 124
25 128
25 129
25 130
25 132
25 137
25 139
25 140
25 143
25 144
25 145
25 147
25 152
25 153
25 155
25 156
25 158
25 159
26 27
26 28
26 30
26 32
26 33
26 35
26 36
26 37
26 38
26 39
26 40
26 42
26 43
26 44
26 48
26 49
26 50
26 53
26 54
26 56
26 58
26 59
26 60
26 62
26 64
26 66
26 69
26 71
26 72
26 74
26 75
26 76
26 79
26 81
26 82
26 83
26 84
26 86
26 87
26 88
26 89
26 90
26 92
26 94
26 96
26 99
26 100
26 101
26 103
26 106
26 107
26 108
26 110
26 112
26 113
26 118
26 123
26 125
26 126
26 127
26 128
26 131
26 133
26 134
26 137
26 138
26 140
26 143
26 144
26 145
26 146
26 151
26 153
26 154
26 155
26 158
26 159
27 28
27 30
27 32
27 33
27 35
27 36
27 37
27 42
27 43
27 44
27 45
27 47
27 49
27 51
27 53
27 57
27 58
27 60
27 61
27 62
27 67
27 68
27 70
27 75
27 76
27 78
27 82
27 84
27 86
27 88
27 89
27 90
27 91
27 93
27 94
27 97
27 101
27 103
27 104
27 105
27 107
27 109
27 113
27 114
27 116
27 118
27 119
27 120
27 122
27 124
27 125
27 126
27 127
27 128
27 129
27 130
27 131
27 132
27 133
27 134
27 136
27 137
27 138
27 139
27 141
27 142
27 144
27 146
27 147
27 150
27 152
27 153
27 155
27 156
27 157
27 158
27 159
28 29
28 31
28 34
28 35
28 36
28 37
28 38
28 39
28 40
28 46
28 48
28 49
28 50
28 51
28 54
28 55
28 57
28 58
28 59
28 60
28 61
28 62
28 63
28 64
28 65
28 66
28 67
28 69
28 71
28 73
28 74
28 77
28 78
28 80
28 81
28 86
28 87
28 88
28 90
28 92
28 95
28 96
28 99
28 100
28 101
28 102
28 103
28 105
28 106
28 107
28 111
28 113
28 115
28 118
28 120
28 121
28 123
28 126
28 130
28 132
28 133
28 134
28 136
28 138
28 140
28 141
28 142
28 143
28 147
28 148
28 150
28 152
28 153
28 154
28 155
28 156
28 158
28 159
29 30
29 31
29 32
29 36
29 38
29 40
29 41
29 42
29 44
29 45
29 46
29 48
29 50
29 52
29 53
29 55
29 57
29 59
29 61
29 62
29 63
29 64
29 65
29 66
29 69
29 70
29 71
29 73
29 74
29 78
29 80
29 82
29 83
29 84
29 86
29 87
29 88
29 90
29 91
29 95
29 96
29 97
29 98
29 99
29 101
29 106
29 107
29 110
29 112
29 113
29 114
29 115
29 116
29 120
29 122
29 126
29 130
29 131
29 132
29 133
29 134
29 135
29 138
29 140
29 141
29 144
29 145
29 147
29 148
29 149
29 150
29 151
29 152
29 154
29 155
29 158
30 33
30 34
30 36
30 37
30 38
30 39
30 43
30 44
30 46
30 48
30 49
30 51
30 52
30 53
30 54
30 55
30 57
30 59
30 60
30 62
30 64
30 66
30 69
30 70
30 71
30 72
30 74
30 76
30 77
30 78
30 81
30 82
30 83
30 85
30 87
30 92
30 93
30 94
30 95
30 96
30 97
30 98
30 100
30 102
30 103
30 104
30 105
30 106
30 107
30 108
30 109
30 110
30 111
30 112
30 113
30 115
30 116
30 117
30 120
30 121
30 123
30 124
30 127
30 133
30 136
30 137
30 138
30 140
30 141
30 143
30 145
30 146
30 148
30 149
30 151
30 153
30 154
30 157
30 158
31 32
31 33
31 34
31 36
31 39
31 40
31 42
31 44
31 45
31 46
31 49
31 52
31 53
31 54
31 56
31 60
31 63
31 66
31 69
31 72
31 73
31 75
31 76
31 77
31 80
31 81
31 82
31 84
31 85
31 86
31 88
31 90
31 91
31 92
31 93
31 95
31 97
31 99
31 101
31 104
31 105
31 106
31 107
31 109
31 112
31 113
31 114
31 115
31 118
31 119
31 120
31 122
31 124
31 126
31 127
31 129
31 131
31 132
31 133
31 134
31 136
31 137
31 138
31 140
31 142
31 143
31 144
31 146
31 148
31 150
31 152
31 156
31 157
31 158
31 159
32 33
32 36
32 37
32 38
32 40
32 41
32 42
32 43
32 45
32 47
32 48
32 51
32 57
32 58
32 61
32 62
32 63
32 64
32 65
32 66
32 67
32 68
32 69
32 70
32 71
32 72
32 73
32 74
32 76
32 82
32 83
32 85
32 86
32 87
32 88
32 89
32 90
32 91
32 93
32 95
32 98
32 99
32 100
32 102
32 103
32 104
32 105
32 106
32 107
32 110
32 115
32 118
32 121
32 122
32 124
32 129
32 131
32 132
32 134
32 135
32 136
32 137
32 141
32 142
32 143
32 145
32 147
32 148
32 149
32 150
32 151
32 152
32 155
32 157
33 35
33 36
33 37
33 38
33 41
33 42
33 43
33 44
33 48
33 50
33 51
33 52
33 56
33 60
33 61
33 65
33 67
33 68
33 69
33 71
33 73
33 74
33 77
33 79
33 80
33 82
33 84
33 85
33 86
33 89
33 90
33 94
33 95
33 96
33 97
33 98
33 99
33 104
33 106
33 110
33 112
33 114
33 115
33 116
33 117
33 119
33 120
33 121
33 123
33 124
33 125
33 128
33 130
33 131
33 132
33 133
33 134
33 136
33 137
33 140
33 141
33 142
33 144
33 146
33 147
33 149
33 150
33 152
33 153
33 154
33 155
33 156
33 157
34 35
34 36
34 38
34 40
34 41
34 42
34 44
34 45
34 46
34 47
34 50
34 55
34 56
34 57
34 59
34 60
34 61
34 66
34 67
34 70
34 71
34 73
34 74
34 75
34 78
34 79
34 83
34 84
34 85
34 86
34 88
34 89
34 90
34 93
34 95
34 97
34 98
34 101
34 103
34 105
34 108
34 113
34 114
34 115
34 116
34 118
34 119
34 120
34 122
34 124
34 126
34 128
34 130
34 131
34 135
34 136
34 137
34 140
34 142
34 143
34 144
34 145
34 146
34 147
34 148
34 150
34 153
34 154
34 155
34 157
34 158
34 159
35 37
35 38
35 39
35 42
35 43
35 44
35 45
35 46
35 47
35 50
35 51
35 52
35 53
35 56
35 57
35 58
35 59
35 61
35 63
35 64
35 65
35 66
35 67
35 68
35 73
35 74
35 77
35 81
35 82
35 83
35 84
35 86
35 87
35 88
35 94
35 95
35 97
35 99
35 100
35 101
35 102
35 103
35 104
35 106
35 108
35 110
35 111
35 112
35 115
35 116
35 117
35 119
35 121
35 122
35 123
35 124
35 126
35 127
35 128
35 129
35 132
35 135
35 137
35 138
35 139
35 140
35 141
35 147
35 148
35 150
35 154
35 155
35 158
35 159
36 38
36 39
36 41
36 45
36 46
36 47
36 49
36 50
36 51
36 52
36 53
36 56
36 57
36 59
36 61
36 62
36 64
36 65
36 67
36 69
36 70
36 72
36 73
36 74
36 77
36 79
36 81
36 82
36 83
36 88
36 89
36 90
36 91
36 95
36 96
36 97
36 99
36 102
36 103
36 105
36 106
36 107
36 108
36 110
36 111
36 112
36 113
36 114
36 115
36 117
36 118
36 119
36 120
36 122
36 124
36 127
36 128
36 130
36 132
36 133
36 134
36 135
36 139
36 140
36 143
36 144
36 145
36 148
36 150
36 151
36 152
36 153
36 154
36 155
36 156
36 157
36 159
37 38
37 40
37 45
37 46
37 48
37 49
37 50
37 53
37 55
37 56
37 57
37 58
37 60
37 62
37 64
37 65
37 66
37 67
37 72
37 76
37 78
37 79
37 80
37 81
37 84
37 87
37 90
37 93
37 97
37 98
37 99
37 100
37 102
37 103
37 104
37 106
37 108
37 109
37 110
37 111
37 112
37 113
37 114
37 115
37 117
37 120
37 121
37 122
37 124
37 125
37 128
37 130
37 132
37 133
37 134
37 135
37 136
37 137
37 138
37 140
37 141
37 142
37 143
37 146
37 151
37 153
37 154
37 155
37 157
38 39
38 41
38 45
38 47
38 48
38 50
38 51
38 52
38 53
38 54
38 55
38 57
38 59
38 61
38 62
38 63
38 64
38 65
38 66
38 67
38 68
38 70
38 73
38 76
38 81
38 82
38 84
38 86
38 88
38 90
38 92
38 93
38 94
38 95
38 96
38 98
38 103
38 106
38 107
38 112
38 113
38 114
38 115
38 116
38 118
38 119
38 120
38 121
38 126
38 128
38 129
38 130
38 132
38 135
38 136
38 138
38 141
38 143
38 144
38 146
38 149
38 150
38 151
38 152
38 153
38 154
38 155
38 156
38 157
38 159
39 40
39 41
39 42
39 45
39 47
39 48
39 52
39 54
39 55
39 56
39 57
39 58
39 59
39 61
39 64
39 66
39 67
39 68
39 69
39 70
39 71
39 73
39 74
39 76
39 78
39 79
39 82
39 84
39 86
39 88
39 89
39 90
39 91
39 92
39 93
39 94
39 97
39 98
39 99
39 101
39 104
39 109
39 110
39 111
39 112
39 115
39 116
39 122
39 123
39 125
39 127
39 128
39 130
39 131
39 135
39 137
39 138
39 139
39 141
39 142
39 146
39 147
39 148
39 149
39 152
39 154
39 155
39 156
39 158
39 159
40 41
40 42
40 43
40 44
40 45
40 46
40 47
40 49
40 51
40 52
40 53
40 54
40 56
40 57
40 59
40 60
40 62
40 63
40 65
40 66
40 71
40 72
40 74
40 75
40 77
40 79
40 80
40 82
40 83
40 89
40 90
40 91
40 92
40 93
40 94
40 95
40 96
40 97
40 98
40 99
40 102
40 103
40 104
40 107
40 108
40 109
40 113
40 114
40 117
40 122
40 127
40 129
40 133
40 136
40 139
40 143
40 149
40 150
40 151
40 153
40 154
40 155
40 156
40 158
41 42
41 43
41 44
41 45
41 47
41 48
41 49
41 50
41 51
41 53
41 55
41 57
41 59
41 60
41 66
41 69
41 70
41 71
41 72
41 74
41 75
41 77
41 78
41 79
41 80
41 81
41 82
41 86
41 87
41 88
41 89
41 91
41 93
41 95
41 96
41 97
41 98
41 99
41 100
41 101
41 104
41 105
41 106
41 107
41 108
41 112
41 113
41 115
41 117
41 118
41 121
41 123
41 124
41 126
41 127
41 128
41 129
41 133
41 134
41 135
41 137
41 141
41 147
41 148
41 150
41 155
41 157
41 158
42 45
42 46
42 47
42 48
42 49
42 57
42 59
42 62
42 63
42 65
42 66
42 67
42 68
42 69
42 70
42 73
42 75
42 76
42 77
42 79
42 80
42 82
42 83
42 84
42 85
42 87
42 90
42 91
42 93
42 95
42 96
42 99
42 101
42 102
42 103
42 104
42 105
42 106
42 107
42 108
42 112
42 114
42 115
42 116
42 118
42 119
42 120
42 123
42 124
42 131
42 132
42 133
42 134
42 135
42 137
42 140
42 142
42 143
42 144
42 145
42 149
42 151
42 153
42 154
42 155
42 156
42 158
42 159
43 45
43 49
43 51
43 52
43 53
43 54
43 55
43 56
43 57
43 59
43 60
43 65
43 66
43 67
43 69
43 70
43 71
43 72
43 73
43 74
43 76
43 77
43 78
43 79
43 81
43 82
43 83
43 84
43 86
43 87
43 88
43 90
43 91
43 92
43 93
43 96
43 98
43 99
43 100
43 102
43 103
43 104
43 105
43 106
43 109
43 110
43 114
43 115
43 116
43 118
43 120
43 121
43 122
43 123
43 125
43 127
43 128
43 129
43 130
43 131
43 132
43 133
43 134
43 135
43 137
43 142
43 144
43 145
43 146
43 148
43 149
43 150
43 152
43 154
43 155
43 157
43 158
44 48
44 51
44 52
44 53
44 54
44 55
44 56
44 59
44 60
44 64
44 65
44 66
44 67
44 69
44 73
44 74
44 76
44 77
44 79
44 80
44 84
44 85
44 86
44 90
44 92
44 95
44 97
44 100
44 102
44 103
44 105
44 107
44 108
44 110
44 111
44 112
44 114
44 116
44 117
44 118
44 121
44 122
44 125
44 126
44 129
44 130
44 133
44 134
44 135
44 139
44 140
44 142
44 144
44 145
44 146
44 149
44 150
44 152
44 153
44 154
44 157
44 158
44 159
45 48
45 49
45 51
45 54
45 55
45 56
45 59
45 60
45 63
45 64
45 65
45 67
45 68
45 69
45 70
45 72
45 74
45 75
45 76
45 77
45 78
45 79
45 80
45 82
45 83
45 85
45 87
45 90
45 92
45 96
45 101
45 102
45 103
45 104
45 105
45 106
45 107
45 108
45 110
45 111
45 113
45 114
45 116
45 119
45 120
45 121
45 124
45 125
45 128
45 129
45 131
45 134
45 135
45 136
45 137
45 144
45 146
45 147
45 148
45 150
45 152
45 157
45 158
45 159
46 50
46 51
46 53
46 57
46 58
46 59
46 61
46 62
46 63
46 67
46 69
46 70
46 71
46 73
46 74
46 75
46 76
46 77
46 78
46 81
46 82
46 83
46 84
46 85
46 87
46 89
46 91
46 92
46 93
46 96
46 97
46 98
46 99
46 100
46 101
46 102
46 103
46 104
46 106
46 107
46 108
46 109
46 110
46 112
46 115
46 116
46 117
46 118
46 121
46 122
46 123
46 125
46 126
46 128
46 130
46 131
46 132
46 134
46 135
46 136
46 137
46 138
46 139
46 140
46 142
46 143
46 144
46 146
46 147
46 149
46 150
46 151
46 152
46 153
46 154
47 49
47 50
47 53
47 55
47 56
47 58
47 59
47 60
47 63
47 65
47 67
47 68
47 69
47 70
47 72
47 77
47 79
47 81
47 82
47 83
47 86
47 87
47 89
47 91
47 92
47 93
47 95
47 96
47 100
47 103
47 104
47 107
47 109
47 110
47 111
47 115
47 117
47 118
47 119
47 121
47 123
47 124
47 125
47 127
47 128
47 129
47 131
47 133
47 134
47 138
47 139
47 141
47 142
47 145
47 146
47 148
47 151
47 152
47 155
47 157
47 158
48 52
48 53
48 54
48 56
48 59
48 61
48 62
48 64
48 65
48 67
48 69
48 70
48 71
48 72
48 74
48 76
48 78
48 80
48 82
48 83
48 84
48 85
48 86
48 87
48 88
48 89
48 90
48 92
48 93
48 94
48 95
48 96
48 99
48 100
48 102
48 104
48 105
48 108
48 112
48 114
48 120
48 121
48 123
48 126
48 128
48 131
48 133
48 134
48 138
48 139
48 140
48 141
48 143
48 145
48 146
48 147
48 148
48 149
48 150
48 153
48 154
48 155
48 158
48 159
49 50
49 53
49 57
49 58
49 59
49 60
49 61
49 62
49 63
49 64
49 65
49 69
49 71
49 72
49 73
49 75
49 76
49 80
49 81
49 84
49 85
49 88
49 90
49 92
49 93
49 95
49 96
49 97
49 98
49 99
49 105
49 106
49 108
49 109
49 110
49 111
49 113
49 115
49 116
49 118
49 119
49 120
49 121
49 124
49 128
49 129
49 130
49 131
49 132
49 133
49 135
49 136
49 137
49 138
49 141
49 144
49 147
49 148
49 149
49 150
49 152
49 155
49 156
49 157
49 159
50 53
50 56
50 57
50 58
50 59
50 60
50 62
50 63
50 64
50 67
50 68
50 70
50 71
50 72
50 73
50 74
50 75
50 76
50 77
50 78
50 79
50 81
50 82
50 85
50 86
50 88
50 90
50 91
50 92
50 93
50 95
50 96
50 97
50 98
50 99
50 101
50 107
50 108
50 109
50 111
50 113
50 114
50 116
50 117
50 118
50 120
50 122
50 123
50 126
50 127
50 128
50 129
50 131
50 132
50 133
50 134
50 135
50 137
50 138
50 140
50 141
50 142
50 143
50 145
50 146
50 148
50 149
50 152
50 153
50 154
50 155
50 158
51 52
51 53
51 56
51 58
51 62
51 63
51 64
51 65
51 66
51 68
51 69
51 70
51 72
51 73
51 74
51 75
51 77
51 78
51 80
51 81
51 83
51 85
51 88
51 89
51 90
51 91
51 92
51 93
51 95
51 96
51 97
51 98
51 99
51 102
51 104
51 108
51 113
51 116
51 118
51 119
51 120
51 121
51 124
51 127
51 129
51 131
51 132
51 133
51 135
51 137
51 138
51 139
51 141
51 142
51 144
51 145
51 146
51 147
51 150
51 151
51 154
51 157
51 158
51 159
52 53
52 54
52 55
52 56
52 60
52 62
52 68
52 70
52 72
52 73
52 78
52 82
52 84
52 85
52 86
52 87
52 88
52 89
52 91
52 92
52 93
52 94
52 96
52 97
52 99
52 100
52 101
52 102
52 103
52 104
52 106
52 107
52 109
52 110
52 112
52 114
52 115
52 117
52 118
52 120
52 125
52 127
52 128
52 129
52 130
52 132
52 133
52 134
52 136
52 138
52 139
52 140
52 143
52 144
52 145
52 147
52 148
52 149
52 150
52 151
52 152
52 154
52 157
52 158
52 159
53 55
53 56
53 57
53 58
53 60
53 63
53 65
53 66
53 67
53 68
53 70
53 71
53 73
53 75
53 76
53 77
53 79
53 80
53 81
53 82
53 83
53 84
53 86
53 88
53 90
53 91
53 92
53 94
53 96
53 97
53 98
53 99
53 101
53 102
53 104
53 105
53 106
53 107
53 108
53 109
53 111
53 112
53 113
53 114
53 115
53 116
53 121
53 122
53 125
53 127
53 128
53 130
53 132
53 133
53 137
53 138
53 139
53 140
53 141
53 142
53 143
53 146
53 147
53 151
53 154
53 156
53 157
53 159
54 55
54 57
54 60
54 61
54 64
54 66
54 68
54 69
54 70
54 72
54 73
54 77
54 79
54 81
54 83
54 84
54 85
54 87
54 88
54 90
54 93
54 94
54 96
54 98
54 99
54 100
54 101
54 102
54 103
54 104
54 105
54 106
54 107
54 108
54 110
54 112
54 113
54 116
54 119
54 120
54 121
54 122
54 123
54 125
54 126
54 127
54 128
54 129
54 132
54 134
54 136
54 137
54 138
54 141
54 142
54 143
54 144
54 145
54 146
54 147
54 150
54 151
54 152
54 153
54 156
55 56
55 57
55 58
55 59
55 62
55 63
55 64
55 65
55 67
55 70
55 71
55 72
55 73
55 74
55 75
55 77
55 78
55 79
55 80
55 81
55 83
55 84
55 89
55 90
55 91
55 93
55 94
55 95
55 96
55 97
55 101
55 102
55 103
55 104
55 105
55 106
55 107
55 108
55 110
55 111
55 112
55 116
55 117
55 118
55 119
55 122
55 123
55 124
55 125
55 128
55 131
55 132
55 136
55 138
55 139
55 140
55 145
55 146
55 148
55 149
55 150
55 151
55 152
55 154
55 155
55 156
55 157
55 159
56 57
56 60
56 61
56 62
56 64
56 65
56 66
56 67
56 71
56 72
56 73
56 74
56 76
56 77
56 78
56 79
56 80
56 81
56 83
56 84
56 85
56 87
56 88
56 89
56 92
56 93
56 94
56 97
56 99
56 100
56 101
56 102
56 105
56 106
56 107
56 108
56 109
56 111
56 113
56 117
56 118
56 120
56 123
56 126
56 131
56 134
56 135
56 136
56 137
56 139
56 141
56 142
56 144
56 145
56 148
56 149
56 151
56 153
56 155
56 156
56 158
56 159
57 58
57 63
57 66
57 68
57 69
57 71
57 75
57 76
57 81
57 82
57 83
57 84
57 86
57 87
57 88
57 90
57 92
57 94
57 96
57 99
57 100
57 101
57 103
57 104
57 108
57 110
57 111
57 112
57 113
57 114
57 115
57 116
57 117
57 119
57 120
57 121
57 124
57 126
57 127
57 129
57 130
57 132
57 133
57 134
57 135
57 136
57 137
57 138
57 140
57 142
57 144
57 145
57 146
57 147
57 149
57 151
57 152
57 154
57 155
57 156
57 157
57 158
58 59
58 60
58 61
58 63
58 64
58 67
58 70
58 71
58 73
58 75
58 76
58 80
58 81
58 82
58 83
58 85
58 86
58 87
58 88
58 89
58 91
58 93
58 95
58 98
58 99
58 101
58 102
58 103
58 105
58 106
58 107
58 109
58 111
58 112
58 114
58 116
58 117
58 119
58 120
58 121
58 122
58 123
58 124
58 125
58 127
58 129
58 130
58 131
58 133
58 135
58 136
58 137
58 139
58 140
58 141
58 143
58 145
58 146
58 151
58 155
58 156
58 158
58 159
59 60
59 63
59 65
59 66
59 69
59 72
59 73
59 76
59 81
59 82
59 83
59 91
59 93
59 98
59 99
59 101
59 102
59 104
59 107
59 110
59 111
59 112
59 113
59 114
59 115
59 116
59 121
59 123
59 125
59 127
59 129
59 131
59 134
59 135
59 139
59 140
59 141
59 142
59 145
59 147
59 148
59 149
59 150
59 151
59 152
59 153
59 155
59 159
60 61
60 62
60 64
60 65
60 66
60 67
60 68
60 69
60 71
60 72
60 74
60 75
60 77
60 79
60 80
60 81
60 82
60 83
60 84
60 85
60 86
60 89
60 90
60 92
60 96
60 97
60 99
60 103
60 104
60 105
60 107
60 109
60 111
60 112
60 115
60 116
60 118
60 120
60 121
60 123
60 124
60 130
60 131
60 132
60 133
60 134
60 137
60 138
60 139
60 140
60 142
60 143
60 146
60 147
60 148
60 149
60 150
60 152
60 153
60 154
60 156
60 157
60 158
60 159
61 63
61 64
61 66
61 67
61 68
61 71
61 72
61 73
61 74
61 75
61 76
61 77
61 78
61 80
61 81
61 82
61 84
61 85
61 86
61 87
61 88
61 90
61 91
61 93
61 94
61 95
61 97
61 98
61 99
61 100
61 101
61 103
61 104
61 108
61 109
61 111
61 112
61 113
61 114
61 116
61 118
61 119
61 121
61 123
61 124
61 125
61 126
61 128
61 129
61 130
61 131
61 133
61 135
61 138
61 140
61 141
61 144
61 145
61 146
61 147
61 148
61 149
61 150
61 152
61 153
61 154
61 156
61 157
61 159
62 63
62 64
62 68
62 69
62 71
62 73
62 74
62 75
62 78
62 79
62 80
62 81
62 82
62 83
62 84
62 86
62 87
62 88
62 90
62 91
62 93
62 94
62 95
62 97
62 98
62 101
62 102
62 106
62 110
62 111
62 112
62 113
62 116
62 117
62 119
62 123
62 124
62 129
62 130
62 131
62 136
62 137
62 139
62 140
62 141
62 145
62 146
62 148
62 149
62 150
62 151
62 153
62 154
62 155
62 156
62 157
62 158
62 159
63 64
63 65
63 66
63 69
63 70
63 71
63 72
63 73
63 74
63 75
63 76
63 77
63 78
63 79
63 80
63 82
63 83
63 84
63 85
63 86
63 88
63 89
63 93
63 95
63 96
63 99
63 100
63 102
63 103
63 104
63 105
63 106
63 108
63 109
63 112
63 114
63 115
63 116
63 117
63 118
63 121
63 122
63 124
63 125
63 127
63 129
63 130
63 133
63 137
63 138
63 139
63 140
63 141
63 143
63 144
63 147
63 149
63 150
63 151
63 152
63 153
63 154
63 156
63 157
63 158
63 159
64 65
64 67
64 70
64 71
64 75
64 79
64 80
64 82
64 83
64 84
64 85
64 86
64 87
64 89
64 90
64 91
64 92
64 93
64 94
64 98
64 101
64 103
64 104
64 106
64 107
64 108
64 110
64 112
64 114
64 117
64 118
64 119
64 120
64 121
64 122
64 125
64 126
64 127
64 128
64 129
64 130
64 131
64 132
64 135
64 137
64 140
64 142
64 143
64 145
64 146
64 147
64 148
64 149
64 150
64 151
64 152
64 153
64 155
64 156
64 157
64 158
64 159
65 66
65 68
65 69
65 70
65 71
65 73
65 74
65 75
65 80
65 83
65 84
65 86
65 90
65 91
65 92
65 93
65 95
65 99
65 101
65 102
65 103
65 106
65 108
65 109
65 110
65 111
65 113
65 115
65 117
65 118
65 120
65 121
65 126
65 128
65 130
65 131
65 132
65 133
65 134
65 138
65 140
65 141
65 142
65 144
65 145
65 146
65 147
65 150
65 151
65 152
65 153
65 155
65 157
66 67
66 68
66 69
66 70
66 71
66 72
66 74
66 75
66 77
66 78
66 79
66 80
66 84
66 85
66 88
66 89
66 90
66 91
66 92
66 94
66 95
66 98
66 99
66 100
66 103
66 108
66 109
66 111
66 112
66 113
66 114
66 115
66 116
66 119
66 121
66 122
66 123
66 126
66 130
66 131
66 132
66 134
66 135
66 136
66 138
66 140
66 141
66 142
66 143
66 145
66 146
66 147
66 150
66 152
66 154
66 155
66 156
66 157
66 159
67 69
67 71
67 72
67 73
67 74
67 78
67 79
67 80
67 81
67 82
67 85
67 87
67 91
67 92
67 93
67 94
67 97
67 98
67 100
67 103
67 104
67 106
67 107
67 108
67 109
67 110
67 112
67 113
67 114
67 115
67 117
67 118
67 119
67 120
67 125
67 128
67 129
67 130
67 131
67 132
67 133
67 134
67 135
67 136
67 137
67 139
67 140
67 141
67 145
67 146
67 148
67 149
67 152
67 154
67 155
67 156
67 157
67 159
68 70
68 71
68 72
68 76
68 77
68 78
68 79
68 82
68 84
68 86
68 87
68 90
68 91
68 92
68 93
68 96
68 99
68 100
68 101
68 102
68 107
68 109
68 111
68 112
68 113
68 114
68 115
68 117
68 121
68 122
68 123
68 124
68 125
68 126
68 127
68 130
68 132
68 134
68 136
68 137
68 141
68 142
68 145
68 146
68 152
68 155
68 156
68 157
69 70
69 71
69 74
69 75
69 76
69 77
69 79
69 80
69 81
69 83
69 84
69 86
69 87
69 90
69 92
69 93
69 94
69 96
69 97
69 99
69 100
69 101
69 102
69 104
69 105
69 106
69 107
69 110
69 111
69 112
69 113
69 116
69 118
69 119
69 120
69 122
69 125
69 126
69 127
69 128
69 129
69 130
69 132
69 133
69 134
69 135
69 137
69 139
69 140
69 141
69 146
69 147
69 148
69 150
69 151
69 152
69 155
69 157
69 159
70 73
70 74
70 76
70 77
70 78
70 79
70 80
70 84
70 86
70 89
70 90
70 91
70 92
70 93
70 95
70 96
70 97
70 98
70 101
70 102
70 105
70 106
70 107
70 109
70 110
70 111
70 112
70 113
70 114
70 115
70 116
70 118
70 120
70 123
70 124
70 125
70 128
70 131
70 135
70 136
70 138
70 139
70 140
70 141
70 142
70 143
70 146
70 150
70 151
70 152
70 154
70 155
70 156
70 159
71 72
71 75
71 79
71 80
71 82
71 84
71 85
71 87
71 88
71 90
71 91
71 92
71 93
71 95
71 96
71 97
71 99
71 105
71 106
71 107
71 108
71 110
71 111
71 114
71 117
71 120
71 122
71 123
71 127
71 128
71 129
71 132
71 133
71 135
71 136
71 137
71 138
71 139
71 140
71 141
71 143
71 145
71 150
71 154
71 156
71 157
71 158
71 159
72 73
72 74
72 75
72 77
72 80
72 81
72 82
72 84
72 86
72 88
72 89
72 90
72 91
72 92
72 93
72 95
72 96
72 97
72 98
72 99
72 100
72 103
72 106
72 107
72 109
72 110
72 112
72 114
72 115
72 117
72 121
72 122
72 123
72 124
72 126
72 129
72 130
72 131
72 132
72 133
72 134
72 135
72 137
72 138
72 139
72 141
72 143
72 144
72 147
72 149
72 150
72 154
72 157
72 158
73 74
73 75
73 76
73 77
73 79
73 80
73 81
73 82
73 83
73 88
73 89
73 90
73 91
73 94
73 95
73 97
73 98
73 100
73 101
73 102
73 103
73 104
73 105
73 106
73 107
73 109
73 110
73 112
73 116
73 118
73 121
73 122
73 124
73 126
73 127
73 129
73 130
73 131
73 132
73 133
73 138
73 139
73 140
73 142
73 143
73 144
73 145
73 146
73 148
73 150
73 152
73 156
73 157
73 159
74 75
74 78
74 79
74 80
74 81
74 84
74 85
74 86
74 87
74 88
74 89
74 91
74 92
74 93
74 98
74 99
74 101
74 103
74 104
74 105
74 106
74 108
74 110
74 111
74 114
74 115
74 116
74 118
74 119
74 120
74 121
74 122
74 125
74 127
74 129
74 131
74 132
74 133
74 134
74 137
74 138
74 140
74 141
74 144
74 146
74 148
74 149
74 150
74 151
74 152
74 153
74 156
74 157
74 158
75 76
75 77
75 78
75 79
75 80
75 81
75 82
75 83
75 84
75 85
75 87
75 88
75 89
75 95
75 97
75 99
75 100
75 102
75 104
75 105
75 107
75 109
75 110
75 111
75 112
75 115
75 116
75 117
75 118
75 119
75 122
75 124
75 125
75 126
75 127
75 129
75 130
75 131
75 133
75 134
75 135
75 137
75 138
75 142
75 143
75 144
75 145
75 148
75 149
75 150
75 151
75 152
75 153
75 154
75 155
75 156
75 158
75 159
76 77
76 78
76 83
76 84
76 85
76 86
76 87
76 88
76 90
76 91
76 92
76 95
76 96
76 97
76 98
76 99
76 100
76 101
76 102
76 103
76 108
76 110
76 112
76 113
76 114
76 115
76 117
76 119
76 120
76 122
76 123
76 124
76 125
76 128
76 129
76 134
76 135
76 136
76 138
76 139
76 140
76 141
76 142
76 143
76 144
76 145
76 146
76 148
76 149
76 150
76 151
76 152
76 153
76 154
76 155
76 157
76 158
77 79
77 84
77 85
77 86
77 87
77 89
77 90
77 92
77 96
77 97
77 99
77 102
77 103
77 104
77 105
77 106
77 109
77 110
77 111
77 113
77 114
77 117
77 118
77 119
77 120
77 122
77 127
77 132
77 134
77 135
77 136
77 137
77 138
77 139
77 142
77 143
77 146
77 147
77 148
77 150
77 151
77 153
77 154
77 156
77 157
77 158
77 159
78 79
78 81
78 82
78 83
78 85
78 88
78 89
78 92
78 95
78 97
78 98
78 99
78 100
78 101
78 104
78 106
78 110
78 111
78 113
78 114
78 115
78 116
78 117
78 119
78 121
78 123
78 124
78 125
78 126
78 128
78 130
78 132
78 133
78 134
78 135
78 137
78 139
78 140
78 142
78 145
78 148
78 149
78 151
78 152
78 153
78 155
78 156
79 81
79 82
79 83
79 84
79 85
79 87
79 91
79 92
79 94
79 96
79 99
79 101
79 102
79 104
79 105
79 107
79 108
79 109
79 111
79 112
79 114
79 116
79 122
79 124
79 125
79 128
79 131
79 132
79 133
79 137
79 140
79 141
79 144
79 145
79 146
79 147
79 148
79 149
79 151
79 152
79 155
79 156
79 157
79 158
80 82
80 83
80 84
80 85
80 86
80 87
80 88
80 89
80 91
80 93
80 94
80 95
80 101
80 103
80 105
80 106
80 110
80 111
80 112
80 113
80 114
80 116
80 120
80 123
80 127
80 129
80 130
80 131
80 133
80 135
80 137
80 138
80 140
80 141
80 143
80 145
80 149
80 153
80 155
80 156
80 157
81 83
81 84
81 85
81 86
81 91
81 92
81 93
81 95
81 97
81 98
81 99
81 100
81 101
81 106
81 107
81 109
81 112
81 113
81 116
81 117
81 118
81 119
81 120
81 121
81 122
81 125
81 126
81 127
81 130
81 131
81 132
81 133
81 134
81 136
81 137
81 138
81 139
81 142
81 143
81 144
81 146
81 148
81 150
81 152
82 83
82 84
82 85
82 86
82 87
82 88
82 89
82 91
82 92
82 93
82 94
82 95
82 96
82 97
82 98
82 99
82 100
82 101
82 103
82 104
82 106
82 107
82 108
82 109
82 112
82 114
82 115
82 116
82 118
82 119
82 120
82 121
82 122
82 124
82 125
82 127
82 128
82 129
82 130
82 131
82 132
82 135
82 136
82 137
82 138
82 140
82 142
82 144
82 146
82 147
82 149
82 150
82 152
82 154
82 155
83 86
83 87
83 91
83 95
83 96
83 101
83 103
83 104
83 105
83 107
83 108
83 111
83 112
83 116
83 120
83 121
83 123
83 124
83 126
83 127
83 128
83 130
83 132
83 133
83 136
83 138
83 139
83 140
83 141
83 144
83 146
83 147
83 148
83 149
83 150
83 153
83 156
83 157
83 158
84 87
84 88
84 89
84 92
84 94
84 97
84 99
84 100
84 101
84 103
84 105
84 106
84 108
84 110
84 112
84 115
84 121
84 122
84 125
84 126
84 128
84 130
84 131
84 132
84 133
84 135
84 137
84 139
84 140
84 143
84 145
84 146
84 147
84 149
84 150
84 151
84 152
84 155
84 157
84 158
85 88
85 89
85 92
85 93
85 95
85 96
85 97
85 98
85 100
85 102
85 103
85 104
85 106
85 107
85 110
85 111
85 112
85 113
85 117
85 118
85 119
85 120
85 123
85 124
85 125
85 126
85 128
85 129
85 130
85 131
85 133
85 134
85 135
85 137
85 138
85 139
85 140
85 142
85 145
85 146
85 147
85 148
85 149
85 152
85 153
85 155
85 159
86 87
86 88
86 90
86 94
86 95
86 96
86 97
86 98
86 99
86 101
86 102
86 104
86 107
86 108
86 110
86 111
86 114
86 117
86 118
86 119
86 120
86 121
86 122
86 124
86 127
86 129
86 131
86 132
86 133
86 134
86 137
86 139
86 140
86 142
86 143
86 144
86 146
86 151
86 152
86 154
86 157
86 158
86 159
87 89
87 91
87 93
87 94
87 95
87 96
87 97
87 100
87 102
87 105
87 106
87 108
87 109
87 110
87 112
87 113
87 114
87 116
87 118
87 119
87 123
87 124
87 125
87 126
87 127
87 130
87 132
87 133
87 134
87 135
87 136
87 138
87 139
87 140
87 141
87 143
87 144
87 146
87 148
87 149
87 151
87 152
87 155
87 157
87 158
87 159
88 90
88 91
88 92
88 96
88 98
88 99
88 100
88 102
88 105
88 106
88 107
88 111
88 112
88 113
88 116
88 119
88 121
88 122
88 123
88 124
88 125
88 126
88 128
88 129
88 135
88 138
88 140
88 142
88 143
88 144
88 145
88 146
88 148
88 149
88 153
88 156
88 159
89 90
89 92
89 93
89 94
89 95
89 96
89 99
89 100
89 101
89 103
89 104
89 105
89 108
89 110
89 111
89 112
89 113
89 117
89 121
89 122
89 124
89 125
89 128
89 129
89 130
89 132
89 133
89 134
89 135
89 140
89 141
89 142
89 143
89 144
89 148
89 149
89 150
89 151
89 152
89 153
89 156
89 158
90 91
90 92
90 95
90 97
90 99
90 100
90 101
90 104
90 109
90 111
90 112
90 113
90 114
90 118
90 119
90 121
90 123
90 126
90 127
90 128
90 129
90 130
90 131
90 133
90 134
90 135
90 137
90 138
90 140
90 142
90 143
90 144
90 145
90 146
90 149
90 150
90 151
90 152
90 153
90 155
90 156
90 157
90 159
91 92
91 94
91 95
91 96
91 98
91 99
91 100
91 101
91 102
91 103
91 104
91 105
91 107
91 109
91 110
91 112
91 114
91 115
91 116
91 118
91 120
91 125
91 126
91 130
91 131
91 133
91 135
91 137
91 144
91 145
91 147
91 148
91 151
91 152
91 154
91 155
91 156
91 157
91 158
92 94
92 95
92 97
92 98
92 99
92 104
92 105
92 106
92 107
92 108
92 109
92 110
92 111
92 112
92 113
92 114
92 115
92 118
92 120
92 122
92 123
92 127
92 128
92 130
92 131
92 132
92 134
92 137
92 139
92 140
92 141
92 142
92 143
92 145
92 146
92 147
92 148
92 151
92 152
92 153
92 154
92 155
92 157
92 158
93 94
93 95
93 99
93 100
93 103
93 106
93 107
93 109
93 110
93 111
93 112
93 113
93 115
93 116
93 117
93 119
93 121
93 122
93 123
93 125
93 126
93 127
93 128
93 130
93 131
93 132
93 135
93 136
93 137
93 140
93 141
93 142
93 143
93 144
93 145
93 146
93 147
93 148
93 149
93 150
93 151
93 152
93 156
93 157
93 158
93 159
94 95
94 96
94 98
94 100
94 101
94 102
94 106
94 107
94 110
94 111
94 114
94 115
94 116
94 123
94 125
94 127
94 128
94 129
94 130
94 135
94 139
94 140
94 142
94 143
94 144
94 145
94 147
94 149
94 152
94 154
94 155
95 96
95 97
95 98
95 100
95 102
95 106
95 110
95 111
95 113
95 114
95 116
95 117
95 118
95 119
95 120
95 121
95 124
95 126
95 128
95 129
95 133
95 135
95 136
95 139
95 142
95 144
95 146
95 149
95 153
95 155
95 156
95 157
95 158
96 98
96 99
96 101
96 102
96 104
96 106
96 107
96 108
96 112
96 120
96 121
96 124
96 126
96 127
96 128
96 129
96 130
96 131
96 132
96 134
96 135
96 136
96 137
96 138
96 140
96 141
96 142
96 144
96 145
96 146
96 147
96 148
96 151
96 152
96 154
96 156
96 158
97 100
97 102
97 103
97 105
97 106
97 109
97 110
97 111
97 112
97 114
97 115
97 120
97 126
97 129
97 130
97 132
97 133
97 134
97 135
97 140
97 142
97 144
97 145
97 146
97 147
97 148
97 149
97 150
97 153
97 155
97 156
97 157
97 158
97 159
98 101
98 102
98 103
98 104
98 105
98 107
98 108
98 111
98 113
98 116
98 122
98 123
98 124
98 125
98 127
98 128
98 130
98 132
98 133
98 135
98 136
98 137
98 138
98 139
98 140
98 142
98 143
98 144
98 145
98 146
98 147
98 150
98 152
98 154
98 156
98 157
98 158
98 159
99 102
99 104
99 107
99 109
99 111
99 112
99 113
99 114
99 116
99 119
99 120
99 121
99 123
99 125
99 126
99 128
99 129
99 130
99 131
99 133
99 134
99 135
99 137
99 138
99 140
99 144
99 146
99 148
99 149
99 150
99 153
99 156
99 157
99 158
100 103
100 104
100 105
100 106
100 109
100 110
100 111
100 112
100 114
100 118
100 120
100 123
100 125
100 128
100 129
100 130
100 131
100 137
100 139
100 140
100 143
100 144
100 146
100 148
100 149
100 150
100 151
100 153
100 155
100 156
101 104
101 106
101 107
101 111
101 113
101 117
101 118
101 126
101 129
101 134
101 135
101 137
101 138
101 140
101 142
101 143
101 144
101 145
101 146
101 147
101 149
101 150
101 152
101 153
101 156
101 158
102 103
102 104
102 107
102 108
102 111
102 112
102 114
102 115
102 116
102 117
102 118
102 119
102 121
102 123
102 124
102 125
102 126
102 130
102 131
102 133
102 134
102 137
102 138
102 140
102 141
102 145
102 150
102 151
102 152
102 155
102 156
102 157
102 158
102 159
103 104
103 105
103 106
103 108
103 109
103 110
103 113
103 115
103 116
103 121
103 124
103 125
103 126
103 127
103 129
103 130
103 134
103 138
103 139
103 143
103 144
103 145
103 147
103 148
103 152
103 153
103 155
103 157
104 106
104 107
104 108
104 110
104 111
104 113
104 114
104 115
104 116
104 117
104 118
104 122
104 126
104 127
104 128
104 129
104 130
104 132
104 133
104 138
104 139
104 140
104 141
104 146
104 147
104 149
104 150
104 151
104 157
104 159
105 107
105 108
105 109
105 112
105 113
105 114
105 115
105 117
105 119
105 120
105 121
105 122
105 123
105 127
105 128
105 129
105 133
105 134
105 136
105 137
105 139
105 140
105 141
105 142
105 144
105 147
105 148
105 150
105 152
105 153
105 155
105 158
105 159
106 108
106 109
106 111
106 112
106 115
106 116
106 117
106 120
106 121
106 123
106 124
106 128
106 131
106 134
106 135
106 137
106 138
106 140
106 141
106 142
106 143
106 144
106 145
106 146
106 149
106 150
106 152
106 153
106 154
106 155
106 159
107 108
107 109
107 112
107 113
107 114
107 117
107 118
107 120
107 121
107 122
107 124
107 126
107 128
107 130
107 131
107 132
107 134
107 135
107 137
107 138
107 145
107 147
107 149
107 150
107 151
107 152
107 153
107 154
107 155
107 156
107 157
107 159
108 109
108 110
108 111
108 112
108 113
108 114
108 115
108 117
108 118
108 122
108 123
108 125
108 126
108 127
108 129
108 131
108 132
108 136
108 137
108 138
108 140
108 141
108 143
108 144
108 145
108 146
108 148
108 149
108 150
108 151
108 152
108 158
108 159
109 110
109 111
109 112
109 114
109 115
109 116
109 118
109 119
109 120
109 121
109 122
109 126
109 128
109 130
109 131
109 133
109 134
109 135
109 136
109 137
109 138
109 139
109 141
109 142
109 143
109 146
109 148
109 150
109 155
109 156
109 157
109 158
110 111
110 113
110 115
110 116
110 117
110 118
110 120
110 121
110 123
110 124
110 126
110 127
110 128
110 129
110 132
110 133
110 136
110 137
110 139
110 140
110 142
110 143
110 146
110 147
110 148
110 149
110 150
110 151
110 152
110 153
110 155
110 157
110 159
111 112
111 114
111 116
111 117
111 118
111 119
111 120
111 121
111 123
111 124
111 126
111 127
111 128
111 130
111 132
111 133
111 135
111 136
111 137
111 138
111 140
111 143
111 144
111 145
111 146
111 148
111 149
111 150
111 152
111 153
111 155
111 159
112 114
112 116
112 117
112 121
112 122
112 124
112 125
112 126
112 127
112 128
112 129
112 132
112 134
112 135
112 136
112 138
112 140
112 142
112 143
112 144
112 147
112 149
112 150
112 151
112 152
112 154
112 157
112 158
112 159
113 114
113 116
113 117
113 118
113 119
113 120
113 121
113 123
113 126
113 127
113 128
113 131
113 132
113 135
113 136
113 137
113 139
113 140
113 144
113 145
113 147
113 148
113 149
113 152
113 153
113 154
113 156
114 115
114 116
114 117
114 119
114 120
114 124
114 125
114 126
114 127
114 129
114 131
114 132
114 133
114 134
114 135
114 137
114 138
114 139
114 141
114 142
114 144
114 145
114 146
114 147
114 148
114 150
114 151
114 153
114 154
114 155
114 158
115 118
115 119
115 120
115 123
115 124
115 127
115 128
115 130
115 131
115 132
115 134
115 135
115 136
115 137
115 139
115 140
115 141
115 142
115 143
115 144
115 145
115 146
115 148
115 149
115 152
115 153
115 156
116 120
116 121
116 123
116 124
116 125
116 126
116 127
116 128
116 129
116 130
116 131
116 132
116 134
116 136
116 137
116 139
116 143
116 144
116 145
116 146
116 147
116 149
116 151
116 155
116 156
116 157
116 158
117 119
117 121
117 123
117 125
117 128
117 129
117 131
117 132
117 134
117 135
117 136
117 138
117 139
117 141
117 142
117 145
117 147
117 148
117 149
117 153
117 154
117 156
117 159
118 120
118 121
118 123
118 124
118 125
118 126
118 127
118 128
118 129
118 130
118 131
118 134
118 135
118 138
118 140
118 142
118 147
118 149
118 151
118 152
118 153
118 154
118 157
118 158
118 159
119 120
119 121
119 122
119 123
119 124
119 125
119 126
119 128
119 129
119 130
119 133
119 135
119 137
119 138
119 139
119 140
119 142
119 144
119 145
119 147
119 148
119 150
119 151
119 152
119 153
119 159
120 121
120 126
120 130
120 131
120 134
120 135
120 136
120 138
120 139
120 140
120 142
120 144
120 145
120 148
120 150
120 152
120 153
120 154
120 155
120 156
120 158
121 122
121 124
121 125
121 127
121 131
121 132
121 134
121 137
121 138
121 139
121 142
121 144
121 146
121 147
121 149
121 150
121 151
121 154
121 156
121 157
121 158
121 159
122 123
122 124
122 126
122 128
122 129
122 130
122 131
122 133
122 135
122 136
122 138
122 140
122 141
122 143
122 144
122 145
122 148
122 150
122 151
122 154
122 157
123 125
123 127
123 128
123 129
123 130
123 131
123 132
123 133
123 134
123 135
123 139
123 142
123 145
123 146
123 147
123 148
123 150
123 151
123 152
123 153
123 155
123 157
123 158
123 159
124 125
124 127
124 128
124 129
124 130
124 131
124 134
124 137
124 141
124 142
124 143
124 145
124 146
124 147
124 148
124 150
124 151
124 153
124 154
124 155
124 156
124 157
124 158
125 126
125 129
125 131
125 137
125 140
125 142
125 144
125 145
125 146
125 149
125 156
125 158
126 127
126 128
126 138
126 139
126 140
126 142
126 145
126 146
126 148
126 150
126 151
126 153
126 157
126 158
126 159
127 129
127 130
127 132
127 134
127 135
127 138
127 139
127 141
127 142
127 143
127 145
127 146
127 147
127 148
127 150
127 152
127 154
127 155
127 157
127 158
128 129
128 130
128 133
128 134
128 135
128 143
128 145
128 146
128 148
128 149
128 150
128 155
128 157
128 158
128 159
129 131
129 132
129 133
129 135
129 136
129 137
129 138
129 139
129 141
129 144
129 146
129 149
129 152
129 153
129 155
129 157
129 158
130 131
130 133
130 134
130 135
130 137
130 139
130 140
130 141
130 142
130 145
130 148
130 151
130 153
130 154
130 155
130 159
131 132
131 133
131 134
131 137
131 139
131 142
131 143
131 144
131 145
131 146
131 147
131 149
131 150
131 153
131 154
131 156
131 157
132 134
132 135
132 137
132 138
132 140
132 142
132 143
132 144
132 145
132 146
132 147
132 148
132 150
132 153
132 154
132 155
132 157
132 158
133 135
133 136
133 137
133 138
133 139
133 141
133 142
133 144
133 145
133 146
133 147
133 153
133 155
134 135
134 136
134 137
134 140
134 141
134 143
134 147
134 149
134 150
134 151
134 152
134 154
134 155
134 156
134 157
134 158
134 159
135 136
135 137
135 140
135 142
135 143
135 144
135 145
135 146
135 147
135 148
135 149
135 150
135 151
135 152
135 153
135 154
135 155
135 156
135 158
135 159
136 137
136 138
136 139
136 142
136 143
136 145
136 146
136 147
136 152
136 153
136 154
136 155
136 156
136 157
137 138
137 139
137 140
137 141
137 142
137 145
137 147
137 148
137 149
137 150
137 153
137 154
137 155
137 156
137 158
138 140
138 141
138 144
138 146
138 148
138 150
138 152
138 155
138 157
138 158
138 159
139 140
139 141
139 142
139 146
139 148
139 150
139 154
139 155
140 141
140 142
140 143
140 144
140 145
140 146
140 147
140 148
140 149
140 151
140 153
140 154
140 155
140 156
140 157
140 158
140 159
141 142
141 143
141 145
141 146
141 147
141 148
141 150
141 151
141 152
141 153
141 154
141 155
141 156
141 158
141 159
142 145
142 146
142 147
142 148
142 149
142 151
142 152
142 155
142 156
142 158
142 159
143 144
143 145
143 149
143 150
143 151
143 153
143 156
143 157
143 158
144 145
144 146
144 147
144 148
144 149
144 150
144 151
144 152
144 153
144 154
144 155
144 158
145 146
145 147
145 153
145 154
145 156
145 157
145 158
145 159
146 147
146 148
146 151
146 154
146 155
146 158
146 159
147 149
147 151
147 153
147 154
147 155
147 156
147 157
147 158
147 159
148 149
148 151
148 153
148 154
148 155
148 156
148 157
148 158
148 159
149 150
149 152
149 156
149 158
150 152
150 153
150 155
150 157
150 159
151 152
151 154
151 155
151 156
152 154
152 155
152 156
152 157
152 158
152 159
153 154
153 155
153 156
153 157
153 158
153 159
154 156
154 157
154 159
157 158
158 159
123 26 126 79 110 103 148 91 125 153 121 3 28 128 23 41
143 50 156 69 159 19 20 93 57 53 17 117 122 89 10 64
37 99 65 100 34 86 6 145 14 56 27 104 29 113 92 106
115 118 157 21 63 131 101 147 146 132 68 11 67 58 51 151
30 24 66 1 124 77 87 15 33 25 142 61 97 111 85 88
149 32 150 141 81 82 54 119 2 134 74 80 43 83 31 36
137 71 12 7 4 18 98 129 155 109 45 140 138 139 96 75
16 114 144 107 59 13 76 46 154 52 55 105 70 120 72 90
108 48 130 112 102 133 158 73 60 62 5 47 40 39 116 127
49 0 84 35 94 38 44 135 152 78 9 95 8 42 136 22
