130
3283
22
55.64
89.14
14.8
79.16
4.66
43.49
4.7
88.78
87.92
35.63
59.46
17.3
36.51
42.47
64.95
63.31
25.89
64.73
72.2
73.25
94.36
22.79
0 3
0 5
0 8
0 9
0 11
0 12
0 13
0 27
0 28
0 29
0 35
0 37
0 38
0 46
0 47
0 51
0 57
0 58
0 62
0 63
0 66
0 68
0 71
0 72
0 75
0 77
0 80
0 88
0 89
0 90
0 92
0 93
0 94
0 95
0 96
0 98
0 100
0 101
0 103
0 105
0 106
0 108
0 110
0 114
0 116
0 117
0 124
0 125
1 13
1 14
1 18
1 19
1 20
1 23
1 26
1 30
1 31
1 35
1 38
1 41
1 42
1 43
1 44
1 49
1 51
1 55
1 57
1 59
1 62
1 65
1 74
1 79
1 85
1 86
1 87
1 94
1 96
1 98
1 102
1 103
1 105
1 106
1 110
1 115
1 116
1 117
1 118
1 122
1 129
2 4
2 6
2 8
2 10
2 17
2 20
2 30
2 31
2 34
2 41
2 42
2 44
2 45
2 46
2 48
2 50
2 51
2 53
2 54
2 55
2 57
2 62
2 63
2 64
2 65
2 66
2 68
2 69
2 74
2 76
2 79
2 83
2 84
2 85
2 88
2 89
2 90
2 97
2 99
2 102
2 103
2 108
2 110
2 111
2 112
2 113
2 118
2 120
2 121
2 123
2 126
2 128
3 7
3 10
3 15
3 16
3 18
3 22
3 27
3 28
3 31
3 32
3 33
3 36
3 39
3 40
3 42
3 43
3 44
3 45
3 46
3 47
3 49
3 51
3 52
3 55
3 57
3 58
3 61
3 65
3 66
3 67
3 68
3 70
3 71
3 72
3 74
3 75
3 76
3 77
3 79
3 81
3 85
3 86
3 88
3 91
3 95
3 96
3 97
3 102
3 104
3 105
3 106
3 109
3 111
3 112
3 113
3 114
3 120
3 121
3 123
3 125
4 6
4 10
4 15
4 16
4 17
4 18
4 20
4 22
4 23
4 25
4 29
4 31
4 34
4 35
4 36
4 38
4 41
4 47
4 51
4 52
4 54
4 56
4 58
4 60
4 62
4 65
4 67
4 68
4 70
4 74
4 76
4 85
4 86
4 90
4 92
4 99
4 100
4 101
4 102
4 103
4 107
4 111
4 114
4 116
4 118
4 121
4 122
4 123
4 124
4 125
4 126
4 128
4 129
5 6
5 9
5 13
5 15
5 16
5 17
5 18
5 19
5 21
5 24
5 25
5 26
5 27
5 28
5 31
5 32
5 33
5 37
5 43
5 44
5 45
5 47
5 49
5 51
5 53
5 54
5 55
5 58
5 59
5 63
5 67
5 68
5 70
5 72
5 73
5 74
5 75
5 78
5 80
5 81
5 84
5 91
5 95
5 98
5 100
5 101
5 102
5 103
5 107
5 108
5 109
5 117
5 118
5 119
5 121
5 123
5 124
5 125
6 8
6 9
6 11
6 12
6 13
6 16
6 18
6 23
6 24
6 27
6 30
6 31
6 34
6 39
6 41
6 44
6 47
6 49
6 52
6 55
6 56
6 58
6 61
6 62
6 66
6 67
6 68
6 69
6 70
6 71
6 73
6 74
6 79
6 80
6 83
6 92
6 94
6 97
6 105
6 107
6 110
6 111
6 113
6 117
6 119
6 124
6 125
6 128
7 11
7 12
7 14
7 23
7 28
7 33
7 35
7 39
7 43
7 46
7 48
7 51
7 53
7 54
7 55
7 56
7 61
7 64
7 67
7 68
7 77
7 78
7 80
7 82
7 83
7 89
7 90
7 92
7 94
7 96
7 101
7 103
7 106
7 108
7 111
7 117
7 119
7 121
7 122
7 127
8 9
8 20
8 21
8 22
8 24
8 25
8 28
8 30
8 32
8 33
8 34
8 36
8 37
8 38
8 39
8 40
8 50
8 52
8 53
8 55
8 57
8 60
8 61
8 64
8 65
8 66
8 68
8 69
8 72
8 73
8 77
8 78
8 81
8 82
8 88
8 90
8 91
8 92
8 96
8 100
8 102
8 103
8 104
8 105
8 106
8 107
8 110
8 116
8 117
8 120
9 14
9 16
9 17
9 18
9 20
9 21
9 24
9 25
9 26
9 31
9 33
9 35
9 38
9 40
9 41
9 43
9 44
9 46
9 48
9 49
9 51
9 52
9 54
9 57
9 58
9 60
9 62
9 64
9 67
9 72
9 76
9 77
9 78
9 79
9 81
9 82
9 83
9 85
9 86
9 91
9 92
9 96
9 97
9 101
9 103
9 104
9 107
9 109
9 110
9 111
9 113
9 114
9 116
9 117
9 120
9 121
9 128
9 129
10 18
10 19
10 20
10 22
10 24
10 28
10 30
10 33
10 41
10 42
10 43
10 45
10 46
10 48
10 49
10 60
10 65
10 72
10 78
10 79
10 85
10 86
10 87
10 88
10 93
10 102
10 105
10 106
10 109
10 114
10 115
10 117
10 120
10 121
10 125
10 128
10 129
11 14
11 16
11 17
11 18
11 19
11 22
11 25
11 29
11 31
11 32
11 34
11 35
11 36
11 37
11 38
11 39
11 41
11 42
11 45
11 47
11 48
11 49
11 50
11 61
11 66
11 67
11 68
11 72
11 74
11 77
11 80
11 83
11 85
11 86
11 87
11 89
11 93
11 94
11 95
11 96
11 98
11 99
11 101
11 102
11 103
11 104
11 109
11 110
11 111
11 112
11 117
11 118
11 119
11 121
11 127
11 129
12 14
12 17
12 21
12 22
12 23
12 25
12 26
12 27
12 30
12 31
12 33
12 35
12 40
12 41
12 42
12 47
12 52
12 53
12 54
12 56
12 57
12 60
12 63
12 64
12 66
12 69
12 70
12 72
12 74
12 75
12 79
12 81
12 82
12 84
12 87
12 89
12 90
12 92
12 94
12 95
12 96
12 104
12 107
12 111
12 117
12 121
12 125
12 129
13 22
13 25
13 29
13 31
13 32
13 36
13 39
13 40
13 42
13 43
13 44
13 47
13 50
13 55
13 57
13 59
13 62
13 65
13 66
13 67
13 68
13 69
13 76
13 77
13 80
13 81
13 84
13 89
13 91
13 99
13 101
13 102
13 106
13 107
13 110
13 118
13 119
13 121
13 122
13 123
13 125
13 128
13 129
14 15
14 16
14 18
14 23
14 25
14 28
14 30
14 33
14 34
14 40
14 41
14 43
14 45
14 47
14 50
14 53
14 54
14 56
14 57
14 59
14 69
14 70
14 71
14 72
14 74
14 76
14 77
14 85
14 86
14 89
14 91
14 92
14 94
14 95
14 98
14 100
14 101
14 104
14 111
14 112
14 113
14 114
14 117
14 118
14 119
14 124
14 128
14 129
15 16
15 19
15 22
15 25
15 28
15 32
15 33
15 35
15 36
15 38
15 40
15 48
15 50
15 51
15 53
15 55
15 56
15 57
15 60
15 61
15 64
15 65
15 66
15 67
15 68
15 71
15 74
15 75
15 76
15 85
15 86
15 90
15 92
15 93
15 94
15 95
15 99
15 100
15 102
15 104
15 105
15 109
15 111
15 113
15 115
15 118
15 129
16 20
16 25
16 27
16 28
16 29
16 30
16 32
16 33
16 34
16 35
16 36
16 48
16 49
16 55
16 56
16 58
16 60
16 64
16 69
16 70
16 71
16 73
16 75
16 77
16 78
16 79
16 81
16 83
16 84
16 85
16 86
16 89
16 95
16 96
16 98
16 99
16 103
16 108
16 109
16 121
16 128
16 129
17 18
17 20
17 21
17 22
17 23
17 24
17 25
17 27
17 29
17 30
17 31
17 34
17 40
17 42
17 44
17 45
17 49
17 53
17 55
17 57
17 58
17 59
17 61
17 62
17 69
17 76
17 77
17 82
17 83
17 85
17 86
17 89
17 91
17 99
17 100
17 102
17 103
17 104
17 105
17 109
17 111
17 114
17 115
17 118
17 121
17 122
17 124
17 126
17 127
17 129
18 19
18 21
18 23
18 30
18 31
18 33
18 34
18 36
18 44
18 45
18 48
18 50
18 53
18 54
18 58
18 59
18 60
18 63
18 66
18 67
18 71
18 75
18 76
18 77
18 81
18 83
18 92
18 93
18 100
18 101
18 102
18 109
18 110
18 111
18 115
18 116
18 117
18 119
18 120
18 124
19 20
19 23
19 24
19 27
19 29
19 30
19 32
19 33
19 38
19 39
19 48
19 51
19 55
19 56
19 57
19 59
19 60
19 61
19 62
19 63
19 64
19 67
19 68
19 69
19 70
19 71
19 72
19 75
19 76
19 81
19 82
19 83
19 86
19 87
19 90
19 91
19 92
19 93
19 96
19 97
19 98
19 99
19 103
19 107
19 110
19 111
19 112
19 113
19 116
19 119
19 120
19 125
19 126
19 128
19 129
20 21
20 22
20 25
20 27
20 30
20 34
20 35
20 36
20 38
20 41
20 42
20 43
20 46
20 48
20 53
20 57
20 61
20 63
20 64
20 68
20 69
20 70
20 71
20 72
20 74
20 75
20 77
20 79
20 81
20 82
20 84
20 85
20 86
20 91
20 94
20 97
20 98
20 102
20 104
20 105
20 108
20 114
20 125
21 22
21 25
21 26
21 28
21 29
21 32
21 33
21 34
21 37
21 38
21 52
21 53
21 54
21 56
21 57
21 58
21 60
21 65
21 66
21 68
21 69
21 71
21 72
21 78
21 81
21 83
21 88
21 90
21 92
21 93
21 95
21 96
21 98
21 99
21 105
21 108
21 109
21 119
21 121
21 122
21 124
21 125
22 23
22 27
22 33
22 36
22 37
22 38
22 43
22 44
22 45
22 49
22 53
22 55
22 56
22 59
22 60
22 62
22 71
22 72
22 74
22 76
22 77
22 79
22 80
22 81
22 83
22 86
22 89
22 92
22 94
22 96
22 97
22 104
22 105
22 106
22 108
22 109
22 111
22 112
22 115
22 117
22 125
22 129
23 25
23 26
23 28
23 29
23 30
23 32
23 35
23 36
23 39
23 40
23 44
23 51
23 53
23 54
23 57
23 58
23 61
23 63
23 64
23 67
23 69
23 71
23 73
23 76
23 82
23 85
23 87
23 88
23 89
23 91
23 93
23 95
23 96
23 97
23 99
23 100
23 102
23 103
23 104
23 108
23 109
23 115
23 118
23 121
23 122
23 123
23 125
23 126
23 128
23 129
24 25
24 31
24 33
24 35
24 36
24 37
24 40
24 41
24 48
24 49
24 53
24 54
24 55
24 57
24 58
24 59
24 60
24 61
24 65
24 67
24 68
24 69
24 70
24 73
24 77
24 78
24 79
24 80
24 85
24 86
24 88
24 90
24 94
24 96
24 97
24 98
24 103
24 106
24 107
24 110
24 115
24 116
24 127
25 26
25 28
25 31
25 33
25 36
25 38
25 45
25 47
25 48
25 49
25 54
25 57
25 58
25 59
25 60
25 61
25 62
25 64
25 70
25 73
25 76
25 80
25 81
25 82
25 85
25 86
25 87
25 88
25 89
25 92
25 96
25 99
25 100
25 102
25 103
25 105
25 108
25 110
25 111
25 114
25 115
25 116
25 117
25 124
25 125
25 128
25 129
26 27
26 28
26 35
26 37
26 38
26 40
26 43
26 46
26 48
26 49
26 57
26 58
26 64
26 68
26 72
26 75
26 78
26 80
26 81
26 89
26 90
26 99
26 102
26 104
26 105
26 106
26 107
26 108
26 109
26 111
26 116
26 118
26 119
26 120
26 122
26 123
26 125
27 28
27 29
27 30
27 31
27 34
27 41
27 44
27 46
27 50
27 51
27 55
27 56
27 57
27 58
27 60
27 65
27 66
27 71
27 72
27 74
27 75
27 76
27 77
27 79
27 84
27 88
27 91
27 94
27 95
27 100
27 103
27 104
27 107
27 113
27 114
27 115
27 116
27 117
27 119
27 122
27 123
27 125
27 127
27 128
28 30
28 32
28 37
28 40
28 42
28 48
28 49
28 50
28 57
28 58
28 61
28 66
28 68
28 71
28 74
28 80
28 83
28 85
28 86
28 87
28 88
28 90
28 92
28 94
28 95
28 97
28 99
28 101
28 102
28 106
28 107
28 114
28 115
28 119
28 120
28 121
28 122
28 126
28 127
28 128
29 30
29 33
29 35
29 36
29 41
29 42
29 44
29 45
29 46
29 48
29 50
29 51
29 52
29 54
29 56
29 58
29 59
29 60
29 65
29 67
29 68
29 70
29 74
29 77
29 79
29 80
29 84
29 89
29 91
29 92
29 93
29 94
29 102
29 109
29 110
29 111
29 113
29 114
29 115
29 120
29 125
30 42
30 43
30 44
30 45
30 47
30 48
30 49
30 51
30 52
30 54
30 61
30 62
30 63
30 64
30 66
30 67
30 69
30 70
30 72
30 73
30 75
30 76
30 77
30 79
30 81
30 85
30 86
30 88
30 89
30 93
30 94
30 96
30 98
30 103
30 104
30 105
30 107
30 109
30 110
30 111
30 114
30 117
30 120
30 123
30 124
30 126
30 128
31 34
31 37
31 38
31 39
31 44
31 45
31 49
31 50
31 55
31 56
31 57
31 58
31 59
31 62
31 66
31 67
31 71
31 75
31 76
31 78
31 81
31 83
31 87
31 92
31 93
31 95
31 96
31 97
31 100
31 108
31 110
31 114
31 118
31 119
31 125
31 126
32 35
32 36
32 41
32 53
32 54
32 55
32 58
32 72
32 74
32 75
32 78
32 79
32 81
32 87
32 89
32 92
32 96
32 98
32 101
32 104
32 106
32 108
32 109
32 113
32 114
32 115
32 119
32 120
32 126
32 128
32 129
33 35
33 41
33 42
33 45
33 46
33 48
33 49
33 51
33 56
33 57
33 60
33 61
33 66
33 67
33 68
33 69
33 71
33 76
33 78
33 81
33 85
33 89
33 90
33 93
33 94
33 95
33 96
33 98
33 100
33 103
33 108
33 114
33 119
33 123
33 124
33 125
33 126
34 36
34 37
34 42
34 43
34 44
34 49
34 50
34 51
34 52
34 53
34 56
34 57
34 58
34 60
34 61
34 63
34 64
34 66
34 69
34 72
34 78
34 80
34 81
34 84
34 88
34 90
34 91
34 92
34 94
34 95
34 98
34 107
34 108
34 110
34 111
34 114
34 115
34 116
34 117
34 120
34 121
34 122
34 126
34 128
34 129
35 38
35 42
35 52
35 54
35 56
35 63
35 64
35 70
35 71
35 75
35 80
35 88
35 89
35 95
35 97
35 105
35 107
35 108
35 109
35 110
35 112
35 113
35 117
35 118
35 119
35 121
35 123
36 37
36 38
36 41
36 42
36 46
36 47
36 52
36 53
36 54
36 55
36 56
36 57
36 59
36 60
36 61
36 62
36 64
36 66
36 69
36 71
36 72
36 77
36 79
36 84
36 85
36 87
36 88
36 93
36 97
36 99
36 101
36 104
36 108
36 109
36 110
36 113
36 114
36 115
36 118
36 125
37 38
37 41
37 47
37 49
37 53
37 61
37 62
37 73
37 77
37 79
37 80
37 86
37 87
37 90
37 91
37 98
37 107
37 109
37 110
37 111
37 123
37 126
37 128
38 39
38 42
38 43
38 44
38 45
38 49
38 52
38 53
38 59
38 64
38 68
38 69
38 77
38 78
38 80
38 81
38 82
38 87
38 88
38 90
38 93
38 95
38 97
38 98
38 106
38 107
38 109
38 110
38 111
38 113
38 115
38 116
38 117
38 118
38 121
38 122
38 123
39 43
39 44
39 46
39 49
39 51
39 53
39 56
39 59
39 63
39 65
39 67
39 74
39 80
39 81
39 83
39 85
39 89
39 94
39 97
39 98
39 99
39 102
39 107
39 108
39 109
39 111
39 113
39 115
39 119
39 121
39 122
39 126
40 44
40 46
40 52
40 53
40 55
40 56
40 62
40 64
40 65
40 66
40 70
40 74
40 79
40 80
40 82
40 84
40 93
40 97
40 98
40 102
40 104
40 105
40 108
40 109
40 111
40 116
40 117
40 118
40 119
40 121
40 128
41 42
41 56
41 60
41 62
41 67
41 71
41 77
41 78
41 85
41 87
41 88
41 90
41 92
41 98
41 100
41 105
41 108
41 109
41 113
41 114
41 116
41 118
41 119
41 120
41 121
41 122
41 123
41 125
41 126
41 127
42 51
42 52
42 57
42 60
42 61
42 62
42 64
42 67
42 70
42 73
42 77
42 80
42 82
42 84
42 92
42 93
42 97
42 98
42 102
42 103
42 109
42 111
42 112
42 119
42 124
43 47
43 50
43 55
43 56
43 59
43 61
43 62
43 64
43 68
43 73
43 77
43 81
43 83
43 84
43 85
43 87
43 89
43 90
43 93
43 96
43 100
43 102
43 106
43 108
43 109
43 110
43 111
43 112
43 113
43 114
43 115
43 116
43 118
43 125
43 127
43 129
44 45
44 46
44 49
44 53
44 57
44 58
44 59
44 60
44 62
44 63
44 67
44 69
44 73
44 74
44 78
44 81
44 84
44 88
44 91
44 92
44 94
44 96
44 100
44 104
44 106
44 111
44 119
44 124
44 125
44 126
45 48
45 49
45 57
45 59
45 62
45 64
45 70
45 72
45 73
45 77
45 81
45 85
45 87
45 89
45 90
45 91
45 92
45 93
45 98
45 100
45 104
45 107
45 109
45 115
45 117
45 120
45 122
45 123
45 125
45 126
45 128
45 129
46 48
46 54
46 55
46 61
46 62
46 64
46 65
46 66
46 68
46 77
46 78
46 79
46 80
46 82
46 84
46 85
46 86
46 87
46 90
46 94
46 98
46 99
46 104
46 108
46 109
46 116
46 118
46 120
46 124
46 129
47 48
47 49
47 52
47 58
47 60
47 61
47 63
47 64
47 68
47 70
47 71
47 81
47 82
47 85
47 86
47 88
47 90
47 93
47 94
47 97
47 100
47 102
47 103
47 105
47 107
47 108
47 109
47 117
47 119
47 120
47 121
47 122
47 125
47 128
48 50
48 54
48 62
48 65
48 69
48 71
48 73
48 74
48 76
48 80
48 84
48 86
48 89
48 92
48 93
48 95
48 96
48 99
48 100
48 101
48 102
48 104
48 107
48 109
48 112
48 113
48 114
48 115
48 120
48 123
48 126
48 127
48 128
48 129
49 52
49 59
49 62
49 63
49 65
49 67
49 69
49 70
49 72
49 73
49 75
49 76
49 77
49 79
49 80
49 85
49 88
49 90
49 92
49 93
49 94
49 95
49 96
49 98
49 101
49 102
49 106
49 108
49 110
49 111
49 112
49 115
49 119
49 123
49 125
49 126
50 56
50 57
50 58
50 60
50 61
50 71
50 73
50 74
50 75
50 79
50 85
50 87
50 88
50 89
50 91
50 93
50 94
50 96
50 97
50 98
50 102
50 108
50 112
50 113
50 117
50 119
50 124
50 125
50 127
50 128
50 129
51 53
51 71
51 78
51 81
51 84
51 85
51 91
51 92
51 93
51 94
51 97
51 98
51 99
51 100
51 102
51 106
51 108
51 109
51 111
51 112
51 121
51 123
51 128
52 53
52 59
52 60
52 61
52 64
52 65
52 69
52 71
52 72
52 73
52 76
52 77
52 80
52 82
52 88
52 89
52 94
52 98
52 107
52 109
52 114
52 115
52 118
52 119
52 120
52 128
53 54
53 58
53 59
53 60
53 68
53 71
53 73
53 74
53 77
53 78
53 79
53 80
53 82
53 84
53 86
53 87
53 89
53 94
53 95
53 97
53 98
53 100
53 101
53 102
53 104
53 106
53 108
53 109
53 111
53 119
53 120
53 123
53 129
54 58
54 59
54 63
54 66
54 68
54 71
54 72
54 74
54 80
54 81
54 83
54 84
54 85
54 87
54 90
54 95
54 98
54 101
54 102
54 104
54 105
54 107
54 109
54 113
54 114
54 117
54 119
54 120
54 122
54 124
54 126
54 127
54 128
55 61
55 65
55 66
55 67
55 69
55 70
55 71
55 72
55 76
55 79
55 82
55 87
55 90
55 97
55 106
55 110
55 111
55 112
55 116
55 117
55 119
55 121
55 124
55 126
55 127
55 128
55 129
56 60
56 62
56 68
56 69
56 76
56 77
56 85
56 89
56 92
56 93
56 95
56 103
56 104
56 112
56 114
56 118
56 121
56 123
56 126
56 127
56 129
57 59
57 62
57 63
57 66
57 67
57 68
57 69
57 70
57 74
57 77
57 79
57 80
57 81
57 84
57 85
57 92
57 95
57 96
57 98
57 99
57 101
57 103
57 105
57 107
57 108
57 109
57 113
57 115
57 120
57 121
57 126
57 127
58 59
58 61
58 62
58 64
58 67
58 68
58 69
58 73
58 74
58 79
58 80
58 82
58 84
58 85
58 86
58 90
58 92
58 93
58 97
58 102
58 111
58 112
58 117
58 118
58 119
58 120
58 123
58 126
58 127
59 61
59 63
59 65
59 66
59 67
59 73
59 74
59 76
59 77
59 78
59 80
59 86
59 88
59 91
59 93
59 94
59 98
59 101
59 104
59 107
59 108
59 115
59 118
59 127
59 129
60 62
60 64
60 67
60 69
60 70
60 74
60 78
60 81
60 82
60 86
60 88
60 89
60 90
60 91
60 92
60 93
60 95
60 97
60 99
60 102
60 104
60 106
60 107
60 109
60 113
60 116
60 117
60 118
60 120
60 123
60 129
61 62
61 66
61 67
61 69
61 70
61 74
61 76
61 78
61 85
61 86
61 88
61 95
61 98
61 99
61 100
61 106
61 108
61 109
61 110
61 112
61 113
61 116
61 118
61 120
61 123
61 127
61 128
62 63
62 64
62 65
62 66
62 68
62 70
62 71
62 72
62 73
62 77
62 80
62 81
62 82
62 86
62 88
62 92
62 93
62 99
62 100
62 102
62 106
62 107
62 109
62 110
62 111
62 112
62 116
62 117
62 119
62 124
62 125
63 68
63 73
63 76
63 77
63 78
63 82
63 85
63 87
63 91
63 92
63 94
63 101
63 103
63 105
63 108
63 111
63 112
63 115
63 116
63 117
63 120
63 123
63 125
63 127
63 128
64 68
64 70
64 71
64 76
64 77
64 82
64 83
64 84
64 85
64 88
64 90
64 92
64 93
64 94
64 95
64 96
64 98
64 99
64 101
64 102
64 106
64 108
64 109
64 113
64 118
64 119
64 121
64 124
64 125
64 126
64 127
65 69
65 70
65 74
65 75
65 78
65 80
65 84
65 89
65 90
65 94
65 95
65 96
65 102
65 104
65 106
65 108
65 109
65 110
65 111
65 115
65 117
65 119
65 123
65 125
65 126
66 69
66 70
66 71
66 72
66 73
66 76
66 78
66 81
66 86
66 87
66 94
66 97
66 98
66 101
66 102
66 111
66 117
66 119
66 120
66 122
66 125
66 127
67 68
67 69
67 70
67 71
67 75
67 78
67 80
67 81
67 82
67 86
67 88
67 90
67 95
67 103
67 106
67 111
67 114
67 117
67 122
67 123
67 124
67 125
67 129
68 72
68 77
68 78
68 80
68 84
68 85
68 89
68 92
68 93
68 96
68 97
68 99
68 101
68 102
68 103
68 105
68 109
68 110
68 111
68 113
68 114
68 115
68 119
68 121
68 124
69 72
69 74
69 75
69 78
69 81
69 83
69 84
69 86
69 88
69 95
69 97
69 98
69 101
69 102
69 104
69 106
69 107
69 108
69 110
69 111
69 112
69 113
69 114
69 118
69 121
69 123
69 124
69 128
69 129
70 71
70 72
70 73
70 75
70 78
70 79
70 83
70 85
70 86
70 88
70 93
70 97
70 98
70 103
70 112
70 115
70 116
70 121
70 128
71 72
71 76
71 79
71 80
71 82
71 84
71 86
71 87
71 89
71 93
71 94
71 95
71 96
71 99
71 106
71 107
71 109
71 111
71 115
71 117
71 119
71 120
71 122
72 73
72 77
72 82
72 84
72 88
72 89
72 91
72 93
72 94
72 95
72 98
72 103
72 106
72 107
72 108
72 109
72 110
72 113
72 114
72 116
72 117
72 119
72 120
72 121
72 124
72 126
72 127
72 128
73 78
73 80
73 81
73 89
73 92
73 93
73 96
73 97
73 102
73 106
73 108
73 109
73 115
73 116
73 117
73 119
73 120
73 125
73 129
74 76
74 78
74 82
74 83
74 85
74 86
74 87
74 89
74 90
74 92
74 94
74 97
74 101
74 103
74 104
74 106
74 107
74 108
74 116
74 125
74 127
75 76
75 88
75 90
75 91
75 95
75 97
75 99
75 101
75 102
75 107
75 108
75 110
75 113
75 115
75 121
75 123
75 125
75 126
75 127
75 129
76 80
76 81
76 85
76 91
76 93
76 94
76 95
76 97
76 100
76 105
76 106
76 107
76 109
76 111
76 112
76 113
76 115
76 117
76 118
76 128
76 129
77 81
77 82
77 85
77 88
77 90
77 93
77 96
77 97
77 98
77 99
77 106
77 109
77 113
77 114
77 116
77 119
77 121
77 124
77 125
77 126
78 79
78 80
78 81
78 82
78 83
78 89
78 91
78 96
78 97
78 98
78 101
78 104
78 109
78 112
78 114
78 116
78 120
78 123
78 124
78 127
78 129
79 80
79 81
79 87
79 88
79 89
79 90
79 91
79 93
79 94
79 96
79 97
79 98
79 99
79 101
79 104
79 106
79 108
79 111
79 112
79 114
79 117
79 119
79 123
79 126
79 128
79 129
80 85
80 86
80 87
80 88
80 91
80 93
80 95
80 96
80 102
80 104
80 107
80 111
80 113
80 117
80 119
80 122
80 124
80 125
80 126
80 127
80 128
81 82
81 89
81 91
81 94
81 96
81 99
81 101
81 102
81 105
81 107
81 111
81 117
81 118
81 119
81 126
81 128
82 83
82 85
82 87
82 91
82 92
82 97
82 99
82 100
82 106
82 109
82 112
82 116
82 119
82 123
82 124
82 127
83 84
83 86
83 88
83 89
83 90
83 95
83 99
83 100
83 104
83 106
83 109
83 110
83 115
83 118
83 119
83 120
83 121
83 122
83 123
83 124
83 125
83 128
84 90
84 91
84 92
84 95
84 98
84 101
84 103
84 105
84 106
84 107
84 108
84 110
84 111
84 112
84 118
84 126
85 86
85 88
85 89
85 90
85 95
85 97
85 98
85 99
85 102
85 104
85 113
85 114
85 115
85 116
85 117
85 119
85 120
85 121
85 124
85 129
86 88
86 90
86 92
86 97
86 99
86 103
86 104
86 107
86 111
86 112
86 113
86 117
86 119
86 122
86 126
86 128
87 88
87 90
87 92
87 94
87 95
87 100
87 107
87 108
87 110
87 116
87 118
87 121
87 122
87 123
87 124
87 127
88 91
88 92
88 94
88 95
88 96
88 99
88 102
88 103
88 106
88 107
88 108
88 114
88 126
88 127
88 128
89 90
89 91
89 92
89 93
89 100
89 103
89 107
89 108
89 110
89 114
89 117
89 119
89 120
89 122
89 124
89 125
89 129
90 94
90 95
90 98
90 110
90 112
90 114
90 116
90 119
90 120
90 123
90 126
90 128
90 129
91 92
91 97
91 109
91 111
91 112
91 115
91 116
91 119
91 120
91 121
91 128
91 129
92 93
92 94
92 98
92 99
92 101
92 103
92 105
92 106
92 110
92 112
92 115
92 118
92 126
92 127
93 97
93 98
93 108
93 109
93 110
93 111
93 112
93 114
93 119
93 121
93 128
94 95
94 99
94 102
94 104
94 105
94 106
94 111
94 113
94 121
94 122
94 123
94 126
95 100
95 102
95 103
95 110
95 111
95 113
95 116
95 118
95 125
95 127
95 129
96 100
96 101
96 103
96 107
96 108
96 110
96 113
96 114
96 116
96 123
96 126
96 127
96 128
97 102
97 106
97 108
97 109
97 110
97 117
97 118
97 120
97 122
97 126
97 128
98 101
98 102
98 103
98 104
98 113
98 115
98 116
98 117
98 120
98 123
98 126
98 127
99 100
99 102
99 103
99 106
99 109
99 111
99 113
99 114
99 116
99 117
99 119
99 124
99 125
99 126
99 127
99 128
99 129
100 106
100 111
100 118
100 122
100 123
100 124
100 125
100 128
101 109
101 110
101 112
101 114
101 118
101 119
101 121
101 123
101 125
101 126
101 127
101 128
101 129
102 105
102 112
102 120
102 121
102 124
102 126
103 104
103 105
103 111
103 113
103 114
103 115
103 122
103 125
103 128
104 110
104 113
104 117
104 122
104 123
104 127
104 129
105 106
105 112
105 113
105 117
105 120
105 129
106 108
106 113
106 120
106 127
106 128
106 129
107 109
107 115
107 116
107 117
107 121
107 122
107 124
107 128
108 116
108 117
108 118
108 124
108 129
109 111
109 115
109 117
109 124
110 112
110 113
110 116
110 120
110 121
110 128
110 129
111 112
111 120
111 121
111 122
111 123
111 126
111 127
112 115
112 118
112 124
112 126
112 129
113 117
113 118
113 122
113 129
114 120
114 122
114 125
114 128
115 116
115 119
115 121
115 125
116 118
116 120
116 121
116 125
117 121
117 125
117 129
118 119
118 120
118 121
118 122
118 127
119 121
119 124
119 126
119 129
120 122
120 123
120 124
120 125
120 126
120 128
121 122
121 125
121 126
121 127
121 128
122 123
122 126
122 127
123 126
124 125
124 126
124 129
125 129
127 128
80 69 43 109 113 42
56 14 31 36 17 96
2 88 8 59 13 108
79 29 34 114 78 41
26 102 129 38 104 89
48 1 95 12 4 15
97 83 99 107 126 93
44 46 33 87 35 28
57 105 82 52 66 110
118 64 10 63 6 111
30 7 5 76 85 98
124 39 71 11 112 58
37 94 117 50 55 23
92 73 125 91 49 81
115 61 119 116 67 121
100 19 45 122 53 72
32 51 74 21 68 24
22 75 103 65 62 77
47 60 0 127 86 3
16 40 18 25 54 90
106 20 120 70 27 9
128 101 84 123
