120
751
7
20.38
6.35
27.51
33.17
75.16
36.94
69.39
0 5
0 13
0 35
0 38
0 53
0 61
0 73
0 78
0 87
0 101
1 3
1 5
1 14
1 22
1 25
1 37
1 42
1 48
1 57
1 88
1 93
1 94
2 3
2 4
2 16
2 27
2 33
2 35
2 55
2 62
2 64
2 76
2 82
2 93
3 23
3 31
3 37
3 50
3 62
3 78
3 85
3 89
3 100
3 111
4 10
4 30
4 31
4 32
4 34
4 66
4 79
4 94
4 95
4 99
4 113
4 114
5 31
5 33
5 36
5 37
5 53
5 57
5 58
5 72
5 73
5 82
5 83
5 84
5 87
5 93
5 99
6 14
6 20
6 28
6 31
6 47
6 54
6 57
6 68
6 86
6 100
6 115
7 12
7 28
7 29
7 31
7 39
7 43
7 49
7 51
7 54
7 56
8 17
8 43
8 49
8 51
8 58
8 79
8 83
8 96
8 114
8 117
8 119
9 26
9 30
9 65
9 114
10 26
10 29
10 38
10 39
10 42
10 54
10 60
10 73
10 85
10 91
10 96
10 100
10 101
10 108
11 33
11 45
11 59
11 62
11 69
11 72
11 93
11 100
11 106
11 114
12 14
12 19
12 21
12 38
12 65
12 78
12 85
12 95
12 117
13 15
13 22
13 24
13 30
13 31
13 43
13 47
13 79
13 82
13 84
13 87
13 93
13 99
13 111
13 118
14 23
14 41
14 50
14 52
14 57
14 66
14 73
14 82
14 89
14 95
14 104
14 108
14 109
14 112
14 117
15 17
15 23
15 32
15 33
15 38
15 39
15 52
15 54
15 68
15 75
15 79
15 81
15 100
15 107
15 114
16 17
16 18
16 19
16 22
16 23
16 76
16 100
16 114
16 117
17 53
17 54
17 64
17 68
17 84
17 96
17 102
17 116
18 43
18 44
18 58
18 62
18 75
18 78
18 84
18 87
18 89
18 90
18 96
18 117
18 119
19 25
19 50
19 52
19 55
19 56
19 58
19 59
19 61
19 66
19 69
19 78
19 83
19 96
19 109
20 28
20 32
20 38
20 42
20 56
20 64
20 66
20 70
20 73
20 81
20 89
20 103
20 105
20 111
21 27
21 42
21 46
21 48
21 54
21 58
21 60
21 62
21 76
21 86
21 96
21 99
21 100
21 103
22 26
22 45
22 59
22 84
22 88
22 89
22 91
22 95
22 96
22 101
22 105
22 117
23 29
23 34
23 48
23 50
23 58
23 62
23 63
23 73
23 80
23 85
24 33
24 55
24 74
24 97
24 107
24 110
25 31
25 35
25 37
25 44
25 49
25 52
25 55
25 79
25 91
25 108
25 113
25 115
25 116
26 29
26 38
26 48
26 50
26 52
26 82
26 84
26 92
26 105
27 45
27 70
27 78
27 80
27 91
27 99
27 116
28 45
28 53
28 67
28 72
28 93
28 103
28 114
29 37
29 43
29 48
29 57
29 66
29 75
29 83
29 89
29 96
29 105
29 110
30 33
30 36
30 45
30 57
30 84
30 90
30 94
30 101
30 114
31 33
31 50
31 68
31 71
31 72
31 85
31 91
31 92
31 102
31 106
31 114
32 50
32 51
32 71
32 76
32 79
32 80
32 83
32 84
32 116
33 40
33 42
33 46
33 50
33 78
33 88
33 98
33 115
34 37
34 38
34 46
34 58
34 63
34 64
34 65
34 69
34 76
34 92
34 111
35 48
35 71
35 73
35 82
35 83
35 85
35 97
35 99
35 101
35 114
35 116
36 44
36 49
36 54
36 64
36 78
36 84
36 97
36 116
37 38
37 44
37 47
37 64
37 92
37 94
37 97
37 100
37 106
37 112
37 116
38 63
38 78
38 101
38 108
38 119
39 55
39 88
39 90
39 92
39 93
39 94
39 105
39 113
39 119
40 44
40 46
40 50
40 64
40 65
40 83
40 99
41 65
41 66
41 69
41 78
41 95
41 105
41 112
41 117
41 119
42 63
42 70
42 71
42 81
42 97
42 99
42 102
42 105
42 109
42 110
42 113
42 117
43 55
43 61
43 68
43 71
43 83
43 114
43 117
44 57
44 65
44 69
44 81
44 99
44 102
44 112
44 115
45 50
45 61
45 63
45 67
45 89
45 92
45 98
45 109
45 112
45 117
46 81
46 82
46 84
46 96
46 97
46 104
46 113
46 119
47 59
47 82
47 97
47 107
47 108
47 112
47 113
48 61
48 73
48 80
48 95
48 98
48 107
48 119
49 56
49 57
49 66
49 76
49 88
49 89
49 94
49 96
49 99
49 109
49 114
50 59
50 76
50 83
50 92
50 94
50 95
50 99
50 105
50 110
50 114
51 60
51 61
51 69
51 77
51 91
51 106
51 115
52 57
52 59
52 61
52 65
52 84
52 86
52 106
52 118
53 65
53 75
53 104
53 113
54 64
54 70
54 78
54 87
54 100
54 115
54 118
55 80
55 93
55 101
55 113
55 118
56 57
56 59
56 68
56 77
56 91
56 107
56 114
57 76
57 93
57 95
57 99
57 103
58 103
58 106
58 111
59 60
59 69
59 94
59 95
59 100
59 109
60 69
60 75
60 76
60 115
61 69
61 71
61 73
61 84
61 91
61 96
61 98
61 104
61 119
62 65
62 116
63 68
63 86
63 95
63 101
63 102
63 113
63 117
64 69
64 76
64 86
64 91
64 96
64 97
64 113
65 69
65 82
65 98
65 99
65 101
65 103
65 108
66 76
66 80
66 82
66 83
66 85
66 91
66 102
66 111
66 115
67 74
67 83
67 92
67 100
67 102
68 79
68 80
68 88
68 105
68 107
69 70
69 75
69 76
69 90
69 100
69 104
69 119
70 80
70 84
70 112
71 78
71 92
71 95
71 97
71 98
71 110
72 85
72 94
72 100
72 118
73 86
73 94
73 99
73 101
73 106
74 79
74 81
74 86
74 90
74 103
74 112
74 116
75 94
75 99
75 109
75 116
76 99
76 104
76 115
77 81
77 83
77 87
77 99
77 106
78 82
78 93
78 99
79 84
79 87
79 99
79 114
80 89
80 98
80 105
80 108
80 111
81 97
82 109
82 113
83 109
83 112
84 94
84 105
84 110
84 112
84 116
85 90
85 107
85 114
86 93
86 98
86 107
86 112
87 95
87 99
87 105
87 107
88 112
88 114
89 99
89 105
89 110
89 116
89 117
89 119
90 111
90 119
91 99
91 102
91 103
91 117
92 99
93 98
93 115
93 117
94 96
94 102
94 107
95 98
95 104
95 116
95 117
96 101
96 105
99 100
100 110
102 110
102 118
103 105
104 111
104 113
104 117
105 106
105 109
105 116
106 113
106 117
106 119
107 111
107 118
109 110
110 111
110 119
111 112
109 115 21 73 15 37 18 26 75 96 10 90 97 39 47 59 71 62
12 46 33 13 56 86 111 55 88 65 52 9 45 119 6 22 94 114
32 80 7 81 49 29 4 5 93 100 72 106 30 74 99 60 36 64
42 112 83 63 48 14 79 27 82 41 116 11 77 76 92 19 2 70
104 3 16 44 54 1 38 84 40 28 66 95 58 98 117 50 113 103
118 34 20 85 53 67 108 31 105 0 78 8 107 69 35 23 43 102
110 61 87 68 24 25 17 57 51 91 89 101
