170
4376
4
44.27
77.63
31.64
83.3
0 5
0 14
0 15
0 20
0 22
0 25
0 30
0 41
0 43
0 49
0 50
0 56
0 57
0 63
0 64
0 66
0 75
0 78
0 84
0 88
0 89
0 95
0 97
0 98
0 99
0 103
0 106
0 107
0 110
0 111
0 117
0 118
0 119
0 126
0 127
0 131
0 142
0 143
0 149
0 152
0 153
0 158
0 161
0 162
0 163
1 3
1 6
1 11
1 12
1 16
1 18
1 24
1 25
1 27
1 40
1 43
1 47
1 48
1 53
1 54
1 57
1 61
1 66
1 67
1 71
1 77
1 78
1 80
1 83
1 89
1 90
1 98
1 99
1 100
1 103
1 109
1 120
1 122
1 124
1 125
1 126
1 129
1 130
1 147
1 148
1 150
1 151
1 152
1 153
1 157
1 160
1 163
1 167
1 169
2 3
2 8
2 11
2 17
2 20
2 22
2 24
2 29
2 35
2 37
2 38
2 40
2 45
2 46
2 47
2 61
2 68
2 69
2 73
2 76
2 77
2 80
2 81
2 82
2 84
2 91
2 95
2 97
2 99
2 102
2 104
2 105
2 110
2 112
2 114
2 116
2 124
2 135
2 141
2 143
2 144
2 148
2 152
2 153
2 157
2 159
2 161
2 166
2 167
2 169
3 7
3 11
3 21
3 22
3 23
3 24
3 26
3 44
3 46
3 49
3 56
3 62
3 68
3 69
3 77
3 80
3 83
3 84
3 85
3 91
3 99
3 100
3 101
3 102
3 113
3 117
3 118
3 122
3 123
3 125
3 128
3 129
3 130
3 131
3 134
3 135
3 139
3 143
3 144
3 149
3 150
3 151
3 153
3 156
3 160
3 161
4 6
4 8
4 9
4 17
4 19
4 28
4 30
4 36
4 37
4 38
4 41
4 53
4 54
4 60
4 66
4 67
4 70
4 72
4 75
4 76
4 77
4 78
4 82
4 85
4 86
4 90
4 94
4 95
4 97
4 104
4 105
4 106
4 107
4 119
4 121
4 124
4 127
4 128
4 129
4 133
4 142
4 143
4 147
4 151
4 157
4 159
4 161
4 162
4 167
5 8
5 10
5 12
5 14
5 15
5 16
5 17
5 25
5 27
5 28
5 34
5 35
5 36
5 38
5 40
5 42
5 46
5 54
5 55
5 57
5 58
5 59
5 62
5 66
5 70
5 73
5 75
5 78
5 82
5 83
5 85
5 86
5 87
5 94
5 95
5 96
5 102
5 103
5 106
5 110
5 122
5 129
5 132
5 133
5 135
5 137
5 138
5 140
5 141
5 142
5 145
5 148
5 149
5 152
5 153
5 154
5 155
5 160
5 161
5 167
6 8
6 11
6 12
6 14
6 15
6 16
6 18
6 23
6 25
6 27
6 28
6 32
6 33
6 36
6 37
6 48
6 67
6 68
6 69
6 72
6 75
6 77
6 79
6 86
6 90
6 93
6 102
6 104
6 108
6 110
6 114
6 116
6 120
6 122
6 124
6 127
6 132
6 134
6 138
6 140
6 141
6 142
6 149
6 151
6 153
6 155
6 158
6 159
6 161
6 166
6 167
6 169
7 10
7 14
7 16
7 17
7 19
7 23
7 24
7 25
7 28
7 38
7 46
7 47
7 49
7 51
7 56
7 64
7 68
7 70
7 71
7 72
7 74
7 75
7 76
7 82
7 83
7 84
7 86
7 87
7 89
7 95
7 96
7 98
7 102
7 104
7 106
7 108
7 111
7 113
7 116
7 117
7 122
7 126
7 127
7 132
7 133
7 136
7 137
7 147
7 149
7 157
7 166
7 167
8 10
8 13
8 17
8 18
8 31
8 37
8 41
8 48
8 54
8 59
8 65
8 66
8 69
8 76
8 80
8 84
8 85
8 88
8 93
8 99
8 104
8 106
8 110
8 111
8 112
8 117
8 124
8 127
8 128
8 129
8 134
8 136
8 143
8 144
8 152
8 153
8 155
8 157
8 158
8 165
9 11
9 13
9 15
9 17
9 22
9 23
9 25
9 27
9 28
9 30
9 31
9 34
9 35
9 36
9 43
9 44
9 50
9 52
9 53
9 57
9 58
9 61
9 64
9 74
9 75
9 77
9 80
9 82
9 83
9 88
9 95
9 98
9 106
9 109
9 119
9 120
9 124
9 127
9 128
9 130
9 135
9 140
9 148
9 150
9 152
9 155
9 157
9 161
9 164
9 167
9 168
10 13
10 14
10 16
10 23
10 24
10 27
10 30
10 31
10 35
10 38
10 41
10 43
10 44
10 47
10 49
10 54
10 55
10 58
10 59
10 60
10 63
10 73
10 75
10 76
10 77
10 83
10 85
10 87
10 93
10 101
10 103
10 105
10 109
10 110
10 116
10 118
10 123
10 128
10 135
10 143
10 149
10 150
10 152
10 154
10 155
10 158
10 159
10 160
10 169
11 15
11 16
11 20
11 23
11 25
11 26
11 28
11 29
11 34
11 36
11 38
11 42
11 45
11 46
11 47
11 50
11 58
11 60
11 63
11 66
11 67
11 70
11 71
11 73
11 77
11 79
11 80
11 81
11 85
11 88
11 90
11 96
11 99
11 101
11 102
11 103
11 104
11 113
11 126
11 131
11 135
11 139
11 147
11 148
11 152
11 154
11 157
11 167
11 168
12 19
12 22
12 24
12 30
12 31
12 32
12 37
12 38
12 39
12 48
12 52
12 55
12 58
12 61
12 68
12 72
12 73
12 77
12 81
12 90
12 94
12 97
12 98
12 110
12 114
12 115
12 117
12 118
12 119
12 123
12 124
12 126
12 127
12 132
12 141
12 142
12 143
12 144
12 154
12 164
13 20
13 22
13 25
13 28
13 29
13 30
13 31
13 33
13 36
13 39
13 41
13 43
13 55
13 57
13 65
13 66
13 67
13 69
13 72
13 75
13 86
13 88
13 89
13 90
13 97
13 101
13 102
13 107
13 109
13 116
13 119
13 120
13 123
13 126
13 128
13 142
13 144
13 147
13 148
13 152
13 159
13 161
13 163
13 165
14 17
14 19
14 21
14 26
14 29
14 30
14 33
14 35
14 37
14 43
14 45
14 47
14 51
14 54
14 60
14 64
14 65
14 66
14 67
14 69
14 71
14 72
14 74
14 76
14 77
14 80
14 82
14 85
14 90
14 92
14 93
14 97
14 101
14 103
14 105
14 107
14 114
14 115
14 116
14 121
14 122
14 124
14 126
14 130
14 133
14 136
14 139
14 145
14 148
14 151
14 152
14 158
14 165
14 166
15 16
15 18
15 20
15 25
15 36
15 37
15 47
15 51
15 58
15 60
15 66
15 69
15 74
15 75
15 79
15 80
15 81
15 82
15 84
15 85
15 87
15 90
15 92
15 93
15 96
15 101
15 102
15 104
15 105
15 113
15 120
15 121
15 122
15 124
15 126
15 130
15 132
15 134
15 136
15 140
15 142
15 144
15 146
15 148
15 150
15 152
15 153
15 156
15 158
15 160
15 168
16 17
16 21
16 25
16 28
16 29
16 31
16 39
16 42
16 45
16 47
16 50
16 51
16 52
16 55
16 58
16 61
16 73
16 77
16 79
16 81
16 82
16 83
16 87
16 90
16 92
16 94
16 98
16 104
16 106
16 107
16 109
16 112
16 119
16 121
16 123
16 128
16 130
16 132
16 133
16 135
16 136
16 137
16 138
16 139
16 142
16 143
16 145
16 146
16 151
16 155
16 158
16 159
16 161
16 162
16 164
16 169
17 28
17 30
17 31
17 32
17 39
17 40
17 42
17 43
17 46
17 53
17 56
17 57
17 64
17 65
17 75
17 79
17 80
17 85
17 88
17 89
17 92
17 93
17 96
17 101
17 103
17 109
17 110
17 111
17 113
17 114
17 115
17 116
17 120
17 122
17 127
17 131
17 136
17 140
17 143
17 144
17 150
17 152
17 153
17 157
17 163
17 166
17 167
17 168
18 20
18 21
18 22
18 23
18 26
18 27
18 28
18 29
18 31
18 33
18 35
18 39
18 41
18 42
18 49
18 52
18 54
18 55
18 61
18 65
18 67
18 73
18 80
18 81
18 82
18 85
18 86
18 87
18 89
18 91
18 93
18 94
18 95
18 96
18 103
18 107
18 109
18 124
18 126
18 127
18 132
18 136
18 141
18 145
18 153
18 157
18 160
19 20
19 23
19 26
19 27
19 28
19 29
19 32
19 34
19 37
19 39
19 44
19 45
19 48
19 50
19 51
19 60
19 68
19 69
19 76
19 79
19 81
19 82
19 94
19 102
19 103
19 104
19 108
19 109
19 111
19 113
19 115
19 116
19 117
19 131
19 136
19 138
19 141
19 143
19 148
19 150
19 151
19 152
19 153
19 156
19 157
19 161
19 162
19 163
19 169
20 22
20 26
20 34
20 36
20 37
20 39
20 42
20 44
20 46
20 50
20 51
20 52
20 54
20 58
20 65
20 66
20 69
20 73
20 75
20 76
20 80
20 87
20 89
20 94
20 96
20 98
20 100
20 109
20 111
20 127
20 129
20 130
20 131
20 134
20 135
20 138
20 142
20 143
20 147
20 148
20 152
20 156
20 162
20 163
21 27
21 34
21 35
21 38
21 41
21 43
21 51
21 55
21 59
21 61
21 73
21 79
21 82
21 83
21 88
21 90
21 91
21 96
21 132
21 133
21 134
21 136
21 139
21 150
21 155
21 163
21 165
22 24
22 26
22 28
22 32
22 35
22 39
22 45
22 47
22 48
22 53
22 59
22 60
22 62
22 71
22 72
22 73
22 74
22 82
22 90
22 94
22 100
22 101
22 106
22 111
22 118
22 120
22 122
22 136
22 139
22 140
22 142
22 143
22 145
22 147
22 148
22 149
22 153
22 154
22 157
22 163
22 166
22 167
22 168
23 24
23 27
23 29
23 35
23 36
23 41
23 42
23 43
23 50
23 53
23 54
23 57
23 59
23 63
23 66
23 70
23 74
23 75
23 83
23 84
23 86
23 88
23 92
23 99
23 102
23 103
23 105
23 107
23 113
23 114
23 117
23 125
23 127
23 130
23 131
23 133
23 136
23 138
23 141
23 143
23 157
23 163
23 164
23 165
23 166
23 167
24 26
24 27
24 28
24 30
24 36
24 40
24 50
24 53
24 57
24 58
24 61
24 70
24 74
24 80
24 82
24 84
24 93
24 97
24 98
24 99
24 104
24 105
24 106
24 109
24 110
24 111
24 112
24 117
24 120
24 124
24 134
24 136
24 139
24 145
24 146
24 147
24 151
24 152
24 153
24 154
24 158
24 164
24 167
24 169
25 30
25 37
25 38
25 45
25 46
25 49
25 52
25 58
25 63
25 64
25 65
25 73
25 76
25 79
25 83
25 85
25 87
25 88
25 92
25 93
25 100
25 102
25 104
25 105
25 107
25 109
25 110
25 112
25 117
25 123
25 124
25 126
25 128
25 139
25 140
25 141
25 143
25 147
25 149
25 151
25 153
25 158
25 160
25 162
25 165
26 30
26 32
26 34
26 38
26 47
26 48
26 49
26 53
26 62
26 79
26 82
26 89
26 92
26 96
26 97
26 100
26 107
26 110
26 111
26 116
26 123
26 124
26 129
26 130
26 141
26 144
26 148
26 150
26 155
26 156
26 159
26 160
26 162
26 163
26 165
27 28
27 29
27 31
27 33
27 37
27 42
27 49
27 50
27 54
27 61
27 63
27 69
27 73
27 79
27 80
27 81
27 82
27 88
27 89
27 90
27 101
27 103
27 112
27 113
27 114
27 118
27 119
27 122
27 123
27 124
27 128
27 133
27 136
27 138
27 139
27 140
27 141
27 145
27 146
27 149
27 150
27 151
27 154
27 165
27 167
27 169
28 29
28 30
28 31
28 34
28 37
28 40
28 50
28 51
28 54
28 58
28 62
28 64
28 71
28 74
28 77
28 85
28 88
28 91
28 93
28 101
28 108
28 110
28 111
28 113
28 115
28 116
28 117
28 118
28 120
28 124
28 132
28 137
28 142
28 151
28 153
28 154
28 164
28 166
29 33
29 39
29 40
29 44
29 46
29 48
29 49
29 51
29 52
29 57
29 63
29 68
29 75
29 88
29 98
29 109
29 110
29 116
29 118
29 119
29 124
29 126
29 127
29 131
29 133
29 141
29 142
29 145
29 147
29 152
29 153
29 156
29 160
29 163
29 165
29 167
30 36
30 39
30 42
30 43
30 47
30 48
30 52
30 53
30 62
30 70
30 75
30 76
30 82
30 83
30 84
30 90
30 91
30 92
30 98
30 99
30 100
30 102
30 107
30 108
30 109
30 110
30 113
30 115
30 116
30 123
30 124
30 129
30 130
30 132
30 145
30 148
30 149
30 153
30 158
30 159
30 165
30 168
30 169
31 38
31 39
31 40
31 41
31 46
31 47
31 50
31 51
31 54
31 55
31 57
31 63
31 64
31 66
31 68
31 69
31 70
31 74
31 78
31 83
31 84
31 85
31 86
31 87
31 89
31 91
31 93
31 97
31 99
31 100
31 103
31 104
31 105
31 106
31 116
31 117
31 118
31 124
31 126
31 129
31 130
31 132
31 136
31 137
31 138
31 140
31 141
31 142
31 145
31 146
31 150
31 155
31 156
31 157
31 160
31 162
31 166
31 167
31 169
32 37
32 42
32 43
32 46
32 47
32 53
32 54
32 57
32 60
32 62
32 64
32 65
32 66
32 69
32 70
32 79
32 82
32 85
32 88
32 89
32 91
32 93
32 94
32 96
32 102
32 105
32 114
32 116
32 117
32 118
32 120
32 122
32 123
32 126
32 130
32 137
32 138
32 142
32 146
32 147
32 150
32 155
32 160
32 165
32 167
32 168
32 169
33 35
33 36
33 37
33 39
33 42
33 43
33 55
33 58
33 59
33 61
33 64
33 65
33 68
33 69
33 72
33 73
33 74
33 75
33 76
33 81
33 86
33 88
33 90
33 92
33 93
33 102
33 103
33 104
33 108
33 109
33 118
33 119
33 120
33 123
33 124
33 125
33 127
33 128
33 129
33 130
33 139
33 150
33 153
33 156
33 158
33 161
33 162
33 165
34 35
34 39
34 40
34 45
34 47
34 48
34 49
34 50
34 51
34 53
34 54
34 56
34 60
34 61
34 63
34 65
34 70
34 72
34 77
34 80
34 82
34 85
34 87
34 88
34 89
34 93
34 95
34 98
34 108
34 122
34 125
34 126
34 129
34 134
34 142
34 144
34 155
34 160
34 166
34 167
34 169
35 39
35 40
35 42
35 43
35 44
35 47
35 48
35 49
35 51
35 52
35 53
35 54
35 55
35 59
35 60
35 61
35 64
35 66
35 71
35 72
35 75
35 79
35 82
35 86
35 88
35 89
35 94
35 96
35 100
35 102
35 108
35 111
35 121
35 123
35 124
35 138
35 142
35 144
35 145
35 150
35 151
35 158
35 160
35 163
35 165
36 37
36 42
36 46
36 53
36 55
36 56
36 61
36 63
36 65
36 67
36 69
36 77
36 79
36 80
36 85
36 88
36 91
36 93
36 94
36 95
36 97
36 99
36 100
36 103
36 104
36 107
36 115
36 117
36 119
36 121
36 122
36 126
36 129
36 133
36 134
36 135
36 140
36 142
36 143
36 144
36 151
36 152
36 162
36 167
36 168
37 38
37 43
37 45
37 49
37 50
37 51
37 52
37 58
37 59
37 60
37 61
37 66
37 69
37 72
37 75
37 76
37 83
37 85
37 88
37 91
37 92
37 97
37 106
37 109
37 110
37 120
37 121
37 123
37 126
37 133
37 136
37 138
37 139
37 140
37 141
37 144
37 145
37 149
37 151
37 158
37 159
37 161
37 162
37 166
37 167
37 169
38 39
38 41
38 43
38 46
38 53
38 55
38 56
38 59
38 73
38 74
38 77
38 83
38 86
38 87
38 91
38 94
38 95
38 98
38 99
38 106
38 107
38 109
38 110
38 114
38 115
38 117
38 126
38 130
38 134
38 136
38 137
38 144
38 147
38 151
38 155
38 160
38 166
39 40
39 42
39 48
39 53
39 54
39 59
39 65
39 69
39 70
39 71
39 72
39 76
39 77
39 81
39 86
39 89
39 93
39 95
39 100
39 108
39 112
39 119
39 120
39 126
39 127
39 128
39 131
39 133
39 135
39 137
39 139
39 142
39 146
39 147
39 149
39 153
39 155
39 156
39 157
39 158
39 160
39 164
39 166
39 168
40 42
40 48
40 50
40 53
40 54
40 60
40 63
40 64
40 69
40 70
40 71
40 75
40 80
40 85
40 88
40 92
40 99
40 100
40 104
40 106
40 112
40 113
40 124
40 134
40 135
40 137
40 141
40 144
40 145
40 147
40 148
40 153
40 159
40 161
40 162
40 164
40 166
41 45
41 48
41 52
41 56
41 58
41 61
41 62
41 68
41 70
41 73
41 76
41 77
41 96
41 104
41 111
41 112
41 118
41 120
41 123
41 128
41 132
41 135
41 138
41 142
41 146
41 155
41 158
41 163
41 164
41 165
41 167
41 168
42 51
42 55
42 59
42 64
42 66
42 68
42 70
42 73
42 77
42 83
42 84
42 94
42 95
42 97
42 99
42 100
42 101
42 105
42 109
42 117
42 120
42 123
42 130
42 135
42 138
42 139
42 143
42 147
42 155
42 167
43 45
43 49
43 52
43 54
43 61
43 62
43 64
43 65
43 66
43 70
43 82
43 83
43 86
43 89
43 95
43 97
43 99
43 100
43 101
43 105
43 113
43 118
43 121
43 126
43 127
43 129
43 133
43 134
43 137
43 138
43 139
43 142
43 148
43 151
43 155
43 158
43 159
43 162
43 166
43 167
44 47
44 48
44 49
44 52
44 55
44 58
44 60
44 61
44 62
44 67
44 68
44 70
44 79
44 93
44 96
44 98
44 100
44 102
44 104
44 106
44 109
44 114
44 115
44 120
44 121
44 126
44 132
44 137
44 138
44 139
44 141
44 148
44 151
44 152
44 153
44 154
44 161
44 166
45 49
45 51
45 52
45 54
45 56
45 63
45 66
45 69
45 72
45 74
45 75
45 77
45 85
45 87
45 88
45 93
45 96
45 99
45 103
45 107
45 108
45 109
45 110
45 115
45 121
45 123
45 126
45 131
45 133
45 134
45 138
45 140
45 141
45 152
45 164
45 169
46 51
46 55
46 56
46 58
46 59
46 61
46 62
46 63
46 64
46 66
46 67
46 68
46 75
46 79
46 80
46 86
46 87
46 92
46 96
46 101
46 107
46 109
46 110
46 116
46 117
46 124
46 126
46 129
46 130
46 133
46 135
46 136
46 137
46 141
46 142
46 143
46 145
46 146
46 147
46 151
46 152
46 154
46 161
46 164
47 48
47 51
47 54
47 55
47 60
47 67
47 68
47 71
47 76
47 79
47 85
47 89
47 92
47 96
47 100
47 101
47 104
47 110
47 120
47 128
47 135
47 138
47 144
47 147
47 148
47 150
47 153
47 155
47 159
47 161
47 164
47 167
48 50
48 52
48 54
48 61
48 65
48 68
48 69
48 73
48 74
48 78
48 80
48 82
48 84
48 89
48 92
48 94
48 97
48 99
48 106
48 113
48 114
48 116
48 118
48 125
48 129
48 130
48 132
48 134
48 135
48 138
48 139
48 144
48 147
48 150
48 158
48 163
48 167
48 168
49 52
49 54
49 55
49 60
49 64
49 67
49 70
49 71
49 72
49 85
49 88
49 93
49 94
49 95
49 97
49 103
49 108
49 115
49 116
49 121
49 124
49 128
49 134
49 138
49 141
49 150
49 151
49 155
49 160
49 164
49 166
49 169
50 51
50 54
50 56
50 57
50 69
50 78
50 82
50 83
50 85
50 88
50 90
50 91
50 93
50 94
50 95
50 103
50 104
50 108
50 109
50 116
50 117
50 123
50 124
50 137
50 140
50 141
50 142
50 143
50 149
50 156
50 157
50 158
50 159
50 162
50 163
50 165
50 166
51 52
51 58
51 59
51 67
51 71
51 74
51 78
51 79
51 82
51 83
51 91
51 94
51 100
51 104
51 105
51 107
51 108
51 118
51 122
51 123
51 127
51 130
51 131
51 132
51 136
51 141
51 143
51 145
51 146
51 148
51 161
51 162
51 167
52 53
52 54
52 59
52 61
52 68
52 73
52 80
52 84
52 85
52 90
52 93
52 94
52 95
52 100
52 105
52 112
52 113
52 114
52 117
52 118
52 120
52 121
52 122
52 124
52 126
52 128
52 130
52 132
52 134
52 140
52 149
52 153
52 155
52 162
52 168
52 169
53 56
53 57
53 61
53 62
53 70
53 73
53 80
53 81
53 84
53 85
53 91
53 94
53 96
53 100
53 101
53 102
53 105
53 108
53 109
53 111
53 112
53 114
53 117
53 119
53 123
53 131
53 136
53 138
53 141
53 142
53 145
53 149
53 156
53 157
53 158
53 164
53 165
53 166
54 57
54 58
54 60
54 61
54 62
54 63
54 64
54 65
54 67
54 75
54 77
54 78
54 79
54 80
54 82
54 85
54 91
54 99
54 100
54 103
54 104
54 106
54 107
54 108
54 114
54 115
54 118
54 122
54 123
54 131
54 132
54 135
54 138
54 145
54 147
54 153
54 156
54 157
54 159
54 161
54 169
55 61
55 63
55 65
55 70
55 74
55 75
55 76
55 78
55 83
55 87
55 91
55 93
55 95
55 96
55 107
55 108
55 114
55 116
55 118
55 120
55 129
55 130
55 132
55 135
55 141
55 144
55 151
55 152
55 153
55 154
55 155
55 158
55 159
56 65
56 69
56 70
56 72
56 73
56 75
56 80
56 81
56 84
56 87
56 92
56 94
56 97
56 100
56 101
56 104
56 107
56 108
56 110
56 112
56 119
56 121
56 122
56 124
56 125
56 126
56 134
56 135
56 137
56 140
56 141
56 142
56 147
56 148
56 153
56 158
56 161
56 164
56 166
56 169
57 58
57 63
57 64
57 67
57 69
57 75
57 83
57 87
57 88
57 94
57 95
57 112
57 116
57 119
57 121
57 123
57 124
57 127
57 128
57 132
57 133
57 136
57 137
57 138
57 142
57 145
57 155
57 157
57 158
57 161
58 61
58 64
58 76
58 77
58 80
58 84
58 99
58 108
58 112
58 117
58 119
58 127
58 128
58 131
58 133
58 136
58 148
58 150
58 153
58 155
58 156
58 160
58 163
58 168
58 169
59 64
59 69
59 78
59 79
59 81
59 82
59 84
59 89
59 93
59 96
59 102
59 103
59 106
59 109
59 111
59 112
59 114
59 118
59 121
59 124
59 127
59 128
59 129
59 131
59 132
59 133
59 136
59 138
59 141
59 146
59 151
59 152
59 154
59 158
59 162
59 166
59 168
60 67
60 68
60 71
60 72
60 75
60 78
60 83
60 84
60 86
60 89
60 97
60 102
60 105
60 110
60 114
60 117
60 118
60 120
60 122
60 126
60 136
60 138
60 139
60 140
60 141
60 146
60 147
60 150
60 161
60 162
60 165
61 63
61 66
61 68
61 70
61 73
61 81
61 83
61 85
61 86
61 87
61 90
61 92
61 97
61 99
61 104
61 107
61 109
61 115
61 117
61 127
61 133
61 134
61 137
61 141
61 149
61 157
61 158
61 163
61 164
61 165
62 65
62 66
62 67
62 69
62 72
62 77
62 83
62 89
62 93
62 97
62 100
62 101
62 102
62 106
62 107
62 112
62 119
62 120
62 127
62 128
62 130
62 138
62 139
62 140
62 142
62 143
62 147
62 149
62 150
62 151
62 159
62 160
62 161
62 164
62 167
62 169
63 65
63 69
63 70
63 73
63 83
63 87
63 88
63 93
63 94
63 99
63 102
63 109
63 111
63 112
63 116
63 119
63 125
63 131
63 138
63 139
63 141
63 142
63 143
63 151
63 152
63 156
63 158
63 159
63 161
63 164
63 167
64 65
64 68
64 72
64 78
64 81
64 82
64 86
64 87
64 90
64 91
64 94
64 97
64 99
64 103
64 108
64 109
64 110
64 123
64 133
64 134
64 138
64 139
64 142
64 143
64 145
64 147
64 151
64 155
64 156
64 158
64 159
64 160
64 162
65 66
65 67
65 69
65 74
65 76
65 79
65 87
65 88
65 92
65 95
65 96
65 100
65 102
65 104
65 105
65 111
65 118
65 125
65 129
65 138
65 143
65 145
65 146
65 149
65 153
65 154
65 166
65 168
65 169
66 67
66 68
66 69
66 70
66 72
66 75
66 79
66 81
66 83
66 86
66 88
66 94
66 101
66 103
66 106
66 109
66 112
66 113
66 116
66 123
66 124
66 125
66 130
66 138
66 145
66 147
66 153
66 166
66 169
67 72
67 73
67 75
67 78
67 80
67 82
67 83
67 85
67 86
67 89
67 99
67 101
67 113
67 117
67 118
67 128
67 129
67 135
67 138
67 143
67 144
67 146
67 147
67 150
67 157
67 160
67 165
67 166
68 74
68 78
68 79
68 85
68 87
68 89
68 91
68 92
68 103
68 107
68 108
68 110
68 114
68 119
68 123
68 131
68 133
68 134
68 136
68 138
68 140
68 142
68 147
68 148
68 163
68 165
69 70
69 72
69 76
69 79
69 88
69 91
69 95
69 96
69 97
69 102
69 103
69 105
69 108
69 113
69 114
69 115
69 116
69 119
69 120
69 122
69 123
69 124
69 126
69 128
69 136
69 137
69 139
69 142
69 143
69 144
69 146
69 147
69 148
69 149
69 151
69 152
69 153
69 156
69 159
69 160
69 165
69 166
69 167
70 72
70 74
70 75
70 80
70 83
70 84
70 85
70 86
70 87
70 90
70 91
70 92
70 96
70 101
70 104
70 107
70 111
70 114
70 117
70 118
70 119
70 120
70 124
70 127
70 129
70 134
70 138
70 139
70 140
70 145
70 146
70 148
70 149
70 155
70 156
70 157
70 158
70 166
70 167
70 168
71 74
71 77
71 83
71 84
71 86
71 91
71 95
71 98
71 105
71 118
71 119
71 124
71 128
71 129
71 131
71 133
71 137
71 144
71 145
71 148
71 151
71 152
71 153
71 155
71 166
71 167
72 78
72 80
72 82
72 83
72 98
72 105
72 112
72 115
72 116
72 118
72 121
72 123
72 128
72 130
72 131
72 139
72 143
72 156
72 157
72 159
72 162
72 166
72 168
72 169
73 77
73 79
73 88
73 92
73 94
73 99
73 103
73 105
73 110
73 112
73 114
73 116
73 117
73 122
73 123
73 131
73 133
73 142
73 146
73 147
73 150
73 154
73 156
73 160
73 162
73 165
73 167
74 82
74 85
74 90
74 92
74 96
74 97
74 107
74 113
74 114
74 118
74 119
74 122
74 123
74 124
74 126
74 127
74 129
74 135
74 136
74 146
74 149
74 151
74 152
74 154
74 155
74 157
74 158
74 161
74 164
74 165
74 166
74 169
75 78
75 83
75 84
75 85
75 86
75 87
75 89
75 91
75 97
75 98
75 101
75 102
75 103
75 105
75 108
75 113
75 115
75 118
75 124
75 125
75 131
75 132
75 136
75 141
75 142
75 143
75 144
75 145
75 147
75 148
75 154
75 156
75 158
75 163
75 164
75 166
76 82
76 84
76 85
76 92
76 93
76 95
76 98
76 100
76 103
76 110
76 111
76 112
76 116
76 123
76 125
76 128
76 129
76 135
76 144
76 150
76 151
76 153
76 163
76 165
76 169
77 85
77 86
77 90
77 93
77 95
77 98
77 105
77 108
77 115
77 122
77 124
77 125
77 126
77 137
77 138
77 145
77 156
77 160
77 161
77 163
77 164
77 166
77 168
78 92
78 94
78 95
78 99
78 103
78 104
78 106
78 107
78 108
78 110
78 111
78 119
78 128
78 134
78 135
78 136
78 138
78 142
78 145
78 149
78 150
78 153
78 154
78 155
78 157
78 158
78 159
78 161
78 164
78 165
79 81
79 85
79 86
79 88
79 94
79 95
79 103
79 106
79 113
79 115
79 117
79 126
79 130
79 131
79 147
79 148
79 151
79 153
79 154
79 156
79 161
79 168
80 82
80 84
80 86
80 90
80 95
80 96
80 98
80 102
80 103
80 110
80 113
80 115
80 119
80 120
80 121
80 123
80 127
80 134
80 135
80 140
80 143
80 144
80 152
80 160
80 166
81 82
81 96
81 97
81 98
81 99
81 102
81 111
81 112
81 115
81 117
81 126
81 130
81 132
81 134
81 135
81 138
81 140
81 142
81 153
81 159
81 160
81 162
81 165
81 166
82 83
82 90
82 91
82 99
82 100
82 108
82 110
82 112
82 114
82 117
82 119
82 122
82 128
82 130
82 131
82 135
82 137
82 144
82 145
82 146
82 149
82 153
82 154
82 156
82 157
82 158
82 159
82 166
82 167
82 168
82 169
83 92
83 100
83 101
83 106
83 123
83 124
83 128
83 129
83 132
83 135
83 137
83 140
83 141
83 146
83 149
83 152
83 160
83 164
83 167
83 168
84 88
84 89
84 90
84 100
84 105
84 114
84 115
84 117
84 121
84 127
84 132
84 137
84 143
84 148
84 151
84 155
84 156
84 162
84 166
85 86
85 91
85 99
85 100
85 104
85 117
85 118
85 119
85 122
85 124
85 125
85 127
85 130
85 132
85 133
85 135
85 137
85 140
85 145
85 146
85 148
85 149
85 154
85 161
85 165
86 90
86 92
86 93
86 94
86 102
86 103
86 117
86 120
86 121
86 126
86 128
86 134
86 136
86 137
86 143
86 145
86 147
86 154
86 155
86 157
86 159
86 167
86 169
87 95
87 99
87 105
87 106
87 108
87 109
87 110
87 119
87 125
87 128
87 135
87 136
87 137
87 140
87 142
87 147
87 149
87 151
87 153
87 154
87 155
87 157
87 158
87 160
87 162
87 168
88 92
88 96
88 97
88 98
88 102
88 107
88 110
88 111
88 112
88 118
88 124
88 125
88 127
88 140
88 142
88 145
88 147
88 150
88 153
88 154
88 156
88 159
88 161
88 163
88 164
89 90
89 92
89 96
89 102
89 103
89 120
89 121
89 126
89 128
89 130
89 131
89 132
89 133
89 135
89 141
89 142
89 143
89 146
89 147
89 155
89 159
89 161
89 166
89 167
89 168
90 94
90 99
90 109
90 110
90 111
90 112
90 115
90 129
90 135
90 136
90 137
90 138
90 139
90 146
90 153
90 154
90 157
90 160
90 168
91 92
91 93
91 96
91 101
91 104
91 106
91 109
91 113
91 114
91 116
91 118
91 120
91 122
91 123
91 124
91 126
91 129
91 134
91 141
91 147
91 148
91 150
91 151
91 152
91 155
91 161
91 165
91 169
92 93
92 94
92 98
92 100
92 101
92 102
92 104
92 107
92 108
92 109
92 113
92 117
92 118
92 121
92 126
92 127
92 133
92 137
92 138
92 141
92 142
92 144
92 146
92 149
92 150
92 153
92 155
92 156
92 157
92 159
92 163
92 164
92 166
92 167
92 169
93 95
93 97
93 101
93 102
93 103
93 108
93 109
93 112
93 113
93 118
93 124
93 128
93 129
93 131
93 135
93 137
93 139
93 142
93 144
93 148
93 149
93 152
93 153
93 155
93 156
93 158
93 159
93 160
93 164
93 166
94 95
94 98
94 99
94 102
94 103
94 105
94 107
94 108
94 112
94 116
94 117
94 120
94 123
94 125
94 126
94 127
94 138
94 139
94 146
94 153
94 158
94 162
94 165
94 166
94 167
94 168
95 100
95 102
95 104
95 105
95 108
95 110
95 111
95 114
95 120
95 127
95 129
95 130
95 132
95 136
95 137
95 138
95 142
95 143
95 147
95 148
95 152
95 153
95 154
95 155
95 158
95 159
95 161
95 164
95 165
95 167
95 168
96 98
96 99
96 102
96 111
96 112
96 114
96 119
96 120
96 123
96 124
96 132
96 136
96 138
96 140
96 145
96 146
96 151
96 152
96 153
96 164
96 165
96 166
96 167
97 98
97 101
97 102
97 103
97 106
97 110
97 117
97 123
97 130
97 131
97 137
97 140
97 142
97 143
97 156
97 158
97 159
97 160
98 99
98 109
98 115
98 117
98 120
98 128
98 130
98 134
98 145
98 147
98 151
98 154
98 159
98 160
98 162
98 168
99 100
99 101
99 103
99 104
99 106
99 108
99 112
99 113
99 114
99 117
99 119
99 121
99 125
99 126
99 130
99 136
99 141
99 142
99 146
99 148
99 150
99 152
99 154
99 155
99 157
99 158
99 162
99 163
99 164
99 165
99 166
99 167
99 168
100 105
100 106
100 108
100 112
100 113
100 116
100 117
100 125
100 126
100 128
100 135
100 142
100 144
100 149
100 151
100 157
100 161
100 164
100 169
101 106
101 107
101 108
101 109
101 116
101 117
101 120
101 121
101 122
101 123
101 125
101 127
101 131
101 132
101 133
101 136
101 138
101 139
101 141
101 143
101 145
101 151
101 152
101 153
101 158
101 160
101 162
101 164
101 168
102 107
102 109
102 111
102 113
102 118
102 119
102 124
102 127
102 133
102 136
102 137
102 138
102 139
102 140
102 145
102 147
102 157
102 160
102 161
102 164
102 168
102 169
103 106
103 111
103 125
103 128
103 129
103 130
103 133
103 138
103 145
103 148
103 151
103 152
103 154
103 155
103 157
103 165
104 106
104 108
104 110
104 112
104 115
104 120
104 123
104 127
104 134
104 135
104 147
104 150
104 152
104 154
104 156
104 163
104 164
104 165
104 166
105 112
105 113
105 119
105 123
105 125
105 127
105 135
105 137
105 147
105 150
105 151
105 154
105 155
105 162
105 163
106 108
106 115
106 117
106 123
106 124
106 125
106 130
106 132
106 134
106 146
106 147
106 156
106 165
107 111
107 116
107 119
107 123
107 126
107 127
107 143
107 146
107 148
107 150
107 151
107 153
107 154
107 155
107 160
107 167
108 117
108 121
108 124
108 130
108 134
108 137
108 139
108 143
108 148
108 150
108 157
108 159
108 161
108 162
108 167
109 110
109 113
109 120
109 123
109 124
109 131
109 138
109 140
109 141
109 145
109 146
109 147
109 148
109 153
109 156
109 157
109 161
109 166
109 168
110 111
110 113
110 117
110 118
110 128
110 132
110 138
110 140
110 142
110 149
110 151
110 155
110 158
110 159
110 160
110 164
110 165
110 166
111 113
111 116
111 117
111 121
111 129
111 136
111 138
111 144
111 152
111 155
111 162
111 168
112 113
112 121
112 122
112 127
112 134
112 135
112 137
112 142
112 145
112 149
112 150
112 153
112 156
112 157
112 160
112 163
112 168
113 126
113 130
113 135
113 139
113 140
113 143
113 145
113 148
113 149
113 151
113 157
113 158
113 159
113 160
113 164
113 165
113 166
113 168
113 169
114 117
114 122
114 123
114 125
114 126
114 128
114 132
114 136
114 137
114 139
114 140
114 145
114 148
114 151
114 152
114 154
114 156
114 157
114 160
114 166
115 118
115 122
115 124
115 125
115 131
115 135
115 142
115 143
115 148
115 162
115 164
115 166
115 169
116 117
116 119
116 121
116 124
116 131
116 135
116 136
116 137
116 146
116 154
116 161
116 163
116 168
117 118
117 120
117 121
117 129
117 146
117 154
117 155
117 157
117 158
117 161
117 167
117 169
118 121
118 127
118 133
118 136
118 138
118 139
118 142
118 149
118 156
118 158
118 159
118 162
118 163
119 121
119 123
119 124
119 131
119 135
119 137
119 138
119 139
119 143
119 149
119 151
119 155
119 159
119 160
119 162
119 163
119 164
119 165
119 166
120 121
120 128
120 134
120 137
120 141
120 142
120 149
120 150
120 153
120 160
120 163
120 169
121 127
121 129
121 130
121 132
121 141
121 144
121 146
121 147
121 151
121 152
121 156
121 158
121 161
121 162
121 164
121 167
122 123
122 126
122 131
122 136
122 137
122 138
122 147
122 149
122 154
122 157
122 158
122 159
122 160
122 162
122 165
122 169
123 128
123 138
123 144
123 147
123 158
123 163
123 166
124 127
124 128
124 130
124 131
124 133
124 136
124 137
124 138
124 140
124 142
124 143
124 148
124 152
124 157
124 160
124 161
124 162
124 164
124 165
124 168
124 169
125 138
125 141
125 144
125 151
125 152
125 156
125 164
125 167
125 168
125 169
126 127
126 132
126 140
126 151
126 152
126 154
126 155
126 158
126 161
126 165
126 166
127 129
127 130
127 132
127 135
127 141
127 142
127 145
127 146
127 151
127 152
127 154
127 163
127 165
128 134
128 137
128 139
128 141
128 148
128 149
128 153
128 154
128 159
128 160
128 163
128 166
128 167
128 168
129 132
129 136
129 150
129 158
129 161
129 162
129 165
129 167
130 132
130 133
130 136
130 138
130 140
130 141
130 147
130 148
130 151
130 157
130 158
130 159
130 160
130 161
130 163
130 166
131 132
131 135
131 136
131 137
131 139
131 143
131 144
131 145
131 153
131 154
131 155
131 158
131 161
131 163
132 137
132 145
132 146
132 147
132 152
132 153
132 155
132 162
132 163
132 169
133 138
133 139
133 140
133 148
133 150
133 153
133 158
133 159
134 135
134 137
134 138
134 139
134 142
134 146
134 151
134 160
134 163
134 165
134 167
134 169
135 139
135 143
135 145
135 151
135 157
135 162
135 166
135 168
136 142
136 145
136 146
136 148
136 155
136 157
136 159
136 165
136 167
136 168
136 169
137 138
137 139
137 142
137 144
137 146
137 158
137 167
137 168
138 139
138 141
138 144
138 145
138 151
138 154
138 160
138 165
138 167
138 169
139 140
139 142
139 143
139 144
139 146
139 151
139 153
139 158
139 159
139 167
139 168
140 144
140 157
140 159
140 160
140 163
140 164
140 166
140 168
140 169
141 145
141 150
141 153
141 155
141 156
141 163
141 166
141 167
141 169
142 144
142 145
142 153
142 160
142 165
142 169
143 144
143 149
143 151
143 154
143 156
143 159
143 162
143 163
144 148
144 149
144 154
144 155
144 156
144 164
144 168
144 169
145 147
145 153
145 154
145 155
145 159
145 161
145 163
146 149
146 150
146 153
146 154
146 155
146 160
146 161
146 162
146 164
146 168
146 169
147 149
147 151
147 154
147 157
147 162
147 163
147 168
148 150
148 153
148 155
148 158
148 165
148 166
149 151
149 153
149 156
149 159
149 162
149 164
149 165
149 169
150 152
150 155
150 158
150 159
150 163
150 169
151 154
151 155
151 159
151 166
152 154
152 155
152 157
152 159
152 162
152 163
152 165
152 167
153 154
153 155
153 158
153 159
153 162
153 165
154 155
154 158
154 160
154 161
154 163
154 164
154 165
154 167
154 168
155 159
155 163
155 166
156 161
156 162
156 165
156 167
156 168
156 169
157 163
157 165
157 166
157 167
157 168
158 161
159 162
159 164
159 167
159 168
160 161
160 168
160 169
161 162
161 165
161 166
161 169
162 165
162 167
163 167
163 168
163 169
164 165
164 166
164 169
165 169
166 167
168 169
100 135 21 139 17 57 14 165 39 0 66 42 108 67 6 160 169 27 133 5 72 7 152 140 132 130 25 13 59 11 86 51 166 129 156 117 88 37 4 65 138 77 74 84 9 62 126 20 53 161 79
75 19 70 102 118 107 18 56 168 78 91 90 155 97 8 162 127 158 145 104 147 115 119 93 61 103 92 44 89 55 113 2 54 15 94 47 41 112 1 52 101 83 50 81 85 131 137 12 10 3 144
40 87 123 98 114 157 146 105 69 149 122 46 95 29 34 151 136 163 63 35 64 109 49 60 159 24 82 111 22 48 154 142 120 153 124 96 150 128 71 31 141 134 36 33 164 23 76 99 167 73 148
28 106 125 58 116 45 43 26 38 121 80 30 32 16 68 143 110
