120
762
10
89.12
18.85
46.11
41.75
12.61
24.89
26.96
27.91
63.71
15.53
0 7
0 12
0 27
0 31
0 36
0 38
0 39
0 56
0 66
0 75
0 80
0 81
0 84
0 86
0 88
0 93
0 100
1 3
1 13
1 23
1 24
1 28
1 30
1 35
1 50
1 55
1 66
1 69
1 74
1 75
1 81
1 86
1 91
1 113
1 117
2 3
2 4
2 18
2 20
2 31
2 71
2 76
2 83
2 84
2 90
2 101
2 102
3 9
3 22
3 23
3 26
3 27
3 47
3 54
3 75
3 77
3 87
3 92
3 93
3 94
4 28
4 33
4 48
4 55
4 64
4 65
4 73
4 77
4 85
4 89
4 90
4 94
4 101
4 102
4 107
4 108
4 113
5 15
5 17
5 44
5 61
5 67
5 70
5 79
5 82
5 91
5 94
5 105
6 17
6 34
6 36
6 51
6 71
6 78
6 79
6 98
6 104
6 108
7 12
7 20
7 51
7 60
7 73
7 81
7 94
7 99
8 25
8 29
8 30
8 35
8 39
8 44
8 51
8 53
8 90
8 93
8 97
8 104
8 112
9 15
9 20
9 31
9 47
9 53
9 54
9 62
9 71
9 85
9 103
9 110
9 113
10 12
10 20
10 44
10 47
10 51
10 59
10 67
10 71
10 83
10 112
10 118
11 12
11 38
11 78
11 81
11 96
11 97
11 114
12 15
12 26
12 36
12 43
12 51
12 70
12 74
12 85
12 89
12 94
12 97
12 99
12 115
13 17
13 33
13 44
13 46
13 48
13 71
13 73
13 74
13 78
13 80
13 84
13 96
13 97
13 106
13 114
14 19
14 23
14 33
14 53
14 54
14 65
14 73
14 83
14 88
14 89
14 98
14 103
14 105
15 21
15 54
15 59
15 69
15 81
15 84
15 96
15 97
15 108
15 113
16 18
16 19
16 54
16 55
16 57
16 60
16 63
16 67
16 70
16 73
16 88
16 94
16 103
16 111
17 18
17 22
17 23
17 26
17 28
17 36
17 55
17 57
17 80
17 81
17 86
17 88
17 101
17 112
18 22
18 30
18 78
18 89
18 90
18 111
18 115
19 31
19 32
19 38
19 40
19 50
19 56
19 82
19 84
19 89
19 98
19 101
19 106
20 58
20 85
20 86
20 98
20 111
20 117
21 23
21 27
21 28
21 53
21 56
21 73
21 75
21 77
21 84
21 95
21 101
21 105
22 29
22 45
22 56
22 76
22 90
22 94
22 100
22 102
23 29
23 30
23 47
23 64
23 78
23 80
23 112
23 113
24 33
24 39
24 48
24 63
24 68
24 74
24 79
24 86
24 92
24 111
24 116
24 119
25 33
25 40
25 50
25 63
25 66
25 96
25 102
26 53
26 72
26 75
26 77
26 80
26 85
26 99
26 103
26 112
27 41
27 53
27 54
27 65
27 104
27 110
27 115
27 117
28 58
28 65
28 68
28 72
28 78
28 80
28 96
29 30
29 52
29 73
29 83
29 87
29 100
29 104
29 118
30 34
30 43
30 63
30 83
30 87
30 99
30 105
30 110
30 113
30 115
30 116
30 118
31 48
31 53
31 58
31 70
31 73
31 81
31 82
31 103
32 37
32 45
32 47
32 62
32 64
32 79
32 104
32 113
32 114
33 46
33 58
33 62
33 71
33 77
33 82
33 98
33 99
33 115
34 47
34 50
34 66
34 73
34 91
34 95
34 100
34 104
34 105
34 110
34 117
35 39
35 46
35 48
35 65
35 67
35 74
35 85
35 87
35 108
35 115
36 39
36 48
36 52
36 53
36 54
36 84
36 118
37 46
37 52
37 58
37 67
37 68
37 70
37 76
37 81
37 83
37 93
37 106
37 109
37 111
38 64
38 81
38 91
38 94
38 99
38 117
39 43
39 51
39 53
39 55
39 76
39 102
39 103
39 104
39 106
39 115
40 46
40 48
40 50
40 57
40 58
40 60
40 65
40 66
40 69
40 92
40 111
41 48
41 63
41 83
41 85
41 92
41 101
41 102
41 104
41 109
41 117
42 47
42 48
42 54
42 56
42 57
42 79
42 81
42 84
42 102
43 54
43 61
43 66
43 73
43 75
43 76
43 83
43 90
43 106
43 113
44 68
44 87
44 93
45 46
45 52
45 54
45 69
45 74
45 81
45 82
45 114
45 118
46 47
46 58
46 76
46 97
46 102
46 105
46 106
46 115
47 48
47 51
47 54
47 66
47 69
47 75
47 80
47 91
47 99
47 100
47 119
48 62
48 65
48 74
48 75
48 108
49 50
49 58
49 59
49 63
49 74
49 87
49 92
49 115
50 63
50 69
50 76
50 79
50 81
51 61
51 64
51 66
51 70
51 81
51 92
51 93
51 95
51 97
51 100
51 106
51 115
52 61
52 66
52 69
52 70
52 73
52 74
52 75
52 89
52 91
52 106
52 112
52 113
53 68
53 70
53 78
53 88
53 93
53 106
54 57
54 60
54 64
54 79
54 81
54 89
54 92
54 95
54 99
54 113
54 118
55 70
55 71
55 76
55 94
55 97
55 113
55 115
56 72
56 80
56 88
56 89
56 91
56 108
57 62
57 63
57 65
57 74
57 86
57 87
57 96
58 64
58 67
58 93
58 100
59 76
59 90
59 114
60 72
60 95
60 96
60 110
60 114
60 119
61 83
61 84
61 97
62 63
62 75
62 80
62 83
62 94
62 97
62 101
62 102
63 64
63 66
63 70
63 73
63 74
63 77
63 86
63 87
63 88
63 91
63 104
63 106
63 115
64 75
64 88
64 89
64 92
64 108
65 71
65 81
65 82
65 91
65 101
65 119
66 69
66 75
66 93
66 94
66 108
66 116
67 68
67 78
67 99
67 101
67 108
67 109
68 69
68 71
68 80
68 87
68 96
68 99
68 118
69 80
69 109
70 71
70 80
70 83
70 92
70 109
71 84
71 86
71 87
71 101
71 105
71 107
71 109
72 94
72 97
72 102
72 111
73 91
73 94
73 103
73 110
74 79
74 114
74 118
75 96
75 118
76 78
76 81
76 93
76 94
76 108
76 116
77 83
77 106
78 81
78 87
78 99
78 100
78 115
78 116
79 88
79 92
79 116
80 91
80 108
80 111
80 115
80 119
81 82
81 90
81 91
81 118
82 83
82 107
82 119
83 90
83 96
83 113
83 116
84 92
84 101
84 110
85 88
85 96
86 100
87 96
87 105
87 113
88 92
88 93
88 110
88 114
88 118
89 100
89 105
89 115
90 113
90 119
91 108
91 109
91 110
92 105
92 106
92 109
92 113
93 107
93 119
94 96
95 97
95 105
95 107
95 113
96 97
96 103
96 104
96 111
97 116
98 108
99 104
99 107
100 110
100 111
101 117
103 107
103 109
104 115
105 109
106 115
107 109
107 118
109 118
110 115
111 115
111 118
112 117
112 119
115 118
80 22 50 112 64 37 42 30 97 3 36 27
105 116 100 95 103 107 39 87 11 82 84 110
46 2 43 16 19 35 101 29 77 10 66 40
71 4 48 91 89 52 65 53 54 26 21 117
106 25 55 86 56 49 75 85 8 98 93 115
68 69 90 18 33 59 62 13 72 76 102 14
1 5 113 7 17 32 70 81 111 58 118 51
44 79 83 74 61 99 94 28 0 38 47 15
6 78 23 96 63 108 41 109 57 45 60 9
20 92 12 34 104 24 114 73 119 88 31 67
