150
3359
10
17.55
12.09
60.58
89.72
35.57
41.55
14.38
2.66
17.44
76.68
0 3
0 14
0 15
0 19
0 20
0 21
0 24
0 28
0 31
0 33
0 35
0 38
0 49
0 53
0 55
0 56
0 65
0 66
0 69
0 71
0 72
0 79
0 85
0 87
0 88
0 91
0 93
0 98
0 99
0 102
0 112
0 116
0 119
0 120
0 121
0 123
0 127
0 128
0 130
0 134
0 140
0 141
1 7
1 10
1 14
1 16
1 21
1 24
1 29
1 44
1 50
1 51
1 56
1 59
1 60
1 64
1 66
1 68
1 72
1 73
1 79
1 85
1 90
1 92
1 95
1 99
1 101
1 106
1 107
1 115
1 120
1 124
1 128
1 131
1 134
1 138
1 141
1 144
1 145
1 149
2 4
2 5
2 7
2 8
2 10
2 11
2 14
2 16
2 17
2 26
2 28
2 29
2 35
2 44
2 46
2 53
2 60
2 62
2 64
2 70
2 71
2 73
2 76
2 77
2 101
2 105
2 106
2 111
2 112
2 114
2 117
2 119
2 127
2 128
2 130
2 136
2 141
2 144
2 146
2 147
2 148
3 4
3 7
3 9
3 11
3 12
3 13
3 15
3 22
3 23
3 27
3 28
3 29
3 30
3 31
3 33
3 35
3 38
3 39
3 40
3 56
3 58
3 59
3 61
3 65
3 68
3 70
3 72
3 73
3 74
3 80
3 82
3 86
3 89
3 93
3 94
3 98
3 99
3 103
3 108
3 113
3 114
3 115
3 120
3 126
3 127
3 128
3 146
4 10
4 12
4 15
4 16
4 17
4 19
4 20
4 21
4 27
4 35
4 42
4 45
4 50
4 54
4 56
4 59
4 60
4 63
4 72
4 86
4 90
4 91
4 92
4 93
4 101
4 104
4 106
4 107
4 108
4 111
4 112
4 113
4 114
4 117
4 118
4 124
4 128
4 134
4 135
4 140
4 146
4 148
5 8
5 19
5 20
5 22
5 25
5 28
5 30
5 33
5 38
5 42
5 44
5 51
5 56
5 58
5 62
5 65
5 66
5 69
5 70
5 74
5 75
5 77
5 79
5 86
5 87
5 88
5 91
5 95
5 98
5 99
5 100
5 101
5 103
5 106
5 108
5 110
5 114
5 117
5 119
5 120
5 125
5 126
5 135
5 139
5 142
5 145
5 147
6 11
6 15
6 17
6 20
6 24
6 28
6 32
6 41
6 44
6 45
6 61
6 66
6 73
6 79
6 83
6 85
6 92
6 93
6 96
6 102
6 105
6 106
6 112
6 115
6 117
6 121
6 124
6 125
6 136
6 143
6 147
7 14
7 16
7 17
7 21
7 23
7 37
7 45
7 46
7 47
7 55
7 58
7 61
7 71
7 77
7 82
7 88
7 92
7 93
7 94
7 97
7 99
7 101
7 103
7 105
7 109
7 110
7 112
7 113
7 114
7 115
7 117
7 118
7 119
7 120
7 129
7 130
7 132
7 133
7 134
7 136
7 137
7 138
7 140
7 143
7 145
7 148
8 9
8 14
8 23
8 24
8 26
8 27
8 30
8 41
8 42
8 44
8 47
8 50
8 52
8 54
8 55
8 57
8 59
8 61
8 63
8 64
8 68
8 71
8 76
8 79
8 81
8 85
8 91
8 92
8 93
8 96
8 101
8 103
8 104
8 107
8 108
8 119
8 122
8 125
8 129
8 130
8 131
8 134
8 135
8 137
8 142
8 145
8 146
9 10
9 12
9 13
9 14
9 15
9 16
9 27
9 30
9 35
9 37
9 40
9 44
9 48
9 50
9 51
9 52
9 55
9 59
9 60
9 61
9 62
9 63
9 65
9 68
9 69
9 79
9 86
9 95
9 98
9 103
9 110
9 112
9 115
9 118
9 122
9 126
9 129
9 135
9 137
9 142
9 147
9 148
10 18
10 23
10 29
10 35
10 38
10 41
10 46
10 49
10 52
10 59
10 61
10 62
10 64
10 65
10 66
10 68
10 72
10 77
10 79
10 82
10 92
10 93
10 95
10 98
10 99
10 101
10 103
10 105
10 110
10 113
10 117
10 118
10 119
10 120
10 121
10 122
10 126
10 127
10 128
10 136
10 142
10 143
11 16
11 20
11 24
11 27
11 30
11 31
11 34
11 35
11 42
11 44
11 46
11 47
11 49
11 50
11 52
11 58
11 63
11 81
11 83
11 90
11 93
11 94
11 101
11 110
11 112
11 114
11 118
11 120
11 122
11 127
11 133
11 134
11 136
11 137
11 139
11 141
11 142
11 144
11 146
11 147
12 15
12 21
12 23
12 24
12 25
12 36
12 38
12 40
12 42
12 46
12 47
12 49
12 50
12 55
12 56
12 57
12 58
12 59
12 60
12 62
12 64
12 65
12 67
12 68
12 69
12 74
12 75
12 77
12 85
12 87
12 90
12 91
12 93
12 94
12 95
12 96
12 101
12 102
12 109
12 110
12 117
12 118
12 119
12 121
12 123
12 125
12 128
12 135
12 138
12 141
12 147
13 15
13 16
13 20
13 21
13 22
13 27
13 29
13 32
13 33
13 36
13 44
13 54
13 57
13 58
13 59
13 61
13 63
13 66
13 68
13 77
13 78
13 83
13 85
13 91
13 98
13 99
13 106
13 116
13 118
13 128
13 132
13 140
13 146
13 147
14 17
14 21
14 28
14 30
14 31
14 40
14 41
14 45
14 50
14 51
14 53
14 54
14 58
14 64
14 66
14 67
14 68
14 72
14 74
14 79
14 87
14 89
14 93
14 94
14 95
14 101
14 104
14 106
14 108
14 109
14 111
14 112
14 115
14 117
14 119
14 124
14 128
14 131
14 132
14 135
14 136
14 138
14 139
14 140
14 149
15 19
15 20
15 25
15 27
15 28
15 29
15 31
15 32
15 34
15 37
15 39
15 45
15 47
15 59
15 62
15 65
15 74
15 75
15 76
15 80
15 89
15 92
15 93
15 96
15 97
15 98
15 104
15 105
15 107
15 111
15 114
15 119
15 122
15 123
15 125
15 127
15 129
15 141
16 22
16 26
16 27
16 30
16 31
16 33
16 34
16 35
16 39
16 41
16 43
16 44
16 48
16 49
16 50
16 61
16 62
16 66
16 69
16 74
16 80
16 81
16 83
16 85
16 86
16 87
16 93
16 95
16 101
16 104
16 112
16 117
16 119
16 131
16 132
16 142
16 144
16 145
17 20
17 23
17 24
17 25
17 29
17 36
17 37
17 46
17 47
17 49
17 51
17 53
17 56
17 58
17 59
17 62
17 68
17 71
17 72
17 75
17 76
17 83
17 85
17 87
17 88
17 91
17 92
17 102
17 103
17 105
17 111
17 112
17 113
17 117
17 118
17 119
17 121
17 129
17 137
17 138
17 142
18 20
18 22
18 23
18 24
18 26
18 27
18 30
18 32
18 38
18 49
18 50
18 52
18 53
18 55
18 57
18 59
18 62
18 64
18 72
18 77
18 80
18 81
18 86
18 93
18 100
18 104
18 109
18 110
18 114
18 117
18 118
18 121
18 123
18 125
18 127
18 131
18 135
18 138
18 140
18 142
18 148
19 23
19 25
19 28
19 33
19 34
19 43
19 46
19 48
19 49
19 50
19 55
19 59
19 64
19 65
19 78
19 90
19 92
19 93
19 96
19 97
19 98
19 99
19 104
19 105
19 106
19 108
19 113
19 119
19 121
19 130
19 131
19 135
19 138
19 139
19 143
19 147
20 21
20 23
20 25
20 27
20 33
20 34
20 36
20 37
20 54
20 55
20 56
20 58
20 60
20 62
20 63
20 67
20 70
20 75
20 78
20 81
20 82
20 85
20 86
20 91
20 93
20 95
20 102
20 103
20 111
20 124
20 129
20 136
20 137
20 139
21 22
21 23
21 25
21 31
21 35
21 43
21 44
21 46
21 47
21 48
21 50
21 51
21 56
21 58
21 67
21 71
21 73
21 79
21 81
21 82
21 94
21 95
21 99
21 101
21 102
21 106
21 108
21 109
21 110
21 112
21 113
21 114
21 126
21 127
21 129
21 132
21 136
21 144
21 146
21 147
21 148
22 23
22 24
22 30
22 31
22 34
22 36
22 37
22 38
22 42
22 50
22 57
22 70
22 74
22 76
22 81
22 82
22 85
22 88
22 95
22 96
22 100
22 101
22 102
22 114
22 125
22 132
22 136
22 139
22 142
22 144
22 146
22 147
22 148
23 25
23 26
23 34
23 38
23 39
23 43
23 44
23 47
23 57
23 71
23 72
23 75
23 81
23 86
23 92
23 98
23 100
23 101
23 106
23 120
23 121
23 128
23 129
23 130
23 133
23 136
23 138
23 142
23 143
23 147
24 30
24 42
24 55
24 56
24 58
24 59
24 60
24 62
24 65
24 66
24 69
24 85
24 86
24 87
24 93
24 97
24 99
24 106
24 110
24 117
24 120
24 121
24 123
24 126
24 129
24 133
24 135
24 145
24 149
25 27
25 28
25 29
25 30
25 33
25 34
25 37
25 39
25 50
25 53
25 56
25 58
25 59
25 64
25 68
25 72
25 75
25 76
25 77
25 78
25 82
25 84
25 86
25 89
25 97
25 99
25 103
25 107
25 108
25 113
25 114
25 119
25 124
25 135
25 138
25 142
25 149
26 27
26 30
26 34
26 36
26 42
26 44
26 49
26 52
26 59
26 61
26 62
26 64
26 65
26 66
26 73
26 82
26 84
26 86
26 88
26 90
26 93
26 101
26 112
26 116
26 119
26 120
26 131
26 132
26 133
26 138
26 141
26 142
26 147
26 148
27 31
27 35
27 36
27 39
27 40
27 43
27 44
27 48
27 49
27 50
27 56
27 57
27 58
27 61
27 65
27 68
27 71
27 72
27 77
27 89
27 93
27 95
27 99
27 104
27 109
27 112
27 120
27 125
27 136
27 138
27 148
28 33
28 40
28 43
28 49
28 50
28 53
28 55
28 59
28 69
28 71
28 73
28 79
28 85
28 88
28 89
28 90
28 91
28 95
28 97
28 99
28 102
28 103
28 116
28 118
28 126
28 127
28 129
28 133
28 138
28 145
28 149
29 33
29 35
29 37
29 42
29 44
29 45
29 46
29 50
29 58
29 65
29 67
29 68
29 74
29 80
29 84
29 85
29 86
29 92
29 93
29 96
29 99
29 101
29 102
29 103
29 104
29 107
29 112
29 118
29 120
29 125
29 127
29 129
29 131
29 132
29 133
29 136
29 137
29 148
30 33
30 34
30 39
30 41
30 42
30 43
30 49
30 50
30 53
30 59
30 64
30 69
30 71
30 73
30 83
30 84
30 89
30 92
30 93
30 99
30 104
30 109
30 114
30 117
30 120
30 123
30 128
30 130
30 134
30 136
30 137
30 138
30 140
30 143
30 144
30 146
30 147
31 35
31 37
31 39
31 48
31 53
31 54
31 55
31 56
31 59
31 62
31 63
31 65
31 67
31 71
31 72
31 73
31 76
31 77
31 81
31 82
31 84
31 85
31 86
31 88
31 90
31 91
31 93
31 96
31 99
31 102
31 103
31 109
31 117
31 119
31 129
31 133
31 139
31 142
31 145
31 148
32 34
32 38
32 41
32 42
32 43
32 44
32 45
32 47
32 51
32 54
32 55
32 59
32 63
32 66
32 71
32 78
32 80
32 83
32 84
32 88
32 92
32 100
32 101
32 102
32 103
32 112
32 116
32 123
32 127
32 128
32 130
32 139
32 141
33 35
33 37
33 38
33 39
33 45
33 54
33 57
33 60
33 62
33 65
33 69
33 70
33 72
33 73
33 77
33 80
33 82
33 94
33 99
33 100
33 101
33 103
33 105
33 106
33 112
33 113
33 119
33 122
33 127
33 129
33 137
33 139
33 145
33 146
33 147
34 38
34 40
34 44
34 46
34 53
34 58
34 67
34 69
34 71
34 76
34 79
34 82
34 86
34 89
34 91
34 93
34 95
34 100
34 102
34 110
34 111
34 113
34 116
34 119
34 120
34 123
34 124
34 128
34 132
34 142
34 145
34 147
34 148
35 36
35 38
35 40
35 42
35 43
35 47
35 48
35 50
35 53
35 54
35 55
35 56
35 58
35 60
35 62
35 66
35 76
35 77
35 80
35 82
35 84
35 85
35 86
35 93
35 94
35 97
35 100
35 102
35 103
35 104
35 105
35 108
35 111
35 112
35 113
35 118
35 123
35 125
35 126
35 131
35 132
35 134
35 135
35 136
35 137
35 142
35 143
36 39
36 41
36 48
36 50
36 54
36 55
36 62
36 63
36 65
36 68
36 69
36 72
36 73
36 74
36 76
36 77
36 79
36 86
36 89
36 90
36 91
36 95
36 97
36 98
36 99
36 100
36 105
36 106
36 108
36 112
36 114
36 116
36 117
36 118
36 120
36 127
36 128
36 129
36 130
36 131
36 139
36 144
36 145
36 146
36 149
37 38
37 41
37 42
37 44
37 45
37 46
37 51
37 52
37 56
37 60
37 65
37 70
37 71
37 82
37 85
37 86
37 92
37 93
37 96
37 97
37 98
37 99
37 104
37 106
37 114
37 117
37 119
37 120
37 122
37 124
37 126
37 129
37 132
37 140
37 145
37 148
38 43
38 47
38 48
38 49
38 54
38 55
38 56
38 59
38 61
38 62
38 67
38 69
38 72
38 73
38 74
38 75
38 80
38 81
38 86
38 87
38 97
38 98
38 105
38 111
38 117
38 127
38 128
38 130
38 136
38 139
38 140
39 42
39 47
39 48
39 49
39 50
39 52
39 53
39 56
39 59
39 65
39 74
39 79
39 80
39 81
39 82
39 88
39 89
39 91
39 95
39 98
39 102
39 104
39 105
39 108
39 111
39 112
39 113
39 124
39 126
39 132
39 139
39 141
39 143
39 144
39 149
40 42
40 43
40 48
40 52
40 56
40 57
40 59
40 61
40 63
40 67
40 69
40 73
40 76
40 77
40 83
40 85
40 92
40 94
40 97
40 100
40 104
40 106
40 107
40 110
40 111
40 116
40 118
40 123
40 125
40 133
40 134
40 135
40 142
40 144
40 145
41 49
41 51
41 52
41 54
41 57
41 58
41 59
41 60
41 61
41 62
41 63
41 64
41 69
41 73
41 74
41 78
41 80
41 87
41 89
41 94
41 95
41 96
41 99
41 101
41 105
41 110
41 112
41 114
41 117
41 120
41 121
41 123
41 126
41 132
41 134
41 135
41 136
41 137
41 140
41 142
41 144
41 145
42 43
42 48
42 49
42 51
42 53
42 54
42 56
42 57
42 62
42 65
42 66
42 68
42 74
42 75
42 77
42 80
42 81
42 83
42 87
42 88
42 89
42 96
42 98
42 105
42 109
42 113
42 114
42 115
42 117
42 126
42 131
42 135
42 137
42 138
42 141
42 142
42 145
42 148
42 149
43 46
43 47
43 48
43 60
43 63
43 64
43 67
43 73
43 75
43 82
43 85
43 87
43 88
43 94
43 99
43 104
43 111
43 113
43 114
43 118
43 125
43 127
43 130
43 143
43 149
44 46
44 50
44 52
44 55
44 56
44 59
44 62
44 64
44 65
44 67
44 68
44 72
44 74
44 80
44 81
44 92
44 95
44 96
44 102
44 104
44 109
44 110
44 114
44 118
44 120
44 121
44 129
44 131
44 138
44 139
44 141
44 143
45 48
45 49
45 53
45 56
45 58
45 59
45 64
45 66
45 67
45 69
45 70
45 73
45 75
45 78
45 80
45 87
45 89
45 90
45 97
45 98
45 100
45 106
45 109
45 110
45 113
45 114
45 118
45 119
45 120
45 121
45 122
45 130
45 132
45 136
45 138
45 143
45 144
45 149
46 52
46 54
46 57
46 58
46 63
46 78
46 82
46 84
46 85
46 86
46 87
46 96
46 98
46 99
46 100
46 111
46 120
46 126
46 128
46 131
46 132
46 134
46 136
46 141
46 147
46 148
47 48
47 50
47 54
47 55
47 56
47 60
47 68
47 69
47 72
47 89
47 90
47 92
47 93
47 94
47 97
47 104
47 107
47 109
47 111
47 115
47 119
47 122
47 124
47 126
47 127
47 132
47 135
47 137
47 139
47 141
47 149
48 49
48 51
48 52
48 56
48 58
48 63
48 66
48 71
48 72
48 77
48 80
48 82
48 83
48 85
48 93
48 94
48 103
48 108
48 112
48 115
48 117
48 118
48 121
48 122
48 123
48 124
48 126
48 133
48 134
48 145
48 146
48 147
48 148
48 149
49 50
49 53
49 59
49 64
49 65
49 73
49 76
49 79
49 80
49 83
49 84
49 85
49 86
49 87
49 90
49 92
49 97
49 99
49 107
49 108
49 111
49 113
49 116
49 119
49 121
49 126
49 128
49 130
49 131
49 136
49 139
49 141
49 143
49 146
49 147
50 51
50 61
50 65
50 68
50 69
50 71
50 79
50 80
50 86
50 89
50 90
50 91
50 93
50 95
50 97
50 102
50 103
50 111
50 115
50 121
50 132
50 133
50 136
50 140
50 145
50 146
51 57
51 65
51 67
51 70
51 76
51 78
51 85
51 86
51 87
51 93
51 96
51 97
51 98
51 100
51 102
51 103
51 110
51 112
51 114
51 116
51 120
51 124
51 130
51 132
51 133
51 135
51 138
51 139
51 140
51 145
51 146
51 147
51 148
52 53
52 57
52 61
52 65
52 67
52 68
52 70
52 88
52 93
52 101
52 103
52 104
52 106
52 111
52 113
52 115
52 119
52 120
52 122
52 125
52 127
52 128
52 133
52 134
52 139
52 145
52 147
52 148
52 149
53 55
53 59
53 66
53 78
53 83
53 84
53 87
53 89
53 95
53 96
53 99
53 102
53 103
53 104
53 106
53 107
53 117
53 118
53 119
53 122
53 123
53 124
53 125
53 126
53 131
53 132
53 133
53 135
53 138
53 141
53 143
53 146
53 147
53 149
54 55
54 56
54 62
54 65
54 67
54 70
54 71
54 72
54 74
54 75
54 79
54 80
54 82
54 86
54 93
54 94
54 95
54 96
54 104
54 105
54 107
54 110
54 114
54 117
54 119
54 121
54 123
54 125
54 129
54 130
54 134
54 135
54 137
54 140
54 141
54 142
54 144
54 148
55 56
55 58
55 59
55 66
55 67
55 69
55 70
55 75
55 76
55 77
55 81
55 83
55 89
55 90
55 91
55 93
55 104
55 107
55 109
55 116
55 122
55 124
55 130
55 132
55 136
55 148
56 58
56 64
56 65
56 73
56 75
56 78
56 81
56 90
56 98
56 99
56 103
56 104
56 107
56 109
56 116
56 117
56 119
56 120
56 121
56 122
56 124
56 127
56 129
56 130
56 131
56 135
56 138
56 143
57 65
57 66
57 69
57 71
57 76
57 78
57 79
57 82
57 88
57 89
57 90
57 93
57 97
57 98
57 99
57 105
57 109
57 110
57 111
57 114
57 116
57 119
57 121
57 128
57 131
57 134
57 137
57 141
57 144
57 146
58 59
58 61
58 87
58 91
58 93
58 96
58 100
58 101
58 103
58 106
58 108
58 115
58 116
58 118
58 124
58 138
58 140
58 143
58 146
58 148
59 60
59 62
59 64
59 72
59 77
59 78
59 90
59 94
59 106
59 111
59 117
59 118
59 119
59 126
59 131
59 134
59 135
59 136
59 140
59 145
59 146
60 61
60 62
60 64
60 65
60 66
60 70
60 74
60 81
60 89
60 91
60 92
60 93
60 98
60 100
60 104
60 107
60 108
60 109
60 113
60 114
60 115
60 120
60 121
60 122
60 128
60 134
60 138
60 140
60 144
60 147
61 70
61 78
61 79
61 84
61 85
61 87
61 98
61 102
61 103
61 109
61 113
61 114
61 115
61 117
61 124
61 125
61 126
61 127
61 133
61 135
61 139
61 143
61 147
61 148
61 149
62 74
62 79
62 81
62 82
62 85
62 86
62 89
62 90
62 92
62 93
62 94
62 95
62 96
62 98
62 100
62 102
62 104
62 115
62 118
62 122
62 123
62 137
62 141
62 144
62 147
62 148
62 149
63 66
63 67
63 71
63 74
63 77
63 79
63 80
63 88
63 91
63 97
63 98
63 103
63 105
63 107
63 110
63 118
63 120
63 121
63 124
63 126
63 128
63 129
63 133
63 141
63 143
63 147
64 66
64 69
64 70
64 71
64 72
64 74
64 75
64 82
64 84
64 88
64 91
64 95
64 99
64 105
64 106
64 110
64 114
64 115
64 116
64 117
64 118
64 119
64 127
64 129
64 130
64 134
64 138
64 143
64 144
64 145
65 71
65 72
65 73
65 75
65 82
65 89
65 90
65 93
65 96
65 101
65 102
65 111
65 112
65 113
65 116
65 117
65 123
65 125
65 128
65 131
65 138
65 147
66 73
66 74
66 79
66 81
66 82
66 85
66 94
66 99
66 100
66 101
66 102
66 103
66 106
66 110
66 115
66 119
66 120
66 123
66 124
66 126
66 128
66 130
66 133
66 134
66 136
66 140
66 145
66 146
67 74
67 75
67 76
67 77
67 81
67 87
67 96
67 100
67 101
67 110
67 111
67 114
67 115
67 116
67 118
67 121
67 126
67 127
67 130
67 134
67 139
67 140
67 141
67 148
68 70
68 71
68 77
68 80
68 81
68 85
68 86
68 94
68 96
68 97
68 100
68 104
68 106
68 107
68 110
68 111
68 114
68 115
68 116
68 120
68 128
68 129
68 134
68 139
68 141
68 143
68 144
68 145
68 146
68 147
69 74
69 75
69 77
69 80
69 87
69 88
69 91
69 96
69 97
69 108
69 109
69 117
69 118
69 119
69 123
69 127
69 129
69 130
69 132
69 133
69 134
69 138
69 139
69 142
69 145
70 78
70 82
70 90
70 91
70 95
70 105
70 107
70 110
70 112
70 116
70 120
70 125
70 129
70 131
70 136
70 138
70 140
70 146
70 147
71 78
71 80
71 94
71 95
71 96
71 102
71 110
71 120
71 123
71 127
71 128
71 131
71 135
71 137
72 80
72 84
72 86
72 92
72 97
72 104
72 105
72 120
72 125
72 126
72 132
72 142
72 146
72 148
72 149
73 75
73 81
73 82
73 83
73 85
73 87
73 88
73 89
73 102
73 105
73 107
73 111
73 118
73 119
73 126
73 127
73 128
73 132
73 133
73 137
73 139
73 140
73 143
73 144
73 149
74 75
74 77
74 79
74 87
74 89
74 90
74 91
74 92
74 93
74 94
74 101
74 103
74 106
74 108
74 111
74 116
74 122
74 124
74 132
74 134
74 135
74 139
74 142
74 143
75 77
75 80
75 83
75 85
75 86
75 88
75 91
75 92
75 94
75 95
75 100
75 101
75 102
75 104
75 117
75 119
75 123
75 127
75 130
75 132
75 139
75 140
75 148
76 80
76 85
76 86
76 90
76 92
76 93
76 96
76 97
76 103
76 104
76 111
76 113
76 117
76 123
76 125
76 133
76 134
76 136
76 137
76 139
76 140
77 78
77 81
77 82
77 84
77 85
77 89
77 91
77 96
77 101
77 107
77 114
77 117
77 121
77 126
77 132
77 136
77 137
77 139
77 142
77 145
77 148
78 89
78 92
78 93
78 97
78 98
78 101
78 104
78 105
78 109
78 110
78 112
78 115
78 116
78 120
78 121
78 123
78 131
78 141
78 146
78 147
78 148
79 86
79 89
79 92
79 103
79 104
79 105
79 106
79 116
79 117
79 122
79 123
79 127
79 128
79 130
79 133
79 134
79 138
79 140
79 147
79 148
80 82
80 83
80 86
80 101
80 103
80 106
80 119
80 120
80 131
80 132
80 136
80 141
80 142
80 143
80 144
80 145
80 146
81 82
81 86
81 90
81 94
81 98
81 101
81 105
81 108
81 109
81 122
81 128
81 129
81 133
81 134
81 144
81 145
81 146
81 147
81 149
82 102
82 108
82 112
82 117
82 122
82 124
82 127
82 129
82 136
82 139
82 142
82 146
83 84
83 85
83 88
83 91
83 98
83 100
83 101
83 108
83 109
83 118
83 119
83 120
83 129
83 131
83 133
83 135
83 136
83 137
83 139
83 146
84 89
84 96
84 103
84 104
84 105
84 107
84 109
84 111
84 113
84 115
84 116
84 129
84 130
84 137
84 138
84 146
84 149
85 91
85 92
85 94
85 104
85 112
85 113
85 114
85 116
85 120
85 121
85 122
85 126
85 132
85 137
85 143
85 144
86 88
86 93
86 95
86 98
86 99
86 104
86 108
86 118
86 119
86 130
86 131
86 133
86 134
86 139
86 142
86 145
86 147
86 148
87 89
87 90
87 94
87 96
87 97
87 98
87 99
87 112
87 120
87 121
87 123
87 126
87 127
87 133
87 134
87 138
87 141
87 142
87 145
88 90
88 92
88 97
88 100
88 101
88 103
88 108
88 109
88 110
88 118
88 120
88 122
88 127
88 129
88 130
88 133
88 140
88 141
88 145
89 91
89 94
89 95
89 96
89 100
89 106
89 110
89 115
89 117
89 119
89 127
89 131
89 136
89 139
89 148
90 94
90 97
90 106
90 107
90 111
90 113
90 118
90 120
90 122
90 123
90 124
90 128
90 135
90 140
90 144
90 147
91 93
91 97
91 98
91 99
91 104
91 109
91 111
91 114
91 116
91 117
91 118
91 121
91 129
91 132
91 134
91 137
91 140
92 98
92 100
92 105
92 108
92 113
92 119
92 120
92 124
92 126
92 130
92 131
92 134
92 137
92 143
92 145
92 148
93 95
93 98
93 102
93 103
93 104
93 106
93 108
93 113
93 121
93 122
93 128
93 131
93 134
93 136
93 138
93 143
93 147
94 98
94 101
94 104
94 107
94 110
94 114
94 121
94 123
94 124
94 126
94 128
94 143
94 145
94 147
95 99
95 100
95 101
95 104
95 113
95 116
95 117
95 119
95 123
95 125
95 128
95 129
95 132
95 134
95 137
95 141
95 143
95 144
95 149
96 98
96 102
96 104
96 110
96 111
96 112
96 113
96 115
96 116
96 118
96 121
96 123
96 126
96 130
96 131
96 133
96 136
96 141
96 142
97 100
97 104
97 107
97 109
97 110
97 112
97 113
97 117
97 119
97 120
97 121
97 128
97 129
97 137
97 139
97 142
97 145
97 148
98 99
98 101
98 113
98 114
98 115
98 116
98 118
98 120
98 121
98 126
98 130
98 132
98 133
98 137
98 138
98 140
98 141
98 142
98 143
98 148
99 102
99 115
99 116
99 120
99 133
99 135
99 136
99 137
99 142
99 143
99 146
99 147
100 101
100 106
100 107
100 114
100 115
100 120
100 122
100 128
100 133
100 134
100 135
100 137
100 138
100 149
101 102
101 105
101 110
101 112
101 113
101 114
101 117
101 119
101 120
101 121
101 122
101 128
101 133
101 134
101 137
101 142
102 103
102 104
102 111
102 112
102 114
102 115
102 122
102 126
102 127
102 131
102 133
102 137
102 144
103 104
103 105
103 106
103 108
103 112
103 115
103 118
103 120
103 122
103 126
103 127
103 128
103 135
103 137
103 138
103 139
103 140
104 106
104 109
104 112
104 113
104 120
104 124
104 130
104 131
104 132
104 139
104 141
104 142
104 149
105 106
105 108
105 112
105 113
105 114
105 115
105 116
105 117
105 118
105 119
105 120
105 123
105 125
105 126
105 127
105 133
105 139
105 140
105 145
105 147
105 148
106 109
106 111
106 114
106 115
106 122
106 125
106 127
106 128
106 133
106 137
106 138
106 140
106 141
106 144
106 149
107 112
107 113
107 118
107 120
107 121
107 122
107 129
107 133
107 134
107 138
107 144
108 116
108 118
108 119
108 120
108 123
108 129
108 134
108 141
108 142
108 143
108 145
108 146
109 115
109 116
109 117
109 121
109 122
109 125
109 126
109 128
109 129
109 130
109 136
110 112
110 120
110 123
110 128
110 129
110 131
110 133
110 135
110 139
110 140
110 142
110 143
110 144
110 145
110 148
111 112
111 113
111 120
111 123
111 129
111 135
111 139
111 144
111 149
112 117
112 118
112 124
112 125
112 129
112 131
112 132
112 133
112 134
112 135
112 138
112 139
112 140
112 143
112 144
112 146
112 149
113 116
113 119
113 120
113 121
113 127
113 130
113 136
113 137
113 142
113 149
114 115
114 120
114 124
114 125
114 126
114 128
114 131
114 132
114 140
114 141
114 148
115 118
115 119
115 121
115 124
115 125
115 127
115 129
115 133
115 134
115 138
115 140
115 146
115 147
116 117
116 120
116 121
116 123
116 124
116 125
116 126
116 132
116 133
116 137
116 138
116 147
116 149
117 118
117 120
117 121
117 126
117 127
117 132
117 134
117 140
117 144
117 148
118 119
118 120
118 122
118 129
118 134
118 143
118 147
119 120
119 127
119 128
119 134
119 135
119 136
119 142
119 143
119 147
120 122
120 123
120 127
120 131
120 133
120 136
120 138
120 141
120 142
121 122
121 125
121 126
121 129
121 130
121 131
121 136
121 138
121 140
121 144
121 147
122 124
122 126
122 127
122 129
122 130
122 136
122 137
122 143
123 127
123 129
123 136
123 140
123 141
123 145
124 125
124 127
124 134
124 144
124 147
124 148
124 149
125 126
125 130
125 131
125 132
125 134
125 141
125 143
125 144
125 147
126 127
126 130
126 131
126 132
126 133
126 140
126 145
126 146
126 148
127 128
127 129
127 132
127 137
127 140
127 141
127 142
128 133
128 136
128 137
128 139
128 142
128 143
128 149
129 130
129 142
129 143
129 145
130 131
130 140
130 146
130 148
131 133
131 135
131 139
131 146
131 149
132 133
132 137
132 138
132 140
132 143
132 144
132 145
132 148
133 134
133 139
133 142
133 146
133 147
133 149
134 142
134 144
134 147
134 149
135 138
135 139
135 142
135 148
136 139
136 140
136 141
136 145
137 140
137 143
137 145
138 144
138 148
139 143
139 144
139 148
141 142
141 143
141 146
142 143
142 145
142 149
143 148
144 145
145 146
145 149
147 148
141 105 102 118 64 126 74 106 5 95 138 132 96 32 139
58 78 117 42 100 116 35 83 145 9 127 24 44 113 23
16 43 129 99 144 38 30 108 22 25 12 82 48 26 148
65 85 143 11 124 45 80 121 6 40 17 91 62 73 123
36 19 47 27 136 133 60 55 110 142 86 2 61 70 130
72 13 122 97 119 7 15 18 137 89 21 107 93 77 101
114 20 59 37 88 4 10 46 56 90 69 28 1 8 149
39 52 76 68 49 57 134 66 131 135 53 0 84 87 109
140 92 34 104 75 3 112 54 94 71 63 128 98 103 51
125 67 115 111 79 50 147 33 81 14 146 120 31 29 41
