190
10708
10
14.2
40.71
62.76
2.42
51.04
46.63
21.24
54.55
25.9
58.98
0 2
0 3
0 5
0 6
0 7
0 10
0 13
0 15
0 16
0 17
0 20
0 21
0 23
0 25
0 26
0 28
0 32
0 34
0 36
0 37
0 38
0 39
0 40
0 44
0 45
0 46
0 47
0 48
0 51
0 52
0 55
0 57
0 59
0 60
0 62
0 63
0 66
0 67
0 68
0 69
0 71
0 75
0 76
0 78
0 80
0 81
0 82
0 84
0 85
0 86
0 88
0 90
0 91
0 93
0 94
0 96
0 97
0 100
0 102
0 103
0 104
0 105
0 107
0 110
0 111
0 113
0 115
0 116
0 118
0 119
0 120
0 123
0 125
0 126
0 128
0 129
0 130
0 131
0 132
0 133
0 135
0 136
0 137
0 138
0 139
0 143
0 144
0 146
0 147
0 149
0 152
0 153
0 154
0 155
0 156
0 157
0 158
0 160
0 161
0 162
0 164
0 165
0 166
0 167
0 169
0 170
0 172
0 175
0 176
0 177
0 178
0 182
0 186
0 187
0 188
0 189
1 2
1 4
1 5
1 6
1 7
1 8
1 10
1 11
1 12
1 14
1 17
1 18
1 20
1 22
1 24
1 25
1 26
1 27
1 28
1 29
1 32
1 33
1 34
1 36
1 37
1 41
1 42
1 44
1 45
1 47
1 48
1 51
1 58
1 59
1 60
1 61
1 63
1 64
1 65
1 66
1 68
1 71
1 73
1 74
1 75
1 76
1 77
1 78
1 79
1 80
1 81
1 83
1 84
1 89
1 90
1 93
1 95
1 96
1 97
1 99
1 101
1 102
1 103
1 105
1 106
1 107
1 108
1 109
1 110
1 111
1 112
1 113
1 115
1 116
1 118
1 119
1 122
1 127
1 129
1 130
1 132
1 136
1 139
1 140
1 141
1 142
1 143
1 145
1 148
1 149
1 152
1 153
1 154
1 155
1 156
1 157
1 158
1 160
1 161
1 163
1 164
1 165
1 166
1 167
1 168
1 170
1 171
1 172
1 173
1 174
1 175
1 176
1 178
1 179
1 180
1 182
1 184
1 186
1 187
1 189
2 4
2 5
2 6
2 7
2 8
2 10
2 11
2 13
2 14
2 15
2 16
2 17
2 18
2 19
2 20
2 21
2 24
2 25
2 26
2 27
2 32
2 33
2 34
2 36
2 37
2 40
2 41
2 42
2 43
2 44
2 46
2 47
2 49
2 50
2 53
2 54
2 55
2 58
2 59
2 62
2 63
2 65
2 66
2 67
2 68
2 69
2 70
2 71
2 73
2 76
2 77
2 78
2 79
2 80
2 81
2 82
2 83
2 84
2 87
2 88
2 90
2 96
2 97
2 98
2 99
2 100
2 103
2 104
2 105
2 106
2 107
2 108
2 109
2 110
2 111
2 113
2 114
2 115
2 117
2 118
2 119
2 120
2 121
2 122
2 123
2 124
2 125
2 126
2 127
2 128
2 130
2 132
2 133
2 134
2 136
2 138
2 140
2 141
2 143
2 145
2 146
2 147
2 148
2 149
2 150
2 152
2 153
2 155
2 156
2 157
2 158
2 160
2 161
2 162
2 163
2 168
2 169
2 170
2 171
2 172
2 173
2 175
2 177
2 178
2 179
2 182
2 184
2 185
2 186
2 187
2 188
2 189
3 5
3 6
3 8
3 9
3 10
3 11
3 15
3 16
3 18
3 20
3 22
3 23
3 24
3 25
3 26
3 27
3 29
3 30
3 34
3 35
3 36
3 38
3 40
3 41
3 42
3 43
3 44
3 45
3 46
3 49
3 50
3 51
3 53
3 54
3 55
3 56
3 64
3 66
3 67
3 69
3 70
3 71
3 73
3 74
3 75
3 76
3 77
3 78
3 79
3 80
3 82
3 86
3 87
3 89
3 90
3 91
3 92
3 93
3 95
3 96
3 97
3 98
3 99
3 101
3 102
3 104
3 105
3 107
3 108
3 109
3 111
3 113
3 114
3 115
3 116
3 117
3 118
3 119
3 120
3 122
3 123
3 127
3 128
3 133
3 134
3 136
3 137
3 139
3 141
3 142
3 143
3 144
3 146
3 148
3 149
3 150
3 151
3 152
3 153
3 154
3 155
3 157
3 158
3 159
3 160
3 161
3 163
3 164
3 165
3 166
3 169
3 171
3 173
3 176
3 179
3 181
3 182
3 183
3 184
3 185
3 186
3 189
4 6
4 8
4 9
4 12
4 13
4 15
4 18
4 19
4 20
4 22
4 24
4 25
4 27
4 28
4 29
4 31
4 32
4 33
4 36
4 38
4 39
4 40
4 41
4 43
4 44
4 45
4 49
4 52
4 54
4 55
4 56
4 57
4 59
4 60
4 61
4 66
4 68
4 70
4 75
4 76
4 79
4 81
4 82
4 83
4 85
4 86
4 89
4 91
4 92
4 94
4 95
4 97
4 98
4 99
4 100
4 101
4 103
4 108
4 109
4 112
4 116
4 117
4 119
4 121
4 125
4 126
4 128
4 129
4 132
4 133
4 136
4 137
4 138
4 140
4 142
4 144
4 145
4 146
4 148
4 152
4 154
4 155
4 156
4 158
4 164
4 166
4 168
4 171
4 172
4 173
4 174
4 178
4 179
4 180
4 183
4 184
4 186
4 189
5 6
5 7
5 8
5 11
5 12
5 15
5 16
5 17
5 18
5 19
5 20
5 21
5 22
5 23
5 24
5 25
5 27
5 28
5 31
5 32
5 33
5 34
5 35
5 36
5 37
5 39
5 40
5 44
5 45
5 46
5 48
5 49
5 50
5 51
5 53
5 54
5 56
5 57
5 58
5 59
5 61
5 62
5 65
5 66
5 67
5 68
5 69
5 70
5 76
5 78
5 79
5 81
5 83
5 84
5 85
5 86
5 88
5 90
5 92
5 93
5 94
5 98
5 99
5 100
5 101
5 102
5 103
5 106
5 107
5 108
5 110
5 111
5 114
5 118
5 122
5 123
5 127
5 128
5 129
5 131
5 132
5 134
5 139
5 144
5 145
5 149
5 151
5 152
5 153
5 155
5 157
5 158
5 161
5 162
5 163
5 165
5 166
5 168
5 169
5 170
5 171
5 172
5 174
5 175
5 176
5 178
5 179
5 181
5 182
5 183
5 185
5 187
5 188
6 7
6 8
6 12
6 13
6 14
6 15
6 16
6 17
6 18
6 19
6 22
6 23
6 25
6 27
6 32
6 33
6 34
6 35
6 36
6 37
6 38
6 39
6 40
6 41
6 42
6 44
6 46
6 47
6 49
6 50
6 51
6 55
6 56
6 58
6 60
6 61
6 62
6 63
6 64
6 69
6 70
6 72
6 73
6 74
6 75
6 77
6 81
6 85
6 86
6 89
6 93
6 95
6 96
6 97
6 98
6 100
6 103
6 105
6 108
6 109
6 111
6 113
6 115
6 116
6 118
6 119
6 120
6 121
6 124
6 127
6 129
6 130
6 134
6 135
6 136
6 138
6 139
6 140
6 141
6 142
6 144
6 145
6 146
6 148
6 149
6 151
6 152
6 154
6 155
6 156
6 157
6 159
6 160
6 161
6 163
6 164
6 165
6 166
6 168
6 169
6 170
6 171
6 174
6 175
6 176
6 178
6 179
6 180
6 183
6 184
6 185
6 186
6 188
6 189
7 8
7 11
7 14
7 17
7 18
7 21
7 23
7 27
7 28
7 31
7 33
7 39
7 40
7 46
7 48
7 49
7 50
7 52
7 53
7 54
7 55
7 56
7 57
7 58
7 60
7 62
7 63
7 64
7 65
7 66
7 67
7 68
7 69
7 71
7 72
7 73
7 74
7 76
7 78
7 79
7 80
7 81
7 84
7 85
7 86
7 88
7 90
7 91
7 96
7 97
7 98
7 99
7 102
7 103
7 107
7 114
7 117
7 118
7 119
7 120
7 121
7 125
7 126
7 132
7 134
7 136
7 137
7 140
7 141
7 142
7 143
7 144
7 145
7 147
7 148
7 149
7 150
7 151
7 152
7 154
7 157
7 158
7 160
7 161
7 162
7 163
7 164
7 165
7 169
7 171
7 172
7 173
7 174
7 175
7 177
7 180
7 182
7 183
7 187
7 188
8 10
8 16
8 17
8 20
8 22
8 24
8 27
8 28
8 30
8 31
8 32
8 33
8 34
8 37
8 39
8 42
8 43
8 45
8 47
8 50
8 51
8 54
8 55
8 56
8 57
8 58
8 61
8 63
8 65
8 66
8 67
8 69
8 70
8 71
8 74
8 76
8 78
8 80
8 81
8 83
8 84
8 85
8 86
8 91
8 92
8 93
8 95
8 96
8 97
8 100
8 101
8 102
8 104
8 105
8 109
8 110
8 114
8 115
8 118
8 119
8 121
8 123
8 126
8 128
8 129
8 131
8 132
8 136
8 137
8 138
8 139
8 140
8 141
8 145
8 146
8 149
8 151
8 155
8 157
8 158
8 159
8 160
8 162
8 163
8 164
8 167
8 169
8 171
8 173
8 175
8 176
8 177
8 180
8 181
8 183
8 184
8 185
8 186
8 187
9 10
9 11
9 14
9 15
9 17
9 18
9 23
9 24
9 25
9 26
9 29
9 31
9 35
9 37
9 38
9 41
9 43
9 45
9 46
9 49
9 50
9 52
9 53
9 56
9 57
9 58
9 60
9 61
9 62
9 64
9 66
9 67
9 68
9 71
9 72
9 73
9 74
9 75
9 79
9 80
9 82
9 83
9 85
9 87
9 88
9 90
9 91
9 92
9 93
9 95
9 96
9 97
9 102
9 103
9 110
9 112
9 113
9 115
9 116
9 118
9 119
9 121
9 124
9 126
9 127
9 128
9 129
9 132
9 133
9 135
9 136
9 138
9 139
9 140
9 141
9 142
9 144
9 146
9 147
9 152
9 153
9 156
9 158
9 159
9 162
9 164
9 165
9 166
9 167
9 168
9 169
9 170
9 176
9 177
9 178
9 179
9 181
9 182
9 184
9 185
9 186
9 187
9 189
10 12
10 13
10 14
10 15
10 17
10 18
10 19
10 20
10 21
10 23
10 25
10 30
10 32
10 33
10 35
10 36
10 37
10 38
10 39
10 40
10 41
10 42
10 44
10 45
10 48
10 49
10 50
10 53
10 54
10 57
10 59
10 62
10 64
10 66
10 68
10 71
10 73
10 74
10 79
10 84
10 85
10 86
10 87
10 88
10 89
10 90
10 91
10 92
10 94
10 96
10 98
10 99
10 104
10 106
10 107
10 108
10 109
10 111
10 113
10 114
10 115
10 117
10 121
10 122
10 123
10 125
10 127
10 128
10 129
10 130
10 135
10 136
10 138
10 140
10 143
10 144
10 146
10 150
10 151
10 155
10 157
10 158
10 159
10 161
10 162
10 163
10 166
10 167
10 168
10 169
10 171
10 173
10 175
10 176
10 177
10 179
10 181
10 182
10 183
10 184
10 185
10 186
10 187
11 12
11 13
11 16
11 17
11 21
11 22
11 24
11 25
11 27
11 28
11 31
11 32
11 34
11 37
11 39
11 41
11 42
11 43
11 45
11 46
11 47
11 49
11 50
11 53
11 54
11 55
11 56
11 57
11 60
11 61
11 62
11 63
11 64
11 65
11 66
11 67
11 69
11 70
11 75
11 78
11 79
11 81
11 84
11 86
11 88
11 90
11 91
11 92
11 95
11 99
11 101
11 102
11 103
11 104
11 106
11 110
11 111
11 112
11 113
11 114
11 116
11 119
11 122
11 128
11 129
11 132
11 133
11 136
11 137
11 138
11 139
11 141
11 143
11 144
11 146
11 147
11 149
11 151
11 153
11 154
11 155
11 158
11 160
11 161
11 162
11 163
11 165
11 166
11 167
11 170
11 171
11 173
11 174
11 175
11 177
11 179
11 183
11 184
11 186
11 188
11 189
12 18
12 20
12 21
12 23
12 25
12 27
12 28
12 29
12 33
12 36
12 37
12 38
12 40
12 43
12 45
12 47
12 49
12 50
12 54
12 56
12 57
12 58
12 60
12 61
12 63
12 65
12 66
12 67
12 68
12 69
12 70
12 71
12 73
12 74
12 75
12 77
12 78
12 80
12 81
12 83
12 84
12 85
12 86
12 87
12 88
12 89
12 90
12 92
12 95
12 97
12 98
12 99
12 101
12 102
12 103
12 104
12 107
12 108
12 109
12 110
12 112
12 113
12 114
12 115
12 117
12 119
12 120
12 122
12 123
12 124
12 125
12 127
12 129
12 130
12 134
12 135
12 136
12 139
12 140
12 141
12 143
12 144
12 145
12 147
12 148
12 149
12 152
12 153
12 154
12 157
12 158
12 160
12 161
12 163
12 165
12 166
12 168
12 171
12 172
12 173
12 175
12 176
12 178
12 179
12 184
12 185
12 186
12 187
12 188
12 189
13 14
13 15
13 17
13 18
13 20
13 21
13 22
13 24
13 25
13 27
13 29
13 30
13 31
13 33
13 34
13 35
13 36
13 38
13 39
13 43
13 45
13 46
13 47
13 48
13 49
13 55
13 56
13 57
13 59
13 60
13 61
13 62
13 63
13 64
13 65
13 66
13 68
13 71
13 73
13 74
13 77
13 78
13 80
13 82
13 84
13 87
13 89
13 91
13 94
13 98
13 100
13 102
13 104
13 106
13 108
13 110
13 111
13 115
13 116
13 118
13 121
13 122
13 123
13 124
13 126
13 130
13 131
13 133
13 134
13 136
13 138
13 139
13 140
13 142
13 145
13 146
13 147
13 148
13 150
13 151
13 152
13 154
13 159
13 161
13 163
13 165
13 166
13 167
13 171
13 172
13 173
13 174
13 176
13 177
13 179
13 180
13 182
13 183
13 185
13 187
13 188
13 189
14 15
14 16
14 18
14 20
14 21
14 23
14 24
14 25
14 26
14 28
14 30
14 31
14 35
14 37
14 39
14 41
14 42
14 43
14 47
14 48
14 50
14 51
14 52
14 53
14 54
14 55
14 56
14 57
14 58
14 59
14 60
14 61
14 62
14 63
14 65
14 67
14 69
14 73
14 75
14 77
14 78
14 80
14 81
14 82
14 84
14 85
14 87
14 88
14 89
14 94
14 95
14 96
14 97
14 99
14 101
14 103
14 104
14 105
14 107
14 108
14 109
14 110
14 111
14 112
14 115
14 116
14 119
14 121
14 122
14 126
14 130
14 132
14 133
14 135
14 137
14 139
14 140
14 142
14 143
14 144
14 146
14 147
14 149
14 150
14 153
14 155
14 157
14 158
14 159
14 160
14 162
14 163
14 164
14 165
14 166
14 169
14 171
14 172
14 173
14 176
14 177
14 179
14 180
14 183
14 184
14 188
14 189
15 16
15 17
15 19
15 20
15 22
15 23
15 24
15 26
15 28
15 30
15 31
15 32
15 33
15 34
15 35
15 36
15 37
15 39
15 40
15 42
15 43
15 46
15 48
15 49
15 51
15 54
15 60
15 67
15 69
15 70
15 71
15 73
15 75
15 76
15 77
15 78
15 79
15 81
15 82
15 83
15 84
15 86
15 87
15 90
15 92
15 93
15 94
15 95
15 97
15 98
15 101
15 102
15 105
15 106
15 107
15 110
15 111
15 112
15 116
15 119
15 121
15 124
15 125
15 126
15 128
15 130
15 131
15 132
15 133
15 134
15 135
15 138
15 139
15 141
15 142
15 143
15 144
15 145
15 146
15 147
15 149
15 150
15 151
15 152
15 153
15 154
15 155
15 156
15 157
15 159
15 166
15 167
15 168
15 169
15 170
15 172
15 173
15 174
15 176
15 177
15 179
15 181
15 182
15 183
15 184
15 186
15 189
16 17
16 18
16 19
16 21
16 22
16 23
16 24
16 25
16 27
16 28
16 29
16 30
16 31
16 32
16 33
16 34
16 35
16 36
16 37
16 38
16 39
16 42
16 43
16 44
16 46
16 48
16 53
16 55
16 56
16 58
16 61
16 63
16 64
16 66
16 68
16 69
16 70
16 71
16 73
16 74
16 75
16 77
16 79
16 81
16 83
16 84
16 85
16 88
16 89
16 91
16 92
16 95
16 96
16 100
16 101
16 103
16 104
16 108
16 109
16 113
16 114
16 115
16 118
16 119
16 123
16 124
16 126
16 127
16 130
16 135
16 136
16 137
16 139
16 141
16 146
16 147
16 148
16 152
16 155
16 156
16 157
16 159
16 160
16 164
16 165
16 168
16 169
16 170
16 172
16 173
16 174
16 175
16 177
16 179
16 183
16 184
16 186
16 187
16 188
17 18
17 22
17 26
17 27
17 28
17 29
17 30
17 31
17 35
17 37
17 40
17 41
17 44
17 45
17 47
17 48
17 49
17 50
17 52
17 55
17 56
17 57
17 58
17 59
17 60
17 64
17 66
17 67
17 68
17 69
17 70
17 78
17 81
17 83
17 86
17 89
17 90
17 91
17 92
17 95
17 96
17 97
17 99
17 102
17 104
17 106
17 108
17 110
17 111
17 112
17 113
17 118
17 119
17 120
17 121
17 122
17 125
17 126
17 127
17 128
17 132
17 135
17 136
17 137
17 138
17 139
17 140
17 141
17 142
17 143
17 148
17 152
17 154
17 155
17 157
17 158
17 159
17 161
17 162
17 165
17 166
17 167
17 168
17 169
17 170
17 171
17 173
17 175
17 176
17 177
17 178
17 179
17 184
17 187
17 188
17 189
18 20
18 21
18 22
18 26
18 27
18 28
18 29
18 31
18 32
18 34
18 36
18 37
18 39
18 41
18 44
18 45
18 46
18 50
18 51
18 52
18 53
18 55
18 56
18 57
18 58
18 60
18 62
18 65
18 68
18 69
18 70
18 72
18 75
18 77
18 79
18 80
18 84
18 85
18 87
18 88
18 89
18 91
18 92
18 93
18 97
18 98
18 99
18 100
18 101
18 102
18 105
18 107
18 109
18 111
18 113
18 115
18 116
18 117
18 118
18 119
18 120
18 123
18 124
18 125
18 127
18 129
18 130
18 133
18 134
18 138
18 140
18 142
18 145
18 147
18 148
18 151
18 154
18 155
18 157
18 162
18 164
18 165
18 170
18 171
18 172
18 174
18 176
18 177
18 178
18 179
18 180
18 181
18 182
18 184
18 186
18 187
18 188
19 20
19 23
19 24
19 26
19 28
19 29
19 30
19 31
19 32
19 33
19 35
19 36
19 37
19 39
19 40
19 44
19 45
19 47
19 48
19 49
19 50
19 51
19 52
19 53
19 54
19 57
19 58
19 60
19 61
19 62
19 63
19 64
19 65
19 66
19 68
19 71
19 72
19 73
19 74
19 76
19 77
19 79
19 81
19 82
19 83
19 84
19 85
19 86
19 87
19 88
19 89
19 92
19 93
19 94
19 95
19 100
19 102
19 103
19 105
19 109
19 110
19 115
19 117
19 118
19 119
19 121
19 123
19 126
19 127
19 128
19 129
19 130
19 131
19 132
19 134
19 136
19 137
19 139
19 140
19 141
19 142
19 143
19 144
19 146
19 147
19 148
19 152
19 153
19 154
19 156
19 158
19 159
19 160
19 162
19 163
19 164
19 166
19 167
19 170
19 171
19 172
19 173
19 174
19 176
19 178
19 180
19 181
19 184
19 185
19 186
19 189
20 22
20 25
20 26
20 27
20 30
20 34
20 35
20 36
20 38
20 39
20 40
20 42
20 44
20 45
20 47
20 48
20 51
20 52
20 57
20 58
20 61
20 62
20 68
20 70
20 72
20 73
20 74
20 76
20 77
20 78
20 80
20 81
20 82
20 83
20 89
20 91
20 92
20 93
20 94
20 95
20 96
20 97
20 98
20 104
20 106
20 108
20 109
20 110
20 111
20 113
20 114
20 115
20 117
20 118
20 120
20 121
20 123
20 124
20 131
20 132
20 133
20 135
20 136
20 138
20 139
20 140
20 141
20 142
20 143
20 144
20 146
20 148
20 149
20 151
20 154
20 155
20 157
20 159
20 162
20 164
20 165
20 166
20 168
20 170
20 172
20 174
20 177
20 178
20 179
20 182
20 183
20 184
20 187
20 188
21 22
21 23
21 24
21 25
21 26
21 27
21 29
21 30
21 31
21 32
21 33
21 34
21 35
21 37
21 38
21 41
21 42
21 44
21 45
21 47
21 48
21 50
21 57
21 60
21 61
21 63
21 64
21 66
21 70
21 72
21 73
21 74
21 76
21 77
21 78
21 80
21 81
21 84
21 87
21 88
21 90
21 92
21 93
21 94
21 95
21 97
21 98
21 99
21 102
21 103
21 104
21 106
21 108
21 111
21 112
21 113
21 115
21 117
21 118
21 119
21 120
21 123
21 124
21 126
21 127
21 128
21 129
21 130
21 132
21 133
21 136
21 137
21 138
21 141
21 143
21 145
21 147
21 149
21 150
21 152
21 153
21 154
21 155
21 156
21 159
21 160
21 161
21 163
21 164
21 165
21 168
21 170
21 171
21 173
21 174
21 175
21 176
21 181
21 182
21 183
21 185
21 189
22 23
22 24
22 25
22 26
22 27
22 31
22 32
22 33
22 35
22 36
22 37
22 38
22 39
22 40
22 41
22 42
22 44
22 47
22 50
22 58
22 59
22 60
22 61
22 65
22 66
22 67
22 69
22 71
22 74
22 75
22 76
22 81
22 82
22 83
22 85
22 88
22 89
22 92
22 93
22 94
22 97
22 98
22 100
22 101
22 103
22 104
22 106
22 107
22 108
22 109
22 110
22 111
22 112
22 113
22 114
22 116
22 117
22 119
22 121
22 124
22 128
22 130
22 131
22 133
22 135
22 139
22 140
22 142
22 144
22 146
22 147
22 148
22 151
22 152
22 155
22 156
22 157
22 158
22 161
22 162
22 163
22 165
22 166
22 169
22 171
22 173
22 177
22 179
22 180
22 184
22 185
22 186
22 189
23 24
23 25
23 26
23 29
23 32
23 33
23 34
23 35
23 36
23 37
23 39
23 40
23 41
23 44
23 45
23 46
23 47
23 48
23 49
23 50
23 53
23 55
23 56
23 59
23 61
23 63
23 64
23 66
23 67
23 70
23 80
23 81
23 84
23 87
23 89
23 90
23 91
23 96
23 101
23 102
23 103
23 104
23 107
23 111
23 113
23 115
23 116
23 117
23 118
23 119
23 121
23 122
23 123
23 124
23 125
23 126
23 127
23 131
23 134
23 136
23 139
23 141
23 144
23 145
23 147
23 148
23 149
23 150
23 151
23 152
23 154
23 156
23 157
23 158
23 159
23 160
23 163
23 164
23 165
23 166
23 167
23 170
23 171
23 172
23 173
23 177
23 178
23 180
23 181
23 184
24 25
24 26
24 29
24 31
24 32
24 33
24 36
24 38
24 40
24 41
24 42
24 43
24 45
24 46
24 48
24 50
24 52
24 53
24 55
24 56
24 57
24 58
24 60
24 62
24 65
24 66
24 67
24 68
24 73
24 74
24 75
24 76
24 78
24 80
24 81
24 82
24 83
24 85
24 86
24 89
24 91
24 94
24 95
24 96
24 98
24 101
24 102
24 103
24 104
24 105
24 108
24 110
24 111
24 115
24 118
24 119
24 120
24 121
24 122
24 123
24 125
24 128
24 129
24 130
24 132
24 134
24 135
24 136
24 138
24 139
24 141
24 142
24 144
24 145
24 146
24 149
24 151
24 156
24 157
24 160
24 161
24 162
24 169
24 172
24 175
24 178
24 180
24 181
24 182
24 186
24 188
24 189
25 28
25 29
25 31
25 32
25 33
25 34
25 35
25 36
25 39
25 40
25 42
25 43
25 44
25 45
25 46
25 47
25 48
25 49
25 50
25 51
25 52
25 54
25 56
25 58
25 59
25 60
25 62
25 63
25 64
25 67
25 68
25 70
25 71
25 74
25 77
25 78
25 79
25 80
25 81
25 83
25 84
25 85
25 89
25 91
25 92
25 93
25 97
25 100
25 101
25 102
25 103
25 105
25 106
25 107
25 109
25 112
25 113
25 116
25 120
25 121
25 123
25 124
25 126
25 129
25 130
25 132
25 133
25 134
25 135
25 137
25 140
25 141
25 143
25 145
25 147
25 150
25 151
25 153
25 154
25 156
25 158
25 159
25 160
25 162
25 164
25 165
25 166
25 168
25 170
25 174
25 175
25 176
25 177
25 179
25 182
25 183
25 186
25 187
25 189
26 27
26 28
26 29
26 30
26 33
26 36
26 37
26 38
26 39
26 40
26 41
26 46
26 47
26 48
26 50
26 51
26 52
26 53
26 56
26 57
26 59
26 60
26 61
26 62
26 64
26 68
26 71
26 72
26 74
26 75
26 76
26 77
26 78
26 81
26 82
26 83
26 84
26 85
26 86
26 87
26 88
26 92
26 95
26 96
26 98
26 99
26 100
26 101
26 104
26 105
26 107
26 108
26 110
26 112
26 114
26 115
26 116
26 121
26 122
26 123
26 126
26 129
26 130
26 131
26 133
26 134
26 135
26 137
26 138
26 139
26 140
26 141
26 143
26 145
26 146
26 147
26 148
26 149
26 150
26 151
26 153
26 155
26 156
26 158
26 159
26 160
26 162
26 163
26 164
26 165
26 168
26 171
26 172
26 176
26 178
26 180
26 182
26 183
26 184
26 185
26 186
26 187
26 189
27 28
27 29
27 32
27 33
27 34
27 36
27 39
27 41
27 42
27 43
27 46
27 47
27 48
27 50
27 53
27 55
27 57
27 59
27 60
27 62
27 63
27 65
27 66
27 67
27 70
27 71
27 73
27 75
27 78
27 82
27 83
27 84
27 85
27 88
27 89
27 92
27 93
27 94
27 96
27 98
27 99
27 100
27 103
27 104
27 108
27 109
27 110
27 111
27 112
27 115
27 117
27 118
27 119
27 121
27 124
27 125
27 128
27 130
27 131
27 132
27 133
27 134
27 135
27 138
27 140
27 141
27 143
27 144
27 145
27 146
27 147
27 148
27 149
27 150
27 151
27 156
27 159
27 161
27 162
27 163
27 164
27 165
27 166
27 167
27 170
27 173
27 174
27 175
27 177
27 178
27 179
27 181
27 183
27 184
27 188
28 29
28 34
28 35
28 36
28 40
28 43
28 44
28 45
28 46
28 47
28 48
28 49
28 50
28 51
28 52
28 53
28 57
28 58
28 62
28 64
28 68
28 69
28 70
28 73
28 74
28 75
28 76
28 77
28 78
28 83
28 85
28 86
28 88
28 89
28 91
28 92
28 96
28 98
28 99
28 100
28 102
28 103
28 105
28 106
28 110
28 111
28 112
28 113
28 114
28 115
28 116
28 119
28 121
28 123
28 127
28 130
28 132
28 133
28 134
28 135
28 139
28 140
28 141
28 144
28 145
28 146
28 147
28 149
28 150
28 151
28 154
28 155
28 159
28 161
28 162
28 164
28 167
28 168
28 170
28 171
28 172
28 174
28 175
28 176
28 177
28 179
28 180
28 181
28 184
28 187
28 188
28 189
29 33
29 35
29 36
29 37
29 39
29 41
29 42
29 44
29 45
29 47
29 49
29 50
29 51
29 52
29 53
29 54
29 55
29 57
29 58
29 61
29 62
29 63
29 65
29 66
29 67
29 69
29 70
29 71
29 72
29 73
29 74
29 75
29 79
29 80
29 81
29 83
29 84
29 86
29 87
29 88
29 89
29 92
29 93
29 94
29 95
29 97
29 98
29 99
29 102
29 103
29 110
29 112
29 113
29 114
29 115
29 116
29 117
29 118
29 119
29 120
29 124
29 126
29 127
29 128
29 129
29 130
29 131
29 132
29 133
29 134
29 135
29 137
29 138
29 139
29 140
29 142
29 143
29 144
29 147
29 150
29 154
29 155
29 158
29 160
29 164
29 165
29 166
29 167
29 169
29 170
29 171
29 173
29 174
29 175
29 176
29 177
29 178
29 180
29 181
29 182
29 184
29 185
29 186
29 187
29 188
29 189
30 31
30 33
30 35
30 36
30 37
30 38
30 39
30 40
30 41
30 42
30 44
30 45
30 46
30 48
30 49
30 52
30 53
30 54
30 55
30 57
30 59
30 61
30 62
30 63
30 64
30 66
30 67
30 68
30 70
30 72
30 76
30 81
30 84
30 85
30 86
30 91
30 94
30 95
30 96
30 97
30 99
30 101
30 102
30 103
30 105
30 106
30 108
30 109
30 110
30 111
30 113
30 114
30 116
30 117
30 118
30 119
30 120
30 121
30 123
30 125
30 126
30 129
30 131
30 132
30 135
30 137
30 139
30 141
30 145
30 147
30 148
30 150
30 153
30 154
30 157
30 159
30 160
30 163
30 165
30 166
30 169
30 171
30 172
30 173
30 175
30 176
30 177
30 179
30 181
30 182
30 183
30 184
30 185
30 187
30 189
31 33
31 34
31 35
31 36
31 37
31 38
31 41
31 43
31 46
31 48
31 50
31 52
31 54
31 57
31 58
31 59
31 61
31 62
31 63
31 64
31 65
31 68
31 69
31 70
31 71
31 72
31 73
31 74
31 75
31 76
31 78
31 79
31 80
31 82
31 84
31 85
31 87
31 89
31 91
31 92
31 97
31 98
31 99
31 101
31 104
31 105
31 106
31 107
31 108
31 109
31 110
31 114
31 116
31 119
31 120
31 121
31 122
31 124
31 125
31 128
31 129
31 131
31 134
31 135
31 136
31 137
31 138
31 139
31 142
31 145
31 148
31 151
31 153
31 157
31 159
31 161
31 162
31 164
31 165
31 168
31 169
31 170
31 171
31 173
31 174
31 176
31 178
31 179
31 182
31 184
31 185
31 186
31 188
31 189
32 34
32 39
32 40
32 41
32 42
32 44
32 45
32 46
32 50
32 51
32 53
32 54
32 55
32 56
32 57
32 60
32 61
32 62
32 63
32 64
32 65
32 66
32 69
32 70
32 72
32 74
32 75
32 76
32 77
32 78
32 79
32 83
32 84
32 85
32 86
32 87
32 88
32 89
32 91
32 92
32 93
32 94
32 95
32 97
32 99
32 100
32 102
32 105
32 106
32 107
32 109
32 110
32 113
32 115
32 116
32 117
32 118
32 119
32 120
32 121
32 122
32 123
32 125
32 126
32 127
32 128
32 130
32 132
32 134
32 135
32 136
32 137
32 138
32 140
32 141
32 142
32 144
32 145
32 147
32 149
32 150
32 151
32 153
32 156
32 157
32 158
32 160
32 162
32 163
32 165
32 166
32 167
32 170
32 171
32 172
32 174
32 177
32 180
32 183
32 184
32 185
32 186
32 187
32 189
33 34
33 37
33 38
33 39
33 42
33 43
33 44
33 47
33 48
33 50
33 52
33 54
33 58
33 60
33 62
33 63
33 64
33 65
33 66
33 68
33 69
33 72
33 73
33 74
33 75
33 77
33 79
33 80
33 83
33 87
33 88
33 89
33 90
33 91
33 92
33 93
33 99
33 100
33 102
33 103
33 104
33 105
33 106
33 107
33 109
33 110
33 111
33 113
33 114
33 116
33 118
33 119
33 120
33 121
33 122
33 123
33 128
33 129
33 130
33 131
33 132
33 133
33 134
33 135
33 136
33 138
33 139
33 141
33 142
33 143
33 145
33 146
33 147
33 148
33 149
33 150
33 151
33 152
33 153
33 155
33 158
33 159
33 160
33 161
33 164
33 165
33 167
33 168
33 170
33 171
33 172
33 175
33 177
33 178
33 183
33 184
33 185
33 187
33 188
34 36
34 37
34 39
34 40
34 41
34 42
34 45
34 46
34 49
34 51
34 52
34 57
34 59
34 62
34 63
34 64
34 67
34 68
34 69
34 71
34 72
34 73
34 76
34 77
34 78
34 79
34 80
34 81
34 84
34 85
34 87
34 89
34 95
34 99
34 100
34 102
34 103
34 104
34 105
34 106
34 107
34 108
34 111
34 112
34 114
34 116
34 118
34 119
34 122
34 123
34 124
34 127
34 128
34 129
34 131
34 134
34 135
34 138
34 140
34 141
34 142
34 143
34 144
34 145
34 149
34 150
34 152
34 153
34 154
34 155
34 156
34 157
34 161
34 163
34 164
34 165
34 166
34 169
34 170
34 171
34 172
34 173
34 174
34 175
34 176
34 177
34 178
34 179
34 180
34 183
34 184
34 185
34 188
34 189
35 36
35 39
35 40
35 41
35 42
35 43
35 44
35 45
35 48
35 50
35 51
35 52
35 53
35 54
35 55
35 56
35 58
35 60
35 62
35 63
35 64
35 65
35 67
35 68
35 69
35 71
35 72
35 74
35 75
35 76
35 77
35 81
35 82
35 83
35 84
35 87
35 88
35 89
35 90
35 92
35 93
35 94
35 96
35 97
35 98
35 99
35 100
35 103
35 105
35 107
35 109
35 110
35 111
35 112
35 113
35 114
35 117
35 118
35 121
35 122
35 123
35 125
35 126
35 129
35 131
35 133
35 134
35 135
35 136
35 137
35 140
35 142
35 143
35 144
35 145
35 148
35 149
35 151
35 155
35 156
35 160
35 161
35 162
35 163
35 164
35 167
35 169
35 171
35 173
35 174
35 175
35 179
35 180
35 182
35 183
35 184
35 185
35 187
35 188
35 189
36 37
36 38
36 39
36 42
36 43
36 47
36 49
36 50
36 51
36 53
36 54
36 55
36 56
36 57
36 59
36 60
36 62
36 66
36 67
36 69
36 70
36 72
36 73
36 76
36 78
36 81
36 82
36 85
36 86
36 87
36 88
36 89
36 90
36 91
36 93
36 94
36 96
36 97
36 99
36 100
36 102
36 104
36 106
36 107
36 109
36 111
36 112
36 113
36 114
36 115
36 116
36 117
36 119
36 120
36 121
36 125
36 126
36 127
36 129
36 130
36 131
36 133
36 135
36 136
36 138
36 139
36 140
36 141
36 142
36 145
36 147
36 148
36 149
36 151
36 154
36 155
36 156
36 160
36 161
36 164
36 165
36 168
36 169
36 173
36 176
36 181
36 183
36 184
36 185
36 186
36 187
36 188
36 189
37 38
37 39
37 41
37 42
37 43
37 47
37 49
37 52
37 56
37 57
37 58
37 59
37 63
37 64
37 65
37 66
37 67
37 68
37 73
37 76
37 82
37 86
37 89
37 90
37 91
37 93
37 95
37 96
37 97
37 98
37 99
37 101
37 102
37 104
37 105
37 107
37 108
37 109
37 112
37 113
37 117
37 119
37 120
37 122
37 125
37 126
37 128
37 129
37 130
37 131
37 132
37 133
37 134
37 136
37 137
37 138
37 139
37 140
37 141
37 142
37 143
37 144
37 146
37 147
37 148
37 150
37 151
37 154
37 157
37 159
37 160
37 162
37 167
37 168
37 170
37 172
37 173
37 175
37 178
37 179
37 181
37 182
37 183
37 186
37 188
38 39
38 40
38 41
38 43
38 45
38 46
38 49
38 50
38 51
38 53
38 54
38 55
38 56
38 62
38 63
38 64
38 65
38 66
38 69
38 71
38 72
38 73
38 76
38 77
38 80
38 81
38 82
38 83
38 84
38 85
38 86
38 87
38 88
38 89
38 90
38 91
38 92
38 93
38 94
38 95
38 97
38 98
38 102
38 104
38 105
38 107
38 108
38 109
38 110
38 113
38 114
38 117
38 118
38 121
38 123
38 124
38 126
38 127
38 128
38 129
38 130
38 131
38 133
38 135
38 136
38 137
38 138
38 141
38 142
38 143
38 144
38 149
38 150
38 152
38 153
38 154
38 156
38 157
38 158
38 159
38 162
38 163
38 164
38 165
38 168
38 169
38 170
38 172
38 173
38 175
38 177
38 179
38 180
38 181
38 182
38 184
38 186
38 188
38 189
39 41
39 43
39 46
39 47
39 48
39 50
39 51
39 52
39 55
39 56
39 57
39 58
39 61
39 62
39 63
39 64
39 67
39 70
39 71
39 72
39 73
39 74
39 78
39 79
39 81
39 82
39 84
39 88
39 89
39 91
39 92
39 93
39 94
39 95
39 97
39 98
39 99
39 100
39 106
39 109
39 113
39 115
39 118
39 123
39 124
39 127
39 128
39 129
39 130
39 132
39 135
39 136
39 137
39 138
39 139
39 140
39 142
39 145
39 146
39 149
39 150
39 151
39 153
39 155
39 156
39 158
39 160
39 163
39 165
39 166
39 167
39 168
39 169
39 172
39 174
39 175
39 176
39 177
39 178
39 179
39 182
39 184
39 186
39 187
39 188
40 41
40 42
40 43
40 44
40 45
40 48
40 49
40 50
40 51
40 52
40 55
40 57
40 58
40 59
40 61
40 62
40 63
40 64
40 65
40 69
40 70
40 71
40 72
40 73
40 75
40 76
40 79
40 81
40 82
40 84
40 85
40 88
40 89
40 94
40 96
40 97
40 98
40 99
40 102
40 105
40 112
40 113
40 114
40 115
40 116
40 118
40 120
40 121
40 122
40 123
40 129
40 131
40 132
40 133
40 136
40 137
40 138
40 139
40 141
40 143
40 144
40 145
40 148
40 151
40 153
40 154
40 156
40 158
40 161
40 162
40 163
40 165
40 166
40 167
40 171
40 172
40 173
40 174
40 175
40 176
40 177
40 178
40 179
40 180
40 181
40 182
40 184
40 187
40 188
40 189
41 43
41 44
41 47
41 48
41 50
41 53
41 55
41 57
41 59
41 60
41 61
41 62
41 64
41 65
41 66
41 67
41 68
41 70
41 73
41 74
41 79
41 81
41 84
41 85
41 86
41 87
41 88
41 92
41 93
41 94
41 95
41 99
41 102
41 103
41 104
41 105
41 106
41 107
41 109
41 113
41 114
41 115
41 116
41 118
41 119
41 120
41 122
41 124
41 125
41 126
41 128
41 129
41 131
41 132
41 133
41 137
41 138
41 139
41 140
41 141
41 142
41 144
41 145
41 148
41 149
41 151
41 152
41 154
41 155
41 156
41 157
41 158
41 160
41 161
41 162
41 164
41 166
41 167
41 168
41 173
41 174
41 178
41 179
41 182
41 184
41 188
41 189
42 46
42 48
42 49
42 50
42 51
42 53
42 56
42 57
42 60
42 61
42 63
42 65
42 67
42 69
42 70
42 72
42 74
42 75
42 76
42 78
42 79
42 80
42 82
42 84
42 86
42 87
42 88
42 89
42 90
42 91
42 92
42 94
42 99
42 100
42 101
42 102
42 103
42 104
42 105
42 106
42 107
42 108
42 109
42 110
42 116
42 117
42 118
42 119
42 120
42 123
42 125
42 126
42 127
42 130
42 131
42 133
42 134
42 135
42 136
42 137
42 139
42 140
42 143
42 144
42 146
42 149
42 150
42 152
42 153
42 154
42 157
42 159
42 160
42 161
42 162
42 163
42 166
42 167
42 168
42 169
42 171
42 173
42 176
42 177
42 179
42 183
42 184
42 185
42 186
42 187
42 188
42 189
43 44
43 45
43 47
43 48
43 52
43 53
43 54
43 59
43 61
43 62
43 64
43 65
43 66
43 67
43 68
43 69
43 70
43 71
43 72
43 74
43 77
43 78
43 79
43 80
43 84
43 86
43 87
43 89
43 90
43 93
43 94
43 96
43 97
43 98
43 100
43 102
43 104
43 105
43 106
43 107
43 108
43 109
43 114
43 116
43 117
43 119
43 120
43 121
43 123
43 125
43 128
43 130
43 132
43 133
43 134
43 135
43 138
43 140
43 141
43 144
43 145
43 151
43 153
43 154
43 156
43 157
43 159
43 161
43 165
43 168
43 169
43 171
43 174
43 176
43 177
43 178
43 181
43 182
43 183
43 184
43 186
43 187
43 188
43 189
44 45
44 46
44 47
44 48
44 49
44 52
44 54
44 55
44 56
44 57
44 59
44 60
44 62
44 63
44 65
44 67
44 69
44 70
44 71
44 72
44 74
44 76
44 79
44 80
44 81
44 83
44 84
44 85
44 88
44 89
44 90
44 93
44 94
44 95
44 96
44 97
44 98
44 101
44 102
44 106
44 108
44 109
44 111
44 112
44 114
44 115
44 116
44 117
44 118
44 123
44 125
44 127
44 128
44 130
44 131
44 132
44 134
44 136
44 137
44 139
44 142
44 143
44 144
44 146
44 147
44 148
44 149
44 150
44 151
44 153
44 154
44 155
44 159
44 160
44 163
44 164
44 166
44 168
44 169
44 173
44 174
44 175
44 176
44 178
44 180
44 181
44 186
44 187
44 189
45 46
45 48
45 49
45 53
45 55
45 56
45 57
45 58
45 60
45 61
45 62
45 64
45 65
45 66
45 69
45 70
45 72
45 73
45 74
45 75
45 76
45 77
45 78
45 80
45 82
45 85
45 86
45 87
45 89
45 90
45 91
45 92
45 93
45 94
45 95
45 96
45 98
45 100
45 101
45 103
45 107
45 109
45 111
45 113
45 114
45 116
45 117
45 119
45 123
45 124
45 125
45 126
45 128
45 130
45 131
45 133
45 135
45 136
45 137
45 139
45 141
45 142
45 143
45 144
45 145
45 146
45 149
45 153
45 154
45 157
45 158
45 159
45 160
45 161
45 163
45 164
45 165
45 168
45 169
45 171
45 172
45 173
45 174
45 176
45 180
45 181
45 183
45 184
45 185
45 186
45 188
46 47
46 49
46 51
46 52
46 55
46 56
46 57
46 58
46 59
46 60
46 61
46 62
46 63
46 64
46 65
46 66
46 67
46 68
46 69
46 70
46 72
46 73
46 76
46 77
46 78
46 79
46 80
46 81
46 82
46 87
46 89
46 90
46 91
46 92
46 93
46 94
46 98
46 99
46 100
46 101
46 103
46 104
46 105
46 109
46 110
46 112
46 113
46 116
46 117
46 123
46 124
46 126
46 127
46 129
46 130
46 131
46 133
46 135
46 138
46 139
46 142
46 145
46 146
46 148
46 149
46 151
46 152
46 153
46 155
46 156
46 157
46 158
46 160
46 162
46 163
46 164
46 165
46 168
46 169
46 172
46 175
46 176
46 178
46 180
46 181
46 183
46 184
46 185
46 186
46 187
46 189
47 49
47 50
47 51
47 52
47 54
47 55
47 57
47 59
47 60
47 61
47 62
47 63
47 64
47 71
47 72
47 80
47 83
47 85
47 86
47 88
47 90
47 94
47 95
47 97
47 98
47 103
47 104
47 105
47 106
47 107
47 111
47 112
47 114
47 115
47 116
47 117
47 118
47 119
47 120
47 124
47 126
47 127
47 130
47 132
47 133
47 135
47 136
47 137
47 138
47 140
47 145
47 147
47 149
47 151
47 153
47 159
47 161
47 162
47 164
47 165
47 166
47 168
47 169
47 170
47 173
47 174
47 176
47 181
47 182
47 183
47 184
47 185
47 188
47 189
48 50
48 51
48 53
48 54
48 56
48 57
48 58
48 59
48 66
48 67
48 68
48 69
48 72
48 74
48 78
48 79
48 81
48 82
48 85
48 88
48 90
48 91
48 93
48 94
48 95
48 98
48 101
48 104
48 106
48 107
48 108
48 109
48 110
48 113
48 115
48 118
48 119
48 120
48 121
48 122
48 125
48 127
48 128
48 131
48 133
48 134
48 135
48 136
48 137
48 138
48 139
48 140
48 141
48 143
48 144
48 145
48 146
48 147
48 148
48 149
48 150
48 153
48 154
48 155
48 156
48 157
48 159
48 160
48 161
48 162
48 164
48 166
48 168
48 170
48 171
48 173
48 174
48 176
48 177
48 179
48 180
48 181
48 182
48 183
48 185
48 186
49 51
49 52
49 53
49 54
49 58
49 60
49 62
49 66
49 68
49 70
49 71
49 72
49 74
49 75
49 79
49 84
49 85
49 86
49 87
49 88
49 89
49 91
49 93
49 94
49 95
49 96
49 97
49 98
49 99
49 100
49 101
49 103
49 104
49 105
49 106
49 110
49 111
49 113
49 115
49 116
49 119
49 120
49 123
49 124
49 128
49 132
49 133
49 138
49 139
49 140
49 141
49 143
49 144
49 146
49 148
49 150
49 151
49 152
49 153
49 154
49 155
49 156
49 157
49 159
49 160
49 161
49 162
49 163
49 164
49 165
49 166
49 169
49 172
49 173
49 176
49 177
49 179
49 180
49 182
49 184
49 186
49 189
50 52
50 54
50 55
50 57
50 62
50 66
50 68
50 69
50 70
50 71
50 75
50 76
50 77
50 80
50 82
50 83
50 84
50 88
50 92
50 94
50 95
50 96
50 100
50 101
50 103
50 105
50 106
50 108
50 109
50 110
50 111
50 113
50 115
50 118
50 119
50 120
50 121
50 122
50 123
50 126
50 128
50 129
50 130
50 132
50 134
50 137
50 138
50 139
50 140
50 141
50 142
50 143
50 144
50 145
50 148
50 149
50 153
50 157
50 160
50 161
50 162
50 163
50 164
50 165
50 167
50 169
50 170
50 171
50 175
50 176
50 177
50 179
50 180
50 181
50 182
50 184
50 185
50 186
50 188
50 189
51 53
51 55
51 56
51 57
51 60
51 61
51 62
51 64
51 67
51 68
51 69
51 71
51 72
51 75
51 81
51 83
51 84
51 85
51 86
51 87
51 88
51 89
51 91
51 92
51 93
51 94
51 96
51 98
51 99
51 101
51 102
51 103
51 105
51 106
51 107
51 108
51 109
51 111
51 112
51 114
51 115
51 120
51 126
51 127
51 128
51 129
51 130
51 131
51 132
51 133
51 134
51 135
51 137
51 139
51 140
51 141
51 143
51 146
51 147
51 148
51 149
51 151
51 153
51 154
51 155
51 158
51 159
51 162
51 167
51 171
51 172
51 173
51 174
51 175
51 176
51 177
51 180
51 182
51 184
51 186
51 187
51 189
52 54
52 56
52 60
52 63
52 64
52 65
52 66
52 67
52 68
52 69
52 70
52 71
52 72
52 74
52 75
52 77
52 78
52 79
52 81
52 83
52 84
52 85
52 86
52 89
52 90
52 92
52 93
52 94
52 95
52 96
52 99
52 101
52 104
52 105
52 107
52 109
52 110
52 111
52 114
52 115
52 116
52 120
52 121
52 122
52 127
52 129
52 130
52 133
52 136
52 138
52 139
52 140
52 142
52 143
52 144
52 145
52 146
52 147
52 149
52 150
52 151
52 153
52 155
52 157
52 158
52 161
52 164
52 166
52 167
52 170
52 171
52 172
52 173
52 174
52 175
52 176
52 177
52 178
52 180
52 181
52 182
52 183
52 186
52 188
52 189
53 54
53 55
53 56
53 62
53 63
53 65
53 66
53 67
53 70
53 71
53 73
53 74
53 76
53 77
53 79
53 82
53 83
53 84
53 85
53 87
53 88
53 90
53 93
53 94
53 95
53 97
53 98
53 100
53 101
53 102
53 103
53 105
53 111
53 112
53 114
53 115
53 116
53 118
53 119
53 120
53 121
53 122
53 124
53 125
53 126
53 129
53 130
53 132
53 134
53 135
53 136
53 139
53 143
53 144
53 147
53 148
53 151
53 153
53 155
53 156
53 159
53 162
53 163
53 164
53 166
53 167
53 170
53 171
53 172
53 174
53 175
53 178
53 179
53 180
53 185
53 187
53 189
54 55
54 56
54 57
54 59
54 61
54 64
54 66
54 67
54 68
54 70
54 71
54 73
54 75
54 76
54 78
54 79
54 80
54 81
54 84
54 88
54 89
54 90
54 92
54 93
54 100
54 101
54 102
54 104
54 105
54 106
54 107
54 109
54 113
54 116
54 117
54 119
54 120
54 121
54 122
54 125
54 127
54 128
54 129
54 130
54 132
54 137
54 138
54 139
54 140
54 141
54 145
54 146
54 147
54 149
54 152
54 155
54 156
54 158
54 160
54 161
54 162
54 163
54 165
54 167
54 168
54 169
54 170
54 173
54 174
54 175
54 178
54 180
54 181
54 182
54 183
54 184
54 185
54 187
54 188
55 57
55 58
55 59
55 60
55 61
55 62
55 63
55 64
55 65
55 67
55 69
55 70
55 73
55 74
55 75
55 77
55 78
55 79
55 80
55 82
55 83
55 86
55 87
55 89
55 90
55 91
55 92
55 93
55 94
55 95
55 99
55 100
55 102
55 103
55 104
55 105
55 106
55 107
55 109
55 111
55 114
55 115
55 119
55 122
55 123
55 124
55 127
55 129
55 130
55 131
55 133
55 135
55 136
55 137
55 139
55 140
55 141
55 144
55 145
55 146
55 147
55 148
55 149
55 150
55 151
55 152
55 153
55 154
55 155
55 156
55 157
55 159
55 160
55 161
55 162
55 164
55 166
55 167
55 168
55 169
55 172
55 176
55 177
55 180
55 181
55 182
55 184
55 185
55 187
55 188
56 57
56 59
56 61
56 62
56 67
56 68
56 69
56 71
56 75
56 76
56 77
56 78
56 79
56 80
56 81
56 83
56 84
56 85
56 86
56 88
56 89
56 93
56 96
56 99
56 101
56 102
56 105
56 107
56 108
56 110
56 112
56 113
56 117
56 119
56 120
56 121
56 122
56 123
56 125
56 126
56 128
56 131
56 132
56 133
56 134
56 135
56 141
56 142
56 147
56 148
56 149
56 151
56 156
56 158
56 160
56 161
56 162
56 163
56 165
56 169
56 171
56 172
56 174
56 178
56 181
56 182
56 184
56 187
56 188
57 58
57 61
57 62
57 66
57 73
57 74
57 77
57 81
57 82
57 84
57 85
57 86
57 89
57 92
57 93
57 94
57 97
57 98
57 100
57 102
57 103
57 104
57 107
57 109
57 110
57 111
57 117
57 119
57 121
57 122
57 125
57 126
57 128
57 129
57 130
57 135
57 136
57 137
57 141
57 143
57 144
57 145
57 146
57 147
57 149
57 151
57 152
57 155
57 156
57 160
57 161
57 163
57 164
57 166
57 167
57 172
57 173
57 176
57 179
57 181
57 182
57 185
57 186
57 188
57 189
58 59
58 60
58 64
58 66
58 67
58 71
58 72
58 74
58 75
58 76
58 77
58 80
58 81
58 82
58 85
58 88
58 89
58 90
58 91
58 95
58 96
58 98
58 99
58 100
58 104
58 105
58 106
58 107
58 108
58 109
58 110
58 112
58 113
58 115
58 117
58 120
58 121
58 122
58 124
58 125
58 127
58 128
58 129
58 130
58 131
58 132
58 133
58 134
58 135
58 136
58 137
58 138
58 141
58 144
58 145
58 148
58 150
58 151
58 152
58 153
58 154
58 155
58 156
58 157
58 159
58 161
58 162
58 163
58 165
58 170
58 173
58 174
58 178
58 179
58 181
58 183
58 184
58 187
59 60
59 62
59 63
59 64
59 65
59 68
59 70
59 72
59 73
59 74
59 75
59 76
59 77
59 79
59 80
59 81
59 82
59 83
59 84
59 85
59 86
59 87
59 88
59 90
59 91
59 94
59 97
59 98
59 99
59 100
59 102
59 103
59 104
59 105
59 107
59 108
59 109
59 110
59 111
59 112
59 115
59 117
59 118
59 119
59 121
59 122
59 124
59 125
59 126
59 130
59 131
59 135
59 137
59 141
59 143
59 144
59 145
59 146
59 148
59 149
59 150
59 151
59 152
59 153
59 157
59 158
59 159
59 160
59 162
59 164
59 167
59 169
59 171
59 172
59 174
59 177
59 178
59 179
59 180
59 181
59 185
59 186
59 188
60 61
60 62
60 63
60 65
60 66
60 67
60 68
60 74
60 75
60 76
60 79
60 82
60 83
60 84
60 87
60 88
60 89
60 92
60 93
60 94
60 98
60 99
60 100
60 101
60 104
60 106
60 107
60 108
60 109
60 113
60 117
60 119
60 122
60 125
60 127
60 129
60 130
60 132
60 135
60 136
60 138
60 140
60 142
60 143
60 144
60 148
60 149
60 152
60 156
60 157
60 159
60 161
60 165
60 166
60 167
60 168
60 171
60 173
60 174
60 175
60 177
60 179
60 181
60 182
60 183
60 184
60 185
60 186
60 188
61 62
61 63
61 64
61 68
61 69
61 70
61 75
61 76
61 78
61 79
61 80
61 84
61 85
61 88
61 89
61 90
61 92
61 93
61 94
61 96
61 101
61 102
61 105
61 106
61 108
61 110
61 113
61 114
61 117
61 118
61 120
61 122
61 123
61 128
61 132
61 133
61 134
61 135
61 136
61 137
61 138
61 139
61 143
61 144
61 147
61 149
61 150
61 152
61 153
61 155
61 157
61 158
61 159
61 160
61 161
61 164
61 165
61 168
61 172
61 176
61 178
61 181
61 184
61 185
61 188
61 189
62 64
62 65
62 66
62 67
62 69
62 70
62 73
62 74
62 75
62 76
62 77
62 80
62 83
62 84
62 85
62 86
62 88
62 89
62 91
62 93
62 96
62 99
62 101
62 104
62 105
62 110
62 112
62 113
62 114
62 115
62 116
62 119
62 121
62 122
62 123
62 124
62 125
62 126
62 129
62 130
62 132
62 134
62 137
62 138
62 139
62 140
62 141
62 144
62 145
62 146
62 147
62 149
62 150
62 151
62 152
62 156
62 158
62 160
62 161
62 162
62 163
62 165
62 166
62 168
62 169
62 170
62 172
62 173
62 175
62 176
62 178
62 180
62 182
62 185
62 186
63 64
63 65
63 66
63 67
63 69
63 70
63 72
63 74
63 75
63 77
63 80
63 81
63 84
63 85
63 87
63 89
63 90
63 91
63 93
63 94
63 95
63 97
63 98
63 101
63 104
63 107
63 108
63 109
63 110
63 111
63 112
63 114
63 116
63 117
63 118
63 120
63 121
63 123
63 125
63 126
63 131
63 133
63 134
63 135
63 137
63 138
63 140
63 142
63 144
63 145
63 146
63 149
63 150
63 152
63 155
63 156
63 158
63 159
63 160
63 161
63 162
63 165
63 167
63 168
63 169
63 170
63 173
63 175
63 176
63 177
63 180
63 182
63 185
63 186
63 188
64 67
64 68
64 69
64 70
64 72
64 73
64 74
64 75
64 77
64 79
64 80
64 82
64 83
64 86
64 87
64 88
64 90
64 91
64 93
64 94
64 95
64 96
64 97
64 98
64 99
64 100
64 101
64 102
64 104
64 107
64 110
64 114
64 115
64 116
64 117
64 119
64 120
64 121
64 122
64 123
64 125
64 126
64 127
64 128
64 130
64 133
64 134
64 135
64 137
64 141
64 142
64 145
64 146
64 147
64 148
64 149
64 151
64 153
64 154
64 155
64 156
64 157
64 158
64 159
64 161
64 162
64 163
64 164
64 165
64 167
64 168
64 170
64 173
64 174
64 175
64 176
64 177
64 180
64 181
64 182
64 183
64 184
64 185
64 187
64 189
65 66
65 69
65 72
65 73
65 74
65 75
65 76
65 77
65 79
65 82
65 85
65 86
65 87
65 88
65 90
65 92
65 95
65 96
65 97
65 98
65 100
65 101
65 102
65 103
65 104
65 105
65 106
65 107
65 109
65 110
65 111
65 112
65 113
65 114
65 116
65 118
65 119
65 120
65 121
65 122
65 123
65 126
65 128
65 129
65 131
65 134
65 136
65 137
65 138
65 139
65 140
65 141
65 142
65 143
65 149
65 150
65 152
65 153
65 154
65 156
65 157
65 161
65 162
65 163
65 164
65 165
65 167
65 170
65 171
65 175
65 176
65 177
65 178
65 179
65 180
65 181
65 182
65 183
65 184
65 186
65 189
66 67
66 68
66 72
66 73
66 75
66 76
66 78
66 80
66 83
66 85
66 87
66 88
66 89
66 92
66 94
66 97
66 98
66 99
66 101
66 103
66 104
66 106
66 108
66 109
66 110
66 113
66 114
66 115
66 116
66 117
66 119
66 120
66 121
66 122
66 123
66 125
66 126
66 127
66 128
66 129
66 130
66 131
66 132
66 133
66 135
66 136
66 137
66 138
66 139
66 142
66 144
66 145
66 146
66 147
66 148
66 149
66 150
66 153
66 155
66 156
66 157
66 158
66 159
66 162
66 163
66 164
66 165
66 166
66 171
66 172
66 174
66 178
66 179
66 180
66 182
66 183
66 184
66 185
66 188
66 189
67 68
67 69
67 70
67 71
67 72
67 73
67 74
67 75
67 76
67 77
67 78
67 79
67 80
67 81
67 82
67 83
67 84
67 85
67 86
67 87
67 88
67 89
67 90
67 91
67 93
67 94
67 95
67 96
67 98
67 103
67 105
67 106
67 107
67 108
67 109
67 110
67 113
67 114
67 115
67 117
67 120
67 122
67 126
67 127
67 130
67 131
67 132
67 133
67 134
67 135
67 136
67 137
67 138
67 141
67 142
67 143
67 145
67 146
67 148
67 150
67 151
67 152
67 153
67 155
67 157
67 160
67 161
67 163
67 167
67 168
67 169
67 171
67 172
67 173
67 174
67 175
67 176
67 180
67 181
67 182
67 183
67 184
67 188
68 69
68 70
68 73
68 74
68 75
68 76
68 79
68 81
68 82
68 83
68 85
68 86
68 89
68 92
68 93
68 94
68 96
68 98
68 99
68 100
68 101
68 102
68 104
68 105
68 106
68 107
68 108
68 109
68 110
68 111
68 112
68 113
68 114
68 116
68 117
68 119
68 120
68 121
68 122
68 123
68 124
68 125
68 127
68 128
68 130
68 132
68 139
68 140
68 143
68 144
68 145
68 150
68 154
68 155
68 156
68 157
68 158
68 159
68 160
68 162
68 164
68 165
68 168
68 169
68 173
68 174
68 177
68 178
68 181
68 183
68 184
68 187
68 188
68 189
69 70
69 71
69 72
69 73
69 78
69 79
69 80
69 81
69 82
69 85
69 87
69 88
69 89
69 91
69 92
69 95
69 98
69 99
69 100
69 101
69 102
69 104
69 105
69 106
69 107
69 108
69 109
69 110
69 111
69 112
69 113
69 115
69 116
69 117
69 118
69 120
69 123
69 124
69 125
69 126
69 130
69 131
69 132
69 133
69 134
69 137
69 139
69 140
69 142
69 144
69 145
69 146
69 147
69 149
69 151
69 156
69 158
69 159
69 161
69 163
69 164
69 168
69 169
69 174
69 175
69 176
69 177
69 178
69 180
69 181
69 183
69 184
69 185
69 188
69 189
70 73
70 74
70 75
70 76
70 78
70 82
70 84
70 85
70 89
70 91
70 94
70 95
70 96
70 98
70 100
70 101
70 102
70 103
70 104
70 105
70 106
70 107
70 112
70 113
70 114
70 115
70 116
70 117
70 119
70 121
70 122
70 123
70 124
70 125
70 126
70 127
70 128
70 130
70 131
70 134
70 136
70 137
70 139
70 140
70 144
70 146
70 147
70 148
70 151
70 152
70 154
70 155
70 156
70 157
70 158
70 159
70 162
70 164
70 167
70 168
70 169
70 175
70 177
70 180
70 181
70 182
70 183
70 184
70 186
70 187
70 188
71 72
71 75
71 76
71 78
71 80
71 82
71 85
71 86
71 87
71 89
71 91
71 92
71 93
71 94
71 95
71 97
71 99
71 101
71 104
71 105
71 109
71 110
71 111
71 112
71 115
71 116
71 117
71 121
71 122
71 123
71 124
71 128
71 130
71 131
71 132
71 133
71 134
71 135
71 136
71 138
71 139
71 140
71 142
71 143
71 144
71 148
71 149
71 150
71 151
71 154
71 156
71 157
71 159
71 160
71 161
71 162
71 163
71 164
71 165
71 166
71 168
71 170
71 171
71 175
71 177
71 178
71 180
71 181
71 182
71 184
72 73
72 74
72 75
72 76
72 77
72 80
72 81
72 84
72 85
72 86
72 87
72 88
72 89
72 90
72 91
72 92
72 94
72 98
72 99
72 103
72 104
72 107
72 108
72 109
72 110
72 111
72 113
72 114
72 117
72 119
72 120
72 122
72 123
72 125
72 126
72 127
72 128
72 137
72 138
72 139
72 140
72 143
72 144
72 146
72 147
72 148
72 150
72 152
72 153
72 154
72 156
72 159
72 160
72 161
72 164
72 165
72 166
72 167
72 170
72 173
72 178
72 179
72 181
72 183
72 185
72 188
73 75
73 76
73 77
73 78
73 79
73 80
73 82
73 84
73 86
73 87
73 88
73 89
73 92
73 93
73 94
73 95
73 96
73 98
73 100
73 101
73 103
73 104
73 106
73 107
73 111
73 112
73 113
73 114
73 116
73 117
73 118
73 119
73 120
73 123
73 124
73 125
73 127
73 128
73 129
73 130
73 132
73 134
73 138
73 140
73 142
73 143
73 146
73 149
73 152
73 155
73 156
73 157
73 158
73 159
73 160
73 162
73 163
73 165
73 167
73 173
73 174
73 175
73 176
73 179
73 181
73 183
73 186
73 187
73 188
73 189
74 76
74 77
74 78
74 79
74 81
74 86
74 88
74 89
74 90
74 91
74 92
74 95
74 98
74 99
74 100
74 101
74 103
74 105
74 106
74 107
74 108
74 109
74 110
74 112
74 113
74 114
74 115
74 117
74 119
74 120
74 122
74 124
74 125
74 126
74 127
74 131
74 136
74 137
74 139
74 141
74 142
74 143
74 145
74 146
74 147
74 148
74 149
74 150
74 151
74 154
74 158
74 159
74 161
74 163
74 164
74 165
74 167
74 170
74 171
74 172
74 173
74 174
74 176
74 178
74 179
74 182
74 184
74 185
74 186
74 187
74 188
75 77
75 78
75 79
75 80
75 86
75 87
75 92
75 93
75 94
75 96
75 100
75 101
75 102
75 107
75 108
75 110
75 111
75 112
75 113
75 114
75 115
75 117
75 118
75 120
75 121
75 123
75 124
75 128
75 129
75 131
75 134
75 135
75 137
75 138
75 143
75 144
75 145
75 148
75 151
75 153
75 154
75 155
75 157
75 158
75 159
75 161
75 164
75 165
75 166
75 167
75 170
75 173
75 174
75 177
75 178
75 179
75 182
75 183
75 184
75 186
75 189
76 77
76 78
76 81
76 87
76 89
76 91
76 94
76 96
76 99
76 100
76 101
76 102
76 103
76 105
76 106
76 110
76 112
76 113
76 115
76 116
76 118
76 121
76 124
76 126
76 127
76 129
76 132
76 134
76 135
76 137
76 139
76 141
76 143
76 146
76 148
76 150
76 152
76 153
76 154
76 155
76 158
76 159
76 160
76 161
76 163
76 164
76 165
76 167
76 168
76 169
76 170
76 171
76 172
76 173
76 175
76 178
76 180
76 184
76 185
76 186
76 189
77 78
77 79
77 80
77 82
77 84
77 86
77 87
77 89
77 90
77 91
77 93
77 94
77 99
77 101
77 103
77 105
77 106
77 107
77 108
77 109
77 110
77 111
77 112
77 113
77 116
77 118
77 120
77 123
77 126
77 129
77 130
77 133
77 135
77 138
77 139
77 140
77 142
77 143
77 145
77 146
77 149
77 151
77 153
77 154
77 156
77 157
77 158
77 161
77 162
77 164
77 167
77 168
77 169
77 171
77 172
77 173
77 174
77 175
77 177
77 180
77 181
77 186
77 187
77 189
78 79
78 80
78 81
78 82
78 83
78 84
78 85
78 86
78 87
78 88
78 89
78 90
78 91
78 92
78 93
78 95
78 98
78 100
78 101
78 103
78 106
78 111
78 114
78 116
78 117
78 118
78 119
78 120
78 123
78 124
78 129
78 130
78 131
78 132
78 133
78 134
78 135
78 137
78 138
78 140
78 141
78 147
78 148
78 153
78 154
78 155
78 156
78 158
78 159
78 161
78 163
78 166
78 171
78 172
78 173
78 178
78 179
78 181
78 182
78 183
78 185
78 186
78 187
78 188
78 189
79 80
79 82
79 83
79 85
79 86
79 87
79 88
79 89
79 90
79 91
79 92
79 95
79 96
79 99
79 102
79 103
79 104
79 105
79 106
79 107
79 109
79 113
79 114
79 117
79 119
79 120
79 124
79 128
79 130
79 133
79 135
79 136
79 137
79 138
79 139
79 141
79 142
79 143
79 144
79 146
79 147
79 148
79 149
79 151
79 154
79 155
79 160
79 161
79 163
79 165
79 166
79 169
79 170
79 172
79 173
79 174
79 176
79 178
79 180
79 181
79 182
79 183
79 184
79 185
80 82
80 83
80 84
80 86
80 88
80 89
80 92
80 93
80 94
80 95
80 96
80 98
80 100
80 102
80 103
80 104
80 106
80 111
80 113
80 114
80 117
80 118
80 119
80 120
80 121
80 122
80 123
80 125
80 126
80 127
80 129
80 131
80 132
80 133
80 134
80 135
80 137
80 138
80 140
80 141
80 144
80 145
80 148
80 150
80 154
80 155
80 158
80 159
80 160
80 161
80 162
80 166
80 167
80 168
80 171
80 175
80 176
80 177
80 178
80 179
80 180
80 184
80 185
81 84
81 86
81 87
81 88
81 89
81 94
81 95
81 96
81 97
81 98
81 99
81 102
81 103
81 106
81 108
81 110
81 111
81 113
81 114
81 115
81 116
81 117
81 119
81 122
81 123
81 124
81 125
81 127
81 130
81 131
81 133
81 134
81 135
81 136
81 137
81 139
81 142
81 143
81 144
81 146
81 147
81 148
81 149
81 150
81 151
81 152
81 154
81 157
81 159
81 160
81 161
81 162
81 165
81 167
81 169
81 170
81 171
81 172
81 173
81 177
81 179
81 180
81 182
81 183
81 184
81 185
81 186
81 188
81 189
82 84
82 85
82 86
82 87
82 88
82 90
82 91
82 92
82 93
82 96
82 97
82 98
82 99
82 100
82 101
82 104
82 107
82 108
82 109
82 110
82 111
82 118
82 119
82 120
82 121
82 122
82 124
82 127
82 128
82 131
82 132
82 133
82 135
82 136
82 137
82 138
82 139
82 141
82 142
82 143
82 144
82 145
82 146
82 147
82 149
82 150
82 152
82 153
82 154
82 155
82 156
82 158
82 160
82 161
82 165
82 167
82 170
82 171
82 172
82 174
82 176
82 177
82 178
82 179
82 187
82 188
83 86
83 87
83 88
83 91
83 92
83 94
83 96
83 97
83 101
83 102
83 104
83 106
83 107
83 109
83 110
83 111
83 114
83 115
83 116
83 117
83 118
83 119
83 120
83 121
83 122
83 123
83 125
83 128
83 130
83 131
83 132
83 136
83 137
83 139
83 140
83 141
83 142
83 143
83 144
83 147
83 148
83 149
83 151
83 153
83 154
83 157
83 158
83 159
83 160
83 161
83 162
83 163
83 164
83 169
83 170
83 171
83 172
83 173
83 174
83 176
83 179
83 185
83 186
83 188
84 86
84 89
84 91
84 92
84 93
84 94
84 96
84 97
84 99
84 100
84 103
84 105
84 106
84 108
84 109
84 110
84 113
84 114
84 115
84 119
84 120
84 121
84 122
84 123
84 124
84 126
84 128
84 130
84 135
84 137
84 141
84 142
84 145
84 146
84 147
84 149
84 150
84 154
84 156
84 158
84 159
84 160
84 161
84 162
84 163
84 164
84 168
84 169
84 173
84 174
84 175
84 176
84 179
84 180
84 181
84 182
84 185
84 186
84 188
84 189
85 86
85 89
85 90
85 92
85 93
85 95
85 96
85 97
85 98
85 99
85 102
85 104
85 105
85 107
85 109
85 110
85 111
85 112
85 114
85 116
85 117
85 118
85 120
85 121
85 122
85 123
85 124
85 125
85 126
85 127
85 128
85 129
85 132
85 133
85 134
85 135
85 136
85 137
85 139
85 140
85 141
85 142
85 143
85 144
85 145
85 146
85 147
85 149
85 150
85 152
85 157
85 161
85 162
85 163
85 165
85 167
85 170
85 171
85 172
85 173
85 175
85 176
85 178
85 179
85 180
85 181
85 182
85 184
85 186
85 187
85 188
85 189
86 88
86 89
86 90
86 91
86 92
86 94
86 95
86 97
86 99
86 101
86 102
86 104
86 105
86 108
86 109
86 113
86 114
86 116
86 117
86 118
86 119
86 121
86 124
86 125
86 127
86 128
86 129
86 130
86 131
86 132
86 133
86 134
86 138
86 140
86 141
86 142
86 143
86 145
86 146
86 148
86 149
86 150
86 151
86 152
86 154
86 155
86 156
86 157
86 158
86 159
86 160
86 161
86 162
86 164
86 165
86 166
86 167
86 168
86 169
86 172
86 174
86 175
86 178
86 179
86 180
86 183
86 186
86 188
86 189
87 88
87 90
87 92
87 94
87 97
87 98
87 99
87 101
87 102
87 106
87 108
87 110
87 111
87 114
87 115
87 116
87 120
87 121
87 122
87 123
87 128
87 130
87 131
87 132
87 133
87 134
87 135
87 137
87 139
87 140
87 141
87 142
87 144
87 145
87 146
87 147
87 148
87 151
87 152
87 153
87 154
87 155
87 156
87 160
87 163
87 164
87 166
87 168
87 171
87 173
87 175
87 179
87 180
87 182
87 184
87 185
87 186
87 187
87 188
88 89
88 92
88 96
88 98
88 100
88 102
88 103
88 104
88 106
88 107
88 109
88 112
88 114
88 115
88 116
88 117
88 118
88 123
88 124
88 125
88 126
88 127
88 128
88 129
88 130
88 131
88 132
88 133
88 134
88 135
88 137
88 139
88 140
88 141
88 142
88 144
88 146
88 149
88 150
88 151
88 152
88 154
88 155
88 157
88 159
88 160
88 162
88 163
88 164
88 166
88 170
88 172
88 174
88 175
88 179
88 180
88 189
89 93
89 94
89 96
89 98
89 99
89 100
89 101
89 104
89 105
89 109
89 111
89 112
89 113
89 114
89 117
89 119
89 123
89 124
89 126
89 127
89 128
89 129
89 134
89 135
89 137
89 138
89 139
89 142
89 144
89 145
89 146
89 150
89 151
89 153
89 154
89 155
89 156
89 157
89 159
89 160
89 164
89 167
89 171
89 173
89 174
89 175
89 176
89 177
89 179
89 180
89 181
89 182
89 186
89 189
90 93
90 94
90 95
90 96
90 97
90 99
90 100
90 103
90 105
90 106
90 108
90 109
90 110
90 113
90 120
90 121
90 122
90 124
90 126
90 128
90 129
90 130
90 131
90 132
90 137
90 139
90 140
90 141
90 143
90 144
90 145
90 148
90 149
90 151
90 152
90 156
90 158
90 159
90 161
90 162
90 163
90 164
90 167
90 168
90 169
90 170
90 171
90 174
90 175
90 177
90 180
90 181
90 183
90 186
90 187
90 188
90 189
91 94
91 95
91 97
91 99
91 102
91 104
91 105
91 107
91 108
91 109
91 110
91 111
91 115
91 116
91 117
91 118
91 119
91 120
91 121
91 123
91 127
91 128
91 134
91 136
91 137
91 138
91 140
91 141
91 142
91 143
91 144
91 145
91 147
91 148
91 151
91 155
91 156
91 157
91 158
91 159
91 160
91 163
91 164
91 165
91 166
91 169
91 170
91 172
91 174
91 175
91 176
91 177
91 179
91 180
91 183
91 184
91 186
91 187
91 188
92 94
92 96
92 99
92 101
92 102
92 103
92 104
92 105
92 106
92 107
92 108
92 113
92 114
92 115
92 116
92 118
92 120
92 121
92 122
92 123
92 125
92 126
92 127
92 129
92 130
92 134
92 136
92 138
92 139
92 140
92 142
92 143
92 145
92 147
92 148
92 150
92 151
92 153
92 157
92 160
92 161
92 162
92 163
92 164
92 165
92 167
92 168
92 170
92 174
92 177
92 178
92 179
92 180
92 181
92 182
92 186
93 94
93 95
93 97
93 98
93 99
93 100
93 101
93 102
93 103
93 105
93 107
93 111
93 112
93 114
93 115
93 116
93 117
93 119
93 120
93 121
93 122
93 125
93 126
93 128
93 133
93 134
93 135
93 136
93 137
93 138
93 140
93 144
93 145
93 146
93 153
93 155
93 157
93 158
93 160
93 161
93 162
93 165
93 166
93 167
93 168
93 171
93 175
93 180
93 181
93 183
93 184
93 185
93 186
93 187
93 189
94 95
94 98
94 99
94 100
94 101
94 102
94 104
94 106
94 107
94 108
94 110
94 113
94 115
94 117
94 118
94 119
94 121
94 122
94 123
94 128
94 130
94 131
94 132
94 133
94 135
94 138
94 140
94 141
94 143
94 144
94 147
94 149
94 150
94 151
94 152
94 154
94 155
94 158
94 159
94 162
94 165
94 166
94 169
94 170
94 173
94 175
94 176
94 178
94 179
94 180
94 185
94 186
94 187
95 97
95 99
95 100
95 102
95 103
95 104
95 110
95 111
95 112
95 113
95 114
95 115
95 116
95 118
95 119
95 121
95 123
95 125
95 127
95 128
95 130
95 133
95 134
95 135
95 137
95 138
95 139
95 140
95 141
95 142
95 143
95 146
95 148
95 149
95 151
95 152
95 154
95 155
95 156
95 159
95 161
95 162
95 163
95 164
95 166
95 167
95 168
95 169
95 170
95 173
95 174
95 175
95 177
95 178
95 179
95 183
95 184
95 185
95 186
95 187
95 189
96 99
96 100
96 101
96 102
96 104
96 109
96 110
96 114
96 115
96 117
96 120
96 121
96 122
96 123
96 124
96 126
96 127
96 129
96 130
96 132
96 136
96 137
96 138
96 139
96 141
96 143
96 144
96 145
96 146
96 148
96 150
96 151
96 152
96 153
96 155
96 156
96 157
96 158
96 161
96 163
96 164
96 165
96 166
96 167
96 170
96 171
96 173
96 174
96 175
96 177
96 179
96 181
96 182
96 184
96 185
96 186
96 188
96 189
97 98
97 99
97 101
97 102
97 103
97 104
97 106
97 109
97 111
97 112
97 113
97 117
97 120
97 122
97 124
97 125
97 129
97 130
97 131
97 134
97 137
97 138
97 139
97 140
97 141
97 142
97 143
97 146
97 147
97 148
97 153
97 154
97 155
97 156
97 157
97 159
97 160
97 163
97 164
97 165
97 166
97 170
97 172
97 173
97 174
97 175
97 176
97 178
97 183
97 186
97 187
97 188
98 99
98 101
98 102
98 103
98 104
98 105
98 106
98 108
98 110
98 111
98 112
98 115
98 117
98 118
98 119
98 120
98 122
98 123
98 125
98 128
98 129
98 130
98 132
98 133
98 134
98 135
98 136
98 138
98 139
98 140
98 141
98 142
98 143
98 144
98 145
98 147
98 148
98 151
98 152
98 154
98 155
98 158
98 159
98 161
98 163
98 165
98 166
98 167
98 168
98 169
98 170
98 175
98 176
98 183
98 186
98 187
98 189
99 100
99 101
99 102
99 103
99 106
99 108
99 109
99 110
99 111
99 112
99 113
99 114
99 115
99 117
99 118
99 119
99 121
99 124
99 125
99 126
99 127
99 129
99 131
99 132
99 133
99 134
99 136
99 137
99 138
99 139
99 140
99 141
99 142
99 143
99 144
99 145
99 146
99 147
99 151
99 152
99 153
99 155
99 156
99 157
99 158
99 159
99 161
99 162
99 163
99 164
99 165
99 166
99 169
99 170
99 172
99 175
99 177
99 178
99 180
99 181
99 182
99 183
99 184
99 185
99 186
99 188
99 189
100 102
100 103
100 105
100 107
100 108
100 109
100 110
100 112
100 115
100 116
100 117
100 118
100 119
100 121
100 126
100 127
100 128
100 129
100 130
100 131
100 137
100 139
100 140
100 142
100 143
100 146
100 150
100 153
100 154
100 155
100 156
100 160
100 163
100 164
100 165
100 166
100 169
100 170
100 172
100 173
100 175
100 177
100 178
100 179
100 180
100 183
100 185
100 186
101 104
101 105
101 106
101 107
101 110
101 113
101 114
101 116
101 117
101 119
101 120
101 122
101 124
101 125
101 127
101 128
101 129
101 130
101 133
101 134
101 136
101 137
101 140
101 141
101 142
101 143
101 146
101 148
101 149
101 151
101 153
101 154
101 155
101 156
101 160
101 161
101 163
101 165
101 166
101 167
101 169
101 171
101 172
101 173
101 174
101 175
101 176
101 179
101 180
101 181
101 182
101 184
101 187
101 188
101 189
102 103
102 104
102 107
102 110
102 112
102 115
102 117
102 118
102 119
102 120
102 121
102 122
102 123
102 124
102 126
102 128
102 132
102 133
102 134
102 135
102 139
102 141
102 143
102 146
102 147
102 151
102 154
102 155
102 156
102 157
102 160
102 161
102 164
102 165
102 168
102 172
102 173
102 174
102 175
102 176
102 178
102 179
102 182
102 183
102 185
102 188
103 105
103 106
103 108
103 109
103 111
103 113
103 114
103 116
103 120
103 122
103 123
103 127
103 131
103 132
103 133
103 134
103 135
103 139
103 141
103 143
103 146
103 147
103 149
103 150
103 151
103 152
103 155
103 156
103 157
103 158
103 161
103 162
103 163
103 164
103 165
103 166
103 167
103 172
103 173
103 174
103 175
103 176
103 178
103 181
103 182
103 184
103 185
103 186
103 187
103 189
104 105
104 107
104 109
104 110
104 114
104 116
104 117
104 118
104 119
104 123
104 124
104 125
104 126
104 127
104 129
104 130
104 131
104 132
104 133
104 135
104 137
104 139
104 141
104 143
104 145
104 146
104 149
104 153
104 155
104 158
104 159
104 160
104 161
104 162
104 163
104 166
104 167
104 171
104 173
104 174
104 175
104 176
104 182
104 189
105 108
105 109
105 114
105 116
105 120
105 121
105 122
105 123
105 126
105 130
105 132
105 133
105 134
105 135
105 137
105 138
105 140
105 141
105 142
105 144
105 145
105 150
105 151
105 153
105 155
105 156
105 157
105 159
105 162
105 163
105 166
105 167
105 168
105 169
105 170
105 174
105 177
105 178
105 180
105 181
105 182
105 183
105 186
105 188
106 108
106 109
106 110
106 111
106 112
106 117
106 120
106 121
106 122
106 125
106 127
106 129
106 130
106 132
106 133
106 135
106 137
106 138
106 139
106 140
106 144
106 145
106 146
106 148
106 150
106 151
106 152
106 155
106 156
106 161
106 162
106 164
106 166
106 167
106 169
106 170
106 172
106 173
106 174
106 175
106 176
106 178
106 180
106 185
106 186
106 189
107 109
107 112
107 113
107 114
107 115
107 116
107 117
107 118
107 121
107 122
107 123
107 124
107 125
107 126
107 127
107 128
107 129
107 130
107 131
107 132
107 133
107 135
107 136
107 139
107 140
107 141
107 142
107 143
107 144
107 145
107 147
107 148
107 150
107 151
107 152
107 154
107 156
107 157
107 158
107 159
107 162
107 164
107 167
107 168
107 172
107 174
107 177
107 179
107 180
107 181
107 182
107 185
107 186
107 188
108 109
108 110
108 111
108 112
108 113
108 114
108 115
108 116
108 118
108 120
108 121
108 123
108 126
108 127
108 129
108 131
108 132
108 135
108 136
108 138
108 141
108 142
108 143
108 144
108 145
108 146
108 149
108 150
108 151
108 154
108 155
108 157
108 158
108 159
108 160
108 162
108 163
108 164
108 166
108 167
108 168
108 169
108 170
108 171
108 173
108 175
108 178
108 179
108 180
108 181
108 182
108 183
108 184
108 185
108 187
108 188
108 189
109 110
109 111
109 112
109 113
109 116
109 117
109 118
109 119
109 120
109 121
109 122
109 124
109 126
109 128
109 132
109 133
109 134
109 135
109 136
109 140
109 142
109 144
109 145
109 149
109 150
109 151
109 152
109 153
109 156
109 158
109 161
109 162
109 165
109 167
109 168
109 169
109 170
109 171
109 174
109 175
109 177
109 179
109 184
109 185
109 188
109 189
110 113
110 114
110 116
110 117
110 118
110 119
110 120
110 122
110 125
110 128
110 129
110 131
110 132
110 133
110 135
110 137
110 138
110 139
110 140
110 141
110 143
110 144
110 145
110 146
110 148
110 151
110 155
110 157
110 158
110 159
110 160
110 161
110 163
110 169
110 174
110 175
110 176
110 178
110 179
110 180
110 181
110 182
110 183
110 186
110 187
111 112
111 113
111 114
111 115
111 116
111 118
111 122
111 123
111 126
111 127
111 130
111 133
111 134
111 136
111 137
111 138
111 139
111 140
111 141
111 146
111 149
111 152
111 153
111 155
111 156
111 158
111 161
111 163
111 164
111 165
111 167
111 172
111 173
111 175
111 176
111 177
111 179
111 180
111 181
111 182
111 183
111 186
111 188
111 189
112 113
112 114
112 115
112 116
112 117
112 120
112 124
112 128
112 129
112 131
112 133
112 134
112 136
112 141
112 143
112 144
112 145
112 146
112 147
112 148
112 149
112 150
112 151
112 152
112 153
112 156
112 158
112 159
112 160
112 162
112 163
112 165
112 166
112 167
112 169
112 171
112 172
112 173
112 174
112 176
112 179
112 180
112 181
112 182
112 183
112 185
112 187
112 188
112 189
113 114
113 115
113 116
113 118
113 119
113 120
113 121
113 123
113 124
113 127
113 129
113 130
113 131
113 133
113 135
113 140
113 142
113 143
113 144
113 146
113 147
113 149
113 150
113 151
113 153
113 154
113 155
113 158
113 159
113 160
113 161
113 162
113 163
113 165
113 166
113 167
113 168
113 170
113 172
113 176
113 178
113 179
113 181
113 182
113 183
113 186
113 188
114 119
114 122
114 124
114 125
114 127
114 128
114 130
114 131
114 132
114 135
114 136
114 137
114 139
114 141
114 146
114 147
114 149
114 150
114 152
114 153
114 155
114 157
114 159
114 163
114 166
114 169
114 171
114 172
114 173
114 174
114 177
114 180
114 181
114 182
114 184
114 185
114 187
115 117
115 118
115 121
115 122
115 124
115 125
115 127
115 128
115 130
115 131
115 132
115 136
115 143
115 145
115 147
115 148
115 151
115 153
115 154
115 157
115 158
115 159
115 160
115 161
115 165
115 167
115 168
115 172
115 175
115 177
115 178
115 179
115 180
115 187
115 189
116 119
116 120
116 121
116 122
116 123
116 127
116 128
116 130
116 131
116 132
116 133
116 136
116 137
116 139
116 140
116 141
116 142
116 145
116 146
116 150
116 151
116 152
116 157
116 162
116 163
116 166
116 168
116 169
116 172
116 174
116 175
116 177
116 179
116 180
116 182
116 185
116 189
117 118
117 120
117 122
117 123
117 124
117 126
117 127
117 128
117 129
117 130
117 131
117 132
117 133
117 134
117 135
117 137
117 138
117 140
117 141
117 142
117 143
117 144
117 146
117 147
117 149
117 150
117 151
117 153
117 154
117 156
117 157
117 160
117 162
117 163
117 165
117 166
117 167
117 168
117 169
117 170
117 171
117 172
117 173
117 174
117 175
117 176
117 179
117 180
117 181
117 183
117 184
117 185
117 186
118 120
118 121
118 122
118 124
118 128
118 133
118 134
118 136
118 138
118 139
118 143
118 144
118 145
118 146
118 147
118 148
118 149
118 151
118 152
118 154
118 155
118 157
118 158
118 161
118 162
118 163
118 165
118 166
118 167
118 169
118 170
118 172
118 173
118 174
118 175
118 176
118 179
118 180
118 181
118 182
118 183
118 184
118 185
119 122
119 125
119 128
119 129
119 131
119 132
119 133
119 134
119 137
119 142
119 143
119 144
119 148
119 149
119 151
119 154
119 155
119 156
119 159
119 160
119 164
119 166
119 167
119 168
119 169
119 171
119 172
119 174
119 175
119 178
119 179
119 180
119 181
119 182
119 184
119 186
119 187
119 188
119 189
120 121
120 123
120 125
120 126
120 128
120 129
120 131
120 133
120 135
120 139
120 141
120 143
120 145
120 147
120 148
120 149
120 152
120 153
120 154
120 156
120 159
120 161
120 164
120 165
120 168
120 170
120 171
120 172
120 173
120 174
120 175
120 176
120 177
120 179
120 180
120 183
120 186
120 188
120 189
121 124
121 125
121 126
121 128
121 129
121 132
121 133
121 134
121 135
121 136
121 137
121 138
121 139
121 140
121 141
121 142
121 143
121 144
121 145
121 146
121 148
121 151
121 156
121 157
121 160
121 161
121 162
121 163
121 164
121 167
121 170
121 172
121 173
121 174
121 175
121 178
121 180
121 181
121 183
121 185
121 186
121 188
122 123
122 124
122 125
122 127
122 130
122 132
122 133
122 134
122 135
122 136
122 137
122 139
122 141
122 142
122 144
122 145
122 146
122 148
122 150
122 151
122 153
122 154
122 156
122 158
122 161
122 162
122 163
122 165
122 166
122 167
122 168
122 171
122 172
122 173
122 174
122 177
122 178
122 179
122 184
122 186
122 187
122 188
123 124
123 125
123 126
123 127
123 128
123 132
123 133
123 134
123 135
123 136
123 138
123 139
123 140
123 143
123 146
123 148
123 151
123 153
123 155
123 157
123 158
123 161
123 163
123 164
123 167
123 169
123 170
123 176
123 177
123 178
123 180
123 181
123 182
123 183
123 185
123 187
123 188
123 189
124 125
124 127
124 129
124 130
124 133
124 134
124 135
124 136
124 140
124 142
124 144
124 146
124 150
124 151
124 152
124 154
124 155
124 157
124 158
124 159
124 160
124 161
124 163
124 165
124 166
124 167
124 168
124 169
124 170
124 171
124 172
124 174
124 175
124 176
124 179
124 181
124 182
124 184
124 186
124 187
124 188
124 189
125 127
125 128
125 129
125 133
125 135
125 140
125 143
125 149
125 150
125 151
125 153
125 154
125 155
125 156
125 158
125 159
125 161
125 162
125 163
125 168
125 169
125 171
125 172
125 173
125 174
125 176
125 177
125 178
125 179
125 180
125 183
125 186
125 187
125 188
125 189
126 128
126 129
126 130
126 135
126 136
126 137
126 138
126 139
126 141
126 144
126 145
126 146
126 149
126 150
126 151
126 152
126 154
126 156
126 157
126 159
126 163
126 164
126 165
126 168
126 169
126 171
126 172
126 173
126 174
126 175
126 177
126 179
126 180
126 181
126 182
126 183
126 185
126 187
126 188
127 128
127 129
127 131
127 133
127 134
127 136
127 137
127 138
127 139
127 140
127 141
127 143
127 145
127 148
127 149
127 150
127 154
127 155
127 156
127 157
127 158
127 160
127 162
127 164
127 165
127 167
127 168
127 169
127 170
127 171
127 172
127 176
127 177
127 178
127 179
127 180
127 182
127 184
127 185
127 188
127 189
128 130
128 131
128 133
128 134
128 137
128 139
128 142
128 146
128 148
128 149
128 150
128 151
128 155
128 157
128 158
128 160
128 163
128 164
128 166
128 167
128 168
128 169
128 171
128 173
128 176
128 177
128 178
128 180
128 181
128 183
128 185
128 186
128 189
129 130
129 132
129 134
129 135
129 136
129 140
129 144
129 145
129 147
129 151
129 152
129 153
129 154
129 155
129 160
129 161
129 163
129 164
129 165
129 168
129 170
129 171
129 172
129 174
129 175
129 177
129 178
129 182
129 183
129 184
129 185
129 186
129 187
129 188
129 189
130 131
130 132
130 133
130 136
130 137
130 138
130 140
130 144
130 148
130 149
130 150
130 151
130 153
130 154
130 156
130 158
130 159
130 160
130 161
130 162
130 163
130 164
130 165
130 166
130 168
130 169
130 170
130 172
130 174
130 178
130 181
130 182
130 185
130 186
130 187
131 132
131 133
131 137
131 138
131 140
131 141
131 146
131 148
131 149
131 153
131 154
131 156
131 157
131 158
131 160
131 161
131 165
131 167
131 169
131 177
131 178
131 182
131 184
131 185
131 186
131 187
131 188
131 189
132 135
132 136
132 137
132 138
132 139
132 140
132 142
132 143
132 144
132 145
132 146
132 147
132 148
132 149
132 150
132 151
132 153
132 156
132 157
132 158
132 159
132 160
132 161
132 162
132 163
132 164
132 166
132 171
132 176
132 180
132 181
132 186
132 187
132 188
133 135
133 137
133 138
133 142
133 143
133 144
133 145
133 147
133 149
133 152
133 153
133 154
133 156
133 157
133 160
133 161
133 164
133 165
133 166
133 168
133 170
133 171
133 172
133 173
133 174
133 176
133 177
133 178
133 180
133 181
133 182
133 185
133 187
133 188
133 189
134 135
134 137
134 139
134 140
134 141
134 142
134 144
134 145
134 146
134 147
134 149
134 153
134 154
134 157
134 158
134 161
134 163
134 165
134 167
134 168
134 170
134 171
134 173
134 174
134 175
134 177
134 178
134 179
134 180
134 181
134 184
134 185
134 188
134 189
135 137
135 138
135 140
135 141
135 142
135 144
135 145
135 146
135 149
135 150
135 151
135 153
135 154
135 155
135 156
135 157
135 160
135 161
135 163
135 164
135 166
135 168
135 171
135 172
135 173
135 175
135 177
135 178
135 180
135 182
135 183
135 184
135 185
135 187
135 189
136 137
136 139
136 140
136 141
136 142
136 143
136 146
136 147
136 148
136 150
136 151
136 155
136 156
136 158
136 160
136 161
136 162
136 163
136 164
136 169
136 170
136 171
136 172
136 177
136 179
136 181
136 183
136 186
136 188
137 138
137 139
137 141
137 142
137 143
137 145
137 146
137 147
137 150
137 157
137 158
137 159
137 163
137 164
137 165
137 166
137 168
137 170
137 173
137 175
137 176
137 180
137 181
137 183
137 184
137 185
137 188
137 189
138 139
138 141
138 144
138 146
138 147
138 149
138 150
138 151
138 152
138 153
138 154
138 155
138 156
138 157
138 158
138 159
138 160
138 164
138 166
138 167
138 168
138 169
138 170
138 171
138 173
138 174
138 175
138 176
138 181
138 182
138 186
138 188
138 189
139 142
139 143
139 144
139 145
139 147
139 149
139 151
139 158
139 161
139 162
139 164
139 168
139 169
139 170
139 171
139 172
139 173
139 174
139 175
139 177
139 181
139 182
139 183
139 184
140 141
140 142
140 144
140 145
140 146
140 147
140 148
140 151
140 157
140 159
140 160
140 162
140 163
140 164
140 165
140 167
140 168
140 171
140 172
140 173
140 174
140 177
140 179
140 180
140 183
140 185
140 186
140 189
141 143
141 144
141 145
141 146
141 148
141 149
141 150
141 151
141 153
141 155
141 156
141 157
141 162
141 163
141 164
141 165
141 167
141 168
141 172
141 174
141 178
141 181
141 182
141 184
141 185
141 186
141 187
141 189
142 148
142 149
142 150
142 152
142 157
142 158
142 159
142 162
142 163
142 164
142 165
142 167
142 169
142 170
142 171
142 173
142 174
142 176
142 178
142 179
142 183
142 184
142 185
142 186
142 187
142 188
143 145
143 146
143 147
143 149
143 153
143 154
143 155
143 158
143 159
143 160
143 161
143 162
143 163
143 164
143 165
143 166
143 168
143 169
143 171
143 172
143 174
143 175
143 177
143 178
143 179
143 180
143 181
143 182
143 184
143 187
143 188
143 189
144 146
144 149
144 150
144 152
144 153
144 158
144 159
144 161
144 162
144 163
144 165
144 167
144 168
144 171
144 172
144 174
144 175
144 176
144 177
144 179
144 180
144 183
144 186
144 188
144 189
145 146
145 149
145 152
145 153
145 154
145 155
145 157
145 160
145 161
145 162
145 163
145 164
145 167
145 168
145 169
145 171
145 173
145 175
145 177
145 181
145 183
145 184
145 185
145 186
145 187
145 188
146 147
146 150
146 151
146 156
146 157
146 158
146 162
146 164
146 168
146 169
146 170
146 172
146 173
146 174
146 175
146 178
146 181
146 182
146 185
146 186
146 187
146 189
147 148
147 149
147 150
147 151
147 152
147 153
147 154
147 155
147 156
147 157
147 159
147 160
147 161
147 162
147 163
147 165
147 166
147 169
147 170
147 171
147 174
147 175
147 176
147 177
147 182
147 183
147 184
147 185
147 187
147 188
147 189
148 149
148 150
148 151
148 152
148 153
148 154
148 155
148 156
148 157
148 161
148 162
148 163
148 168
148 169
148 172
148 174
148 175
148 178
148 179
148 180
148 182
148 185
148 186
148 187
149 150
149 151
149 154
149 156
149 157
149 159
149 161
149 163
149 164
149 165
149 166
149 169
149 170
149 171
149 172
149 173
149 174
149 175
149 176
149 177
149 179
149 181
149 182
149 185
149 186
149 187
149 189
150 151
150 155
150 156
150 157
150 158
150 160
150 161
150 162
150 163
150 169
150 170
150 172
150 174
150 175
150 177
150 178
150 179
150 180
150 183
150 184
150 185
150 186
151 152
151 153
151 154
151 155
151 156
151 158
151 161
151 163
151 164
151 165
151 166
151 167
151 170
151 172
151 173
151 174
151 177
151 179
151 182
151 183
151 184
151 186
151 187
151 189
152 155
152 157
152 159
152 163
152 164
152 165
152 169
152 171
152 173
152 174
152 175
152 176
152 177
152 179
152 180
152 183
152 185
152 186
152 187
152 189
153 154
153 158
153 161
153 162
153 163
153 164
153 165
153 166
153 167
153 168
153 169
153 170
153 171
153 172
153 174
153 175
153 176
153 177
153 178
153 179
153 181
153 183
153 185
153 186
153 187
153 188
153 189
154 155
154 156
154 157
154 159
154 162
154 163
154 164
154 166
154 167
154 168
154 170
154 171
154 172
154 173
154 177
154 179
154 180
154 181
154 182
154 184
154 186
154 187
154 189
155 156
155 157
155 158
155 162
155 165
155 166
155 168
155 170
155 171
155 172
155 173
155 176
155 177
155 178
155 179
155 180
155 181
155 182
155 184
155 185
155 189
156 159
156 160
156 161
156 162
156 163
156 164
156 165
156 169
156 170
156 171
156 172
156 173
156 174
156 175
156 177
156 178
156 180
156 182
156 183
156 187
156 188
157 161
157 162
157 164
157 165
157 169
157 170
157 172
157 173
157 174
157 175
157 177
157 179
157 180
157 181
157 182
157 183
157 184
157 185
157 186
157 187
157 189
158 159
158 160
158 162
158 163
158 164
158 166
158 167
158 168
158 170
158 172
158 173
158 174
158 176
158 178
158 179
158 180
158 181
158 182
158 185
158 187
158 189
159 162
159 169
159 170
159 174
159 176
159 178
159 181
159 182
159 184
159 185
159 188
159 189
160 162
160 163
160 165
160 166
160 167
160 168
160 170
160 175
160 176
160 179
160 181
160 184
160 185
160 188
160 189
161 162
161 163
161 165
161 167
161 169
161 171
161 172
161 173
161 174
161 176
161 177
161 179
161 180
161 182
161 183
161 185
161 187
161 188
161 189
162 163
162 166
162 167
162 168
162 170
162 171
162 173
162 174
162 180
162 181
162 183
162 184
162 185
162 186
162 187
162 188
163 165
163 166
163 169
163 171
163 172
163 174
163 178
163 180
163 182
163 183
163 185
163 186
163 187
163 189
164 168
164 169
164 172
164 173
164 175
164 178
164 180
164 182
164 183
164 184
164 185
164 186
165 166
165 167
165 168
165 171
165 172
165 175
165 176
165 177
165 179
165 182
165 183
165 184
165 186
165 187
166 167
166 169
166 170
166 172
166 177
166 178
166 179
166 181
166 183
166 184
166 187
166 188
166 189
167 168
167 169
167 172
167 173
167 177
167 178
167 179
167 180
167 182
167 183
167 184
167 185
167 187
167 188
167 189
168 169
168 171
168 172
168 174
168 175
168 176
168 179
168 180
168 181
168 182
168 183
168 184
168 185
168 187
168 188
168 189
169 170
169 171
169 176
169 177
169 178
169 180
169 182
169 186
169 187
170 173
170 174
170 175
170 176
170 178
170 179
170 183
170 184
170 185
170 187
170 188
170 189
171 172
171 173
171 175
171 177
171 178
171 179
171 181
171 182
171 184
171 185
171 189
172 175
172 176
172 177
172 179
172 180
172 181
172 182
172 183
172 184
172 186
172 187
172 188
173 175
173 176
173 177
173 178
173 179
173 180
173 183
173 185
173 186
173 187
173 188
174 175
174 178
174 180
174 182
174 186
174 187
174 188
174 189
175 177
175 178
175 180
175 182
175 184
175 185
175 186
176 177
176 178
176 179
176 181
176 182
176 184
176 188
176 189
177 179
177 181
177 182
177 183
177 185
177 186
177 187
177 188
178 179
178 180
178 182
178 184
178 186
178 188
179 180
179 181
179 184
179 187
179 188
179 189
180 181
180 182
180 185
180 186
180 188
181 182
181 183
181 186
182 183
182 184
182 187
183 184
183 186
183 189
184 186
184 187
185 186
186 187
186 188
186 189
187 188
187 189
188 189
109 89 148 103 58 64 165 25 131 75 104 30 187 173 2 111 62 24 85
117 149 139 66 114 20 110 48 95 159 84 150 49 19 189 31 41 145 23
166 38 127 185 4 107 80 21 142 157 177 106 73 35 154 146 123 46 101
44 43 137 120 54 94 42 3 69 93 77 158 125 17 151 97 141 98 167
34 153 65 186 112 12 63 172 40 115 60 128 59 15 91 68 29 78 116
72 134 87 179 121 57 13 156 27 28 26 102 53 11 50 18 171 180 92
0 160 168 32 129 61 188 152 108 55 176 96 8 184 6 113 136 71 155
67 33 169 52 5 147 14 1 22 74 39 181 90 174 79 9 83 170 132
119 99 56 86 70 122 126 7 124 100 47 105 144 135 178 16 82 51 182
10 88 76 118 36 81 37 143 45 175 161 162 138 140 163 183 130 133 164
