110
1790
4
79.54
42.64
88.37
52.16
0 5
0 10
0 11
0 13
0 20
0 21
0 23
0 32
0 38
0 41
0 42
0 57
0 62
0 65
0 69
0 70
0 72
0 74
0 78
0 80
0 84
0 90
0 91
0 92
0 93
0 106
0 107
1 6
1 9
1 12
1 17
1 25
1 30
1 33
1 35
1 38
1 39
1 40
1 49
1 51
1 52
1 53
1 55
1 63
1 67
1 68
1 74
1 79
1 87
1 89
1 92
1 99
1 104
2 3
2 4
2 7
2 9
2 11
2 15
2 20
2 24
2 27
2 30
2 36
2 40
2 41
2 50
2 52
2 53
2 56
2 65
2 68
2 73
2 75
2 80
2 82
2 86
2 88
2 90
2 91
2 95
2 96
2 98
2 99
2 102
2 109
3 4
3 14
3 15
3 20
3 23
3 25
3 35
3 37
3 42
3 43
3 60
3 71
3 73
3 76
3 82
3 86
3 88
3 90
3 93
3 94
3 95
3 99
3 102
3 104
3 106
4 5
4 7
4 15
4 19
4 22
4 23
4 24
4 27
4 28
4 37
4 40
4 41
4 43
4 47
4 48
4 52
4 53
4 54
4 58
4 59
4 61
4 63
4 65
4 70
4 78
4 80
4 84
4 88
4 89
4 90
4 92
4 101
4 105
5 8
5 10
5 11
5 12
5 17
5 18
5 19
5 24
5 25
5 28
5 30
5 31
5 32
5 37
5 40
5 41
5 46
5 52
5 54
5 55
5 58
5 59
5 60
5 64
5 65
5 66
5 69
5 71
5 74
5 75
5 77
5 81
5 84
5 88
5 89
5 91
5 92
5 97
5 98
5 99
6 7
6 10
6 12
6 29
6 35
6 39
6 45
6 49
6 51
6 53
6 57
6 63
6 65
6 68
6 69
6 72
6 73
6 77
6 81
6 83
6 84
6 86
6 92
6 93
6 94
6 99
6 102
6 104
7 12
7 18
7 19
7 29
7 37
7 39
7 41
7 42
7 45
7 53
7 54
7 55
7 57
7 61
7 64
7 66
7 82
7 84
7 88
7 93
7 97
7 99
7 105
7 108
8 13
8 20
8 23
8 25
8 26
8 31
8 32
8 38
8 43
8 49
8 54
8 55
8 58
8 59
8 62
8 65
8 67
8 71
8 73
8 79
8 81
8 83
8 87
8 88
8 91
8 93
8 94
8 100
8 109
9 15
9 16
9 25
9 26
9 28
9 31
9 33
9 36
9 38
9 45
9 47
9 49
9 51
9 52
9 53
9 57
9 58
9 60
9 63
9 64
9 66
9 68
9 69
9 71
9 72
9 74
9 75
9 78
9 81
9 85
9 95
9 97
9 101
9 102
9 106
9 109
10 14
10 16
10 30
10 38
10 39
10 40
10 43
10 44
10 46
10 47
10 48
10 50
10 51
10 56
10 59
10 62
10 64
10 67
10 71
10 73
10 78
10 86
10 87
10 94
10 96
10 102
10 103
10 106
11 14
11 15
11 25
11 28
11 29
11 32
11 33
11 37
11 39
11 41
11 43
11 48
11 50
11 54
11 62
11 68
11 70
11 75
11 77
11 78
11 87
11 88
11 89
11 90
11 95
11 97
11 98
11 99
11 100
11 108
11 109
12 17
12 26
12 31
12 35
12 37
12 39
12 44
12 47
12 49
12 53
12 66
12 70
12 77
12 80
12 82
12 85
12 88
12 100
12 105
12 107
12 108
13 16
13 17
13 18
13 20
13 22
13 26
13 30
13 33
13 34
13 35
13 38
13 47
13 50
13 51
13 53
13 57
13 60
13 68
13 73
13 74
13 76
13 86
13 94
13 97
13 101
13 103
13 104
13 105
13 107
13 108
13 109
14 15
14 25
14 27
14 29
14 36
14 45
14 47
14 48
14 54
14 56
14 57
14 64
14 65
14 72
14 76
14 80
14 82
14 88
14 92
14 93
14 101
14 102
14 104
14 108
15 19
15 26
15 32
15 40
15 43
15 44
15 46
15 47
15 48
15 50
15 52
15 57
15 61
15 63
15 74
15 76
15 78
15 79
15 80
15 82
15 83
15 88
15 96
15 97
15 106
16 17
16 21
16 23
16 25
16 30
16 31
16 34
16 38
16 43
16 47
16 48
16 49
16 52
16 54
16 56
16 57
16 63
16 64
16 67
16 69
16 74
16 78
16 79
16 82
16 84
16 86
16 99
16 103
16 105
16 107
16 109
17 23
17 26
17 28
17 35
17 38
17 39
17 43
17 50
17 62
17 64
17 66
17 71
17 78
17 86
17 87
17 89
17 90
17 94
17 102
17 106
17 107
18 22
18 23
18 25
18 33
18 36
18 37
18 41
18 42
18 46
18 53
18 57
18 60
18 69
18 76
18 77
18 84
18 85
18 89
18 92
18 94
18 96
18 98
18 107
19 22
19 25
19 26
19 29
19 30
19 35
19 36
19 39
19 44
19 45
19 49
19 52
19 56
19 58
19 61
19 69
19 70
19 71
19 76
19 82
19 86
19 89
19 93
19 94
19 97
19 98
19 99
19 103
19 104
20 26
20 30
20 31
20 32
20 33
20 45
20 46
20 47
20 50
20 51
20 53
20 54
20 56
20 57
20 61
20 63
20 64
20 66
20 79
20 81
20 87
20 90
20 92
20 93
20 94
20 99
20 102
20 103
20 104
21 29
21 30
21 33
21 35
21 39
21 40
21 43
21 46
21 47
21 48
21 50
21 51
21 53
21 55
21 56
21 57
21 58
21 64
21 65
21 70
21 76
21 78
21 81
21 83
21 86
21 90
21 97
21 99
21 102
21 109
22 23
22 24
22 33
22 35
22 36
22 38
22 40
22 43
22 46
22 53
22 59
22 64
22 65
22 70
22 72
22 75
22 76
22 79
22 83
22 84
22 89
22 90
22 92
22 94
22 98
22 100
22 101
22 104
22 109
23 30
23 33
23 36
23 37
23 38
23 48
23 52
23 56
23 57
23 60
23 63
23 65
23 73
23 77
23 81
23 90
23 91
23 99
23 101
23 102
24 25
24 29
24 30
24 36
24 40
24 45
24 50
24 51
24 52
24 55
24 58
24 60
24 64
24 65
24 66
24 67
24 74
24 79
24 81
24 84
24 88
24 92
24 97
24 98
24 99
24 100
24 101
24 105
24 106
25 27
25 38
25 40
25 41
25 42
25 43
25 51
25 52
25 53
25 55
25 58
25 60
25 62
25 64
25 66
25 69
25 70
25 71
25 72
25 77
25 81
25 84
25 85
25 89
25 98
25 99
25 101
25 103
25 104
26 31
26 53
26 59
26 62
26 65
26 67
26 68
26 70
26 72
26 76
26 77
26 83
26 91
26 93
26 95
26 98
26 102
26 104
27 28
27 29
27 35
27 47
27 48
27 49
27 51
27 53
27 55
27 58
27 61
27 64
27 66
27 70
27 73
27 74
27 75
27 76
27 83
27 84
27 86
27 90
27 91
27 94
27 99
27 104
27 105
27 106
27 109
28 41
28 44
28 47
28 53
28 64
28 65
28 67
28 70
28 72
28 73
28 76
28 79
28 80
28 88
28 90
28 91
28 95
28 96
28 97
28 98
28 100
28 101
29 31
29 33
29 37
29 38
29 39
29 41
29 48
29 54
29 55
29 58
29 61
29 62
29 63
29 64
29 67
29 69
29 70
29 72
29 74
29 75
29 81
29 82
29 85
29 90
29 99
29 102
29 103
29 104
29 107
29 108
30 32
30 35
30 37
30 42
30 43
30 44
30 45
30 46
30 48
30 49
30 54
30 56
30 57
30 65
30 68
30 71
30 74
30 77
30 79
30 81
30 83
30 84
30 90
30 91
30 95
30 102
30 106
30 109
31 33
31 36
31 38
31 40
31 41
31 42
31 50
31 53
31 55
31 56
31 62
31 66
31 67
31 71
31 74
31 81
31 88
31 93
31 95
31 96
31 98
31 107
31 108
31 109
32 35
32 37
32 38
32 40
32 43
32 48
32 52
32 55
32 59
32 60
32 61
32 63
32 72
32 75
32 76
32 83
32 85
32 88
32 90
32 93
32 95
32 97
32 98
32 100
32 101
32 106
33 34
33 39
33 40
33 42
33 51
33 59
33 61
33 67
33 69
33 84
33 85
33 86
33 88
33 92
33 94
33 107
34 37
34 39
34 41
34 43
34 47
34 49
34 54
34 59
34 60
34 63
34 65
34 72
34 79
34 85
34 88
34 89
34 90
34 94
34 97
34 103
34 105
34 107
35 36
35 43
35 45
35 52
35 58
35 63
35 64
35 65
35 66
35 67
35 71
35 72
35 73
35 77
35 82
35 83
35 85
35 87
35 88
35 97
35 99
35 101
35 104
35 105
35 106
36 45
36 46
36 49
36 50
36 51
36 52
36 53
36 56
36 57
36 58
36 59
36 61
36 62
36 67
36 72
36 73
36 77
36 87
36 92
36 93
36 94
36 95
36 96
36 99
36 103
36 106
36 107
37 38
37 39
37 40
37 50
37 51
37 56
37 59
37 60
37 64
37 67
37 70
37 74
37 75
37 77
37 82
37 97
37 99
37 100
37 103
37 104
37 108
37 109
38 39
38 41
38 43
38 50
38 55
38 56
38 60
38 61
38 66
38 68
38 69
38 70
38 72
38 73
38 80
38 87
38 88
38 93
38 98
38 99
38 101
38 102
38 105
38 106
38 107
38 109
39 40
39 43
39 46
39 48
39 50
39 59
39 66
39 67
39 68
39 81
39 94
39 95
39 98
39 99
39 105
39 106
39 108
39 109
40 43
40 50
40 55
40 57
40 60
40 62
40 66
40 69
40 73
40 74
40 80
40 81
40 86
40 90
40 92
40 93
40 94
40 98
40 99
40 105
40 107
40 108
41 44
41 56
41 58
41 62
41 63
41 64
41 65
41 68
41 75
41 79
41 85
41 88
41 89
41 90
41 93
41 102
41 103
41 107
41 108
42 46
42 48
42 52
42 53
42 60
42 62
42 63
42 66
42 67
42 69
42 72
42 77
42 79
42 81
42 83
42 89
42 93
42 94
42 95
42 97
42 99
42 101
42 106
42 109
43 50
43 51
43 52
43 55
43 59
43 61
43 64
43 65
43 70
43 76
43 77
43 80
43 81
43 83
43 88
43 91
43 97
43 102
43 109
44 51
44 53
44 55
44 66
44 67
44 68
44 70
44 79
44 80
44 83
44 85
44 86
44 87
44 96
44 106
44 108
45 46
45 50
45 52
45 53
45 57
45 59
45 60
45 68
45 69
45 72
45 76
45 80
45 88
45 89
45 92
45 93
45 100
45 101
45 103
46 51
46 62
46 66
46 67
46 73
46 75
46 76
46 77
46 82
46 84
46 89
46 95
46 100
46 101
46 104
46 107
46 108
46 109
47 52
47 54
47 56
47 57
47 58
47 65
47 70
47 72
47 80
47 83
47 86
47 93
47 95
47 100
47 102
47 104
47 106
47 108
47 109
48 51
48 53
48 54
48 58
48 60
48 61
48 70
48 71
48 75
48 78
48 79
48 80
48 86
48 90
48 92
48 104
48 107
48 108
49 50
49 52
49 55
49 60
49 61
49 63
49 64
49 67
49 69
49 79
49 86
49 89
49 90
49 91
49 94
49 95
49 97
49 100
49 105
50 57
50 58
50 59
50 61
50 62
50 64
50 65
50 73
50 74
50 78
50 88
50 94
50 98
51 52
51 59
51 60
51 63
51 77
51 81
51 85
51 86
51 92
51 102
51 107
52 53
52 55
52 57
52 64
52 67
52 69
52 71
52 73
52 74
52 76
52 77
52 78
52 82
52 84
52 87
52 89
52 92
52 95
52 102
52 107
53 58
53 63
53 65
53 67
53 75
53 77
53 81
53 84
53 85
53 88
53 89
53 91
53 94
53 97
53 99
53 105
53 108
54 55
54 57
54 58
54 59
54 61
54 63
54 67
54 69
54 70
54 75
54 77
54 78
54 85
54 88
54 89
54 92
54 96
54 104
54 105
54 106
54 108
55 56
55 57
55 58
55 59
55 63
55 67
55 70
55 74
55 87
55 88
55 90
55 91
55 97
55 105
56 57
56 59
56 62
56 66
56 70
56 73
56 76
56 78
56 79
56 84
56 88
56 92
56 94
56 97
56 101
56 105
56 106
56 107
57 62
57 64
57 67
57 68
57 72
57 73
57 74
57 75
57 77
57 79
57 81
57 83
57 85
57 89
57 94
57 102
57 104
57 105
57 108
58 59
58 62
58 63
58 65
58 67
58 71
58 75
58 77
58 78
58 84
58 89
58 93
58 94
58 95
58 100
58 104
58 106
59 63
59 67
59 69
59 71
59 84
59 85
59 86
59 89
59 94
59 96
59 98
59 101
59 105
59 107
60 72
60 75
60 76
60 78
60 82
60 83
60 87
60 89
60 97
60 99
60 101
60 102
60 103
60 105
60 107
60 109
61 68
61 70
61 71
61 72
61 73
61 76
61 77
61 79
61 80
61 82
61 85
61 98
61 99
61 103
62 63
62 69
62 73
62 74
62 78
62 80
62 81
62 83
62 84
62 86
62 89
62 91
62 93
62 96
62 100
62 106
62 108
63 68
63 73
63 79
63 81
63 83
63 87
63 90
63 91
63 100
63 101
63 103
63 104
63 107
64 66
64 67
64 69
64 72
64 81
64 86
64 88
64 95
64 96
64 100
64 101
64 104
64 105
64 106
64 107
65 67
65 70
65 71
65 72
65 75
65 80
65 81
65 84
65 85
65 91
65 94
65 100
66 68
66 69
66 74
66 77
66 82
66 86
66 88
66 96
66 99
66 100
66 105
66 106
67 71
67 78
67 83
67 84
67 85
67 87
67 93
67 94
67 96
67 97
67 98
67 106
67 107
68 78
68 80
68 83
68 90
68 93
68 94
68 97
68 102
68 109
69 71
69 75
69 89
69 90
69 91
69 92
69 103
69 106
69 109
70 72
70 73
70 74
70 75
70 76
70 84
70 85
70 94
70 96
70 101
70 103
70 105
71 73
71 75
71 76
71 77
71 84
71 86
71 87
71 89
71 90
71 93
71 97
71 99
71 100
71 102
71 105
71 107
72 81
72 84
72 85
72 93
72 94
72 99
72 106
72 109
73 78
73 82
73 84
73 90
73 91
73 95
73 96
73 97
73 99
73 101
73 106
73 107
73 109
74 75
74 76
74 89
74 91
74 93
74 94
74 95
74 97
74 102
74 105
74 108
75 76
75 77
75 79
75 82
75 83
75 89
75 90
75 93
75 98
75 103
75 108
76 79
76 84
76 88
76 90
76 91
76 94
76 105
76 106
77 80
77 81
77 91
77 100
77 103
77 106
77 108
77 109
78 81
78 82
78 86
78 90
78 93
78 97
78 103
78 105
78 109
79 83
79 85
79 89
79 90
79 93
79 94
79 95
79 97
79 102
79 107
80 81
80 87
80 90
80 93
80 98
80 100
80 102
80 104
80 105
80 108
81 91
81 93
81 95
81 96
81 97
81 102
82 84
82 88
82 91
82 92
82 94
82 95
82 96
82 107
83 84
83 85
83 86
83 87
83 88
83 89
83 91
83 92
83 99
83 100
83 106
83 107
83 108
84 91
84 92
84 93
84 96
84 97
84 98
84 99
84 100
84 101
84 106
84 107
84 108
85 86
85 91
85 94
85 103
86 89
86 99
86 100
86 102
86 104
86 105
86 108
86 109
87 89
87 90
87 99
87 100
87 102
87 104
87 107
87 109
88 93
88 97
88 101
88 105
88 106
88 107
88 108
89 95
89 102
89 107
90 96
90 100
90 106
90 107
91 93
91 94
91 95
91 97
91 99
91 102
91 104
91 105
92 96
92 98
92 105
92 106
92 107
93 95
93 98
93 99
93 100
93 105
93 106
93 107
93 109
94 100
94 104
94 105
94 108
95 97
95 101
95 106
96 98
96 102
96 106
97 98
97 99
97 100
97 107
98 103
98 105
99 104
99 105
99 106
99 109
100 108
101 102
101 103
101 105
102 109
103 104
104 107
105 106
105 108
81 41 94 11 97 10 107 82 70 101 77 37 39 25 36 63 92 28 66 99 96 51 52 33 104 46 69 18 60 49 65 24 19
23 45 53 84 1 7 105 68 40 88 20 74 87 2 14 106 62 67 86 79 57 59 3 6 35 44 102 78 16 80 72 58 75
26 34 38 21 9 42 15 48 8 83 5 76 22 95 93 50 85 90 43 29 108 54 98 30 31 109 0 4 55 71 47 100 17
27 64 61 56 12 91 89 13 32 103 73
