170
2846
7
37.13
91.97
34.45
41.77
51.3
98.46
17.55
0 4
0 17
0 22
0 30
0 35
0 42
0 54
0 55
0 59
0 62
0 73
0 75
0 79
0 87
0 91
0 109
0 112
0 114
0 131
0 132
0 133
0 146
0 156
0 169
1 11
1 20
1 21
1 22
1 25
1 35
1 40
1 41
1 44
1 46
1 52
1 55
1 61
1 63
1 64
1 65
1 68
1 69
1 74
1 76
1 86
1 94
1 115
1 118
1 121
1 132
1 134
1 144
1 147
1 159
1 169
2 8
2 10
2 21
2 30
2 37
2 49
2 53
2 54
2 65
2 77
2 78
2 83
2 85
2 92
2 98
2 100
2 111
2 112
2 115
2 117
2 125
2 126
2 129
2 137
2 143
2 144
2 145
2 152
2 153
2 157
2 161
2 164
2 165
3 5
3 8
3 14
3 21
3 31
3 34
3 44
3 46
3 48
3 68
3 70
3 73
3 74
3 76
3 77
3 82
3 96
3 99
3 100
3 107
3 109
3 114
3 118
3 121
3 124
3 135
3 141
3 148
3 151
3 152
3 158
3 164
3 165
3 168
4 9
4 12
4 15
4 17
4 22
4 23
4 39
4 40
4 44
4 48
4 59
4 60
4 66
4 69
4 85
4 87
4 88
4 91
4 96
4 97
4 102
4 104
4 105
4 106
4 111
4 115
4 117
4 130
4 140
4 148
4 152
4 156
4 160
4 162
4 168
5 10
5 22
5 25
5 26
5 31
5 32
5 33
5 34
5 35
5 41
5 43
5 49
5 50
5 53
5 62
5 63
5 69
5 73
5 76
5 77
5 85
5 89
5 93
5 94
5 97
5 112
5 117
5 122
5 131
5 140
5 146
5 162
5 167
6 15
6 28
6 33
6 37
6 40
6 46
6 55
6 57
6 59
6 61
6 70
6 71
6 75
6 82
6 84
6 88
6 94
6 95
6 106
6 111
6 112
6 115
6 125
6 128
6 136
6 138
6 142
6 143
6 146
6 153
6 161
6 163
6 167
7 10
7 13
7 16
7 23
7 26
7 31
7 34
7 35
7 40
7 41
7 42
7 49
7 53
7 54
7 56
7 65
7 70
7 73
7 95
7 111
7 117
7 126
7 130
7 134
7 135
7 141
7 147
7 151
7 154
7 159
7 164
8 14
8 17
8 19
8 21
8 29
8 30
8 38
8 39
8 44
8 45
8 47
8 52
8 53
8 55
8 57
8 62
8 67
8 68
8 69
8 81
8 84
8 85
8 86
8 89
8 91
8 96
8 99
8 100
8 105
8 109
8 111
8 112
8 116
8 117
8 127
8 129
8 134
8 143
8 144
8 161
8 164
8 166
8 167
9 15
9 16
9 19
9 20
9 22
9 23
9 24
9 29
9 31
9 38
9 45
9 46
9 49
9 53
9 58
9 71
9 72
9 77
9 83
9 87
9 89
9 91
9 93
9 107
9 108
9 111
9 112
9 114
9 119
9 123
9 127
9 129
9 135
9 136
9 138
9 147
9 152
9 155
9 160
9 164
9 168
10 12
10 17
10 20
10 26
10 33
10 39
10 43
10 49
10 50
10 51
10 56
10 64
10 66
10 70
10 78
10 85
10 87
10 96
10 99
10 100
10 108
10 114
10 121
10 122
10 131
10 134
10 139
10 143
10 153
10 163
10 164
11 12
11 18
11 31
11 33
11 41
11 47
11 60
11 61
11 66
11 88
11 89
11 94
11 97
11 98
11 103
11 104
11 114
11 115
11 128
11 136
11 144
11 147
11 148
11 150
11 167
12 18
12 22
12 30
12 32
12 38
12 39
12 40
12 42
12 43
12 47
12 48
12 49
12 72
12 78
12 79
12 90
12 92
12 98
12 101
12 118
12 126
12 131
12 134
12 144
12 151
12 156
12 157
12 165
12 166
13 15
13 17
13 23
13 26
13 27
13 43
13 46
13 50
13 54
13 56
13 57
13 58
13 73
13 74
13 76
13 78
13 85
13 92
13 102
13 105
13 108
13 113
13 121
13 123
13 128
13 137
13 138
13 141
13 142
13 145
13 157
13 158
13 161
13 166
13 167
14 20
14 24
14 29
14 39
14 42
14 55
14 61
14 69
14 75
14 77
14 80
14 82
14 100
14 104
14 107
14 114
14 119
14 123
14 128
14 131
14 134
14 135
14 164
14 168
15 18
15 26
15 34
15 38
15 53
15 56
15 58
15 59
15 64
15 67
15 74
15 75
15 82
15 83
15 105
15 108
15 114
15 115
15 118
15 123
15 124
15 128
15 130
15 135
15 140
15 146
15 150
15 151
15 156
15 157
15 166
16 23
16 25
16 27
16 28
16 56
16 63
16 67
16 68
16 70
16 77
16 80
16 81
16 90
16 91
16 95
16 99
16 104
16 108
16 124
16 136
16 138
16 141
16 145
16 147
16 153
16 165
16 166
17 24
17 27
17 31
17 36
17 37
17 47
17 56
17 57
17 62
17 67
17 68
17 75
17 78
17 82
17 83
17 97
17 100
17 101
17 109
17 111
17 123
17 126
17 127
17 128
17 137
17 142
17 143
17 146
17 147
17 149
17 150
17 154
17 159
17 164
17 165
17 167
17 168
18 27
18 30
18 34
18 49
18 51
18 54
18 55
18 56
18 62
18 78
18 81
18 88
18 114
18 118
18 119
18 136
18 137
18 138
18 139
18 142
18 145
18 153
18 162
19 26
19 28
19 40
19 43
19 44
19 49
19 54
19 55
19 58
19 65
19 68
19 72
19 77
19 79
19 80
19 85
19 87
19 93
19 97
19 99
19 112
19 116
19 126
19 133
19 139
19 146
19 159
20 23
20 35
20 38
20 39
20 41
20 56
20 57
20 67
20 72
20 73
20 75
20 76
20 81
20 89
20 90
20 92
20 102
20 103
20 121
20 123
20 126
20 130
20 136
20 140
20 143
20 155
20 158
20 161
21 23
21 28
21 30
21 35
21 40
21 42
21 44
21 47
21 48
21 52
21 55
21 56
21 60
21 61
21 63
21 65
21 66
21 67
21 74
21 78
21 83
21 93
21 107
21 108
21 116
21 119
21 123
21 132
21 152
21 153
21 158
21 165
21 168
22 31
22 38
22 42
22 44
22 48
22 51
22 56
22 57
22 64
22 68
22 69
22 84
22 102
22 107
22 111
22 116
22 117
22 124
22 136
22 147
22 165
22 166
23 25
23 27
23 28
23 35
23 43
23 44
23 47
23 48
23 56
23 84
23 87
23 89
23 92
23 93
23 98
23 99
23 100
23 101
23 103
23 104
23 105
23 116
23 130
23 131
23 134
23 138
23 143
23 144
23 148
23 154
23 155
23 160
23 162
23 167
24 25
24 27
24 28
24 29
24 36
24 43
24 49
24 54
24 55
24 60
24 62
24 67
24 68
24 71
24 73
24 78
24 81
24 87
24 96
24 103
24 107
24 108
24 110
24 111
24 120
24 125
24 135
24 136
24 141
24 148
24 157
24 165
25 36
25 39
25 46
25 49
25 52
25 61
25 74
25 77
25 86
25 90
25 97
25 100
25 131
25 133
25 146
25 151
25 158
25 160
25 161
26 38
26 52
26 66
26 68
26 80
26 84
26 86
26 87
26 88
26 90
26 97
26 98
26 99
26 106
26 108
26 113
26 123
26 124
26 125
26 130
26 146
26 148
26 155
26 164
26 166
26 168
27 36
27 43
27 52
27 53
27 56
27 59
27 66
27 67
27 72
27 78
27 84
27 85
27 87
27 95
27 101
27 103
27 114
27 116
27 121
27 139
27 143
27 152
27 154
27 158
27 160
28 30
28 31
28 33
28 41
28 42
28 72
28 73
28 76
28 105
28 108
28 112
28 114
28 123
28 125
28 127
28 131
28 137
28 141
28 153
28 158
28 161
28 163
28 168
29 32
29 40
29 45
29 58
29 63
29 70
29 76
29 77
29 89
29 100
29 108
29 111
29 115
29 119
29 120
29 123
29 126
29 128
29 132
29 136
29 138
29 142
29 150
29 151
29 159
29 163
29 164
29 168
30 36
30 38
30 44
30 46
30 47
30 56
30 58
30 69
30 71
30 72
30 74
30 79
30 97
30 100
30 111
30 125
30 127
30 131
30 139
30 143
30 150
30 160
30 162
30 164
30 165
31 37
31 38
31 39
31 41
31 43
31 46
31 53
31 61
31 65
31 71
31 76
31 90
31 93
31 95
31 105
31 112
31 114
31 122
31 124
31 127
31 131
31 143
31 147
31 151
31 154
31 155
31 159
31 160
32 34
32 47
32 48
32 51
32 57
32 59
32 61
32 65
32 76
32 82
32 83
32 86
32 99
32 102
32 103
32 105
32 108
32 109
32 110
32 114
32 123
32 134
32 145
32 149
32 151
32 160
32 162
32 165
33 36
33 37
33 44
33 48
33 50
33 51
33 52
33 59
33 62
33 71
33 77
33 85
33 97
33 99
33 106
33 110
33 112
33 116
33 120
33 122
33 128
33 137
33 138
33 141
33 153
33 161
34 35
34 47
34 50
34 54
34 56
34 57
34 59
34 62
34 63
34 64
34 78
34 84
34 87
34 89
34 97
34 101
34 109
34 110
34 111
34 119
34 122
34 127
34 129
34 138
34 153
34 155
34 159
34 166
35 38
35 41
35 43
35 47
35 50
35 54
35 57
35 66
35 69
35 72
35 76
35 83
35 84
35 86
35 88
35 89
35 93
35 94
35 96
35 102
35 104
35 105
35 106
35 107
35 110
35 111
35 112
35 120
35 123
35 129
35 130
35 132
35 134
35 137
35 140
35 143
35 146
35 154
35 164
35 166
36 37
36 39
36 47
36 52
36 53
36 57
36 58
36 62
36 71
36 79
36 84
36 87
36 95
36 104
36 105
36 113
36 114
36 115
36 116
36 118
36 122
36 126
36 127
36 133
36 140
36 143
36 153
36 158
36 163
36 164
37 47
37 50
37 55
37 58
37 62
37 68
37 73
37 80
37 92
37 96
37 99
37 102
37 108
37 113
37 117
37 130
37 138
37 142
37 146
37 148
37 151
37 157
37 163
37 165
37 166
37 167
38 42
38 47
38 54
38 72
38 73
38 81
38 88
38 97
38 102
38 106
38 115
38 117
38 119
38 127
38 133
38 141
38 142
38 143
38 155
38 157
38 158
38 159
38 160
39 42
39 46
39 48
39 52
39 54
39 55
39 57
39 59
39 63
39 66
39 74
39 93
39 94
39 100
39 103
39 104
39 106
39 117
39 122
39 135
39 143
39 146
39 149
39 151
39 155
39 160
39 161
40 47
40 49
40 50
40 55
40 59
40 63
40 65
40 69
40 73
40 75
40 80
40 82
40 84
40 86
40 88
40 89
40 95
40 96
40 103
40 117
40 122
40 123
40 129
40 134
40 142
40 146
40 151
40 156
40 159
40 160
40 161
41 42
41 53
41 57
41 63
41 65
41 69
41 88
41 91
41 95
41 101
41 102
41 109
41 117
41 118
41 124
41 128
41 135
41 152
41 153
41 160
41 161
42 53
42 58
42 60
42 61
42 68
42 69
42 72
42 77
42 82
42 87
42 106
42 107
42 116
42 119
42 128
42 130
42 133
42 137
42 138
42 139
42 142
42 144
42 147
42 149
42 150
42 159
42 160
42 166
42 168
43 49
43 57
43 61
43 63
43 90
43 115
43 123
43 129
43 144
43 145
43 146
43 147
43 163
43 168
44 45
44 52
44 55
44 57
44 63
44 65
44 73
44 81
44 82
44 87
44 89
44 91
44 96
44 97
44 99
44 102
44 108
44 119
44 124
44 132
44 135
44 138
44 156
45 57
45 60
45 65
45 68
45 69
45 73
45 76
45 80
45 81
45 84
45 85
45 92
45 93
45 106
45 121
45 122
45 126
45 137
45 144
45 146
45 150
45 161
45 164
45 166
45 167
46 47
46 48
46 50
46 54
46 63
46 64
46 68
46 76
46 79
46 99
46 101
46 121
46 123
46 126
46 127
46 130
46 134
46 150
46 156
46 159
46 162
46 163
46 166
47 62
47 68
47 81
47 84
47 88
47 99
47 106
47 114
47 115
47 116
47 120
47 126
47 127
47 130
47 146
47 148
47 149
47 151
47 152
47 156
47 157
48 49
48 51
48 54
48 57
48 60
48 72
48 73
48 81
48 88
48 91
48 92
48 94
48 95
48 101
48 113
48 114
48 115
48 121
48 122
48 129
48 136
48 137
48 140
48 146
48 151
48 155
48 156
48 161
48 165
48 167
49 70
49 71
49 74
49 79
49 80
49 94
49 97
49 101
49 109
49 113
49 119
49 124
49 126
49 129
49 131
49 132
49 135
49 153
49 157
49 160
49 163
49 165
50 51
50 52
50 54
50 57
50 65
50 70
50 71
50 74
50 75
50 81
50 84
50 93
50 96
50 98
50 104
50 107
50 117
50 132
50 138
50 145
50 148
50 159
50 167
50 169
51 62
51 73
51 84
51 85
51 88
51 90
51 94
51 96
51 100
51 105
51 111
51 116
51 121
51 122
51 125
51 126
51 134
51 137
51 138
51 143
51 160
51 162
51 163
51 167
51 168
52 56
52 59
52 66
52 68
52 69
52 82
52 84
52 87
52 94
52 100
52 106
52 111
52 116
52 119
52 120
52 123
52 126
52 128
52 129
52 130
52 148
52 149
52 150
52 159
52 160
52 162
53 62
53 72
53 74
53 89
53 92
53 95
53 99
53 111
53 116
53 117
53 118
53 120
53 123
53 127
53 133
53 134
53 137
53 145
53 157
53 164
53 165
53 166
53 167
53 169
54 61
54 69
54 74
54 75
54 76
54 78
54 79
54 81
54 82
54 89
54 90
54 98
54 99
54 100
54 102
54 103
54 107
54 114
54 118
54 125
54 129
54 130
54 134
54 135
54 139
54 140
54 142
54 156
54 157
54 158
55 59
55 65
55 68
55 70
55 73
55 78
55 80
55 81
55 84
55 90
55 92
55 101
55 103
55 104
55 109
55 116
55 120
55 122
55 123
55 124
55 126
55 146
55 161
55 163
55 164
55 166
55 167
55 168
56 60
56 63
56 67
56 86
56 88
56 92
56 100
56 111
56 119
56 142
56 143
56 146
56 153
56 159
56 161
56 164
56 168
57 66
57 69
57 72
57 78
57 88
57 89
57 93
57 94
57 95
57 96
57 109
57 110
57 120
57 123
57 140
57 150
57 151
57 157
57 163
57 165
57 167
58 64
58 76
58 78
58 81
58 85
58 96
58 108
58 116
58 117
58 119
58 124
58 126
58 132
58 143
58 148
58 150
58 155
58 156
58 158
58 159
58 161
59 62
59 66
59 74
59 79
59 82
59 100
59 105
59 106
59 120
59 143
59 148
59 150
59 158
59 166
59 167
60 61
60 64
60 66
60 68
60 74
60 75
60 77
60 82
60 83
60 87
60 100
60 104
60 119
60 123
60 124
60 129
60 132
60 140
60 143
60 144
60 145
60 148
60 157
60 158
60 163
60 168
61 75
61 79
61 87
61 91
61 95
61 98
61 99
61 100
61 102
61 104
61 107
61 112
61 124
61 125
61 127
61 131
61 136
61 141
61 156
61 157
62 63
62 67
62 68
62 69
62 72
62 89
62 96
62 103
62 112
62 117
62 120
62 123
62 126
62 130
62 132
62 139
62 148
62 154
62 156
62 161
62 162
62 167
62 169
63 67
63 70
63 79
63 81
63 84
63 91
63 119
63 120
63 122
63 138
63 149
63 157
63 160
64 67
64 82
64 83
64 91
64 94
64 95
64 99
64 101
64 103
64 104
64 105
64 108
64 111
64 113
64 116
64 120
64 121
64 123
64 125
64 132
64 139
64 143
64 144
64 151
64 154
64 161
64 162
64 163
64 164
64 165
64 166
65 70
65 80
65 83
65 94
65 100
65 101
65 112
65 123
65 124
65 128
65 132
65 137
65 152
65 155
65 159
65 164
65 167
66 67
66 71
66 75
66 79
66 81
66 98
66 99
66 100
66 101
66 102
66 105
66 106
66 108
66 111
66 120
66 123
66 127
66 128
66 129
66 135
66 142
66 144
66 147
66 155
66 156
66 160
66 162
66 163
66 167
66 168
67 75
67 85
67 97
67 100
67 111
67 114
67 116
67 129
67 136
67 137
67 142
67 157
67 158
67 162
67 163
67 166
67 169
68 69
68 73
68 74
68 80
68 87
68 91
68 95
68 103
68 105
68 106
68 111
68 113
68 115
68 116
68 119
68 120
68 122
68 130
68 132
68 133
68 136
68 137
68 145
68 146
68 153
69 70
69 80
69 88
69 94
69 100
69 102
69 105
69 108
69 110
69 117
69 122
69 123
69 127
69 128
69 129
69 135
69 137
69 146
69 154
69 161
69 162
69 166
69 167
70 80
70 86
70 88
70 91
70 92
70 96
70 98
70 101
70 102
70 112
70 116
70 117
70 119
70 134
70 135
70 139
70 141
70 142
70 144
70 149
70 150
70 152
70 157
70 159
70 160
71 76
71 82
71 84
71 86
71 87
71 88
71 89
71 97
71 100
71 103
71 105
71 109
71 110
71 112
71 113
71 117
71 120
71 125
71 134
71 135
71 138
71 146
71 149
71 150
71 152
71 159
71 161
71 166
72 82
72 86
72 97
72 104
72 107
72 113
72 115
72 118
72 119
72 121
72 122
72 124
72 125
72 131
72 132
72 135
72 137
72 141
72 149
72 155
72 156
72 161
72 164
72 168
73 80
73 84
73 88
73 89
73 99
73 105
73 106
73 109
73 111
73 116
73 124
73 126
73 128
73 130
73 131
73 147
73 151
73 155
73 156
74 80
74 86
74 87
74 89
74 98
74 99
74 110
74 111
74 118
74 132
74 135
74 147
74 148
74 157
74 163
75 76
75 78
75 84
75 93
75 94
75 98
75 101
75 102
75 105
75 116
75 121
75 123
75 139
75 146
75 151
75 159
75 165
75 166
76 78
76 82
76 95
76 96
76 103
76 106
76 112
76 114
76 116
76 119
76 132
76 138
76 153
76 154
76 158
76 162
76 163
76 165
76 169
77 78
77 82
77 83
77 87
77 95
77 97
77 100
77 102
77 106
77 111
77 115
77 130
77 138
77 140
77 144
77 146
77 161
77 169
78 85
78 86
78 104
78 110
78 112
78 118
78 121
78 133
78 139
78 143
78 145
78 147
78 149
78 155
78 158
78 168
79 94
79 98
79 109
79 116
79 119
79 139
79 140
79 147
79 154
79 158
79 161
79 165
79 167
80 92
80 106
80 112
80 123
80 138
80 142
80 150
80 155
81 86
81 88
81 90
81 96
81 103
81 108
81 114
81 117
81 123
81 124
81 130
81 131
81 133
81 140
81 148
81 154
81 156
82 94
82 96
82 97
82 99
82 100
82 137
82 145
82 154
82 160
83 84
83 86
83 91
83 101
83 106
83 110
83 115
83 116
83 124
83 125
83 129
83 138
83 139
83 140
83 141
83 145
83 157
83 161
83 163
83 164
84 86
84 87
84 92
84 105
84 106
84 107
84 115
84 124
84 126
84 128
84 145
84 146
84 155
84 156
84 163
84 164
84 165
84 168
85 92
85 94
85 103
85 107
85 113
85 121
85 122
85 125
85 133
85 141
85 144
85 146
85 151
85 160
85 161
85 168
86 91
86 92
86 94
86 102
86 104
86 105
86 107
86 109
86 112
86 122
86 132
86 135
86 141
86 142
86 154
86 157
86 162
87 100
87 102
87 107
87 111
87 113
87 115
87 117
87 120
87 124
87 126
87 127
87 130
87 144
87 147
87 150
87 155
87 157
87 161
87 168
88 91
88 95
88 99
88 106
88 108
88 114
88 117
88 119
88 135
88 136
88 148
88 151
89 90
89 92
89 102
89 107
89 110
89 117
89 119
89 126
89 127
89 134
89 147
89 151
89 169
90 94
90 95
90 101
90 115
90 117
90 134
90 140
90 142
90 149
90 150
90 158
90 164
90 165
90 168
91 103
91 113
91 116
91 125
91 129
91 136
91 138
91 140
91 147
91 148
91 153
91 157
91 159
91 166
92 107
92 109
92 113
92 115
92 121
92 122
92 127
92 130
92 132
92 135
92 138
92 153
92 162
92 166
92 168
93 99
93 114
93 117
93 118
93 119
93 125
93 128
93 136
93 143
93 149
93 150
93 154
93 157
93 161
93 166
93 168
94 97
94 102
94 109
94 111
94 113
94 116
94 117
94 121
94 122
94 123
94 124
94 126
94 135
94 140
94 144
94 147
94 152
94 168
95 97
95 105
95 106
95 112
95 116
95 125
95 137
95 138
95 146
95 154
95 159
96 98
96 100
96 102
96 103
96 104
96 109
96 112
96 114
96 130
96 137
96 138
96 146
96 147
96 152
96 155
96 159
96 160
96 162
97 103
97 110
97 111
97 114
97 115
97 116
97 124
97 128
97 137
97 144
97 156
97 157
97 160
97 161
97 169
98 100
98 105
98 109
98 114
98 119
98 123
98 129
98 130
98 137
98 141
98 145
98 151
98 158
98 160
99 103
99 106
99 126
99 128
99 132
99 134
99 139
99 142
99 155
99 157
99 164
99 165
100 113
100 115
100 117
100 118
100 119
100 123
100 130
100 133
100 138
100 141
100 147
100 154
101 104
101 105
101 111
101 130
101 134
101 138
101 154
101 160
101 165
101 166
101 167
102 105
102 118
102 119
102 148
102 157
102 159
102 161
102 162
103 105
103 106
103 116
103 117
103 120
103 127
103 128
103 133
103 134
103 139
103 140
103 144
103 146
103 148
103 150
103 151
103 155
104 115
104 125
104 126
104 130
104 136
104 140
104 142
104 143
104 144
104 149
104 156
104 165
104 168
105 108
105 112
105 113
105 117
105 121
105 126
105 129
105 130
105 147
105 148
105 151
105 153
105 154
105 161
105 162
105 166
105 167
105 168
106 131
106 136
106 137
106 140
106 141
106 155
106 158
106 169
107 110
107 131
107 133
107 145
107 147
107 148
107 154
108 113
108 121
108 122
108 131
108 136
108 138
108 142
108 146
108 148
108 150
108 154
108 166
109 111
109 112
109 116
109 128
109 135
109 137
109 138
109 143
109 150
109 153
109 156
109 160
109 163
109 164
109 167
110 111
110 112
110 113
110 118
110 123
110 131
110 138
110 141
110 144
110 145
110 150
110 162
111 114
111 115
111 117
111 137
111 143
111 144
111 146
111 147
111 163
111 164
111 165
111 166
112 115
112 119
112 121
112 124
112 125
112 135
112 142
112 145
112 150
112 151
112 158
112 161
112 166
112 169
113 119
113 125
113 129
113 134
113 143
113 148
113 150
113 153
113 159
113 163
113 167
113 169
114 115
114 117
114 121
114 126
114 139
114 141
114 142
114 143
114 144
114 149
114 153
114 155
114 156
114 159
114 160
114 167
114 168
115 117
115 118
115 122
115 132
115 134
115 135
115 138
115 141
115 146
115 157
115 158
115 159
115 162
115 166
115 169
116 143
116 149
116 156
116 161
116 163
117 120
117 150
117 155
117 165
117 167
117 169
118 119
118 129
118 137
118 139
118 140
118 142
118 148
118 158
118 160
118 168
118 169
119 125
119 133
119 134
119 136
119 140
119 145
119 162
119 165
119 166
120 130
120 135
120 138
120 141
120 144
120 150
120 155
120 157
120 160
120 166
121 125
121 127
121 138
121 142
121 144
121 145
121 158
121 164
121 168
122 124
122 125
122 135
122 158
123 125
123 131
123 137
123 144
123 145
123 149
123 155
123 156
123 157
123 161
123 164
124 131
124 136
124 142
124 152
124 157
124 160
124 162
124 165
125 126
125 132
125 134
125 137
125 138
125 150
125 153
125 154
125 155
125 158
125 163
125 165
125 168
126 138
126 142
126 144
126 146
126 160
127 139
127 141
127 142
127 149
127 154
127 155
127 159
127 160
127 165
127 166
128 132
128 135
128 140
128 144
128 145
128 151
128 156
129 138
129 140
129 144
129 145
129 151
129 159
129 160
129 162
129 163
129 164
129 165
130 134
130 140
130 158
130 162
131 134
131 135
131 138
131 144
131 145
131 149
131 159
131 164
131 166
132 136
132 147
132 152
132 153
132 156
132 159
132 161
132 163
132 167
132 169
133 139
133 140
133 147
133 160
133 161
133 163
133 169
134 135
134 142
134 160
134 165
135 140
135 141
135 147
135 152
135 155
135 161
135 163
135 164
135 168
136 140
136 141
136 145
136 146
136 150
136 151
136 159
136 167
137 143
137 150
137 153
137 161
137 165
138 141
138 142
138 150
138 151
138 155
138 161
138 163
138 164
139 142
139 143
139 145
139 155
139 156
139 158
139 166
139 167
139 168
140 143
140 145
140 154
140 157
140 165
140 167
140 168
141 143
141 144
141 150
141 151
141 157
141 158
141 159
141 161
141 162
141 166
142 145
142 147
142 152
142 153
142 158
142 166
142 167
144 152
144 159
144 160
144 161
144 164
145 150
145 152
145 154
145 158
145 168
146 154
146 162
146 166
146 168
147 150
147 152
147 153
147 154
147 155
147 162
148 149
148 161
148 164
148 169
149 152
149 159
149 163
149 167
150 158
150 159
151 159
151 162
151 169
152 155
152 156
152 158
152 160
152 166
153 155
153 158
153 168
153 169
154 156
154 158
154 159
154 163
154 169
155 158
155 159
155 160
155 162
155 163
155 167
155 169
156 157
158 159
158 162
159 166
160 164
161 164
161 169
162 165
165 166
163 140 131 148 35 107 9 159 58 61 104 60 11 15 12 71 33 8 144 77 63 94 146 95 21
75 106 66 14 20 81 127 134 139 22 29 160 24 6 161 37 155 141 42 19 82 98 49 48 108
38 74 153 121 169 83 105 91 65 76 47 152 73 36 87 59 16 130 100 133 55 157 149 118 80
10 162 7 112 44 119 125 23 84 93 72 79 124 167 18 88 168 156 126 101 113 85 54 31 147
56 129 97 32 39 34 17 90 132 120 45 40 78 13 57 137 43 114 70 67 53 52 46 2 62
64 86 165 96 27 110 166 123 30 69 41 154 128 4 164 92 102 158 3 138 150 0 103 26 116
89 111 115 143 136 142 28 25 135 5 1 50 99 145 109 151 117 68 51 122
