140
962
4
29.56
51.25
43.45
32.01
0 1
0 7
0 16
0 40
0 53
0 62
0 63
0 99
1 2
1 9
1 41
1 46
1 49
1 56
1 57
1 60
1 87
1 107
1 122
1 127
1 132
2 12
2 28
2 31
2 37
2 50
2 63
2 67
2 73
2 85
2 87
2 96
2 103
2 112
3 11
3 19
3 22
3 27
3 38
3 47
3 59
3 61
3 80
3 81
3 83
3 86
3 113
3 123
4 8
4 48
4 49
4 56
4 58
4 59
4 60
4 71
4 79
4 82
4 86
4 98
4 103
4 117
4 125
4 128
4 138
4 139
5 7
5 11
5 14
5 21
5 25
5 36
5 39
5 41
5 43
5 79
5 83
5 104
5 120
5 136
6 13
6 14
6 19
6 27
6 52
6 54
6 57
6 72
6 73
6 75
6 89
6 93
6 101
6 124
6 135
6 138
7 8
7 26
7 44
7 57
7 67
7 73
7 75
7 91
7 94
7 99
7 114
7 128
7 132
8 20
8 51
8 66
8 72
8 87
8 93
8 102
8 108
8 117
8 118
8 121
8 125
8 130
8 134
8 136
8 139
9 16
9 25
9 28
9 34
9 39
9 44
9 46
9 55
9 57
9 66
9 74
9 80
9 97
9 111
10 31
10 38
10 47
10 59
10 88
10 97
10 118
10 123
10 125
10 130
10 131
10 138
11 25
11 37
11 39
11 42
11 76
11 77
11 86
11 93
11 108
11 109
11 119
11 124
11 125
11 139
12 13
12 30
12 31
12 34
12 60
12 79
12 89
12 119
12 121
12 122
12 124
12 129
12 137
13 25
13 29
13 54
13 66
13 75
13 76
13 77
13 80
13 98
13 101
13 117
13 121
14 21
14 37
14 43
14 45
14 64
14 67
14 77
14 89
14 94
14 104
14 132
14 134
14 139
15 19
15 23
15 29
15 37
15 38
15 61
15 68
15 76
15 94
15 97
15 123
15 126
15 130
16 19
16 25
16 42
16 53
16 56
16 61
16 62
16 74
16 84
16 109
16 120
16 137
17 24
17 26
17 36
17 45
17 47
17 49
17 64
17 70
17 86
17 101
17 102
17 110
17 116
17 130
17 131
17 132
17 139
18 33
18 49
18 62
18 68
18 70
18 82
18 100
18 102
18 107
18 118
18 124
18 129
18 132
19 32
19 34
19 40
19 49
19 64
19 67
19 68
19 78
19 127
19 130
19 132
20 25
20 26
20 43
20 46
20 67
20 69
20 82
20 83
20 98
21 27
21 29
21 35
21 39
21 53
21 67
21 69
21 75
21 88
21 94
21 97
21 115
21 117
21 119
21 123
21 125
21 127
22 24
22 26
22 54
22 56
22 67
22 73
22 80
22 82
22 87
22 98
22 113
22 123
22 130
22 136
23 44
23 51
23 93
23 104
23 108
23 119
23 133
24 33
24 37
24 38
24 43
24 60
24 66
24 71
24 81
24 99
24 112
24 115
24 123
24 137
25 26
25 28
25 38
25 40
25 49
25 56
25 58
25 61
25 62
25 69
25 78
25 93
25 94
25 100
25 102
25 137
26 28
26 36
26 39
26 40
26 58
26 68
26 75
26 87
26 91
26 101
26 102
26 115
26 117
26 125
26 127
26 136
27 30
27 42
27 90
27 96
27 99
27 100
27 118
27 125
27 131
27 132
27 134
27 138
28 32
28 38
28 63
28 78
28 127
28 130
29 50
29 54
29 92
29 99
29 104
29 118
29 122
29 125
29 134
30 35
30 54
30 65
30 75
31 37
31 73
31 80
31 92
31 105
31 112
31 121
31 129
32 41
32 62
32 86
32 93
32 94
32 105
32 106
32 108
32 130
33 39
33 47
33 51
33 75
33 80
33 97
33 101
33 105
33 116
33 129
34 35
34 49
34 53
34 75
34 78
34 95
34 103
34 107
34 125
34 130
35 48
35 49
35 57
35 63
35 74
35 88
35 89
35 99
35 106
35 129
36 44
36 55
36 56
36 70
36 74
36 81
36 83
36 84
36 87
36 98
36 128
37 43
37 68
37 80
37 94
37 135
37 136
38 47
38 50
38 51
38 54
38 112
38 122
39 52
39 58
39 69
39 70
39 73
39 75
39 81
39 103
39 107
39 136
40 58
40 71
40 86
40 88
40 106
40 116
40 123
40 134
40 137
41 54
41 62
41 63
41 66
41 67
41 86
41 115
41 125
42 44
42 48
42 62
42 63
42 71
42 77
42 111
42 112
42 126
42 137
42 138
43 80
43 86
43 87
43 93
43 94
43 124
43 132
43 134
43 135
43 136
44 80
44 87
44 94
44 98
44 106
44 112
44 119
44 120
44 121
44 139
45 46
45 72
45 76
45 101
45 134
45 137
45 138
46 56
46 60
46 67
46 77
46 109
46 113
46 115
46 119
46 134
46 136
47 56
47 67
47 88
47 108
47 135
48 58
48 70
48 73
48 85
48 92
48 101
48 104
48 105
48 135
48 138
49 54
49 57
49 62
49 69
49 72
49 82
49 84
49 86
49 93
49 121
49 132
49 136
50 56
50 58
50 60
50 61
50 64
50 77
50 89
50 92
50 93
50 96
50 99
50 102
50 108
50 116
50 136
51 62
51 67
51 76
51 85
51 88
51 100
51 112
51 124
52 61
52 79
52 88
52 91
52 96
52 100
52 111
52 115
52 125
53 61
53 63
53 101
53 105
53 110
53 114
53 115
54 58
54 59
54 62
54 65
54 84
54 87
54 88
54 91
54 99
54 103
54 112
54 113
54 118
54 121
54 124
54 135
55 57
55 64
55 65
55 69
55 70
55 72
55 73
55 74
55 91
55 101
55 110
55 116
55 119
55 136
56 64
56 79
56 112
56 114
56 115
56 139
57 62
57 66
57 67
57 85
57 97
57 109
57 125
57 133
57 138
58 74
58 75
58 91
58 100
58 111
58 120
59 65
59 85
59 91
59 94
59 128
60 70
60 72
60 79
60 114
60 117
60 121
60 124
61 67
61 74
61 75
61 79
61 86
61 88
61 92
61 94
61 101
61 106
61 107
61 109
61 114
61 130
61 133
62 81
62 83
62 87
62 96
62 97
62 101
63 66
63 67
63 70
63 89
63 97
63 99
63 116
63 117
64 66
64 85
64 94
64 97
64 108
64 109
64 111
64 118
64 120
64 127
65 66
65 76
65 78
65 96
65 101
65 124
65 132
66 95
66 110
66 122
66 135
66 138
67 69
67 72
67 88
67 90
67 106
67 110
67 128
67 137
67 139
68 69
68 74
68 97
68 119
68 127
69 85
69 90
69 104
69 113
69 130
69 133
69 135
70 75
70 80
70 88
70 96
70 99
70 113
70 115
70 130
71 80
71 90
71 98
71 105
71 109
71 112
71 113
71 114
71 138
71 139
72 73
72 112
73 78
73 105
73 126
73 131
73 139
74 75
74 86
74 119
74 121
74 122
74 136
74 137
74 139
75 77
75 96
75 103
75 107
75 121
75 122
75 128
75 138
76 97
76 103
76 117
76 119
77 114
77 115
77 117
77 126
77 136
78 81
78 83
78 103
78 105
78 118
78 132
78 139
79 89
79 99
79 102
79 113
79 118
80 81
80 110
80 118
80 122
80 124
80 139
81 87
81 93
81 95
81 98
81 114
81 119
81 124
81 125
82 91
82 119
82 136
82 137
83 107
83 111
83 122
83 132
83 133
83 137
84 89
84 97
84 104
84 138
85 92
85 102
85 115
85 122
85 123
85 124
85 127
85 128
86 94
86 109
86 130
86 131
87 88
87 103
87 107
87 128
87 134
88 91
88 92
88 116
88 123
88 133
88 139
89 112
89 125
89 136
90 105
90 113
90 114
90 121
90 126
90 137
91 102
91 107
91 115
91 121
91 123
91 136
92 98
93 95
93 100
93 108
93 117
93 127
93 133
94 118
94 122
94 138
95 120
95 132
95 136
96 103
96 124
96 134
97 107
97 109
97 131
98 111
98 113
98 137
98 139
100 101
101 103
101 123
101 129
101 136
103 105
103 119
103 122
103 127
103 131
103 133
104 122
105 113
105 117
105 132
106 107
106 112
106 116
106 138
107 126
107 132
107 138
108 116
108 131
109 111
109 119
109 121
109 123
109 132
110 129
111 125
111 130
111 138
112 120
112 123
112 126
112 129
112 130
112 133
112 137
113 123
113 128
113 135
113 136
114 133
115 119
116 133
117 134
117 135
117 138
118 129
118 137
118 139
119 126
119 127
119 131
120 126
120 137
121 131
122 127
122 131
122 133
123 129
123 132
125 131
125 136
126 130
126 135
127 129
131 133
132 133
135 136
137 138
56 11 100 46 34 7 53 78 132 40 10 137 95 6 135 33 128 5 85 2 9 104 44 115 13 68 21 50 39 131 89 133 32 36 83
54 42 101 4 106 110 91 121 14 81 75 129 103 82 65 136 117 29 19 99 111 72 112 120 35 24 66 105 80 37 102 70 93 41 1
126 59 60 20 87 94 98 114 109 139 30 26 107 57 45 130 92 119 23 22 52 71 27 43 51 49 62 76 58 25 69 138 3 96 88
38 74 116 108 67 48 16 86 18 63 123 55 0 124 17 15 79 122 64 28 8 113 125 12 73 77 118 127 31 90 84 134 47 61 97
