160
4996
7
70.46
61.69
70.2
12.35
45.56
46.7
17.25
0 1
0 3
0 4
0 7
0 9
0 11
0 13
0 14
0 15
0 16
0 19
0 20
0 23
0 30
0 33
0 35
0 42
0 44
0 46
0 48
0 51
0 55
0 56
0 64
0 79
0 89
0 101
0 102
0 105
0 106
0 110
0 112
0 113
0 114
0 115
0 118
0 120
0 123
0 124
0 127
0 128
0 129
0 130
0 131
0 135
0 137
0 138
0 141
0 146
0 150
0 152
0 159
1 2
1 5
1 14
1 15
1 20
1 23
1 25
1 27
1 28
1 33
1 40
1 42
1 43
1 48
1 49
1 50
1 51
1 52
1 54
1 57
1 58
1 59
1 62
1 63
1 65
1 66
1 68
1 69
1 71
1 73
1 78
1 81
1 82
1 85
1 88
1 92
1 95
1 96
1 102
1 105
1 110
1 112
1 116
1 118
1 121
1 122
1 124
1 125
1 127
1 128
1 130
1 132
1 134
1 137
1 139
1 141
1 144
1 145
1 147
1 151
1 152
1 153
1 154
1 155
2 3
2 6
2 9
2 10
2 11
2 16
2 19
2 25
2 26
2 29
2 30
2 32
2 34
2 38
2 39
2 40
2 44
2 51
2 52
2 55
2 67
2 69
2 71
2 73
2 77
2 81
2 82
2 86
2 91
2 93
2 96
2 97
2 99
2 100
2 103
2 104
2 105
2 106
2 109
2 113
2 114
2 117
2 119
2 121
2 122
2 127
2 128
2 132
2 134
2 138
2 139
2 141
2 143
2 144
2 145
2 146
2 148
2 152
2 153
2 155
2 158
3 4
3 8
3 10
3 12
3 15
3 18
3 20
3 21
3 22
3 23
3 24
3 25
3 28
3 29
3 30
3 32
3 34
3 39
3 45
3 48
3 50
3 51
3 52
3 54
3 58
3 60
3 63
3 65
3 66
3 68
3 71
3 72
3 75
3 76
3 80
3 83
3 85
3 88
3 90
3 93
3 94
3 95
3 96
3 97
3 98
3 101
3 102
3 106
3 107
3 108
3 112
3 115
3 117
3 120
3 122
3 126
3 127
3 128
3 134
3 136
3 141
3 148
3 149
3 153
3 155
3 159
4 8
4 9
4 13
4 16
4 18
4 19
4 21
4 23
4 24
4 25
4 28
4 29
4 30
4 31
4 32
4 33
4 36
4 41
4 47
4 48
4 55
4 56
4 61
4 63
4 70
4 72
4 73
4 78
4 94
4 95
4 96
4 99
4 103
4 109
4 112
4 113
4 114
4 115
4 118
4 119
4 122
4 125
4 127
4 128
4 135
4 137
4 139
4 141
4 143
4 144
4 146
4 147
4 149
4 150
4 153
4 157
4 158
5 6
5 7
5 8
5 11
5 13
5 14
5 15
5 21
5 30
5 33
5 34
5 36
5 37
5 45
5 47
5 48
5 55
5 57
5 58
5 61
5 62
5 66
5 69
5 71
5 78
5 79
5 81
5 89
5 95
5 97
5 98
5 103
5 108
5 112
5 116
5 118
5 119
5 125
5 127
5 128
5 129
5 130
5 138
5 139
5 142
5 144
5 149
5 152
6 8
6 10
6 13
6 15
6 16
6 20
6 22
6 23
6 25
6 28
6 33
6 34
6 36
6 37
6 39
6 41
6 42
6 43
6 46
6 48
6 49
6 51
6 52
6 55
6 56
6 58
6 60
6 61
6 65
6 67
6 68
6 69
6 70
6 71
6 74
6 76
6 82
6 83
6 84
6 85
6 86
6 90
6 96
6 97
6 98
6 99
6 101
6 102
6 112
6 114
6 119
6 121
6 123
6 124
6 126
6 127
6 129
6 131
6 132
6 134
6 135
6 136
6 137
6 139
6 140
6 141
6 142
6 143
6 144
6 151
6 154
6 157
7 8
7 9
7 11
7 12
7 13
7 16
7 18
7 20
7 21
7 23
7 24
7 26
7 27
7 30
7 35
7 36
7 38
7 41
7 54
7 56
7 57
7 65
7 66
7 67
7 68
7 70
7 72
7 74
7 79
7 80
7 86
7 88
7 97
7 105
7 106
7 107
7 112
7 114
7 115
7 119
7 133
7 134
7 136
7 138
7 141
7 142
7 147
7 149
7 152
7 153
7 156
8 10
8 14
8 18
8 19
8 20
8 22
8 23
8 27
8 29
8 31
8 35
8 37
8 41
8 42
8 44
8 49
8 53
8 56
8 57
8 60
8 62
8 68
8 69
8 72
8 76
8 77
8 85
8 88
8 89
8 91
8 94
8 95
8 96
8 100
8 101
8 105
8 107
8 109
8 110
8 113
8 115
8 117
8 118
8 120
8 123
8 124
8 126
8 130
8 131
8 132
8 135
8 138
8 139
8 140
8 148
8 151
8 152
8 157
9 10
9 11
9 13
9 14
9 19
9 20
9 21
9 22
9 23
9 26
9 27
9 28
9 29
9 31
9 32
9 33
9 35
9 37
9 39
9 40
9 44
9 46
9 49
9 50
9 52
9 53
9 54
9 56
9 58
9 60
9 61
9 62
9 63
9 67
9 70
9 74
9 78
9 81
9 82
9 90
9 91
9 94
9 95
9 98
9 99
9 100
9 101
9 102
9 107
9 114
9 116
9 118
9 121
9 122
9 128
9 131
9 133
9 138
9 141
9 143
9 144
9 148
9 149
9 151
9 152
9 155
9 159
10 12
10 14
10 15
10 16
10 19
10 21
10 25
10 30
10 32
10 33
10 36
10 37
10 39
10 41
10 45
10 47
10 51
10 52
10 55
10 56
10 58
10 62
10 65
10 67
10 71
10 74
10 75
10 76
10 86
10 89
10 92
10 93
10 94
10 97
10 99
10 103
10 104
10 105
10 106
10 107
10 108
10 113
10 115
10 116
10 117
10 119
10 120
10 122
10 124
10 126
10 127
10 128
10 129
10 134
10 137
10 139
10 141
10 144
10 145
10 149
10 151
10 153
10 156
10 157
10 159
11 16
11 18
11 20
11 21
11 27
11 28
11 35
11 36
11 41
11 42
11 43
11 44
11 46
11 48
11 49
11 51
11 55
11 56
11 57
11 64
11 65
11 68
11 69
11 71
11 73
11 81
11 82
11 83
11 87
11 88
11 91
11 93
11 97
11 99
11 101
11 102
11 106
11 112
11 113
11 114
11 116
11 121
11 130
11 135
11 137
11 139
11 141
11 143
11 147
11 148
11 150
11 158
11 159
12 14
12 15
12 17
12 18
12 20
12 21
12 22
12 24
12 26
12 27
12 29
12 39
12 42
12 45
12 46
12 48
12 50
12 52
12 55
12 56
12 58
12 61
12 62
12 67
12 68
12 73
12 75
12 78
12 79
12 80
12 82
12 86
12 90
12 91
12 92
12 94
12 97
12 98
12 99
12 104
12 106
12 113
12 116
12 117
12 121
12 123
12 124
12 125
12 129
12 134
12 137
12 141
12 142
12 145
12 150
12 151
12 159
13 14
13 16
13 17
13 18
13 20
13 21
13 24
13 27
13 28
13 31
13 33
13 36
13 37
13 38
13 41
13 42
13 44
13 47
13 49
13 55
13 57
13 60
13 61
13 62
13 69
13 73
13 79
13 81
13 83
13 85
13 86
13 90
13 93
13 94
13 97
13 110
13 111
13 112
13 113
13 114
13 115
13 118
13 127
13 129
13 131
13 135
13 138
13 139
13 140
13 143
13 149
13 150
13 155
13 158
14 15
14 20
14 23
14 24
14 25
14 26
14 27
14 29
14 33
14 39
14 40
14 46
14 47
14 51
14 53
14 56
14 58
14 59
14 61
14 62
14 64
14 65
14 66
14 71
14 72
14 79
14 81
14 85
14 86
14 87
14 88
14 89
14 90
14 91
14 93
14 95
14 97
14 98
14 103
14 104
14 107
14 108
14 113
14 114
14 115
14 117
14 118
14 123
14 124
14 125
14 127
14 128
14 130
14 132
14 133
14 134
14 136
14 138
14 139
14 143
14 144
14 145
14 147
14 148
14 150
14 151
14 154
14 155
14 158
15 19
15 21
15 24
15 25
15 26
15 27
15 29
15 30
15 32
15 33
15 38
15 45
15 46
15 47
15 48
15 49
15 51
15 52
15 56
15 57
15 59
15 62
15 65
15 67
15 73
15 75
15 78
15 79
15 83
15 84
15 88
15 90
15 93
15 94
15 95
15 98
15 99
15 105
15 109
15 112
15 113
15 114
15 115
15 118
15 119
15 120
15 124
15 126
15 128
15 130
15 134
15 135
15 136
15 140
15 144
15 146
15 148
15 152
15 155
15 156
15 159
16 17
16 19
16 21
16 22
16 23
16 25
16 29
16 30
16 32
16 36
16 41
16 43
16 45
16 48
16 49
16 52
16 58
16 59
16 64
16 70
16 74
16 76
16 78
16 88
16 89
16 90
16 91
16 92
16 95
16 97
16 101
16 102
16 103
16 104
16 105
16 108
16 112
16 114
16 117
16 118
16 120
16 125
16 127
16 129
16 130
16 131
16 142
16 143
16 147
16 151
16 152
16 153
16 157
17 18
17 20
17 22
17 23
17 24
17 25
17 27
17 33
17 35
17 36
17 39
17 40
17 41
17 47
17 50
17 51
17 53
17 54
17 55
17 57
17 59
17 67
17 68
17 71
17 73
17 84
17 85
17 89
17 92
17 95
17 96
17 97
17 99
17 101
17 108
17 110
17 115
17 117
17 120
17 123
17 130
17 131
17 135
17 136
17 137
17 139
17 142
17 145
17 147
17 148
17 149
17 150
18 20
18 25
18 26
18 27
18 30
18 31
18 35
18 37
18 38
18 40
18 42
18 44
18 46
18 47
18 49
18 50
18 52
18 53
18 55
18 56
18 59
18 64
18 66
18 68
18 69
18 72
18 75
18 79
18 80
18 85
18 87
18 92
18 98
18 99
18 106
18 109
18 112
18 113
18 119
18 120
18 122
18 126
18 127
18 128
18 130
18 134
18 135
18 136
18 137
18 141
18 142
18 144
18 148
18 152
18 158
18 159
19 28
19 30
19 32
19 36
19 40
19 45
19 46
19 48
19 49
19 50
19 52
19 53
19 54
19 55
19 60
19 61
19 62
19 63
19 66
19 70
19 75
19 79
19 82
19 86
19 88
19 103
19 104
19 105
19 106
19 108
19 109
19 110
19 111
19 112
19 116
19 120
19 121
19 125
19 126
19 127
19 128
19 129
19 130
19 133
19 138
19 139
19 142
19 147
19 150
19 152
19 155
19 156
20 24
20 25
20 29
20 33
20 38
20 48
20 54
20 56
20 60
20 62
20 65
20 66
20 69
20 73
20 76
20 77
20 78
20 80
20 87
20 88
20 89
20 90
20 96
20 102
20 111
20 114
20 115
20 116
20 119
20 120
20 121
20 122
20 123
20 125
20 128
20 130
20 131
20 132
20 134
20 137
20 141
20 142
20 144
20 145
20 147
20 148
20 149
20 150
20 155
20 159
21 24
21 28
21 29
21 32
21 33
21 37
21 39
21 40
21 44
21 45
21 51
21 58
21 59
21 61
21 62
21 64
21 65
21 67
21 69
21 72
21 74
21 78
21 80
21 82
21 88
21 94
21 98
21 101
21 103
21 104
21 105
21 106
21 109
21 110
21 113
21 116
21 118
21 120
21 123
21 129
21 130
21 131
21 132
21 135
21 137
21 140
21 141
21 145
21 146
21 147
21 156
21 158
21 159
22 31
22 32
22 33
22 34
22 36
22 37
22 38
22 39
22 42
22 43
22 45
22 48
22 54
22 55
22 58
22 63
22 64
22 67
22 68
22 69
22 70
22 71
22 75
22 79
22 83
22 88
22 89
22 93
22 94
22 95
22 96
22 97
22 100
22 101
22 103
22 105
22 109
22 111
22 116
22 118
22 120
22 121
22 122
22 124
22 129
22 132
22 134
22 135
22 136
22 137
22 139
22 141
22 156
23 25
23 26
23 29
23 32
23 33
23 34
23 36
23 39
23 41
23 42
23 43
23 46
23 47
23 49
23 53
23 54
23 58
23 59
23 60
23 63
23 65
23 66
23 68
23 69
23 70
23 74
23 76
23 79
23 84
23 87
23 90
23 100
23 101
23 106
23 109
23 111
23 114
23 117
23 120
23 124
23 128
23 132
23 135
23 136
23 137
23 138
23 140
23 141
23 143
23 144
23 146
23 149
23 150
23 151
23 156
24 28
24 40
24 48
24 49
24 50
24 53
24 56
24 57
24 59
24 60
24 65
24 67
24 70
24 71
24 76
24 79
24 84
24 89
24 94
24 95
24 97
24 98
24 99
24 104
24 106
24 109
24 118
24 121
24 126
24 127
24 128
24 129
24 130
24 133
24 134
24 137
24 138
24 139
24 141
24 142
24 145
24 146
24 149
24 151
24 152
24 153
24 155
24 159
25 32
25 37
25 41
25 42
25 45
25 48
25 52
25 54
25 63
25 66
25 68
25 69
25 70
25 75
25 79
25 80
25 82
25 83
25 84
25 86
25 90
25 91
25 95
25 96
25 99
25 100
25 101
25 102
25 107
25 109
25 112
25 114
25 115
25 116
25 117
25 118
25 119
25 120
25 122
25 123
25 125
25 127
25 128
25 130
25 131
25 136
25 138
25 143
25 144
25 147
25 148
25 152
25 153
25 159
26 27
26 28
26 35
26 39
26 43
26 46
26 47
26 49
26 55
26 57
26 60
26 64
26 68
26 71
26 73
26 78
26 79
26 81
26 84
26 87
26 88
26 94
26 95
26 98
26 101
26 104
26 109
26 110
26 113
26 114
26 115
26 119
26 120
26 123
26 124
26 126
26 128
26 133
26 135
26 140
26 141
26 143
26 146
26 156
27 29
27 30
27 33
27 36
27 40
27 42
27 47
27 49
27 50
27 52
27 53
27 57
27 59
27 61
27 62
27 64
27 65
27 66
27 68
27 73
27 74
27 81
27 82
27 85
27 87
27 88
27 91
27 94
27 96
27 97
27 98
27 99
27 103
27 104
27 105
27 114
27 117
27 120
27 124
27 130
27 132
27 138
27 143
27 145
27 146
27 147
27 148
27 149
27 150
27 151
27 153
27 154
28 29
28 32
28 35
28 36
28 37
28 38
28 42
28 44
28 45
28 46
28 47
28 51
28 54
28 55
28 61
28 63
28 65
28 67
28 68
28 69
28 71
28 72
28 73
28 74
28 75
28 77
28 79
28 81
28 83
28 85
28 87
28 88
28 89
28 95
28 96
28 97
28 98
28 100
28 103
28 105
28 109
28 115
28 116
28 120
28 121
28 122
28 123
28 126
28 127
28 128
28 130
28 134
28 142
28 148
28 149
28 152
28 154
28 156
29 40
29 42
29 44
29 45
29 48
29 49
29 50
29 54
29 56
29 60
29 61
29 63
29 66
29 68
29 70
29 72
29 76
29 77
29 78
29 87
29 89
29 90
29 93
29 95
29 99
29 101
29 105
29 107
29 114
29 117
29 120
29 124
29 127
29 128
29 135
29 136
29 139
29 142
29 143
29 148
29 149
29 151
29 153
29 154
29 157
29 158
30 33
30 34
30 40
30 42
30 48
30 50
30 54
30 56
30 61
30 62
30 64
30 65
30 71
30 73
30 79
30 87
30 89
30 92
30 93
30 94
30 95
30 101
30 102
30 103
30 106
30 108
30 109
30 111
30 112
30 115
30 116
30 121
30 122
30 124
30 129
30 131
30 137
30 141
30 144
30 145
30 154
30 157
31 33
31 34
31 37
31 39
31 41
31 42
31 43
31 44
31 46
31 48
31 49
31 50
31 54
31 57
31 61
31 64
31 65
31 69
31 73
31 75
31 76
31 82
31 84
31 85
31 86
31 87
31 88
31 89
31 92
31 96
31 98
31 99
31 101
31 105
31 109
31 110
31 119
31 120
31 122
31 125
31 127
31 128
31 129
31 132
31 141
31 144
31 147
31 148
31 151
31 152
31 155
31 156
31 157
31 159
32 37
32 44
32 48
32 49
32 52
32 53
32 54
32 58
32 59
32 60
32 71
32 73
32 74
32 76
32 79
32 83
32 106
32 111
32 117
32 119
32 122
32 133
32 134
32 135
32 141
32 149
32 150
32 152
32 153
32 154
32 158
33 34
33 39
33 42
33 46
33 47
33 50
33 57
33 64
33 67
33 68
33 71
33 72
33 75
33 77
33 79
33 85
33 86
33 87
33 88
33 89
33 90
33 92
33 93
33 99
33 100
33 102
33 105
33 108
33 109
33 111
33 114
33 115
33 116
33 118
33 121
33 124
33 126
33 129
33 131
33 134
33 139
33 142
33 144
33 146
33 150
33 157
33 158
34 39
34 40
34 43
34 44
34 45
34 47
34 50
34 51
34 56
34 69
34 71
34 73
34 76
34 83
34 85
34 87
34 93
34 94
34 95
34 96
34 98
34 106
34 110
34 113
34 116
34 117
34 120
34 121
34 122
34 123
34 125
34 126
34 129
34 133
34 136
34 139
34 140
34 146
34 147
34 148
34 149
34 150
34 152
34 156
35 39
35 41
35 43
35 44
35 46
35 47
35 48
35 51
35 53
35 55
35 56
35 63
35 67
35 70
35 74
35 77
35 78
35 79
35 87
35 88
35 91
35 95
35 97
35 100
35 103
35 107
35 113
35 116
35 122
35 123
35 127
35 128
35 129
35 132
35 134
35 135
35 137
35 150
35 152
35 155
35 157
36 45
36 46
36 49
36 50
36 52
36 58
36 63
36 65
36 69
36 70
36 71
36 74
36 76
36 78
36 80
36 81
36 85
36 87
36 89
36 90
36 92
36 96
36 98
36 101
36 102
36 103
36 105
36 107
36 109
36 111
36 114
36 115
36 118
36 122
36 127
36 129
36 130
36 136
36 148
36 150
36 158
37 38
37 44
37 48
37 50
37 52
37 57
37 59
37 60
37 62
37 64
37 68
37 72
37 73
37 78
37 82
37 92
37 93
37 94
37 96
37 99
37 100
37 105
37 106
37 109
37 110
37 111
37 112
37 113
37 115
37 118
37 119
37 120
37 121
37 122
37 123
37 124
37 125
37 128
37 131
37 134
37 137
37 138
37 140
37 141
37 145
37 146
37 151
37 155
37 158
37 159
38 41
38 46
38 48
38 49
38 57
38 65
38 67
38 68
38 69
38 72
38 76
38 77
38 83
38 84
38 86
38 88
38 89
38 91
38 92
38 96
38 99
38 101
38 102
38 104
38 108
38 109
38 110
38 111
38 112
38 113
38 115
38 116
38 121
38 126
38 129
38 131
38 133
38 134
38 135
38 138
38 141
38 142
38 144
38 146
38 147
38 150
38 151
38 154
38 158
38 159
39 42
39 45
39 49
39 50
39 51
39 53
39 57
39 59
39 60
39 66
39 73
39 78
39 85
39 86
39 87
39 88
39 92
39 94
39 95
39 96
39 97
39 98
39 99
39 100
39 101
39 104
39 106
39 108
39 110
39 114
39 116
39 118
39 119
39 121
39 122
39 125
39 126
39 127
39 128
39 129
39 133
39 135
39 136
39 141
39 143
39 144
39 148
39 149
39 150
39 151
39 152
39 153
39 155
39 157
40 41
40 44
40 47
40 49
40 50
40 52
40 53
40 56
40 57
40 58
40 59
40 62
40 64
40 65
40 66
40 69
40 70
40 71
40 74
40 79
40 82
40 84
40 85
40 87
40 89
40 93
40 94
40 95
40 96
40 97
40 100
40 101
40 105
40 107
40 109
40 110
40 112
40 118
40 121
40 123
40 124
40 126
40 128
40 129
40 131
40 136
40 137
40 138
40 142
40 144
40 145
40 146
40 149
40 153
40 155
40 156
40 157
41 42
41 44
41 45
41 50
41 51
41 52
41 54
41 57
41 59
41 60
41 63
41 64
41 67
41 68
41 69
41 70
41 71
41 75
41 79
41 80
41 82
41 84
41 89
41 91
41 93
41 95
41 97
41 98
41 99
41 100
41 101
41 102
41 104
41 105
41 107
41 109
41 110
41 115
41 118
41 122
41 123
41 126
41 133
41 134
41 136
41 140
41 154
41 158
41 159
42 43
42 45
42 46
42 47
42 49
42 52
42 54
42 57
42 61
42 65
42 69
42 73
42 76
42 81
42 82
42 83
42 89
42 97
42 99
42 100
42 102
42 109
42 111
42 112
42 114
42 115
42 116
42 120
42 123
42 125
42 130
42 131
42 132
42 133
42 135
42 136
42 137
42 140
42 141
42 147
42 148
42 149
42 154
42 155
42 158
43 46
43 48
43 52
43 53
43 56
43 57
43 58
43 59
43 60
43 61
43 67
43 69
43 70
43 71
43 75
43 77
43 84
43 86
43 88
43 89
43 90
43 92
43 93
43 94
43 95
43 96
43 101
43 104
43 106
43 108
43 109
43 111
43 112
43 114
43 115
43 117
43 118
43 119
43 120
43 121
43 122
43 123
43 124
43 130
43 133
43 134
43 135
43 136
43 138
43 141
43 143
43 145
43 147
43 148
43 149
43 150
43 152
43 153
43 158
44 45
44 47
44 51
44 54
44 58
44 60
44 61
44 62
44 65
44 66
44 70
44 72
44 77
44 79
44 80
44 81
44 84
44 85
44 87
44 89
44 90
44 93
44 96
44 100
44 103
44 104
44 105
44 110
44 112
44 114
44 115
44 116
44 117
44 118
44 121
44 122
44 123
44 129
44 131
44 133
44 137
44 142
44 144
44 145
44 147
44 148
44 149
44 151
44 153
44 156
44 158
45 47
45 50
45 53
45 56
45 57
45 58
45 60
45 61
45 63
45 65
45 66
45 69
45 71
45 72
45 74
45 75
45 77
45 78
45 81
45 83
45 85
45 89
45 92
45 96
45 99
45 100
45 104
45 108
45 109
45 113
45 114
45 115
45 116
45 120
45 121
45 122
45 128
45 129
45 132
45 133
45 140
45 143
45 145
45 146
45 152
45 153
45 154
45 155
45 156
46 49
46 51
46 52
46 54
46 61
46 69
46 71
46 73
46 74
46 76
46 81
46 82
46 83
46 85
46 89
46 90
46 91
46 93
46 96
46 100
46 102
46 105
46 109
46 110
46 120
46 124
46 127
46 128
46 130
46 131
46 133
46 134
46 140
46 141
46 142
46 146
46 147
46 148
46 149
46 150
46 151
46 153
46 158
47 49
47 56
47 58
47 64
47 65
47 66
47 69
47 72
47 73
47 74
47 76
47 78
47 81
47 85
47 87
47 88
47 89
47 93
47 95
47 96
47 99
47 106
47 111
47 114
47 115
47 117
47 119
47 122
47 125
47 130
47 135
47 136
47 139
47 141
47 143
47 144
47 145
47 147
47 148
47 152
47 154
47 155
47 157
47 158
47 159
48 49
48 52
48 54
48 56
48 58
48 60
48 61
48 65
48 67
48 69
48 70
48 72
48 73
48 74
48 76
48 84
48 97
48 103
48 104
48 106
48 109
48 110
48 118
48 123
48 124
48 126
48 128
48 129
48 131
48 132
48 134
48 135
48 137
48 142
48 148
48 149
48 151
48 153
48 154
48 158
48 159
49 50
49 53
49 55
49 56
49 57
49 58
49 63
49 65
49 72
49 77
49 79
49 84
49 85
49 87
49 90
49 93
49 94
49 97
49 99
49 100
49 101
49 104
49 105
49 107
49 108
49 109
49 110
49 112
49 114
49 117
49 121
49 127
49 130
49 133
49 134
49 135
49 138
49 140
49 141
49 142
49 144
49 150
49 157
50 52
50 54
50 56
50 61
50 62
50 65
50 67
50 69
50 70
50 74
50 75
50 81
50 83
50 88
50 89
50 100
50 101
50 102
50 104
50 107
50 108
50 112
50 113
50 115
50 116
50 117
50 119
50 121
50 122
50 123
50 133
50 136
50 139
50 140
50 148
50 149
50 158
50 159
51 52
51 59
51 61
51 62
51 63
51 64
51 69
51 70
51 74
51 75
51 76
51 77
51 78
51 81
51 83
51 84
51 86
51 92
51 96
51 99
51 100
51 105
51 107
51 111
51 112
51 119
51 122
51 129
51 132
51 133
51 134
51 136
51 137
51 140
51 142
51 143
51 148
51 149
51 151
51 152
51 153
51 156
51 157
51 159
52 56
52 57
52 59
52 66
52 67
52 70
52 71
52 73
52 77
52 81
52 82
52 85
52 86
52 97
52 100
52 102
52 103
52 104
52 109
52 112
52 115
52 118
52 119
52 120
52 122
52 126
52 129
52 134
52 136
52 137
52 138
52 139
52 141
52 142
52 144
52 146
52 154
53 55
53 56
53 58
53 60
53 62
53 64
53 66
53 67
53 69
53 75
53 79
53 82
53 84
53 86
53 89
53 90
53 91
53 92
53 94
53 96
53 98
53 100
53 103
53 104
53 106
53 109
53 111
53 112
53 114
53 116
53 117
53 120
53 121
53 122
53 123
53 125
53 127
53 130
53 132
53 138
53 141
53 142
53 144
53 145
53 146
53 150
53 151
53 153
53 154
53 155
53 156
54 55
54 56
54 63
54 65
54 66
54 68
54 69
54 70
54 73
54 74
54 75
54 77
54 79
54 81
54 85
54 89
54 95
54 97
54 98
54 99
54 103
54 107
54 108
54 110
54 114
54 116
54 122
54 124
54 125
54 129
54 136
54 141
54 143
54 146
54 148
54 150
54 152
54 153
54 156
54 159
55 56
55 59
55 63
55 64
55 67
55 68
55 70
55 73
55 74
55 75
55 78
55 80
55 81
55 82
55 85
55 87
55 88
55 92
55 95
55 98
55 101
55 105
55 106
55 119
55 121
55 123
55 126
55 127
55 130
55 136
55 137
55 138
55 139
55 141
55 143
55 144
55 145
55 146
55 152
55 153
55 159
56 58
56 63
56 65
56 66
56 68
56 70
56 73
56 75
56 76
56 79
56 83
56 88
56 95
56 99
56 101
56 102
56 104
56 110
56 112
56 116
56 117
56 119
56 124
56 125
56 129
56 130
56 134
56 135
56 136
56 141
56 142
56 143
56 144
56 146
56 154
56 155
56 156
56 159
57 60
57 61
57 65
57 70
57 77
57 78
57 80
57 81
57 82
57 86
57 89
57 90
57 91
57 92
57 97
57 98
57 103
57 104
57 106
57 108
57 110
57 111
57 114
57 116
57 118
57 119
57 120
57 122
57 123
57 130
57 135
57 140
57 141
57 142
57 143
57 146
57 150
57 151
57 152
57 153
57 155
57 156
58 62
58 63
58 65
58 67
58 68
58 69
58 74
58 75
58 76
58 78
58 79
58 80
58 82
58 84
58 85
58 89
58 93
58 96
58 97
58 99
58 100
58 101
58 102
58 103
58 105
58 113
58 117
58 119
58 123
58 124
58 125
58 128
58 130
58 131
58 132
58 133
58 138
58 140
58 145
58 146
58 149
58 152
58 156
58 158
58 159
59 60
59 61
59 62
59 63
59 71
59 73
59 74
59 78
59 80
59 81
59 84
59 86
59 90
59 91
59 93
59 94
59 95
59 98
59 101
59 103
59 104
59 106
59 107
59 108
59 111
59 117
59 122
59 127
59 129
59 130
59 133
59 136
59 137
59 139
59 140
59 142
59 148
59 152
59 156
60 63
60 70
60 73
60 76
60 78
60 80
60 81
60 86
60 89
60 90
60 94
60 95
60 96
60 97
60 99
60 100
60 102
60 106
60 107
60 108
60 109
60 110
60 112
60 114
60 116
60 117
60 119
60 125
60 127
60 128
60 132
60 133
60 134
60 140
60 144
60 148
60 150
60 151
60 152
60 154
60 155
60 157
60 159
61 67
61 68
61 69
61 70
61 71
61 73
61 74
61 75
61 76
61 78
61 87
61 88
61 89
61 94
61 95
61 96
61 100
61 101
61 102
61 103
61 111
61 117
61 119
61 123
61 125
61 127
61 128
61 129
61 130
61 134
61 137
61 139
61 140
61 141
61 142
61 143
61 144
61 148
61 149
61 152
61 153
61 154
61 155
62 63
62 66
62 67
62 68
62 70
62 73
62 74
62 77
62 78
62 79
62 81
62 82
62 83
62 85
62 92
62 96
62 98
62 99
62 103
62 110
62 112
62 114
62 116
62 119
62 125
62 126
62 127
62 128
62 132
62 134
62 137
62 138
62 140
62 141
62 143
62 149
62 155
62 156
62 158
62 159
63 65
63 70
63 74
63 77
63 79
63 81
63 83
63 86
63 90
63 91
63 93
63 94
63 98
63 101
63 104
63 107
63 108
63 112
63 120
63 121
63 122
63 123
63 125
63 127
63 129
63 130
63 133
63 134
63 135
63 136
63 138
63 140
63 142
63 146
63 148
63 149
63 150
63 154
63 158
64 68
64 70
64 71
64 74
64 76
64 81
64 86
64 87
64 90
64 93
64 97
64 99
64 101
64 102
64 106
64 107
64 109
64 110
64 112
64 113
64 114
64 120
64 121
64 124
64 127
64 131
64 132
64 137
64 139
64 142
64 145
64 148
64 152
64 153
64 157
64 158
64 159
65 66
65 68
65 70
65 71
65 78
65 80
65 81
65 84
65 86
65 91
65 92
65 95
65 96
65 99
65 100
65 101
65 103
65 109
65 111
65 112
65 113
65 121
65 123
65 126
65 127
65 128
65 129
65 130
65 136
65 138
65 143
65 144
65 147
65 149
65 150
65 152
65 153
65 154
65 159
66 71
66 72
66 73
66 75
66 79
66 83
66 86
66 87
66 91
66 96
66 98
66 105
66 107
66 109
66 110
66 113
66 118
66 120
66 121
66 125
66 127
66 128
66 129
66 130
66 135
66 138
66 142
66 143
66 146
66 152
66 153
66 156
67 68
67 72
67 73
67 80
67 81
67 82
67 83
67 88
67 89
67 91
67 96
67 99
67 101
67 102
67 106
67 108
67 109
67 110
67 113
67 117
67 120
67 123
67 124
67 125
67 126
67 129
67 130
67 139
67 147
67 150
67 151
67 154
67 155
67 157
67 159
68 70
68 71
68 74
68 75
68 77
68 80
68 83
68 84
68 87
68 88
68 94
68 99
68 100
68 101
68 102
68 105
68 110
68 111
68 117
68 119
68 123
68 124
68 125
68 127
68 131
68 132
68 135
68 136
68 138
68 145
68 147
68 149
68 150
68 152
68 153
68 154
68 157
68 158
68 159
69 70
69 73
69 75
69 76
69 78
69 81
69 82
69 89
69 90
69 93
69 95
69 97
69 102
69 103
69 105
69 109
69 112
69 114
69 116
69 118
69 122
69 123
69 124
69 126
69 128
69 130
69 131
69 133
69 134
69 140
69 144
69 146
69 149
69 150
69 151
69 153
69 154
69 155
69 156
69 158
70 77
70 79
70 82
70 84
70 86
70 89
70 90
70 95
70 97
70 101
70 102
70 103
70 105
70 106
70 107
70 111
70 113
70 114
70 118
70 119
70 121
70 123
70 125
70 128
70 131
70 135
70 139
70 142
70 146
70 149
70 150
70 152
70 154
70 155
70 156
71 72
71 74
71 82
71 83
71 87
71 89
71 90
71 91
71 101
71 104
71 107
71 108
71 111
71 112
71 113
71 114
71 118
71 123
71 124
71 129
71 130
71 131
71 133
71 135
71 136
71 140
71 141
71 144
71 145
71 149
71 150
71 151
71 154
71 155
71 158
72 78
72 82
72 84
72 90
72 91
72 92
72 94
72 98
72 100
72 103
72 105
72 111
72 112
72 113
72 115
72 124
72 125
72 126
72 127
72 133
72 135
72 140
72 142
72 145
72 150
72 151
72 154
72 155
73 75
73 76
73 78
73 79
73 80
73 81
73 88
73 92
73 93
73 94
73 95
73 97
73 100
73 101
73 102
73 103
73 105
73 107
73 112
73 113
73 114
73 115
73 116
73 117
73 118
73 121
73 123
73 124
73 126
73 129
73 131
73 132
73 136
73 140
73 141
73 142
73 144
73 149
73 150
73 151
73 152
73 154
73 155
73 156
73 159
74 76
74 77
74 81
74 83
74 85
74 86
74 88
74 89
74 90
74 91
74 92
74 93
74 94
74 98
74 99
74 101
74 102
74 106
74 108
74 109
74 110
74 112
74 113
74 116
74 118
74 119
74 126
74 130
74 131
74 132
74 135
74 139
74 142
74 146
74 147
74 148
74 150
74 154
74 156
74 158
74 159
75 77
75 78
75 82
75 85
75 86
75 88
75 90
75 91
75 96
75 100
75 101
75 102
75 104
75 107
75 110
75 111
75 113
75 119
75 123
75 126
75 128
75 133
75 137
75 138
75 139
75 140
75 148
75 149
75 153
75 158
76 77
76 80
76 85
76 88
76 89
76 93
76 95
76 96
76 97
76 99
76 100
76 103
76 104
76 107
76 111
76 112
76 116
76 126
76 128
76 134
76 135
76 138
76 140
76 142
76 147
76 152
76 153
76 154
76 155
76 156
76 158
77 78
77 79
77 83
77 85
77 86
77 89
77 93
77 96
77 99
77 101
77 102
77 103
77 104
77 106
77 108
77 111
77 113
77 119
77 121
77 128
77 131
77 135
77 138
77 140
77 141
77 143
77 149
77 151
77 153
77 155
77 156
78 81
78 84
78 85
78 86
78 89
78 92
78 94
78 98
78 99
78 102
78 104
78 111
78 119
78 123
78 124
78 125
78 126
78 130
78 131
78 132
78 133
78 136
78 137
78 138
78 139
78 140
78 146
78 147
78 148
78 149
78 151
78 152
78 153
78 157
78 158
79 85
79 88
79 91
79 93
79 94
79 99
79 101
79 102
79 106
79 107
79 108
79 111
79 112
79 113
79 114
79 118
79 119
79 124
79 125
79 133
79 137
79 142
79 143
79 144
79 146
79 148
79 154
80 84
80 88
80 98
80 107
80 108
80 109
80 110
80 113
80 114
80 117
80 120
80 122
80 123
80 125
80 127
80 130
80 132
80 136
80 137
80 138
80 139
80 141
80 146
80 149
80 155
80 159
81 87
81 91
81 93
81 97
81 98
81 99
81 100
81 101
81 104
81 105
81 108
81 109
81 115
81 116
81 118
81 120
81 125
81 126
81 128
81 131
81 135
81 136
81 137
81 138
81 141
81 142
81 143
81 144
81 146
81 148
81 151
81 152
81 153
81 154
81 156
81 158
82 86
82 87
82 88
82 90
82 92
82 95
82 101
82 102
82 103
82 106
82 107
82 109
82 111
82 113
82 114
82 115
82 119
82 120
82 123
82 125
82 129
82 132
82 133
82 135
82 139
82 141
82 142
82 143
82 145
82 146
82 148
82 150
82 155
82 156
82 158
83 85
83 88
83 90
83 91
83 92
83 100
83 101
83 102
83 103
83 108
83 113
83 114
83 115
83 122
83 123
83 125
83 129
83 131
83 133
83 134
83 136
83 138
83 139
83 144
83 146
83 147
83 152
83 155
83 156
84 90
84 91
84 93
84 94
84 95
84 96
84 99
84 101
84 104
84 106
84 114
84 119
84 122
84 123
84 125
84 126
84 131
84 136
84 137
84 139
84 140
84 141
84 147
84 148
84 153
84 158
84 159
85 86
85 90
85 92
85 93
85 95
85 97
85 100
85 102
85 104
85 106
85 109
85 114
85 119
85 121
85 123
85 124
85 129
85 130
85 131
85 132
85 133
85 134
85 135
85 136
85 138
85 139
85 143
85 144
85 146
85 148
85 149
85 151
85 155
85 159
86 88
86 89
86 92
86 96
86 98
86 100
86 103
86 106
86 109
86 114
86 116
86 118
86 122
86 127
86 129
86 131
86 132
86 135
86 139
86 140
86 143
86 145
86 147
86 149
86 158
87 88
87 92
87 94
87 102
87 103
87 105
87 107
87 110
87 111
87 115
87 120
87 130
87 133
87 135
87 137
87 138
87 140
87 141
87 142
87 145
87 152
87 155
87 156
87 158
88 89
88 92
88 93
88 96
88 102
88 104
88 105
88 108
88 110
88 111
88 114
88 119
88 120
88 128
88 133
88 135
88 136
88 140
88 141
88 142
88 147
88 148
88 151
88 152
88 154
88 156
88 157
89 96
89 101
89 103
89 105
89 107
89 109
89 116
89 118
89 120
89 121
89 122
89 126
89 127
89 128
89 129
89 134
89 136
89 137
89 139
89 141
89 143
89 144
89 150
89 151
89 152
89 155
89 157
89 158
89 159
90 92
90 93
90 94
90 96
90 98
90 99
90 100
90 101
90 102
90 104
90 105
90 107
90 109
90 110
90 111
90 112
90 117
90 118
90 120
90 123
90 127
90 128
90 134
90 135
90 138
90 139
90 140
90 141
90 142
90 146
90 152
90 159
91 93
91 94
91 95
91 97
91 99
91 104
91 108
91 109
91 112
91 113
91 115
91 128
91 129
91 130
91 131
91 133
91 134
91 136
91 137
91 139
91 143
91 144
91 146
91 148
91 149
91 153
92 94
92 102
92 105
92 107
92 108
92 112
92 114
92 122
92 124
92 125
92 126
92 131
92 132
92 133
92 134
92 135
92 136
92 137
92 138
92 139
92 140
92 145
92 146
92 147
92 148
92 149
92 154
93 94
93 100
93 101
93 107
93 108
93 116
93 118
93 119
93 120
93 121
93 127
93 129
93 130
93 133
93 134
93 135
93 143
93 144
93 146
93 148
93 149
93 150
93 151
93 152
93 153
93 156
93 157
94 98
94 99
94 100
94 102
94 103
94 106
94 110
94 112
94 113
94 115
94 116
94 122
94 126
94 129
94 130
94 131
94 132
94 133
94 135
94 136
94 137
94 139
94 141
94 143
94 144
94 145
94 146
94 150
94 154
94 157
95 96
95 97
95 98
95 100
95 102
95 104
95 109
95 110
95 111
95 113
95 115
95 117
95 119
95 120
95 121
95 126
95 134
95 135
95 141
95 142
95 144
95 145
95 146
95 150
95 157
95 159
96 98
96 99
96 100
96 101
96 103
96 104
96 107
96 108
96 109
96 117
96 118
96 120
96 121
96 123
96 127
96 128
96 129
96 131
96 132
96 133
96 134
96 135
96 139
96 143
96 147
96 148
96 150
96 151
96 153
96 154
96 158
97 98
97 102
97 103
97 105
97 107
97 108
97 110
97 111
97 114
97 116
97 118
97 119
97 121
97 123
97 124
97 125
97 129
97 135
97 149
97 151
97 152
97 153
97 154
97 157
97 158
97 159
98 105
98 106
98 111
98 121
98 123
98 129
98 131
98 133
98 137
98 140
98 153
98 154
98 156
98 157
99 100
99 103
99 106
99 109
99 110
99 111
99 112
99 113
99 120
99 123
99 125
99 126
99 127
99 128
99 129
99 132
99 134
99 139
99 141
99 143
99 145
99 146
99 148
99 152
99 153
99 154
99 159
100 103
100 104
100 105
100 106
100 107
100 108
100 113
100 120
100 127
100 128
100 129
100 132
100 133
100 134
100 135
100 138
100 139
100 140
100 142
100 143
100 150
100 154
100 157
100 158
100 159
101 102
101 104
101 105
101 106
101 111
101 115
101 120
101 121
101 122
101 124
101 126
101 129
101 132
101 136
101 139
101 144
101 147
101 152
101 156
102 106
102 108
102 110
102 111
102 113
102 115
102 118
102 119
102 122
102 123
102 126
102 130
102 132
102 133
102 135
102 136
102 140
102 142
102 143
102 144
102 146
102 152
102 153
102 154
102 156
103 104
103 106
103 107
103 108
103 113
103 115
103 117
103 118
103 119
103 121
103 122
103 123
103 128
103 129
103 130
103 132
103 134
103 140
103 141
103 142
103 145
103 148
103 150
103 156
103 157
103 158
104 105
104 110
104 111
104 112
104 113
104 115
104 116
104 120
104 124
104 127
104 131
104 132
104 133
104 136
104 138
104 139
104 141
104 143
104 145
104 147
104 148
104 149
104 154
104 155
104 157
104 159
105 107
105 108
105 109
105 110
105 111
105 112
105 114
105 115
105 116
105 117
105 119
105 120
105 122
105 123
105 124
105 125
105 127
105 128
105 129
105 134
105 141
105 142
105 143
105 147
105 148
105 149
105 151
105 152
105 156
105 157
105 159
106 109
106 110
106 114
106 116
106 119
106 121
106 124
106 133
106 134
106 137
106 138
106 139
106 143
106 144
106 145
106 146
106 147
106 148
106 150
106 153
106 156
106 157
107 108
107 109
107 116
107 118
107 119
107 121
107 124
107 126
107 128
107 129
107 132
107 135
107 143
107 144
107 149
107 150
107 157
107 158
107 159
108 109
108 114
108 119
108 128
108 130
108 131
108 138
108 139
108 140
108 141
108 144
108 154
108 155
109 112
109 114
109 119
109 123
109 125
109 126
109 130
109 131
109 134
109 136
109 140
109 141
109 144
109 147
109 148
109 149
109 150
109 151
109 156
109 157
110 113
110 116
110 120
110 130
110 132
110 134
110 136
110 137
110 140
110 142
110 149
110 151
110 159
111 114
111 115
111 116
111 117
111 118
111 120
111 127
111 128
111 129
111 130
111 132
111 133
111 136
111 137
111 141
111 143
111 144
111 147
111 152
111 156
111 158
111 159
112 113
112 117
112 118
112 124
112 127
112 128
112 129
112 133
112 134
112 136
112 138
112 139
112 140
112 142
112 144
112 146
112 147
112 148
112 149
112 150
112 156
112 159
113 114
113 115
113 119
113 124
113 126
113 131
113 137
113 140
113 141
113 142
113 143
113 146
113 147
113 152
113 154
113 155
113 156
114 116
114 121
114 122
114 125
114 127
114 129
114 132
114 134
114 136
114 141
114 144
114 150
114 155
114 158
115 117
115 122
115 124
115 126
115 128
115 132
115 133
115 134
115 135
115 136
115 137
115 138
115 143
115 146
115 149
115 150
115 151
115 156
115 158
115 159
116 117
116 125
116 127
116 130
116 131
116 133
116 142
116 143
116 146
116 151
116 153
116 154
116 156
116 158
116 159
117 121
117 123
117 125
117 126
117 127
117 128
117 132
117 133
117 135
117 137
117 138
117 140
117 144
117 146
117 148
117 149
117 150
117 154
117 155
117 157
117 158
118 121
118 122
118 126
118 127
118 128
118 131
118 132
118 133
118 135
118 137
118 139
118 144
118 149
118 152
118 155
118 157
118 159
119 123
119 125
119 126
119 127
119 128
119 133
119 135
119 143
119 145
119 147
119 149
119 150
119 155
119 157
119 159
120 122
120 123
120 130
120 135
120 137
120 140
120 142
120 151
120 153
120 154
121 122
121 126
121 129
121 131
121 135
121 141
121 142
121 144
121 145
121 146
121 150
121 151
121 155
121 158
122 123
122 124
122 125
122 127
122 130
122 133
122 134
122 137
122 139
122 149
122 150
122 152
122 153
122 157
122 158
123 128
123 134
123 140
123 141
123 143
123 148
123 151
123 152
123 154
123 155
123 156
123 157
123 159
124 127
124 130
124 131
124 132
124 136
124 138
124 139
124 140
124 142
124 143
124 145
124 146
124 148
124 149
124 151
124 152
124 154
124 155
124 157
125 126
125 131
125 132
125 133
125 135
125 142
125 144
125 145
125 146
125 149
125 151
125 152
125 155
125 156
125 159
126 127
126 129
126 132
126 133
126 138
126 140
126 143
126 144
126 150
126 153
126 154
126 157
127 130
127 134
127 135
127 136
127 138
127 139
127 140
127 144
127 146
127 149
127 156
128 129
128 130
128 133
128 135
128 136
128 139
128 141
128 142
128 143
128 149
128 150
128 157
128 159
129 130
129 132
129 137
129 146
129 151
129 154
129 156
129 157
129 158
130 133
130 138
130 141
130 145
130 148
130 151
130 152
130 156
131 133
131 135
131 142
131 146
131 150
131 151
131 156
131 157
131 158
131 159
132 135
132 141
132 146
132 152
132 153
132 154
132 155
132 156
132 157
132 158
133 140
133 141
133 143
133 144
133 145
133 147
133 153
133 155
133 157
134 136
134 137
134 139
134 140
134 144
134 146
134 148
134 150
134 151
134 152
134 153
134 155
134 157
135 137
135 138
135 152
135 154
135 156
136 137
136 139
136 141
136 143
136 145
136 146
136 151
136 156
137 138
137 139
137 147
137 153
137 157
137 158
137 159
138 142
138 143
138 144
138 151
138 154
138 157
139 141
139 145
139 147
139 150
139 151
139 152
139 153
139 155
140 141
140 142
140 144
140 145
140 148
140 150
140 155
140 158
141 142
141 146
141 157
142 143
142 144
142 148
142 156
142 157
143 152
143 153
143 154
143 155
143 156
143 158
144 146
144 147
144 150
144 152
144 158
145 147
145 151
145 152
145 155
145 157
145 158
145 159
146 149
146 154
146 155
146 159
147 149
147 151
147 152
147 153
147 157
148 150
148 151
148 154
148 156
148 158
149 151
149 159
150 154
150 159
151 154
151 155
152 155
152 157
153 155
153 157
153 158
154 155
154 156
154 159
155 159
156 159
31 33 123 1 120 53 122 89 104 158 49 68 8 26 62 76 42 139 157 97 25 117 141 19
90 111 40 17 43 101 107 152 23 57 135 56 131 154 136 30 21 15 64 146 125 10 50 67
51 134 52 82 155 22 55 28 85 115 3 87 71 38 75 6 112 110 103 2 126 113 18 95
63 133 79 5 102 4 156 83 45 143 93 73 74 145 72 147 29 27 148 47 13 84 37 100
11 14 54 159 130 77 59 78 144 119 116 94 81 127 58 88 96 7 150 121 34 65 61 39
138 153 128 98 12 36 140 80 142 0 118 109 106 99 66 16 69 20 114 149 9 70 92 132
60 35 41 105 91 124 151 137 44 129 32 46 108 86 24 48
