150
3325
5
15.09
86.76
41.62
71.49
73.04
0 2
0 4
0 6
0 7
0 11
0 13
0 16
0 17
0 20
0 21
0 30
0 32
0 36
0 38
0 39
0 41
0 45
0 46
0 49
0 53
0 54
0 55
0 56
0 57
0 58
0 64
0 65
0 70
0 72
0 73
0 75
0 77
0 78
0 79
0 81
0 82
0 91
0 92
0 96
0 100
0 104
0 105
0 108
0 111
0 112
0 118
0 119
0 122
0 123
0 124
0 127
0 128
0 129
0 132
0 137
0 141
0 145
1 2
1 6
1 7
1 8
1 12
1 13
1 15
1 26
1 34
1 35
1 37
1 41
1 49
1 50
1 55
1 60
1 61
1 68
1 73
1 74
1 80
1 82
1 86
1 87
1 89
1 93
1 98
1 100
1 104
1 105
1 107
1 116
1 117
1 122
1 123
1 128
1 131
1 143
2 6
2 9
2 11
2 12
2 14
2 24
2 27
2 28
2 41
2 44
2 49
2 52
2 53
2 54
2 57
2 58
2 61
2 67
2 68
2 69
2 80
2 85
2 87
2 88
2 89
2 93
2 98
2 106
2 115
2 124
2 125
2 127
2 128
2 130
2 131
2 135
2 137
2 143
2 145
2 148
3 9
3 13
3 15
3 20
3 23
3 25
3 26
3 29
3 48
3 49
3 50
3 56
3 58
3 59
3 62
3 65
3 68
3 73
3 74
3 77
3 78
3 79
3 81
3 82
3 87
3 88
3 90
3 91
3 96
3 98
3 105
3 106
3 109
3 111
3 112
3 113
3 115
3 121
3 122
3 132
3 133
3 134
3 136
3 140
3 143
4 5
4 6
4 7
4 9
4 23
4 26
4 28
4 29
4 30
4 35
4 37
4 39
4 40
4 42
4 44
4 52
4 53
4 60
4 61
4 71
4 75
4 81
4 85
4 97
4 106
4 111
4 116
4 121
4 133
4 138
4 141
4 143
4 144
4 148
4 149
5 6
5 8
5 9
5 14
5 18
5 23
5 40
5 41
5 45
5 50
5 53
5 54
5 58
5 61
5 62
5 66
5 70
5 72
5 75
5 80
5 87
5 93
5 96
5 98
5 100
5 101
5 103
5 107
5 108
5 109
5 111
5 113
5 120
5 128
5 133
5 136
5 138
5 140
5 142
5 143
5 144
5 146
5 148
6 12
6 15
6 21
6 22
6 29
6 31
6 37
6 38
6 41
6 45
6 50
6 51
6 56
6 57
6 61
6 62
6 67
6 70
6 73
6 76
6 79
6 80
6 83
6 92
6 93
6 94
6 95
6 98
6 104
6 107
6 108
6 109
6 110
6 112
6 116
6 119
6 120
6 125
6 129
6 139
6 140
6 144
7 10
7 17
7 19
7 20
7 24
7 25
7 27
7 28
7 30
7 35
7 38
7 39
7 43
7 46
7 53
7 55
7 60
7 61
7 63
7 64
7 65
7 67
7 71
7 72
7 76
7 83
7 92
7 93
7 96
7 101
7 102
7 103
7 104
7 107
7 109
7 113
7 120
7 122
7 123
7 124
7 125
7 128
7 131
7 133
7 141
7 146
7 147
8 14
8 15
8 22
8 26
8 31
8 33
8 34
8 35
8 36
8 38
8 42
8 43
8 45
8 49
8 50
8 53
8 55
8 56
8 61
8 64
8 65
8 66
8 67
8 81
8 82
8 83
8 84
8 87
8 89
8 92
8 96
8 97
8 99
8 101
8 103
8 111
8 115
8 117
8 120
8 123
8 127
8 130
8 134
8 136
8 138
8 147
9 11
9 13
9 14
9 18
9 21
9 26
9 27
9 28
9 29
9 33
9 34
9 35
9 38
9 50
9 52
9 54
9 55
9 62
9 65
9 68
9 70
9 71
9 73
9 76
9 81
9 83
9 84
9 88
9 89
9 92
9 97
9 106
9 110
9 113
9 115
9 117
9 118
9 121
9 124
9 136
10 12
10 14
10 17
10 21
10 22
10 26
10 31
10 32
10 39
10 45
10 48
10 49
10 55
10 64
10 65
10 68
10 72
10 82
10 94
10 96
10 100
10 101
10 102
10 107
10 113
10 115
10 117
10 125
10 126
10 131
10 132
10 138
10 147
11 17
11 19
11 22
11 26
11 30
11 34
11 38
11 40
11 42
11 43
11 45
11 46
11 49
11 57
11 60
11 61
11 63
11 64
11 67
11 72
11 76
11 77
11 79
11 80
11 85
11 87
11 88
11 90
11 91
11 94
11 100
11 102
11 104
11 107
11 110
11 111
11 119
11 121
11 134
11 143
11 148
11 149
12 14
12 27
12 30
12 35
12 36
12 38
12 43
12 44
12 45
12 47
12 50
12 56
12 60
12 62
12 71
12 74
12 76
12 77
12 78
12 81
12 83
12 86
12 90
12 93
12 99
12 101
12 104
12 114
12 116
12 130
12 131
12 133
12 140
12 145
13 16
13 18
13 22
13 23
13 24
13 38
13 40
13 48
13 50
13 52
13 53
13 56
13 57
13 61
13 62
13 70
13 76
13 78
13 80
13 83
13 84
13 86
13 87
13 88
13 93
13 94
13 100
13 101
13 102
13 107
13 112
13 115
13 120
13 125
13 126
13 133
13 135
13 142
13 145
13 149
14 15
14 18
14 21
14 26
14 27
14 28
14 29
14 40
14 42
14 44
14 45
14 46
14 47
14 49
14 53
14 54
14 55
14 61
14 62
14 65
14 66
14 67
14 68
14 69
14 71
14 77
14 84
14 90
14 93
14 98
14 108
14 112
14 118
14 123
14 126
14 127
14 129
14 130
14 135
14 136
14 139
14 141
14 149
15 27
15 34
15 38
15 41
15 43
15 48
15 54
15 56
15 59
15 67
15 68
15 70
15 71
15 72
15 82
15 85
15 94
15 95
15 100
15 101
15 103
15 108
15 112
15 119
15 122
15 124
15 126
15 128
15 129
15 134
15 137
15 146
15 149
16 18
16 22
16 26
16 27
16 28
16 29
16 36
16 41
16 45
16 50
16 53
16 55
16 60
16 62
16 72
16 86
16 88
16 89
16 91
16 93
16 95
16 96
16 103
16 105
16 107
16 110
16 113
16 118
16 120
16 123
16 126
16 127
16 128
16 129
16 131
16 135
16 137
16 138
16 140
16 144
17 19
17 22
17 27
17 30
17 42
17 44
17 46
17 54
17 56
17 57
17 58
17 62
17 65
17 75
17 77
17 78
17 80
17 82
17 84
17 88
17 95
17 98
17 105
17 106
17 108
17 119
17 120
17 124
17 133
17 135
17 140
17 147
18 21
18 24
18 29
18 30
18 31
18 36
18 38
18 45
18 47
18 48
18 52
18 53
18 57
18 63
18 65
18 66
18 68
18 70
18 71
18 72
18 73
18 74
18 79
18 80
18 90
18 97
18 104
18 106
18 108
18 112
18 130
18 131
18 135
18 137
18 144
18 146
18 149
19 20
19 22
19 27
19 28
19 29
19 32
19 37
19 38
19 40
19 42
19 43
19 47
19 48
19 49
19 50
19 57
19 58
19 60
19 63
19 64
19 66
19 67
19 68
19 69
19 72
19 76
19 78
19 82
19 85
19 88
19 91
19 95
19 96
19 101
19 104
19 107
19 111
19 112
19 119
19 123
19 124
19 130
19 136
19 138
19 139
19 140
19 141
19 145
19 146
20 23
20 29
20 36
20 39
20 48
20 49
20 51
20 59
20 61
20 64
20 65
20 66
20 70
20 72
20 74
20 81
20 82
20 87
20 88
20 90
20 91
20 92
20 94
20 100
20 101
20 109
20 114
20 115
20 118
20 119
20 128
20 129
20 130
20 131
20 134
20 137
20 138
20 140
20 141
20 146
20 149
21 23
21 25
21 29
21 30
21 31
21 35
21 38
21 41
21 46
21 51
21 56
21 58
21 62
21 64
21 74
21 78
21 86
21 88
21 89
21 103
21 105
21 109
21 110
21 114
21 115
21 117
21 119
21 120
21 121
21 122
21 123
21 126
21 131
21 135
21 138
21 141
21 142
21 148
22 25
22 27
22 29
22 32
22 33
22 37
22 46
22 53
22 61
22 64
22 65
22 71
22 72
22 73
22 77
22 81
22 82
22 87
22 89
22 90
22 91
22 92
22 101
22 111
22 121
22 126
22 130
22 132
22 136
22 138
22 139
22 142
22 144
22 147
23 34
23 42
23 50
23 52
23 54
23 59
23 60
23 62
23 67
23 68
23 74
23 81
23 82
23 85
23 86
23 87
23 96
23 99
23 101
23 107
23 110
23 113
23 115
23 116
23 119
23 120
23 123
23 124
23 131
23 134
23 135
23 137
23 138
23 140
23 142
23 143
23 145
24 29
24 31
24 32
24 37
24 43
24 44
24 45
24 48
24 49
24 50
24 52
24 54
24 56
24 57
24 59
24 62
24 65
24 73
24 76
24 77
24 78
24 83
24 88
24 92
24 99
24 102
24 103
24 105
24 109
24 110
24 111
24 112
24 116
24 117
24 119
24 125
24 127
24 129
24 130
24 133
24 134
24 146
24 147
25 33
25 37
25 41
25 44
25 45
25 61
25 62
25 63
25 64
25 70
25 72
25 79
25 80
25 83
25 86
25 89
25 91
25 94
25 97
25 101
25 103
25 106
25 107
25 108
25 110
25 111
25 112
25 121
25 124
25 126
25 127
25 131
25 135
25 136
25 143
26 27
26 30
26 35
26 37
26 39
26 42
26 43
26 46
26 47
26 48
26 49
26 51
26 52
26 56
26 57
26 60
26 61
26 63
26 65
26 66
26 67
26 69
26 79
26 80
26 88
26 93
26 95
26 97
26 100
26 104
26 105
26 109
26 115
26 118
26 120
26 130
26 132
26 137
26 138
26 141
26 144
26 149
27 28
27 34
27 36
27 37
27 41
27 42
27 44
27 48
27 52
27 57
27 58
27 68
27 70
27 73
27 75
27 79
27 80
27 81
27 84
27 85
27 86
27 88
27 91
27 105
27 106
27 108
27 110
27 112
27 117
27 119
27 123
27 124
27 127
27 134
27 136
27 138
27 141
27 142
27 146
28 35
28 40
28 43
28 44
28 47
28 48
28 51
28 56
28 58
28 59
28 63
28 79
28 80
28 81
28 85
28 95
28 100
28 106
28 108
28 110
28 112
28 113
28 114
28 115
28 119
28 123
28 125
28 128
28 129
28 132
28 133
28 147
28 149
29 30
29 41
29 47
29 53
29 55
29 60
29 62
29 63
29 64
29 67
29 70
29 72
29 73
29 75
29 77
29 79
29 82
29 87
29 90
29 92
29 96
29 99
29 107
29 109
29 110
29 111
29 112
29 115
29 123
29 126
29 129
29 133
29 134
29 138
29 148
29 149
30 31
30 35
30 45
30 50
30 59
30 60
30 61
30 63
30 64
30 66
30 67
30 78
30 79
30 87
30 93
30 95
30 96
30 98
30 100
30 103
30 105
30 108
30 109
30 112
30 115
30 117
30 121
30 127
30 131
30 132
30 142
30 144
30 146
30 148
31 32
31 39
31 49
31 51
31 52
31 53
31 57
31 58
31 60
31 62
31 72
31 74
31 76
31 89
31 91
31 92
31 95
31 105
31 112
31 118
31 124
31 125
31 130
31 137
31 142
31 143
31 149
32 34
32 40
32 44
32 49
32 53
32 54
32 56
32 57
32 64
32 67
32 68
32 69
32 75
32 80
32 81
32 82
32 85
32 99
32 100
32 101
32 105
32 117
32 118
32 122
32 125
32 131
32 134
32 136
32 139
32 146
32 147
33 35
33 39
33 42
33 44
33 45
33 49
33 50
33 52
33 54
33 56
33 57
33 60
33 62
33 67
33 69
33 73
33 75
33 76
33 78
33 85
33 86
33 93
33 96
33 101
33 103
33 106
33 109
33 113
33 114
33 124
33 127
33 129
33 147
34 35
34 36
34 38
34 40
34 49
34 56
34 57
34 59
34 64
34 67
34 68
34 71
34 74
34 76
34 77
34 80
34 83
34 85
34 88
34 89
34 93
34 95
34 98
34 101
34 102
34 105
34 108
34 110
34 117
34 130
34 136
34 137
35 41
35 43
35 47
35 56
35 58
35 65
35 67
35 68
35 69
35 71
35 72
35 73
35 75
35 81
35 88
35 89
35 90
35 95
35 100
35 101
35 106
35 107
35 108
35 112
35 113
35 115
35 117
35 120
35 125
35 136
35 138
35 145
35 146
35 148
36 39
36 40
36 41
36 42
36 43
36 44
36 53
36 57
36 58
36 60
36 65
36 67
36 74
36 82
36 83
36 84
36 87
36 88
36 97
36 101
36 109
36 111
36 115
36 119
36 127
36 133
36 136
36 141
36 143
36 149
37 40
37 43
37 48
37 49
37 54
37 56
37 59
37 68
37 75
37 79
37 81
37 84
37 87
37 89
37 91
37 93
37 94
37 95
37 96
37 97
37 99
37 104
37 105
37 106
37 107
37 111
37 113
37 119
37 121
37 124
37 125
37 129
37 130
37 134
37 137
37 144
37 146
38 45
38 48
38 63
38 64
38 65
38 66
38 67
38 68
38 74
38 75
38 77
38 84
38 85
38 92
38 93
38 96
38 99
38 100
38 106
38 107
38 113
38 117
38 123
38 124
38 132
38 133
38 134
38 135
38 136
38 143
38 145
38 147
38 148
39 43
39 46
39 55
39 56
39 58
39 65
39 67
39 69
39 70
39 71
39 72
39 77
39 83
39 85
39 87
39 88
39 89
39 94
39 96
39 100
39 103
39 107
39 108
39 109
39 111
39 112
39 113
39 115
39 120
39 134
39 137
39 142
39 148
40 42
40 46
40 48
40 50
40 60
40 72
40 82
40 83
40 84
40 88
40 93
40 96
40 99
40 104
40 107
40 113
40 115
40 117
40 118
40 120
40 121
40 127
40 131
40 132
40 133
40 134
40 135
40 141
40 143
40 146
40 147
40 148
41 43
41 44
41 45
41 47
41 49
41 54
41 58
41 59
41 67
41 68
41 70
41 72
41 77
41 79
41 80
41 83
41 84
41 86
41 91
41 93
41 97
41 98
41 99
41 100
41 102
41 104
41 110
41 115
41 116
41 129
41 130
41 131
41 133
41 149
42 50
42 55
42 58
42 66
42 67
42 68
42 71
42 72
42 73
42 75
42 80
42 81
42 82
42 90
42 91
42 94
42 95
42 98
42 101
42 105
42 106
42 108
42 113
42 116
42 117
42 119
42 124
42 131
42 141
42 147
43 44
43 45
43 47
43 49
43 54
43 58
43 60
43 61
43 62
43 63
43 65
43 66
43 70
43 76
43 86
43 87
43 91
43 95
43 97
43 99
43 101
43 102
43 109
43 111
43 114
43 116
43 128
43 135
43 137
43 138
43 148
44 45
44 49
44 50
44 54
44 60
44 61
44 63
44 68
44 73
44 74
44 75
44 77
44 91
44 92
44 94
44 95
44 96
44 103
44 104
44 112
44 114
44 115
44 116
44 119
44 121
44 122
44 124
44 126
44 127
44 128
44 133
44 141
44 142
44 143
44 145
44 148
44 149
45 48
45 54
45 57
45 60
45 64
45 66
45 69
45 71
45 80
45 84
45 87
45 98
45 109
45 116
45 125
45 130
45 132
45 133
45 135
45 138
45 142
45 144
46 47
46 48
46 50
46 54
46 55
46 56
46 61
46 64
46 66
46 68
46 69
46 76
46 77
46 80
46 83
46 87
46 90
46 93
46 104
46 107
46 110
46 114
46 118
46 122
46 126
46 128
46 132
46 137
46 143
46 144
46 146
46 147
47 52
47 55
47 56
47 63
47 67
47 71
47 73
47 76
47 78
47 79
47 80
47 81
47 85
47 89
47 99
47 100
47 103
47 107
47 109
47 112
47 114
47 116
47 117
47 119
47 131
47 139
47 147
48 49
48 56
48 65
48 71
48 73
48 86
48 96
48 98
48 99
48 102
48 103
48 108
48 110
48 112
48 116
48 117
48 118
48 123
48 127
48 129
48 138
48 141
48 145
48 147
49 59
49 71
49 77
49 82
49 83
49 84
49 92
49 93
49 98
49 100
49 110
49 113
49 115
49 122
49 123
49 125
49 127
49 128
49 129
49 130
49 132
49 136
49 141
49 144
49 147
50 54
50 55
50 56
50 58
50 66
50 74
50 76
50 77
50 83
50 86
50 88
50 93
50 94
50 95
50 96
50 105
50 111
50 112
50 118
50 126
50 129
50 132
50 137
50 140
50 142
50 144
50 146
50 148
50 149
51 57
51 60
51 62
51 65
51 68
51 73
51 75
51 76
51 79
51 85
51 94
51 97
51 99
51 106
51 107
51 108
51 112
51 119
51 128
51 131
51 133
51 134
51 141
51 146
52 53
52 55
52 58
52 59
52 64
52 70
52 71
52 77
52 80
52 81
52 83
52 85
52 87
52 88
52 91
52 94
52 106
52 108
52 110
52 114
52 117
52 119
52 122
52 124
52 126
52 130
52 133
52 134
52 139
52 142
52 144
52 145
52 147
53 54
53 55
53 56
53 61
53 65
53 69
53 72
53 73
53 79
53 80
53 81
53 85
53 88
53 91
53 93
53 96
53 97
53 98
53 105
53 106
53 111
53 115
53 120
53 122
53 126
53 131
53 134
53 136
53 137
53 138
53 143
53 144
53 145
54 55
54 58
54 62
54 63
54 65
54 74
54 75
54 78
54 87
54 88
54 90
54 94
54 97
54 98
54 102
54 107
54 109
54 115
54 118
54 128
54 129
54 137
54 139
54 141
54 146
55 59
55 65
55 67
55 69
55 72
55 77
55 81
55 82
55 83
55 85
55 86
55 94
55 95
55 102
55 104
55 107
55 109
55 111
55 112
55 118
55 124
55 130
55 135
55 138
56 57
56 60
56 66
56 70
56 71
56 74
56 79
56 80
56 81
56 82
56 87
56 102
56 105
56 111
56 113
56 115
56 116
56 123
56 126
56 129
56 134
56 136
56 139
56 144
56 145
57 59
57 60
57 61
57 69
57 71
57 78
57 80
57 84
57 86
57 92
57 96
57 107
57 108
57 111
57 114
57 119
57 121
57 122
57 125
57 130
57 133
57 135
57 137
57 140
57 147
57 148
58 60
58 61
58 62
58 64
58 65
58 68
58 70
58 72
58 74
58 83
58 100
58 105
58 106
58 108
58 111
58 112
58 116
58 124
58 125
58 130
58 131
58 132
58 142
58 143
59 63
59 73
59 75
59 80
59 82
59 84
59 90
59 92
59 94
59 95
59 96
59 101
59 102
59 106
59 107
59 109
59 113
59 119
59 121
59 125
59 127
59 131
59 137
59 138
59 139
59 140
59 141
59 145
59 146
59 147
60 62
60 65
60 66
60 68
60 71
60 72
60 75
60 77
60 79
60 81
60 83
60 90
60 92
60 93
60 95
60 96
60 104
60 105
60 106
60 109
60 125
60 126
60 132
60 133
60 138
60 139
60 142
60 147
61 62
61 68
61 76
61 81
61 83
61 85
61 87
61 89
61 93
61 98
61 102
61 103
61 105
61 110
61 117
61 120
61 121
61 122
61 133
61 134
61 137
61 143
61 144
61 145
61 146
61 148
61 149
62 67
62 73
62 78
62 79
62 80
62 81
62 88
62 91
62 94
62 100
62 101
62 105
62 108
62 112
62 114
62 115
62 117
62 118
62 120
62 121
62 122
62 123
62 128
62 129
62 130
62 131
62 134
62 137
62 138
62 139
62 146
62 148
63 65
63 68
63 69
63 85
63 86
63 87
63 88
63 91
63 96
63 98
63 102
63 103
63 104
63 106
63 114
63 118
63 119
63 124
63 126
63 128
63 130
63 135
63 136
63 139
63 141
63 142
63 144
63 145
63 147
63 149
64 67
64 68
64 69
64 74
64 80
64 81
64 86
64 87
64 88
64 91
64 93
64 94
64 97
64 101
64 102
64 106
64 107
64 121
64 123
64 127
64 137
64 138
64 140
64 141
64 142
64 146
64 149
65 67
65 68
65 71
65 76
65 80
65 82
65 93
65 96
65 103
65 104
65 106
65 108
65 110
65 113
65 116
65 122
65 124
65 127
65 128
65 129
65 133
65 136
65 146
65 147
65 149
66 71
66 74
66 75
66 78
66 82
66 85
66 87
66 93
66 95
66 96
66 97
66 99
66 100
66 104
66 106
66 113
66 115
66 119
66 121
66 122
66 125
66 126
66 127
66 129
66 133
66 134
66 136
66 141
67 73
67 77
67 79
67 86
67 95
67 96
67 99
67 100
67 103
67 105
67 108
67 110
67 116
67 117
67 119
67 123
67 124
67 125
67 126
67 130
67 131
67 134
67 138
67 139
67 143
67 147
67 148
68 70
68 71
68 74
68 75
68 78
68 83
68 86
68 87
68 88
68 89
68 98
68 99
68 105
68 107
68 110
68 112
68 113
68 114
68 117
68 123
68 124
68 130
68 132
68 135
69 70
69 72
69 76
69 77
69 78
69 80
69 84
69 91
69 92
69 94
69 97
69 98
69 99
69 101
69 104
69 105
69 110
69 114
69 118
69 119
69 120
69 121
69 125
69 126
69 130
69 131
69 140
69 144
70 71
70 72
70 73
70 74
70 78
70 82
70 83
70 87
70 89
70 93
70 94
70 95
70 113
70 118
70 121
70 122
70 123
70 124
70 125
70 126
70 128
70 131
70 133
70 134
70 137
70 144
70 145
70 149
71 72
71 73
71 74
71 75
71 76
71 78
71 85
71 86
71 93
71 94
71 96
71 99
71 100
71 105
71 108
71 110
71 114
71 118
71 119
71 121
71 123
71 125
71 131
71 136
71 137
71 141
72 74
72 75
72 77
72 82
72 83
72 86
72 87
72 89
72 90
72 92
72 94
72 98
72 107
72 108
72 117
72 118
72 119
72 121
72 129
72 130
72 132
72 133
72 135
72 136
72 144
73 76
73 78
73 83
73 88
73 91
73 96
73 97
73 100
73 104
73 108
73 115
73 118
73 123
73 125
73 126
73 132
73 137
73 139
73 143
73 145
73 147
74 75
74 76
74 79
74 83
74 84
74 87
74 88
74 90
74 97
74 100
74 101
74 102
74 104
74 105
74 108
74 111
74 116
74 117
74 118
74 121
74 125
74 129
74 139
74 147
74 148
75 78
75 81
75 82
75 83
75 85
75 86
75 87
75 90
75 92
75 97
75 98
75 102
75 105
75 107
75 109
75 118
75 126
75 128
75 130
75 131
75 149
76 78
76 79
76 85
76 90
76 92
76 97
76 100
76 105
76 106
76 110
76 111
76 116
76 117
76 122
76 128
76 129
76 130
76 133
76 135
76 140
76 142
77 82
77 84
77 86
77 89
77 90
77 92
77 94
77 98
77 100
77 101
77 102
77 103
77 104
77 105
77 108
77 114
77 115
77 119
77 120
77 121
77 122
77 124
77 128
77 130
77 132
77 137
77 139
77 140
77 141
77 145
77 148
77 149
78 82
78 83
78 85
78 87
78 100
78 107
78 113
78 115
78 116
78 120
78 122
78 124
78 125
78 128
78 131
78 132
78 134
78 135
78 136
78 138
78 141
78 142
78 143
78 147
78 148
79 87
79 88
79 90
79 96
79 97
79 98
79 99
79 106
79 107
79 108
79 113
79 115
79 117
79 120
79 123
79 125
79 130
79 131
79 132
79 135
79 139
79 146
79 149
80 89
80 91
80 93
80 94
80 99
80 107
80 109
80 111
80 112
80 113
80 129
80 133
80 135
80 136
80 138
80 139
80 140
80 144
80 147
81 86
81 92
81 93
81 94
81 112
81 113
81 119
81 123
81 124
81 125
81 133
81 135
81 138
81 141
81 142
81 143
81 144
81 145
81 147
82 84
82 87
82 91
82 98
82 100
82 104
82 107
82 108
82 112
82 117
82 119
82 127
82 131
82 132
82 136
82 137
82 143
82 144
82 146
82 147
82 148
83 85
83 89
83 94
83 95
83 97
83 99
83 102
83 103
83 110
83 111
83 112
83 114
83 117
83 121
83 123
83 127
83 130
83 138
83 145
84 88
84 91
84 93
84 95
84 98
84 103
84 105
84 106
84 107
84 111
84 112
84 115
84 122
84 125
84 134
84 135
84 138
84 140
84 142
84 145
84 146
84 149
85 98
85 99
85 102
85 104
85 109
85 111
85 117
85 118
85 122
85 124
85 126
85 131
85 145
86 87
86 88
86 91
86 92
86 94
86 97
86 102
86 108
86 117
86 118
86 123
86 127
86 129
86 130
86 131
86 137
86 140
86 142
86 147
87 89
87 91
87 92
87 94
87 98
87 100
87 103
87 105
87 109
87 112
87 115
87 117
87 118
87 120
87 124
87 128
87 129
87 136
87 138
87 140
87 146
87 149
88 89
88 100
88 102
88 105
88 106
88 107
88 113
88 125
88 126
88 127
88 131
88 136
88 137
88 139
88 140
88 141
88 145
89 90
89 93
89 98
89 99
89 100
89 110
89 114
89 122
89 128
89 129
89 131
89 132
89 134
89 135
89 136
89 144
89 145
90 98
90 100
90 117
90 119
90 123
90 124
90 125
90 128
90 129
90 130
90 131
90 135
90 136
90 138
90 140
90 141
90 142
90 149
91 93
91 94
91 98
91 100
91 111
91 113
91 115
91 117
91 120
91 123
91 127
91 129
91 139
92 93
92 94
92 105
92 108
92 110
92 113
92 114
92 117
92 123
92 141
92 146
93 97
93 98
93 100
93 112
93 115
93 124
93 125
93 127
93 129
93 132
93 135
93 137
93 146
93 149
94 105
94 113
94 114
94 115
94 116
94 117
94 118
94 122
94 127
94 129
94 132
94 136
94 139
94 141
94 145
94 146
94 148
95 96
95 98
95 99
95 101
95 102
95 105
95 106
95 111
95 126
95 127
95 130
95 132
95 134
95 135
95 136
95 143
96 98
96 99
96 103
96 105
96 108
96 110
96 112
96 113
96 117
96 122
96 123
96 124
96 128
96 129
96 130
96 131
96 132
96 138
96 139
96 140
96 142
97 100
97 103
97 107
97 115
97 116
97 117
97 118
97 119
97 122
97 125
97 126
97 128
97 129
97 135
97 140
97 142
97 143
98 99
98 103
98 106
98 114
98 115
98 117
98 122
98 124
98 125
98 127
98 132
98 136
98 138
98 141
98 142
98 147
99 106
99 107
99 115
99 120
99 123
99 124
99 132
99 133
99 135
99 136
99 137
99 141
99 143
99 149
100 104
100 107
100 108
100 111
100 113
100 116
100 123
100 124
100 129
100 132
100 134
100 137
100 140
100 141
100 145
100 146
100 148
100 149
101 107
101 110
101 112
101 121
101 136
101 137
101 140
101 146
102 103
102 108
102 109
102 113
102 115
102 118
102 119
102 121
102 122
102 125
102 129
102 131
102 135
102 147
102 149
103 107
103 112
103 114
103 116
103 117
103 126
103 132
103 134
103 135
103 136
103 139
103 140
103 141
103 145
103 146
103 147
103 149
104 106
104 108
104 115
104 117
104 120
104 122
104 123
104 131
104 135
104 137
104 139
104 141
104 143
104 144
104 145
104 146
104 149
105 107
105 109
105 112
105 115
105 118
105 119
105 120
105 121
105 128
105 136
105 137
105 138
105 144
105 148
106 109
106 116
106 117
106 119
106 123
106 126
106 128
106 130
106 135
106 138
106 141
106 143
106 144
107 110
107 115
107 118
107 119
107 121
107 122
107 123
107 125
107 126
107 128
107 135
107 138
107 139
107 140
107 141
107 142
107 143
107 148
108 109
108 115
108 118
108 120
108 127
108 128
108 130
108 139
108 140
108 147
109 111
109 116
109 122
109 126
109 131
109 135
109 136
109 140
109 141
109 145
109 146
109 148
110 114
110 121
110 122
110 123
110 125
110 136
110 139
110 143
110 146
110 147
111 113
111 116
111 119
111 121
111 130
111 133
111 135
111 141
112 115
112 121
112 127
112 134
112 136
112 139
112 140
112 141
112 147
112 149
113 116
113 120
113 124
113 135
113 136
113 141
113 149
114 116
114 117
114 118
114 120
114 123
114 125
114 130
114 131
114 133
114 136
114 142
114 143
114 144
114 145
114 148
115 118
115 119
115 127
115 128
115 132
115 137
115 140
115 144
115 149
116 120
116 125
116 128
116 139
116 145
116 147
117 120
117 122
117 126
117 129
117 146
117 147
118 127
118 128
118 131
118 136
118 137
118 138
118 140
118 142
118 143
118 146
118 147
118 148
118 149
119 130
119 132
119 134
119 140
119 141
119 143
120 123
120 124
120 127
120 129
120 131
120 133
120 136
120 147
120 148
120 149
121 122
121 128
121 129
121 138
121 139
121 140
121 141
121 145
121 149
122 125
122 127
122 128
122 130
122 131
122 133
122 139
122 144
122 145
123 126
123 129
123 133
123 134
123 136
123 138
123 142
123 146
124 125
124 127
124 128
124 130
124 131
124 135
124 137
124 138
124 146
125 132
125 135
125 138
125 139
125 142
125 148
126 127
126 130
126 132
126 134
126 141
126 143
126 146
126 148
127 132
127 134
127 136
127 137
127 139
127 141
127 148
127 149
128 130
128 140
128 143
128 144
129 131
129 133
129 138
129 140
129 142
129 147
129 149
130 137
130 139
130 143
130 145
130 147
130 148
131 138
131 139
131 140
131 141
131 146
132 136
132 140
132 142
132 144
132 146
132 147
133 137
133 139
134 136
134 139
134 142
134 148
135 139
135 141
135 143
136 139
136 143
136 144
136 147
137 139
137 142
137 143
137 144
137 146
137 149
138 139
138 140
138 141
138 147
139 142
139 143
139 144
139 145
140 142
140 143
140 144
141 148
141 149
142 143
142 144
142 147
143 145
143 147
143 148
144 146
144 148
145 147
145 148
146 148
146 149
148 149
105 117 63 118 141 69 14 115 128 64 121 148 79 41 127 135 86 27 38 89 129 87 35 99 88 44 1 91 100 119 59 37 23 30 147 61 140
98 22 108 149 137 85 70 81 17 7 111 26 143 12 124 122 75 56 83 130 47 72 68 33 51 134 109 8 107 21 74 133 45 82 120 102 2
67 32 90 71 96 42 39 136 73 55 40 20 112 57 110 0 65 138 53 9 116 77 3 11 28 18 113 126 78 5 101 114 36 84 92 131 43
25 104 10 58 15 4 49 144 139 142 34 62 97 145 50 31 125 54 103 16 6 52 60 24 46 76 93 94 66 123 48 146 132 19 106 13 29
95 80
