170
2834
5
61.2
4.26
55.96
90.5
20.95
0 7
0 10
0 13
0 26
0 29
0 37
0 43
0 44
0 45
0 50
0 65
0 66
0 70
0 79
0 87
0 88
0 91
0 92
0 96
0 99
0 105
0 107
0 111
0 113
0 115
0 121
0 124
0 128
0 134
0 136
0 155
0 158
0 163
1 4
1 19
1 21
1 34
1 37
1 39
1 40
1 47
1 50
1 53
1 59
1 61
1 71
1 73
1 77
1 94
1 97
1 99
1 101
1 105
1 107
1 117
1 125
1 127
1 130
1 133
1 134
1 138
1 139
1 141
1 142
1 145
1 152
2 9
2 20
2 25
2 31
2 34
2 43
2 47
2 55
2 57
2 59
2 61
2 75
2 78
2 81
2 94
2 95
2 111
2 120
2 124
2 125
2 126
2 137
2 139
2 140
2 143
2 157
2 158
2 161
2 166
3 4
3 22
3 24
3 31
3 36
3 37
3 46
3 54
3 55
3 58
3 64
3 66
3 68
3 81
3 92
3 99
3 105
3 106
3 109
3 112
3 116
3 119
3 120
3 121
3 125
3 126
3 127
3 129
3 133
3 135
3 136
3 137
3 138
3 152
3 154
3 158
3 161
3 169
4 9
4 31
4 32
4 37
4 39
4 43
4 47
4 49
4 50
4 54
4 58
4 61
4 72
4 74
4 81
4 90
4 95
4 96
4 103
4 117
4 120
4 122
4 127
4 131
4 133
4 144
4 151
4 153
5 9
5 21
5 26
5 27
5 28
5 29
5 34
5 39
5 41
5 44
5 45
5 48
5 49
5 52
5 53
5 55
5 63
5 68
5 74
5 75
5 80
5 91
5 96
5 98
5 106
5 108
5 117
5 119
5 121
5 123
5 125
5 153
5 158
5 163
5 168
6 7
6 9
6 11
6 12
6 17
6 18
6 21
6 31
6 36
6 37
6 40
6 60
6 63
6 64
6 65
6 71
6 73
6 74
6 77
6 79
6 84
6 88
6 93
6 95
6 101
6 103
6 109
6 112
6 119
6 129
6 132
6 138
6 144
6 148
6 154
6 155
6 156
6 163
6 164
6 166
7 8
7 11
7 25
7 27
7 35
7 44
7 45
7 50
7 54
7 63
7 80
7 82
7 97
7 100
7 112
7 115
7 125
7 127
7 130
7 136
7 137
7 143
7 144
7 145
7 151
7 161
7 169
8 12
8 13
8 20
8 31
8 41
8 42
8 55
8 57
8 58
8 61
8 64
8 71
8 73
8 84
8 105
8 108
8 109
8 120
8 121
8 123
8 128
8 129
8 131
8 132
8 139
8 147
8 152
8 153
8 157
8 159
8 160
8 162
8 164
8 168
9 12
9 17
9 21
9 25
9 29
9 34
9 37
9 41
9 43
9 46
9 57
9 58
9 62
9 71
9 76
9 80
9 81
9 90
9 93
9 98
9 109
9 114
9 121
9 122
9 124
9 125
9 126
9 133
9 138
9 139
9 146
9 153
9 168
10 11
10 24
10 29
10 36
10 40
10 41
10 45
10 47
10 49
10 51
10 54
10 57
10 64
10 78
10 80
10 85
10 96
10 97
10 99
10 101
10 102
10 104
10 109
10 117
10 123
10 126
10 145
10 150
10 152
10 157
10 161
10 165
10 166
10 168
11 15
11 18
11 28
11 35
11 37
11 40
11 49
11 61
11 62
11 73
11 77
11 95
11 98
11 100
11 117
11 120
11 127
11 130
11 132
11 137
11 140
11 143
11 150
11 163
11 168
12 45
12 49
12 51
12 57
12 60
12 64
12 94
12 95
12 101
12 104
12 107
12 119
12 123
12 128
12 137
12 139
12 140
12 142
12 143
12 145
12 149
12 163
13 14
13 15
13 17
13 19
13 21
13 31
13 33
13 34
13 36
13 40
13 47
13 52
13 53
13 59
13 69
13 74
13 75
13 76
13 84
13 88
13 103
13 119
13 126
13 127
13 133
13 134
13 140
13 147
13 148
13 154
13 161
13 162
13 163
14 16
14 17
14 19
14 21
14 24
14 25
14 26
14 55
14 57
14 69
14 74
14 75
14 79
14 90
14 99
14 101
14 106
14 109
14 117
14 118
14 119
14 120
14 126
14 127
14 134
14 136
14 141
14 151
14 152
14 154
14 157
14 158
14 162
14 166
15 18
15 22
15 25
15 36
15 37
15 38
15 39
15 40
15 42
15 46
15 49
15 52
15 62
15 68
15 72
15 79
15 94
15 102
15 106
15 108
15 109
15 116
15 121
15 124
15 125
15 127
15 128
15 129
15 137
15 138
15 139
15 140
15 148
15 149
15 163
16 19
16 20
16 26
16 34
16 35
16 38
16 40
16 50
16 63
16 65
16 77
16 81
16 82
16 88
16 90
16 95
16 98
16 99
16 114
16 116
16 123
16 129
16 130
16 135
16 139
16 161
16 163
16 165
16 169
17 33
17 35
17 42
17 46
17 50
17 51
17 53
17 60
17 74
17 76
17 82
17 83
17 85
17 88
17 96
17 98
17 99
17 125
17 126
17 131
17 137
17 142
17 144
17 163
17 166
17 167
18 23
18 25
18 26
18 31
18 39
18 43
18 50
18 52
18 54
18 59
18 80
18 88
18 98
18 101
18 105
18 107
18 115
18 121
18 122
18 125
18 127
18 132
18 137
18 142
18 144
18 147
18 151
18 155
18 159
19 21
19 23
19 26
19 28
19 32
19 37
19 38
19 39
19 40
19 47
19 51
19 52
19 58
19 62
19 65
19 71
19 87
19 88
19 90
19 92
19 96
19 97
19 98
19 99
19 101
19 121
19 122
19 127
19 133
19 134
19 138
19 145
19 149
19 152
19 159
19 166
20 22
20 27
20 31
20 48
20 57
20 60
20 61
20 68
20 69
20 80
20 83
20 86
20 89
20 92
20 97
20 98
20 118
20 125
20 126
20 130
20 132
20 141
20 143
20 146
20 149
20 151
20 154
20 156
20 160
20 163
20 169
21 24
21 43
21 51
21 59
21 71
21 72
21 77
21 93
21 95
21 96
21 99
21 100
21 102
21 110
21 111
21 119
21 121
21 125
21 126
21 139
21 147
21 153
21 156
21 165
22 30
22 31
22 41
22 48
22 54
22 56
22 57
22 58
22 64
22 67
22 68
22 75
22 77
22 78
22 81
22 82
22 83
22 84
22 88
22 97
22 99
22 108
22 109
22 111
22 114
22 115
22 127
22 128
22 129
22 138
22 140
22 159
22 160
22 163
22 166
22 167
23 40
23 41
23 58
23 65
23 67
23 73
23 74
23 76
23 83
23 86
23 87
23 88
23 93
23 107
23 110
23 112
23 115
23 120
23 122
23 124
23 129
23 130
23 134
23 142
23 144
23 154
23 159
23 162
23 165
24 28
24 33
24 35
24 36
24 41
24 47
24 48
24 50
24 56
24 57
24 68
24 71
24 77
24 91
24 92
24 96
24 100
24 101
24 103
24 105
24 109
24 115
24 131
24 132
24 133
24 134
24 137
24 140
24 152
24 153
24 154
24 155
24 164
25 27
25 29
25 32
25 37
25 40
25 41
25 43
25 49
25 52
25 53
25 55
25 67
25 68
25 69
25 70
25 76
25 78
25 81
25 82
25 85
25 99
25 108
25 121
25 133
25 144
25 150
25 159
25 168
26 29
26 31
26 32
26 35
26 39
26 41
26 48
26 57
26 62
26 72
26 77
26 87
26 90
26 93
26 94
26 96
26 105
26 106
26 108
26 112
26 120
26 125
26 126
26 127
26 128
26 140
26 144
26 146
26 151
26 155
27 28
27 30
27 36
27 47
27 52
27 58
27 71
27 73
27 74
27 78
27 81
27 82
27 84
27 89
27 92
27 100
27 103
27 106
27 108
27 120
27 122
27 124
27 133
27 137
27 140
27 144
27 145
27 146
27 151
27 153
27 164
27 165
28 55
28 57
28 58
28 65
28 70
28 79
28 81
28 84
28 87
28 95
28 97
28 105
28 122
28 130
28 136
28 142
28 154
28 164
29 30
29 31
29 41
29 46
29 49
29 52
29 55
29 56
29 60
29 62
29 77
29 78
29 85
29 89
29 105
29 110
29 111
29 124
29 126
29 147
29 155
29 157
29 159
29 161
29 162
29 163
30 33
30 35
30 39
30 41
30 45
30 46
30 47
30 53
30 56
30 59
30 63
30 68
30 81
30 83
30 87
30 88
30 104
30 109
30 114
30 122
30 123
30 129
30 141
30 150
30 151
30 153
30 156
30 157
30 159
30 161
30 162
30 165
31 34
31 38
31 39
31 44
31 47
31 51
31 53
31 57
31 64
31 67
31 70
31 73
31 78
31 87
31 95
31 110
31 112
31 114
31 116
31 131
31 132
31 133
31 135
31 137
31 148
31 153
32 40
32 45
32 46
32 48
32 54
32 55
32 57
32 67
32 69
32 70
32 71
32 81
32 86
32 89
32 100
32 103
32 106
32 110
32 113
32 114
32 118
32 119
32 127
32 134
32 135
32 141
32 153
32 157
33 38
33 41
33 42
33 48
33 51
33 52
33 59
33 64
33 78
33 79
33 84
33 85
33 86
33 87
33 100
33 105
33 107
33 109
33 112
33 123
33 124
33 128
33 148
33 149
33 158
33 167
34 35
34 40
34 43
34 55
34 58
34 61
34 64
34 81
34 86
34 90
34 92
34 104
34 111
34 115
34 120
34 130
34 131
34 132
34 133
34 135
34 136
34 137
34 141
34 147
34 153
34 156
34 165
34 167
35 38
35 50
35 53
35 57
35 79
35 85
35 86
35 87
35 92
35 95
35 96
35 98
35 105
35 106
35 107
35 110
35 114
35 124
35 131
35 133
35 134
35 138
35 142
35 143
35 146
35 163
36 37
36 51
36 65
36 83
36 93
36 98
36 103
36 108
36 111
36 113
36 120
36 134
36 147
36 149
36 151
36 152
36 159
36 160
36 162
37 38
37 39
37 49
37 52
37 54
37 55
37 56
37 59
37 61
37 68
37 75
37 82
37 83
37 86
37 87
37 91
37 98
37 107
37 118
37 131
37 143
37 148
37 154
37 157
38 39
38 41
38 45
38 52
38 54
38 57
38 59
38 62
38 69
38 75
38 83
38 85
38 87
38 89
38 90
38 93
38 98
38 99
38 103
38 108
38 124
38 129
38 132
38 137
38 138
38 142
38 146
38 147
38 149
38 154
38 161
38 162
38 163
38 166
39 40
39 41
39 42
39 43
39 44
39 69
39 70
39 74
39 77
39 79
39 80
39 87
39 89
39 92
39 94
39 96
39 100
39 102
39 107
39 109
39 110
39 114
39 123
39 157
39 162
39 163
39 166
40 62
40 63
40 64
40 74
40 78
40 79
40 84
40 96
40 111
40 112
40 119
40 120
40 125
40 128
40 132
40 139
40 140
40 149
40 154
40 159
40 162
41 45
41 47
41 54
41 55
41 61
41 62
41 67
41 74
41 75
41 79
41 85
41 100
41 117
41 121
41 122
41 145
41 155
41 163
41 165
41 167
41 169
42 45
42 49
42 50
42 52
42 53
42 54
42 58
42 63
42 65
42 67
42 68
42 69
42 75
42 78
42 81
42 87
42 89
42 97
42 98
42 100
42 101
42 104
42 105
42 114
42 119
42 121
42 122
42 125
42 132
42 136
42 153
42 158
42 159
42 161
42 163
42 164
42 166
43 59
43 60
43 75
43 80
43 90
43 100
43 101
43 119
43 121
43 126
43 130
43 133
43 134
43 137
43 140
43 141
43 146
43 160
43 162
43 164
44 48
44 53
44 68
44 69
44 87
44 89
44 107
44 109
44 112
44 113
44 115
44 137
44 139
44 141
44 146
44 148
44 154
44 155
45 47
45 49
45 51
45 54
45 57
45 60
45 64
45 69
45 70
45 81
45 88
45 92
45 102
45 106
45 111
45 122
45 130
45 134
45 135
45 136
45 138
45 139
45 151
45 157
45 168
46 47
46 54
46 65
46 73
46 82
46 84
46 85
46 88
46 96
46 118
46 123
46 125
46 126
46 145
46 151
46 153
46 154
47 61
47 65
47 69
47 73
47 81
47 83
47 88
47 90
47 95
47 97
47 98
47 100
47 109
47 117
47 118
47 122
47 125
47 127
47 138
47 139
47 148
47 152
47 164
47 169
48 50
48 53
48 58
48 65
48 68
48 73
48 76
48 78
48 83
48 84
48 97
48 102
48 105
48 107
48 108
48 110
48 113
48 117
48 119
48 130
48 132
48 135
48 141
48 162
48 164
48 169
49 50
49 54
49 55
49 58
49 61
49 62
49 69
49 76
49 77
49 78
49 82
49 88
49 102
49 109
49 110
49 120
49 126
49 132
49 144
49 147
49 151
49 152
49 162
49 165
49 169
50 51
50 52
50 59
50 69
50 71
50 73
50 75
50 87
50 91
50 100
50 104
50 107
50 116
50 121
50 124
50 127
50 129
50 131
50 133
50 134
50 144
50 145
50 163
50 166
50 167
51 52
51 60
51 62
51 66
51 70
51 76
51 77
51 80
51 87
51 89
51 92
51 94
51 100
51 102
51 103
51 109
51 110
51 112
51 115
51 125
51 127
51 138
51 139
51 142
51 144
51 146
51 149
51 169
52 57
52 62
52 67
52 68
52 83
52 88
52 89
52 93
52 94
52 99
52 107
52 117
52 123
52 133
52 139
52 148
52 149
52 150
52 153
52 163
52 164
53 76
53 78
53 83
53 86
53 88
53 89
53 90
53 91
53 92
53 94
53 96
53 98
53 105
53 108
53 109
53 112
53 113
53 119
53 120
53 131
53 133
53 135
53 152
53 153
53 154
53 155
53 156
53 160
53 163
53 167
54 56
54 61
54 62
54 66
54 70
54 71
54 74
54 78
54 87
54 90
54 96
54 100
54 109
54 119
54 123
54 126
54 127
54 128
54 136
54 143
54 157
54 158
54 165
54 167
54 169
55 56
55 59
55 65
55 70
55 76
55 78
55 79
55 86
55 90
55 91
55 94
55 97
55 104
55 106
55 109
55 128
55 131
55 134
55 139
55 144
55 148
55 156
55 158
55 168
56 58
56 60
56 61
56 65
56 67
56 71
56 72
56 77
56 80
56 83
56 87
56 102
56 104
56 115
56 118
56 126
56 127
56 134
56 135
56 144
56 145
56 153
56 161
56 165
56 169
57 68
57 72
57 73
57 80
57 85
57 86
57 91
57 93
57 99
57 101
57 102
57 107
57 110
57 115
57 118
57 120
57 122
57 124
57 125
57 129
57 131
57 141
57 146
57 148
57 160
57 168
58 62
58 69
58 73
58 75
58 84
58 89
58 97
58 99
58 103
58 104
58 105
58 108
58 116
58 122
58 127
58 134
58 158
58 161
58 162
58 166
59 64
59 69
59 71
59 72
59 73
59 80
59 89
59 115
59 121
59 126
59 132
59 135
59 140
59 141
59 148
59 155
59 162
59 167
60 62
60 68
60 70
60 76
60 77
60 87
60 88
60 91
60 93
60 101
60 106
60 108
60 114
60 116
60 118
60 121
60 125
60 141
60 144
60 147
60 149
60 153
60 154
60 155
60 157
60 160
60 163
60 166
61 63
61 64
61 65
61 77
61 78
61 79
61 80
61 81
61 92
61 96
61 101
61 102
61 116
61 117
61 124
61 129
61 136
61 148
61 149
61 159
62 66
62 67
62 73
62 74
62 77
62 78
62 90
62 93
62 95
62 96
62 97
62 100
62 101
62 104
62 118
62 119
62 128
62 141
62 147
62 155
62 157
62 159
62 161
63 68
63 78
63 85
63 87
63 95
63 98
63 102
63 105
63 119
63 120
63 124
63 128
63 129
63 131
63 132
63 137
63 142
63 147
63 151
63 155
63 164
63 168
64 67
64 69
64 73
64 75
64 81
64 82
64 83
64 87
64 88
64 93
64 98
64 99
64 102
64 116
64 118
64 123
64 125
64 126
64 133
64 137
64 146
64 149
64 158
64 161
64 164
65 72
65 73
65 74
65 77
65 80
65 84
65 90
65 95
65 97
65 118
65 119
65 124
65 130
65 141
65 145
65 147
65 148
65 163
65 164
66 71
66 74
66 75
66 79
66 81
66 83
66 90
66 91
66 92
66 93
66 95
66 98
66 100
66 103
66 104
66 107
66 108
66 110
66 117
66 119
66 122
66 125
66 128
66 131
66 133
66 147
66 159
66 162
66 163
66 169
67 87
67 88
67 103
67 105
67 111
67 113
67 114
67 117
67 119
67 122
67 132
67 136
67 137
67 141
67 144
67 148
67 151
67 164
67 167
67 169
68 69
68 90
68 96
68 99
68 101
68 108
68 113
68 126
68 132
68 138
68 141
68 146
68 151
68 156
68 157
68 161
68 167
69 70
69 82
69 85
69 88
69 102
69 103
69 104
69 106
69 107
69 108
69 123
69 126
69 128
69 142
69 146
69 164
70 71
70 75
70 91
70 92
70 96
70 97
70 99
70 102
70 104
70 106
70 109
70 113
70 114
70 121
70 125
70 131
70 137
70 147
70 148
70 151
70 154
70 168
71 72
71 83
71 90
71 93
71 94
71 98
71 102
71 127
71 128
71 130
71 136
71 145
71 149
71 151
71 152
71 154
71 155
71 160
71 162
71 164
71 167
72 78
72 84
72 85
72 86
72 91
72 100
72 102
72 103
72 107
72 110
72 116
72 119
72 123
72 128
72 139
72 140
72 147
72 155
72 166
73 77
73 79
73 85
73 88
73 97
73 111
73 113
73 122
73 135
73 142
73 143
73 152
74 90
74 100
74 104
74 105
74 110
74 113
74 114
74 126
74 127
74 134
74 136
74 141
74 145
74 147
74 150
74 155
74 162
74 165
74 167
75 78
75 92
75 93
75 100
75 102
75 105
75 110
75 117
75 118
75 120
75 128
75 136
75 137
75 138
75 150
75 155
75 162
75 166
76 77
76 87
76 103
76 112
76 115
76 128
76 133
76 134
76 135
76 139
76 140
76 150
76 156
76 160
76 162
76 167
77 83
77 91
77 95
77 99
77 115
77 122
77 131
77 132
77 135
77 138
77 139
77 147
77 148
77 158
78 81
78 86
78 96
78 97
78 98
78 111
78 119
78 122
78 123
78 125
78 132
78 135
78 138
78 141
78 143
78 146
78 148
78 153
78 155
78 156
78 158
78 161
79 85
79 93
79 101
79 113
79 115
79 116
79 121
79 124
79 125
79 128
79 129
79 133
79 147
79 150
79 158
79 159
79 163
79 165
79 166
80 85
80 87
80 88
80 91
80 94
80 95
80 111
80 118
80 125
80 129
80 132
80 133
80 137
80 138
80 142
80 145
80 146
80 151
80 152
80 159
80 169
81 83
81 84
81 87
81 89
81 104
81 107
81 120
81 125
81 128
81 129
81 131
81 144
81 145
81 146
81 166
81 167
82 84
82 92
82 104
82 118
82 120
82 133
82 134
82 143
82 146
82 150
82 163
82 168
83 94
83 114
83 119
83 123
83 127
83 133
83 135
83 141
83 142
83 146
83 148
83 149
83 152
83 154
83 161
83 163
83 166
84 89
84 94
84 97
84 106
84 107
84 114
84 122
84 131
84 135
84 138
84 139
84 144
84 147
84 151
84 153
84 158
84 159
84 162
84 169
85 87
85 88
85 97
85 109
85 120
85 123
85 127
85 128
85 129
85 133
85 134
85 136
85 137
85 138
85 142
85 147
85 154
85 159
85 163
85 165
85 166
85 167
85 169
86 98
86 100
86 101
86 107
86 108
86 113
86 114
86 118
86 120
86 121
86 123
86 126
86 129
86 137
86 138
86 146
86 148
86 158
86 160
86 161
86 163
86 167
87 92
87 93
87 95
87 107
87 112
87 132
87 139
87 149
87 151
87 159
87 162
87 169
88 96
88 100
88 106
88 111
88 114
88 117
88 118
88 120
88 121
88 125
88 126
88 127
88 134
88 140
88 145
88 147
88 161
88 164
89 94
89 105
89 106
89 109
89 117
89 130
89 132
89 137
89 144
89 146
89 155
89 157
89 159
89 160
89 163
89 164
89 166
90 98
90 112
90 113
90 115
90 122
90 129
90 130
90 135
90 137
90 138
90 143
90 144
90 147
90 148
90 154
90 156
90 168
91 92
91 93
91 95
91 107
91 125
91 137
91 140
91 142
91 147
91 150
91 151
91 160
91 163
91 166
91 169
92 96
92 103
92 106
92 114
92 118
92 120
92 122
92 126
92 132
92 140
92 142
92 152
92 153
92 154
92 155
92 161
92 167
93 97
93 98
93 101
93 109
93 111
93 123
93 128
93 133
93 136
93 137
93 151
93 157
93 160
93 161
94 117
94 119
94 128
94 130
94 133
94 147
94 150
94 155
94 160
94 163
94 169
95 96
95 97
95 98
95 112
95 116
95 118
95 120
95 122
95 128
95 130
95 134
95 143
95 145
95 148
95 151
95 153
95 154
95 155
95 157
95 165
95 166
95 168
95 169
96 106
96 111
96 116
96 131
96 138
96 139
96 144
96 151
96 152
96 166
96 167
96 168
97 101
97 103
97 109
97 110
97 112
97 113
97 118
97 119
97 121
97 126
97 129
97 138
97 143
97 147
97 152
97 153
97 156
98 101
98 116
98 117
98 119
98 132
98 135
98 137
98 142
98 155
98 156
98 158
98 162
98 163
99 105
99 107
99 112
99 113
99 115
99 120
99 121
99 126
99 135
99 140
99 141
99 144
99 160
99 167
100 111
100 112
100 114
100 119
100 124
100 125
100 126
100 134
100 136
100 146
100 149
100 157
100 160
100 161
100 164
100 167
100 168
100 169
101 103
101 122
101 138
101 142
101 145
101 147
101 152
101 163
101 169
102 112
102 132
102 134
102 135
102 142
102 145
102 153
102 157
102 159
102 160
103 114
103 115
103 116
103 126
103 130
103 134
103 137
103 139
103 144
103 154
103 156
103 159
103 163
103 166
104 106
104 107
104 113
104 117
104 120
104 126
104 127
104 129
104 130
104 136
104 151
104 156
104 159
104 161
104 164
104 166
104 167
104 169
105 110
105 113
105 115
105 120
105 126
105 127
105 148
105 152
106 108
106 110
106 117
106 121
106 122
106 123
106 150
106 155
106 161
106 167
107 109
107 112
107 114
107 117
107 118
107 122
107 128
107 129
107 130
107 131
107 136
107 142
107 150
107 154
107 157
107 161
107 164
107 165
107 166
108 112
108 116
108 123
108 126
108 130
108 137
108 140
108 143
108 151
108 152
108 153
108 154
108 165
109 110
109 113
109 123
109 137
109 141
109 142
109 143
109 158
110 112
110 116
110 123
110 130
110 132
110 137
110 140
110 148
110 156
110 160
111 120
111 126
111 127
111 134
111 138
111 139
111 140
111 144
111 150
111 153
111 155
111 158
111 167
112 114
112 122
112 123
112 129
112 131
112 133
112 151
112 156
112 165
112 167
113 130
113 137
113 141
113 142
113 143
113 145
113 147
113 157
113 160
113 161
113 162
113 163
114 116
114 126
114 129
114 135
114 137
114 138
114 143
114 149
114 154
114 160
115 123
115 125
115 126
115 129
115 131
115 145
115 150
115 155
115 162
116 121
116 127
116 137
116 142
116 143
116 155
116 157
116 161
116 162
117 118
117 123
117 124
117 125
117 126
117 129
117 130
117 133
117 148
117 150
117 157
117 159
117 162
117 168
118 119
118 121
118 126
118 127
118 135
118 140
118 147
118 162
118 164
119 120
119 124
119 126
119 131
119 134
119 147
119 153
119 161
119 164
120 121
120 130
120 140
120 141
120 142
120 146
120 154
120 157
120 168
120 169
121 127
121 140
121 146
121 148
121 159
121 166
122 126
122 135
122 137
122 139
122 140
122 146
123 124
123 125
123 126
123 132
123 138
123 139
123 143
123 150
123 153
124 135
124 137
124 149
124 156
124 165
125 134
125 137
125 143
125 145
125 157
125 163
125 166
126 133
126 134
126 144
126 149
126 150
126 158
126 163
126 167
126 169
127 130
127 134
127 139
127 154
127 165
127 167
128 130
128 133
128 137
128 141
128 142
128 153
128 157
128 159
128 160
128 166
129 149
129 161
130 131
130 133
130 147
130 153
130 158
130 162
130 163
130 164
131 139
131 141
131 147
131 165
132 134
132 145
132 152
132 153
132 157
132 169
133 135
133 142
133 157
133 163
133 167
133 168
133 169
134 135
134 141
134 150
134 155
134 160
134 169
135 148
135 150
135 155
135 157
135 158
135 167
136 142
136 150
136 157
136 158
136 168
137 145
137 150
137 168
138 146
138 148
138 154
138 155
138 158
138 167
139 143
139 156
139 162
140 143
140 144
140 147
140 150
140 151
140 160
140 162
140 165
140 168
140 169
141 145
141 151
141 152
141 153
141 154
141 157
141 162
141 169
142 143
142 144
142 150
142 156
142 160
143 149
144 150
144 151
144 159
144 169
145 146
145 151
145 162
146 148
146 153
146 164
147 148
147 151
148 151
148 154
148 161
148 166
148 169
149 151
149 167
149 169
150 153
150 156
150 165
150 167
150 168
150 169
151 155
151 163
151 164
152 156
152 162
153 165
153 169
154 155
155 162
156 161
156 168
157 163
157 166
157 168
158 159
158 161
158 165
158 166
159 161
159 167
160 165
160 167
160 168
161 163
162 163
162 165
163 166
163 168
166 168
166 169
18 73 68 37 13 7 150 16 38 28 140 133 98 142 3 93 137 72 11 123 141 155 91 92 55 132 128 168 41 43 1 48 61 118
127 86 103 131 52 158 117 167 20 6 21 112 74 159 31 0 10 53 163 84 143 102 166 27 67 95 4 9 25 23 57 144 17 119
160 12 115 145 109 59 24 122 44 64 169 36 101 164 54 56 81 60 110 146 152 97 121 125 40 99 108 62 114 89 87 76 153 30
47 71 45 120 94 147 49 157 139 77 148 22 65 156 34 75 154 116 70 26 14 33 162 69 42 50 151 88 83 15 126 161 46 32
100 51 113 138 130 8 104 78 35 66 105 90 2 79 107 96 29 85 5 165 149 129 80 136 124 19 58 39 63 111 106 82 134 135
