120
3538
20
95.64
51.28
33.27
18.55
28.61
76.82
93.48
40.32
14.68
49.93
33.17
92.83
38.91
80.63
47.35
27.42
53.55
99.24
8.48
48.82
0 1
0 3
0 6
0 9
0 11
0 12
0 13
0 15
0 21
0 23
0 24
0 25
0 26
0 28
0 30
0 31
0 32
0 33
0 35
0 36
0 38
0 40
0 42
0 43
0 44
0 46
0 47
0 51
0 52
0 55
0 57
0 59
0 60
0 67
0 70
0 72
0 73
0 76
0 78
0 80
0 81
0 85
0 87
0 89
0 91
0 93
0 94
0 96
0 99
0 100
0 102
0 103
0 104
0 109
0 110
0 111
0 112
0 115
0 117
0 119
1 4
1 6
1 7
1 10
1 11
1 13
1 16
1 19
1 20
1 21
1 22
1 27
1 28
1 29
1 31
1 32
1 37
1 39
1 40
1 45
1 50
1 51
1 60
1 62
1 63
1 64
1 67
1 69
1 70
1 72
1 74
1 75
1 77
1 78
1 79
1 81
1 82
1 86
1 87
1 89
1 90
1 92
1 93
1 95
1 96
1 97
1 98
1 99
1 102
1 104
1 108
1 109
1 110
1 113
1 114
1 115
1 116
1 117
2 3
2 4
2 5
2 8
2 9
2 12
2 13
2 14
2 16
2 17
2 18
2 21
2 23
2 24
2 28
2 30
2 32
2 33
2 34
2 37
2 41
2 42
2 44
2 45
2 46
2 48
2 49
2 50
2 51
2 53
2 55
2 59
2 60
2 61
2 64
2 65
2 69
2 74
2 75
2 76
2 77
2 79
2 80
2 82
2 88
2 89
2 91
2 93
2 94
2 95
2 97
2 98
2 99
2 102
2 103
2 106
2 107
2 108
2 109
2 110
2 112
2 114
2 115
2 116
2 117
3 7
3 12
3 15
3 16
3 21
3 22
3 23
3 26
3 28
3 31
3 34
3 38
3 39
3 41
3 42
3 44
3 47
3 48
3 49
3 50
3 51
3 52
3 53
3 54
3 57
3 59
3 61
3 63
3 64
3 65
3 67
3 68
3 69
3 70
3 72
3 74
3 75
3 78
3 79
3 80
3 82
3 83
3 86
3 90
3 92
3 93
3 97
3 99
3 101
3 103
3 104
3 106
3 107
3 110
3 112
3 114
3 117
3 118
4 9
4 11
4 13
4 14
4 15
4 19
4 20
4 21
4 22
4 24
4 25
4 30
4 32
4 33
4 38
4 39
4 42
4 43
4 45
4 46
4 48
4 49
4 51
4 52
4 53
4 54
4 59
4 60
4 62
4 66
4 67
4 68
4 69
4 71
4 77
4 78
4 82
4 83
4 87
4 88
4 89
4 90
4 91
4 93
4 95
4 96
4 99
4 101
4 102
4 103
4 106
4 108
4 109
4 112
4 113
4 114
4 115
4 116
4 118
5 6
5 7
5 9
5 11
5 12
5 13
5 14
5 17
5 18
5 19
5 21
5 23
5 24
5 30
5 32
5 33
5 35
5 37
5 44
5 45
5 46
5 51
5 53
5 58
5 59
5 60
5 61
5 62
5 66
5 68
5 69
5 70
5 75
5 81
5 86
5 95
5 96
5 97
5 102
5 106
5 107
5 108
5 111
5 112
5 113
5 115
5 116
5 117
6 7
6 8
6 12
6 13
6 14
6 15
6 16
6 20
6 22
6 24
6 25
6 26
6 27
6 28
6 30
6 34
6 37
6 38
6 39
6 41
6 42
6 43
6 44
6 45
6 48
6 49
6 50
6 51
6 54
6 56
6 61
6 63
6 65
6 66
6 67
6 69
6 70
6 73
6 74
6 78
6 79
6 81
6 82
6 83
6 85
6 86
6 87
6 88
6 91
6 93
6 94
6 100
6 101
6 103
6 105
6 106
6 108
6 110
6 111
6 112
6 117
7 9
7 11
7 13
7 17
7 20
7 21
7 25
7 26
7 27
7 28
7 29
7 37
7 38
7 40
7 46
7 50
7 51
7 56
7 58
7 60
7 61
7 63
7 64
7 66
7 67
7 69
7 70
7 71
7 75
7 76
7 77
7 80
7 81
7 82
7 83
7 85
7 86
7 87
7 89
7 92
7 93
7 95
7 96
7 102
7 106
7 109
7 111
7 114
7 116
7 117
7 118
8 10
8 12
8 13
8 14
8 15
8 26
8 27
8 28
8 30
8 31
8 33
8 34
8 35
8 36
8 38
8 39
8 41
8 42
8 44
8 47
8 49
8 50
8 51
8 52
8 55
8 61
8 62
8 64
8 65
8 67
8 68
8 69
8 70
8 71
8 72
8 73
8 76
8 80
8 81
8 87
8 88
8 89
8 93
8 94
8 95
8 97
8 99
8 100
8 101
8 102
8 103
8 104
8 108
8 109
8 110
8 112
8 113
8 114
8 116
8 117
8 118
8 119
9 14
9 15
9 16
9 19
9 21
9 23
9 25
9 26
9 28
9 33
9 35
9 36
9 37
9 38
9 39
9 40
9 41
9 42
9 43
9 45
9 47
9 52
9 53
9 55
9 56
9 57
9 59
9 62
9 63
9 65
9 67
9 68
9 70
9 71
9 72
9 77
9 80
9 82
9 86
9 95
9 101
9 103
9 105
9 106
9 107
9 111
9 118
10 12
10 15
10 16
10 18
10 19
10 22
10 29
10 34
10 35
10 36
10 37
10 39
10 40
10 44
10 45
10 49
10 52
10 55
10 57
10 59
10 60
10 62
10 63
10 64
10 68
10 72
10 76
10 78
10 79
10 80
10 82
10 83
10 84
10 86
10 90
10 91
10 92
10 93
10 94
10 95
10 97
10 98
10 99
10 100
10 101
10 102
10 103
10 109
10 110
10 112
10 114
10 115
10 118
11 14
11 15
11 16
11 21
11 23
11 32
11 35
11 36
11 37
11 38
11 41
11 42
11 43
11 45
11 49
11 50
11 51
11 54
11 55
11 57
11 59
11 60
11 61
11 62
11 63
11 64
11 65
11 66
11 69
11 73
11 74
11 75
11 76
11 78
11 83
11 84
11 87
11 88
11 90
11 94
11 97
11 102
11 103
11 105
11 109
11 115
11 116
11 118
11 119
12 13
12 15
12 16
12 19
12 21
12 22
12 23
12 24
12 25
12 26
12 28
12 35
12 36
12 37
12 38
12 39
12 40
12 41
12 42
12 43
12 45
12 46
12 47
12 48
12 49
12 50
12 52
12 55
12 57
12 58
12 61
12 66
12 67
12 69
12 70
12 73
12 76
12 77
12 79
12 80
12 83
12 90
12 91
12 92
12 93
12 94
12 95
12 96
12 97
12 98
12 101
12 103
12 104
12 105
12 111
12 112
12 113
12 114
12 116
12 117
12 119
13 19
13 23
13 25
13 26
13 29
13 31
13 33
13 34
13 35
13 38
13 42
13 44
13 52
13 56
13 57
13 58
13 61
13 62
13 63
13 65
13 66
13 67
13 68
13 71
13 72
13 73
13 75
13 77
13 78
13 79
13 80
13 81
13 83
13 84
13 86
13 90
13 92
13 93
13 95
13 96
13 98
13 99
13 103
13 106
13 107
13 112
13 114
13 115
13 116
13 117
14 15
14 21
14 23
14 24
14 26
14 28
14 29
14 33
14 34
14 35
14 38
14 41
14 42
14 45
14 50
14 51
14 53
14 56
14 58
14 59
14 60
14 66
14 68
14 69
14 70
14 74
14 75
14 76
14 78
14 81
14 82
14 83
14 84
14 86
14 87
14 88
14 89
14 93
14 95
14 96
14 97
14 100
14 102
14 104
14 106
14 107
14 109
14 111
14 112
14 114
14 115
14 117
15 17
15 19
15 20
15 21
15 27
15 28
15 29
15 32
15 34
15 35
15 36
15 37
15 42
15 43
15 45
15 46
15 47
15 49
15 51
15 53
15 54
15 56
15 58
15 59
15 60
15 62
15 63
15 67
15 71
15 72
15 74
15 75
15 76
15 79
15 85
15 87
15 88
15 89
15 91
15 92
15 94
15 96
15 97
15 99
15 105
15 106
15 112
15 113
15 116
15 117
16 18
16 20
16 27
16 30
16 32
16 33
16 36
16 38
16 41
16 42
16 45
16 46
16 49
16 55
16 56
16 61
16 62
16 63
16 64
16 66
16 68
16 69
16 74
16 76
16 78
16 79
16 82
16 83
16 86
16 87
16 91
16 92
16 94
16 95
16 96
16 98
16 101
16 103
16 105
16 111
16 112
16 113
16 114
16 116
17 18
17 21
17 25
17 27
17 28
17 29
17 34
17 36
17 37
17 38
17 40
17 41
17 42
17 43
17 47
17 48
17 50
17 51
17 54
17 55
17 56
17 57
17 58
17 59
17 60
17 61
17 62
17 64
17 67
17 69
17 71
17 72
17 73
17 75
17 76
17 77
17 81
17 83
17 85
17 89
17 90
17 94
17 95
17 96
17 98
17 100
17 101
17 103
17 104
17 105
17 106
17 110
17 112
17 115
17 118
18 19
18 21
18 24
18 25
18 26
18 27
18 28
18 29
18 30
18 31
18 33
18 34
18 35
18 37
18 38
18 39
18 41
18 46
18 47
18 51
18 55
18 56
18 57
18 58
18 59
18 60
18 63
18 64
18 65
18 67
18 70
18 71
18 72
18 73
18 75
18 76
18 80
18 83
18 85
18 86
18 87
18 88
18 90
18 93
18 94
18 95
18 96
18 101
18 102
18 104
18 105
18 106
18 107
18 109
18 110
18 113
18 118
19 20
19 22
19 23
19 24
19 25
19 27
19 29
19 31
19 33
19 34
19 39
19 41
19 42
19 43
19 44
19 45
19 49
19 52
19 53
19 54
19 56
19 57
19 58
19 62
19 63
19 64
19 66
19 67
19 69
19 70
19 72
19 77
19 78
19 80
19 81
19 82
19 83
19 86
19 89
19 91
19 92
19 93
19 95
19 96
19 102
19 104
19 109
19 112
19 113
19 114
19 116
19 118
20 25
20 26
20 30
20 31
20 33
20 34
20 36
20 37
20 38
20 40
20 41
20 42
20 45
20 46
20 48
20 50
20 51
20 52
20 53
20 54
20 58
20 59
20 60
20 62
20 65
20 68
20 69
20 70
20 73
20 74
20 76
20 77
20 79
20 80
20 81
20 83
20 84
20 86
20 87
20 90
20 91
20 94
20 98
20 99
20 103
20 105
20 106
20 109
20 110
20 112
20 116
21 23
21 26
21 31
21 32
21 33
21 37
21 39
21 40
21 43
21 44
21 46
21 47
21 49
21 52
21 55
21 56
21 57
21 60
21 61
21 62
21 64
21 66
21 67
21 68
21 70
21 71
21 72
21 73
21 74
21 77
21 79
21 80
21 82
21 83
21 85
21 87
21 90
21 92
21 93
21 95
21 96
21 98
21 100
21 102
21 105
21 106
21 110
21 113
21 114
21 116
21 119
22 23
22 24
22 25
22 26
22 27
22 28
22 31
22 38
22 39
22 41
22 42
22 43
22 45
22 46
22 47
22 49
22 50
22 52
22 53
22 54
22 55
22 57
22 62
22 65
22 69
22 70
22 71
22 73
22 77
22 78
22 81
22 82
22 85
22 86
22 87
22 88
22 89
22 90
22 91
22 92
22 94
22 97
22 99
22 100
22 101
22 107
22 108
22 109
22 111
22 112
22 115
22 116
22 118
23 26
23 31
23 33
23 34
23 37
23 38
23 39
23 40
23 41
23 43
23 44
23 45
23 46
23 48
23 50
23 51
23 52
23 54
23 55
23 59
23 60
23 61
23 63
23 64
23 65
23 68
23 69
23 70
23 76
23 79
23 80
23 84
23 85
23 87
23 88
23 90
23 92
23 93
23 94
23 96
23 97
23 98
23 100
23 102
23 103
23 104
23 105
23 106
23 107
23 108
23 110
23 113
23 116
24 27
24 29
24 31
24 32
24 33
24 34
24 37
24 38
24 39
24 40
24 43
24 50
24 53
24 55
24 57
24 60
24 61
24 64
24 65
24 68
24 71
24 72
24 73
24 78
24 79
24 80
24 81
24 83
24 84
24 85
24 86
24 95
24 98
24 99
24 100
24 102
24 103
24 105
24 106
24 107
24 108
24 109
24 110
24 115
24 117
25 26
25 31
25 35
25 36
25 37
25 38
25 40
25 42
25 44
25 50
25 58
25 59
25 60
25 62
25 66
25 70
25 72
25 73
25 76
25 78
25 79
25 82
25 83
25 85
25 86
25 89
25 90
25 92
25 94
25 95
25 98
25 104
25 106
25 107
25 108
25 112
25 113
25 116
25 118
26 27
26 28
26 29
26 30
26 35
26 36
26 37
26 41
26 42
26 45
26 47
26 48
26 49
26 50
26 53
26 54
26 55
26 56
26 57
26 58
26 59
26 60
26 61
26 63
26 64
26 68
26 70
26 71
26 76
26 78
26 79
26 81
26 82
26 85
26 86
26 88
26 90
26 98
26 103
26 104
26 105
26 106
26 107
26 108
26 109
26 112
26 113
26 114
26 119
27 28
27 30
27 31
27 32
27 33
27 35
27 37
27 38
27 40
27 41
27 43
27 46
27 49
27 50
27 54
27 55
27 56
27 57
27 59
27 62
27 63
27 65
27 66
27 67
27 73
27 75
27 77
27 78
27 79
27 80
27 81
27 85
27 86
27 87
27 90
27 91
27 92
27 93
27 95
27 96
27 97
27 98
27 99
27 103
27 107
27 109
27 110
27 111
27 112
27 113
27 116
28 29
28 30
28 32
28 33
28 35
28 37
28 39
28 41
28 42
28 43
28 44
28 47
28 48
28 49
28 50
28 51
28 52
28 54
28 55
28 57
28 59
28 64
28 65
28 66
28 67
28 68
28 69
28 71
28 72
28 74
28 75
28 77
28 80
28 82
28 83
28 87
28 95
28 96
28 98
28 99
28 100
28 102
28 103
28 107
28 108
28 111
28 114
28 116
28 119
29 30
29 31
29 33
29 36
29 38
29 40
29 41
29 42
29 43
29 44
29 45
29 49
29 52
29 54
29 56
29 60
29 63
29 64
29 66
29 68
29 69
29 70
29 74
29 75
29 76
29 80
29 82
29 84
29 85
29 86
29 87
29 91
29 92
29 93
29 96
29 99
29 101
29 103
29 109
29 114
29 115
29 116
29 117
29 118
30 33
30 34
30 36
30 37
30 38
30 40
30 42
30 43
30 45
30 46
30 48
30 49
30 52
30 53
30 55
30 57
30 62
30 64
30 65
30 69
30 70
30 71
30 73
30 74
30 76
30 77
30 79
30 84
30 86
30 87
30 88
30 93
30 96
30 97
30 99
30 101
30 102
30 104
30 105
30 106
30 108
30 110
30 112
30 113
30 115
30 117
30 118
30 119
31 32
31 34
31 35
31 41
31 44
31 46
31 49
31 52
31 53
31 54
31 56
31 57
31 58
31 60
31 61
31 64
31 66
31 71
31 73
31 76
31 77
31 80
31 82
31 85
31 89
31 90
31 92
31 95
31 97
31 98
31 100
31 101
31 104
31 108
31 109
31 111
31 112
31 117
31 118
32 33
32 34
32 37
32 42
32 43
32 44
32 45
32 49
32 53
32 55
32 58
32 59
32 60
32 62
32 63
32 67
32 68
32 73
32 74
32 75
32 76
32 78
32 80
32 81
32 86
32 90
32 91
32 92
32 93
32 94
32 95
32 96
32 99
32 101
32 102
32 103
32 106
32 107
32 109
32 112
32 113
32 116
32 117
32 119
33 40
33 41
33 42
33 43
33 44
33 45
33 48
33 50
33 51
33 55
33 56
33 57
33 59
33 62
33 63
33 65
33 67
33 68
33 71
33 74
33 75
33 76
33 79
33 80
33 83
33 88
33 90
33 92
33 97
33 98
33 99
33 103
33 105
33 106
33 116
33 117
33 119
34 36
34 37
34 40
34 43
34 45
34 48
34 51
34 52
34 53
34 55
34 59
34 60
34 61
34 65
34 66
34 68
34 71
34 72
34 73
34 74
34 76
34 77
34 79
34 81
34 86
34 87
34 88
34 90
34 92
34 96
34 100
34 101
34 102
34 103
34 104
34 107
34 108
34 110
34 111
34 112
34 113
34 115
34 116
34 117
34 118
34 119
35 39
35 43
35 46
35 49
35 54
35 56
35 57
35 59
35 66
35 68
35 70
35 72
35 75
35 79
35 84
35 85
35 88
35 90
35 91
35 99
35 101
35 102
35 103
35 105
35 107
35 108
35 113
35 114
35 115
35 116
35 117
36 37
36 40
36 42
36 43
36 46
36 47
36 49
36 51
36 54
36 56
36 57
36 59
36 60
36 62
36 64
36 66
36 68
36 69
36 72
36 75
36 76
36 78
36 79
36 81
36 85
36 86
36 87
36 90
36 97
36 99
36 101
36 102
36 106
36 107
36 108
36 109
36 110
36 111
37 39
37 40
37 41
37 46
37 49
37 51
37 53
37 56
37 57
37 60
37 61
37 62
37 63
37 67
37 73
37 74
37 75
37 76
37 77
37 78
37 79
37 85
37 86
37 88
37 89
37 94
37 95
37 97
37 98
37 99
37 100
37 102
37 103
37 104
37 107
37 108
37 109
37 110
37 111
37 114
37 115
37 116
37 117
37 118
37 119
38 39
38 41
38 43
38 44
38 47
38 48
38 49
38 53
38 56
38 57
38 58
38 62
38 64
38 65
38 67
38 68
38 73
38 74
38 75
38 77
38 81
38 82
38 83
38 85
38 86
38 87
38 90
38 94
38 95
38 96
38 97
38 99
38 102
38 103
38 104
38 105
38 106
38 110
38 111
38 114
38 115
38 118
39 40
39 41
39 42
39 43
39 46
39 49
39 50
39 51
39 54
39 58
39 59
39 60
39 61
39 64
39 65
39 66
39 68
39 69
39 70
39 72
39 74
39 77
39 85
39 90
39 93
39 95
39 97
39 102
39 106
39 107
39 112
39 116
39 118
39 119
40 41
40 42
40 43
40 48
40 53
40 54
40 56
40 57
40 58
40 62
40 65
40 68
40 70
40 71
40 72
40 73
40 74
40 75
40 76
40 77
40 78
40 81
40 82
40 83
40 84
40 87
40 88
40 90
40 91
40 92
40 96
40 98
40 99
40 101
40 102
40 103
40 105
40 106
40 108
40 109
40 112
40 116
40 117
40 118
40 119
41 43
41 44
41 45
41 46
41 50
41 52
41 53
41 55
41 56
41 58
41 60
41 62
41 65
41 66
41 67
41 69
41 71
41 72
41 74
41 75
41 77
41 78
41 80
41 83
41 86
41 93
41 94
41 95
41 97
41 98
41 99
41 100
41 103
41 104
41 105
41 107
41 108
41 109
41 111
41 113
41 114
41 117
42 43
42 44
42 48
42 50
42 51
42 53
42 54
42 56
42 58
42 61
42 65
42 66
42 69
42 70
42 71
42 75
42 77
42 78
42 79
42 80
42 84
42 88
42 91
42 93
42 95
42 96
42 99
42 100
42 102
42 103
42 105
42 108
42 114
42 116
42 117
42 118
42 119
43 46
43 50
43 55
43 56
43 57
43 60
43 61
43 63
43 66
43 67
43 68
43 69
43 70
43 72
43 82
43 83
43 84
43 86
43 89
43 90
43 92
43 98
43 102
43 103
43 104
43 105
43 106
43 107
43 109
43 110
43 111
43 113
43 114
43 116
43 118
43 119
44 45
44 47
44 50
44 52
44 53
44 56
44 58
44 60
44 62
44 64
44 66
44 68
44 74
44 76
44 77
44 79
44 80
44 82
44 83
44 85
44 88
44 89
44 90
44 91
44 92
44 98
44 101
44 102
44 104
44 111
44 113
44 117
44 118
44 119
45 47
45 48
45 50
45 53
45 55
45 56
45 59
45 60
45 62
45 63
45 64
45 67
45 69
45 70
45 71
45 80
45 82
45 83
45 84
45 85
45 86
45 89
45 90
45 92
45 93
45 95
45 97
45 100
45 102
45 104
45 105
45 106
45 111
45 112
45 113
45 114
45 119
46 48
46 51
46 55
46 58
46 59
46 60
46 62
46 63
46 64
46 69
46 70
46 71
46 72
46 74
46 76
46 77
46 80
46 82
46 83
46 84
46 86
46 87
46 88
46 89
46 90
46 91
46 92
46 94
46 98
46 99
46 100
46 102
46 103
46 104
46 108
46 109
46 111
46 113
46 114
46 116
46 117
46 118
46 119
47 51
47 55
47 56
47 57
47 59
47 60
47 61
47 62
47 63
47 69
47 72
47 74
47 78
47 79
47 80
47 84
47 88
47 89
47 92
47 97
47 98
47 99
47 102
47 104
47 107
47 111
47 113
47 115
48 49
48 51
48 52
48 53
48 54
48 55
48 58
48 59
48 63
48 64
48 65
48 70
48 74
48 76
48 79
48 81
48 83
48 87
48 88
48 91
48 93
48 96
48 97
48 98
48 99
48 102
48 105
48 106
48 107
48 108
48 113
48 116
48 118
49 50
49 57
49 58
49 60
49 61
49 63
49 64
49 65
49 67
49 73
49 75
49 78
49 79
49 86
49 89
49 90
49 96
49 99
49 100
49 101
49 103
49 108
49 109
49 110
49 116
49 117
49 118
50 52
50 55
50 56
50 58
50 61
50 62
50 66
50 67
50 68
50 69
50 72
50 73
50 75
50 77
50 79
50 80
50 81
50 84
50 87
50 89
50 90
50 91
50 92
50 95
50 97
50 99
50 100
50 101
50 102
50 103
50 106
50 107
50 114
50 115
50 117
51 52
51 53
51 54
51 55
51 59
51 64
51 67
51 70
51 75
51 76
51 78
51 79
51 80
51 81
51 83
51 84
51 85
51 89
51 90
51 91
51 92
51 93
51 97
51 99
51 100
51 102
51 104
51 105
51 106
51 109
51 110
51 115
51 117
51 118
52 54
52 56
52 59
52 60
52 63
52 66
52 68
52 69
52 72
52 73
52 74
52 75
52 76
52 77
52 78
52 79
52 80
52 81
52 84
52 85
52 89
52 91
52 94
52 95
52 97
52 98
52 99
52 100
52 101
52 105
52 110
52 111
52 114
52 116
52 119
53 55
53 58
53 59
53 64
53 65
53 66
53 67
53 69
53 70
53 72
53 74
53 75
53 77
53 81
53 84
53 88
53 92
53 93
53 96
53 98
53 99
53 104
53 106
53 108
53 110
53 112
53 113
53 114
53 115
53 117
54 56
54 57
54 59
54 62
54 63
54 64
54 65
54 66
54 67
54 69
54 70
54 71
54 76
54 77
54 78
54 81
54 82
54 88
54 89
54 90
54 98
54 99
54 100
54 104
54 105
54 108
54 111
54 112
54 113
54 114
54 116
54 117
55 57
55 62
55 64
55 65
55 66
55 67
55 69
55 77
55 78
55 81
55 83
55 84
55 85
55 87
55 88
55 89
55 91
55 92
55 93
55 95
55 102
55 103
55 105
55 108
55 109
55 111
55 113
55 114
55 116
55 118
55 119
56 61
56 65
56 67
56 68
56 69
56 70
56 72
56 75
56 78
56 79
56 80
56 82
56 86
56 91
56 92
56 94
56 96
56 97
56 101
56 102
56 103
56 105
56 107
56 108
56 109
56 110
56 111
56 114
56 116
56 117
56 119
57 58
57 59
57 62
57 63
57 64
57 66
57 68
57 70
57 71
57 74
57 76
57 77
57 80
57 81
57 82
57 84
57 86
57 87
57 88
57 90
57 92
57 93
57 94
57 96
57 98
57 99
57 101
57 102
57 103
57 105
57 107
57 108
57 111
57 114
57 115
57 118
57 119
58 61
58 62
58 64
58 66
58 67
58 68
58 69
58 71
58 75
58 76
58 77
58 80
58 82
58 83
58 87
58 88
58 89
58 92
58 93
58 98
58 102
58 107
58 108
58 111
58 113
58 114
58 115
58 116
58 117
58 118
59 60
59 64
59 65
59 66
59 67
59 68
59 70
59 71
59 75
59 78
59 80
59 81
59 82
59 84
59 87
59 88
59 91
59 92
59 94
59 95
59 97
59 98
59 103
59 104
59 105
59 106
59 108
59 116
59 119
60 64
60 65
60 67
60 68
60 74
60 75
60 76
60 78
60 79
60 80
60 81
60 85
60 86
60 88
60 92
60 94
60 96
60 97
60 102
60 103
60 109
60 113
60 115
60 116
60 119
61 63
61 64
61 68
61 69
61 71
61 76
61 78
61 81
61 83
61 84
61 87
61 91
61 93
61 94
61 96
61 97
61 98
61 102
61 105
61 106
61 107
61 109
61 112
61 114
61 115
61 116
61 117
61 119
62 65
62 66
62 68
62 70
62 71
62 75
62 78
62 79
62 80
62 83
62 84
62 85
62 87
62 88
62 92
62 93
62 94
62 96
62 98
62 104
62 108
62 109
62 113
62 115
62 116
62 117
62 119
63 64
63 65
63 68
63 69
63 71
63 74
63 75
63 77
63 79
63 85
63 87
63 89
63 92
63 93
63 94
63 95
63 96
63 97
63 99
63 101
63 102
63 104
63 107
63 108
63 112
63 115
64 65
64 67
64 69
64 70
64 74
64 79
64 80
64 84
64 85
64 86
64 89
64 92
64 94
64 95
64 98
64 99
64 101
64 104
64 106
64 107
64 108
64 109
64 110
64 111
64 112
64 113
64 116
64 119
65 66
65 67
65 68
65 76
65 77
65 81
65 82
65 85
65 88
65 94
65 95
65 98
65 103
65 104
65 105
65 106
65 109
65 110
65 111
65 117
65 119
66 68
66 70
66 71
66 73
66 74
66 75
66 76
66 77
66 79
66 80
66 82
66 85
66 86
66 88
66 91
66 92
66 93
66 95
66 96
66 97
66 99
66 101
66 102
66 104
66 106
66 107
66 111
66 112
66 115
66 116
66 119
67 68
67 72
67 76
67 77
67 78
67 80
67 81
67 82
67 87
67 88
67 89
67 95
67 96
67 97
67 99
67 106
67 108
67 111
67 112
67 116
67 118
68 69
68 70
68 71
68 73
68 74
68 75
68 76
68 78
68 82
68 83
68 85
68 88
68 93
68 95
68 96
68 97
68 98
68 102
68 103
68 105
68 106
68 108
68 109
68 110
68 112
68 118
68 119
69 70
69 71
69 72
69 74
69 76
69 77
69 78
69 82
69 84
69 88
69 91
69 92
69 94
69 96
69 98
69 99
69 101
69 102
69 103
69 108
69 109
69 111
69 112
69 114
69 115
69 116
69 117
70 76
70 77
70 78
70 83
70 85
70 86
70 91
70 96
70 98
70 99
70 101
70 102
70 103
70 108
70 110
70 111
70 113
70 114
70 116
70 117
71 74
71 75
71 76
71 80
71 83
71 84
71 85
71 87
71 88
71 89
71 94
71 96
71 98
71 102
71 104
71 105
71 109
71 112
71 115
71 117
71 118
72 76
72 78
72 79
72 80
72 82
72 83
72 86
72 87
72 89
72 91
72 92
72 94
72 96
72 99
72 103
72 107
72 111
72 117
72 118
72 119
73 75
73 76
73 77
73 80
73 82
73 86
73 88
73 89
73 91
73 94
73 97
73 101
73 104
73 105
73 106
73 108
73 112
73 113
73 119
74 75
74 76
74 77
74 79
74 80
74 81
74 82
74 83
74 91
74 93
74 95
74 96
74 97
74 100
74 106
74 108
74 114
74 115
74 116
74 119
75 77
75 81
75 86
75 88
75 89
75 90
75 91
75 92
75 95
75 103
75 105
75 106
75 109
75 110
75 111
75 112
75 113
75 115
75 117
75 118
75 119
76 77
76 80
76 81
76 83
76 85
76 86
76 87
76 89
76 90
76 94
76 98
76 101
76 105
76 106
76 107
76 109
76 111
76 114
76 115
76 116
76 117
76 119
77 78
77 81
77 85
77 88
77 91
77 95
77 96
77 98
77 100
77 101
77 102
77 103
77 105
77 106
77 109
77 110
77 112
77 114
77 116
77 119
78 80
78 82
78 86
78 88
78 89
78 91
78 92
78 93
78 95
78 96
78 99
78 100
78 103
78 106
78 107
78 108
78 109
78 110
78 112
78 116
78 117
78 118
79 82
79 85
79 88
79 89
79 90
79 91
79 92
79 94
79 96
79 97
79 98
79 99
79 103
79 105
79 106
79 107
79 111
79 113
79 115
79 116
79 118
79 119
80 81
80 83
80 86
80 87
80 88
80 89
80 96
80 100
80 102
80 105
80 106
80 107
80 108
80 110
80 111
80 112
80 114
80 115
80 116
80 119
81 82
81 83
81 85
81 87
81 89
81 90
81 91
81 92
81 95
81 97
81 98
81 99
81 104
81 105
81 107
81 109
81 110
81 112
81 113
81 114
81 118
81 119
82 85
82 86
82 87
82 90
82 91
82 93
82 94
82 95
82 98
82 100
82 102
82 103
82 104
82 107
82 109
82 114
82 117
82 118
83 88
83 90
83 91
83 98
83 99
83 100
83 103
83 106
83 107
83 108
83 109
83 111
83 113
83 114
83 115
83 116
83 117
83 118
84 85
84 86
84 87
84 91
84 92
84 93
84 98
84 101
84 102
84 104
84 105
84 106
84 107
84 108
84 111
84 112
84 114
84 115
84 116
84 118
85 91
85 92
85 95
85 105
85 106
85 107
85 108
85 109
85 110
85 112
85 117
85 118
86 88
86 90
86 91
86 93
86 95
86 97
86 99
86 100
86 101
86 104
86 106
86 107
86 108
86 109
86 111
86 112
86 114
86 117
87 88
87 90
87 92
87 94
87 95
87 97
87 100
87 104
87 105
87 106
87 112
87 113
87 115
87 117
87 118
88 89
88 91
88 94
88 95
88 96
88 99
88 100
88 101
88 102
88 103
88 108
88 110
88 113
88 115
88 116
88 117
88 118
88 119
89 93
89 94
89 95
89 96
89 97
89 100
89 101
89 102
89 105
89 106
89 107
89 108
89 109
89 110
89 111
89 112
89 114
89 115
89 116
89 118
90 91
90 92
90 96
90 97
90 99
90 100
90 101
90 102
90 104
90 106
90 109
90 111
90 114
90 115
90 116
90 117
90 119
91 93
91 94
91 96
91 98
91 101
91 104
91 105
91 107
91 110
91 111
91 112
91 116
92 94
92 95
92 96
92 97
92 98
92 101
92 102
92 108
92 109
92 112
92 114
92 115
92 116
92 118
93 99
93 100
93 101
93 105
93 110
93 111
93 113
93 115
93 117
93 119
94 95
94 96
94 98
94 99
94 103
94 107
94 108
94 111
94 112
94 113
94 114
94 115
94 117
94 118
95 96
95 97
95 98
95 101
95 103
95 104
95 106
95 107
95 111
95 112
95 115
95 118
96 97
96 99
96 103
96 108
96 110
96 111
96 113
96 119
97 99
97 101
97 102
97 103
97 107
97 108
97 109
97 110
97 111
97 112
97 113
97 114
97 115
97 116
97 117
97 118
97 119
98 99
98 107
98 108
98 109
98 112
98 113
98 114
98 119
99 100
99 102
99 103
99 104
99 107
99 110
99 111
99 113
99 115
99 116
99 119
100 103
100 104
100 105
100 106
100 111
100 112
100 115
100 116
100 119
101 103
101 104
101 108
101 111
101 113
101 114
101 116
102 103
102 105
102 109
102 110
102 111
102 115
102 116
102 117
102 118
102 119
103 104
103 105
103 107
103 108
103 109
103 110
103 111
103 112
103 114
103 115
103 117
103 118
103 119
104 105
104 106
104 109
104 110
104 111
104 114
104 117
104 118
104 119
105 110
105 113
105 115
106 110
106 111
106 112
106 113
106 114
106 119
107 109
107 110
107 112
107 113
107 116
108 110
108 113
108 114
108 116
108 117
108 119
109 111
109 114
109 115
109 116
109 119
110 112
110 113
110 114
110 115
110 116
110 118
111 112
111 113
111 114
111 116
111 119
112 114
112 116
112 117
113 115
113 116
113 118
114 115
114 118
115 116
115 117
116 117
116 119
117 118
117 119
118 119
87 26 3 69 2 65
24 88 92 19 103 25
43 34 68 73 0 93
74 63 8 97 13 102
28 84 5 22 27 115
6 116 95 94 90 96
16 49 56 91 58 81
21 78 44 46 108 111
20 48 104 4 11 64
66 59 79 47 57 99
76 55 85 113 17 98
37 40 51 112 89 35
18 32 106 1 53 110
118 72 100 114 12 45
67 101 83 62 14 71
30 119 61 75 54 7
38 86 42 23 31 70
52 60 80 105 77 29
9 36 107 50 10 82
41 117 15 39 33 109
