120
2956
4
98.56
23.7
95.55
14.96
0 2
0 4
0 6
0 12
0 15
0 16
0 18
0 19
0 23
0 29
0 32
0 33
0 34
0 35
0 37
0 38
0 39
0 40
0 41
0 44
0 45
0 47
0 49
0 52
0 53
0 54
0 62
0 63
0 67
0 71
0 74
0 76
0 77
0 82
0 85
0 86
0 87
0 88
0 93
0 94
0 95
0 96
0 98
0 99
0 100
0 101
0 104
0 105
0 106
0 107
0 108
0 112
0 115
0 116
0 117
0 119
1 3
1 4
1 5
1 8
1 9
1 11
1 14
1 15
1 17
1 21
1 22
1 31
1 32
1 34
1 35
1 38
1 39
1 40
1 41
1 43
1 45
1 48
1 49
1 51
1 53
1 58
1 60
1 62
1 64
1 65
1 66
1 71
1 73
1 76
1 77
1 78
1 79
1 83
1 84
1 86
1 89
1 92
1 95
1 96
1 97
1 100
1 101
1 102
1 104
1 110
1 112
2 7
2 11
2 14
2 15
2 16
2 17
2 18
2 20
2 24
2 27
2 28
2 29
2 31
2 32
2 35
2 36
2 39
2 41
2 47
2 54
2 58
2 59
2 60
2 63
2 64
2 66
2 71
2 72
2 73
2 74
2 75
2 76
2 77
2 79
2 81
2 88
2 89
2 91
2 95
2 101
2 105
2 109
2 110
2 111
2 114
2 115
3 5
3 10
3 11
3 15
3 16
3 23
3 25
3 27
3 29
3 30
3 37
3 38
3 44
3 45
3 46
3 47
3 50
3 51
3 53
3 54
3 57
3 58
3 59
3 62
3 64
3 66
3 68
3 69
3 72
3 74
3 76
3 79
3 80
3 84
3 85
3 86
3 88
3 90
3 93
3 94
3 95
3 97
3 98
3 99
3 103
3 112
3 114
4 5
4 6
4 10
4 13
4 14
4 17
4 21
4 22
4 23
4 24
4 25
4 28
4 34
4 35
4 36
4 37
4 38
4 39
4 40
4 41
4 44
4 49
4 53
4 58
4 60
4 61
4 62
4 64
4 72
4 79
4 80
4 83
4 84
4 85
4 87
4 88
4 89
4 91
4 96
4 97
4 101
4 106
4 108
4 114
4 117
4 119
5 9
5 10
5 14
5 16
5 19
5 27
5 28
5 29
5 33
5 35
5 38
5 43
5 46
5 47
5 49
5 50
5 56
5 61
5 63
5 64
5 65
5 66
5 75
5 81
5 82
5 83
5 90
5 91
5 94
5 97
5 102
5 104
5 106
5 107
5 112
5 113
5 114
5 117
5 119
6 8
6 11
6 13
6 16
6 18
6 23
6 25
6 26
6 32
6 35
6 37
6 40
6 41
6 42
6 47
6 48
6 50
6 54
6 55
6 65
6 66
6 67
6 70
6 73
6 77
6 78
6 85
6 89
6 91
6 95
6 96
6 97
6 98
6 103
6 106
6 108
6 110
6 111
6 117
7 11
7 12
7 17
7 19
7 20
7 21
7 23
7 24
7 27
7 28
7 32
7 33
7 36
7 37
7 41
7 42
7 43
7 45
7 55
7 56
7 59
7 62
7 71
7 74
7 77
7 78
7 79
7 80
7 81
7 82
7 83
7 88
7 91
7 92
7 93
7 94
7 99
7 101
7 102
7 103
7 104
7 105
7 111
7 112
7 117
8 11
8 13
8 16
8 19
8 25
8 26
8 28
8 30
8 33
8 34
8 36
8 39
8 42
8 46
8 47
8 48
8 51
8 52
8 60
8 61
8 62
8 63
8 64
8 67
8 68
8 71
8 76
8 79
8 80
8 81
8 82
8 88
8 89
8 91
8 92
8 93
8 94
8 95
8 96
8 97
8 98
8 100
8 101
8 103
8 104
8 105
8 106
8 107
8 111
8 115
8 116
8 119
9 10
9 12
9 14
9 17
9 19
9 20
9 22
9 24
9 26
9 27
9 31
9 33
9 34
9 38
9 39
9 40
9 42
9 44
9 46
9 47
9 48
9 50
9 52
9 54
9 58
9 60
9 61
9 64
9 67
9 70
9 71
9 72
9 74
9 75
9 77
9 79
9 80
9 83
9 86
9 88
9 90
9 91
9 95
9 98
9 101
9 102
9 103
9 107
9 108
9 109
9 110
9 111
9 116
9 117
10 13
10 14
10 19
10 20
10 24
10 26
10 29
10 31
10 33
10 34
10 39
10 42
10 44
10 51
10 54
10 62
10 64
10 65
10 69
10 70
10 75
10 76
10 77
10 79
10 82
10 83
10 87
10 88
10 89
10 92
10 93
10 95
10 97
10 98
10 100
10 102
10 105
10 106
10 109
10 111
10 112
10 114
10 117
11 12
11 13
11 17
11 19
11 21
11 22
11 26
11 29
11 30
11 35
11 39
11 41
11 43
11 44
11 47
11 48
11 49
11 50
11 56
11 58
11 59
11 60
11 62
11 63
11 65
11 67
11 71
11 81
11 86
11 90
11 93
11 94
11 95
11 98
11 112
11 113
11 115
11 116
11 118
12 13
12 15
12 16
12 17
12 18
12 19
12 20
12 21
12 22
12 27
12 31
12 32
12 34
12 38
12 39
12 43
12 44
12 46
12 47
12 48
12 49
12 51
12 54
12 58
12 59
12 62
12 64
12 65
12 66
12 67
12 69
12 70
12 71
12 72
12 74
12 79
12 80
12 81
12 89
12 90
12 92
12 93
12 99
12 100
12 101
12 104
12 107
12 111
12 113
12 114
12 117
13 15
13 19
13 21
13 22
13 23
13 24
13 25
13 27
13 28
13 29
13 30
13 47
13 53
13 54
13 56
13 57
13 59
13 60
13 64
13 65
13 66
13 68
13 69
13 70
13 71
13 72
13 76
13 79
13 81
13 84
13 85
13 86
13 89
13 90
13 96
13 97
13 98
13 99
13 100
13 105
13 107
13 108
13 110
13 113
13 115
13 118
13 119
14 16
14 17
14 18
14 19
14 20
14 24
14 27
14 28
14 29
14 34
14 37
14 41
14 42
14 44
14 46
14 54
14 56
14 57
14 58
14 60
14 65
14 68
14 69
14 75
14 78
14 79
14 80
14 86
14 89
14 90
14 91
14 94
14 98
14 99
14 100
14 103
14 106
14 107
14 110
14 111
14 116
14 118
14 119
15 21
15 28
15 30
15 31
15 35
15 37
15 38
15 39
15 40
15 41
15 42
15 45
15 46
15 47
15 50
15 53
15 54
15 55
15 56
15 57
15 59
15 66
15 75
15 80
15 81
15 82
15 83
15 84
15 85
15 88
15 94
15 97
15 99
15 101
15 102
15 105
15 107
15 109
15 112
15 113
15 114
15 116
15 117
16 17
16 22
16 23
16 27
16 29
16 30
16 31
16 34
16 35
16 38
16 39
16 40
16 44
16 45
16 49
16 50
16 51
16 53
16 57
16 58
16 61
16 67
16 68
16 69
16 70
16 73
16 74
16 76
16 79
16 81
16 83
16 85
16 88
16 101
16 102
16 103
16 104
16 108
16 112
16 114
16 115
16 116
16 118
16 119
17 19
17 22
17 23
17 24
17 25
17 29
17 31
17 34
17 39
17 40
17 43
17 48
17 50
17 51
17 55
17 57
17 59
17 60
17 61
17 66
17 71
17 72
17 78
17 79
17 80
17 84
17 85
17 89
17 91
17 92
17 94
17 97
17 105
17 107
17 108
17 109
17 110
17 112
17 115
17 116
17 119
18 19
18 20
18 26
18 27
18 28
18 29
18 31
18 32
18 33
18 35
18 36
18 39
18 40
18 41
18 43
18 48
18 56
18 58
18 60
18 61
18 63
18 68
18 76
18 78
18 79
18 81
18 83
18 88
18 89
18 90
18 91
18 93
18 94
18 96
18 99
18 100
18 104
18 106
18 107
18 108
18 109
18 112
18 115
18 116
18 119
19 22
19 23
19 25
19 27
19 29
19 30
19 31
19 32
19 34
19 35
19 36
19 40
19 43
19 46
19 51
19 52
19 55
19 56
19 61
19 67
19 69
19 70
19 76
19 78
19 80
19 83
19 86
19 90
19 91
19 92
19 93
19 98
19 100
19 102
19 103
19 106
19 108
19 109
19 115
19 118
20 23
20 27
20 29
20 30
20 31
20 33
20 35
20 36
20 41
20 44
20 46
20 48
20 51
20 53
20 55
20 57
20 59
20 61
20 64
20 65
20 67
20 68
20 70
20 71
20 73
20 77
20 78
20 80
20 81
20 82
20 83
20 84
20 85
20 88
20 89
20 91
20 97
20 100
20 105
20 107
20 109
20 114
20 115
20 116
20 117
20 118
20 119
21 23
21 25
21 29
21 33
21 34
21 36
21 38
21 47
21 48
21 53
21 56
21 60
21 61
21 64
21 65
21 72
21 76
21 77
21 80
21 81
21 83
21 84
21 85
21 86
21 88
21 90
21 91
21 92
21 105
21 108
21 109
21 110
21 112
21 118
21 119
22 28
22 30
22 33
22 34
22 35
22 36
22 38
22 39
22 40
22 41
22 43
22 44
22 60
22 61
22 67
22 69
22 75
22 76
22 78
22 81
22 84
22 87
22 88
22 90
22 97
22 100
22 101
22 102
22 105
22 107
22 108
22 110
22 117
22 118
22 119
23 25
23 26
23 31
23 33
23 42
23 47
23 48
23 58
23 59
23 62
23 63
23 66
23 68
23 69
23 72
23 73
23 74
23 77
23 78
23 79
23 80
23 81
23 82
23 84
23 85
23 86
23 87
23 89
23 90
23 91
23 93
23 97
23 98
23 106
23 108
23 110
23 113
23 114
23 115
24 26
24 27
24 28
24 31
24 34
24 36
24 37
24 38
24 39
24 42
24 45
24 48
24 49
24 53
24 54
24 55
24 62
24 63
24 65
24 66
24 72
24 76
24 78
24 79
24 84
24 85
24 86
24 90
24 93
24 94
24 95
24 99
24 100
24 101
24 108
24 111
24 112
24 115
24 117
24 118
25 26
25 27
25 34
25 42
25 45
25 47
25 50
25 51
25 53
25 56
25 61
25 63
25 64
25 65
25 67
25 72
25 73
25 74
25 75
25 81
25 88
25 92
25 95
25 99
25 100
25 101
25 102
25 112
25 114
25 115
25 118
26 28
26 33
26 35
26 37
26 41
26 45
26 46
26 47
26 51
26 53
26 54
26 55
26 56
26 59
26 63
26 64
26 65
26 69
26 72
26 74
26 75
26 78
26 84
26 85
26 86
26 93
26 95
26 96
26 98
26 99
26 100
26 104
26 105
26 109
26 116
26 118
26 119
27 29
27 31
27 32
27 37
27 39
27 41
27 46
27 51
27 52
27 53
27 55
27 57
27 58
27 59
27 60
27 64
27 65
27 67
27 70
27 73
27 74
27 77
27 78
27 80
27 83
27 84
27 89
27 90
27 91
27 92
27 94
27 96
27 97
27 103
27 106
27 107
27 108
28 31
28 32
28 33
28 34
28 37
28 39
28 41
28 42
28 46
28 49
28 54
28 55
28 57
28 61
28 62
28 63
28 69
28 75
28 76
28 81
28 82
28 83
28 85
28 91
28 92
28 94
28 96
28 98
28 100
28 103
28 104
28 105
28 107
28 108
28 110
28 115
28 116
28 119
29 30
29 31
29 36
29 38
29 39
29 42
29 43
29 45
29 53
29 55
29 56
29 57
29 58
29 59
29 61
29 66
29 67
29 68
29 72
29 73
29 79
29 81
29 82
29 83
29 85
29 87
29 89
29 91
29 97
29 98
29 99
29 102
29 110
29 113
29 114
29 118
29 119
30 31
30 35
30 37
30 38
30 41
30 43
30 44
30 46
30 48
30 50
30 53
30 56
30 58
30 60
30 61
30 63
30 68
30 70
30 73
30 74
30 75
30 76
30 77
30 78
30 81
30 82
30 83
30 86
30 87
30 89
30 92
30 93
30 94
30 96
30 98
30 106
30 108
30 110
30 111
30 113
30 114
30 116
30 117
31 37
31 41
31 42
31 43
31 44
31 45
31 49
31 50
31 52
31 54
31 61
31 62
31 66
31 68
31 69
31 71
31 73
31 74
31 75
31 76
31 82
31 87
31 89
31 90
31 91
31 92
31 93
31 95
31 96
31 98
31 101
31 105
31 110
31 112
31 113
31 114
31 116
31 117
32 33
32 37
32 41
32 42
32 43
32 44
32 45
32 46
32 48
32 49
32 50
32 54
32 55
32 58
32 61
32 65
32 66
32 68
32 75
32 77
32 84
32 87
32 90
32 94
32 96
32 97
32 98
32 101
32 103
32 104
32 110
32 112
32 115
32 116
32 118
32 119
33 35
33 38
33 45
33 46
33 49
33 50
33 51
33 54
33 55
33 57
33 58
33 60
33 64
33 69
33 72
33 74
33 77
33 78
33 84
33 87
33 90
33 92
33 94
33 95
33 97
33 98
33 99
33 102
33 107
33 111
33 113
33 115
33 117
34 36
34 38
34 39
34 43
34 45
34 46
34 48
34 49
34 52
34 54
34 56
34 59
34 61
34 64
34 67
34 68
34 70
34 73
34 76
34 77
34 82
34 83
34 89
34 93
34 94
34 101
34 102
34 107
34 109
34 111
34 113
34 116
34 119
35 37
35 40
35 41
35 44
35 46
35 50
35 52
35 55
35 58
35 60
35 61
35 63
35 65
35 68
35 69
35 73
35 74
35 76
35 81
35 90
35 92
35 94
35 95
35 96
35 99
35 100
35 104
35 109
35 111
35 112
35 114
35 115
35 119
36 37
36 38
36 42
36 43
36 44
36 45
36 47
36 48
36 49
36 53
36 54
36 59
36 61
36 63
36 67
36 68
36 69
36 74
36 76
36 82
36 83
36 85
36 89
36 92
36 94
36 98
36 100
36 101
36 103
36 107
36 115
36 117
36 118
36 119
37 41
37 42
37 43
37 46
37 47
37 48
37 53
37 54
37 56
37 58
37 59
37 60
37 61
37 64
37 65
37 66
37 68
37 69
37 71
37 73
37 74
37 77
37 79
37 80
37 81
37 89
37 93
37 96
37 97
37 98
37 101
37 102
37 103
37 104
37 109
37 116
38 39
38 40
38 48
38 51
38 53
38 54
38 55
38 56
38 59
38 61
38 62
38 64
38 69
38 71
38 72
38 73
38 76
38 77
38 78
38 81
38 86
38 89
38 96
38 99
38 103
38 104
38 106
38 111
38 118
38 119
39 41
39 42
39 46
39 47
39 49
39 50
39 54
39 55
39 57
39 62
39 63
39 68
39 69
39 72
39 74
39 75
39 76
39 77
39 78
39 81
39 84
39 85
39 87
39 89
39 90
39 94
39 95
39 97
39 98
39 100
39 104
39 105
39 106
39 109
39 110
39 111
39 112
39 116
39 117
39 118
40 41
40 42
40 44
40 45
40 49
40 50
40 52
40 53
40 54
40 55
40 58
40 59
40 62
40 63
40 64
40 66
40 67
40 71
40 72
40 73
40 74
40 75
40 77
40 78
40 79
40 80
40 84
40 86
40 91
40 98
40 100
40 101
40 102
40 103
40 104
40 106
40 109
40 110
40 112
40 113
40 115
40 117
40 118
40 119
41 42
41 44
41 46
41 48
41 59
41 60
41 62
41 64
41 65
41 66
41 67
41 68
41 72
41 75
41 76
41 78
41 79
41 80
41 84
41 86
41 87
41 89
41 90
41 93
41 94
41 95
41 97
41 100
41 102
41 107
41 113
41 115
41 117
42 43
42 50
42 51
42 54
42 63
42 64
42 65
42 66
42 68
42 69
42 71
42 73
42 74
42 76
42 77
42 79
42 83
42 85
42 87
42 88
42 92
42 98
42 101
42 104
42 105
42 106
42 109
42 110
42 113
42 114
42 118
43 47
43 49
43 50
43 52
43 53
43 54
43 56
43 57
43 59
43 60
43 63
43 67
43 68
43 69
43 70
43 71
43 74
43 76
43 80
43 81
43 83
43 85
43 86
43 88
43 89
43 90
43 99
43 102
43 103
43 106
43 108
43 109
43 110
43 113
43 115
44 46
44 47
44 49
44 53
44 55
44 56
44 59
44 61
44 67
44 69
44 71
44 72
44 74
44 77
44 78
44 84
44 85
44 86
44 89
44 90
44 92
44 93
44 96
44 98
44 102
44 104
44 106
44 107
44 112
44 115
44 116
44 117
45 49
45 50
45 51
45 54
45 55
45 60
45 62
45 66
45 67
45 68
45 80
45 87
45 93
45 95
45 102
45 105
45 106
45 107
45 110
45 111
45 112
45 113
45 115
45 116
45 117
45 118
45 119
46 48
46 52
46 53
46 54
46 56
46 59
46 60
46 65
46 67
46 70
46 71
46 72
46 74
46 75
46 85
46 86
46 88
46 89
46 91
46 95
46 97
46 98
46 99
46 106
46 108
46 109
46 112
46 113
46 114
46 115
46 118
46 119
47 48
47 52
47 53
47 54
47 55
47 57
47 58
47 59
47 62
47 63
47 66
47 67
47 68
47 69
47 70
47 71
47 72
47 74
47 80
47 81
47 82
47 83
47 88
47 90
47 91
47 98
47 99
47 100
47 103
47 105
47 106
47 107
47 109
47 111
47 112
47 113
47 114
47 115
47 116
47 118
48 49
48 50
48 51
48 53
48 54
48 57
48 60
48 66
48 67
48 68
48 71
48 72
48 73
48 74
48 75
48 76
48 77
48 79
48 89
48 90
48 91
48 94
48 97
48 100
48 103
48 112
48 113
48 118
49 51
49 53
49 59
49 60
49 61
49 62
49 64
49 67
49 72
49 75
49 76
49 79
49 80
49 82
49 84
49 87
49 89
49 91
49 94
49 96
49 99
49 100
49 101
49 102
49 106
49 108
49 109
49 111
49 114
49 117
49 118
50 51
50 53
50 56
50 61
50 62
50 64
50 65
50 68
50 70
50 73
50 77
50 82
50 83
50 84
50 86
50 87
50 89
50 93
50 96
50 97
50 101
50 102
50 108
50 109
50 113
50 114
50 116
51 53
51 64
51 74
51 76
51 78
51 79
51 81
51 84
51 85
51 91
51 97
51 98
51 104
51 107
51 108
51 111
51 112
51 117
51 118
52 55
52 56
52 57
52 58
52 60
52 61
52 62
52 63
52 64
52 65
52 66
52 71
52 73
52 74
52 79
52 82
52 83
52 85
52 87
52 90
52 93
52 95
52 97
52 101
52 102
52 103
52 104
52 105
52 106
52 108
52 111
52 113
52 114
53 56
53 57
53 60
53 64
53 65
53 69
53 71
53 73
53 77
53 82
53 83
53 84
53 88
53 91
53 93
53 94
53 97
53 101
53 102
53 103
53 112
53 116
53 117
53 119
54 55
54 58
54 63
54 64
54 67
54 68
54 71
54 72
54 75
54 77
54 80
54 87
54 88
54 89
54 90
54 91
54 95
54 96
54 97
54 99
54 100
54 101
54 102
54 103
54 104
54 107
54 109
54 111
54 112
54 113
54 115
55 56
55 57
55 58
55 64
55 67
55 69
55 71
55 72
55 73
55 78
55 81
55 84
55 87
55 89
55 92
55 93
55 96
55 98
55 99
55 101
55 109
55 110
55 111
55 112
55 114
56 57
56 63
56 70
56 74
56 82
56 84
56 88
56 89
56 90
56 92
56 96
56 100
56 102
56 104
56 107
56 110
56 111
56 113
56 115
56 116
57 58
57 59
57 60
57 62
57 66
57 74
57 75
57 76
57 77
57 81
57 82
57 86
57 90
57 91
57 92
57 94
57 95
57 100
57 102
57 103
57 105
57 108
57 111
57 114
57 115
57 119
58 59
58 66
58 67
58 68
58 70
58 81
58 82
58 83
58 86
58 88
58 93
58 94
58 97
58 100
58 102
58 107
58 108
58 111
58 112
58 113
58 115
59 61
59 63
59 65
59 66
59 69
59 72
59 74
59 76
59 80
59 81
59 82
59 83
59 84
59 85
59 86
59 87
59 89
59 92
59 94
59 95
59 97
59 100
59 101
59 102
59 105
59 106
59 108
59 111
59 112
59 115
59 118
60 61
60 72
60 75
60 78
60 85
60 88
60 93
60 94
60 98
60 103
60 104
60 106
60 108
60 113
60 115
60 117
60 118
61 62
61 64
61 70
61 73
61 79
61 80
61 81
61 84
61 87
61 91
61 96
61 97
61 102
61 103
61 109
61 111
61 112
61 116
61 117
61 118
61 119
62 63
62 67
62 71
62 72
62 73
62 77
62 79
62 80
62 83
62 87
62 94
62 95
62 96
62 108
62 113
62 116
63 64
63 65
63 66
63 68
63 69
63 73
63 75
63 78
63 82
63 83
63 84
63 86
63 91
63 95
63 96
63 97
63 101
63 102
63 103
63 108
63 111
63 113
63 114
64 70
64 75
64 77
64 81
64 82
64 86
64 93
64 99
64 100
64 111
64 112
64 113
64 117
65 66
65 69
65 77
65 80
65 84
65 85
65 90
65 95
65 96
65 99
65 101
65 102
65 105
65 107
65 110
65 113
65 114
65 115
65 116
65 117
65 118
65 119
66 68
66 70
66 71
66 73
66 76
66 80
66 82
66 84
66 86
66 87
66 88
66 90
66 93
66 94
66 99
66 102
66 103
66 104
66 105
66 109
66 111
66 112
66 114
66 115
66 116
66 119
67 71
67 72
67 73
67 75
67 76
67 77
67 79
67 83
67 85
67 89
67 90
67 94
67 96
67 97
67 98
67 101
67 106
67 110
67 117
67 118
67 119
68 69
68 72
68 73
68 74
68 75
68 76
68 81
68 82
68 84
68 89
68 93
68 94
68 98
68 99
68 101
68 103
68 104
68 105
68 107
68 111
68 113
68 114
68 115
68 116
68 117
69 72
69 79
69 80
69 83
69 84
69 88
69 92
69 93
69 95
69 96
69 99
69 103
69 110
70 74
70 76
70 77
70 78
70 80
70 81
70 82
70 87
70 88
70 92
70 94
70 96
70 104
70 105
70 111
70 115
70 116
70 117
70 118
70 119
71 72
71 74
71 75
71 76
71 82
71 83
71 87
71 88
71 91
71 92
71 96
71 97
71 98
71 99
71 100
71 104
71 111
71 115
72 73
72 77
72 81
72 82
72 83
72 87
72 89
72 90
72 92
72 93
72 97
72 98
72 99
72 101
72 103
72 104
72 109
72 112
72 113
72 119
73 75
73 80
73 90
73 93
73 94
73 95
73 96
73 97
73 99
73 102
73 104
73 108
73 113
73 115
73 116
73 117
74 77
74 82
74 85
74 86
74 89
74 91
74 93
74 94
74 95
74 102
74 107
74 108
74 109
74 110
74 111
74 114
74 115
75 78
75 82
75 83
75 84
75 85
75 86
75 88
75 89
75 91
75 92
75 95
75 96
75 97
75 103
75 104
75 108
75 115
75 117
75 118
76 79
76 80
76 81
76 84
76 85
76 86
76 87
76 88
76 90
76 91
76 92
76 93
76 96
76 97
76 99
76 100
76 104
76 107
76 110
76 111
76 112
76 117
76 119
77 78
77 80
77 81
77 82
77 83
77 84
77 85
77 88
77 89
77 90
77 92
77 95
77 96
77 98
77 99
77 100
77 105
77 107
77 112
77 113
77 117
78 79
78 82
78 85
78 86
78 93
78 95
78 96
78 97
78 107
78 111
78 116
78 118
78 119
79 80
79 82
79 85
79 87
79 90
79 93
79 96
79 97
79 100
79 104
79 106
79 108
79 112
79 115
79 117
79 119
80 81
80 82
80 85
80 93
80 96
80 100
80 106
80 110
80 114
80 119
81 83
81 84
81 86
81 87
81 88
81 89
81 90
81 94
81 95
81 97
81 102
81 105
81 106
81 108
81 109
81 110
81 111
81 112
81 113
81 114
81 116
81 117
81 119
82 83
82 86
82 87
82 91
82 93
82 96
82 99
82 101
82 104
82 106
82 107
82 109
82 112
82 113
82 116
82 117
83 84
83 85
83 86
83 87
83 93
83 94
83 96
83 97
83 99
83 100
83 103
83 105
83 106
83 110
83 112
83 113
83 116
83 117
83 118
84 86
84 87
84 88
84 89
84 92
84 100
84 109
84 110
84 111
84 113
84 116
85 86
85 90
85 91
85 92
85 99
85 101
85 102
85 103
85 104
85 106
85 107
85 108
85 110
85 111
85 112
85 113
85 116
85 117
86 87
86 89
86 91
86 92
86 93
86 96
86 98
86 100
86 101
86 102
86 106
86 107
86 108
86 109
86 110
86 114
86 117
87 89
87 90
87 91
87 93
87 96
87 99
87 101
87 102
87 103
87 110
87 111
87 113
87 114
87 115
87 116
87 117
88 89
88 90
88 91
88 94
88 96
88 98
88 102
88 107
88 108
88 109
88 110
88 113
88 114
88 118
89 91
89 95
89 96
89 104
89 106
89 107
89 109
89 112
89 114
89 115
89 118
90 92
90 95
90 98
90 99
90 103
90 104
90 106
90 108
90 110
90 112
90 119
91 92
91 94
91 99
91 101
91 102
91 104
91 105
91 107
91 108
91 110
91 113
91 114
91 119
92 93
92 99
92 100
92 105
92 110
92 111
92 112
92 113
92 117
93 95
93 97
93 98
93 99
93 102
93 104
93 107
93 108
93 109
93 112
93 113
93 115
93 116
93 119
94 95
94 96
94 98
94 99
94 100
94 101
94 102
94 103
94 104
94 106
94 108
94 109
94 110
94 113
94 117
94 118
95 96
95 97
95 103
95 104
95 109
95 111
95 112
95 114
95 115
95 116
96 97
96 101
96 104
96 107
96 109
96 110
96 111
96 112
96 115
97 98
97 106
97 108
97 109
97 114
97 118
97 119
98 99
98 110
98 111
98 113
98 114
98 115
98 117
98 119
99 100
99 103
99 105
99 106
99 108
99 111
99 114
99 119
100 103
100 104
100 105
100 111
100 115
100 116
100 117
100 118
101 102
101 103
101 105
101 109
101 110
101 112
101 114
101 116
101 117
101 119
102 104
102 107
102 108
102 111
102 115
102 118
102 119
103 104
103 106
103 107
103 111
103 112
103 115
103 116
103 118
104 109
104 111
104 115
105 116
105 118
106 107
106 109
106 111
106 118
106 119
107 108
107 109
107 111
107 112
107 113
107 118
108 112
108 113
108 114
108 115
108 117
108 118
109 110
109 113
109 114
109 116
109 117
109 119
110 111
110 112
110 116
110 118
110 119
111 118
112 113
112 114
112 115
112 117
112 118
113 114
113 115
113 117
113 118
114 115
114 116
114 118
115 116
115 118
116 117
118 119
53 25 87 75 1 78 14 55 46 91 104 36 68 41 70 99 42 60 19 10 118 35 64 17 8 103 67 89 85 50 61 3 112 22 58 48
13 20 12 109 119 116 117 5 82 33 74 47 45 94 57 28 32 7 90 115 100 54 83 26 39 29 79 9 113 81 69 31 59 84 106 2
11 27 97 44 15 56 86 76 63 114 77 38 52 43 18 96 62 40 0 34 80 93 72 73 107 4 24 108 98 101 49 111 88 23 65 37
16 95 102 105 66 92 71 51 30 21 110 6
