190
7125
10
58.44
9.25
33.84
97.34
23.1
44.25
7.94
63.04
18.48
97.9
0 3
0 4
0 7
0 8
0 9
0 10
0 11
0 12
0 13
0 14
0 15
0 17
0 19
0 20
0 23
0 25
0 26
0 28
0 29
0 32
0 33
0 34
0 36
0 37
0 38
0 39
0 40
0 46
0 49
0 50
0 51
0 52
0 60
0 64
0 65
0 70
0 74
0 76
0 77
0 78
0 80
0 81
0 86
0 90
0 92
0 95
0 97
0 98
0 100
0 107
0 109
0 112
0 114
0 117
0 120
0 121
0 126
0 128
0 135
0 141
0 142
0 143
0 147
0 153
0 154
0 156
0 159
0 160
0 164
0 165
0 167
0 168
0 171
0 178
0 180
0 181
0 182
0 186
0 187
0 188
0 189
1 6
1 9
1 13
1 14
1 16
1 18
1 23
1 29
1 32
1 33
1 39
1 44
1 48
1 51
1 53
1 57
1 58
1 61
1 64
1 67
1 68
1 70
1 71
1 72
1 73
1 75
1 76
1 80
1 83
1 86
1 89
1 92
1 95
1 98
1 102
1 104
1 107
1 111
1 113
1 114
1 120
1 121
1 123
1 126
1 128
1 131
1 133
1 135
1 136
1 137
1 140
1 143
1 145
1 146
1 147
1 148
1 150
1 154
1 155
1 158
1 159
1 161
1 163
1 165
1 166
1 168
1 169
1 171
1 173
1 175
1 180
1 181
1 184
1 188
2 4
2 14
2 15
2 16
2 18
2 21
2 23
2 26
2 28
2 29
2 30
2 31
2 32
2 33
2 35
2 38
2 43
2 50
2 51
2 54
2 57
2 58
2 63
2 64
2 66
2 68
2 74
2 79
2 80
2 81
2 83
2 84
2 87
2 88
2 89
2 92
2 94
2 95
2 96
2 99
2 106
2 110
2 114
2 116
2 118
2 119
2 120
2 121
2 124
2 126
2 130
2 131
2 133
2 139
2 140
2 141
2 143
2 145
2 147
2 149
2 153
2 154
2 158
2 159
2 160
2 161
2 163
2 169
2 175
2 176
2 180
2 183
2 185
2 187
2 188
3 4
3 7
3 9
3 10
3 12
3 13
3 14
3 18
3 22
3 23
3 26
3 28
3 31
3 32
3 36
3 37
3 38
3 40
3 42
3 46
3 47
3 48
3 51
3 52
3 55
3 60
3 61
3 64
3 70
3 71
3 73
3 75
3 76
3 79
3 80
3 82
3 84
3 85
3 86
3 88
3 90
3 91
3 92
3 93
3 94
3 96
3 97
3 98
3 103
3 105
3 107
3 109
3 112
3 115
3 119
3 121
3 123
3 125
3 127
3 128
3 131
3 139
3 140
3 141
3 142
3 143
3 146
3 155
3 157
3 158
3 161
3 163
3 166
3 167
3 169
3 171
3 174
3 179
3 185
3 189
4 6
4 8
4 9
4 10
4 11
4 12
4 13
4 14
4 16
4 17
4 20
4 21
4 22
4 24
4 26
4 28
4 30
4 32
4 35
4 40
4 42
4 46
4 48
4 50
4 51
4 56
4 58
4 60
4 66
4 76
4 78
4 84
4 86
4 87
4 88
4 91
4 96
4 97
4 98
4 99
4 100
4 101
4 107
4 110
4 115
4 116
4 118
4 119
4 121
4 122
4 124
4 126
4 135
4 140
4 141
4 143
4 145
4 146
4 147
4 149
4 150
4 153
4 155
4 157
4 158
4 166
4 169
4 170
4 172
4 173
4 178
4 183
4 188
5 7
5 9
5 11
5 15
5 17
5 21
5 25
5 28
5 30
5 32
5 34
5 38
5 41
5 42
5 45
5 50
5 53
5 55
5 59
5 60
5 62
5 63
5 64
5 70
5 73
5 74
5 76
5 78
5 80
5 84
5 86
5 89
5 90
5 94
5 96
5 101
5 107
5 108
5 110
5 111
5 112
5 115
5 117
5 122
5 126
5 131
5 132
5 133
5 134
5 135
5 137
5 139
5 141
5 147
5 148
5 151
5 153
5 154
5 157
5 159
5 160
5 161
5 164
5 165
5 167
5 168
5 175
5 179
5 181
5 184
5 187
5 188
5 189
6 8
6 10
6 11
6 14
6 17
6 18
6 22
6 26
6 27
6 29
6 33
6 36
6 39
6 40
6 47
6 48
6 52
6 60
6 62
6 63
6 64
6 65
6 66
6 69
6 70
6 71
6 78
6 79
6 82
6 83
6 85
6 86
6 88
6 89
6 91
6 93
6 94
6 95
6 98
6 99
6 101
6 103
6 105
6 109
6 111
6 113
6 114
6 116
6 121
6 122
6 123
6 125
6 126
6 132
6 134
6 135
6 139
6 140
6 141
6 142
6 145
6 146
6 147
6 149
6 155
6 157
6 160
6 161
6 163
6 164
6 165
6 166
6 168
6 170
6 172
6 173
6 174
6 175
6 177
6 179
6 186
6 187
6 188
6 189
7 12
7 13
7 14
7 16
7 17
7 19
7 22
7 27
7 30
7 31
7 32
7 35
7 36
7 38
7 52
7 53
7 59
7 61
7 62
7 63
7 66
7 68
7 69
7 73
7 75
7 76
7 78
7 80
7 81
7 82
7 83
7 84
7 87
7 89
7 90
7 92
7 93
7 95
7 96
7 97
7 98
7 99
7 101
7 104
7 108
7 109
7 111
7 112
7 113
7 114
7 119
7 122
7 124
7 125
7 127
7 136
7 140
7 142
7 143
7 149
7 151
7 153
7 154
7 162
7 167
7 169
7 174
7 175
7 176
7 180
7 182
7 185
7 186
7 188
7 189
8 9
8 15
8 16
8 17
8 21
8 24
8 30
8 34
8 39
8 40
8 41
8 42
8 43
8 44
8 45
8 46
8 48
8 50
8 55
8 56
8 58
8 67
8 69
8 74
8 77
8 79
8 80
8 81
8 82
8 84
8 85
8 88
8 90
8 91
8 92
8 94
8 96
8 101
8 104
8 107
8 113
8 115
8 116
8 118
8 121
8 123
8 124
8 128
8 131
8 133
8 135
8 139
8 140
8 146
8 147
8 149
8 151
8 157
8 160
8 161
8 173
8 175
8 180
8 182
8 184
8 185
8 186
9 11
9 15
9 19
9 23
9 27
9 31
9 33
9 35
9 36
9 38
9 41
9 44
9 45
9 54
9 55
9 57
9 58
9 61
9 62
9 64
9 67
9 68
9 69
9 75
9 76
9 77
9 83
9 84
9 91
9 92
9 93
9 95
9 101
9 102
9 105
9 107
9 109
9 111
9 112
9 114
9 116
9 117
9 118
9 119
9 126
9 127
9 136
9 137
9 139
9 140
9 145
9 148
9 152
9 153
9 155
9 159
9 160
9 161
9 164
9 167
9 168
9 174
9 178
9 179
9 181
9 184
9 185
9 186
9 189
10 15
10 16
10 20
10 21
10 27
10 31
10 33
10 34
10 35
10 38
10 40
10 41
10 42
10 44
10 51
10 54
10 59
10 60
10 61
10 64
10 65
10 66
10 67
10 68
10 70
10 71
10 75
10 77
10 78
10 81
10 84
10 86
10 89
10 92
10 94
10 95
10 101
10 109
10 112
10 113
10 114
10 117
10 120
10 125
10 127
10 128
10 129
10 136
10 137
10 139
10 145
10 147
10 148
10 149
10 150
10 151
10 154
10 155
10 156
10 158
10 163
10 165
10 168
10 173
10 174
10 177
10 182
10 184
10 185
10 186
11 13
11 14
11 17
11 21
11 31
11 32
11 33
11 37
11 38
11 39
11 40
11 43
11 44
11 49
11 51
11 52
11 53
11 57
11 58
11 63
11 64
11 65
11 67
11 68
11 70
11 71
11 72
11 79
11 80
11 84
11 89
11 91
11 92
11 94
11 98
11 99
11 100
11 102
11 107
11 109
11 112
11 121
11 125
11 128
11 129
11 131
11 132
11 135
11 139
11 140
11 142
11 143
11 144
11 146
11 149
11 150
11 152
11 153
11 154
11 155
11 156
11 157
11 161
11 162
11 164
11 166
11 171
11 175
11 177
11 179
11 181
11 183
11 189
12 13
12 14
12 15
12 16
12 17
12 19
12 23
12 26
12 33
12 34
12 36
12 45
12 47
12 48
12 50
12 55
12 59
12 61
12 62
12 68
12 70
12 72
12 76
12 78
12 79
12 83
12 89
12 90
12 93
12 97
12 98
12 104
12 105
12 106
12 109
12 111
12 113
12 116
12 117
12 118
12 121
12 123
12 136
12 139
12 140
12 150
12 151
12 152
12 154
12 155
12 157
12 159
12 162
12 163
12 169
12 175
12 176
12 180
12 181
12 183
12 184
12 189
13 17
13 20
13 25
13 29
13 31
13 32
13 33
13 35
13 40
13 41
13 44
13 47
13 48
13 51
13 52
13 55
13 57
13 61
13 62
13 71
13 73
13 74
13 77
13 80
13 81
13 83
13 84
13 85
13 88
13 90
13 92
13 93
13 96
13 100
13 104
13 106
13 110
13 114
13 117
13 120
13 121
13 124
13 125
13 126
13 132
13 135
13 136
13 139
13 141
13 144
13 146
13 147
13 148
13 153
13 155
13 159
13 162
13 165
13 166
13 170
13 172
13 173
13 174
13 175
13 180
13 182
13 183
13 186
13 187
13 188
14 17
14 19
14 21
14 33
14 34
14 36
14 39
14 43
14 49
14 54
14 57
14 58
14 61
14 66
14 68
14 69
14 71
14 72
14 74
14 75
14 79
14 85
14 87
14 89
14 98
14 99
14 102
14 105
14 106
14 107
14 110
14 113
14 114
14 116
14 121
14 123
14 124
14 125
14 126
14 127
14 130
14 136
14 138
14 142
14 146
14 148
14 151
14 154
14 157
14 158
14 159
14 165
14 168
14 173
14 174
14 177
14 178
14 179
14 184
15 17
15 23
15 25
15 27
15 29
15 31
15 32
15 37
15 40
15 41
15 43
15 45
15 47
15 51
15 52
15 53
15 55
15 57
15 65
15 68
15 69
15 70
15 73
15 75
15 77
15 80
15 83
15 84
15 87
15 92
15 93
15 98
15 101
15 102
15 105
15 106
15 108
15 112
15 113
15 116
15 117
15 118
15 119
15 120
15 124
15 126
15 127
15 134
15 136
15 137
15 142
15 144
15 146
15 148
15 150
15 151
15 154
15 156
15 157
15 161
15 163
15 166
15 167
15 169
15 172
15 173
15 177
15 179
15 181
15 183
15 185
16 17
16 19
16 20
16 21
16 22
16 25
16 27
16 28
16 32
16 33
16 40
16 46
16 52
16 57
16 59
16 60
16 62
16 63
16 64
16 65
16 66
16 68
16 70
16 73
16 77
16 82
16 85
16 87
16 88
16 91
16 92
16 94
16 95
16 96
16 99
16 103
16 105
16 113
16 116
16 117
16 119
16 121
16 126
16 127
16 128
16 130
16 132
16 133
16 137
16 139
16 141
16 143
16 145
16 146
16 150
16 152
16 154
16 160
16 161
16 168
16 170
16 172
16 173
16 180
16 184
16 185
16 187
16 189
17 27
17 28
17 33
17 34
17 35
17 36
17 37
17 40
17 42
17 45
17 47
17 53
17 54
17 59
17 60
17 67
17 72
17 75
17 76
17 77
17 81
17 82
17 83
17 85
17 87
17 90
17 91
17 93
17 95
17 100
17 103
17 105
17 110
17 112
17 113
17 114
17 118
17 120
17 122
17 123
17 125
17 126
17 127
17 131
17 135
17 136
17 137
17 139
17 143
17 150
17 153
17 156
17 157
17 159
17 160
17 161
17 162
17 165
17 168
17 169
17 170
17 177
17 179
17 180
17 181
17 182
17 184
17 185
17 186
18 19
18 21
18 23
18 24
18 29
18 30
18 32
18 33
18 34
18 36
18 37
18 41
18 42
18 43
18 44
18 46
18 49
18 53
18 56
18 60
18 61
18 63
18 65
18 69
18 72
18 75
18 77
18 78
18 84
18 88
18 89
18 90
18 91
18 94
18 95
18 96
18 97
18 100
18 101
18 102
18 104
18 110
18 118
18 119
18 122
18 128
18 131
18 132
18 133
18 140
18 143
18 147
18 149
18 150
18 153
18 155
18 157
18 159
18 160
18 161
18 163
18 168
18 169
18 170
18 171
18 177
18 178
18 179
18 184
18 187
18 189
19 20
19 23
19 24
19 25
19 26
19 28
19 30
19 32
19 33
19 35
19 36
19 37
19 38
19 39
19 40
19 42
19 46
19 47
19 53
19 54
19 55
19 56
19 58
19 59
19 60
19 67
19 73
19 74
19 78
19 81
19 83
19 92
19 93
19 94
19 98
19 99
19 100
19 101
19 104
19 105
19 107
19 111
19 112
19 117
19 118
19 124
19 128
19 129
19 130
19 131
19 132
19 134
19 135
19 136
19 139
19 140
19 141
19 147
19 151
19 154
19 155
19 156
19 158
19 159
19 164
19 166
19 167
19 168
19 169
19 177
19 178
19 179
19 180
19 182
19 183
19 186
19 188
20 22
20 24
20 25
20 29
20 32
20 35
20 36
20 37
20 38
20 39
20 40
20 43
20 47
20 53
20 54
20 55
20 56
20 57
20 58
20 61
20 62
20 63
20 65
20 70
20 71
20 74
20 78
20 83
20 84
20 88
20 89
20 91
20 93
20 94
20 96
20 97
20 98
20 101
20 115
20 116
20 117
20 119
20 126
20 130
20 133
20 134
20 136
20 137
20 139
20 140
20 142
20 143
20 144
20 149
20 157
20 159
20 160
20 166
20 169
20 170
20 171
20 172
20 173
20 174
20 177
20 178
20 179
20 180
20 186
21 23
21 29
21 30
21 31
21 36
21 40
21 41
21 42
21 44
21 55
21 57
21 58
21 59
21 63
21 64
21 65
21 68
21 70
21 79
21 80
21 81
21 83
21 84
21 87
21 88
21 93
21 95
21 96
21 97
21 98
21 110
21 112
21 114
21 117
21 122
21 125
21 128
21 132
21 133
21 135
21 139
21 142
21 145
21 146
21 147
21 152
21 154
21 158
21 163
21 164
21 165
21 170
21 173
21 183
21 187
21 189
22 25
22 34
22 38
22 44
22 45
22 46
22 47
22 50
22 55
22 58
22 59
22 60
22 61
22 63
22 64
22 65
22 68
22 69
22 70
22 71
22 73
22 75
22 76
22 78
22 80
22 81
22 82
22 87
22 88
22 91
22 93
22 96
22 97
22 104
22 109
22 111
22 114
22 116
22 118
22 119
22 122
22 125
22 126
22 129
22 131
22 132
22 133
22 137
22 138
22 139
22 140
22 141
22 143
22 144
22 149
22 150
22 151
22 152
22 153
22 154
22 156
22 158
22 162
22 164
22 168
22 169
22 175
22 177
22 178
22 183
22 188
23 27
23 28
23 32
23 33
23 39
23 40
23 41
23 45
23 48
23 51
23 52
23 54
23 56
23 60
23 63
23 64
23 66
23 68
23 71
23 76
23 79
23 82
23 83
23 84
23 85
23 86
23 87
23 91
23 93
23 97
23 98
23 99
23 102
23 109
23 110
23 111
23 112
23 113
23 115
23 118
23 119
23 121
23 124
23 126
23 127
23 128
23 129
23 130
23 132
23 133
23 134
23 141
23 143
23 144
23 145
23 146
23 147
23 149
23 151
23 152
23 153
23 154
23 157
23 160
23 166
23 167
23 171
23 174
23 175
23 177
23 178
23 179
23 181
23 182
23 184
23 186
23 188
23 189
24 25
24 32
24 35
24 36
24 40
24 49
24 51
24 52
24 56
24 57
24 63
24 68
24 69
24 70
24 71
24 76
24 79
24 80
24 81
24 85
24 87
24 92
24 94
24 101
24 106
24 107
24 110
24 112
24 115
24 116
24 120
24 121
24 122
24 123
24 124
24 125
24 126
24 127
24 130
24 136
24 137
24 142
24 143
24 144
24 145
24 146
24 149
24 155
24 159
24 160
24 162
24 163
24 164
24 168
24 171
24 174
24 176
24 177
24 178
24 179
24 181
24 182
24 185
24 187
25 26
25 28
25 39
25 43
25 46
25 48
25 50
25 52
25 54
25 55
25 59
25 61
25 63
25 66
25 68
25 69
25 70
25 73
25 74
25 75
25 78
25 79
25 82
25 84
25 86
25 90
25 91
25 92
25 93
25 94
25 95
25 101
25 105
25 106
25 107
25 108
25 109
25 110
25 115
25 119
25 121
25 122
25 123
25 128
25 129
25 130
25 131
25 133
25 135
25 154
25 155
25 159
25 164
25 165
25 166
25 167
25 169
25 171
25 172
25 174
25 176
25 177
25 178
25 179
25 181
25 182
25 185
25 186
25 188
25 189
26 29
26 32
26 34
26 35
26 36
26 37
26 38
26 40
26 41
26 42
26 43
26 45
26 47
26 48
26 54
26 57
26 58
26 59
26 60
26 61
26 64
26 65
26 70
26 77
26 78
26 81
26 82
26 87
26 88
26 89
26 94
26 96
26 98
26 100
26 103
26 110
26 112
26 113
26 121
26 122
26 123
26 124
26 125
26 129
26 131
26 133
26 134
26 136
26 138
26 141
26 147
26 150
26 151
26 156
26 157
26 158
26 161
26 166
26 167
26 172
26 173
26 174
26 175
26 177
26 182
26 183
26 187
26 188
26 189
27 30
27 31
27 32
27 33
27 34
27 36
27 37
27 40
27 42
27 48
27 50
27 52
27 53
27 54
27 67
27 74
27 75
27 76
27 79
27 80
27 81
27 83
27 84
27 86
27 87
27 88
27 89
27 91
27 92
27 94
27 96
27 98
27 102
27 103
27 106
27 108
27 110
27 114
27 115
27 117
27 122
27 123
27 124
27 127
27 129
27 130
27 132
27 133
27 135
27 136
27 138
27 145
27 146
27 147
27 152
27 163
27 165
27 166
27 167
27 169
27 171
27 173
27 175
27 178
27 179
27 181
27 182
27 185
27 186
27 188
27 189
28 32
28 38
28 39
28 40
28 44
28 48
28 52
28 55
28 56
28 59
28 63
28 65
28 74
28 76
28 79
28 85
28 87
28 88
28 90
28 94
28 103
28 104
28 105
28 106
28 109
28 112
28 120
28 121
28 124
28 130
28 133
28 134
28 135
28 136
28 142
28 145
28 146
28 149
28 150
28 151
28 152
28 154
28 156
28 160
28 161
28 163
28 164
28 165
28 169
28 170
28 175
28 184
28 185
29 31
29 37
29 40
29 51
29 53
29 54
29 56
29 64
29 66
29 67
29 68
29 70
29 73
29 77
29 78
29 79
29 81
29 84
29 86
29 88
29 90
29 92
29 93
29 95
29 97
29 100
29 102
29 104
29 108
29 110
29 111
29 113
29 114
29 128
29 130
29 133
29 138
29 139
29 140
29 141
29 144
29 148
29 151
29 153
29 154
29 157
29 159
29 162
29 166
29 168
29 169
29 173
29 175
29 177
29 178
29 180
29 182
29 185
29 186
29 188
30 32
30 33
30 35
30 36
30 37
30 38
30 40
30 41
30 42
30 45
30 47
30 50
30 54
30 55
30 58
30 60
30 67
30 68
30 69
30 70
30 71
30 72
30 73
30 74
30 75
30 76
30 77
30 79
30 83
30 84
30 85
30 86
30 88
30 89
30 90
30 92
30 93
30 103
30 107
30 108
30 110
30 111
30 112
30 113
30 119
30 120
30 126
30 128
30 131
30 134
30 137
30 139
30 143
30 145
30 147
30 149
30 153
30 154
30 155
30 158
30 161
30 163
30 164
30 166
30 169
30 172
30 175
30 177
30 178
30 181
30 182
30 183
30 185
31 36
31 40
31 42
31 43
31 45
31 47
31 51
31 55
31 61
31 62
31 69
31 71
31 73
31 78
31 82
31 87
31 94
31 95
31 96
31 98
31 100
31 108
31 111
31 112
31 116
31 119
31 121
31 125
31 128
31 132
31 134
31 135
31 137
31 141
31 143
31 148
31 149
31 152
31 153
31 156
31 157
31 158
31 161
31 164
31 166
31 170
31 175
31 177
31 178
31 184
31 187
31 189
32 34
32 35
32 37
32 38
32 40
32 43
32 44
32 51
32 56
32 57
32 59
32 60
32 62
32 63
32 68
32 69
32 70
32 72
32 73
32 75
32 77
32 81
32 83
32 89
32 92
32 93
32 97
32 99
32 106
32 109
32 110
32 112
32 116
32 123
32 126
32 127
32 135
32 136
32 137
32 138
32 143
32 146
32 147
32 150
32 153
32 156
32 162
32 163
32 166
32 168
32 169
32 170
32 171
32 172
32 173
32 174
32 176
32 177
32 179
32 180
32 181
32 182
32 185
32 187
32 188
32 189
33 35
33 39
33 41
33 46
33 48
33 49
33 52
33 53
33 54
33 55
33 57
33 58
33 61
33 68
33 69
33 71
33 73
33 74
33 79
33 83
33 84
33 85
33 87
33 89
33 90
33 91
33 93
33 94
33 99
33 101
33 102
33 103
33 109
33 110
33 112
33 113
33 114
33 117
33 119
33 120
33 126
33 131
33 132
33 134
33 135
33 139
33 140
33 142
33 146
33 147
33 149
33 154
33 157
33 159
33 160
33 163
33 166
33 168
33 171
33 176
33 177
33 179
33 182
33 183
33 184
34 36
34 37
34 38
34 40
34 41
34 43
34 46
34 47
34 48
34 50
34 53
34 54
34 56
34 59
34 60
34 61
34 62
34 63
34 64
34 66
34 69
34 70
34 71
34 73
34 76
34 78
34 79
34 81
34 89
34 92
34 93
34 95
34 96
34 97
34 98
34 100
34 102
34 108
34 110
34 114
34 116
34 117
34 126
34 132
34 133
34 134
34 139
34 141
34 142
34 143
34 145
34 148
34 150
34 152
34 153
34 156
34 158
34 159
34 162
34 166
34 167
34 171
34 172
34 174
34 175
34 177
34 179
34 180
34 182
34 183
35 38
35 39
35 41
35 46
35 51
35 56
35 62
35 64
35 65
35 66
35 67
35 70
35 74
35 78
35 82
35 83
35 86
35 87
35 89
35 94
35 95
35 98
35 103
35 105
35 106
35 107
35 110
35 111
35 117
35 118
35 119
35 120
35 122
35 123
35 124
35 125
35 126
35 127
35 128
35 132
35 133
35 137
35 143
35 144
35 146
35 147
35 148
35 150
35 153
35 156
35 158
35 161
35 168
35 169
35 175
35 176
35 180
35 181
35 182
35 184
35 189
36 37
36 39
36 41
36 42
36 49
36 51
36 52
36 53
36 56
36 62
36 63
36 64
36 67
36 68
36 73
36 77
36 81
36 83
36 86
36 91
36 94
36 99
36 100
36 101
36 102
36 104
36 108
36 110
36 112
36 114
36 115
36 117
36 118
36 119
36 120
36 123
36 124
36 125
36 133
36 135
36 136
36 139
36 140
36 142
36 143
36 144
36 145
36 147
36 151
36 152
36 153
36 156
36 158
36 163
36 165
36 166
36 168
36 169
36 170
36 171
36 172
36 173
36 175
36 176
36 177
36 178
36 180
36 181
36 182
36 183
36 184
37 39
37 43
37 45
37 51
37 57
37 61
37 63
37 64
37 65
37 67
37 71
37 81
37 83
37 88
37 89
37 90
37 94
37 95
37 97
37 99
37 100
37 102
37 105
37 110
37 111
37 114
37 115
37 116
37 117
37 118
37 119
37 123
37 124
37 127
37 128
37 129
37 130
37 134
37 138
37 140
37 141
37 143
37 144
37 146
37 148
37 151
37 154
37 163
37 165
37 166
37 169
37 170
37 171
37 174
37 179
37 185
37 186
38 41
38 42
38 45
38 52
38 56
38 57
38 60
38 68
38 69
38 70
38 74
38 79
38 80
38 88
38 89
38 91
38 92
38 96
38 98
38 99
38 100
38 102
38 103
38 104
38 112
38 115
38 116
38 117
38 118
38 119
38 120
38 121
38 123
38 125
38 126
38 128
38 130
38 133
38 137
38 138
38 147
38 151
38 152
38 153
38 155
38 156
38 157
38 159
38 163
38 166
38 168
38 170
38 174
38 177
38 179
38 181
38 183
38 184
38 188
38 189
39 43
39 45
39 49
39 50
39 51
39 53
39 54
39 55
39 56
39 58
39 59
39 63
39 64
39 70
39 73
39 81
39 84
39 91
39 93
39 101
39 109
39 113
39 114
39 115
39 116
39 118
39 122
39 123
39 124
39 128
39 129
39 133
39 134
39 136
39 143
39 149
39 150
39 152
39 154
39 160
39 161
39 163
39 164
39 165
39 166
39 168
39 169
39 170
39 175
39 176
39 177
39 185
39 187
39 188
40 47
40 50
40 51
40 55
40 58
40 59
40 60
40 62
40 65
40 68
40 69
40 70
40 72
40 73
40 74
40 77
40 83
40 84
40 87
40 88
40 90
40 91
40 92
40 95
40 96
40 99
40 102
40 106
40 107
40 112
40 113
40 114
40 117
40 118
40 120
40 121
40 122
40 123
40 135
40 139
40 142
40 143
40 144
40 145
40 147
40 148
40 150
40 154
40 156
40 158
40 160
40 161
40 166
40 172
40 173
40 175
40 176
40 178
40 180
40 182
40 183
40 185
40 186
40 187
40 188
41 46
41 49
41 52
41 58
41 59
41 60
41 61
41 64
41 65
41 66
41 67
41 71
41 78
41 84
41 85
41 86
41 87
41 91
41 94
41 97
41 98
41 99
41 104
41 106
41 111
41 113
41 114
41 116
41 122
41 123
41 124
41 126
41 129
41 132
41 133
41 135
41 141
41 142
41 145
41 146
41 148
41 155
41 156
41 161
41 162
41 163
41 164
41 167
41 168
41 170
41 174
41 175
41 179
41 183
41 186
41 188
42 43
42 45
42 46
42 48
42 50
42 51
42 53
42 54
42 55
42 56
42 58
42 59
42 60
42 61
42 63
42 66
42 67
42 70
42 73
42 75
42 78
42 83
42 92
42 95
42 96
42 98
42 102
42 104
42 110
42 115
42 116
42 120
42 122
42 123
42 124
42 125
42 126
42 129
42 131
42 136
42 138
42 139
42 143
42 148
42 149
42 156
42 159
42 161
42 167
42 170
42 171
42 178
42 181
42 182
42 185
42 188
43 44
43 45
43 47
43 50
43 52
43 58
43 63
43 67
43 69
43 70
43 75
43 76
43 79
43 81
43 83
43 86
43 90
43 98
43 100
43 103
43 106
43 107
43 109
43 111
43 113
43 114
43 116
43 118
43 119
43 121
43 122
43 125
43 127
43 128
43 129
43 130
43 132
43 133
43 135
43 142
43 144
43 145
43 146
43 150
43 155
43 156
43 157
43 158
43 161
43 162
43 164
43 165
43 168
43 170
43 175
43 178
43 179
43 180
43 182
43 183
43 185
43 188
44 45
44 52
44 65
44 66
44 67
44 72
44 74
44 75
44 77
44 80
44 84
44 88
44 89
44 92
44 94
44 98
44 103
44 106
44 107
44 111
44 112
44 115
44 117
44 118
44 121
44 122
44 123
44 124
44 125
44 129
44 133
44 134
44 137
44 139
44 140
44 142
44 144
44 147
44 152
44 153
44 155
44 156
44 157
44 162
44 165
44 166
44 170
44 172
44 173
44 176
44 178
44 180
44 184
44 187
45 47
45 56
45 58
45 59
45 61
45 66
45 67
45 69
45 70
45 71
45 74
45 78
45 79
45 80
45 81
45 83
45 84
45 92
45 94
45 96
45 97
45 98
45 99
45 100
45 102
45 105
45 106
45 108
45 109
45 111
45 112
45 113
45 119
45 120
45 124
45 126
45 127
45 129
45 130
45 131
45 132
45 133
45 134
45 136
45 137
45 139
45 143
45 146
45 151
45 157
45 160
45 163
45 164
45 167
45 168
45 169
45 170
45 175
45 176
45 177
45 179
45 181
45 185
45 186
45 189
46 48
46 56
46 60
46 61
46 71
46 73
46 78
46 80
46 82
46 85
46 87
46 88
46 92
46 93
46 95
46 96
46 99
46 100
46 105
46 107
46 108
46 109
46 111
46 114
46 115
46 116
46 119
46 120
46 124
46 125
46 126
46 129
46 131
46 134
46 136
46 138
46 139
46 140
46 141
46 144
46 147
46 148
46 151
46 152
46 155
46 157
46 160
46 166
46 167
46 169
46 170
46 176
46 179
46 184
47 51
47 52
47 53
47 55
47 56
47 57
47 59
47 61
47 62
47 66
47 67
47 68
47 69
47 77
47 79
47 80
47 81
47 82
47 85
47 91
47 93
47 99
47 101
47 108
47 109
47 113
47 114
47 115
47 116
47 118
47 122
47 124
47 131
47 132
47 133
47 139
47 141
47 142
47 144
47 146
47 148
47 150
47 153
47 156
47 157
47 163
47 165
47 169
47 174
47 175
47 177
47 179
47 182
47 185
47 186
47 188
47 189
48 50
48 51
48 52
48 53
48 54
48 55
48 56
48 57
48 64
48 67
48 68
48 73
48 74
48 75
48 76
48 87
48 88
48 89
48 90
48 91
48 92
48 93
48 98
48 99
48 101
48 102
48 103
48 105
48 106
48 107
48 115
48 116
48 118
48 120
48 122
48 123
48 124
48 125
48 127
48 130
48 134
48 135
48 136
48 139
48 140
48 143
48 144
48 148
48 149
48 152
48 154
48 157
48 158
48 161
48 162
48 163
48 164
48 166
48 169
48 171
48 174
48 175
48 177
48 184
48 187
48 188
49 50
49 54
49 55
49 56
49 58
49 59
49 60
49 66
49 73
49 75
49 78
49 80
49 92
49 93
49 95
49 97
49 98
49 100
49 101
49 102
49 107
49 109
49 110
49 111
49 113
49 116
49 117
49 118
49 120
49 124
49 129
49 130
49 131
49 133
49 134
49 138
49 139
49 140
49 141
49 142
49 143
49 145
49 147
49 148
49 150
49 153
49 155
49 157
49 160
49 163
49 166
49 168
49 173
49 176
49 177
49 178
49 179
49 186
49 187
49 188
49 189
50 52
50 59
50 60
50 67
50 72
50 75
50 76
50 82
50 85
50 86
50 98
50 100
50 105
50 108
50 111
50 114
50 115
50 118
50 121
50 123
50 125
50 127
50 134
50 137
50 138
50 141
50 145
50 147
50 148
50 154
50 158
50 159
50 161
50 165
50 168
50 169
50 173
50 175
50 178
50 180
50 181
50 183
50 184
50 185
50 187
50 188
50 189
51 53
51 55
51 56
51 58
51 60
51 62
51 65
51 71
51 75
51 77
51 78
51 80
51 81
51 82
51 84
51 91
51 92
51 94
51 103
51 104
51 105
51 107
51 108
51 110
51 113
51 117
51 118
51 120
51 122
51 127
51 129
51 131
51 132
51 134
51 138
51 141
51 143
51 149
51 150
51 153
51 157
51 158
51 165
51 169
51 176
51 177
51 178
51 179
51 181
51 183
51 184
51 186
51 187
52 55
52 57
52 58
52 59
52 60
52 62
52 63
52 64
52 66
52 68
52 69
52 71
52 75
52 79
52 80
52 81
52 87
52 89
52 91
52 93
52 94
52 100
52 101
52 102
52 103
52 105
52 107
52 109
52 111
52 113
52 117
52 118
52 122
52 123
52 124
52 125
52 127
52 128
52 129
52 130
52 136
52 142
52 143
52 146
52 150
52 151
52 153
52 154
52 156
52 160
52 161
52 168
52 175
52 176
52 178
52 179
53 55
53 59
53 62
53 65
53 66
53 71
53 72
53 73
53 76
53 78
53 80
53 84
53 87
53 91
53 93
53 94
53 99
53 107
53 108
53 111
53 114
53 115
53 116
53 119
53 122
53 123
53 124
53 131
53 132
53 136
53 146
53 147
53 149
53 150
53 152
53 154
53 159
53 160
53 161
53 166
53 170
53 174
53 181
53 185
53 189
54 55
54 60
54 63
54 74
54 75
54 76
54 80
54 83
54 87
54 90
54 91
54 92
54 93
54 94
54 96
54 98
54 99
54 100
54 103
54 104
54 105
54 107
54 111
54 113
54 114
54 120
54 125
54 126
54 127
54 128
54 129
54 130
54 131
54 133
54 138
54 139
54 141
54 144
54 155
54 157
54 163
54 164
54 165
54 167
54 168
54 170
54 171
54 172
54 179
54 182
55 64
55 65
55 66
55 67
55 68
55 69
55 78
55 81
55 82
55 86
55 88
55 89
55 91
55 92
55 94
55 95
55 96
55 99
55 100
55 101
55 103
55 106
55 107
55 110
55 113
55 114
55 116
55 119
55 120
55 121
55 122
55 124
55 125
55 127
55 128
55 130
55 131
55 132
55 133
55 140
55 142
55 144
55 145
55 147
55 149
55 151
55 153
55 155
55 156
55 161
55 163
55 164
55 165
55 169
55 171
55 177
55 178
55 183
55 184
55 185
55 187
55 189
56 59
56 61
56 62
56 66
56 76
56 77
56 81
56 89
56 93
56 95
56 97
56 98
56 100
56 102
56 108
56 113
56 115
56 119
56 126
56 129
56 133
56 134
56 135
56 140
56 144
56 148
56 149
56 151
56 154
56 162
56 164
56 166
56 169
56 170
56 173
56 178
56 180
56 181
56 182
56 184
56 185
56 186
56 187
57 59
57 62
57 64
57 67
57 71
57 74
57 75
57 81
57 84
57 89
57 93
57 94
57 96
57 100
57 101
57 102
57 105
57 109
57 110
57 111
57 120
57 122
57 126
57 127
57 129
57 132
57 133
57 134
57 135
57 139
57 140
57 146
57 153
57 154
57 156
57 160
57 161
57 163
57 166
57 168
57 169
57 171
57 174
57 178
57 181
57 185
57 188
58 60
58 61
58 63
58 66
58 70
58 71
58 73
58 74
58 77
58 78
58 79
58 81
58 89
58 92
58 95
58 98
58 102
58 104
58 107
58 110
58 114
58 116
58 118
58 119
58 121
58 122
58 123
58 124
58 127
58 131
58 133
58 135
58 139
58 140
58 141
58 145
58 146
58 151
58 154
58 156
58 158
58 160
58 161
58 162
58 166
58 168
58 169
58 171
58 172
58 173
58 174
58 179
58 180
58 182
58 184
58 185
58 186
58 189
59 60
59 61
59 65
59 66
59 68
59 71
59 73
59 74
59 76
59 78
59 80
59 82
59 83
59 86
59 87
59 89
59 91
59 92
59 93
59 102
59 106
59 109
59 111
59 114
59 116
59 119
59 122
59 124
59 126
59 129
59 132
59 136
59 137
59 138
59 139
59 144
59 146
59 154
59 158
59 159
59 161
59 162
59 164
59 165
59 167
59 169
59 172
59 174
59 175
59 177
59 179
59 184
59 185
59 188
60 61
60 62
60 63
60 65
60 69
60 72
60 75
60 76
60 79
60 80
60 81
60 84
60 87
60 88
60 89
60 90
60 94
60 95
60 96
60 98
60 100
60 110
60 118
60 119
60 123
60 126
60 128
60 132
60 134
60 135
60 136
60 138
60 139
60 145
60 153
60 154
60 162
60 163
60 164
60 165
60 169
60 171
60 173
60 175
60 179
60 180
60 185
60 187
61 62
61 64
61 66
61 72
61 76
61 77
61 79
61 82
61 85
61 86
61 88
61 89
61 90
61 94
61 95
61 96
61 98
61 109
61 120
61 122
61 124
61 126
61 128
61 131
61 136
61 137
61 140
61 142
61 144
61 147
61 148
61 153
61 154
61 156
61 158
61 160
61 161
61 162
61 164
61 165
61 174
61 178
61 179
61 181
61 182
61 184
61 185
61 186
61 188
62 64
62 68
62 74
62 75
62 76
62 82
62 88
62 89
62 91
62 92
62 94
62 96
62 99
62 101
62 102
62 110
62 111
62 112
62 114
62 115
62 116
62 117
62 118
62 120
62 121
62 125
62 130
62 131
62 139
62 140
62 141
62 144
62 146
62 147
62 148
62 149
62 155
62 156
62 157
62 160
62 161
62 162
62 172
62 175
62 179
62 182
62 183
62 186
63 67
63 69
63 70
63 75
63 77
63 80
63 86
63 87
63 90
63 95
63 96
63 97
63 103
63 106
63 108
63 110
63 114
63 116
63 117
63 118
63 119
63 121
63 122
63 123
63 129
63 132
63 134
63 135
63 138
63 139
63 143
63 150
63 159
63 160
63 161
63 165
63 166
63 168
63 170
63 173
63 174
63 178
63 179
63 185
63 186
63 189
64 66
64 67
64 68
64 72
64 73
64 80
64 83
64 84
64 85
64 86
64 89
64 92
64 94
64 96
64 100
64 101
64 102
64 103
64 104
64 105
64 106
64 107
64 111
64 117
64 119
64 121
64 125
64 129
64 132
64 134
64 138
64 145
64 146
64 147
64 161
64 167
64 169
64 170
64 174
64 179
64 181
64 187
65 74
65 76
65 78
65 80
65 82
65 86
65 87
65 91
65 93
65 96
65 100
65 101
65 103
65 106
65 108
65 111
65 114
65 122
65 127
65 129
65 130
65 131
65 132
65 133
65 134
65 137
65 143
65 150
65 151
65 153
65 158
65 164
65 166
65 170
65 171
65 172
65 173
65 178
65 179
65 183
65 187
66 67
66 68
66 71
66 75
66 77
66 80
66 82
66 83
66 84
66 85
66 86
66 87
66 90
66 91
66 93
66 101
66 105
66 106
66 112
66 115
66 116
66 117
66 118
66 121
66 122
66 123
66 124
66 127
66 129
66 131
66 133
66 136
66 138
66 139
66 145
66 151
66 152
66 154
66 159
66 160
66 162
66 164
66 166
66 171
66 172
66 175
66 177
66 178
66 180
66 181
66 182
66 185
66 188
67 72
67 77
67 83
67 84
67 87
67 90
67 91
67 93
67 94
67 97
67 100
67 106
67 109
67 110
67 112
67 114
67 115
67 116
67 118
67 119
67 121
67 127
67 129
67 139
67 140
67 141
67 143
67 144
67 146
67 149
67 151
67 154
67 155
67 159
67 163
67 164
67 167
67 168
67 169
67 174
67 175
67 177
67 182
67 185
68 74
68 77
68 80
68 81
68 86
68 97
68 100
68 103
68 104
68 105
68 109
68 111
68 112
68 114
68 116
68 118
68 120
68 121
68 123
68 129
68 131
68 132
68 136
68 137
68 143
68 145
68 146
68 147
68 148
68 152
68 154
68 157
68 159
68 164
68 168
68 174
68 177
68 178
68 179
68 180
68 182
68 183
68 184
68 185
68 187
68 188
68 189
69 74
69 77
69 81
69 84
69 85
69 86
69 88
69 93
69 95
69 105
69 106
69 110
69 112
69 114
69 119
69 120
69 121
69 122
69 124
69 125
69 126
69 127
69 133
69 134
69 138
69 141
69 144
69 146
69 149
69 150
69 153
69 155
69 156
69 161
69 162
69 167
69 168
69 172
69 176
69 179
69 181
69 182
69 183
70 78
70 79
70 81
70 82
70 85
70 92
70 94
70 95
70 99
70 100
70 103
70 106
70 108
70 109
70 110
70 113
70 115
70 117
70 118
70 121
70 124
70 127
70 130
70 132
70 134
70 135
70 136
70 138
70 140
70 148
70 149
70 151
70 152
70 153
70 154
70 156
70 158
70 159
70 162
70 165
70 169
70 171
70 172
70 175
70 179
70 182
70 186
70 188
70 189
71 72
71 73
71 74
71 75
71 80
71 81
71 82
71 85
71 86
71 88
71 91
71 94
71 95
71 96
71 104
71 105
71 106
71 107
71 108
71 110
71 111
71 112
71 114
71 116
71 118
71 119
71 120
71 127
71 129
71 130
71 132
71 137
71 138
71 139
71 142
71 145
71 147
71 148
71 150
71 152
71 153
71 155
71 156
71 158
71 160
71 162
71 163
71 167
71 168
71 169
71 176
71 179
71 180
71 184
71 185
71 187
71 188
72 80
72 81
72 82
72 85
72 86
72 87
72 90
72 92
72 95
72 96
72 99
72 100
72 102
72 104
72 110
72 112
72 115
72 117
72 119
72 121
72 123
72 124
72 125
72 128
72 129
72 130
72 132
72 134
72 139
72 151
72 153
72 155
72 158
72 162
72 166
72 168
72 170
72 171
72 172
72 175
72 176
72 178
72 181
72 184
72 189
73 74
73 78
73 79
73 84
73 89
73 90
73 91
73 94
73 96
73 99
73 101
73 102
73 111
73 113
73 114
73 115
73 117
73 118
73 122
73 128
73 130
73 131
73 136
73 137
73 139
73 140
73 144
73 145
73 146
73 147
73 151
73 152
73 153
73 155
73 156
73 157
73 160
73 161
73 162
73 164
73 167
73 170
73 174
73 181
73 182
73 184
73 186
73 188
74 77
74 79
74 82
74 86
74 87
74 89
74 100
74 102
74 109
74 114
74 115
74 118
74 119
74 120
74 121
74 123
74 125
74 127
74 128
74 139
74 142
74 144
74 145
74 147
74 149
74 150
74 152
74 153
74 159
74 164
74 166
74 168
74 169
74 170
74 174
74 177
74 178
74 185
75 77
75 78
75 79
75 81
75 85
75 86
75 87
75 88
75 91
75 96
75 99
75 101
75 102
75 106
75 112
75 114
75 115
75 116
75 119
75 123
75 127
75 128
75 132
75 138
75 141
75 146
75 147
75 149
75 152
75 155
75 158
75 163
75 164
75 165
75 167
75 168
75 175
75 177
75 180
75 184
75 185
75 189
76 80
76 84
76 85
76 87
76 88
76 93
76 95
76 98
76 105
76 109
76 112
76 116
76 119
76 120
76 124
76 126
76 127
76 128
76 130
76 132
76 135
76 137
76 142
76 143
76 149
76 150
76 151
76 158
76 160
76 169
76 170
76 171
76 174
76 176
76 177
76 181
76 183
76 187
77 83
77 84
77 85
77 86
77 88
77 90
77 92
77 95
77 100
77 101
77 102
77 103
77 108
77 111
77 112
77 114
77 115
77 116
77 118
77 119
77 121
77 122
77 123
77 126
77 127
77 128
77 130
77 131
77 132
77 138
77 139
77 144
77 146
77 148
77 149
77 153
77 155
77 157
77 159
77 161
77 166
77 170
77 172
77 179
77 182
77 187
77 188
77 189
78 87
78 90
78 94
78 96
78 97
78 108
78 110
78 114
78 116
78 117
78 120
78 123
78 124
78 127
78 131
78 132
78 133
78 134
78 135
78 137
78 140
78 141
78 142
78 144
78 145
78 149
78 150
78 151
78 159
78 160
78 164
78 165
78 166
78 168
78 172
78 173
78 176
78 181
78 182
78 183
78 187
78 189
79 81
79 89
79 91
79 93
79 96
79 99
79 102
79 103
79 109
79 111
79 113
79 120
79 125
79 128
79 131
79 134
79 137
79 139
79 141
79 145
79 149
79 151
79 152
79 153
79 166
79 169
79 176
79 178
79 182
79 183
79 184
79 186
80 83
80 86
80 99
80 102
80 105
80 108
80 112
80 115
80 116
80 119
80 120
80 122
80 124
80 125
80 129
80 133
80 135
80 141
80 142
80 152
80 155
80 162
80 165
80 169
80 170
80 175
80 176
80 179
80 183
80 185
80 186
80 187
80 188
81 86
81 87
81 88
81 90
81 92
81 94
81 96
81 97
81 98
81 100
81 101
81 102
81 106
81 108
81 110
81 113
81 115
81 121
81 124
81 125
81 126
81 128
81 129
81 133
81 134
81 135
81 137
81 139
81 141
81 144
81 146
81 147
81 150
81 151
81 153
81 156
81 157
81 164
81 166
81 171
81 173
81 174
81 178
81 179
81 180
81 187
82 88
82 89
82 90
82 91
82 93
82 94
82 95
82 98
82 101
82 102
82 106
82 108
82 109
82 116
82 117
82 118
82 120
82 123
82 124
82 125
82 126
82 128
82 130
82 131
82 132
82 134
82 136
82 140
82 142
82 143
82 144
82 145
82 148
82 152
82 154
82 155
82 157
82 160
82 162
82 163
82 164
82 169
82 170
82 181
82 182
82 185
82 188
82 189
83 86
83 87
83 88
83 93
83 99
83 101
83 103
83 104
83 105
83 108
83 110
83 114
83 118
83 119
83 120
83 121
83 124
83 127
83 130
83 131
83 136
83 137
83 138
83 139
83 143
83 147
83 151
83 152
83 153
83 157
83 160
83 161
83 164
83 168
83 169
83 170
83 172
83 174
83 175
83 179
83 181
83 184
83 186
84 85
84 88
84 90
84 91
84 93
84 96
84 97
84 98
84 100
84 101
84 102
84 104
84 105
84 106
84 107
84 110
84 111
84 112
84 114
84 115
84 116
84 118
84 123
84 126
84 131
84 133
84 134
84 138
84 139
84 140
84 142
84 145
84 146
84 150
84 151
84 152
84 154
84 157
84 160
84 161
84 164
84 165
84 167
84 168
84 169
84 171
84 176
84 178
84 180
84 182
84 183
84 184
84 186
84 187
84 188
85 87
85 89
85 90
85 91
85 95
85 98
85 99
85 102
85 105
85 106
85 107
85 108
85 111
85 113
85 115
85 120
85 121
85 123
85 126
85 127
85 129
85 131
85 136
85 138
85 139
85 140
85 143
85 144
85 145
85 146
85 153
85 163
85 165
85 166
85 169
85 170
85 171
85 173
85 177
85 179
85 180
85 187
85 188
86 87
86 90
86 91
86 95
86 103
86 104
86 105
86 110
86 111
86 112
86 116
86 118
86 121
86 123
86 132
86 134
86 135
86 136
86 139
86 142
86 145
86 146
86 147
86 148
86 149
86 151
86 153
86 154
86 157
86 161
86 163
86 167
86 168
86 170
86 171
86 174
86 176
86 177
86 181
86 182
86 183
86 186
86 187
86 188
87 88
87 89
87 92
87 96
87 98
87 103
87 104
87 106
87 107
87 109
87 111
87 114
87 116
87 118
87 121
87 124
87 125
87 131
87 132
87 133
87 138
87 139
87 140
87 143
87 144
87 147
87 149
87 154
87 157
87 160
87 161
87 162
87 164
87 165
87 166
87 167
87 169
87 170
87 173
87 175
87 178
87 180
87 182
87 188
88 89
88 91
88 92
88 93
88 98
88 101
88 102
88 103
88 105
88 106
88 110
88 113
88 115
88 119
88 120
88 121
88 122
88 123
88 127
88 130
88 131
88 134
88 135
88 139
88 140
88 141
88 143
88 144
88 146
88 149
88 151
88 152
88 153
88 161
88 166
88 170
88 172
88 181
88 183
88 184
88 187
88 188
89 90
89 91
89 93
89 101
89 102
89 108
89 111
89 113
89 117
89 122
89 123
89 125
89 127
89 129
89 136
89 137
89 140
89 142
89 143
89 146
89 148
89 149
89 151
89 152
89 157
89 158
89 159
89 161
89 163
89 170
89 172
89 174
89 176
89 177
89 178
89 179
89 180
89 181
89 186
89 187
90 92
90 99
90 100
90 102
90 106
90 109
90 112
90 117
90 118
90 123
90 124
90 129
90 133
90 134
90 135
90 136
90 137
90 139
90 142
90 144
90 145
90 146
90 149
90 151
90 152
90 156
90 158
90 159
90 160
90 161
90 162
90 163
90 166
90 169
90 170
90 171
90 173
90 175
90 176
90 179
90 182
90 183
90 184
91 92
91 94
91 97
91 103
91 105
91 107
91 108
91 111
91 116
91 117
91 118
91 120
91 122
91 123
91 125
91 127
91 131
91 136
91 140
91 142
91 144
91 152
91 154
91 157
91 162
91 163
91 167
91 169
91 171
91 177
91 185
91 186
92 96
92 99
92 101
92 105
92 110
92 113
92 116
92 117
92 118
92 119
92 122
92 130
92 131
92 138
92 139
92 140
92 145
92 147
92 148
92 149
92 152
92 154
92 156
92 159
92 160
92 162
92 163
92 164
92 167
92 171
92 173
92 174
92 176
92 183
92 185
92 186
92 187
93 94
93 95
93 96
93 101
93 102
93 103
93 104
93 105
93 108
93 111
93 113
93 114
93 116
93 119
93 120
93 122
93 130
93 131
93 134
93 139
93 141
93 145
93 147
93 150
93 152
93 153
93 157
93 158
93 162
93 164
93 165
93 169
93 171
93 173
93 174
93 177
93 181
93 183
93 184
93 186
93 187
94 95
94 99
94 101
94 102
94 104
94 107
94 109
94 110
94 111
94 117
94 118
94 119
94 120
94 121
94 122
94 124
94 126
94 129
94 130
94 133
94 136
94 138
94 139
94 141
94 142
94 144
94 145
94 147
94 148
94 149
94 153
94 155
94 168
94 170
94 171
94 173
94 179
94 180
94 182
94 185
94 187
94 189
95 97
95 98
95 100
95 102
95 105
95 106
95 107
95 111
95 112
95 115
95 118
95 119
95 122
95 123
95 126
95 128
95 131
95 133
95 135
95 142
95 145
95 146
95 147
95 148
95 149
95 150
95 151
95 152
95 159
95 160
95 161
95 163
95 166
95 168
95 169
95 173
95 175
95 178
95 186
95 187
96 98
96 101
96 102
96 105
96 106
96 107
96 108
96 111
96 113
96 115
96 118
96 130
96 134
96 136
96 137
96 143
96 147
96 152
96 153
96 154
96 155
96 157
96 161
96 162
96 165
96 168
96 169
96 174
96 177
96 184
96 185
96 186
97 99
97 100
97 104
97 106
97 107
97 110
97 118
97 119
97 126
97 127
97 128
97 129
97 131
97 135
97 136
97 137
97 138
97 139
97 141
97 142
97 147
97 153
97 155
97 157
97 158
97 161
97 165
97 168
97 173
97 174
97 176
97 179
97 180
97 181
97 182
97 186
97 187
97 188
98 99
98 108
98 109
98 110
98 112
98 119
98 121
98 122
98 127
98 129
98 130
98 133
98 134
98 135
98 138
98 143
98 144
98 145
98 149
98 150
98 152
98 155
98 157
98 160
98 164
98 166
98 167
98 170
98 171
98 172
98 174
98 176
98 178
98 179
98 183
98 184
98 185
99 104
99 105
99 106
99 110
99 112
99 115
99 116
99 119
99 123
99 127
99 128
99 129
99 133
99 134
99 135
99 136
99 137
99 140
99 141
99 142
99 144
99 146
99 147
99 151
99 152
99 154
99 155
99 164
99 168
99 169
99 171
99 174
99 176
99 180
99 184
99 185
99 186
99 188
99 189
100 102
100 104
100 107
100 109
100 111
100 114
100 115
100 124
100 125
100 128
100 130
100 132
100 133
100 135
100 136
100 137
100 144
100 146
100 148
100 152
100 154
100 158
100 159
100 161
100 165
100 168
100 169
100 170
100 176
100 181
100 187
100 188
100 189
101 106
101 108
101 109
101 110
101 113
101 114
101 120
101 123
101 127
101 130
101 131
101 137
101 144
101 149
101 152
101 157
101 159
101 160
101 161
101 165
101 166
101 170
101 172
101 173
101 176
101 177
101 178
101 181
101 182
101 186
102 104
102 105
102 106
102 107
102 109
102 111
102 118
102 122
102 123
102 124
102 125
102 126
102 130
102 141
102 143
102 145
102 151
102 152
102 153
102 154
102 158
102 159
102 160
102 161
102 165
102 168
102 169
102 173
102 174
102 177
102 178
102 179
102 184
102 185
103 113
103 114
103 116
103 118
103 119
103 120
103 125
103 126
103 127
103 128
103 131
103 133
103 134
103 135
103 136
103 138
103 139
103 140
103 148
103 152
103 155
103 156
103 157
103 158
103 159
103 160
103 164
103 166
103 167
103 168
103 170
103 171
103 172
103 176
103 178
103 183
103 184
103 186
104 105
104 106
104 111
104 112
104 115
104 119
104 124
104 126
104 129
104 130
104 131
104 132
104 135
104 137
104 141
104 142
104 143
104 148
104 149
104 155
104 157
104 162
104 164
104 167
104 168
104 169
104 171
104 172
104 173
104 180
104 182
104 185
104 188
105 107
105 108
105 110
105 115
105 116
105 117
105 122
105 127
105 128
105 130
105 132
105 137
105 140
105 143
105 145
105 148
105 150
105 151
105 152
105 159
105 161
105 162
105 166
105 167
105 168
105 169
105 171
105 173
105 183
105 185
105 187
105 188
106 107
106 109
106 110
106 112
106 114
106 116
106 117
106 118
106 120
106 121
106 122
106 126
106 129
106 130
106 140
106 141
106 147
106 150
106 152
106 155
106 156
106 158
106 159
106 160
106 161
106 164
106 165
106 166
106 167
106 169
106 175
106 177
106 180
106 188
107 110
107 112
107 114
107 115
107 117
107 118
107 119
107 120
107 123
107 126
107 128
107 129
107 131
107 132
107 134
107 136
107 137
107 142
107 150
107 157
107 160
107 161
107 165
107 171
107 174
107 176
107 179
107 184
107 187
107 188
107 189
108 109
108 110
108 111
108 112
108 115
108 117
108 118
108 120
108 123
108 124
108 125
108 127
108 128
108 136
108 137
108 145
108 147
108 148
108 151
108 155
108 158
108 161
108 162
108 165
108 167
108 169
108 170
108 172
108 173
108 177
108 180
108 181
108 183
108 188
109 110
109 112
109 114
109 116
109 121
109 124
109 126
109 128
109 130
109 136
109 141
109 146
109 153
109 156
109 157
109 164
109 168
109 169
109 173
109 174
109 177
109 184
109 189
110 111
110 117
110 123
110 125
110 128
110 130
110 131
110 135
110 136
110 144
110 145
110 146
110 147
110 151
110 152
110 153
110 154
110 158
110 159
110 164
110 167
110 169
110 174
110 175
110 177
110 180
110 182
111 114
111 117
111 125
111 127
111 129
111 134
111 137
111 146
111 149
111 151
111 152
111 157
111 158
111 160
111 161
111 164
111 166
111 167
111 168
111 170
111 172
111 174
111 176
111 177
111 178
111 179
111 181
111 183
111 184
111 187
111 188
111 189
112 114
112 115
112 116
112 118
112 122
112 124
112 126
112 127
112 129
112 139
112 140
112 142
112 144
112 145
112 147
112 149
112 152
112 153
112 154
112 155
112 156
112 161
112 163
112 164
112 166
112 169
112 171
112 173
112 177
112 180
112 185
112 187
112 188
112 189
113 115
113 120
113 122
113 127
113 128
113 130
113 136
113 137
113 138
113 141
113 144
113 145
113 146
113 147
113 150
113 151
113 152
113 153
113 162
113 164
113 165
113 171
113 172
113 174
113 177
113 183
113 185
113 188
114 115
114 116
114 117
114 118
114 120
114 125
114 127
114 128
114 129
114 130
114 136
114 140
114 141
114 146
114 148
114 153
114 157
114 162
114 165
114 166
114 171
114 175
114 177
114 182
114 183
114 184
114 186
115 116
115 122
115 123
115 124
115 127
115 128
115 130
115 132
115 135
115 136
115 139
115 141
115 142
115 146
115 151
115 154
115 155
115 156
115 158
115 160
115 161
115 162
115 164
115 165
115 169
115 170
115 173
115 176
115 178
115 179
115 181
115 183
115 184
115 185
115 187
116 118
116 119
116 121
116 122
116 123
116 125
116 126
116 128
116 130
116 131
116 137
116 138
116 139
116 141
116 143
116 145
116 147
116 154
116 155
116 157
116 158
116 167
116 168
116 169
116 170
116 174
116 175
116 176
116 179
116 181
116 182
116 187
116 189
117 119
117 124
117 129
117 131
117 132
117 136
117 137
117 138
117 139
117 140
117 141
117 143
117 147
117 149
117 150
117 151
117 152
117 153
117 154
117 155
117 156
117 158
117 159
117 160
117 161
117 162
117 164
117 166
117 168
117 169
117 170
117 172
117 175
117 176
117 182
117 184
117 189
118 124
118 125
118 130
118 134
118 141
118 142
118 143
118 144
118 148
118 157
118 161
118 162
118 163
118 164
118 167
118 170
118 172
118 177
118 180
118 183
118 186
118 187
119 130
119 131
119 134
119 135
119 140
119 142
119 146
119 149
119 151
119 153
119 155
119 156
119 161
119 162
119 170
119 172
119 174
119 175
119 178
119 179
119 183
119 187
120 126
120 133
120 136
120 137
120 138
120 140
120 143
120 145
120 148
120 149
120 157
120 159
120 160
120 162
120 164
120 165
120 166
120 173
120 181
120 183
120 184
120 185
121 122
121 126
121 128
121 129
121 131
121 136
121 137
121 142
121 147
121 150
121 154
121 159
121 161
121 163
121 165
121 168
121 171
121 174
121 175
121 178
121 179
121 181
121 189
122 123
122 124
122 134
122 135
122 137
122 138
122 140
122 141
122 142
122 147
122 149
122 150
122 151
122 152
122 153
122 155
122 157
122 158
122 161
122 163
122 165
122 167
122 168
122 169
122 174
122 176
122 180
122 181
122 182
122 183
122 185
122 186
123 124
123 127
123 128
123 130
123 132
123 135
123 136
123 138
123 139
123 140
123 145
123 148
123 150
123 152
123 153
123 160
123 164
123 169
123 175
123 177
123 183
123 184
123 186
123 187
123 188
124 130
124 132
124 141
124 156
124 157
124 159
124 166
124 169
124 172
124 174
124 178
124 179
124 183
124 187
125 126
125 128
125 130
125 131
125 132
125 136
125 140
125 141
125 143
125 144
125 160
125 162
125 165
125 166
125 167
125 175
125 177
125 180
125 189
126 127
126 129
126 134
126 138
126 139
126 140
126 143
126 146
126 151
126 154
126 156
126 167
126 168
126 169
126 171
126 177
126 178
126 182
126 186
126 187
126 188
127 128
127 129
127 133
127 135
127 137
127 142
127 145
127 148
127 149
127 150
127 151
127 152
127 153
127 154
127 159
127 161
127 162
127 163
127 164
127 165
127 168
127 172
127 174
127 175
127 177
127 188
128 129
128 135
128 137
128 138
128 142
128 145
128 147
128 148
128 149
128 150
128 151
128 152
128 157
128 159
128 160
128 161
128 163
128 165
128 166
128 173
128 178
128 180
128 182
128 185
129 131
129 132
129 134
129 137
129 138
129 140
129 143
129 145
129 151
129 152
129 156
129 163
129 164
129 166
129 167
129 168
129 171
129 172
129 175
129 179
129 180
129 181
129 183
129 185
129 187
130 131
130 134
130 135
130 137
130 139
130 140
130 142
130 143
130 145
130 147
130 148
130 149
130 152
130 153
130 156
130 157
130 165
130 166
130 169
130 171
130 172
130 174
130 175
130 177
130 180
130 186
130 187
130 189
131 132
131 133
131 136
131 141
131 143
131 144
131 147
131 148
131 151
131 152
131 156
131 157
131 159
131 160
131 161
131 162
131 163
131 164
131 167
131 168
131 170
131 172
131 173
131 176
131 177
131 180
131 185
131 186
131 187
131 188
132 137
132 141
132 142
132 144
132 150
132 152
132 153
132 154
132 155
132 157
132 158
132 161
132 162
132 163
132 164
132 165
132 167
132 169
132 170
132 172
132 173
132 174
132 175
132 176
132 179
132 183
132 189
133 135
133 136
133 137
133 141
133 142
133 144
133 148
133 150
133 152
133 153
133 154
133 157
133 160
133 161
133 163
133 164
133 167
133 168
133 169
133 172
133 173
133 174
133 175
133 176
133 186
133 187
134 135
134 142
134 145
134 147
134 151
134 156
134 158
134 162
134 164
134 169
134 170
134 172
134 175
134 176
134 178
134 180
134 183
134 184
134 187
135 136
135 140
135 142
135 143
135 144
135 146
135 147
135 152
135 153
135 156
135 157
135 158
135 166
135 167
135 168
135 169
135 170
135 176
135 179
135 181
135 182
135 185
135 186
135 187
135 188
136 138
136 146
136 148
136 153
136 154
136 161
136 162
136 164
136 172
136 179
136 182
136 184
136 185
136 186
136 188
137 139
137 140
137 141
137 142
137 146
137 148
137 152
137 153
137 156
137 158
137 160
137 162
137 164
137 165
137 169
137 174
137 176
137 177
137 178
137 180
137 183
137 185
137 186
138 139
138 141
138 142
138 145
138 149
138 150
138 152
138 156
138 157
138 159
138 161
138 167
138 170
138 175
138 177
138 178
138 179
138 182
138 187
139 140
139 147
139 148
139 155
139 157
139 158
139 162
139 163
139 167
139 170
139 171
139 173
139 175
139 178
139 182
139 183
139 186
139 188
140 146
140 147
140 148
140 149
140 150
140 152
140 155
140 161
140 162
140 164
140 170
140 171
140 172
140 174
140 177
140 178
140 179
140 180
140 184
140 186
141 143
141 145
141 147
141 150
141 151
141 152
141 159
141 163
141 164
141 165
141 167
141 170
141 171
141 173
141 175
141 177
141 178
141 179
141 185
142 143
142 146
142 149
142 150
142 152
142 153
142 159
142 161
142 163
142 164
142 170
142 172
142 173
142 175
142 177
142 184
142 185
142 186
143 145
143 149
143 156
143 157
143 158
143 159
143 160
143 162
143 164
143 167
143 169
143 171
143 173
143 175
143 177
143 179
143 180
143 181
143 182
143 184
143 187
143 188
143 189
144 145
144 149
144 153
144 158
144 162
144 165
144 166
144 167
144 172
144 174
144 175
144 178
144 180
144 181
144 183
144 184
144 185
144 186
144 188
145 149
145 151
145 152
145 154
145 155
145 157
145 158
145 159
145 160
145 162
145 164
145 168
145 171
145 172
145 173
145 174
145 175
145 176
145 184
145 187
145 188
146 147
146 149
146 150
146 151
146 154
146 159
146 162
146 170
146 171
146 172
146 178
146 183
146 186
147 150
147 152
147 154
147 155
147 160
147 161
147 164
147 167
147 169
147 170
147 171
147 174
147 175
147 178
147 182
147 183
147 186
147 187
147 189
148 149
148 150
148 151
148 152
148 153
148 154
148 157
148 158
148 159
148 162
148 169
148 175
148 180
148 181
148 182
148 188
149 150
149 151
149 153
149 154
149 155
149 156
149 160
149 161
149 163
149 165
149 172
149 174
149 177
149 178
149 180
149 182
149 183
149 184
149 185
149 186
149 188
149 189
150 153
150 154
150 155
150 156
150 161
150 163
150 164
150 168
150 173
150 177
150 178
150 180
150 181
150 185
150 187
150 188
151 156
151 157
151 158
151 160
151 163
151 166
151 167
151 168
151 171
151 174
151 178
151 180
151 184
151 185
151 187
151 188
152 156
152 160
152 163
152 164
152 168
152 169
152 180
152 182
152 184
152 185
152 187
152 188
153 156
153 157
153 158
153 160
153 161
153 162
153 164
153 170
153 172
153 173
153 174
153 178
153 179
153 184
153 185
153 186
153 189
154 160
154 161
154 163
154 164
154 165
154 166
154 167
154 169
154 171
154 173
154 174
154 177
154 180
154 181
154 182
155 158
155 159
155 160
155 164
155 167
155 168
155 170
155 171
155 174
155 183
155 186
155 189
156 158
156 159
156 161
156 162
156 166
156 168
156 170
156 171
156 179
156 180
156 181
156 182
156 184
156 188
157 158
157 159
157 161
157 165
157 166
157 169
157 173
157 176
157 177
157 178
157 179
157 181
157 188
157 189
158 159
158 167
158 168
158 170
158 171
158 173
158 175
158 176
158 178
158 179
158 180
158 181
158 185
158 186
158 188
158 189
159 161
159 163
159 164
159 165
159 174
159 175
159 177
159 185
159 186
159 188
160 169
160 173
160 180
160 181
160 182
160 186
160 187
161 166
161 168
161 169
161 173
161 177
161 180
161 182
161 186
161 189
162 163
162 164
162 170
162 176
162 179
162 182
162 187
162 188
162 189
163 164
163 167
163 177
163 179
163 180
164 167
164 171
164 176
164 179
164 187
164 189
165 170
165 171
165 173
165 178
165 181
165 183
165 184
165 189
166 174
166 175
166 179
166 182
167 168
167 170
167 171
167 174
167 180
167 182
167 187
167 188
167 189
168 169
168 172
168 174
168 176
168 179
168 180
168 181
168 182
168 186
168 187
168 188
169 171
169 172
169 173
169 174
169 177
169 178
169 180
169 181
169 187
170 174
170 180
170 183
170 184
170 185
170 186
170 188
170 189
171 174
171 178
171 179
171 181
171 185
171 186
172 175
172 176
172 179
172 181
172 182
172 187
173 177
173 183
173 184
173 186
174 177
174 178
174 180
174 181
174 183
174 185
174 186
174 188
174 189
175 178
175 179
175 182
175 186
175 188
176 178
176 183
176 184
176 185
176 186
177 180
177 181
177 183
177 184
178 180
178 181
178 182
178 184
178 186
178 188
178 189
179 180
179 181
179 182
179 187
180 182
180 183
180 185
180 187
180 188
181 182
181 185
181 188
181 189
182 183
182 186
182 187
183 186
183 188
184 187
184 189
188 189
142 22 31 63 42 7 151 100 27 34 101 74 51 79 133 158 93 15 45
186 162 25 88 94 97 187 137 154 8 2 20 46 123 4 127 105 167 173
86 145 117 66 188 23 171 81 52 44 84 41 14 16 161 73 182 35 87
164 166 169 129 148 29 39 3 85 153 92 6 26 157 10 189 65 19 165
75 71 122 159 90 141 61 78 32 72 48 24 155 49 185 98 143 5 68
115 62 106 134 58 18 168 37 184 156 139 130 116 107 59 95 67 178 102
119 174 135 36 56 146 12 21 38 110 9 91 121 1 28 77 150 170 55
177 89 40 111 104 99 149 64 83 114 76 132 112 57 128 108 69 82 172
47 181 163 30 152 70 13 125 113 138 50 96 118 54 147 109 43 126 131
180 120 136 183 140 60 53 11 124 175 176 160 80 0 33 144 17 103 179
