100
2508
5
52.18
19.5
24.55
74.86
48.12
0 1
0 2
0 4
0 11
0 13
0 15
0 18
0 19
0 20
0 22
0 23
0 27
0 28
0 29
0 30
0 32
0 33
0 34
0 35
0 37
0 39
0 40
0 41
0 42
0 44
0 46
0 47
0 48
0 51
0 52
0 53
0 54
0 55
0 56
0 57
0 58
0 60
0 64
0 65
0 67
0 70
0 71
0 72
0 73
0 75
0 78
0 80
0 82
0 83
0 86
0 88
0 89
0 90
0 91
0 92
0 93
0 94
0 97
0 98
1 3
1 4
1 5
1 6
1 8
1 10
1 12
1 14
1 15
1 17
1 19
1 25
1 26
1 31
1 32
1 33
1 34
1 35
1 38
1 45
1 47
1 49
1 50
1 53
1 59
1 63
1 67
1 68
1 69
1 70
1 72
1 73
1 78
1 80
1 83
1 88
1 90
1 91
1 92
1 96
1 97
1 99
2 3
2 4
2 6
2 7
2 8
2 10
2 11
2 12
2 14
2 15
2 18
2 19
2 20
2 22
2 24
2 25
2 27
2 28
2 29
2 31
2 32
2 33
2 34
2 38
2 39
2 46
2 50
2 54
2 55
2 56
2 60
2 61
2 62
2 63
2 65
2 66
2 68
2 69
2 71
2 73
2 76
2 77
2 84
2 86
2 90
2 93
2 94
2 96
2 97
2 98
3 7
3 9
3 10
3 12
3 13
3 16
3 17
3 18
3 19
3 21
3 24
3 26
3 29
3 31
3 32
3 33
3 34
3 36
3 38
3 40
3 43
3 45
3 47
3 50
3 51
3 53
3 54
3 55
3 56
3 58
3 59
3 60
3 63
3 64
3 66
3 70
3 73
3 74
3 77
3 89
3 90
3 92
3 93
4 7
4 17
4 21
4 22
4 23
4 24
4 26
4 27
4 30
4 31
4 32
4 33
4 35
4 36
4 37
4 38
4 40
4 41
4 42
4 49
4 50
4 51
4 53
4 54
4 55
4 56
4 60
4 62
4 63
4 64
4 65
4 70
4 76
4 77
4 79
4 81
4 83
4 86
4 88
4 90
4 91
4 92
4 97
4 98
4 99
5 6
5 10
5 14
5 17
5 21
5 22
5 23
5 24
5 25
5 26
5 27
5 28
5 29
5 35
5 38
5 41
5 42
5 46
5 47
5 49
5 51
5 52
5 54
5 56
5 59
5 61
5 64
5 65
5 67
5 68
5 72
5 74
5 75
5 80
5 83
5 89
5 90
5 91
5 93
5 95
5 96
5 98
5 99
6 9
6 10
6 13
6 16
6 18
6 19
6 21
6 27
6 28
6 31
6 32
6 34
6 35
6 36
6 38
6 39
6 41
6 45
6 47
6 51
6 54
6 56
6 57
6 59
6 61
6 62
6 65
6 67
6 69
6 71
6 73
6 74
6 75
6 76
6 77
6 81
6 82
6 83
6 84
6 85
6 86
6 88
6 89
6 90
6 92
6 93
6 94
6 95
6 96
6 98
6 99
7 9
7 12
7 14
7 15
7 16
7 19
7 22
7 24
7 28
7 31
7 32
7 33
7 36
7 38
7 42
7 44
7 45
7 46
7 47
7 50
7 51
7 53
7 54
7 59
7 62
7 65
7 68
7 69
7 70
7 71
7 74
7 79
7 80
7 81
7 84
7 86
7 87
7 89
7 92
7 93
7 94
7 95
7 98
7 99
8 9
8 10
8 11
8 13
8 14
8 17
8 19
8 24
8 25
8 26
8 27
8 28
8 31
8 32
8 35
8 37
8 39
8 43
8 47
8 48
8 55
8 56
8 58
8 59
8 63
8 65
8 66
8 72
8 73
8 74
8 77
8 79
8 82
8 84
8 85
8 86
8 89
8 95
8 96
8 97
9 14
9 16
9 17
9 18
9 20
9 22
9 23
9 24
9 25
9 31
9 33
9 34
9 35
9 39
9 40
9 43
9 45
9 46
9 49
9 52
9 53
9 54
9 57
9 60
9 61
9 63
9 65
9 66
9 68
9 69
9 71
9 72
9 75
9 76
9 81
9 83
9 84
9 87
9 88
9 90
9 93
9 94
9 98
10 12
10 14
10 17
10 21
10 22
10 23
10 24
10 28
10 29
10 30
10 31
10 32
10 35
10 38
10 39
10 41
10 44
10 46
10 50
10 52
10 55
10 57
10 58
10 59
10 63
10 65
10 68
10 71
10 72
10 73
10 74
10 76
10 77
10 82
10 83
10 86
10 89
10 91
10 93
10 94
10 96
10 97
10 98
11 12
11 14
11 15
11 17
11 19
11 23
11 26
11 28
11 29
11 30
11 32
11 33
11 35
11 36
11 38
11 39
11 43
11 44
11 45
11 46
11 47
11 51
11 53
11 55
11 56
11 59
11 60
11 61
11 63
11 64
11 65
11 66
11 67
11 68
11 69
11 72
11 73
11 79
11 80
11 81
11 82
11 87
11 89
11 92
11 94
11 95
11 97
11 98
11 99
12 13
12 15
12 16
12 18
12 21
12 26
12 29
12 30
12 36
12 37
12 41
12 42
12 43
12 44
12 45
12 50
12 52
12 53
12 54
12 56
12 57
12 62
12 63
12 64
12 65
12 66
12 71
12 72
12 75
12 77
12 78
12 80
12 82
12 87
12 88
12 89
12 90
12 92
12 93
12 95
12 98
13 14
13 16
13 17
13 18
13 21
13 22
13 24
13 25
13 30
13 33
13 34
13 35
13 42
13 45
13 46
13 47
13 48
13 50
13 52
13 55
13 57
13 58
13 59
13 61
13 62
13 64
13 65
13 71
13 73
13 78
13 79
13 80
13 82
13 85
13 88
13 89
13 90
13 91
13 92
13 95
13 97
14 15
14 18
14 19
14 21
14 22
14 23
14 24
14 25
14 28
14 31
14 32
14 34
14 35
14 36
14 37
14 41
14 42
14 45
14 49
14 50
14 52
14 54
14 55
14 56
14 57
14 58
14 60
14 64
14 66
14 68
14 71
14 73
14 74
14 75
14 77
14 78
14 81
14 85
14 86
14 96
14 97
14 98
14 99
15 16
15 18
15 21
15 22
15 25
15 26
15 27
15 29
15 30
15 33
15 35
15 36
15 37
15 38
15 39
15 40
15 42
15 43
15 45
15 47
15 49
15 51
15 52
15 60
15 61
15 62
15 64
15 66
15 68
15 72
15 76
15 77
15 80
15 81
15 82
15 85
15 88
15 89
15 92
15 93
15 94
15 95
15 96
16 20
16 22
16 24
16 25
16 30
16 31
16 32
16 34
16 35
16 37
16 42
16 44
16 45
16 46
16 47
16 48
16 49
16 50
16 51
16 56
16 57
16 58
16 59
16 64
16 65
16 66
16 68
16 69
16 70
16 71
16 74
16 75
16 76
16 77
16 78
16 80
16 81
16 82
16 84
16 86
16 87
16 88
16 92
16 93
16 95
16 97
16 98
16 99
17 18
17 19
17 20
17 23
17 24
17 25
17 28
17 29
17 30
17 32
17 34
17 35
17 37
17 38
17 41
17 42
17 47
17 48
17 49
17 52
17 53
17 54
17 55
17 58
17 60
17 61
17 63
17 64
17 66
17 69
17 72
17 74
17 75
17 77
17 78
17 79
17 80
17 82
17 83
17 87
17 88
17 89
17 90
17 92
17 93
17 96
17 97
17 98
18 20
18 21
18 22
18 24
18 25
18 26
18 27
18 29
18 30
18 31
18 36
18 40
18 44
18 45
18 46
18 47
18 48
18 49
18 50
18 52
18 53
18 54
18 55
18 57
18 60
18 61
18 62
18 65
18 67
18 68
18 71
18 72
18 74
18 76
18 78
18 80
18 82
18 83
18 84
18 85
18 88
18 90
18 95
18 96
18 98
19 20
19 21
19 24
19 25
19 28
19 30
19 31
19 32
19 33
19 34
19 38
19 39
19 40
19 47
19 49
19 50
19 52
19 53
19 55
19 58
19 59
19 60
19 61
19 64
19 65
19 67
19 68
19 69
19 70
19 71
19 72
19 73
19 75
19 77
19 78
19 79
19 80
19 82
19 83
19 84
19 89
19 92
19 97
20 21
20 25
20 26
20 28
20 29
20 31
20 32
20 34
20 35
20 38
20 40
20 42
20 45
20 46
20 49
20 50
20 53
20 54
20 55
20 57
20 61
20 62
20 65
20 66
20 68
20 69
20 70
20 73
20 74
20 75
20 77
20 80
20 83
20 85
20 87
20 91
20 92
20 95
20 96
20 98
21 22
21 24
21 25
21 28
21 29
21 30
21 32
21 33
21 34
21 35
21 36
21 37
21 39
21 41
21 42
21 43
21 44
21 46
21 50
21 51
21 53
21 54
21 56
21 58
21 59
21 61
21 63
21 64
21 65
21 67
21 69
21 71
21 73
21 74
21 79
21 80
21 82
21 85
21 86
21 87
21 90
21 96
21 97
21 99
22 24
22 25
22 28
22 30
22 33
22 37
22 40
22 41
22 42
22 45
22 47
22 48
22 49
22 52
22 53
22 57
22 59
22 60
22 61
22 63
22 64
22 66
22 67
22 71
22 72
22 73
22 75
22 77
22 79
22 80
22 81
22 82
22 84
22 86
22 96
22 97
22 98
22 99
23 26
23 28
23 31
23 33
23 34
23 35
23 36
23 38
23 41
23 45
23 50
23 54
23 55
23 56
23 58
23 60
23 61
23 62
23 63
23 64
23 65
23 67
23 69
23 72
23 74
23 75
23 78
23 79
23 82
23 83
23 84
23 88
23 89
23 91
23 93
23 94
23 95
23 96
23 98
24 25
24 26
24 27
24 28
24 30
24 32
24 34
24 35
24 36
24 37
24 38
24 39
24 42
24 45
24 46
24 47
24 49
24 50
24 51
24 52
24 53
24 54
24 56
24 57
24 58
24 59
24 61
24 62
24 64
24 69
24 73
24 75
24 78
24 79
24 81
24 82
24 83
24 86
24 87
24 88
24 89
24 95
25 26
25 28
25 30
25 31
25 35
25 37
25 42
25 45
25 47
25 48
25 50
25 53
25 54
25 56
25 60
25 61
25 63
25 64
25 65
25 68
25 70
25 72
25 73
25 77
25 84
25 87
25 88
25 90
25 93
25 94
25 95
25 96
25 97
26 27
26 29
26 30
26 36
26 38
26 40
26 41
26 45
26 47
26 50
26 51
26 52
26 54
26 56
26 57
26 58
26 59
26 62
26 64
26 65
26 68
26 70
26 74
26 75
26 76
26 77
26 80
26 81
26 83
26 84
26 87
26 88
26 90
26 91
26 93
26 98
27 28
27 30
27 31
27 32
27 33
27 34
27 35
27 36
27 38
27 42
27 43
27 45
27 46
27 47
27 48
27 49
27 50
27 52
27 53
27 57
27 58
27 60
27 64
27 65
27 66
27 68
27 70
27 72
27 73
27 74
27 75
27 77
27 84
27 85
27 86
27 87
27 89
27 90
27 91
27 92
27 94
27 95
27 97
27 98
28 33
28 34
28 35
28 37
28 38
28 43
28 45
28 46
28 47
28 48
28 49
28 50
28 51
28 52
28 53
28 54
28 55
28 56
28 57
28 59
28 60
28 61
28 63
28 64
28 65
28 67
28 70
28 71
28 72
28 73
28 75
28 76
28 77
28 80
28 82
28 83
28 84
28 85
28 89
28 93
28 94
28 95
28 97
28 99
29 33
29 37
29 39
29 41
29 42
29 43
29 44
29 45
29 48
29 49
29 52
29 54
29 55
29 57
29 62
29 63
29 64
29 65
29 66
29 67
29 69
29 72
29 73
29 74
29 75
29 78
29 79
29 81
29 82
29 84
29 91
29 92
29 93
29 97
29 98
30 31
30 32
30 35
30 38
30 40
30 41
30 46
30 47
30 48
30 50
30 52
30 53
30 54
30 56
30 57
30 58
30 59
30 60
30 63
30 65
30 67
30 68
30 70
30 71
30 75
30 81
30 82
30 84
30 89
30 91
30 92
30 93
30 94
30 95
30 98
31 33
31 35
31 36
31 37
31 40
31 41
31 43
31 44
31 45
31 46
31 49
31 52
31 53
31 55
31 56
31 57
31 58
31 62
31 63
31 64
31 65
31 66
31 68
31 69
31 72
31 75
31 78
31 81
31 84
31 88
31 89
31 92
31 97
32 35
32 37
32 43
32 45
32 47
32 48
32 49
32 52
32 54
32 55
32 57
32 59
32 60
32 61
32 62
32 63
32 65
32 67
32 68
32 69
32 71
32 73
32 75
32 78
32 80
32 85
32 86
32 87
32 88
32 89
32 90
32 91
32 93
32 94
32 95
32 98
33 37
33 39
33 41
33 42
33 44
33 46
33 47
33 49
33 50
33 51
33 52
33 54
33 55
33 56
33 58
33 59
33 61
33 66
33 69
33 70
33 71
33 73
33 74
33 82
33 86
33 87
33 88
33 89
33 90
33 93
33 95
33 96
33 97
33 99
34 37
34 40
34 41
34 42
34 43
34 47
34 49
34 50
34 52
34 54
34 55
34 56
34 57
34 62
34 63
34 64
34 66
34 68
34 70
34 73
34 76
34 77
34 80
34 82
34 83
34 87
34 91
34 93
34 94
35 36
35 37
35 39
35 40
35 41
35 43
35 45
35 46
35 47
35 48
35 49
35 50
35 51
35 52
35 53
35 54
35 56
35 60
35 61
35 74
35 75
35 76
35 80
35 85
35 86
35 87
35 93
35 95
35 96
35 97
35 98
35 99
36 39
36 40
36 45
36 46
36 47
36 53
36 54
36 55
36 56
36 57
36 59
36 61
36 62
36 63
36 64
36 65
36 69
36 71
36 72
36 75
36 77
36 78
36 81
36 83
36 85
36 89
36 90
36 92
36 95
37 38
37 40
37 42
37 43
37 45
37 46
37 47
37 49
37 58
37 61
37 64
37 68
37 69
37 71
37 73
37 75
37 76
37 78
37 80
37 84
37 85
37 88
37 89
37 92
37 93
37 94
37 95
37 97
37 98
37 99
38 39
38 45
38 51
38 52
38 54
38 56
38 57
38 58
38 60
38 64
38 67
38 69
38 72
38 74
38 75
38 78
38 87
38 90
38 91
38 93
38 95
38 96
38 97
39 40
39 43
39 53
39 56
39 57
39 61
39 64
39 65
39 67
39 70
39 72
39 74
39 75
39 77
39 78
39 79
39 81
39 82
39 83
39 85
39 88
39 90
39 91
39 92
39 93
39 95
39 96
39 98
39 99
40 42
40 43
40 45
40 46
40 49
40 50
40 51
40 54
40 55
40 56
40 59
40 60
40 61
40 62
40 63
40 64
40 65
40 66
40 67
40 69
40 70
40 71
40 73
40 75
40 76
40 83
40 84
40 86
40 87
40 89
40 90
40 92
40 99
41 42
41 46
41 47
41 48
41 49
41 51
41 52
41 54
41 56
41 57
41 58
41 60
41 62
41 65
41 70
41 72
41 74
41 75
41 76
41 77
41 78
41 79
41 87
41 90
41 93
41 98
42 48
42 50
42 52
42 57
42 59
42 61
42 64
42 66
42 67
42 68
42 69
42 73
42 74
42 77
42 78
42 79
42 83
42 86
42 88
42 90
42 94
42 95
42 98
43 44
43 45
43 50
43 53
43 56
43 58
43 61
43 63
43 64
43 67
43 68
43 69
43 70
43 71
43 74
43 77
43 78
43 81
43 83
43 86
43 87
43 89
43 91
43 92
43 93
43 95
43 99
44 48
44 49
44 52
44 53
44 54
44 55
44 56
44 61
44 65
44 66
44 67
44 68
44 69
44 70
44 71
44 72
44 74
44 75
44 77
44 83
44 85
44 88
44 89
44 90
44 93
44 94
44 96
45 46
45 47
45 50
45 51
45 53
45 54
45 58
45 59
45 60
45 63
45 65
45 66
45 67
45 68
45 69
45 70
45 72
45 73
45 74
45 79
45 80
45 85
45 86
45 94
45 96
45 98
45 99
46 47
46 49
46 53
46 54
46 55
46 56
46 58
46 61
46 65
46 67
46 68
46 69
46 71
46 72
46 73
46 74
46 77
46 78
46 79
46 80
46 81
46 82
46 84
46 88
46 93
46 94
46 95
46 97
47 49
47 50
47 52
47 57
47 59
47 61
47 65
47 67
47 68
47 69
47 74
47 76
47 77
47 80
47 84
47 86
47 88
47 91
47 92
47 94
47 95
47 99
48 49
48 53
48 55
48 56
48 57
48 60
48 61
48 62
48 65
48 66
48 67
48 70
48 71
48 75
48 76
48 79
48 80
48 82
48 83
48 85
48 88
48 89
48 91
48 94
48 96
48 97
48 98
49 53
49 54
49 55
49 56
49 60
49 61
49 62
49 67
49 69
49 73
49 75
49 77
49 78
49 79
49 80
49 83
49 84
49 85
49 86
49 87
49 88
49 91
49 92
49 93
49 95
49 97
49 98
49 99
50 53
50 54
50 56
50 59
50 60
50 63
50 64
50 65
50 67
50 68
50 69
50 73
50 75
50 80
50 82
50 84
50 85
50 86
50 89
50 93
50 94
50 96
50 99
51 52
51 53
51 54
51 60
51 62
51 65
51 66
51 68
51 71
51 72
51 73
51 75
51 77
51 81
51 83
51 84
51 86
51 87
51 88
51 89
51 91
51 92
51 94
51 97
51 99
52 54
52 62
52 63
52 64
52 66
52 67
52 70
52 73
52 75
52 76
52 77
52 78
52 79
52 80
52 82
52 84
52 85
52 86
52 87
52 88
52 89
52 90
52 91
52 95
52 96
52 98
52 99
53 54
53 56
53 57
53 58
53 61
53 62
53 65
53 68
53 71
53 73
53 76
53 77
53 79
53 80
53 83
53 87
53 89
53 91
53 94
53 96
54 55
54 56
54 57
54 60
54 61
54 62
54 63
54 65
54 66
54 69
54 71
54 72
54 74
54 76
54 77
54 78
54 79
54 81
54 82
54 84
54 85
54 87
54 88
54 91
54 92
54 93
54 94
54 95
54 96
54 97
54 98
55 57
55 59
55 70
55 71
55 72
55 73
55 78
55 79
55 80
55 81
55 82
55 85
55 86
55 87
55 88
55 93
55 94
55 95
55 98
55 99
56 57
56 59
56 60
56 61
56 62
56 64
56 66
56 73
56 74
56 82
56 83
56 86
56 87
56 89
56 90
56 91
56 92
56 97
57 59
57 61
57 62
57 65
57 66
57 68
57 69
57 76
57 77
57 78
57 80
57 82
57 83
57 84
57 85
57 86
57 89
57 92
57 94
57 98
57 99
58 63
58 64
58 65
58 66
58 69
58 70
58 71
58 72
58 73
58 75
58 76
58 79
58 82
58 83
58 86
58 88
58 90
58 91
58 95
58 96
58 97
58 99
59 63
59 65
59 66
59 67
59 69
59 70
59 72
59 73
59 77
59 79
59 81
59 83
59 86
59 88
59 89
59 90
59 91
59 96
59 97
60 61
60 64
60 65
60 68
60 69
60 70
60 71
60 72
60 75
60 76
60 79
60 80
60 81
60 83
60 84
60 85
60 86
60 87
60 89
60 92
60 94
61 62
61 63
61 64
61 66
61 67
61 73
61 75
61 77
61 79
61 80
61 81
61 83
61 84
61 85
61 86
61 87
61 88
61 91
61 92
61 95
61 96
62 63
62 66
62 68
62 70
62 71
62 75
62 76
62 78
62 80
62 81
62 82
62 86
62 87
62 89
62 90
62 97
62 98
62 99
63 66
63 70
63 71
63 72
63 74
63 76
63 77
63 86
63 88
63 91
63 92
63 93
63 97
63 99
64 66
64 69
64 72
64 74
64 79
64 80
64 83
64 85
64 86
64 87
64 88
64 90
64 93
64 94
64 95
64 96
64 97
64 98
64 99
65 66
65 69
65 70
65 71
65 74
65 75
65 76
65 77
65 79
65 81
65 82
65 83
65 85
65 88
65 92
65 94
65 98
65 99
66 67
66 68
66 69
66 70
66 71
66 72
66 77
66 79
66 81
66 83
66 84
66 85
66 86
66 87
66 88
66 90
66 92
66 94
66 95
66 96
66 98
66 99
67 68
67 70
67 71
67 72
67 75
67 76
67 77
67 79
67 81
67 82
67 84
67 87
67 88
67 92
67 96
68 74
68 75
68 77
68 79
68 81
68 82
68 85
68 87
68 88
68 91
68 95
68 96
68 98
68 99
69 70
69 71
69 76
69 78
69 79
69 80
69 81
69 82
69 83
69 85
69 86
69 88
69 89
69 91
69 95
69 98
70 72
70 73
70 74
70 75
70 82
70 83
70 88
70 92
70 93
70 95
70 96
70 97
70 98
71 73
71 75
71 76
71 78
71 81
71 85
71 87
71 88
71 89
71 92
71 93
71 95
71 97
71 98
72 74
72 76
72 77
72 79
72 82
72 83
72 87
72 88
72 89
72 91
72 92
72 97
73 74
73 76
73 77
73 79
73 82
73 83
73 87
73 89
73 90
73 92
73 98
73 99
74 75
74 76
74 77
74 80
74 81
74 83
74 85
74 88
74 89
74 90
74 91
74 92
74 94
74 96
74 98
74 99
75 76
75 77
75 78
75 79
75 81
75 82
75 86
75 87
75 88
75 89
75 96
75 98
75 99
76 77
76 79
76 82
76 84
76 86
76 87
76 88
76 89
76 91
76 94
76 95
76 99
77 79
77 81
77 84
77 85
77 86
77 87
77 90
77 92
77 94
77 95
77 98
77 99
78 80
78 81
78 82
78 84
78 86
78 87
78 90
78 91
78 94
78 95
78 96
78 99
79 80
79 83
79 85
79 86
79 87
79 88
79 89
79 90
79 92
79 93
79 99
80 83
80 84
80 85
80 86
80 87
80 89
80 91
80 92
80 93
80 96
80 97
80 98
81 83
81 88
81 89
81 91
81 94
81 96
81 97
81 98
82 85
82 86
82 88
82 91
82 92
82 94
82 95
82 96
82 99
83 84
83 85
83 86
83 87
83 89
83 94
83 97
83 98
83 99
84 89
84 91
84 92
84 94
84 95
84 96
85 86
85 88
85 89
85 91
85 92
85 93
85 97
85 98
85 99
86 87
86 90
86 91
86 92
86 95
86 99
87 88
87 89
87 92
87 94
87 96
87 98
88 89
88 92
88 93
88 94
88 97
88 99
89 92
89 93
89 94
89 95
89 96
89 99
90 94
90 95
90 97
90 98
90 99
91 94
91 95
91 98
92 93
92 97
92 99
93 95
93 98
93 99
94 95
94 99
95 96
95 97
95 98
96 97
97 98
97 99
98 99
61 95 78 14 1 26 92 52 24 80 39 98 11 82 0 35 74 60 53 23
90 48 28 44 70 72 22 9 38 88 87 2 77 5 97 12 99 85 33 18
37 96 10 65 76 43 75 42 59 94 66 20 84 46 67 91 32 55 45 34
62 29 27 63 6 58 15 64 93 50 7 16 54 89 57 69 71 3 83 47
17 30 51 4 36 8 41 49 86 68 31 13 21 40 79 56 25 73 81 19
