180
4790
4
64.46
19.99
36.05
16.95
0 14
0 15
0 17
0 20
0 22
0 26
0 28
0 30
0 31
0 32
0 34
0 35
0 43
0 46
0 53
0 55
0 56
0 61
0 62
0 64
0 65
0 67
0 68
0 72
0 75
0 78
0 80
0 81
0 83
0 84
0 94
0 95
0 104
0 106
0 107
0 108
0 111
0 116
0 117
0 139
0 140
0 148
0 149
0 153
0 154
0 157
0 158
0 160
0 163
0 166
0 168
0 169
0 170
0 172
0 178
0 179
1 3
1 6
1 7
1 9
1 11
1 12
1 15
1 19
1 21
1 23
1 24
1 26
1 27
1 30
1 33
1 35
1 36
1 43
1 45
1 50
1 52
1 54
1 55
1 57
1 59
1 61
1 82
1 87
1 88
1 98
1 101
1 105
1 108
1 112
1 113
1 115
1 117
1 127
1 130
1 133
1 138
1 140
1 143
1 144
1 145
1 148
1 153
1 156
1 157
1 160
1 161
1 165
1 171
1 175
1 176
2 11
2 18
2 19
2 20
2 22
2 23
2 25
2 27
2 31
2 36
2 40
2 41
2 42
2 43
2 56
2 59
2 63
2 77
2 80
2 90
2 93
2 98
2 99
2 103
2 105
2 109
2 110
2 111
2 112
2 116
2 118
2 119
2 126
2 129
2 130
2 132
2 133
2 134
2 135
2 142
2 147
2 150
2 154
2 155
2 168
2 169
2 171
2 172
2 173
2 178
2 179
3 6
3 7
3 10
3 11
3 16
3 17
3 18
3 21
3 25
3 26
3 27
3 28
3 29
3 32
3 50
3 51
3 52
3 54
3 57
3 68
3 71
3 73
3 77
3 78
3 82
3 86
3 88
3 90
3 92
3 93
3 96
3 98
3 100
3 104
3 106
3 108
3 109
3 113
3 115
3 116
3 119
3 125
3 127
3 129
3 131
3 132
3 138
3 139
3 140
3 141
3 144
3 145
3 150
3 154
3 155
3 157
3 160
3 162
3 166
3 169
3 170
3 172
3 175
3 176
4 10
4 12
4 14
4 15
4 16
4 17
4 21
4 25
4 30
4 31
4 32
4 44
4 46
4 48
4 49
4 51
4 54
4 55
4 69
4 71
4 72
4 73
4 75
4 77
4 82
4 92
4 93
4 94
4 104
4 105
4 106
4 109
4 112
4 113
4 116
4 123
4 128
4 130
4 131
4 132
4 135
4 141
4 145
4 146
4 148
4 151
4 161
4 163
4 167
4 168
4 169
4 170
4 172
4 178
5 6
5 17
5 19
5 25
5 33
5 34
5 36
5 37
5 41
5 42
5 43
5 48
5 54
5 58
5 59
5 65
5 69
5 74
5 75
5 81
5 82
5 85
5 89
5 97
5 105
5 110
5 112
5 115
5 116
5 117
5 119
5 120
5 125
5 128
5 131
5 135
5 136
5 139
5 142
5 143
5 144
5 145
5 147
5 155
5 156
5 159
5 163
5 167
5 177
5 179
6 15
6 16
6 17
6 25
6 30
6 36
6 39
6 40
6 46
6 47
6 48
6 51
6 52
6 61
6 65
6 67
6 72
6 74
6 75
6 77
6 81
6 83
6 84
6 91
6 92
6 96
6 98
6 100
6 102
6 103
6 104
6 106
6 109
6 112
6 116
6 117
6 118
6 119
6 120
6 134
6 137
6 138
6 144
6 159
6 168
6 170
6 179
7 13
7 14
7 19
7 24
7 25
7 27
7 28
7 31
7 33
7 39
7 44
7 47
7 50
7 53
7 58
7 76
7 77
7 79
7 80
7 82
7 87
7 88
7 89
7 90
7 92
7 95
7 100
7 111
7 112
7 114
7 116
7 121
7 127
7 133
7 134
7 143
7 149
7 150
7 160
7 161
7 163
7 166
7 169
7 173
7 175
8 9
8 12
8 26
8 30
8 33
8 35
8 42
8 44
8 45
8 46
8 47
8 48
8 49
8 56
8 59
8 67
8 69
8 70
8 71
8 72
8 74
8 76
8 79
8 84
8 87
8 88
8 93
8 104
8 106
8 110
8 113
8 117
8 122
8 123
8 125
8 130
8 138
8 145
8 148
8 149
8 153
8 159
8 160
8 165
8 169
8 171
8 174
8 177
9 10
9 11
9 13
9 14
9 17
9 25
9 26
9 30
9 31
9 36
9 40
9 41
9 42
9 44
9 46
9 47
9 51
9 52
9 53
9 54
9 58
9 59
9 62
9 64
9 65
9 66
9 68
9 71
9 75
9 76
9 78
9 83
9 84
9 85
9 87
9 91
9 97
9 113
9 116
9 117
9 125
9 126
9 128
9 134
9 139
9 141
9 143
9 144
9 149
9 150
9 152
9 153
9 154
9 159
9 161
9 162
9 167
9 168
9 169
9 172
9 174
9 175
9 176
10 11
10 15
10 20
10 22
10 23
10 25
10 31
10 34
10 37
10 39
10 44
10 46
10 51
10 52
10 54
10 55
10 58
10 62
10 70
10 71
10 77
10 82
10 85
10 88
10 90
10 94
10 96
10 97
10 100
10 101
10 104
10 114
10 117
10 118
10 123
10 135
10 138
10 139
10 142
10 144
10 150
10 151
10 153
10 156
10 157
10 159
10 161
10 162
10 163
10 168
10 169
10 172
10 173
10 175
10 178
11 12
11 14
11 19
11 25
11 28
11 31
11 34
11 45
11 46
11 48
11 50
11 51
11 59
11 62
11 65
11 68
11 73
11 74
11 79
11 84
11 89
11 94
11 96
11 98
11 100
11 102
11 105
11 106
11 109
11 110
11 114
11 118
11 119
11 121
11 122
11 124
11 127
11 129
11 131
11 133
11 137
11 138
11 139
11 144
11 147
11 162
11 163
11 168
11 169
11 176
11 177
12 16
12 18
12 19
12 24
12 27
12 33
12 37
12 40
12 41
12 43
12 44
12 47
12 48
12 51
12 55
12 57
12 59
12 73
12 78
12 79
12 81
12 82
12 83
12 84
12 89
12 93
12 100
12 105
12 113
12 119
12 123
12 124
12 127
12 129
12 130
12 131
12 136
12 142
12 146
12 149
12 153
12 154
12 155
12 156
12 158
12 159
12 160
12 161
12 162
12 163
12 164
12 172
12 178
13 18
13 24
13 31
13 33
13 34
13 35
13 36
13 38
13 43
13 47
13 51
13 54
13 57
13 67
13 68
13 70
13 72
13 75
13 78
13 84
13 86
13 93
13 104
13 105
13 109
13 115
13 116
13 119
13 133
13 139
13 141
13 148
13 150
13 151
13 159
13 164
13 166
13 171
13 172
13 176
14 29
14 31
14 41
14 42
14 44
14 49
14 50
14 59
14 60
14 62
14 63
14 64
14 65
14 66
14 67
14 71
14 72
14 75
14 76
14 81
14 83
14 89
14 91
14 99
14 105
14 109
14 113
14 115
14 116
14 118
14 120
14 124
14 125
14 126
14 130
14 132
14 145
14 147
14 151
14 157
14 160
14 162
14 169
14 173
15 16
15 19
15 21
15 22
15 25
15 26
15 30
15 31
15 33
15 36
15 43
15 45
15 48
15 49
15 51
15 52
15 54
15 56
15 58
15 60
15 64
15 65
15 68
15 71
15 75
15 77
15 79
15 80
15 84
15 90
15 94
15 96
15 101
15 102
15 106
15 111
15 117
15 118
15 122
15 125
15 127
15 133
15 134
15 138
15 143
15 145
15 146
15 147
15 151
15 153
15 157
15 158
15 159
15 160
15 166
15 168
15 169
15 171
15 173
15 174
15 177
15 178
16 18
16 22
16 24
16 25
16 30
16 31
16 36
16 37
16 39
16 40
16 44
16 45
16 49
16 51
16 53
16 54
16 55
16 57
16 58
16 60
16 66
16 67
16 69
16 70
16 75
16 76
16 78
16 79
16 82
16 86
16 87
16 90
16 92
16 96
16 97
16 101
16 102
16 106
16 107
16 110
16 121
16 122
16 124
16 127
16 128
16 137
16 138
16 139
16 143
16 144
16 145
16 147
16 148
16 152
16 155
16 158
16 160
16 161
16 172
16 174
16 176
16 177
17 20
17 21
17 27
17 31
17 35
17 41
17 43
17 48
17 55
17 57
17 59
17 60
17 62
17 63
17 66
17 67
17 70
17 71
17 75
17 82
17 83
17 85
17 86
17 99
17 103
17 104
17 106
17 109
17 119
17 121
17 127
17 129
17 134
17 138
17 139
17 149
17 150
17 152
17 155
17 156
17 161
17 163
17 166
17 167
17 169
17 172
17 173
17 176
18 20
18 30
18 31
18 37
18 39
18 40
18 43
18 44
18 48
18 49
18 51
18 55
18 57
18 58
18 61
18 63
18 66
18 70
18 79
18 83
18 84
18 87
18 90
18 91
18 96
18 99
18 100
18 101
18 117
18 118
18 119
18 122
18 124
18 126
18 127
18 129
18 131
18 132
18 135
18 136
18 138
18 139
18 141
18 142
18 143
18 144
18 146
18 147
18 149
18 152
18 154
18 156
18 158
18 163
18 164
18 165
18 167
18 170
18 177
19 22
19 23
19 26
19 28
19 31
19 34
19 35
19 37
19 39
19 44
19 47
19 49
19 53
19 55
19 60
19 66
19 69
19 73
19 74
19 76
19 83
19 91
19 92
19 98
19 99
19 102
19 114
19 115
19 120
19 123
19 137
19 140
19 142
19 144
19 155
19 160
19 163
19 164
19 165
19 167
19 173
19 174
19 175
19 176
20 21
20 22
20 26
20 27
20 28
20 30
20 32
20 33
20 35
20 36
20 37
20 38
20 39
20 41
20 42
20 51
20 57
20 58
20 62
20 67
20 68
20 71
20 76
20 86
20 88
20 89
20 90
20 92
20 94
20 96
20 103
20 106
20 117
20 120
20 134
20 142
20 149
20 150
20 151
20 153
20 154
20 157
20 158
20 159
20 162
20 163
20 165
20 168
20 170
20 171
20 173
20 179
21 24
21 30
21 32
21 35
21 40
21 42
21 51
21 54
21 55
21 66
21 69
21 72
21 75
21 78
21 79
21 81
21 82
21 86
21 92
21 95
21 99
21 100
21 102
21 103
21 104
21 105
21 109
21 110
21 111
21 115
21 116
21 118
21 119
21 127
21 128
21 130
21 132
21 133
21 135
21 136
21 141
21 142
21 143
21 147
21 160
21 161
21 165
21 169
21 170
21 172
21 176
21 177
22 28
22 33
22 39
22 44
22 51
22 52
22 62
22 66
22 67
22 68
22 69
22 70
22 72
22 76
22 85
22 86
22 87
22 88
22 90
22 94
22 96
22 101
22 103
22 107
22 108
22 110
22 113
22 115
22 116
22 117
22 120
22 121
22 125
22 128
22 133
22 136
22 142
22 145
22 156
22 159
22 166
22 170
22 174
22 175
22 177
23 36
23 42
23 43
23 45
23 46
23 47
23 48
23 51
23 53
23 57
23 63
23 69
23 73
23 74
23 77
23 79
23 83
23 86
23 92
23 94
23 95
23 99
23 104
23 106
23 107
23 108
23 112
23 113
23 114
23 118
23 120
23 127
23 128
23 134
23 135
23 137
23 147
23 148
23 149
23 150
23 154
23 155
23 161
23 162
23 164
23 167
23 172
23 175
23 177
23 179
24 29
24 30
24 32
24 34
24 37
24 41
24 42
24 46
24 51
24 57
24 60
24 62
24 63
24 66
24 71
24 77
24 80
24 81
24 83
24 84
24 85
24 90
24 91
24 96
24 100
24 101
24 104
24 106
24 111
24 118
24 120
24 131
24 133
24 150
24 153
24 170
24 175
24 179
25 33
25 36
25 38
25 39
25 47
25 54
25 55
25 58
25 60
25 64
25 77
25 80
25 81
25 83
25 87
25 89
25 92
25 98
25 99
25 102
25 104
25 110
25 114
25 115
25 116
25 118
25 119
25 124
25 127
25 128
25 135
25 148
25 154
25 156
25 160
25 163
25 164
25 166
25 168
25 169
25 170
25 171
26 34
26 37
26 38
26 39
26 42
26 43
26 46
26 54
26 55
26 58
26 63
26 65
26 78
26 83
26 84
26 87
26 88
26 89
26 92
26 100
26 103
26 106
26 107
26 109
26 118
26 119
26 121
26 123
26 126
26 127
26 132
26 134
26 137
26 140
26 143
26 145
26 154
26 155
26 156
26 161
26 162
26 163
26 171
26 172
26 173
26 177
27 32
27 35
27 37
27 39
27 41
27 45
27 47
27 50
27 52
27 53
27 54
27 60
27 61
27 62
27 64
27 69
27 71
27 73
27 76
27 77
27 81
27 90
27 93
27 94
27 96
27 100
27 107
27 108
27 112
27 113
27 117
27 119
27 122
27 132
27 135
27 138
27 142
27 144
27 146
27 147
27 148
27 149
27 153
27 155
27 158
27 167
27 171
27 174
27 178
27 179
28 36
28 39
28 47
28 48
28 53
28 75
28 79
28 90
28 97
28 101
28 103
28 106
28 107
28 109
28 113
28 130
28 136
28 138
28 139
28 141
28 146
28 154
28 159
28 163
28 164
28 168
28 169
28 179
29 32
29 34
29 35
29 36
29 43
29 48
29 51
29 56
29 60
29 63
29 64
29 66
29 71
29 72
29 73
29 75
29 81
29 82
29 86
29 89
29 90
29 94
29 96
29 97
29 109
29 110
29 123
29 125
29 129
29 135
29 137
29 143
29 144
29 152
29 153
29 156
29 162
29 174
29 177
30 32
30 35
30 40
30 41
30 42
30 43
30 44
30 45
30 48
30 49
30 55
30 56
30 57
30 59
30 62
30 66
30 67
30 71
30 72
30 74
30 79
30 80
30 82
30 83
30 85
30 87
30 93
30 99
30 105
30 112
30 113
30 115
30 117
30 118
30 128
30 134
30 139
30 141
30 142
30 144
30 147
30 149
30 150
30 151
30 152
30 155
30 156
30 160
30 161
30 163
30 168
30 169
30 172
30 178
31 35
31 37
31 41
31 47
31 51
31 55
31 56
31 57
31 62
31 63
31 74
31 75
31 78
31 79
31 81
31 84
31 90
31 96
31 100
31 105
31 107
31 110
31 113
31 116
31 117
31 119
31 121
31 131
31 132
31 135
31 143
31 148
31 150
31 151
31 158
31 159
31 160
31 161
31 162
31 166
31 173
32 33
32 37
32 38
32 39
32 42
32 45
32 47
32 48
32 51
32 52
32 55
32 56
32 63
32 67
32 68
32 69
32 71
32 72
32 73
32 75
32 78
32 83
32 85
32 89
32 91
32 96
32 97
32 108
32 109
32 112
32 114
32 115
32 120
32 124
32 125
32 127
32 128
32 129
32 130
32 132
32 135
32 137
32 141
32 142
32 150
32 157
32 158
32 163
32 165
32 167
32 168
32 172
32 174
32 178
32 179
33 38
33 39
33 43
33 45
33 47
33 53
33 58
33 59
33 60
33 62
33 66
33 67
33 70
33 71
33 76
33 83
33 91
33 94
33 95
33 98
33 101
33 104
33 106
33 112
33 117
33 122
33 127
33 128
33 133
33 135
33 141
33 147
33 148
33 166
33 168
33 169
33 176
33 177
33 178
34 38
34 40
34 44
34 52
34 53
34 56
34 60
34 61
34 63
34 66
34 69
34 71
34 75
34 76
34 79
34 80
34 83
34 90
34 96
34 99
34 105
34 109
34 114
34 115
34 126
34 127
34 129
34 134
34 137
34 144
34 145
34 150
34 152
34 160
34 165
34 168
34 169
34 170
34 176
34 179
35 39
35 40
35 42
35 45
35 46
35 49
35 52
35 55
35 59
35 62
35 68
35 73
35 77
35 88
35 96
35 98
35 102
35 103
35 108
35 118
35 126
35 128
35 131
35 135
35 137
35 138
35 139
35 141
35 142
35 143
35 145
35 150
35 153
35 157
35 161
35 162
36 38
36 39
36 40
36 41
36 46
36 47
36 48
36 51
36 52
36 58
36 61
36 63
36 67
36 71
36 74
36 75
36 76
36 78
36 83
36 86
36 91
36 95
36 98
36 104
36 108
36 109
36 110
36 111
36 117
36 119
36 124
36 137
36 138
36 139
36 140
36 146
36 148
36 153
36 156
36 157
36 163
36 164
36 165
36 169
36 177
36 178
37 40
37 52
37 54
37 64
37 65
37 68
37 72
37 88
37 89
37 90
37 92
37 94
37 95
37 96
37 98
37 99
37 103
37 106
37 108
37 109
37 110
37 121
37 125
37 127
37 137
37 139
37 141
37 144
37 149
37 150
37 151
37 152
37 153
37 160
37 163
37 171
37 172
37 179
38 45
38 47
38 48
38 57
38 59
38 67
38 69
38 71
38 74
38 76
38 80
38 81
38 83
38 86
38 96
38 97
38 98
38 99
38 100
38 105
38 108
38 109
38 110
38 114
38 115
38 116
38 119
38 120
38 124
38 125
38 133
38 135
38 136
38 137
38 140
38 142
38 143
38 144
38 147
38 149
38 153
38 154
38 157
38 158
38 159
38 164
38 165
38 166
38 169
38 171
39 46
39 47
39 50
39 51
39 52
39 54
39 56
39 57
39 59
39 61
39 62
39 65
39 67
39 70
39 72
39 76
39 77
39 89
39 92
39 103
39 104
39 107
39 108
39 110
39 113
39 115
39 117
39 121
39 136
39 140
39 141
39 144
39 145
39 146
39 149
39 159
39 166
39 168
39 169
39 171
39 172
39 179
40 44
40 45
40 50
40 57
40 58
40 59
40 67
40 68
40 70
40 73
40 75
40 78
40 83
40 84
40 85
40 98
40 100
40 106
40 107
40 111
40 114
40 125
40 126
40 129
40 130
40 136
40 143
40 146
40 149
40 150
40 151
40 152
40 160
40 161
40 162
40 166
40 167
40 168
40 169
40 174
40 177
40 178
41 43
41 45
41 56
41 57
41 61
41 63
41 83
41 88
41 89
41 91
41 94
41 96
41 110
41 111
41 112
41 117
41 119
41 121
41 126
41 133
41 134
41 136
41 140
41 144
41 145
41 149
41 154
41 157
41 159
41 162
41 171
41 174
41 175
41 177
41 178
42 47
42 48
42 49
42 55
42 59
42 60
42 61
42 63
42 71
42 72
42 73
42 77
42 78
42 82
42 85
42 89
42 96
42 101
42 103
42 104
42 109
42 110
42 111
42 112
42 114
42 123
42 125
42 127
42 129
42 130
42 134
42 143
42 154
42 164
42 166
42 167
42 169
42 176
42 177
42 179
43 44
43 49
43 50
43 55
43 57
43 60
43 63
43 66
43 67
43 68
43 71
43 72
43 73
43 75
43 76
43 80
43 85
43 87
43 88
43 96
43 100
43 102
43 104
43 106
43 109
43 129
43 130
43 142
43 144
43 151
43 152
43 158
43 164
43 168
43 173
43 174
43 175
43 177
43 179
44 45
44 52
44 56
44 65
44 67
44 68
44 74
44 76
44 78
44 79
44 81
44 98
44 117
44 118
44 119
44 123
44 124
44 125
44 126
44 127
44 129
44 134
44 135
44 137
44 143
44 145
44 151
44 154
44 156
44 161
44 162
44 163
44 165
44 166
44 174
44 175
44 176
44 177
44 178
44 179
45 51
45 58
45 66
45 67
45 75
45 88
45 94
45 97
45 99
45 102
45 104
45 105
45 106
45 109
45 110
45 113
45 114
45 116
45 118
45 119
45 120
45 124
45 125
45 128
45 131
45 137
45 138
45 139
45 141
45 146
45 154
45 157
45 165
45 166
45 167
45 171
45 178
46 50
46 55
46 60
46 65
46 70
46 74
46 77
46 80
46 83
46 86
46 87
46 89
46 96
46 97
46 104
46 108
46 114
46 123
46 127
46 128
46 135
46 136
46 138
46 139
46 143
46 146
46 147
46 149
46 151
46 153
46 156
46 162
46 165
46 166
46 168
46 169
46 173
46 175
46 176
46 177
46 178
46 179
47 49
47 51
47 52
47 55
47 59
47 65
47 66
47 67
47 69
47 75
47 80
47 83
47 89
47 92
47 95
47 96
47 109
47 111
47 116
47 118
47 128
47 129
47 131
47 134
47 136
47 138
47 150
47 151
47 152
47 154
47 157
47 160
47 161
47 165
47 166
47 167
47 170
47 172
47 174
47 175
47 178
48 49
48 50
48 51
48 53
48 55
48 60
48 63
48 74
48 75
48 78
48 80
48 81
48 83
48 84
48 86
48 87
48 93
48 97
48 101
48 104
48 112
48 114
48 117
48 120
48 121
48 122
48 125
48 130
48 134
48 136
48 139
48 141
48 143
48 147
48 152
48 158
48 160
48 165
48 166
48 171
48 176
49 52
49 54
49 55
49 56
49 59
49 62
49 70
49 76
49 77
49 80
49 83
49 86
49 87
49 96
49 102
49 113
49 121
49 122
49 134
49 135
49 143
49 145
49 146
49 149
49 154
49 155
49 156
49 157
49 164
49 166
49 169
49 170
49 171
49 173
49 174
50 52
50 53
50 54
50 56
50 62
50 64
50 71
50 73
50 79
50 84
50 87
50 89
50 95
50 97
50 99
50 100
50 102
50 106
50 107
50 110
50 121
50 125
50 127
50 132
50 133
50 140
50 141
50 143
50 148
50 153
50 156
50 165
50 168
50 169
51 53
51 57
51 58
51 61
51 64
51 65
51 69
51 72
51 75
51 83
51 88
51 90
51 100
51 101
51 106
51 124
51 135
51 136
51 138
51 140
51 143
51 144
51 145
51 150
51 151
51 153
51 157
51 158
51 160
51 161
51 162
51 163
51 165
51 168
51 172
51 174
51 175
51 176
51 178
51 179
52 55
52 56
52 62
52 64
52 67
52 72
52 73
52 77
52 78
52 79
52 82
52 88
52 93
52 97
52 100
52 101
52 104
52 108
52 113
52 116
52 119
52 136
52 138
52 149
52 151
52 152
52 155
52 157
52 158
52 163
52 169
52 173
52 177
53 56
53 61
53 62
53 71
53 75
53 79
53 81
53 83
53 85
53 90
53 92
53 98
53 101
53 105
53 108
53 111
53 116
53 118
53 119
53 122
53 125
53 127
53 129
53 139
53 144
53 150
53 158
53 159
53 161
53 164
53 165
53 166
53 167
53 170
53 179
54 58
54 60
54 61
54 63
54 69
54 75
54 76
54 78
54 79
54 80
54 82
54 89
54 90
54 91
54 96
54 99
54 102
54 103
54 104
54 108
54 109
54 110
54 111
54 119
54 123
54 125
54 127
54 130
54 132
54 135
54 137
54 138
54 144
54 145
54 151
54 152
54 153
54 156
54 172
54 178
55 58
55 63
55 67
55 68
55 69
55 72
55 74
55 75
55 82
55 86
55 88
55 89
55 96
55 97
55 98
55 101
55 102
55 104
55 105
55 107
55 109
55 116
55 122
55 126
55 130
55 137
55 138
55 142
55 147
55 156
55 164
56 57
56 64
56 67
56 68
56 69
56 73
56 76
56 86
56 88
56 90
56 91
56 97
56 103
56 106
56 107
56 110
56 113
56 119
56 123
56 128
56 130
56 133
56 134
56 136
56 141
56 144
56 145
56 148
56 153
56 156
56 160
56 161
56 166
56 172
56 179
57 58
57 59
57 63
57 68
57 70
57 71
57 74
57 76
57 77
57 78
57 85
57 89
57 94
57 95
57 96
57 97
57 102
57 108
57 109
57 112
57 116
57 123
57 124
57 127
57 132
57 135
57 139
57 140
57 143
57 145
57 147
57 149
57 152
57 167
57 168
57 174
58 60
58 65
58 68
58 75
58 77
58 82
58 90
58 91
58 92
58 93
58 95
58 104
58 109
58 110
58 113
58 114
58 118
58 124
58 127
58 130
58 134
58 137
58 138
58 141
58 144
58 145
58 148
58 156
58 157
58 163
58 165
58 173
58 174
58 179
59 61
59 74
59 76
59 78
59 96
59 99
59 101
59 103
59 108
59 112
59 115
59 119
59 131
59 132
59 137
59 141
59 148
59 150
59 153
59 154
59 157
59 159
59 171
59 174
60 62
60 63
60 66
60 76
60 77
60 78
60 79
60 83
60 86
60 88
60 90
60 92
60 94
60 95
60 102
60 103
60 105
60 107
60 108
60 110
60 116
60 119
60 120
60 121
60 123
60 128
60 130
60 140
60 141
60 144
60 146
60 147
60 149
60 151
60 153
60 157
60 163
60 168
60 172
60 173
61 63
61 71
61 73
61 78
61 85
61 87
61 89
61 92
61 98
61 103
61 106
61 108
61 110
61 115
61 118
61 119
61 130
61 132
61 137
61 140
61 148
61 153
61 163
61 164
61 167
61 171
61 172
61 173
61 174
62 69
62 75
62 76
62 77
62 82
62 84
62 86
62 87
62 91
62 94
62 98
62 99
62 103
62 106
62 111
62 115
62 116
62 121
62 123
62 124
62 131
62 134
62 136
62 140
62 142
62 145
62 147
62 150
62 152
62 154
62 155
62 161
62 165
62 167
62 169
62 170
62 171
62 177
63 64
63 67
63 69
63 75
63 83
63 87
63 89
63 91
63 94
63 97
63 98
63 100
63 102
63 103
63 108
63 109
63 111
63 114
63 115
63 116
63 132
63 134
63 136
63 143
63 146
63 148
63 152
63 155
63 156
63 157
63 163
63 167
63 168
63 169
63 170
63 172
63 173
63 179
64 67
64 68
64 70
64 77
64 87
64 89
64 91
64 92
64 93
64 97
64 98
64 102
64 103
64 104
64 105
64 114
64 117
64 123
64 132
64 133
64 135
64 153
64 158
64 161
64 166
64 169
64 170
64 172
64 174
65 67
65 75
65 77
65 78
65 84
65 86
65 88
65 93
65 95
65 97
65 98
65 107
65 108
65 109
65 110
65 113
65 131
65 135
65 138
65 140
65 146
65 147
65 148
65 150
65 153
65 155
65 157
65 159
65 170
65 172
65 176
66 68
66 70
66 77
66 85
66 87
66 88
66 89
66 90
66 96
66 103
66 109
66 112
66 117
66 118
66 119
66 125
66 132
66 133
66 139
66 140
66 142
66 144
66 145
66 146
66 148
66 159
66 163
66 165
66 166
66 170
66 173
66 174
67 70
67 71
67 73
67 75
67 78
67 82
67 84
67 88
67 90
67 92
67 94
67 95
67 108
67 111
67 112
67 116
67 117
67 122
67 129
67 130
67 133
67 134
67 136
67 138
67 141
67 142
67 146
67 147
67 150
67 152
67 153
67 154
67 155
67 157
67 160
67 163
67 164
67 165
67 166
67 168
67 177
68 70
68 73
68 76
68 77
68 78
68 82
68 87
68 91
68 92
68 94
68 95
68 101
68 104
68 106
68 108
68 110
68 111
68 112
68 116
68 122
68 126
68 127
68 129
68 130
68 135
68 136
68 138
68 139
68 147
68 150
68 158
68 167
68 179
69 71
69 73
69 74
69 77
69 79
69 81
69 84
69 85
69 86
69 87
69 88
69 90
69 92
69 93
69 94
69 95
69 97
69 98
69 104
69 107
69 109
69 110
69 111
69 112
69 113
69 114
69 116
69 120
69 121
69 122
69 129
69 130
69 134
69 143
69 151
69 164
69 169
69 173
69 174
69 175
69 177
69 179
70 75
70 78
70 79
70 88
70 91
70 94
70 96
70 99
70 100
70 107
70 108
70 109
70 115
70 126
70 128
70 129
70 132
70 135
70 140
70 145
70 147
70 152
70 158
70 162
70 167
70 169
70 170
70 172
70 173
70 175
70 179
71 74
71 78
71 79
71 80
71 83
71 86
71 96
71 97
71 102
71 110
71 113
71 124
71 126
71 132
71 140
71 151
71 152
71 154
71 156
71 159
71 160
71 173
71 175
71 176
72 73
72 75
72 77
72 84
72 85
72 87
72 92
72 95
72 98
72 99
72 100
72 101
72 105
72 106
72 107
72 108
72 109
72 111
72 115
72 125
72 128
72 129
72 133
72 134
72 135
72 137
72 141
72 142
72 143
72 146
72 148
72 149
72 153
72 156
72 162
72 164
72 166
72 167
72 170
72 176
73 74
73 77
73 81
73 84
73 85
73 92
73 93
73 95
73 97
73 98
73 99
73 100
73 103
73 107
73 109
73 113
73 121
73 124
73 125
73 126
73 127
73 137
73 140
73 141
73 144
73 145
73 149
73 153
73 155
73 160
73 165
73 168
73 169
73 171
73 172
73 173
73 175
73 177
73 178
74 78
74 85
74 86
74 94
74 102
74 115
74 117
74 119
74 121
74 129
74 133
74 134
74 141
74 147
74 155
74 160
74 170
74 172
74 174
74 176
75 78
75 88
75 94
75 99
75 107
75 111
75 112
75 114
75 116
75 117
75 118
75 119
75 122
75 132
75 135
75 136
75 140
75 146
75 153
75 173
75 174
75 176
75 179
76 80
76 87
76 90
76 92
76 95
76 103
76 109
76 112
76 114
76 115
76 116
76 119
76 123
76 127
76 132
76 141
76 142
76 147
76 148
76 152
76 155
76 160
76 161
76 168
76 170
76 171
76 179
77 80
77 81
77 83
77 85
77 90
77 93
77 104
77 106
77 112
77 115
77 130
77 133
77 134
77 139
77 140
77 145
77 146
77 147
77 148
77 152
77 154
77 155
77 157
77 165
77 166
77 171
77 173
77 174
78 80
78 85
78 90
78 91
78 98
78 105
78 106
78 111
78 112
78 117
78 119
78 124
78 125
78 130
78 132
78 138
78 141
78 142
78 143
78 145
78 156
78 161
78 162
78 165
78 166
78 168
78 169
78 170
78 176
78 177
78 179
79 80
79 82
79 87
79 93
79 96
79 97
79 101
79 102
79 108
79 109
79 113
79 114
79 115
79 119
79 122
79 134
79 138
79 139
79 141
79 142
79 145
79 146
79 148
79 156
79 157
79 159
79 160
79 161
79 163
79 165
79 168
79 171
79 173
80 86
80 92
80 93
80 96
80 98
80 101
80 105
80 107
80 111
80 119
80 124
80 125
80 127
80 128
80 131
80 138
80 140
80 142
80 144
80 147
80 151
80 152
80 156
80 162
80 164
80 165
80 166
80 169
80 171
80 175
81 85
81 86
81 90
81 91
81 96
81 98
81 99
81 100
81 102
81 106
81 107
81 113
81 115
81 122
81 123
81 126
81 132
81 133
81 136
81 142
81 143
81 148
81 149
81 151
81 153
81 155
81 172
81 175
82 89
82 90
82 98
82 100
82 101
82 105
82 106
82 107
82 108
82 109
82 110
82 112
82 118
82 121
82 123
82 131
82 134
82 140
82 141
82 142
82 147
82 150
82 155
82 160
82 161
82 168
82 170
82 171
82 173
83 85
83 88
83 90
83 96
83 104
83 108
83 111
83 116
83 122
83 123
83 125
83 129
83 131
83 133
83 134
83 137
83 138
83 141
83 142
83 143
83 146
83 147
83 149
83 151
83 154
83 158
83 169
83 170
83 172
83 177
83 178
84 90
84 94
84 100
84 102
84 103
84 105
84 108
84 116
84 127
84 133
84 134
84 135
84 145
84 149
84 150
84 151
84 153
84 155
84 159
84 164
84 167
84 172
84 173
84 175
84 179
85 87
85 90
85 93
85 94
85 96
85 99
85 104
85 106
85 107
85 116
85 119
85 120
85 123
85 127
85 128
85 131
85 133
85 138
85 139
85 140
85 142
85 145
85 146
85 164
85 166
85 168
85 169
85 172
85 174
85 175
86 91
86 92
86 93
86 95
86 97
86 98
86 103
86 104
86 107
86 108
86 109
86 111
86 113
86 115
86 116
86 117
86 118
86 119
86 128
86 129
86 132
86 133
86 134
86 136
86 139
86 143
86 148
86 149
86 154
86 157
86 159
86 161
86 164
86 167
86 168
87 92
87 95
87 100
87 101
87 102
87 104
87 106
87 107
87 109
87 112
87 117
87 119
87 122
87 125
87 127
87 129
87 131
87 133
87 136
87 138
87 139
87 141
87 143
87 150
87 154
87 159
87 161
87 165
87 167
87 169
87 172
87 173
87 178
88 91
88 92
88 93
88 103
88 104
88 105
88 111
88 115
88 118
88 123
88 125
88 128
88 133
88 134
88 135
88 139
88 143
88 145
88 148
88 154
88 162
88 170
88 171
88 174
88 175
88 177
89 90
89 94
89 97
89 100
89 103
89 106
89 112
89 113
89 117
89 123
89 124
89 125
89 127
89 129
89 133
89 137
89 138
89 141
89 142
89 143
89 145
89 146
89 148
89 155
89 159
89 161
89 162
89 165
89 166
89 168
89 170
89 171
89 177
90 94
90 102
90 109
90 112
90 118
90 119
90 123
90 125
90 127
90 129
90 132
90 133
90 134
90 139
90 141
90 142
90 145
90 147
90 149
90 150
90 151
90 154
90 156
90 159
90 160
90 168
90 174
90 177
91 97
91 98
91 99
91 105
91 108
91 109
91 111
91 113
91 115
91 116
91 119
91 122
91 123
91 127
91 128
91 134
91 135
91 136
91 139
91 151
91 153
91 154
91 161
91 169
91 170
91 172
91 173
91 176
91 177
91 178
92 93
92 110
92 111
92 113
92 114
92 118
92 119
92 120
92 122
92 123
92 130
92 132
92 137
92 143
92 148
92 150
92 151
92 155
92 162
92 172
92 174
92 176
92 177
93 94
93 96
93 98
93 102
93 105
93 108
93 114
93 116
93 120
93 121
93 123
93 124
93 126
93 128
93 131
93 137
93 138
93 143
93 148
93 150
93 152
93 155
93 158
93 164
93 165
93 174
93 176
94 109
94 117
94 124
94 131
94 135
94 141
94 142
94 143
94 144
94 148
94 150
94 156
94 165
94 167
94 169
94 172
94 173
94 176
95 96
95 97
95 107
95 108
95 119
95 122
95 124
95 125
95 127
95 131
95 132
95 133
95 134
95 138
95 139
95 140
95 146
95 148
95 149
95 150
95 151
95 159
95 179
96 97
96 100
96 103
96 105
96 117
96 121
96 122
96 123
96 126
96 127
96 132
96 140
96 142
96 143
96 148
96 149
96 152
96 154
96 155
96 159
96 161
96 165
96 166
96 170
96 171
97 98
97 111
97 112
97 114
97 117
97 122
97 123
97 127
97 133
97 137
97 138
97 140
97 144
97 155
97 160
97 163
97 164
97 165
97 168
97 169
97 171
97 176
97 179
98 103
98 105
98 110
98 120
98 121
98 122
98 125
98 129
98 132
98 137
98 144
98 151
98 154
98 157
98 163
98 166
98 167
98 170
98 173
98 179
99 105
99 106
99 107
99 108
99 109
99 113
99 116
99 120
99 129
99 131
99 132
99 133
99 134
99 141
99 145
99 149
99 152
99 154
99 162
99 163
99 165
99 171
99 172
99 173
99 175
99 178
100 103
100 112
100 119
100 122
100 123
100 124
100 126
100 128
100 135
100 141
100 152
100 154
100 156
100 160
100 161
100 162
100 163
100 172
100 173
101 103
101 105
101 109
101 112
101 113
101 114
101 116
101 118
101 121
101 122
101 124
101 131
101 141
101 142
101 143
101 144
101 146
101 148
101 151
101 153
101 158
101 160
101 162
101 167
101 174
101 179
102 104
102 108
102 109
102 117
102 120
102 126
102 131
102 144
102 148
102 152
102 155
102 156
102 157
102 158
102 165
102 167
102 168
102 172
102 176
102 179
103 104
103 109
103 112
103 114
103 116
103 119
103 121
103 124
103 128
103 131
103 135
103 136
103 146
103 148
103 156
103 158
103 159
103 162
103 164
103 167
103 169
103 172
103 176
103 177
103 178
103 179
104 109
104 114
104 116
104 118
104 119
104 122
104 124
104 125
104 134
104 141
104 145
104 148
104 155
104 159
104 171
104 174
104 177
104 178
104 179
105 112
105 114
105 117
105 118
105 120
105 124
105 127
105 130
105 136
105 137
105 139
105 143
105 144
105 145
105 146
105 149
105 156
105 160
105 161
105 163
105 177
105 178
105 179
106 110
106 111
106 112
106 127
106 128
106 131
106 133
106 137
106 140
106 144
106 154
106 161
106 162
106 163
106 172
106 173
106 175
107 108
107 117
107 121
107 123
107 124
107 129
107 136
107 138
107 145
107 149
107 155
107 156
107 159
107 160
107 163
107 165
107 169
107 177
108 114
108 118
108 119
108 124
108 125
108 129
108 131
108 133
108 134
108 140
108 142
108 144
108 146
108 152
108 154
108 159
108 163
108 166
108 168
108 169
108 172
108 176
108 177
109 110
109 112
109 118
109 120
109 122
109 123
109 125
109 135
109 136
109 139
109 145
109 147
109 150
109 152
109 154
109 156
109 159
109 162
109 163
109 166
109 168
109 172
109 175
109 178
110 111
110 112
110 114
110 117
110 119
110 120
110 122
110 124
110 127
110 130
110 132
110 133
110 134
110 136
110 141
110 142
110 146
110 148
110 149
110 150
110 152
110 153
110 157
110 158
110 159
110 160
110 162
110 166
110 172
110 173
110 178
111 113
111 115
111 118
111 121
111 136
111 143
111 145
111 151
111 157
111 158
111 161
111 162
111 166
111 171
111 176
112 113
112 120
112 122
112 123
112 130
112 132
112 134
112 138
112 141
112 144
112 145
112 148
112 149
112 151
112 153
112 154
112 159
112 161
112 163
112 166
112 169
112 170
112 171
112 176
113 118
113 121
113 123
113 134
113 135
113 136
113 151
113 154
113 155
113 156
113 158
113 160
113 162
113 164
113 167
113 169
113 173
113 175
113 176
113 179
114 115
114 117
114 128
114 129
114 133
114 134
114 135
114 138
114 143
114 144
114 147
114 150
114 153
114 157
114 158
114 162
114 163
114 169
114 171
114 173
114 176
114 177
114 179
115 117
115 118
115 120
115 121
115 128
115 131
115 139
115 144
115 151
115 155
115 161
115 163
115 165
115 171
115 172
115 176
115 177
115 178
116 118
116 121
116 127
116 128
116 129
116 132
116 134
116 138
116 146
116 149
116 150
116 151
116 153
116 157
116 158
116 161
116 162
116 163
116 168
116 171
116 174
116 176
116 178
117 119
117 123
117 124
117 128
117 129
117 131
117 137
117 138
117 140
117 146
117 151
117 154
117 161
117 165
117 172
117 176
117 177
118 124
118 125
118 127
118 130
118 139
118 140
118 145
118 149
118 150
118 151
118 152
118 153
118 154
118 162
118 164
118 166
118 168
118 174
119 120
119 124
119 129
119 130
119 131
119 133
119 136
119 140
119 144
119 145
119 148
119 153
119 154
119 156
119 160
119 162
119 167
119 169
119 176
120 126
120 127
120 130
120 132
120 136
120 138
120 143
120 151
120 157
120 162
120 170
121 122
121 125
121 126
121 130
121 135
121 137
121 139
121 140
121 143
121 144
121 145
121 149
121 163
121 170
122 125
122 129
122 138
122 143
122 149
122 150
122 152
122 153
122 154
122 159
122 162
122 163
122 166
122 170
122 176
123 133
123 134
123 136
123 141
123 142
123 144
123 147
123 156
123 162
123 172
123 173
123 176
123 178
124 125
124 128
124 130
124 132
124 134
124 144
124 147
124 148
124 150
124 151
124 152
124 153
124 158
124 165
124 169
124 170
124 174
124 176
124 178
124 179
125 128
125 136
125 144
125 145
125 146
125 147
125 153
125 164
125 165
125 169
125 173
125 176
125 178
126 127
126 128
126 131
126 133
126 135
126 136
126 142
126 144
126 151
126 153
126 154
126 156
126 160
126 162
126 163
126 165
126 167
126 172
126 174
126 176
127 128
127 133
127 137
127 138
127 143
127 144
127 148
127 152
127 160
127 172
128 129
128 134
128 141
128 142
128 143
128 145
128 147
128 151
128 152
128 154
128 163
128 168
128 172
128 173
129 130
129 131
129 134
129 135
129 147
129 154
129 156
129 159
129 163
129 165
129 176
129 179
130 135
130 137
130 145
130 146
130 150
130 156
130 157
130 163
130 167
130 168
130 172
130 175
130 176
130 177
131 132
131 133
131 139
131 140
131 142
131 145
131 151
131 154
131 161
131 163
131 164
131 167
131 169
131 171
132 133
132 134
132 137
132 141
132 142
132 143
132 145
132 149
132 152
132 153
132 156
132 158
132 165
132 168
132 173
132 175
133 146
133 152
133 154
133 155
133 158
133 160
133 161
133 163
133 164
133 166
133 171
133 178
134 138
134 139
134 145
134 148
134 151
134 154
134 155
134 156
134 157
134 159
134 161
134 164
134 166
134 172
134 173
134 177
135 136
135 137
135 140
135 142
135 147
135 150
135 152
135 154
135 160
135 165
135 168
135 174
135 178
136 140
136 141
136 143
136 144
136 149
136 154
136 158
136 162
136 163
136 167
136 168
136 175
137 139
137 140
137 141
137 143
137 144
137 147
137 149
137 150
137 151
137 154
137 155
137 156
137 157
137 158
137 159
137 161
137 163
137 165
137 166
137 168
137 169
137 170
137 172
137 176
137 178
138 142
138 144
138 147
138 149
138 150
138 153
138 154
138 155
138 158
138 171
138 173
138 175
138 176
138 177
139 143
139 145
139 150
139 152
139 153
139 156
139 159
139 168
139 176
139 177
140 151
140 166
140 169
140 170
140 177
140 178
140 179
141 149
141 151
141 155
141 159
141 162
141 164
141 166
141 169
141 173
141 174
141 175
141 179
142 152
142 164
142 168
142 171
142 172
142 173
142 177
143 145
143 146
143 148
143 149
143 153
143 155
143 156
143 160
143 167
144 154
144 155
144 156
144 158
144 161
144 162
144 167
144 168
144 169
144 171
144 177
145 146
145 149
145 151
145 155
145 160
145 163
145 165
145 172
145 175
145 176
145 179
146 150
146 152
146 159
146 161
146 163
146 168
146 172
146 174
147 149
147 153
147 156
147 157
147 158
147 164
147 165
147 172
147 175
147 179
148 149
148 152
148 155
148 158
148 161
148 162
148 165
148 169
148 170
148 174
148 175
148 176
148 178
149 150
149 154
149 163
149 164
149 168
149 178
150 153
150 160
150 170
150 174
150 176
151 157
151 158
151 159
151 163
151 165
151 172
151 173
151 174
152 154
152 157
152 159
152 162
152 163
152 164
152 167
152 168
152 169
152 176
152 179
153 157
153 165
153 168
153 169
153 171
153 175
153 178
153 179
154 158
154 162
154 165
154 166
154 167
154 168
154 172
154 175
155 161
155 163
155 177
156 161
156 162
156 164
156 167
156 173
156 176
156 177
156 178
157 162
157 163
157 164
157 167
157 170
157 175
157 179
158 159
158 166
158 168
158 169
158 174
158 177
158 179
159 164
159 175
159 177
160 163
160 164
160 168
160 173
160 174
160 177
160 179
161 162
161 168
161 170
161 174
161 175
161 178
162 172
162 176
163 171
163 172
163 176
163 177
164 168
164 169
164 172
164 174
164 179
165 167
165 170
165 176
165 177
165 178
166 168
166 170
166 175
166 176
166 178
167 173
168 174
168 175
168 177
169 178
170 172
170 177
170 178
171 172
171 173
171 174
171 175
171 178
172 174
172 176
172 179
173 176
173 179
174 178
175 178
175 179
176 177
176 178
8 65 137 162 167 9 172 179 54 140 72 33 1 126 93 144 154 153 107 97 45 73 132 3 151 69 31 78 91 82 94 86 48 27 169 148 62 139 17 49 121 4 92 79 141
80 105 67 50 149 40 55 123 165 152 2 113 56 77 125 13 63 66 59 99 36 104 89 7 102 158 60 145 143 135 57 114 64 147 100 124 138 47 21 160 32 170 106 18 14
168 155 12 136 70 95 87 118 71 177 85 22 103 44 10 98 74 51 28 108 150 110 115 101 37 176 116 26 42 41 90 163 53 127 161 35 178 81 171 175 88 0 5 133 11
29 6 52 30 83 61 164 122 134 23 146 39 16 117 43 128 111 84 34 68 96 174 15 120 25 157 58 112 24 19 109 46 38 75 129 156 166 142 130 76 20 119 131 173 159
