180
8081
10
27.85
26.31
14.83
94.28
88.11
80.15
29.91
71.47
82.56
94.72
0 1
0 3
0 8
0 9
0 10
0 12
0 14
0 16
0 17
0 20
0 22
0 23
0 24
0 27
0 28
0 30
0 35
0 37
0 38
0 42
0 44
0 45
0 48
0 50
0 53
0 54
0 55
0 58
0 61
0 62
0 63
0 64
0 65
0 66
0 67
0 68
0 70
0 72
0 75
0 76
0 77
0 79
0 80
0 82
0 83
0 84
0 85
0 90
0 91
0 92
0 99
0 101
0 102
0 103
0 104
0 105
0 107
0 110
0 111
0 113
0 114
0 119
0 120
0 121
0 122
0 124
0 125
0 127
0 128
0 129
0 130
0 131
0 133
0 137
0 141
0 142
0 145
0 146
0 147
0 148
0 149
0 150
0 155
0 156
0 158
0 159
0 160
0 169
0 172
0 174
0 175
0 179
1 2
1 4
1 6
1 7
1 12
1 14
1 15
1 16
1 17
1 19
1 21
1 22
1 24
1 28
1 29
1 30
1 32
1 35
1 36
1 37
1 40
1 41
1 44
1 46
1 47
1 48
1 49
1 50
1 52
1 54
1 55
1 56
1 61
1 63
1 65
1 67
1 68
1 69
1 70
1 72
1 73
1 74
1 76
1 77
1 78
1 79
1 80
1 82
1 83
1 88
1 94
1 95
1 96
1 97
1 98
1 99
1 103
1 105
1 106
1 113
1 115
1 116
1 120
1 124
1 125
1 126
1 127
1 128
1 132
1 140
1 141
1 143
1 144
1 145
1 147
1 149
1 151
1 153
1 154
1 155
1 157
1 160
1 162
1 164
1 165
1 169
1 170
1 171
1 172
1 177
1 178
1 179
2 4
2 5
2 7
2 8
2 10
2 16
2 17
2 18
2 20
2 26
2 27
2 28
2 31
2 32
2 37
2 38
2 43
2 44
2 47
2 48
2 53
2 54
2 56
2 59
2 64
2 68
2 69
2 71
2 72
2 73
2 75
2 76
2 77
2 78
2 80
2 82
2 83
2 84
2 88
2 89
2 90
2 91
2 95
2 96
2 104
2 107
2 108
2 110
2 116
2 119
2 120
2 124
2 125
2 126
2 127
2 130
2 131
2 134
2 136
2 137
2 140
2 143
2 145
2 146
2 147
2 152
2 153
2 155
2 156
2 157
2 158
2 160
2 162
2 163
2 164
2 165
2 167
2 169
2 172
2 174
2 175
2 177
2 178
3 4
3 9
3 10
3 11
3 12
3 15
3 19
3 21
3 24
3 27
3 28
3 31
3 32
3 36
3 42
3 43
3 45
3 46
3 47
3 50
3 51
3 52
3 53
3 54
3 55
3 56
3 57
3 60
3 61
3 66
3 68
3 69
3 70
3 71
3 73
3 74
3 77
3 80
3 81
3 83
3 84
3 86
3 87
3 88
3 89
3 90
3 94
3 95
3 97
3 98
3 99
3 100
3 105
3 106
3 107
3 112
3 113
3 116
3 117
3 118
3 122
3 124
3 125
3 128
3 130
3 133
3 134
3 139
3 143
3 146
3 148
3 149
3 152
3 153
3 154
3 155
3 156
3 161
3 162
3 163
3 164
3 165
3 167
3 168
3 170
3 171
3 173
3 174
3 178
3 179
4 5
4 6
4 7
4 8
4 9
4 11
4 13
4 14
4 17
4 19
4 20
4 21
4 23
4 25
4 28
4 29
4 30
4 31
4 35
4 39
4 42
4 48
4 50
4 51
4 53
4 54
4 56
4 57
4 59
4 60
4 61
4 62
4 63
4 66
4 67
4 69
4 71
4 73
4 74
4 77
4 83
4 84
4 85
4 86
4 87
4 88
4 91
4 92
4 94
4 95
4 96
4 98
4 103
4 105
4 107
4 108
4 109
4 110
4 113
4 115
4 116
4 117
4 119
4 122
4 124
4 125
4 126
4 130
4 132
4 134
4 139
4 140
4 142
4 143
4 144
4 148
4 149
4 151
4 153
4 154
4 159
4 160
4 162
4 168
4 175
4 178
4 179
5 7
5 8
5 9
5 13
5 14
5 16
5 18
5 19
5 24
5 26
5 30
5 31
5 32
5 35
5 36
5 37
5 38
5 39
5 40
5 41
5 43
5 45
5 46
5 49
5 53
5 54
5 56
5 59
5 62
5 67
5 68
5 75
5 78
5 79
5 80
5 82
5 85
5 87
5 88
5 89
5 91
5 92
5 97
5 99
5 100
5 105
5 106
5 109
5 110
5 111
5 112
5 114
5 117
5 119
5 121
5 123
5 124
5 126
5 128
5 129
5 130
5 132
5 135
5 136
5 138
5 139
5 140
5 141
5 142
5 145
5 147
5 148
5 149
5 151
5 153
5 155
5 156
5 157
5 159
5 160
5 163
5 166
5 168
5 169
5 170
5 175
5 178
5 179
6 7
6 9
6 10
6 13
6 14
6 17
6 18
6 19
6 20
6 23
6 26
6 27
6 28
6 31
6 32
6 33
6 34
6 36
6 38
6 41
6 44
6 48
6 53
6 55
6 56
6 58
6 60
6 62
6 63
6 64
6 65
6 66
6 70
6 71
6 74
6 75
6 76
6 77
6 78
6 79
6 80
6 82
6 85
6 89
6 94
6 96
6 97
6 98
6 99
6 104
6 105
6 111
6 112
6 113
6 114
6 117
6 121
6 124
6 126
6 128
6 130
6 131
6 132
6 134
6 137
6 138
6 139
6 140
6 141
6 145
6 146
6 147
6 154
6 156
6 158
6 160
6 163
6 164
6 166
6 167
6 169
6 172
6 174
6 176
6 177
6 178
6 179
7 9
7 10
7 11
7 12
7 13
7 15
7 18
7 20
7 22
7 27
7 30
7 33
7 34
7 37
7 43
7 45
7 50
7 52
7 53
7 55
7 56
7 59
7 60
7 63
7 65
7 66
7 67
7 70
7 74
7 77
7 78
7 86
7 88
7 89
7 92
7 94
7 101
7 103
7 105
7 107
7 108
7 109
7 110
7 112
7 115
7 116
7 119
7 120
7 125
7 126
7 127
7 128
7 131
7 132
7 133
7 134
7 135
7 136
7 137
7 139
7 143
7 144
7 147
7 149
7 152
7 153
7 155
7 157
7 158
7 160
7 166
7 168
7 169
7 170
7 171
7 172
7 173
7 178
8 9
8 10
8 12
8 13
8 14
8 16
8 17
8 22
8 23
8 26
8 32
8 35
8 36
8 37
8 38
8 40
8 41
8 42
8 43
8 44
8 46
8 49
8 53
8 55
8 56
8 57
8 59
8 61
8 64
8 67
8 69
8 72
8 73
8 75
8 77
8 84
8 86
8 88
8 91
8 94
8 102
8 109
8 111
8 113
8 115
8 117
8 119
8 120
8 121
8 122
8 123
8 125
8 126
8 128
8 135
8 136
8 139
8 140
8 142
8 146
8 148
8 151
8 152
8 153
8 154
8 155
8 159
8 160
8 164
8 166
8 167
8 168
8 169
8 170
8 173
8 177
8 178
9 10
9 14
9 15
9 16
9 17
9 18
9 21
9 23
9 25
9 26
9 29
9 30
9 32
9 33
9 37
9 39
9 40
9 41
9 44
9 46
9 47
9 48
9 50
9 51
9 52
9 53
9 54
9 57
9 59
9 60
9 61
9 62
9 71
9 72
9 76
9 82
9 83
9 84
9 86
9 87
9 89
9 93
9 94
9 96
9 98
9 99
9 100
9 103
9 106
9 107
9 108
9 109
9 114
9 115
9 116
9 118
9 119
9 121
9 125
9 126
9 127
9 136
9 137
9 138
9 142
9 144
9 146
9 148
9 150
9 151
9 154
9 159
9 160
9 163
9 165
9 171
9 173
9 174
9 177
9 178
9 179
10 11
10 18
10 20
10 22
10 23
10 30
10 32
10 33
10 39
10 40
10 41
10 45
10 46
10 50
10 51
10 52
10 54
10 57
10 58
10 60
10 64
10 65
10 66
10 68
10 69
10 70
10 71
10 73
10 76
10 77
10 82
10 84
10 85
10 88
10 91
10 92
10 94
10 96
10 97
10 99
10 102
10 104
10 106
10 108
10 113
10 115
10 117
10 124
10 126
10 127
10 128
10 130
10 132
10 133
10 134
10 135
10 136
10 137
10 139
10 140
10 144
10 146
10 147
10 148
10 149
10 153
10 154
10 156
10 157
10 159
10 161
10 163
10 164
10 167
10 168
10 169
10 171
10 177
10 178
10 179
11 12
11 13
11 15
11 16
11 17
11 18
11 19
11 20
11 22
11 24
11 27
11 30
11 33
11 34
11 35
11 36
11 37
11 38
11 39
11 40
11 41
11 43
11 44
11 45
11 52
11 54
11 55
11 56
11 57
11 58
11 61
11 63
11 64
11 66
11 69
11 70
11 75
11 76
11 77
11 78
11 82
11 84
11 85
11 86
11 88
11 89
11 94
11 95
11 100
11 101
11 103
11 104
11 105
11 106
11 107
11 108
11 110
11 111
11 112
11 113
11 114
11 117
11 119
11 125
11 126
11 127
11 133
11 134
11 135
11 136
11 140
11 141
11 143
11 145
11 147
11 148
11 149
11 152
11 153
11 154
11 156
11 160
11 161
11 162
11 164
11 165
11 167
11 173
11 174
11 175
11 178
12 13
12 15
12 16
12 18
12 21
12 22
12 23
12 26
12 29
12 30
12 31
12 38
12 40
12 41
12 44
12 48
12 49
12 50
12 51
12 53
12 56
12 57
12 58
12 59
12 63
12 67
12 68
12 70
12 72
12 77
12 80
12 81
12 83
12 84
12 85
12 86
12 88
12 92
12 96
12 98
12 100
12 101
12 103
12 104
12 105
12 106
12 107
12 108
12 109
12 110
12 113
12 114
12 115
12 117
12 118
12 119
12 122
12 124
12 125
12 127
12 132
12 133
12 140
12 146
12 147
12 148
12 150
12 151
12 152
12 153
12 155
12 159
12 161
12 162
12 163
12 164
12 165
12 168
12 171
12 172
12 175
12 178
12 179
13 14
13 16
13 17
13 19
13 20
13 21
13 23
13 26
13 27
13 28
13 29
13 31
13 33
13 34
13 35
13 37
13 38
13 39
13 40
13 43
13 44
13 45
13 46
13 48
13 51
13 52
13 55
13 56
13 57
13 58
13 59
13 60
13 62
13 63
13 65
13 66
13 68
13 71
13 72
13 74
13 76
13 77
13 80
13 81
13 82
13 83
13 84
13 88
13 91
13 92
13 93
13 95
13 97
13 98
13 100
13 101
13 102
13 104
13 107
13 108
13 109
13 110
13 112
13 114
13 116
13 123
13 127
13 130
13 131
13 132
13 134
13 135
13 137
13 139
13 140
13 143
13 144
13 147
13 149
13 151
13 153
13 154
13 155
13 156
13 159
13 162
13 163
13 165
13 167
13 168
13 169
13 173
13 174
13 176
13 177
13 179
14 16
14 19
14 23
14 24
14 25
14 26
14 27
14 28
14 30
14 31
14 35
14 39
14 46
14 47
14 48
14 50
14 56
14 58
14 60
14 62
14 63
14 64
14 65
14 66
14 68
14 75
14 76
14 79
14 81
14 82
14 85
14 89
14 93
14 94
14 96
14 97
14 98
14 99
14 100
14 101
14 102
14 107
14 108
14 110
14 113
14 114
14 116
14 118
14 119
14 120
14 121
14 126
14 129
14 132
14 136
14 137
14 138
14 143
14 145
14 150
14 152
14 153
14 155
14 156
14 157
14 159
14 163
14 164
14 165
14 166
14 169
14 170
14 171
14 173
14 177
14 179
15 16
15 17
15 21
15 22
15 28
15 32
15 34
15 35
15 36
15 37
15 38
15 43
15 45
15 51
15 52
15 53
15 57
15 58
15 59
15 61
15 62
15 65
15 66
15 68
15 69
15 70
15 73
15 74
15 75
15 78
15 83
15 85
15 87
15 93
15 96
15 97
15 99
15 100
15 102
15 105
15 108
15 110
15 113
15 114
15 116
15 118
15 119
15 121
15 123
15 124
15 128
15 130
15 134
15 135
15 137
15 139
15 143
15 148
15 151
15 152
15 156
15 157
15 158
15 159
15 161
15 162
15 163
15 165
15 167
15 168
15 169
15 171
15 174
15 178
15 179
16 17
16 19
16 22
16 23
16 24
16 25
16 29
16 31
16 32
16 34
16 37
16 40
16 41
16 42
16 47
16 48
16 50
16 53
16 55
16 61
16 62
16 64
16 66
16 68
16 69
16 70
16 72
16 74
16 78
16 79
16 81
16 82
16 83
16 84
16 87
16 88
16 89
16 90
16 95
16 96
16 103
16 107
16 108
16 114
16 117
16 118
16 119
16 120
16 125
16 127
16 131
16 132
16 133
16 141
16 143
16 144
16 145
16 150
16 151
16 152
16 156
16 158
16 159
16 161
16 162
16 166
16 167
16 168
16 169
16 171
16 173
16 177
16 178
16 179
17 18
17 19
17 22
17 23
17 27
17 28
17 32
17 33
17 34
17 36
17 37
17 38
17 42
17 43
17 44
17 46
17 47
17 48
17 49
17 51
17 52
17 53
17 58
17 59
17 63
17 64
17 65
17 66
17 68
17 71
17 73
17 75
17 76
17 80
17 84
17 85
17 86
17 87
17 90
17 91
17 93
17 100
17 101
17 104
17 108
17 112
17 114
17 116
17 117
17 124
17 125
17 126
17 130
17 132
17 133
17 136
17 141
17 142
17 143
17 145
17 147
17 150
17 153
17 155
17 157
17 158
17 159
17 160
17 164
17 166
17 167
17 168
17 172
18 19
18 23
18 24
18 25
18 27
18 28
18 30
18 31
18 32
18 35
18 36
18 37
18 39
18 40
18 42
18 43
18 44
18 45
18 49
18 51
18 53
18 55
18 56
18 57
18 58
18 59
18 60
18 61
18 63
18 67
18 70
18 72
18 73
18 74
18 77
18 78
18 81
18 83
18 85
18 86
18 88
18 91
18 93
18 94
18 96
18 97
18 101
18 103
18 104
18 105
18 108
18 109
18 110
18 111
18 113
18 114
18 115
18 119
18 122
18 123
18 124
18 126
18 129
18 137
18 138
18 139
18 141
18 142
18 144
18 147
18 148
18 149
18 153
18 154
18 155
18 158
18 160
18 161
18 162
18 165
18 167
18 168
18 172
18 173
18 176
18 177
18 178
19 20
19 22
19 24
19 26
19 27
19 28
19 30
19 31
19 33
19 35
19 37
19 38
19 41
19 42
19 43
19 46
19 47
19 48
19 52
19 54
19 57
19 59
19 62
19 63
19 65
19 67
19 73
19 74
19 76
19 77
19 78
19 79
19 80
19 81
19 82
19 83
19 84
19 86
19 87
19 91
19 92
19 93
19 94
19 96
19 97
19 98
19 100
19 103
19 104
19 107
19 108
19 109
19 110
19 113
19 114
19 115
19 116
19 118
19 120
19 122
19 124
19 125
19 126
19 127
19 128
19 130
19 131
19 132
19 134
19 135
19 145
19 146
19 147
19 148
19 152
19 153
19 155
19 156
19 159
19 161
19 162
19 163
19 164
19 167
19 176
19 177
19 179
20 21
20 23
20 24
20 27
20 29
20 31
20 33
20 35
20 37
20 40
20 43
20 44
20 45
20 47
20 50
20 52
20 53
20 55
20 57
20 60
20 61
20 63
20 65
20 69
20 71
20 73
20 79
20 81
20 85
20 86
20 87
20 88
20 91
20 93
20 94
20 95
20 97
20 98
20 99
20 100
20 103
20 104
20 105
20 107
20 110
20 111
20 112
20 115
20 116
20 120
20 121
20 122
20 127
20 128
20 129
20 130
20 133
20 135
20 141
20 142
20 145
20 152
20 155
20 156
20 157
20 158
20 159
20 160
20 161
20 162
20 175
20 176
20 177
20 178
20 179
21 27
21 30
21 33
21 37
21 38
21 40
21 43
21 46
21 48
21 50
21 53
21 55
21 57
21 58
21 59
21 60
21 62
21 63
21 64
21 65
21 66
21 69
21 74
21 76
21 79
21 80
21 81
21 82
21 83
21 84
21 88
21 89
21 90
21 91
21 93
21 98
21 101
21 103
21 104
21 105
21 106
21 108
21 110
21 111
21 115
21 116
21 118
21 120
21 122
21 124
21 132
21 134
21 136
21 137
21 138
21 140
21 141
21 144
21 145
21 147
21 148
21 149
21 150
21 152
21 153
21 155
21 156
21 160
21 161
21 162
21 163
21 164
21 166
21 168
21 169
21 170
21 172
21 173
21 174
21 176
22 24
22 25
22 30
22 31
22 35
22 36
22 42
22 45
22 47
22 48
22 49
22 52
22 53
22 55
22 56
22 57
22 70
22 71
22 72
22 73
22 74
22 75
22 80
22 84
22 86
22 87
22 89
22 90
22 94
22 95
22 98
22 99
22 100
22 101
22 102
22 103
22 104
22 105
22 109
22 111
22 113
22 114
22 116
22 119
22 120
22 123
22 125
22 126
22 127
22 128
22 132
22 137
22 141
22 142
22 143
22 144
22 145
22 146
22 148
22 149
22 152
22 154
22 155
22 156
22 158
22 159
22 161
22 164
22 166
22 167
22 173
22 176
22 179
23 27
23 28
23 30
23 32
23 34
23 36
23 37
23 38
23 39
23 40
23 41
23 45
23 46
23 47
23 49
23 50
23 51
23 54
23 56
23 57
23 58
23 59
23 60
23 63
23 69
23 70
23 72
23 75
23 76
23 78
23 81
23 83
23 84
23 88
23 89
23 90
23 97
23 98
23 101
23 105
23 106
23 109
23 111
23 112
23 117
23 120
23 121
23 122
23 123
23 125
23 127
23 128
23 129
23 132
23 134
23 135
23 137
23 138
23 139
23 140
23 141
23 142
23 143
23 145
23 147
23 149
23 150
23 155
23 156
23 157
23 158
23 159
23 160
23 161
23 162
23 163
23 164
23 165
23 167
23 168
23 169
23 173
23 174
23 178
23 179
24 25
24 26
24 27
24 28
24 30
24 31
24 32
24 33
24 34
24 38
24 39
24 43
24 44
24 46
24 48
24 53
24 55
24 58
24 60
24 61
24 62
24 64
24 65
24 67
24 68
24 69
24 72
24 74
24 76
24 78
24 82
24 84
24 88
24 91
24 92
24 95
24 98
24 99
24 101
24 104
24 105
24 109
24 110
24 112
24 114
24 115
24 117
24 118
24 120
24 121
24 126
24 132
24 133
24 134
24 136
24 138
24 140
24 142
24 144
24 147
24 148
24 151
24 153
24 157
24 160
24 164
24 165
24 166
24 167
24 168
24 170
24 171
24 172
24 173
24 174
24 175
24 176
24 177
24 178
25 26
25 30
25 33
25 35
25 38
25 39
25 41
25 43
25 46
25 47
25 49
25 50
25 52
25 55
25 57
25 58
25 59
25 60
25 61
25 63
25 64
25 65
25 66
25 67
25 71
25 72
25 73
25 75
25 76
25 78
25 79
25 80
25 81
25 84
25 85
25 86
25 88
25 89
25 90
25 92
25 94
25 96
25 97
25 98
25 103
25 104
25 105
25 106
25 107
25 112
25 113
25 114
25 115
25 118
25 119
25 120
25 121
25 122
25 123
25 124
25 125
25 128
25 129
25 130
25 133
25 134
25 135
25 137
25 139
25 142
25 143
25 146
25 147
25 148
25 150
25 153
25 157
25 158
25 159
25 161
25 162
25 163
25 166
25 170
25 171
25 172
25 173
25 174
25 177
25 179
26 28
26 29
26 30
26 31
26 33
26 35
26 39
26 42
26 44
26 46
26 48
26 49
26 51
26 53
26 55
26 59
26 64
26 65
26 70
26 73
26 77
26 79
26 80
26 81
26 83
26 84
26 85
26 90
26 95
26 96
26 98
26 102
26 103
26 106
26 107
26 111
26 115
26 116
26 117
26 118
26 120
26 122
26 123
26 126
26 130
26 132
26 134
26 136
26 138
26 139
26 140
26 147
26 148
26 149
26 150
26 155
26 159
26 161
26 162
26 163
26 164
26 165
26 167
26 168
26 170
26 175
26 176
26 177
27 29
27 30
27 31
27 32
27 33
27 38
27 39
27 41
27 42
27 44
27 45
27 46
27 47
27 49
27 50
27 51
27 55
27 57
27 60
27 61
27 62
27 64
27 67
27 68
27 70
27 73
27 74
27 76
27 78
27 79
27 80
27 84
27 85
27 86
27 87
27 88
27 90
27 92
27 93
27 97
27 98
27 99
27 102
27 103
27 105
27 108
27 109
27 112
27 113
27 114
27 118
27 120
27 121
27 123
27 124
27 128
27 129
27 132
27 133
27 135
27 139
27 142
27 145
27 147
27 150
27 151
27 156
27 158
27 159
27 160
27 162
27 164
27 165
27 166
27 168
27 171
27 172
27 173
27 174
27 175
27 176
27 178
28 30
28 34
28 35
28 40
28 41
28 42
28 44
28 45
28 47
28 48
28 49
28 50
28 52
28 55
28 58
28 59
28 60
28 63
28 64
28 66
28 67
28 68
28 70
28 73
28 75
28 76
28 77
28 80
28 82
28 83
28 85
28 87
28 90
28 91
28 94
28 95
28 99
28 100
28 101
28 102
28 104
28 105
28 107
28 108
28 110
28 111
28 112
28 119
28 121
28 122
28 124
28 127
28 129
28 131
28 132
28 134
28 135
28 136
28 137
28 141
28 143
28 146
28 148
28 150
28 151
28 152
28 153
28 155
28 156
28 157
28 160
28 167
28 170
28 172
28 173
28 175
28 177
28 178
29 30
29 31
29 35
29 38
29 39
29 40
29 42
29 44
29 45
29 47
29 51
29 52
29 54
29 55
29 57
29 60
29 61
29 67
29 68
29 69
29 70
29 73
29 75
29 76
29 80
29 82
29 83
29 84
29 85
29 87
29 90
29 91
29 92
29 99
29 101
29 102
29 103
29 104
29 109
29 111
29 112
29 114
29 117
29 118
29 120
29 122
29 123
29 124
29 131
29 132
29 133
29 135
29 137
29 143
29 144
29 147
29 149
29 150
29 151
29 152
29 156
29 157
29 158
29 160
29 161
29 162
29 164
29 165
29 166
29 168
29 171
29 173
29 175
29 177
29 178
29 179
30 31
30 32
30 33
30 34
30 37
30 38
30 39
30 40
30 41
30 44
30 46
30 47
30 51
30 54
30 59
30 60
30 62
30 63
30 64
30 65
30 66
30 67
30 71
30 75
30 77
30 78
30 79
30 80
30 81
30 86
30 87
30 89
30 90
30 93
30 96
30 99
30 100
30 105
30 107
30 108
30 109
30 110
30 112
30 113
30 115
30 116
30 121
30 123
30 125
30 126
30 128
30 130
30 132
30 133
30 135
30 136
30 139
30 145
30 147
30 148
30 152
30 154
30 163
30 164
30 165
30 166
30 168
30 170
30 171
30 173
30 177
30 178
31 35
31 36
31 37
31 38
31 39
31 40
31 41
31 43
31 44
31 48
31 54
31 55
31 56
31 61
31 63
31 64
31 65
31 67
31 70
31 74
31 75
31 79
31 80
31 83
31 84
31 86
31 87
31 89
31 90
31 91
31 92
31 94
31 95
31 98
31 103
31 106
31 109
31 110
31 111
31 112
31 117
31 118
31 120
31 122
31 124
31 125
31 126
31 130
31 132
31 133
31 136
31 138
31 140
31 141
31 145
31 146
31 148
31 149
31 151
31 152
31 154
31 155
31 158
31 159
31 160
31 161
31 164
31 165
31 168
31 176
31 178
31 179
32 34
32 37
32 38
32 42
32 43
32 46
32 48
32 50
32 51
32 53
32 56
32 62
32 63
32 64
32 66
32 68
32 69
32 72
32 74
32 77
32 78
32 79
32 81
32 82
32 86
32 91
32 92
32 94
32 95
32 96
32 97
32 98
32 101
32 104
32 107
32 111
32 115
32 116
32 119
32 122
32 126
32 131
32 133
32 135
32 136
32 137
32 138
32 139
32 140
32 142
32 147
32 153
32 157
32 158
32 159
32 160
32 162
32 164
32 165
32 167
32 170
32 171
32 173
32 177
32 178
32 179
33 36
33 38
33 39
33 48
33 51
33 52
33 57
33 58
33 60
33 61
33 63
33 64
33 68
33 70
33 73
33 74
33 75
33 76
33 77
33 79
33 80
33 81
33 90
33 92
33 94
33 95
33 97
33 99
33 100
33 105
33 109
33 111
33 112
33 113
33 114
33 116
33 117
33 120
33 122
33 123
33 126
33 127
33 129
33 130
33 131
33 133
33 136
33 138
33 140
33 141
33 142
33 147
33 151
33 156
33 162
33 163
33 164
33 165
33 166
33 170
33 171
33 174
33 175
33 178
34 35
34 36
34 38
34 42
34 45
34 46
34 48
34 49
34 50
34 51
34 52
34 53
34 54
34 55
34 56
34 57
34 58
34 60
34 66
34 68
34 70
34 71
34 72
34 73
34 74
34 75
34 77
34 80
34 82
34 88
34 90
34 91
34 92
34 96
34 98
34 99
34 100
34 101
34 103
34 107
34 109
34 113
34 115
34 119
34 120
34 121
34 124
34 126
34 127
34 129
34 130
34 132
34 134
34 137
34 139
34 141
34 142
34 143
34 146
34 147
34 148
34 149
34 150
34 151
34 152
34 153
34 155
34 156
34 158
34 159
34 161
34 162
34 163
34 165
34 166
34 167
34 168
34 174
34 175
34 179
35 38
35 39
35 40
35 43
35 45
35 47
35 48
35 52
35 60
35 61
35 63
35 65
35 66
35 67
35 68
35 69
35 70
35 72
35 74
35 78
35 79
35 82
35 83
35 84
35 85
35 86
35 88
35 89
35 90
35 92
35 93
35 97
35 100
35 102
35 103
35 104
35 105
35 106
35 107
35 108
35 109
35 110
35 112
35 115
35 117
35 120
35 121
35 122
35 126
35 127
35 128
35 130
35 131
35 133
35 136
35 137
35 144
35 145
35 149
35 150
35 153
35 154
35 155
35 156
35 161
35 162
35 163
35 164
35 167
35 168
35 169
35 170
35 173
35 174
35 175
35 177
35 178
35 179
36 37
36 39
36 40
36 41
36 44
36 46
36 47
36 48
36 49
36 51
36 52
36 54
36 57
36 58
36 63
36 66
36 67
36 69
36 70
36 73
36 75
36 77
36 80
36 81
36 82
36 83
36 84
36 91
36 93
36 94
36 96
36 97
36 99
36 103
36 105
36 106
36 108
36 112
36 113
36 118
36 119
36 121
36 123
36 125
36 126
36 127
36 128
36 132
36 133
36 136
36 138
36 139
36 140
36 141
36 144
36 148
36 150
36 151
36 152
36 153
36 154
36 155
36 156
36 159
36 160
36 161
36 163
36 164
36 168
36 170
36 172
36 174
36 175
36 176
36 179
37 38
37 39
37 40
37 44
37 45
37 46
37 51
37 52
37 53
37 56
37 57
37 58
37 59
37 63
37 64
37 65
37 66
37 67
37 68
37 70
37 71
37 72
37 76
37 78
37 79
37 80
37 81
37 82
37 83
37 86
37 90
37 91
37 96
37 97
37 100
37 101
37 103
37 104
37 106
37 107
37 108
37 109
37 111
37 112
37 113
37 114
37 115
37 116
37 118
37 120
37 121
37 122
37 124
37 125
37 126
37 130
37 131
37 137
37 140
37 141
37 148
37 150
37 154
37 156
37 157
37 159
37 160
37 168
37 169
37 175
37 176
37 178
37 179
38 42
38 43
38 44
38 46
38 47
38 48
38 52
38 53
38 55
38 56
38 57
38 61
38 63
38 64
38 65
38 66
38 70
38 72
38 76
38 80
38 81
38 82
38 85
38 87
38 88
38 91
38 93
38 96
38 98
38 100
38 101
38 102
38 103
38 105
38 108
38 109
38 110
38 111
38 113
38 117
38 120
38 121
38 122
38 123
38 124
38 125
38 126
38 129
38 130
38 133
38 134
38 135
38 136
38 140
38 144
38 145
38 148
38 153
38 157
38 158
38 159
38 161
38 163
38 166
38 174
38 178
38 179
39 40
39 43
39 45
39 46
39 47
39 50
39 52
39 55
39 57
39 62
39 63
39 65
39 66
39 67
39 69
39 71
39 73
39 74
39 75
39 76
39 78
39 80
39 81
39 82
39 83
39 85
39 86
39 87
39 92
39 93
39 94
39 95
39 97
39 101
39 103
39 107
39 111
39 112
39 114
39 116
39 119
39 121
39 125
39 126
39 127
39 129
39 130
39 131
39 134
39 138
39 139
39 140
39 142
39 146
39 148
39 149
39 152
39 154
39 158
39 160
39 162
39 166
39 167
39 168
39 170
39 173
39 178
39 179
40 43
40 44
40 45
40 48
40 49
40 51
40 52
40 53
40 54
40 55
40 58
40 60
40 61
40 63
40 71
40 72
40 73
40 76
40 77
40 79
40 80
40 81
40 83
40 84
40 86
40 87
40 89
40 93
40 95
40 98
40 99
40 105
40 106
40 107
40 108
40 109
40 110
40 112
40 113
40 114
40 116
40 118
40 121
40 122
40 124
40 125
40 127
40 128
40 129
40 130
40 131
40 133
40 135
40 137
40 140
40 142
40 143
40 144
40 145
40 151
40 153
40 154
40 156
40 158
40 159
40 162
40 163
40 166
40 173
40 178
40 179
41 42
41 43
41 44
41 45
41 46
41 48
41 49
41 50
41 51
41 52
41 53
41 54
41 55
41 58
41 62
41 65
41 66
41 68
41 71
41 72
41 73
41 75
41 76
41 77
41 81
41 83
41 84
41 86
41 92
41 93
41 94
41 97
41 98
41 101
41 103
41 104
41 107
41 108
41 112
41 115
41 119
41 120
41 122
41 125
41 129
41 132
41 134
41 135
41 138
41 139
41 142
41 146
41 147
41 148
41 150
41 156
41 159
41 164
41 167
41 168
41 169
41 176
41 178
41 179
42 43
42 45
42 48
42 51
42 52
42 53
42 54
42 55
42 56
42 58
42 61
42 62
42 63
42 64
42 65
42 69
42 70
42 75
42 77
42 78
42 83
42 85
42 87
42 89
42 91
42 92
42 93
42 94
42 95
42 96
42 97
42 101
42 107
42 111
42 115
42 116
42 118
42 119
42 121
42 122
42 124
42 128
42 130
42 132
42 136
42 137
42 139
42 141
42 142
42 146
42 149
42 150
42 153
42 154
42 155
42 157
42 158
42 161
42 162
42 163
42 164
42 166
42 167
42 168
42 170
42 173
42 174
42 175
42 177
42 178
42 179
43 44
43 45
43 46
43 50
43 53
43 54
43 55
43 57
43 59
43 64
43 67
43 68
43 69
43 70
43 71
43 72
43 73
43 75
43 76
43 77
43 78
43 82
43 83
43 84
43 85
43 86
43 87
43 88
43 90
43 91
43 93
43 94
43 97
43 102
43 106
43 107
43 110
43 112
43 114
43 116
43 117
43 119
43 121
43 122
43 124
43 126
43 127
43 129
43 132
43 133
43 134
43 135
43 136
43 137
43 144
43 146
43 148
43 149
43 150
43 152
43 153
43 155
43 156
43 158
43 159
43 160
43 167
43 168
43 170
43 174
43 177
43 178
43 179
44 46
44 47
44 51
44 56
44 57
44 59
44 63
44 65
44 66
44 67
44 76
44 77
44 79
44 81
44 83
44 84
44 88
44 93
44 97
44 98
44 99
44 100
44 101
44 102
44 103
44 104
44 107
44 111
44 112
44 113
44 116
44 118
44 119
44 122
44 125
44 126
44 127
44 131
44 133
44 134
44 136
44 138
44 139
44 140
44 141
44 142
44 144
44 146
44 147
44 148
44 150
44 151
44 152
44 153
44 154
44 155
44 157
44 162
44 163
44 164
44 165
44 168
44 169
44 172
44 175
44 176
44 177
44 178
45 46
45 47
45 51
45 54
45 56
45 58
45 60
45 62
45 63
45 64
45 66
45 67
45 74
45 78
45 79
45 81
45 82
45 83
45 84
45 85
45 86
45 91
45 93
45 95
45 97
45 98
45 100
45 101
45 102
45 103
45 109
45 110
45 115
45 117
45 118
45 119
45 121
45 123
45 126
45 128
45 129
45 132
45 134
45 135
45 140
45 141
45 148
45 149
45 150
45 151
45 153
45 154
45 157
45 160
45 161
45 163
45 164
45 167
45 169
45 170
45 171
45 174
45 175
45 177
45 178
45 179
46 48
46 49
46 50
46 51
46 53
46 55
46 56
46 57
46 61
46 62
46 66
46 68
46 69
46 71
46 74
46 76
46 79
46 80
46 81
46 83
46 86
46 88
46 89
46 90
46 91
46 92
46 93
46 94
46 96
46 97
46 98
46 101
46 104
46 110
46 116
46 119
46 123
46 124
46 126
46 129
46 130
46 131
46 133
46 135
46 136
46 137
46 139
46 140
46 141
46 142
46 146
46 149
46 150
46 152
46 153
46 154
46 155
46 158
46 159
46 160
46 163
46 167
46 168
46 169
46 172
46 173
46 175
46 176
46 177
47 49
47 52
47 56
47 58
47 59
47 60
47 61
47 62
47 63
47 67
47 68
47 70
47 72
47 73
47 75
47 78
47 79
47 82
47 84
47 87
47 88
47 93
47 100
47 101
47 103
47 104
47 105
47 110
47 112
47 114
47 115
47 118
47 120
47 121
47 122
47 128
47 129
47 131
47 132
47 134
47 136
47 137
47 138
47 141
47 142
47 143
47 149
47 150
47 152
47 154
47 155
47 156
47 157
47 159
47 160
47 161
47 162
47 163
47 164
47 167
47 168
47 169
47 170
47 171
47 172
47 173
47 177
48 50
48 57
48 61
48 63
48 64
48 65
48 66
48 67
48 68
48 73
48 75
48 76
48 78
48 84
48 89
48 91
48 92
48 94
48 96
48 97
48 98
48 100
48 102
48 104
48 109
48 111
48 115
48 118
48 121
48 122
48 127
48 128
48 129
48 132
48 133
48 134
48 135
48 136
48 139
48 140
48 141
48 142
48 143
48 149
48 150
48 152
48 153
48 154
48 155
48 157
48 158
48 159
48 162
48 163
48 164
48 165
48 166
48 167
48 169
48 170
48 171
48 172
48 174
48 177
49 50
49 52
49 53
49 54
49 55
49 57
49 60
49 62
49 64
49 65
49 69
49 74
49 75
49 77
49 80
49 81
49 82
49 83
49 85
49 88
49 91
49 92
49 93
49 96
49 97
49 99
49 100
49 101
49 102
49 103
49 104
49 107
49 110
49 112
49 116
49 117
49 118
49 121
49 122
49 124
49 125
49 127
49 131
49 132
49 133
49 136
49 138
49 141
49 142
49 143
49 144
49 147
49 148
49 150
49 151
49 152
49 155
49 156
49 159
49 160
49 161
49 164
49 165
49 166
49 169
49 172
49 175
49 176
49 177
49 178
50 52
50 56
50 57
50 59
50 60
50 61
50 63
50 64
50 65
50 67
50 68
50 69
50 71
50 75
50 76
50 78
50 79
50 80
50 81
50 87
50 93
50 94
50 95
50 99
50 101
50 102
50 103
50 105
50 107
50 109
50 110
50 111
50 112
50 117
50 118
50 119
50 120
50 121
50 128
50 129
50 135
50 136
50 137
50 140
50 145
50 146
50 147
50 150
50 152
50 154
50 157
50 159
50 161
50 166
50 170
50 172
50 173
50 175
50 177
50 178
50 179
51 52
51 53
51 54
51 56
51 57
51 58
51 60
51 63
51 64
51 65
51 67
51 68
51 71
51 78
51 80
51 81
51 82
51 84
51 95
51 98
51 104
51 105
51 108
51 112
51 113
51 114
51 115
51 117
51 118
51 119
51 121
51 122
51 124
51 125
51 127
51 128
51 129
51 132
51 137
51 139
51 142
51 146
51 147
51 148
51 149
51 151
51 152
51 154
51 155
51 156
51 157
51 161
51 163
51 166
51 167
51 169
51 170
51 171
51 172
51 176
51 177
51 178
51 179
52 56
52 57
52 58
52 59
52 61
52 62
52 63
52 64
52 67
52 73
52 74
52 77
52 78
52 79
52 80
52 82
52 84
52 85
52 86
52 88
52 89
52 91
52 93
52 96
52 97
52 98
52 99
52 100
52 101
52 103
52 107
52 108
52 111
52 112
52 114
52 118
52 119
52 121
52 124
52 125
52 126
52 129
52 130
52 132
52 134
52 135
52 137
52 139
52 140
52 142
52 143
52 144
52 145
52 146
52 147
52 149
52 150
52 151
52 153
52 154
52 156
52 158
52 162
52 163
52 164
52 165
52 168
52 169
52 170
53 54
53 55
53 56
53 57
53 59
53 64
53 66
53 67
53 68
53 70
53 71
53 72
53 73
53 74
53 75
53 76
53 80
53 83
53 85
53 86
53 87
53 88
53 89
53 90
53 92
53 94
53 98
53 99
53 100
53 101
53 102
53 103
53 104
53 105
53 107
53 109
53 111
53 115
53 116
53 117
53 118
53 122
53 124
53 126
53 128
53 131
53 133
53 134
53 135
53 137
53 138
53 139
53 142
53 147
53 149
53 150
53 151
53 152
53 153
53 154
53 155
53 156
53 158
53 159
53 160
53 161
53 162
53 164
53 168
53 171
53 178
54 57
54 62
54 65
54 67
54 69
54 70
54 71
54 72
54 73
54 75
54 76
54 77
54 81
54 83
54 85
54 88
54 89
54 92
54 94
54 96
54 100
54 103
54 105
54 106
54 107
54 109
54 111
54 113
54 115
54 117
54 121
54 122
54 123
54 124
54 127
54 130
54 131
54 132
54 133
54 135
54 136
54 138
54 139
54 140
54 141
54 142
54 143
54 151
54 152
54 154
54 156
54 157
54 159
54 161
54 162
54 163
54 165
54 166
54 167
54 170
54 174
54 178
54 179
55 61
55 62
55 65
55 67
55 69
55 71
55 72
55 73
55 75
55 77
55 79
55 82
55 83
55 84
55 88
55 89
55 91
55 92
55 93
55 94
55 96
55 104
55 105
55 106
55 108
55 109
55 110
55 111
55 112
55 113
55 114
55 115
55 116
55 117
55 119
55 121
55 122
55 124
55 125
55 127
55 128
55 136
55 139
55 140
55 141
55 142
55 145
55 149
55 151
55 152
55 155
55 157
55 158
55 159
55 163
55 165
55 166
55 168
55 170
55 175
55 176
55 179
56 59
56 60
56 62
56 63
56 67
56 68
56 70
56 72
56 80
56 84
56 88
56 89
56 90
56 93
56 94
56 97
56 98
56 101
56 102
56 106
56 107
56 108
56 109
56 110
56 113
56 115
56 116
56 117
56 118
56 119
56 120
56 125
56 128
56 129
56 131
56 133
56 134
56 136
56 138
56 141
56 142
56 144
56 145
56 146
56 147
56 158
56 159
56 162
56 163
56 165
56 166
56 168
56 170
56 173
56 177
56 178
56 179
57 59
57 60
57 64
57 65
57 67
57 68
57 69
57 72
57 77
57 78
57 79
57 82
57 84
57 85
57 86
57 88
57 89
57 90
57 92
57 96
57 99
57 101
57 103
57 105
57 108
57 111
57 112
57 114
57 116
57 120
57 121
57 122
57 123
57 125
57 126
57 129
57 131
57 132
57 135
57 136
57 137
57 138
57 139
57 141
57 145
57 148
57 149
57 152
57 153
57 154
57 158
57 163
57 167
57 168
57 169
57 170
57 174
57 175
57 176
57 177
57 179
58 59
58 61
58 62
58 63
58 64
58 65
58 70
58 71
58 72
58 76
58 77
58 85
58 87
58 88
58 89
58 95
58 97
58 98
58 102
58 103
58 104
58 105
58 106
58 107
58 108
58 109
58 110
58 111
58 114
58 119
58 120
58 123
58 124
58 125
58 126
58 127
58 128
58 129
58 131
58 132
58 134
58 135
58 136
58 138
58 139
58 140
58 141
58 142
58 144
58 146
58 147
58 149
58 150
58 152
58 153
58 155
58 156
58 158
58 159
58 161
58 163
58 165
58 167
58 168
58 170
58 171
58 173
58 176
58 177
58 178
58 179
59 60
59 62
59 65
59 67
59 71
59 72
59 74
59 77
59 84
59 85
59 87
59 88
59 91
59 92
59 94
59 95
59 96
59 97
59 99
59 100
59 102
59 105
59 107
59 108
59 113
59 114
59 115
59 116
59 117
59 120
59 121
59 122
59 123
59 126
59 128
59 129
59 130
59 131
59 132
59 134
59 135
59 139
59 142
59 144
59 146
59 147
59 148
59 150
59 151
59 152
59 155
59 156
59 157
59 159
59 160
59 161
59 162
59 164
59 165
59 166
59 169
59 170
59 172
59 173
59 174
60 62
60 63
60 64
60 65
60 67
60 68
60 69
60 70
60 72
60 73
60 74
60 78
60 79
60 81
60 82
60 83
60 84
60 86
60 87
60 89
60 90
60 92
60 94
60 95
60 98
60 99
60 100
60 102
60 103
60 106
60 107
60 108
60 109
60 110
60 111
60 112
60 113
60 115
60 118
60 119
60 120
60 123
60 124
60 128
60 129
60 131
60 132
60 138
60 139
60 144
60 146
60 149
60 151
60 154
60 156
60 159
60 160
60 162
60 163
60 165
60 167
60 169
60 171
60 172
60 175
60 177
60 179
61 62
61 63
61 64
61 67
61 68
61 69
61 73
61 75
61 76
61 77
61 78
61 79
61 80
61 81
61 82
61 83
61 85
61 89
61 90
61 91
61 93
61 98
61 100
61 101
61 102
61 105
61 111
61 112
61 113
61 116
61 117
61 121
61 125
61 126
61 130
61 131
61 132
61 134
61 136
61 139
61 140
61 145
61 148
61 150
61 151
61 152
61 153
61 154
61 159
61 160
61 164
61 166
61 168
61 173
61 174
61 177
61 178
61 179
62 63
62 64
62 67
62 70
62 71
62 72
62 73
62 74
62 77
62 83
62 85
62 86
62 89
62 90
62 91
62 93
62 94
62 96
62 97
62 98
62 101
62 102
62 103
62 104
62 107
62 110
62 112
62 115
62 116
62 120
62 122
62 123
62 125
62 126
62 131
62 132
62 133
62 135
62 136
62 138
62 140
62 141
62 143
62 145
62 146
62 148
62 149
62 151
62 153
62 155
62 159
62 160
62 165
62 166
62 168
62 169
62 173
62 175
63 65
63 67
63 70
63 71
63 74
63 75
63 83
63 86
63 87
63 88
63 89
63 90
63 95
63 96
63 97
63 102
63 103
63 105
63 106
63 107
63 109
63 110
63 111
63 114
63 116
63 117
63 118
63 120
63 121
63 124
63 126
63 128
63 129
63 133
63 138
63 139
63 141
63 143
63 144
63 145
63 146
63 147
63 148
63 149
63 153
63 155
63 156
63 159
63 160
63 163
63 166
63 168
63 169
63 170
63 171
63 172
63 173
63 174
63 175
63 176
63 178
63 179
64 67
64 68
64 69
64 71
64 73
64 74
64 76
64 77
64 78
64 79
64 85
64 90
64 91
64 92
64 93
64 94
64 96
64 97
64 98
64 99
64 100
64 101
64 102
64 104
64 105
64 107
64 112
64 113
64 115
64 119
64 121
64 126
64 127
64 128
64 129
64 132
64 136
64 138
64 139
64 141
64 143
64 144
64 146
64 147
64 149
64 150
64 153
64 154
64 155
64 156
64 157
64 158
64 160
64 161
64 162
64 163
64 164
64 165
64 167
64 171
64 173
64 174
64 178
65 67
65 71
65 73
65 76
65 80
65 83
65 86
65 88
65 89
65 94
65 95
65 96
65 97
65 98
65 100
65 103
65 105
65 106
65 108
65 110
65 113
65 115
65 117
65 118
65 120
65 121
65 122
65 124
65 125
65 128
65 129
65 132
65 133
65 134
65 135
65 137
65 140
65 141
65 144
65 153
65 155
65 156
65 157
65 159
65 160
65 161
65 162
65 163
65 164
65 166
65 167
65 168
65 169
65 170
65 172
65 173
65 178
65 179
66 67
66 68
66 69
66 71
66 72
66 73
66 77
66 79
66 80
66 82
66 84
66 85
66 87
66 88
66 95
66 97
66 98
66 99
66 100
66 102
66 103
66 104
66 105
66 106
66 109
66 110
66 111
66 114
66 117
66 122
66 128
66 129
66 132
66 133
66 139
66 140
66 141
66 142
66 143
66 145
66 148
66 150
66 152
66 154
66 156
66 158
66 163
66 165
66 167
66 168
66 169
66 173
66 174
66 175
66 177
67 69
67 73
67 75
67 76
67 77
67 79
67 80
67 81
67 87
67 91
67 93
67 94
67 95
67 97
67 98
67 100
67 104
67 105
67 108
67 111
67 116
67 118
67 119
67 123
67 129
67 131
67 132
67 133
67 134
67 135
67 137
67 139
67 140
67 142
67 144
67 146
67 148
67 151
67 152
67 153
67 156
67 157
67 159
67 161
67 164
67 168
67 171
67 174
67 176
67 177
67 178
68 69
68 76
68 77
68 78
68 79
68 80
68 81
68 82
68 83
68 86
68 90
68 96
68 97
68 98
68 99
68 100
68 101
68 103
68 105
68 106
68 107
68 110
68 111
68 113
68 114
68 117
68 119
68 123
68 124
68 125
68 126
68 128
68 129
68 131
68 132
68 135
68 137
68 140
68 142
68 145
68 146
68 149
68 152
68 153
68 158
68 159
68 160
68 162
68 163
68 165
68 166
68 167
68 170
68 171
68 172
68 174
68 175
68 177
69 72
69 73
69 78
69 82
69 83
69 84
69 86
69 87
69 88
69 89
69 90
69 91
69 92
69 94
69 96
69 97
69 98
69 99
69 100
69 102
69 104
69 106
69 108
69 110
69 112
69 114
69 124
69 125
69 127
69 135
69 137
69 138
69 139
69 140
69 142
69 146
69 147
69 150
69 154
69 162
69 163
69 166
69 168
69 169
69 170
69 172
69 173
69 176
69 177
69 178
70 71
70 72
70 76
70 77
70 78
70 81
70 83
70 84
70 85
70 89
70 90
70 92
70 93
70 94
70 95
70 98
70 101
70 102
70 103
70 104
70 106
70 107
70 108
70 111
70 112
70 116
70 117
70 118
70 123
70 133
70 134
70 135
70 136
70 139
70 142
70 143
70 144
70 145
70 146
70 147
70 151
70 152
70 153
70 155
70 156
70 157
70 158
70 159
70 161
70 162
70 166
70 167
70 169
70 170
70 171
70 176
70 177
71 74
71 75
71 76
71 80
71 81
71 82
71 85
71 87
71 90
71 93
71 96
71 97
71 100
71 101
71 104
71 106
71 107
71 110
71 112
71 114
71 117
71 119
71 121
71 122
71 123
71 124
71 126
71 129
71 130
71 133
71 134
71 135
71 137
71 138
71 140
71 142
71 144
71 148
71 152
71 153
71 155
71 159
71 160
71 161
71 162
71 164
71 165
71 166
71 168
71 169
71 171
71 172
71 174
71 176
71 177
72 73
72 74
72 75
72 76
72 77
72 78
72 80
72 84
72 85
72 89
72 92
72 94
72 96
72 97
72 101
72 102
72 103
72 105
72 106
72 109
72 111
72 112
72 113
72 114
72 116
72 117
72 119
72 122
72 125
72 126
72 128
72 135
72 138
72 141
72 142
72 143
72 145
72 146
72 147
72 148
72 150
72 151
72 152
72 155
72 157
72 159
72 160
72 161
72 162
72 163
72 165
72 167
72 168
72 169
72 171
72 174
72 175
72 176
72 177
72 179
73 75
73 77
73 79
73 82
73 84
73 85
73 86
73 87
73 88
73 89
73 92
73 94
73 97
73 99
73 102
73 106
73 107
73 108
73 109
73 111
73 113
73 114
73 116
73 117
73 118
73 119
73 120
73 124
73 125
73 129
73 130
73 133
73 134
73 135
73 136
73 141
73 145
73 149
73 150
73 151
73 156
73 159
73 160
73 161
73 163
73 164
73 165
73 166
73 167
73 170
73 173
73 178
73 179
74 75
74 76
74 83
74 87
74 88
74 91
74 92
74 93
74 95
74 97
74 101
74 103
74 104
74 105
74 108
74 110
74 111
74 112
74 117
74 118
74 119
74 123
74 124
74 125
74 130
74 131
74 132
74 133
74 138
74 143
74 144
74 147
74 148
74 149
74 153
74 154
74 155
74 156
74 158
74 160
74 162
74 166
74 167
74 170
74 172
74 173
74 179
75 76
75 78
75 82
75 87
75 90
75 93
75 98
75 99
75 100
75 101
75 103
75 109
75 112
75 114
75 115
75 116
75 118
75 121
75 124
75 125
75 126
75 128
75 130
75 138
75 141
75 146
75 147
75 150
75 153
75 155
75 156
75 157
75 158
75 159
75 160
75 161
75 168
75 169
75 170
75 172
75 173
75 175
75 176
75 177
75 179
76 77
76 78
76 80
76 82
76 83
76 84
76 85
76 87
76 89
76 90
76 91
76 95
76 96
76 98
76 100
76 101
76 102
76 103
76 104
76 105
76 108
76 112
76 113
76 114
76 115
76 116
76 117
76 118
76 119
76 120
76 126
76 128
76 129
76 131
76 132
76 138
76 140
76 142
76 144
76 145
76 147
76 148
76 150
76 152
76 154
76 155
76 157
76 159
76 160
76 162
76 169
76 171
76 172
76 173
76 174
76 176
76 178
76 179
77 78
77 79
77 80
77 81
77 82
77 83
77 84
77 86
77 89
77 92
77 93
77 97
77 98
77 99
77 102
77 103
77 106
77 107
77 108
77 111
77 112
77 113
77 114
77 115
77 117
77 123
77 124
77 125
77 127
77 130
77 132
77 133
77 134
77 135
77 136
77 139
77 140
77 141
77 143
77 144
77 145
77 146
77 147
77 148
77 149
77 150
77 151
77 156
77 161
77 164
77 166
77 169
77 170
77 171
77 172
77 174
77 175
77 176
77 178
77 179
78 81
78 83
78 86
78 87
78 88
78 90
78 93
78 94
78 96
78 101
78 103
78 105
78 107
78 109
78 110
78 111
78 114
78 118
78 121
78 122
78 125
78 126
78 129
78 131
78 132
78 133
78 134
78 136
78 137
78 139
78 141
78 142
78 143
78 144
78 149
78 150
78 151
78 152
78 153
78 157
78 158
78 159
78 160
78 161
78 162
78 163
78 165
78 166
78 170
78 171
78 176
78 177
78 179
79 80
79 81
79 82
79 84
79 88
79 91
79 97
79 102
79 106
79 108
79 109
79 110
79 111
79 118
79 121
79 122
79 125
79 126
79 127
79 132
79 134
79 135
79 136
79 138
79 139
79 140
79 141
79 143
79 145
79 146
79 150
79 152
79 153
79 154
79 155
79 159
79 166
79 167
79 169
79 170
79 173
79 174
79 176
80 81
80 82
80 83
80 84
80 85
80 86
80 88
80 91
80 93
80 97
80 101
80 103
80 105
80 108
80 112
80 114
80 115
80 116
80 117
80 118
80 119
80 120
80 123
80 124
80 126
80 129
80 131
80 132
80 136
80 140
80 141
80 142
80 145
80 149
80 150
80 151
80 153
80 155
80 164
80 168
80 172
80 174
80 175
80 176
81 82
81 83
81 84
81 85
81 87
81 89
81 93
81 94
81 95
81 96
81 99
81 100
81 101
81 103
81 105
81 106
81 107
81 110
81 112
81 113
81 115
81 116
81 118
81 119
81 123
81 125
81 126
81 127
81 128
81 131
81 132
81 134
81 135
81 136
81 138
81 139
81 141
81 146
81 147
81 150
81 153
81 156
81 157
81 159
81 160
81 161
81 165
81 168
81 169
81 170
81 174
81 175
81 176
81 179
82 84
82 85
82 86
82 87
82 92
82 93
82 96
82 97
82 98
82 99
82 101
82 102
82 104
82 105
82 106
82 111
82 114
82 115
82 116
82 119
82 120
82 122
82 125
82 126
82 127
82 132
82 133
82 135
82 137
82 141
82 142
82 143
82 144
82 145
82 146
82 150
82 151
82 153
82 154
82 156
82 157
82 159
82 161
82 162
82 164
82 166
82 168
82 169
82 170
82 171
82 172
82 176
82 177
82 178
83 84
83 85
83 87
83 88
83 89
83 90
83 91
83 97
83 98
83 103
83 104
83 106
83 107
83 108
83 109
83 111
83 112
83 113
83 114
83 115
83 117
83 118
83 124
83 125
83 126
83 127
83 136
83 137
83 140
83 141
83 142
83 143
83 145
83 147
83 148
83 149
83 151
83 153
83 157
83 158
83 159
83 160
83 162
83 165
83 168
83 170
83 174
83 175
83 177
83 178
83 179
84 85
84 89
84 92
84 93
84 94
84 96
84 98
84 99
84 100
84 101
84 104
84 105
84 109
84 110
84 112
84 113
84 114
84 115
84 119
84 122
84 124
84 125
84 126
84 127
84 128
84 129
84 130
84 132
84 135
84 137
84 145
84 147
84 148
84 150
84 155
84 156
84 157
84 160
84 161
84 162
84 167
84 169
84 170
84 172
84 177
84 179
85 87
85 92
85 93
85 94
85 97
85 98
85 99
85 100
85 101
85 102
85 103
85 104
85 107
85 108
85 109
85 111
85 114
85 118
85 120
85 121
85 123
85 124
85 126
85 128
85 131
85 133
85 135
85 137
85 140
85 144
85 145
85 147
85 148
85 150
85 155
85 156
85 159
85 164
85 165
85 167
85 168
85 170
85 171
85 175
85 177
85 179
86 87
86 92
86 93
86 95
86 96
86 97
86 98
86 104
86 105
86 106
86 107
86 108
86 111
86 117
86 118
86 119
86 122
86 125
86 128
86 129
86 130
86 131
86 132
86 133
86 136
86 142
86 143
86 144
86 145
86 146
86 148
86 151
86 156
86 158
86 166
86 170
86 178
86 179
87 88
87 92
87 93
87 94
87 95
87 96
87 97
87 98
87 100
87 108
87 110
87 111
87 112
87 113
87 114
87 115
87 116
87 117
87 118
87 121
87 122
87 124
87 129
87 130
87 134
87 137
87 140
87 141
87 142
87 146
87 149
87 150
87 151
87 154
87 155
87 158
87 160
87 162
87 163
87 164
87 165
87 166
87 168
87 169
87 171
87 172
87 174
88 89
88 90
88 91
88 92
88 93
88 94
88 95
88 96
88 97
88 99
88 100
88 103
88 105
88 106
88 107
88 109
88 112
88 114
88 117
88 118
88 119
88 120
88 122
88 124
88 125
88 131
88 132
88 136
88 137
88 140
88 144
88 146
88 147
88 148
88 150
88 155
88 156
88 157
88 159
88 161
88 162
88 164
88 165
88 168
88 169
88 170
88 171
88 175
88 177
89 94
89 96
89 98
89 99
89 103
89 109
89 110
89 112
89 113
89 116
89 117
89 118
89 119
89 123
89 124
89 127
89 128
89 129
89 131
89 133
89 135
89 136
89 137
89 138
89 139
89 140
89 142
89 144
89 145
89 146
89 147
89 150
89 152
89 157
89 160
89 166
89 169
89 171
89 174
89 175
89 177
89 178
89 179
90 91
90 95
90 104
90 106
90 109
90 110
90 113
90 115
90 116
90 117
90 120
90 121
90 123
90 124
90 126
90 128
90 130
90 131
90 132
90 133
90 134
90 135
90 138
90 140
90 141
90 145
90 147
90 151
90 152
90 153
90 154
90 157
90 158
90 159
90 164
90 168
90 170
90 175
90 177
90 178
91 93
91 94
91 99
91 101
91 102
91 103
91 104
91 107
91 108
91 109
91 112
91 113
91 115
91 116
91 118
91 122
91 123
91 124
91 125
91 126
91 127
91 129
91 135
91 136
91 138
91 139
91 145
91 147
91 152
91 153
91 154
91 157
91 160
91 163
91 168
91 170
91 171
91 172
91 173
91 175
91 177
91 178
92 96
92 98
92 99
92 100
92 102
92 105
92 106
92 108
92 110
92 111
92 117
92 120
92 126
92 127
92 129
92 130
92 132
92 138
92 139
92 141
92 142
92 146
92 147
92 148
92 149
92 151
92 153
92 157
92 162
92 165
92 166
92 168
92 169
92 173
92 176
92 177
92 179
93 95
93 96
93 97
93 98
93 100
93 101
93 106
93 107
93 109
93 110
93 111
93 112
93 116
93 118
93 120
93 123
93 124
93 125
93 132
93 134
93 135
93 136
93 139
93 141
93 143
93 147
93 148
93 149
93 153
93 155
93 156
93 157
93 165
93 166
93 168
93 172
93 173
93 176
93 178
93 179
94 95
94 98
94 100
94 101
94 102
94 103
94 105
94 109
94 112
94 114
94 115
94 116
94 118
94 119
94 120
94 122
94 123
94 124
94 126
94 131
94 132
94 134
94 137
94 140
94 141
94 142
94 143
94 144
94 150
94 151
94 154
94 155
94 157
94 158
94 159
94 160
94 163
94 165
94 166
94 167
94 169
94 170
94 172
94 178
94 179
95 97
95 101
95 102
95 103
95 108
95 109
95 110
95 111
95 112
95 113
95 118
95 119
95 121
95 122
95 125
95 126
95 127
95 128
95 131
95 133
95 135
95 137
95 140
95 141
95 146
95 148
95 150
95 151
95 152
95 153
95 155
95 157
95 158
95 163
95 165
95 166
95 168
95 175
95 176
95 177
95 178
95 179
96 97
96 98
96 99
96 101
96 104
96 106
96 108
96 110
96 113
96 117
96 119
96 121
96 125
96 127
96 128
96 129
96 134
96 136
96 137
96 138
96 139
96 141
96 142
96 143
96 144
96 145
96 146
96 148
96 149
96 150
96 151
96 152
96 153
96 155
96 161
96 162
96 163
96 166
96 167
96 168
96 169
96 174
96 179
97 99
97 102
97 105
97 106
97 108
97 111
97 114
97 115
97 117
97 122
97 123
97 124
97 128
97 131
97 132
97 134
97 136
97 137
97 138
97 141
97 142
97 143
97 145
97 148
97 151
97 153
97 154
97 158
97 159
97 162
97 166
97 170
97 171
97 172
97 173
97 174
97 175
97 178
97 179
98 99
98 102
98 103
98 104
98 107
98 108
98 109
98 111
98 115
98 117
98 120
98 123
98 130
98 132
98 135
98 136
98 137
98 139
98 141
98 144
98 145
98 148
98 149
98 152
98 153
98 155
98 156
98 160
98 161
98 162
98 163
98 164
98 167
98 170
98 171
98 172
98 175
98 176
98 177
98 178
99 100
99 101
99 102
99 103
99 106
99 109
99 114
99 115
99 118
99 120
99 122
99 125
99 126
99 128
99 130
99 138
99 139
99 140
99 141
99 146
99 147
99 149
99 151
99 152
99 154
99 155
99 156
99 157
99 164
99 165
99 166
99 167
99 169
99 170
99 171
99 172
99 173
99 174
99 175
99 178
99 179
100 105
100 108
100 109
100 114
100 116
100 117
100 120
100 125
100 126
100 127
100 130
100 134
100 137
100 138
100 143
100 144
100 147
100 148
100 151
100 154
100 159
100 160
100 165
100 167
100 170
100 172
100 174
100 175
100 179
101 102
101 104
101 106
101 107
101 109
101 110
101 115
101 116
101 120
101 121
101 122
101 123
101 126
101 127
101 128
101 129
101 130
101 134
101 137
101 140
101 141
101 142
101 143
101 146
101 148
101 149
101 155
101 157
101 159
101 162
101 163
101 164
101 165
101 168
101 170
101 171
101 172
101 175
101 176
101 178
102 106
102 107
102 108
102 109
102 110
102 112
102 120
102 121
102 122
102 124
102 125
102 128
102 129
102 130
102 131
102 135
102 138
102 140
102 142
102 147
102 148
102 150
102 152
102 153
102 156
102 157
102 158
102 160
102 162
102 164
102 165
102 166
102 169
102 172
102 173
102 174
102 175
102 177
102 178
102 179
103 107
103 109
103 114
103 115
103 121
103 123
103 125
103 131
103 132
103 134
103 138
103 140
103 142
103 144
103 145
103 150
103 151
103 152
103 155
103 157
103 158
103 159
103 160
103 162
103 165
103 168
103 170
103 175
104 105
104 106
104 108
104 110
104 111
104 113
104 114
104 117
104 118
104 122
104 123
104 124
104 128
104 129
104 131
104 136
104 137
104 138
104 139
104 140
104 143
104 145
104 146
104 148
104 149
104 152
104 153
104 154
104 155
104 156
104 157
104 160
104 163
104 166
104 167
104 168
104 171
104 172
104 174
104 176
104 177
104 178
105 107
105 108
105 117
105 118
105 123
105 125
105 126
105 128
105 129
105 130
105 131
105 132
105 133
105 134
105 135
105 136
105 138
105 139
105 142
105 145
105 146
105 149
105 150
105 151
105 152
105 153
105 154
105 155
105 158
105 163
105 164
105 168
105 170
105 171
105 173
105 174
105 176
105 177
105 179
106 107
106 108
106 109
106 110
106 111
106 112
106 113
106 115
106 116
106 118
106 119
106 120
106 121
106 122
106 123
106 125
106 126
106 130
106 133
106 134
106 137
106 139
106 141
106 145
106 147
106 149
106 150
106 153
106 155
106 156
106 159
106 160
106 163
106 164
106 168
106 169
106 170
106 171
106 172
106 175
106 177
106 178
106 179
107 110
107 112
107 113
107 116
107 117
107 118
107 121
107 122
107 124
107 125
107 126
107 128
107 130
107 131
107 132
107 135
107 137
107 138
107 139
107 140
107 141
107 142
107 146
107 150
107 153
107 154
107 155
107 157
107 159
107 160
107 165
107 166
107 173
107 175
107 176
107 177
107 178
108 110
108 111
108 112
108 113
108 114
108 120
108 122
108 123
108 125
108 126
108 128
108 130
108 131
108 134
108 135
108 139
108 142
108 144
108 146
108 149
108 150
108 153
108 155
108 157
108 158
108 159
108 160
108 161
108 162
108 163
108 164
108 165
108 167
108 170
108 172
108 173
108 177
109 110
109 113
109 114
109 115
109 116
109 117
109 119
109 122
109 123
109 125
109 127
109 130
109 131
109 134
109 135
109 139
109 140
109 143
109 145
109 154
109 156
109 158
109 160
109 169
109 170
109 172
109 173
109 176
109 179
110 112
110 113
110 117
110 118
110 119
110 121
110 123
110 125
110 131
110 132
110 141
110 142
110 144
110 145
110 147
110 152
110 154
110 155
110 158
110 160
110 161
110 162
110 164
110 165
110 167
110 171
110 172
110 173
110 175
110 176
110 177
110 178
111 115
111 117
111 118
111 120
111 122
111 123
111 124
111 127
111 128
111 129
111 130
111 132
111 133
111 135
111 136
111 138
111 141
111 145
111 147
111 149
111 150
111 155
111 156
111 157
111 160
111 161
111 162
111 165
111 166
111 168
111 169
111 171
111 175
111 176
111 179
112 119
112 120
112 122
112 123
112 124
112 125
112 126
112 127
112 131
112 133
112 134
112 136
112 137
112 138
112 139
112 140
112 143
112 144
112 147
112 150
112 153
112 154
112 155
112 156
112 163
112 164
112 165
112 166
112 168
112 172
112 175
112 176
113 114
113 117
113 118
113 121
113 124
113 127
113 128
113 135
113 136
113 138
113 141
113 143
113 145
113 146
113 147
113 150
113 151
113 152
113 153
113 155
113 157
113 158
113 161
113 164
113 165
113 167
113 168
113 169
113 171
113 173
113 176
113 177
113 178
113 179
114 116
114 117
114 118
114 120
114 121
114 122
114 124
114 125
114 126
114 129
114 130
114 133
114 137
114 138
114 140
114 142
114 143
114 144
114 146
114 149
114 152
114 156
114 157
114 159
114 160
114 161
114 162
114 163
114 165
114 166
114 167
114 169
114 170
114 171
114 172
114 173
114 174
115 116
115 122
115 123
115 127
115 129
115 130
115 132
115 134
115 135
115 136
115 138
115 139
115 140
115 141
115 149
115 150
115 151
115 152
115 156
115 159
115 161
115 163
115 164
115 165
115 167
115 168
115 171
115 173
115 174
115 177
115 179
116 117
116 119
116 120
116 123
116 125
116 126
116 129
116 131
116 134
116 136
116 139
116 140
116 142
116 144
116 146
116 149
116 150
116 153
116 154
116 155
116 156
116 157
116 158
116 160
116 161
116 162
116 163
116 166
116 167
116 168
116 170
116 174
116 175
116 176
116 177
116 178
116 179
117 118
117 120
117 122
117 124
117 125
117 126
117 127
117 128
117 130
117 132
117 134
117 136
117 137
117 138
117 140
117 142
117 143
117 144
117 146
117 147
117 149
117 151
117 152
117 153
117 154
117 155
117 156
117 159
117 162
117 163
117 166
117 167
117 172
117 174
117 177
117 178
117 179
118 119
118 121
118 122
118 124
118 125
118 126
118 127
118 128
118 129
118 130
118 133
118 137
118 138
118 139
118 140
118 141
118 143
118 144
118 145
118 151
118 153
118 154
118 156
118 160
118 161
118 162
118 164
118 165
118 167
118 169
118 170
118 173
118 177
118 178
118 179
119 121
119 122
119 123
119 125
119 130
119 131
119 132
119 133
119 136
119 139
119 143
119 144
119 145
119 146
119 147
119 148
119 149
119 151
119 153
119 156
119 159
119 160
119 164
119 165
119 167
119 168
119 171
119 172
119 173
119 177
119 179
120 124
120 125
120 126
120 128
120 129
120 130
120 132
120 137
120 138
120 141
120 144
120 146
120 147
120 149
120 150
120 151
120 153
120 154
120 156
120 158
120 161
120 164
120 166
120 170
120 173
120 176
120 178
121 124
121 125
121 126
121 128
121 129
121 131
121 133
121 134
121 135
121 139
121 143
121 144
121 145
121 146
121 150
121 153
121 154
121 155
121 158
121 160
121 162
121 163
121 164
121 168
121 169
121 172
121 177
122 126
122 127
122 128
122 129
122 132
122 133
122 135
122 137
122 138
122 140
122 141
122 143
122 147
122 149
122 150
122 157
122 159
122 163
122 164
122 171
122 173
122 175
122 177
122 178
123 127
123 129
123 130
123 131
123 132
123 133
123 136
123 140
123 141
123 146
123 148
123 149
123 150
123 152
123 153
123 154
123 156
123 161
123 164
123 166
123 167
123 171
123 174
123 175
123 178
124 125
124 127
124 129
124 132
124 134
124 139
124 142
124 143
124 144
124 146
124 147
124 150
124 151
124 152
124 154
124 155
124 156
124 158
124 160
124 161
124 162
124 163
124 164
124 166
124 167
124 174
124 176
124 177
125 126
125 127
125 129
125 133
125 136
125 137
125 138
125 140
125 141
125 144
125 145
125 147
125 148
125 152
125 154
125 155
125 156
125 158
125 161
125 162
125 171
125 173
125 174
125 175
125 176
125 177
126 131
126 134
126 135
126 136
126 137
126 138
126 141
126 142
126 144
126 146
126 148
126 149
126 153
126 155
126 156
126 157
126 159
126 161
126 162
126 163
126 164
126 166
126 168
126 169
126 172
126 176
126 177
127 128
127 129
127 132
127 136
127 138
127 139
127 141
127 143
127 144
127 146
127 147
127 148
127 150
127 153
127 154
127 159
127 162
127 163
127 164
127 168
127 169
127 170
127 174
127 176
127 178
128 129
128 132
128 134
128 136
128 143
128 145
128 147
128 148
128 151
128 152
128 154
128 155
128 160
128 162
128 163
128 167
128 169
128 170
128 171
128 173
128 175
128 178
128 179
129 130
129 132
129 134
129 136
129 137
129 141
129 142
129 145
129 147
129 149
129 150
129 151
129 153
129 158
129 160
129 162
129 163
129 166
129 167
129 170
129 172
129 177
129 178
129 179
130 131
130 132
130 134
130 135
130 137
130 138
130 140
130 142
130 145
130 146
130 147
130 149
130 150
130 152
130 155
130 157
130 158
130 160
130 161
130 162
130 166
130 171
130 172
130 175
130 177
131 133
131 135
131 137
131 142
131 143
131 145
131 148
131 151
131 156
131 157
131 159
131 161
131 163
131 165
131 166
131 170
131 172
131 173
131 174
131 176
131 177
131 178
132 134
132 135
132 136
132 137
132 139
132 141
132 143
132 147
132 149
132 154
132 157
132 158
132 162
132 164
132 166
132 167
132 170
132 172
132 173
132 177
132 178
133 137
133 138
133 139
133 141
133 145
133 146
133 150
133 151
133 154
133 156
133 158
133 160
133 163
133 164
133 166
133 167
133 169
133 171
133 173
133 174
133 176
133 177
133 178
133 179
134 136
134 139
134 141
134 143
134 146
134 148
134 151
134 152
134 154
134 155
134 159
134 162
134 163
134 164
134 165
134 167
134 168
134 169
134 170
134 171
134 174
134 175
134 176
134 178
135 136
135 137
135 141
135 142
135 145
135 149
135 150
135 151
135 153
135 154
135 155
135 156
135 158
135 159
135 160
135 161
135 162
135 163
135 166
135 170
135 171
135 177
136 137
136 138
136 139
136 144
136 145
136 146
136 147
136 148
136 150
136 151
136 155
136 158
136 159
136 161
136 163
136 165
136 166
136 167
136 169
136 170
136 171
136 173
136 176
136 178
137 138
137 139
137 140
137 141
137 143
137 145
137 148
137 152
137 154
137 158
137 160
137 162
137 164
137 167
137 169
137 170
137 171
137 175
137 176
137 178
138 139
138 140
138 145
138 146
138 152
138 154
138 155
138 156
138 157
138 162
138 164
138 165
138 167
138 168
138 169
138 170
138 172
138 173
138 174
138 175
138 176
138 178
139 140
139 142
139 143
139 144
139 145
139 146
139 147
139 154
139 155
139 157
139 159
139 160
139 161
139 162
139 164
139 165
139 166
139 168
139 171
139 172
139 178
139 179
140 142
140 143
140 144
140 145
140 146
140 147
140 149
140 150
140 151
140 153
140 157
140 158
140 159
140 160
140 161
140 166
140 168
140 169
140 171
140 172
140 178
141 145
141 147
141 148
141 149
141 151
141 152
141 154
141 155
141 158
141 160
141 163
141 165
141 166
141 167
141 169
141 170
141 171
141 172
141 177
141 178
142 143
142 144
142 146
142 147
142 149
142 150
142 151
142 153
142 154
142 155
142 157
142 161
142 163
142 169
142 172
142 173
142 174
142 175
143 147
143 148
143 150
143 151
143 159
143 165
143 166
143 167
143 168
143 169
143 171
143 173
143 174
143 175
143 176
143 179
144 148
144 149
144 153
144 156
144 158
144 160
144 161
144 163
144 164
144 165
144 167
144 168
144 171
144 173
144 175
144 176
144 178
145 146
145 151
145 153
145 156
145 157
145 161
145 162
145 165
145 166
145 167
145 168
145 169
145 171
145 174
145 175
146 148
146 149
146 153
146 154
146 159
146 161
146 164
146 167
146 168
146 170
146 173
146 175
146 176
147 151
147 152
147 153
147 156
147 162
147 163
147 164
147 165
147 166
147 169
147 170
147 171
147 173
147 175
147 177
147 179
148 149
148 151
148 152
148 154
148 155
148 158
148 159
148 160
148 162
148 163
148 167
148 171
148 173
148 174
148 175
148 176
148 177
148 178
149 151
149 153
149 154
149 156
149 157
149 159
149 160
149 161
149 162
149 163
149 165
149 166
149 167
149 169
149 170
149 171
149 172
149 173
149 174
149 176
149 177
150 151
150 152
150 154
150 156
150 157
150 159
150 161
150 162
150 165
150 171
150 172
150 175
150 176
150 177
150 179
151 153
151 156
151 157
151 159
151 161
151 164
151 165
151 167
151 168
151 171
151 173
151 174
151 175
151 178
151 179
152 153
152 154
152 162
152 163
152 164
152 165
152 168
152 171
152 172
152 174
152 176
153 156
153 159
153 164
153 165
153 169
153 171
153 172
153 173
153 174
153 175
153 177
154 158
154 159
154 160
154 162
154 163
154 168
154 170
154 172
154 177
154 178
155 157
155 158
155 160
155 162
155 163
155 165
155 166
155 170
155 178
155 179
156 157
156 158
156 161
156 162
156 164
156 165
156 166
156 167
156 169
156 170
156 175
156 177
156 178
156 179
157 159
157 160
157 161
157 163
157 167
157 168
157 170
157 171
157 172
157 173
157 174
157 175
157 178
157 179
158 159
158 160
158 161
158 168
158 169
158 170
158 175
158 176
158 177
158 178
158 179
159 161
159 162
159 165
159 166
159 169
159 171
159 172
159 173
159 174
159 175
159 176
160 162
160 163
160 165
160 170
160 171
160 174
160 175
160 176
160 178
160 179
161 165
161 166
161 167
161 168
161 169
161 170
161 171
161 172
161 173
161 175
161 176
162 164
162 166
162 167
162 168
162 169
162 170
162 171
162 174
162 178
162 179
163 169
163 172
163 174
163 175
163 178
163 179
164 165
164 166
164 167
164 169
164 171
164 172
164 173
164 174
164 175
164 176
164 178
164 179
165 166
165 167
165 169
165 170
165 173
165 174
165 176
165 177
166 167
166 168
166 169
166 170
166 176
166 178
167 169
167 170
167 172
167 173
167 176
167 177
168 169
168 174
168 175
168 177
168 178
169 172
169 174
169 176
169 178
169 179
170 172
170 175
171 173
171 175
171 177
171 178
171 179
172 173
172 174
172 177
172 178
173 175
173 177
173 178
173 179
174 175
174 176
174 178
174 179
175 179
176 178
177 178
175 109 78 16 123 83 164 144 101 64 116 142 74 162 29 22 103 25
98 102 67 122 152 24 168 69 3 120 11 91 26 47 113 146 58 39
66 126 57 75 135 5 118 149 159 41 9 117 157 72 95 30 179 136
89 44 124 10 4 15 0 177 62 173 12 38 40 19 128 119 77 70
61 65 108 97 48 111 2 68 132 148 125 94 131 84 13 137 171 153
71 92 163 53 140 167 8 176 36 49 129 121 46 27 31 1 141 14
160 28 165 79 105 100 45 133 155 80 33 156 106 110 85 54 42 150
32 158 18 112 138 17 143 50 21 87 76 139 81 115 90 161 99 154
55 7 6 37 134 151 73 51 96 114 93 145 174 130 170 23 107 43
20 178 52 35 172 60 86 169 56 82 88 104 63 59 127 166 147 34
