140
1983
4
99.71
77.58
3.55
11.39
0 7
0 16
0 18
0 19
0 20
0 31
0 34
0 35
0 36
0 37
0 40
0 45
0 49
0 50
0 52
0 60
0 69
0 70
0 75
0 79
0 85
0 89
0 92
0 93
0 98
0 99
0 102
0 110
0 112
0 117
0 118
0 122
0 132
1 7
1 8
1 13
1 14
1 35
1 39
1 42
1 44
1 50
1 58
1 77
1 78
1 87
1 98
1 103
1 104
1 106
1 114
1 115
1 116
1 124
1 125
1 127
1 129
2 3
2 6
2 7
2 8
2 12
2 13
2 16
2 19
2 26
2 34
2 36
2 39
2 53
2 57
2 58
2 60
2 70
2 74
2 77
2 78
2 92
2 94
2 99
2 108
2 112
2 117
2 119
2 125
2 127
2 129
2 136
3 6
3 22
3 27
3 34
3 39
3 41
3 45
3 49
3 52
3 59
3 64
3 74
3 85
3 86
3 89
3 92
3 94
3 109
3 112
3 119
3 134
3 137
4 11
4 19
4 24
4 31
4 34
4 35
4 45
4 48
4 54
4 58
4 59
4 65
4 69
4 77
4 87
4 89
4 91
4 94
4 95
4 97
4 105
4 109
4 116
4 117
4 120
4 123
4 124
4 134
4 135
4 138
4 139
5 6
5 12
5 20
5 27
5 29
5 41
5 47
5 56
5 60
5 68
5 70
5 73
5 74
5 85
5 86
5 95
5 96
5 97
5 98
5 105
5 106
5 109
5 117
5 124
5 125
5 128
5 131
5 132
5 135
5 136
5 137
5 139
6 14
6 17
6 21
6 28
6 30
6 33
6 34
6 39
6 44
6 45
6 48
6 50
6 56
6 57
6 61
6 62
6 67
6 78
6 80
6 86
6 90
6 93
6 97
6 98
6 114
6 124
6 128
6 131
7 15
7 18
7 21
7 27
7 30
7 34
7 37
7 41
7 45
7 47
7 55
7 61
7 62
7 63
7 64
7 68
7 72
7 83
7 92
7 100
7 103
7 107
7 115
8 22
8 23
8 26
8 31
8 37
8 38
8 40
8 42
8 43
8 46
8 48
8 52
8 56
8 60
8 63
8 64
8 66
8 73
8 77
8 78
8 81
8 88
8 91
8 92
8 99
8 100
8 111
8 113
8 116
8 128
8 130
8 133
9 12
9 16
9 27
9 39
9 41
9 47
9 52
9 58
9 60
9 61
9 64
9 72
9 76
9 80
9 92
9 98
9 101
9 107
9 115
9 120
9 126
9 134
9 136
9 138
10 14
10 27
10 28
10 34
10 37
10 51
10 56
10 72
10 76
10 79
10 81
10 84
10 94
10 99
10 102
10 117
10 131
10 133
10 134
10 139
11 15
11 16
11 18
11 30
11 32
11 34
11 43
11 46
11 48
11 76
11 77
11 84
11 90
11 97
11 114
11 115
11 121
11 127
11 129
11 133
11 134
12 16
12 20
12 27
12 32
12 34
12 45
12 60
12 62
12 64
12 65
12 70
12 80
12 83
12 84
12 95
12 97
12 100
12 103
12 108
12 115
12 117
12 119
12 123
12 133
12 134
12 136
12 137
13 20
13 28
13 31
13 36
13 38
13 44
13 48
13 57
13 62
13 70
13 72
13 76
13 82
13 85
13 86
13 91
13 92
13 98
13 105
13 114
13 116
13 131
13 132
13 134
14 17
14 18
14 20
14 22
14 28
14 34
14 56
14 65
14 69
14 74
14 79
14 88
14 98
14 100
14 107
14 108
14 110
14 113
14 115
14 116
14 119
14 123
14 129
14 134
14 135
14 137
15 18
15 21
15 29
15 30
15 32
15 33
15 41
15 46
15 63
15 64
15 70
15 72
15 75
15 77
15 84
15 86
15 94
15 101
15 106
15 109
15 112
15 117
15 120
15 125
15 128
15 138
16 25
16 27
16 31
16 41
16 48
16 49
16 51
16 55
16 56
16 57
16 60
16 63
16 66
16 70
16 74
16 83
16 85
16 88
16 92
16 95
16 102
16 103
16 105
16 107
16 115
16 121
16 124
17 24
17 28
17 31
17 38
17 39
17 43
17 50
17 53
17 58
17 60
17 67
17 71
17 74
17 75
17 92
17 95
17 100
17 104
17 111
17 115
17 116
17 132
17 135
18 27
18 35
18 51
18 52
18 57
18 62
18 67
18 69
18 72
18 78
18 80
18 82
18 83
18 89
18 90
18 94
18 95
18 97
18 115
18 118
18 124
18 130
19 27
19 29
19 43
19 45
19 48
19 52
19 56
19 61
19 81
19 84
19 85
19 86
19 88
19 108
19 112
19 116
19 119
19 128
19 133
19 135
20 36
20 41
20 48
20 52
20 53
20 60
20 61
20 76
20 81
20 88
20 94
20 97
20 104
20 106
20 113
20 122
20 126
20 129
21 22
21 25
21 31
21 45
21 46
21 49
21 50
21 55
21 57
21 59
21 68
21 71
21 72
21 75
21 76
21 86
21 87
21 90
21 91
21 94
21 97
21 106
21 116
21 125
21 127
21 128
21 132
21 133
21 138
22 25
22 27
22 30
22 37
22 42
22 51
22 60
22 61
22 66
22 75
22 77
22 86
22 89
22 91
22 94
22 107
22 109
22 112
22 113
22 121
22 122
22 129
22 133
22 134
22 136
23 30
23 31
23 45
23 47
23 48
23 53
23 65
23 73
23 79
23 82
23 89
23 95
23 102
23 112
23 115
23 121
23 132
23 135
23 138
24 28
24 30
24 31
24 32
24 33
24 36
24 46
24 49
24 60
24 69
24 73
24 74
24 75
24 93
24 98
24 99
24 109
24 110
24 111
24 113
24 120
24 128
24 129
24 130
24 131
24 136
24 137
25 34
25 36
25 39
25 45
25 54
25 55
25 67
25 69
25 71
25 72
25 86
25 90
25 93
25 95
25 103
25 111
25 113
25 115
25 119
25 127
25 130
25 131
26 38
26 41
26 48
26 52
26 54
26 57
26 65
26 68
26 72
26 75
26 78
26 79
26 98
26 108
26 115
26 125
26 132
26 138
27 29
27 32
27 37
27 40
27 41
27 42
27 48
27 53
27 55
27 58
27 60
27 62
27 64
27 65
27 67
27 74
27 80
27 87
27 89
27 93
27 103
27 105
27 108
27 109
27 110
27 113
27 115
27 126
27 132
27 138
28 42
28 43
28 46
28 52
28 57
28 66
28 67
28 69
28 79
28 81
28 82
28 89
28 90
28 91
28 104
28 107
28 109
28 111
28 112
28 117
28 118
28 122
28 129
28 130
28 132
28 137
29 33
29 44
29 56
29 61
29 68
29 74
29 84
29 97
29 102
29 104
29 114
29 116
29 122
29 126
29 138
30 31
30 39
30 44
30 48
30 51
30 52
30 64
30 65
30 67
30 73
30 80
30 84
30 85
30 94
30 96
30 97
30 113
30 117
30 122
30 125
30 129
30 133
30 137
30 138
30 139
31 35
31 36
31 39
31 54
31 59
31 64
31 65
31 67
31 71
31 87
31 88
31 91
31 97
31 108
31 110
31 111
31 125
31 130
31 132
31 133
31 136
32 51
32 52
32 61
32 71
32 74
32 80
32 82
32 86
32 91
32 94
32 99
32 100
32 103
32 105
32 124
32 130
32 134
33 38
33 45
33 48
33 49
33 58
33 64
33 67
33 83
33 85
33 89
33 90
33 92
33 99
33 103
33 112
33 118
33 119
33 129
34 39
34 40
34 59
34 65
34 70
34 73
34 79
34 80
34 92
34 97
34 102
34 111
34 112
34 117
34 119
34 121
34 123
34 124
34 125
34 134
35 42
35 45
35 54
35 62
35 63
35 70
35 73
35 74
35 78
35 80
35 86
35 87
35 92
35 104
35 105
35 109
35 113
35 126
35 129
35 133
35 138
36 37
36 39
36 41
36 51
36 59
36 64
36 65
36 67
36 75
36 78
36 86
36 93
36 95
36 105
36 117
36 119
36 121
36 127
36 130
36 134
36 135
36 137
37 51
37 53
37 58
37 66
37 68
37 69
37 78
37 79
37 86
37 93
37 103
37 106
37 108
37 114
37 116
37 122
37 123
37 124
37 129
37 130
37 132
37 139
38 44
38 46
38 49
38 50
38 51
38 68
38 70
38 79
38 86
38 96
38 97
38 100
38 103
38 105
38 107
38 108
38 118
38 125
38 132
38 135
39 43
39 61
39 65
39 69
39 70
39 76
39 85
39 86
39 92
39 101
39 103
39 106
39 108
39 109
39 121
39 122
39 127
39 130
39 132
39 137
39 138
40 56
40 65
40 69
40 73
40 76
40 78
40 90
40 92
40 94
40 96
40 99
40 102
40 105
40 107
40 109
40 118
40 123
40 132
41 49
41 58
41 60
41 70
41 79
41 81
41 95
41 99
41 100
41 102
41 103
41 112
41 113
41 119
41 129
41 133
41 134
42 48
42 55
42 65
42 69
42 70
42 93
42 100
42 103
42 105
42 111
42 119
42 125
42 127
42 132
42 133
43 46
43 63
43 64
43 67
43 75
43 82
43 88
43 95
43 96
43 101
43 102
43 110
43 111
43 112
43 116
43 120
43 122
43 123
43 127
43 135
44 50
44 54
44 62
44 72
44 81
44 89
44 91
44 93
44 97
44 100
44 105
44 123
44 127
44 130
44 133
45 47
45 55
45 61
45 63
45 75
45 80
45 85
45 86
45 105
45 120
45 134
46 47
46 48
46 50
46 51
46 53
46 60
46 69
46 71
46 73
46 81
46 89
46 90
46 91
46 92
46 95
46 97
46 99
46 103
46 106
46 113
46 118
46 119
46 121
46 127
46 129
46 134
46 136
47 50
47 64
47 75
47 76
47 78
47 79
47 86
47 88
47 89
47 91
47 95
47 97
47 103
47 106
47 107
47 112
47 113
47 115
47 124
47 128
47 129
47 130
47 131
47 132
47 137
48 52
48 54
48 55
48 59
48 68
48 69
48 74
48 75
48 79
48 82
48 84
48 87
48 93
48 96
48 112
48 114
48 121
48 123
48 124
48 125
48 126
48 129
48 135
48 139
49 52
49 59
49 62
49 64
49 69
49 71
49 76
49 80
49 87
49 91
49 94
49 96
49 101
49 104
49 105
49 107
49 111
49 121
49 127
49 135
49 137
50 52
50 62
50 68
50 69
50 75
50 77
50 78
50 84
50 87
50 88
50 94
50 97
50 103
50 109
50 117
50 118
50 125
50 131
50 132
50 134
50 138
50 139
51 52
51 56
51 57
51 67
51 75
51 82
51 91
51 96
51 102
51 109
51 110
51 114
51 117
51 122
51 125
51 130
51 138
52 67
52 88
52 95
52 98
52 103
52 112
52 118
52 119
52 122
52 128
52 129
52 131
52 137
52 138
53 59
53 67
53 74
53 75
53 78
53 81
53 82
53 85
53 88
53 100
53 104
53 107
53 109
53 110
53 114
53 120
53 124
54 56
54 66
54 67
54 71
54 73
54 75
54 80
54 81
54 83
54 84
54 86
54 88
54 90
54 91
54 92
54 97
54 99
54 105
54 106
54 108
54 111
54 114
54 116
54 139
55 68
55 73
55 76
55 83
55 89
55 91
55 96
55 99
55 100
55 101
55 102
55 105
55 113
55 114
55 119
55 120
55 127
55 134
55 135
55 138
56 57
56 73
56 92
56 99
56 103
56 124
56 126
56 128
56 130
56 135
57 59
57 64
57 69
57 74
57 77
57 84
57 89
57 92
57 96
57 98
57 105
57 106
57 108
57 110
57 113
57 114
57 120
57 124
57 125
57 126
57 127
57 128
57 137
57 138
58 59
58 62
58 63
58 71
58 75
58 77
58 86
58 91
58 97
58 102
58 103
58 105
58 107
58 110
58 120
58 122
58 125
59 62
59 64
59 66
59 67
59 74
59 76
59 93
59 95
59 102
59 111
59 112
59 121
59 123
59 124
59 125
59 126
59 130
59 136
59 137
59 138
60 63
60 67
60 69
60 74
60 79
60 91
60 99
60 102
60 108
60 112
60 116
60 123
60 129
60 135
61 80
61 84
61 94
61 102
61 103
61 104
61 105
61 114
61 138
62 74
62 84
62 87
62 88
62 89
62 93
62 96
62 98
62 100
62 103
62 113
62 114
62 115
62 116
62 138
63 72
63 76
63 77
63 80
63 81
63 82
63 89
63 93
63 97
63 103
63 106
63 116
63 125
63 127
63 134
63 135
63 136
63 137
63 139
64 65
64 66
64 71
64 74
64 78
64 80
64 87
64 89
64 90
64 95
64 99
64 104
64 107
64 111
64 117
64 120
64 128
64 136
65 69
65 71
65 72
65 77
65 78
65 79
65 84
65 88
65 90
65 92
65 101
65 103
65 105
65 112
65 113
65 116
65 124
65 128
65 130
65 132
65 137
66 71
66 76
66 78
66 82
66 84
66 85
66 90
66 92
66 95
66 99
66 103
66 108
66 114
66 123
66 132
67 68
67 83
67 86
67 89
67 90
67 93
67 105
67 106
67 114
67 116
67 130
67 137
68 87
68 91
68 94
68 96
68 102
68 105
68 113
68 118
68 124
68 127
68 128
69 74
69 75
69 83
69 85
69 87
69 94
69 95
69 98
69 104
69 112
69 115
69 119
69 130
69 133
69 134
69 138
70 71
70 74
70 78
70 80
70 81
70 84
70 86
70 90
70 91
70 95
70 97
70 99
70 101
70 102
70 104
70 111
70 116
70 121
70 132
70 139
71 75
71 77
71 80
71 82
71 86
71 91
71 93
71 101
71 102
71 110
71 116
71 126
71 132
71 133
71 135
71 139
72 77
72 78
72 81
72 88
72 100
72 110
72 117
72 120
72 132
72 133
72 137
73 75
73 81
73 87
73 89
73 96
73 97
73 99
73 101
73 104
73 107
73 112
73 119
73 130
73 134
74 75
74 77
74 85
74 87
74 88
74 92
74 107
74 111
74 120
74 124
74 131
74 132
74 139
75 81
75 87
75 88
75 89
75 90
75 91
75 93
75 95
75 103
75 106
75 114
75 118
75 120
75 125
75 126
75 127
75 128
75 134
76 80
76 84
76 85
76 86
76 97
76 98
76 99
76 103
76 106
76 111
76 115
76 127
76 129
76 132
76 134
76 139
77 78
77 79
77 80
77 88
77 94
77 106
77 110
77 115
77 117
77 118
77 122
77 125
77 127
77 132
78 85
78 89
78 90
78 100
78 104
78 109
78 120
78 124
78 126
78 135
78 137
79 82
79 87
79 91
79 95
79 98
79 105
79 106
79 108
79 122
79 135
80 85
80 93
80 95
80 97
80 103
80 112
80 116
80 117
80 123
80 125
80 126
80 128
80 130
80 137
81 82
81 102
81 104
81 105
81 107
81 112
81 117
81 123
81 133
82 86
82 88
82 90
82 91
82 93
82 97
82 101
82 104
82 106
82 109
82 110
82 112
82 114
82 122
82 138
83 86
83 87
83 89
83 94
83 98
83 102
83 108
83 112
83 120
83 128
83 130
83 133
83 136
84 96
84 102
84 106
84 109
84 110
84 113
84 124
84 133
84 134
84 135
84 138
85 86
85 102
85 104
85 107
85 109
85 116
85 124
85 125
85 126
85 129
85 132
85 134
86 89
86 93
86 99
86 102
86 108
86 120
86 126
86 127
86 137
86 139
87 92
87 93
87 99
87 102
87 103
87 107
87 108
87 110
87 115
87 116
87 117
87 122
87 124
87 125
87 129
87 133
87 134
87 139
88 92
88 94
88 97
88 101
88 102
88 106
88 109
88 111
88 114
88 126
88 127
88 131
88 135
89 92
89 95
89 101
89 104
89 111
89 115
89 121
89 122
89 124
89 125
89 126
89 130
90 91
90 104
90 111
90 117
90 118
90 121
90 127
90 130
90 139
91 96
91 97
91 101
91 104
91 110
91 117
91 119
91 123
91 126
91 135
92 107
92 114
92 126
92 131
92 134
93 102
93 105
93 106
93 109
93 110
93 121
93 122
93 123
93 129
93 131
93 132
93 134
94 96
94 97
94 99
94 112
94 130
94 138
94 139
95 98
95 100
95 102
95 106
95 112
95 113
95 120
95 126
95 128
96 105
96 106
96 117
96 118
96 123
96 133
97 98
97 100
97 104
97 105
97 114
97 124
97 125
97 127
97 129
97 132
97 134
97 137
98 100
98 103
98 104
98 110
98 112
98 115
98 116
98 125
98 132
98 136
98 137
99 112
99 123
99 128
99 133
99 134
99 137
100 116
100 118
100 127
100 130
100 133
100 137
101 104
101 110
101 112
101 113
101 115
101 116
101 117
101 118
101 125
101 132
102 104
102 107
102 110
102 115
102 125
102 137
103 107
103 119
103 129
103 133
104 109
104 110
104 116
104 121
104 129
104 136
105 111
105 120
106 109
106 118
106 121
106 125
106 133
106 138
107 111
107 112
107 116
107 128
107 133
107 134
107 137
108 115
108 118
108 119
108 120
108 122
108 127
108 134
109 110
109 118
109 120
109 122
109 123
109 136
109 138
110 115
110 116
110 120
110 121
110 124
110 127
110 128
110 129
110 133
111 115
111 116
111 121
111 127
112 114
112 119
112 122
112 124
112 125
112 126
112 127
112 131
113 116
113 124
113 133
113 135
114 116
114 119
114 121
114 124
114 125
114 129
114 133
115 116
115 120
115 125
115 135
115 136
115 138
116 120
116 127
116 128
116 132
116 133
116 134
117 124
117 127
117 130
118 120
118 123
118 128
119 123
119 133
119 135
119 138
120 123
120 125
120 132
120 134
121 123
121 125
121 129
121 138
122 128
122 135
123 128
123 134
123 136
124 127
124 138
125 126
125 133
126 129
126 136
127 130
127 133
127 137
127 139
128 138
128 139
130 135
132 134
133 137
135 137
135 138
136 137
112 99 81 14 70 87 15 103 104 43 135 40 32 18 119 101 4 30 75 127 67 107 36 134 19 61 9 44 124 42 71 38 126 60 138 84 116 1 31 6 29 50
92 48 69 11 17 37 90 85 58 53 117 13 78 41 7 51 56 93 23 105 46 65 96 28 122 35 64 34 74 45 121 79 57 62 125 100 73 25 131 114 20 130
98 77 136 49 129 128 82 80 33 5 95 59 109 88 139 123 86 91 76 132 54 133 24 8 68 72 39 66 113 12 94 22 83 47 97 27 118 102 106 10 110 111
16 52 108 26 137 120 63 115 89 21 0 3 2 55
