170
1450
10
15.7
43.58
43.28
15.15
58.95
19.5
22.88
88.3
3.32
77.95
0 1
0 38
0 39
0 42
0 47
0 59
0 63
0 65
0 79
0 81
0 82
0 94
0 99
0 105
0 108
0 115
0 125
0 137
0 144
0 145
0 146
0 147
0 169
1 16
1 27
1 42
1 48
1 51
1 84
1 88
1 104
1 113
1 127
1 129
1 160
2 18
2 19
2 35
2 43
2 47
2 49
2 60
2 75
2 91
2 92
2 94
2 115
2 134
2 141
2 164
2 166
3 4
3 7
3 8
3 11
3 17
3 36
3 43
3 56
3 61
3 74
3 82
3 110
3 111
3 137
3 142
3 144
3 152
3 156
3 158
3 160
3 166
3 169
4 12
4 28
4 30
4 55
4 59
4 61
4 72
4 89
4 90
4 107
4 120
4 130
4 132
4 140
4 148
4 149
4 151
4 168
4 169
5 10
5 11
5 23
5 25
5 48
5 67
5 72
5 84
5 107
5 127
5 129
5 139
5 145
5 159
5 160
5 163
6 9
6 20
6 21
6 38
6 39
6 63
6 64
6 96
6 105
6 110
6 114
6 120
6 154
6 159
7 16
7 23
7 29
7 32
7 33
7 50
7 72
7 116
7 117
7 119
7 141
7 145
8 23
8 35
8 40
8 46
8 87
8 88
8 94
8 102
8 109
8 129
9 10
9 14
9 33
9 34
9 49
9 51
9 56
9 66
9 100
9 149
9 163
9 169
10 15
10 35
10 36
10 42
10 49
10 55
10 73
10 81
10 85
10 86
10 87
10 98
10 99
10 113
10 122
10 133
10 134
10 143
10 147
10 152
10 166
11 17
11 29
11 60
11 84
11 107
11 109
11 134
11 137
11 146
11 158
11 167
11 168
12 40
12 44
12 49
12 60
12 77
12 85
12 86
12 97
12 112
12 113
12 134
12 146
12 162
12 164
13 30
13 33
13 34
13 40
13 57
13 58
13 60
13 80
13 89
13 94
13 102
13 106
13 107
13 110
13 141
13 148
13 150
13 152
13 155
13 159
14 17
14 26
14 27
14 35
14 60
14 61
14 63
14 71
14 91
14 103
14 126
14 138
14 156
14 158
14 159
14 161
14 163
15 18
15 23
15 27
15 35
15 37
15 47
15 64
15 98
15 110
15 112
15 119
15 130
15 142
15 146
15 164
15 167
16 19
16 24
16 27
16 30
16 47
16 50
16 56
16 66
16 81
16 84
16 85
16 113
16 140
16 141
16 154
16 168
17 36
17 43
17 53
17 75
17 78
17 82
17 83
17 87
17 132
17 133
17 163
18 70
18 90
18 109
18 112
18 124
18 125
18 128
18 146
18 149
18 160
18 165
18 166
18 169
19 39
19 81
19 113
19 117
19 122
19 125
19 131
19 134
19 140
19 152
19 167
20 34
20 61
20 65
20 70
20 92
20 102
20 110
20 113
20 143
20 156
20 159
20 163
20 167
21 33
21 40
21 41
21 62
21 65
21 77
21 82
21 108
21 128
21 129
21 137
21 158
22 32
22 39
22 43
22 45
22 56
22 60
22 75
22 78
22 90
22 92
22 93
22 104
22 108
22 111
22 112
22 115
22 117
22 131
22 134
22 144
23 24
23 25
23 38
23 51
23 61
23 65
23 77
23 84
23 88
23 98
23 101
23 104
23 117
23 119
23 122
23 142
23 146
23 150
23 169
24 26
24 31
24 33
24 39
24 40
24 63
24 72
24 79
24 85
24 88
24 94
24 98
24 127
24 129
24 130
24 135
24 137
24 145
24 149
24 152
24 156
24 161
24 164
25 39
25 54
25 60
25 67
25 70
25 71
25 74
25 89
25 92
25 103
25 129
25 134
26 38
26 41
26 55
26 63
26 79
26 86
26 101
26 118
26 139
26 142
26 143
26 150
26 151
26 154
26 161
26 162
27 35
27 85
27 103
27 114
27 116
27 121
27 142
27 145
27 154
27 162
27 165
27 168
28 37
28 41
28 79
28 84
28 85
28 94
28 106
28 123
28 130
28 137
28 139
28 142
28 150
28 154
28 160
28 165
28 167
29 47
29 52
29 58
29 60
29 64
29 69
29 71
29 72
29 74
29 75
29 85
29 94
29 97
29 115
29 119
29 127
29 128
29 132
29 150
29 158
29 164
29 166
30 55
30 57
30 61
30 63
30 69
30 70
30 74
30 76
30 81
30 85
30 87
30 92
30 94
30 110
30 150
30 169
31 37
31 38
31 40
31 42
31 50
31 51
31 55
31 73
31 75
31 90
31 95
31 120
31 123
31 143
31 169
32 43
32 46
32 64
32 73
32 85
32 92
32 102
32 105
32 115
32 117
32 139
32 163
32 167
33 37
33 50
33 51
33 54
33 59
33 86
33 106
33 117
33 120
33 126
33 128
33 148
33 152
33 157
33 168
34 55
34 77
34 93
34 99
34 111
34 117
34 118
34 119
34 127
34 128
34 132
34 136
34 159
34 161
34 163
35 36
35 65
35 83
35 89
35 94
35 101
35 109
35 110
35 129
35 136
35 158
35 160
35 165
36 41
36 57
36 73
36 76
36 77
36 80
36 81
36 90
36 110
36 119
36 122
36 139
36 142
36 143
37 56
37 58
37 90
37 97
37 103
37 109
37 121
37 126
37 127
37 130
37 134
37 151
38 52
38 70
38 83
38 85
38 92
38 116
38 127
38 129
38 151
38 161
39 40
39 60
39 75
39 80
39 82
39 123
39 130
39 159
40 49
40 62
40 63
40 71
40 105
40 106
40 122
40 134
40 142
40 146
40 149
40 151
40 154
40 156
40 165
41 75
41 83
41 96
41 105
41 107
41 109
41 136
41 141
41 148
41 155
41 157
42 60
42 69
42 84
42 100
42 101
42 103
42 106
42 128
42 136
42 138
42 157
43 56
43 60
43 71
43 82
43 92
43 111
43 123
43 128
43 133
43 141
43 167
44 66
44 72
44 75
44 81
44 88
44 93
44 99
44 100
44 103
44 114
44 122
44 128
44 158
44 168
45 74
45 78
45 81
45 91
45 94
45 99
45 110
45 113
45 116
45 119
45 120
45 125
45 127
45 128
45 134
45 146
45 155
45 157
45 159
45 166
45 167
45 169
46 63
46 68
46 73
46 93
46 116
46 125
46 129
46 136
46 146
46 157
46 158
46 167
47 48
47 53
47 54
47 59
47 86
47 93
47 100
47 113
47 116
47 119
47 126
47 128
47 130
47 131
47 143
47 149
47 151
47 158
47 163
48 53
48 59
48 67
48 70
48 71
48 82
48 84
48 103
48 112
48 114
48 139
49 54
49 70
49 75
49 84
49 110
49 119
49 122
49 123
49 130
49 135
49 138
49 143
49 146
49 151
49 158
49 161
49 165
49 167
50 53
50 61
50 74
50 87
50 88
50 97
50 109
50 115
50 116
50 120
50 147
50 156
51 60
51 65
51 68
51 73
51 83
51 88
51 90
51 91
51 92
51 97
51 99
51 129
51 134
51 135
52 56
52 59
52 60
52 86
52 103
52 104
52 112
52 114
52 125
52 139
53 70
53 74
53 77
53 79
53 113
53 119
53 121
53 153
53 161
53 167
54 66
54 71
54 76
54 78
54 85
54 93
54 95
54 109
54 124
54 149
55 59
55 64
55 65
55 67
55 86
55 89
55 92
55 107
55 119
55 127
55 130
55 148
55 161
56 64
56 79
56 92
56 114
56 116
56 119
56 122
56 137
56 153
56 162
57 65
57 66
57 68
57 72
57 79
57 101
57 107
57 112
57 125
57 128
57 159
57 161
57 167
58 63
58 82
58 97
58 98
58 126
58 132
58 155
58 159
58 162
59 97
59 110
59 121
59 143
60 79
60 80
60 83
60 85
60 109
60 119
60 121
60 132
60 144
60 147
60 155
60 164
61 65
61 69
61 80
61 88
61 98
61 100
61 104
61 112
61 114
61 119
61 134
61 138
61 143
61 145
61 159
61 168
62 65
62 76
62 82
62 86
62 91
62 99
62 105
62 107
62 108
62 111
62 127
62 140
63 80
63 81
63 86
63 97
63 110
63 112
63 115
63 149
63 158
63 164
63 166
64 65
64 74
64 94
64 108
64 112
64 145
64 148
64 155
65 84
65 92
65 93
65 135
65 141
65 151
65 169
66 76
66 88
66 93
66 101
66 104
66 106
66 108
66 110
66 131
66 140
66 153
66 167
67 80
67 89
67 94
67 97
67 100
67 104
67 109
67 111
67 115
67 129
67 135
67 137
67 147
67 152
67 158
67 159
68 73
68 90
68 98
68 120
68 121
68 139
68 142
68 149
68 156
68 166
69 84
69 92
69 112
69 131
70 73
70 79
70 82
70 101
70 118
70 123
70 134
70 136
70 139
70 142
70 154
71 77
71 80
71 104
71 105
71 107
71 154
71 160
71 161
71 162
71 165
72 78
72 82
72 89
72 103
72 125
72 141
72 153
73 85
73 89
73 112
73 120
73 125
73 128
73 132
73 155
73 161
73 167
74 78
74 79
74 86
74 89
74 115
74 123
74 140
74 143
74 147
74 148
74 150
74 165
74 169
75 95
75 136
75 140
75 145
75 149
75 150
75 155
75 159
75 168
76 77
76 78
76 88
76 90
76 96
76 108
76 130
76 151
77 89
77 99
77 105
77 112
77 132
77 138
78 99
78 108
78 113
78 162
78 163
79 81
79 117
79 136
79 150
79 157
79 165
80 91
80 96
80 97
80 98
80 125
80 131
80 135
80 164
81 87
81 91
81 95
81 105
81 119
81 138
81 143
81 147
81 152
81 154
82 85
82 95
82 104
82 118
82 122
82 148
82 163
83 93
83 116
83 121
83 161
84 86
84 102
84 120
84 124
84 127
84 128
84 142
84 156
84 161
84 165
84 169
85 105
85 106
85 107
85 120
85 122
85 123
85 125
85 134
85 136
85 148
85 150
85 164
85 168
86 88
86 94
86 105
86 117
86 118
86 126
86 127
86 128
86 130
86 132
86 140
86 145
86 148
86 152
86 155
87 97
87 115
87 125
87 128
87 135
87 139
87 143
87 152
87 164
88 93
88 99
88 104
88 107
88 122
88 139
88 141
88 148
88 152
88 166
89 100
89 102
89 122
89 124
89 140
89 160
89 168
90 91
90 103
90 109
90 161
91 92
91 102
91 116
91 125
91 128
91 152
92 106
92 113
92 124
92 130
92 131
92 135
92 138
92 143
92 157
92 165
93 103
93 104
93 111
93 113
93 127
93 130
93 138
93 143
93 150
93 161
93 165
93 166
94 99
94 109
94 131
94 132
94 134
94 140
94 152
94 167
94 168
94 169
95 101
95 103
95 106
95 115
95 117
95 121
95 129
95 130
95 143
95 152
95 156
95 158
95 162
95 167
96 103
96 112
96 115
96 122
96 127
96 134
96 135
96 145
96 163
96 169
97 100
97 105
97 108
97 115
97 118
97 126
97 151
97 152
97 159
98 101
98 110
98 111
98 115
98 127
98 137
98 145
98 148
99 104
99 108
99 113
99 118
99 125
99 129
99 144
99 161
100 113
100 116
100 119
100 121
100 134
100 145
100 147
100 148
100 153
100 161
101 102
101 115
101 116
101 117
101 127
101 169
102 109
102 136
102 140
102 155
102 161
103 123
103 127
103 159
103 161
103 168
104 106
104 111
104 112
104 124
104 125
104 128
104 133
104 135
104 137
104 150
104 169
105 108
105 126
106 113
106 119
106 120
106 135
106 141
106 146
107 122
107 126
107 134
107 142
107 143
107 169
108 116
108 125
108 149
109 123
109 138
109 145
109 153
109 162
109 167
110 112
110 144
110 155
111 112
111 119
111 123
111 137
111 169
112 126
112 132
112 137
112 149
112 166
113 129
113 130
113 162
113 166
114 124
114 142
114 147
114 166
114 168
115 121
115 144
115 149
115 169
116 122
116 129
116 136
116 140
116 152
116 158
117 120
117 125
117 139
117 159
118 155
118 169
119 121
119 143
119 168
120 128
120 167
121 125
121 128
122 131
122 139
122 151
122 152
122 155
123 126
123 127
123 130
123 131
123 138
124 131
124 135
124 144
124 157
124 165
125 130
125 134
125 143
125 145
125 147
125 152
126 133
126 135
126 146
126 147
126 154
126 159
126 166
127 144
127 146
127 150
127 155
127 161
128 134
129 140
129 157
129 159
129 162
131 133
131 144
131 147
131 162
132 152
132 162
133 143
133 144
133 155
133 165
133 169
134 135
134 140
134 151
134 160
134 168
135 154
135 155
135 160
135 161
135 166
136 162
136 165
137 141
137 145
137 147
137 150
137 154
137 164
138 147
138 148
138 157
138 161
138 164
139 144
139 169
140 147
140 160
140 165
141 142
141 145
142 146
142 147
142 159
142 164
143 150
143 151
143 162
143 168
144 149
144 159
145 155
145 162
146 164
148 152
148 156
148 168
148 169
149 150
149 164
149 165
150 158
151 168
152 165
153 162
154 160
155 161
155 164
155 167
156 164
158 161
158 169
159 166
161 163
161 165
162 168
120 93 46 115 167 90 127 68 43 83 106 66 114 136 41 128 1
75 53 153 97 123 89 67 140 42 162 145 26 160 122 152 151 138
32 147 0 29 69 94 156 38 22 4 163 82 113 12 70 91 144
39 161 15 155 124 149 45 24 35 28 135 37 110 56 87 169 80
25 134 6 118 65 96 73 165 18 84 119 81 21 130 103 131 109
71 150 55 101 99 49 85 60 57 7 3 20 102 166 47 142 19
139 72 108 62 88 61 23 117 100 63 112 54 14 10 98 74 11
44 2 51 111 50 8 164 137 79 92 64 141 126 146 52 31 59
107 16 158 76 17 105 168 34 33 154 121 104 125 78 132 159 30
58 86 143 148 77 40 13 27 9 129 36 48 116 5 133 95 157
