150
1180
22
5.45
9.96
48.21
91.86
23.57
78.86
13.48
97.5
35.72
8.67
69.79
49.78
92.62
48.86
90.0
76.63
46.3
12.43
54.49
20.93
99.39
97.26
0 16
0 30
0 32
0 69
0 80
0 87
0 90
0 93
0 107
0 131
0 138
1 22
1 28
1 93
1 106
1 113
1 124
1 128
1 133
1 134
1 144
1 149
2 6
2 26
2 37
2 49
2 53
2 59
2 76
2 78
2 87
2 89
2 114
2 121
2 136
2 142
2 144
2 149
3 13
3 25
3 36
3 42
3 54
3 66
3 72
3 80
3 81
3 88
3 89
3 92
3 122
3 133
3 135
4 21
4 33
4 45
4 51
4 53
4 63
4 77
4 93
4 96
4 99
4 100
4 115
4 131
4 138
4 147
5 11
5 17
5 33
5 37
5 50
5 61
5 66
5 71
5 79
5 86
5 100
5 106
5 118
5 120
5 127
5 137
5 144
6 10
6 29
6 33
6 40
6 53
6 65
6 74
6 78
6 84
6 86
6 120
6 136
7 18
7 46
7 68
7 72
7 77
7 84
7 85
7 93
7 115
7 118
7 120
7 122
7 130
7 139
7 148
8 25
8 32
8 39
8 45
8 55
8 77
8 84
8 104
8 110
8 114
8 118
8 124
8 128
8 138
8 139
9 32
9 47
9 72
9 82
9 89
9 124
9 131
9 134
9 143
9 149
10 13
10 47
10 51
10 65
10 71
10 87
10 97
10 101
10 112
10 117
10 118
10 127
10 131
10 137
11 18
11 21
11 23
11 28
11 33
11 39
11 70
11 71
11 79
11 116
11 132
11 138
11 141
12 13
12 14
12 16
12 28
12 30
12 42
12 48
12 49
12 56
12 58
12 62
12 81
12 82
12 88
12 93
12 96
12 140
13 18
13 21
13 27
13 42
13 50
13 53
13 58
13 61
13 70
13 79
13 86
13 88
13 95
13 109
13 122
13 127
13 148
14 26
14 27
14 57
14 118
14 123
14 129
14 141
14 145
15 18
15 19
15 22
15 45
15 48
15 60
15 69
15 89
15 90
15 91
15 97
15 100
15 127
15 141
15 142
15 143
15 146
16 17
16 22
16 34
16 38
16 56
16 60
16 70
16 74
16 76
16 78
16 82
16 89
16 100
16 102
16 110
16 128
16 130
16 142
17 19
17 21
17 22
17 26
17 39
17 62
17 65
17 79
17 87
17 106
17 129
18 31
18 38
18 44
18 52
18 56
18 58
18 61
18 66
18 72
18 74
18 96
18 97
18 103
18 118
18 140
19 21
19 35
19 39
19 40
19 41
19 43
19 48
19 55
19 92
19 102
19 116
19 119
19 141
19 147
20 31
20 32
20 34
20 37
20 40
20 44
20 47
20 54
20 71
20 81
20 84
20 85
20 87
20 93
20 104
20 105
20 132
21 22
21 25
21 40
21 42
21 56
21 76
21 77
21 84
21 89
21 103
21 107
21 112
21 115
21 144
22 37
22 52
22 55
22 58
22 87
22 94
22 101
22 108
22 111
22 127
22 128
22 130
22 136
22 138
22 145
23 49
23 50
23 65
23 66
23 74
23 143
24 31
24 38
24 50
24 54
24 61
24 73
24 76
24 82
24 83
24 93
24 105
24 114
24 135
24 136
24 141
24 142
25 28
25 32
25 41
25 42
25 57
25 62
25 63
25 65
25 66
25 68
25 82
25 91
25 93
25 95
25 111
25 129
25 140
25 141
25 144
26 33
26 38
26 43
26 52
26 53
26 58
26 86
26 89
26 100
26 120
26 125
26 141
26 143
27 29
27 50
27 51
27 54
27 58
27 66
27 89
27 111
27 124
27 139
27 143
28 29
28 44
28 61
28 71
28 74
28 82
28 92
28 120
28 140
28 145
28 148
28 149
29 34
29 35
29 37
29 38
29 39
29 52
29 54
29 81
29 84
29 101
29 115
29 118
29 143
30 31
30 38
30 44
30 68
30 76
30 83
30 86
30 101
30 109
30 119
30 130
30 133
31 33
31 50
31 56
31 60
31 67
31 73
31 75
31 87
31 95
31 100
31 105
31 106
31 108
31 112
31 115
31 120
31 126
32 35
32 39
32 51
32 53
32 71
32 75
32 80
32 87
32 88
32 89
32 94
32 116
32 137
32 139
33 44
33 45
33 47
33 63
33 73
33 81
33 101
33 128
33 130
34 47
34 51
34 60
34 79
34 85
34 89
34 98
34 106
34 124
34 132
34 133
34 134
34 146
35 41
35 42
35 46
35 63
35 69
35 86
35 89
35 110
35 119
35 128
35 132
35 137
35 146
36 57
36 59
36 62
36 67
36 71
36 93
36 105
36 120
36 130
36 134
36 136
36 139
36 144
37 41
37 48
37 63
37 70
37 71
37 89
37 94
37 97
37 101
37 117
37 119
37 126
37 128
37 135
37 138
37 139
37 144
37 145
37 146
37 149
38 66
38 79
38 92
38 116
38 125
38 128
38 142
39 42
39 63
39 73
39 80
39 82
39 101
39 109
39 112
39 124
39 128
39 142
39 149
40 41
40 47
40 52
40 55
40 64
40 78
40 82
40 86
40 88
40 92
40 100
40 101
40 110
40 136
41 53
41 81
41 93
41 111
41 117
41 118
41 133
42 44
42 57
42 59
42 68
42 69
42 70
42 74
42 76
42 78
42 79
42 111
42 116
42 119
42 123
43 51
43 61
43 64
43 69
43 74
43 79
43 86
43 97
43 107
43 112
43 119
43 120
43 123
43 126
43 132
43 146
44 46
44 48
44 51
44 68
44 73
44 75
44 80
44 86
44 104
44 107
44 111
44 133
44 146
45 55
45 61
45 89
45 109
45 115
45 121
45 124
45 133
45 135
45 136
45 143
46 55
46 75
46 78
46 90
46 92
46 102
46 104
46 106
46 117
46 124
47 61
47 77
47 118
47 121
47 128
47 131
47 132
47 136
47 138
47 142
48 51
48 55
48 59
48 117
48 128
48 138
48 145
49 53
49 74
49 76
49 78
49 84
49 100
49 104
49 106
49 115
49 135
49 136
50 72
50 80
50 85
50 90
50 97
50 106
50 108
50 109
50 113
50 116
50 123
50 134
51 60
51 61
51 65
51 68
51 114
51 118
51 119
51 146
52 55
52 58
52 62
52 65
52 75
52 85
52 104
52 116
52 118
52 125
52 126
52 127
52 130
52 141
52 145
53 57
53 66
53 72
53 97
53 102
53 132
54 56
54 74
54 87
54 93
54 100
54 101
54 106
54 117
54 140
55 82
55 85
55 107
55 121
55 122
55 128
55 147
56 78
56 87
56 90
56 105
56 110
56 111
56 113
56 128
56 130
56 131
56 135
57 61
57 64
57 70
57 72
57 77
57 84
57 93
57 96
57 100
57 102
57 106
57 140
58 75
58 94
58 108
58 139
59 91
59 125
59 146
60 73
60 75
60 100
60 106
60 119
60 131
60 136
60 139
60 143
60 146
60 147
60 148
61 73
61 75
61 85
61 90
61 98
61 121
61 125
61 127
61 133
62 73
62 77
62 83
62 95
62 101
62 103
62 106
62 116
62 125
62 134
62 145
63 66
63 83
63 86
63 94
63 101
63 124
63 128
63 138
63 149
64 75
64 84
64 85
64 91
64 105
64 110
64 113
64 114
64 118
64 126
64 129
64 131
64 144
65 85
65 86
65 92
65 93
65 102
65 139
65 141
66 96
66 120
66 121
66 131
66 139
66 141
67 71
67 92
67 110
67 127
67 131
67 145
67 148
68 76
68 91
68 95
68 105
68 124
68 125
68 126
68 138
68 146
69 107
69 118
70 81
70 88
70 112
70 117
70 120
70 122
71 76
71 81
71 93
71 95
71 104
71 116
71 119
71 122
71 134
71 140
71 143
72 73
72 74
72 83
72 103
72 106
72 133
72 140
73 80
73 101
73 115
73 121
73 127
73 128
73 133
73 138
73 142
74 77
74 81
74 83
74 85
74 86
74 91
74 92
74 93
74 94
74 99
74 100
74 104
74 109
74 138
74 146
75 79
75 85
75 86
75 95
75 96
75 100
75 109
75 116
75 126
75 135
75 144
75 147
76 80
76 114
76 118
76 119
77 91
77 92
77 96
77 102
77 103
77 124
77 131
77 135
78 82
78 88
78 99
78 110
78 119
78 130
79 95
79 97
79 98
79 108
79 117
79 136
79 137
79 144
80 83
80 90
80 94
80 110
80 111
80 149
81 82
81 86
81 92
81 107
81 128
81 130
81 131
81 142
82 93
82 110
82 112
82 121
82 126
83 93
83 94
83 96
83 97
83 99
83 116
83 136
83 143
84 95
84 101
84 108
84 122
84 123
84 135
84 144
84 148
85 90
85 105
85 111
85 114
85 137
85 139
86 92
86 97
86 104
86 148
87 96
87 126
88 89
88 92
88 108
88 118
88 136
88 141
88 143
89 93
89 114
89 136
89 142
90 94
90 97
90 121
90 132
90 143
90 145
91 92
91 95
91 110
91 124
91 128
91 136
92 106
92 110
92 120
92 122
92 135
93 101
93 114
93 127
93 128
93 137
93 143
94 95
94 103
94 104
94 144
95 99
95 102
95 120
95 140
95 147
96 110
96 114
96 115
96 118
96 119
96 120
96 121
96 124
96 132
96 137
96 139
96 144
96 146
97 105
97 110
97 111
97 118
97 148
98 120
98 128
98 129
98 132
98 146
99 101
99 106
99 109
99 119
99 121
100 116
100 133
100 141
100 144
100 147
101 104
101 109
101 116
101 117
101 119
101 130
101 131
102 112
102 127
102 133
102 139
102 142
102 144
102 148
103 114
103 118
103 125
103 133
103 139
103 140
104 109
104 122
104 133
105 106
105 114
105 119
105 124
105 135
105 141
105 149
106 114
106 120
106 128
106 133
106 135
106 139
106 143
107 115
107 117
107 119
107 122
107 135
107 136
107 144
107 147
108 124
108 128
108 138
108 144
108 146
108 147
108 149
109 118
109 147
110 113
110 115
110 118
110 127
110 128
110 131
110 132
110 145
111 112
111 115
111 127
112 116
112 118
112 134
112 136
112 138
113 125
113 130
113 133
113 144
113 145
114 121
114 130
114 132
114 135
114 138
114 139
114 140
115 123
115 126
115 141
115 147
116 119
116 121
116 134
116 140
116 145
117 134
118 124
118 133
118 144
119 129
119 136
119 141
119 144
120 142
121 122
121 131
122 126
122 128
122 129
124 126
124 138
124 140
124 141
124 144
126 142
126 144
126 145
126 147
127 129
127 133
127 143
128 134
128 144
128 148
128 149
129 140
129 146
130 141
130 146
132 137
132 145
133 134
133 139
133 145
134 139
134 142
135 136
135 149
137 138
139 147
140 143
141 149
145 148
68 135 21 126 106 95 35
28 138 132 107 34 99 92
53 148 143 91 60 112 67
39 136 130 37 32 110 71
41 125 124 15 109 97 118
137 108 58 73 66 43 102
75 64 54 149 94 146 139
40 79 56 45 85 18 122
12 30 119 116 7 96 9
55 89 103 127 142 88 52
69 47 10 87 19 42 98
104 65 144 17 84 5 62
76 72 26 11 16 93 129
111 134 44 80 22 141 115
105 74 86 38 48 145 8
147 90 14 70 120 117 63
23 59 13 50 57 24 36
6 61 83 51 113 100 131
29 49 2 27 1 20 77
0 78 128 81 82 133 114
3 31 25 123 101 4 121
46 140 33
