150
2209
5
71.82
83.46
14.78
85.3
91.3
0 7
0 16
0 18
0 27
0 30
0 33
0 42
0 44
0 46
0 50
0 51
0 63
0 65
0 72
0 74
0 78
0 93
0 97
0 103
0 104
0 111
0 123
0 128
0 135
0 136
0 140
0 141
0 144
0 147
1 3
1 7
1 8
1 16
1 24
1 26
1 27
1 42
1 56
1 64
1 67
1 76
1 86
1 90
1 106
1 113
1 115
1 116
1 119
1 124
1 126
1 127
1 129
1 132
1 138
1 141
1 144
1 147
2 5
2 7
2 29
2 34
2 38
2 50
2 53
2 71
2 75
2 77
2 79
2 81
2 82
2 83
2 96
2 101
2 108
2 113
2 116
2 119
2 122
2 124
2 132
2 137
2 143
2 144
2 147
3 7
3 12
3 26
3 35
3 37
3 41
3 45
3 46
3 47
3 49
3 55
3 58
3 66
3 70
3 72
3 73
3 84
3 87
3 92
3 93
3 108
3 109
3 111
3 115
3 117
3 118
3 120
3 130
3 145
3 147
4 6
4 14
4 17
4 20
4 31
4 36
4 40
4 47
4 54
4 58
4 62
4 65
4 67
4 68
4 69
4 70
4 74
4 82
4 83
4 93
4 99
4 102
4 103
4 109
4 113
4 120
4 121
4 126
4 129
4 130
4 137
4 142
4 143
4 145
4 147
4 148
5 7
5 13
5 38
5 39
5 61
5 64
5 72
5 75
5 76
5 79
5 93
5 96
5 104
5 117
5 135
5 138
6 16
6 20
6 24
6 39
6 47
6 57
6 62
6 63
6 66
6 70
6 71
6 76
6 78
6 82
6 88
6 92
6 93
6 101
6 107
6 112
6 114
6 118
6 120
6 132
6 133
6 137
6 149
7 9
7 22
7 27
7 34
7 36
7 38
7 46
7 49
7 53
7 54
7 55
7 57
7 59
7 62
7 65
7 67
7 69
7 79
7 84
7 88
7 90
7 91
7 103
7 113
7 125
7 146
8 14
8 20
8 21
8 23
8 26
8 27
8 33
8 37
8 47
8 53
8 58
8 60
8 75
8 80
8 82
8 88
8 92
8 105
8 113
8 118
8 122
8 125
8 128
8 133
8 134
8 142
8 144
9 13
9 17
9 19
9 31
9 34
9 38
9 43
9 44
9 45
9 54
9 57
9 61
9 71
9 72
9 73
9 79
9 82
9 85
9 95
9 99
9 100
9 102
9 104
9 106
9 108
9 118
9 124
9 125
9 133
9 134
9 136
9 145
10 11
10 28
10 31
10 33
10 34
10 37
10 41
10 42
10 43
10 53
10 64
10 69
10 72
10 75
10 90
10 94
10 95
10 98
10 100
10 104
10 105
10 116
10 119
10 131
10 135
10 137
10 138
10 143
11 13
11 24
11 25
11 26
11 27
11 52
11 59
11 60
11 61
11 63
11 65
11 88
11 90
11 92
11 99
11 101
11 109
11 112
11 115
11 122
11 125
11 133
11 135
11 136
11 137
11 139
11 140
11 141
11 143
11 147
12 19
12 21
12 39
12 40
12 46
12 64
12 70
12 71
12 72
12 75
12 88
12 90
12 93
12 95
12 98
12 105
12 109
12 118
12 119
12 128
12 130
12 138
12 139
12 146
13 17
13 18
13 24
13 25
13 35
13 36
13 40
13 41
13 44
13 45
13 65
13 70
13 72
13 81
13 83
13 88
13 89
13 102
13 109
13 113
13 118
13 119
13 120
13 122
13 128
13 134
13 140
13 145
13 146
13 147
14 20
14 33
14 34
14 42
14 48
14 61
14 63
14 75
14 78
14 80
14 103
14 109
14 117
14 118
14 120
14 121
14 126
14 138
14 139
14 148
15 17
15 20
15 26
15 27
15 28
15 37
15 39
15 59
15 63
15 66
15 81
15 87
15 88
15 89
15 94
15 98
15 101
15 102
15 104
15 110
15 113
15 114
15 115
15 117
15 122
15 131
15 132
15 143
16 24
16 37
16 39
16 40
16 41
16 42
16 60
16 66
16 71
16 84
16 89
16 94
16 100
16 107
16 112
16 113
16 124
16 131
16 134
16 139
16 140
17 37
17 38
17 49
17 50
17 66
17 75
17 78
17 86
17 89
17 90
17 107
17 130
17 131
17 133
17 135
17 136
17 143
17 146
17 148
18 19
18 21
18 22
18 24
18 28
18 29
18 43
18 47
18 50
18 53
18 59
18 66
18 71
18 80
18 97
18 98
18 99
18 103
18 107
18 110
18 118
18 127
18 138
18 141
18 143
18 144
19 20
19 23
19 25
19 31
19 32
19 36
19 38
19 47
19 48
19 67
19 68
19 74
19 80
19 85
19 90
19 93
19 97
19 101
19 102
19 106
19 107
19 112
19 113
19 125
19 129
19 134
19 135
19 139
19 141
19 142
20 22
20 26
20 37
20 44
20 47
20 56
20 60
20 61
20 64
20 68
20 75
20 82
20 89
20 93
20 105
20 113
20 117
20 118
20 129
20 133
20 142
20 143
20 149
21 24
21 25
21 30
21 31
21 33
21 44
21 48
21 55
21 58
21 60
21 67
21 68
21 73
21 78
21 82
21 89
21 101
21 104
21 110
21 113
21 117
21 123
21 141
22 29
22 30
22 31
22 40
22 43
22 52
22 53
22 57
22 61
22 64
22 76
22 86
22 88
22 94
22 97
22 99
22 107
22 113
22 116
22 118
22 121
22 122
22 126
22 131
22 135
22 141
22 145
22 146
23 26
23 32
23 34
23 44
23 47
23 48
23 52
23 61
23 62
23 75
23 81
23 84
23 89
23 94
23 95
23 100
23 108
23 116
23 127
23 130
23 131
23 135
23 137
23 138
23 149
24 31
24 34
24 44
24 46
24 48
24 51
24 54
24 55
24 69
24 72
24 80
24 87
24 88
24 93
24 100
24 102
24 110
24 114
24 120
24 122
24 135
24 138
24 147
24 149
25 29
25 49
25 52
25 57
25 58
25 62
25 70
25 74
25 86
25 87
25 96
25 106
25 114
25 122
25 129
25 134
25 135
25 137
25 138
25 139
25 140
25 144
25 147
26 34
26 42
26 49
26 51
26 54
26 61
26 62
26 72
26 74
26 86
26 87
26 99
26 105
26 108
26 111
26 118
26 147
27 33
27 39
27 52
27 54
27 60
27 66
27 67
27 71
27 84
27 100
27 102
27 104
27 105
27 106
27 119
27 121
27 132
27 138
27 141
27 143
27 145
27 147
27 148
28 34
28 47
28 50
28 53
28 58
28 64
28 65
28 66
28 67
28 74
28 75
28 85
28 89
28 98
28 99
28 101
28 104
28 113
28 115
28 121
28 124
28 130
28 134
28 135
28 138
28 144
28 147
29 44
29 51
29 59
29 62
29 64
29 74
29 76
29 87
29 88
29 89
29 98
29 100
29 108
29 112
29 116
29 128
29 130
29 137
29 140
29 143
29 145
29 146
29 149
30 32
30 44
30 47
30 49
30 50
30 52
30 54
30 60
30 64
30 67
30 68
30 70
30 72
30 74
30 75
30 80
30 106
30 107
30 108
30 112
30 116
30 118
30 119
30 133
30 145
30 148
31 42
31 46
31 50
31 53
31 54
31 56
31 57
31 58
31 60
31 62
31 68
31 75
31 80
31 83
31 97
31 98
31 100
31 103
31 111
31 112
31 113
31 116
31 119
31 120
31 127
31 131
31 133
31 135
31 141
31 142
32 34
32 48
32 51
32 55
32 61
32 64
32 67
32 74
32 85
32 89
32 100
32 105
32 108
32 111
32 112
32 121
32 122
32 130
32 132
32 133
32 134
32 136
32 137
32 140
32 148
33 34
33 45
33 47
33 51
33 60
33 70
33 73
33 81
33 84
33 88
33 89
33 90
33 97
33 102
33 108
33 109
33 112
33 113
33 122
33 123
33 128
33 135
33 147
33 149
34 37
34 41
34 45
34 51
34 56
34 57
34 58
34 64
34 65
34 70
34 80
34 84
34 89
34 92
34 97
34 104
34 107
34 112
34 118
34 119
34 120
34 122
34 129
34 133
34 138
34 140
34 144
35 41
35 59
35 64
35 68
35 77
35 80
35 83
35 87
35 106
35 114
35 118
35 120
35 122
35 124
35 125
35 131
35 135
35 142
35 145
35 146
35 149
36 40
36 41
36 43
36 46
36 47
36 50
36 53
36 54
36 55
36 64
36 65
36 68
36 91
36 95
36 97
36 99
36 100
36 120
36 125
36 131
36 132
36 133
36 134
36 137
36 139
36 141
36 143
37 39
37 42
37 50
37 52
37 60
37 62
37 77
37 82
37 89
37 92
37 94
37 100
37 103
37 108
37 111
37 113
37 114
37 121
37 126
37 129
37 132
37 140
38 40
38 43
38 48
38 55
38 60
38 69
38 70
38 74
38 75
38 76
38 79
38 86
38 89
38 97
38 98
38 100
38 101
38 108
38 110
38 112
38 114
38 115
38 119
38 128
38 143
38 146
39 41
39 44
39 46
39 58
39 76
39 78
39 82
39 86
39 87
39 89
39 94
39 103
39 105
39 108
39 109
39 112
39 125
39 131
40 49
40 54
40 56
40 68
40 72
40 82
40 87
40 94
40 99
40 102
40 105
40 106
40 108
40 109
40 112
40 120
40 123
40 125
40 126
40 129
40 132
40 134
40 135
40 148
41 47
41 52
41 54
41 66
41 67
41 71
41 79
41 91
41 99
41 104
41 109
41 113
41 115
41 126
41 139
41 144
41 148
42 48
42 49
42 51
42 53
42 58
42 62
42 63
42 64
42 70
42 79
42 83
42 85
42 98
42 100
42 105
42 108
42 110
42 121
42 129
42 134
42 138
42 139
42 144
42 147
43 59
43 60
43 71
43 72
43 73
43 74
43 77
43 84
43 86
43 88
43 89
43 90
43 104
43 106
43 107
43 109
43 114
43 127
43 134
43 139
43 142
43 145
43 148
44 46
44 47
44 49
44 57
44 62
44 67
44 71
44 76
44 82
44 86
44 91
44 93
44 94
44 96
44 97
44 100
44 101
44 102
44 105
44 106
44 107
44 109
44 110
44 111
44 122
44 127
44 132
44 137
45 52
45 66
45 76
45 95
45 100
45 103
45 108
45 110
45 112
45 113
45 123
45 128
45 137
45 138
45 141
46 51
46 53
46 57
46 58
46 71
46 75
46 89
46 96
46 97
46 106
46 107
46 112
46 113
46 122
46 131
46 139
46 142
46 146
47 50
47 54
47 63
47 70
47 72
47 75
47 85
47 91
47 95
47 96
47 97
47 102
47 106
47 111
47 114
47 115
47 118
47 121
47 123
47 131
47 132
47 140
47 147
48 49
48 52
48 53
48 54
48 60
48 64
48 68
48 70
48 74
48 75
48 80
48 87
48 90
48 93
48 94
48 96
48 105
48 109
48 118
48 120
48 126
48 137
48 138
48 141
48 142
48 147
49 53
49 58
49 59
49 62
49 64
49 65
49 66
49 69
49 73
49 80
49 82
49 85
49 89
49 93
49 102
49 104
49 106
49 112
49 115
49 123
49 125
49 131
49 132
49 136
49 137
49 140
49 143
49 149
50 62
50 63
50 70
50 72
50 75
50 79
50 80
50 81
50 90
50 91
50 102
50 124
50 136
50 145
51 52
51 56
51 63
51 72
51 76
51 77
51 79
51 80
51 85
51 91
51 93
51 100
51 108
51 112
51 117
51 118
51 122
51 123
51 124
51 127
51 132
51 142
51 144
51 145
52 53
52 59
52 65
52 72
52 73
52 75
52 79
52 86
52 91
52 95
52 96
52 103
52 104
52 109
52 110
52 122
52 124
52 125
52 135
52 137
52 138
52 142
52 143
53 56
53 66
53 75
53 76
53 84
53 89
53 91
53 94
53 100
53 110
53 113
53 115
53 119
53 129
53 132
53 135
53 139
53 144
54 71
54 85
54 86
54 90
54 94
54 96
54 98
54 99
54 100
54 106
54 110
54 114
54 124
54 125
54 131
54 132
54 142
54 143
55 56
55 62
55 74
55 82
55 86
55 93
55 102
55 122
55 123
55 129
55 131
55 136
55 145
55 147
56 63
56 69
56 72
56 75
56 78
56 79
56 86
56 89
56 90
56 92
56 94
56 101
56 111
56 120
56 123
56 127
56 146
57 60
57 64
57 85
57 101
57 107
57 109
57 114
57 121
57 122
57 123
57 125
57 145
57 146
58 60
58 61
58 65
58 66
58 73
58 84
58 96
58 98
58 100
58 101
58 110
58 119
58 121
58 127
58 128
58 136
58 141
58 142
58 148
59 64
59 66
59 73
59 75
59 79
59 81
59 82
59 85
59 88
59 92
59 95
59 103
59 105
59 116
59 121
59 122
59 129
59 141
60 67
60 69
60 70
60 77
60 85
60 87
60 90
60 92
60 95
60 97
60 109
60 113
60 114
60 115
60 123
60 130
60 132
60 137
61 63
61 72
61 73
61 78
61 82
61 87
61 98
61 104
61 118
61 131
61 139
62 68
62 74
62 86
62 90
62 94
62 97
62 116
62 124
62 126
62 134
62 135
62 138
62 139
62 144
62 145
63 68
63 69
63 70
63 72
63 73
63 80
63 82
63 94
63 101
63 102
63 105
63 113
63 114
63 124
63 125
63 127
63 131
63 135
63 139
63 144
63 145
63 146
63 149
64 75
64 77
64 78
64 80
64 87
64 88
64 95
64 96
64 97
64 105
64 106
64 114
64 123
64 130
64 134
64 135
64 140
65 74
65 77
65 83
65 91
65 92
65 100
65 121
65 137
65 140
65 147
66 67
66 69
66 72
66 74
66 78
66 84
66 85
66 89
66 92
66 93
66 97
66 98
66 100
66 101
66 103
66 121
66 123
66 130
66 131
66 134
66 136
66 140
66 143
66 149
67 71
67 72
67 73
67 74
67 79
67 87
67 90
67 104
67 107
67 117
67 120
67 127
67 130
67 138
67 140
67 143
68 74
68 102
68 109
68 110
68 113
68 115
68 116
68 117
68 122
68 124
68 127
68 135
68 136
68 141
69 70
69 74
69 80
69 86
69 90
69 93
69 97
69 98
69 101
69 110
69 131
69 134
69 139
69 140
69 147
70 73
70 79
70 80
70 82
70 84
70 87
70 88
70 104
70 107
70 110
70 115
70 120
70 130
70 135
70 144
70 145
71 72
71 87
71 95
71 115
71 124
71 126
71 131
71 133
71 135
71 141
71 142
71 147
71 149
72 74
72 75
72 78
72 80
72 81
72 88
72 97
72 99
72 101
72 104
72 108
72 113
72 114
72 118
72 122
72 142
72 148
73 74
73 80
73 89
73 91
73 92
73 97
73 99
73 105
73 109
73 112
73 114
73 123
73 134
73 139
73 140
73 143
74 85
74 86
74 87
74 95
74 96
74 97
74 100
74 109
74 111
74 118
74 124
74 127
74 134
74 141
75 76
75 79
75 87
75 101
75 113
75 118
75 136
75 145
75 146
75 148
76 78
76 83
76 84
76 86
76 88
76 95
76 112
76 114
76 116
76 117
76 121
76 124
76 125
76 130
76 131
76 137
76 138
76 141
76 143
76 147
76 149
77 84
77 85
77 91
77 92
77 105
77 110
77 112
77 126
77 130
77 137
77 141
77 142
77 145
77 147
78 84
78 88
78 97
78 102
78 103
78 109
78 113
78 115
78 117
78 124
78 126
78 133
78 134
78 136
78 144
79 89
79 91
79 100
79 103
79 107
79 136
80 87
80 89
80 90
80 95
80 96
80 101
80 103
80 106
80 107
80 109
80 113
80 117
80 118
80 119
80 120
80 128
80 129
80 139
80 141
80 145
80 149
81 84
81 85
81 89
81 95
81 101
81 109
81 110
81 132
81 138
81 147
82 92
82 112
82 113
82 118
82 120
82 138
83 88
83 91
83 92
83 97
83 98
83 99
83 120
83 127
83 146
83 149
84 87
84 88
84 92
84 100
84 106
84 107
84 108
84 109
84 112
84 119
84 121
84 138
84 144
84 145
85 87
85 102
85 109
85 113
85 118
85 135
85 137
85 138
85 143
85 144
86 97
86 103
86 108
86 109
86 111
86 114
86 116
86 140
86 144
87 94
87 101
87 104
87 105
87 107
87 108
87 111
87 116
87 117
87 118
87 121
87 134
87 136
87 139
87 140
87 148
88 91
88 94
88 101
88 107
88 110
88 118
88 119
88 123
88 124
88 128
88 129
88 130
88 132
88 143
89 92
89 94
89 100
89 106
89 107
89 108
89 109
89 113
89 114
89 117
90 92
90 104
90 108
90 112
90 116
90 117
90 118
90 120
90 123
90 128
90 129
90 135
90 137
90 143
91 95
91 96
91 98
91 101
91 102
91 110
91 112
91 113
91 120
91 121
91 123
91 126
91 131
91 134
91 144
91 149
92 95
92 100
92 101
92 102
92 104
92 106
92 110
92 124
92 132
92 136
92 138
93 105
93 109
93 118
93 119
93 121
93 124
93 135
93 136
93 143
93 145
93 147
94 95
94 102
94 105
94 108
94 109
94 121
94 123
94 124
94 127
94 132
94 134
94 136
94 139
94 147
95 100
95 102
95 105
95 114
95 118
95 120
95 132
95 134
95 137
95 140
95 145
95 147
96 101
96 104
96 112
96 115
96 118
96 120
96 121
96 123
96 127
96 128
96 132
96 137
96 138
96 139
96 148
97 98
97 116
97 121
97 127
97 128
97 129
97 136
97 137
97 138
97 143
98 102
98 103
98 104
98 105
98 108
98 115
98 126
98 127
98 133
98 135
98 136
98 147
98 148
99 102
99 104
99 105
99 107
99 111
99 117
99 121
99 123
99 126
99 136
99 141
99 142
99 146
99 149
100 102
100 109
100 110
100 117
100 118
100 122
100 133
100 139
100 140
100 143
100 147
100 149
101 107
101 114
101 117
101 123
101 133
101 135
101 143
101 145
101 146
102 105
102 106
102 108
102 110
102 113
102 116
102 121
102 129
102 138
102 144
102 146
102 147
103 109
103 120
103 123
103 125
103 126
103 132
103 133
103 141
103 142
103 143
104 107
104 127
104 132
104 137
105 115
105 120
105 126
105 128
105 132
105 133
105 136
105 137
105 139
105 140
105 147
106 113
106 115
106 125
106 126
106 127
106 130
106 132
106 134
106 135
106 138
106 148
107 112
107 115
107 118
107 146
108 109
108 114
108 122
108 127
108 128
108 135
108 139
108 141
108 142
108 147
109 110
109 118
109 137
109 141
109 142
109 149
110 123
110 124
110 143
110 145
110 146
111 112
111 116
111 125
111 126
111 128
111 145
112 121
112 136
112 138
112 140
112 141
112 143
113 117
113 129
113 137
113 138
113 142
113 146
113 148
114 118
114 124
114 127
114 136
114 148
115 124
115 127
115 130
115 132
115 140
115 141
115 143
116 120
116 121
116 128
116 129
116 132
116 139
116 142
116 144
116 148
117 119
117 126
117 130
117 133
117 141
117 146
117 149
118 120
118 122
118 127
118 130
118 131
118 136
118 137
118 140
118 144
119 122
119 126
119 129
119 145
119 147
120 122
120 127
120 130
120 131
120 133
120 136
120 140
120 141
120 142
120 143
120 145
121 127
121 130
121 136
121 142
122 124
122 134
122 141
122 147
122 148
123 126
123 131
123 145
124 127
124 133
124 139
124 144
124 146
125 129
125 131
125 142
126 130
126 136
126 143
127 135
127 149
128 129
128 135
128 140
128 145
128 146
128 148
129 138
129 146
130 131
130 132
130 140
131 133
132 139
132 142
132 147
133 138
133 139
133 149
134 146
135 141
135 142
135 143
135 149
136 139
136 142
136 143
136 144
137 141
137 147
138 140
138 141
138 143
138 144
139 144
139 146
140 147
141 149
142 147
142 149
144 149
145 146
146 148
146 149
35 83 138 108 123 110 91 115 39 15 75 64 16 137 3 19 144 86 97 109 146 84 103 7 133 136 47 69 89 22 33 70 127 10 68 130 141
98 100 34 134 119 117 31 61 122 105 12 63 145 37 51 101 126 107 102 95 59 11 21 43 44 65 149 90 135 129 113 94 67 45 139 66 81
49 143 48 17 0 80 23 8 57 42 4 2 148 25 1 36 132 82 58 87 112 40 71 114 50 124 96 28 18 74 106 140 142 72 93 79 76
121 26 118 128 73 32 99 14 111 104 92 5 60 78 131 38 54 13 55 77 24 125 120 29 6 116 27 88 41 56 147 85 62 30 53 52 46
9 20
