160
6486
10
34.95
18.12
77.88
26.2
75.39
80.91
26.91
37.74
25.92
72.85
0 2
0 3
0 4
0 6
0 8
0 9
0 11
0 14
0 15
0 16
0 17
0 18
0 20
0 22
0 23
0 25
0 27
0 28
0 30
0 31
0 32
0 33
0 35
0 36
0 38
0 39
0 40
0 42
0 43
0 48
0 49
0 50
0 51
0 53
0 57
0 58
0 61
0 62
0 64
0 65
0 66
0 67
0 69
0 70
0 76
0 77
0 78
0 82
0 84
0 86
0 87
0 89
0 90
0 91
0 94
0 95
0 96
0 97
0 98
0 101
0 102
0 103
0 104
0 105
0 106
0 108
0 110
0 111
0 113
0 114
0 115
0 117
0 118
0 119
0 123
0 124
0 125
0 135
0 136
0 137
0 140
0 147
0 148
0 149
0 150
0 151
0 152
0 154
0 155
0 156
1 2
1 3
1 4
1 5
1 7
1 8
1 9
1 10
1 11
1 14
1 18
1 19
1 21
1 22
1 23
1 24
1 26
1 27
1 29
1 30
1 31
1 32
1 33
1 36
1 38
1 39
1 41
1 45
1 47
1 49
1 56
1 59
1 60
1 61
1 63
1 66
1 67
1 69
1 70
1 71
1 72
1 73
1 76
1 77
1 81
1 84
1 85
1 89
1 92
1 94
1 100
1 103
1 105
1 107
1 108
1 110
1 111
1 112
1 113
1 114
1 116
1 117
1 118
1 119
1 121
1 122
1 123
1 124
1 126
1 127
1 128
1 129
1 130
1 132
1 133
1 135
1 137
1 140
1 141
1 143
1 144
1 146
1 147
1 148
1 150
1 153
1 154
1 155
1 157
1 158
1 159
2 6
2 10
2 11
2 13
2 14
2 15
2 16
2 17
2 19
2 20
2 25
2 28
2 31
2 32
2 35
2 37
2 38
2 39
2 42
2 44
2 45
2 50
2 53
2 55
2 57
2 63
2 64
2 68
2 70
2 71
2 76
2 77
2 78
2 82
2 83
2 86
2 87
2 88
2 89
2 91
2 93
2 97
2 98
2 101
2 102
2 103
2 104
2 106
2 107
2 110
2 116
2 117
2 118
2 120
2 123
2 124
2 125
2 127
2 128
2 129
2 130
2 132
2 135
2 138
2 139
2 140
2 141
2 142
2 143
2 146
2 147
2 148
2 149
2 150
2 151
2 153
2 155
2 157
2 158
2 159
3 5
3 6
3 7
3 8
3 9
3 10
3 11
3 12
3 15
3 18
3 19
3 21
3 22
3 23
3 24
3 25
3 26
3 27
3 28
3 29
3 31
3 32
3 33
3 35
3 36
3 37
3 43
3 44
3 45
3 46
3 48
3 49
3 50
3 51
3 52
3 56
3 57
3 61
3 64
3 66
3 67
3 69
3 70
3 72
3 75
3 78
3 81
3 82
3 85
3 86
3 87
3 88
3 90
3 92
3 94
3 96
3 101
3 102
3 103
3 105
3 109
3 113
3 115
3 116
3 117
3 119
3 120
3 121
3 122
3 124
3 132
3 133
3 136
3 137
3 139
3 142
3 143
3 146
3 147
3 149
3 150
3 154
3 155
3 157
3 158
3 159
4 5
4 6
4 7
4 8
4 9
4 11
4 12
4 13
4 15
4 17
4 19
4 20
4 21
4 22
4 24
4 27
4 28
4 29
4 31
4 33
4 35
4 36
4 38
4 41
4 42
4 44
4 47
4 49
4 50
4 51
4 53
4 56
4 57
4 67
4 68
4 71
4 72
4 73
4 75
4 76
4 77
4 78
4 80
4 84
4 85
4 88
4 89
4 91
4 92
4 93
4 94
4 95
4 96
4 98
4 100
4 102
4 103
4 104
4 105
4 112
4 113
4 117
4 118
4 119
4 120
4 124
4 125
4 126
4 128
4 129
4 131
4 133
4 134
4 136
4 141
4 146
4 147
4 148
4 150
4 153
4 154
4 156
4 157
4 158
4 159
5 6
5 7
5 12
5 13
5 15
5 16
5 17
5 18
5 19
5 22
5 23
5 24
5 26
5 27
5 29
5 31
5 37
5 41
5 42
5 43
5 45
5 49
5 52
5 54
5 56
5 57
5 61
5 62
5 63
5 64
5 66
5 69
5 71
5 72
5 73
5 75
5 76
5 78
5 79
5 83
5 84
5 88
5 90
5 92
5 96
5 97
5 100
5 102
5 104
5 106
5 107
5 109
5 110
5 111
5 114
5 117
5 119
5 123
5 125
5 126
5 128
5 129
5 131
5 134
5 135
5 138
5 140
5 148
5 149
5 150
5 153
5 155
5 156
5 157
5 158
5 159
6 8
6 10
6 14
6 16
6 17
6 19
6 20
6 21
6 22
6 26
6 28
6 33
6 35
6 37
6 39
6 40
6 42
6 45
6 46
6 47
6 52
6 54
6 55
6 56
6 59
6 60
6 61
6 62
6 63
6 65
6 66
6 69
6 70
6 71
6 72
6 74
6 76
6 79
6 80
6 82
6 84
6 87
6 88
6 89
6 95
6 97
6 98
6 100
6 101
6 103
6 104
6 107
6 108
6 110
6 111
6 112
6 113
6 114
6 115
6 118
6 119
6 122
6 126
6 129
6 130
6 131
6 136
6 137
6 139
6 140
6 141
6 146
6 147
6 152
6 155
6 157
6 159
7 10
7 13
7 15
7 16
7 17
7 18
7 19
7 20
7 21
7 22
7 24
7 25
7 27
7 28
7 29
7 30
7 32
7 34
7 38
7 40
7 43
7 45
7 46
7 48
7 49
7 50
7 51
7 52
7 53
7 54
7 55
7 56
7 57
7 58
7 60
7 61
7 62
7 63
7 64
7 66
7 67
7 70
7 79
7 80
7 83
7 84
7 85
7 89
7 90
7 91
7 92
7 93
7 97
7 99
7 100
7 101
7 102
7 105
7 106
7 107
7 108
7 109
7 111
7 112
7 113
7 116
7 117
7 123
7 126
7 127
7 130
7 134
7 135
7 139
7 140
7 141
7 142
7 143
7 146
7 147
7 149
7 151
7 157
7 158
7 159
8 11
8 12
8 13
8 14
8 16
8 19
8 21
8 23
8 26
8 28
8 30
8 32
8 34
8 36
8 37
8 40
8 41
8 43
8 44
8 47
8 49
8 50
8 53
8 55
8 56
8 57
8 58
8 61
8 62
8 65
8 66
8 67
8 68
8 69
8 72
8 74
8 76
8 78
8 79
8 80
8 81
8 82
8 83
8 84
8 86
8 87
8 88
8 90
8 91
8 93
8 94
8 95
8 99
8 101
8 104
8 108
8 109
8 112
8 115
8 117
8 118
8 120
8 123
8 124
8 125
8 129
8 130
8 131
8 135
8 137
8 138
8 139
8 141
8 142
8 145
8 147
8 149
8 150
8 151
8 152
8 153
8 155
8 156
8 157
8 158
8 159
9 11
9 12
9 14
9 17
9 18
9 19
9 20
9 23
9 27
9 29
9 32
9 33
9 35
9 36
9 38
9 39
9 41
9 42
9 44
9 45
9 46
9 47
9 48
9 51
9 52
9 53
9 55
9 56
9 58
9 60
9 62
9 64
9 66
9 67
9 68
9 69
9 71
9 75
9 76
9 78
9 80
9 83
9 87
9 90
9 91
9 92
9 94
9 98
9 100
9 102
9 106
9 109
9 110
9 112
9 115
9 118
9 124
9 125
9 133
9 135
9 137
9 138
9 139
9 142
9 146
9 148
9 152
9 154
9 155
9 156
9 157
9 159
10 12
10 13
10 14
10 16
10 20
10 27
10 29
10 31
10 32
10 34
10 35
10 37
10 39
10 40
10 43
10 45
10 52
10 54
10 55
10 56
10 57
10 60
10 61
10 63
10 64
10 65
10 67
10 68
10 70
10 71
10 76
10 77
10 78
10 79
10 80
10 83
10 84
10 85
10 86
10 87
10 88
10 90
10 91
10 94
10 95
10 96
10 97
10 101
10 105
10 106
10 107
10 112
10 115
10 117
10 118
10 119
10 120
10 121
10 122
10 127
10 130
10 131
10 132
10 133
10 134
10 135
10 139
10 141
10 142
10 143
10 144
10 147
10 151
10 152
10 154
10 155
10 159
11 12
11 16
11 17
11 19
11 21
11 22
11 23
11 28
11 30
11 31
11 33
11 36
11 37
11 39
11 40
11 41
11 42
11 43
11 44
11 46
11 49
11 50
11 52
11 53
11 54
11 55
11 56
11 57
11 59
11 60
11 61
11 66
11 67
11 69
11 72
11 73
11 74
11 76
11 78
11 80
11 81
11 86
11 87
11 88
11 89
11 90
11 91
11 95
11 97
11 98
11 99
11 104
11 105
11 107
11 109
11 112
11 113
11 114
11 115
11 116
11 119
11 121
11 122
11 125
11 127
11 128
11 129
11 130
11 131
11 135
11 140
11 142
11 144
11 145
11 146
11 148
11 149
11 151
11 152
11 158
11 159
12 13
12 14
12 16
12 17
12 20
12 21
12 22
12 26
12 27
12 29
12 30
12 31
12 33
12 35
12 37
12 38
12 41
12 42
12 48
12 52
12 54
12 55
12 57
12 58
12 60
12 61
12 64
12 66
12 68
12 69
12 72
12 75
12 78
12 80
12 82
12 83
12 84
12 85
12 87
12 89
12 91
12 93
12 97
12 98
12 100
12 101
12 103
12 104
12 105
12 107
12 109
12 110
12 111
12 112
12 114
12 119
12 121
12 122
12 123
12 125
12 130
12 131
12 132
12 133
12 134
12 135
12 136
12 137
12 139
12 140
12 141
12 143
12 144
12 147
12 148
12 149
12 151
12 153
12 155
12 157
13 14
13 17
13 19
13 22
13 23
13 24
13 25
13 26
13 28
13 31
13 32
13 33
13 34
13 36
13 38
13 39
13 42
13 43
13 44
13 46
13 48
13 49
13 50
13 51
13 54
13 56
13 58
13 59
13 60
13 61
13 62
13 64
13 65
13 68
13 69
13 72
13 74
13 75
13 77
13 80
13 81
13 83
13 84
13 89
13 91
13 94
13 96
13 98
13 99
13 103
13 104
13 106
13 107
13 109
13 112
13 114
13 116
13 118
13 119
13 120
13 122
13 123
13 126
13 128
13 131
13 132
13 133
13 134
13 135
13 138
13 140
13 142
13 143
13 145
13 147
13 149
13 153
13 154
13 155
13 159
14 15
14 16
14 20
14 23
14 24
14 25
14 26
14 27
14 29
14 30
14 31
14 32
14 34
14 37
14 38
14 39
14 43
14 44
14 47
14 50
14 52
14 54
14 55
14 56
14 57
14 58
14 60
14 61
14 62
14 63
14 64
14 65
14 68
14 70
14 71
14 73
14 75
14 76
14 79
14 80
14 83
14 86
14 90
14 91
14 94
14 95
14 98
14 100
14 101
14 103
14 104
14 106
14 112
14 113
14 114
14 115
14 120
14 121
14 123
14 124
14 125
14 126
14 133
14 135
14 138
14 141
14 145
14 146
14 147
14 149
14 151
14 153
14 159
15 16
15 19
15 20
15 22
15 25
15 27
15 28
15 29
15 31
15 32
15 38
15 39
15 40
15 41
15 42
15 43
15 44
15 49
15 51
15 53
15 54
15 56
15 57
15 61
15 62
15 69
15 70
15 74
15 76
15 79
15 80
15 83
15 85
15 90
15 91
15 93
15 95
15 103
15 104
15 105
15 106
15 109
15 113
15 114
15 117
15 118
15 120
15 121
15 122
15 125
15 126
15 127
15 131
15 132
15 140
15 141
15 143
15 144
15 146
15 147
15 148
15 153
15 154
15 155
15 157
15 159
16 17
16 21
16 22
16 24
16 25
16 26
16 27
16 31
16 33
16 34
16 35
16 40
16 41
16 45
16 47
16 48
16 49
16 50
16 53
16 54
16 57
16 59
16 60
16 61
16 62
16 64
16 65
16 68
16 69
16 70
16 71
16 72
16 75
16 78
16 79
16 80
16 81
16 83
16 86
16 87
16 91
16 92
16 94
16 95
16 96
16 97
16 98
16 100
16 105
16 110
16 116
16 117
16 118
16 120
16 121
16 122
16 123
16 124
16 125
16 126
16 127
16 128
16 130
16 132
16 133
16 135
16 138
16 145
16 146
16 147
16 150
16 151
16 152
16 154
16 155
16 156
16 157
16 158
16 159
17 18
17 21
17 25
17 29
17 30
17 33
17 34
17 35
17 36
17 37
17 39
17 42
17 43
17 45
17 48
17 50
17 52
17 53
17 56
17 57
17 59
17 60
17 61
17 62
17 63
17 65
17 69
17 70
17 72
17 73
17 76
17 79
17 80
17 81
17 84
17 89
17 90
17 91
17 94
17 95
17 99
17 101
17 102
17 104
17 108
17 110
17 112
17 116
17 118
17 119
17 120
17 121
17 122
17 124
17 125
17 126
17 127
17 128
17 129
17 130
17 131
17 133
17 135
17 138
17 139
17 141
17 142
17 143
17 144
17 146
17 148
17 149
17 150
17 153
17 154
17 155
17 156
18 19
18 20
18 24
18 27
18 28
18 29
18 30
18 31
18 32
18 33
18 35
18 37
18 39
18 41
18 44
18 45
18 47
18 50
18 52
18 53
18 56
18 57
18 59
18 63
18 64
18 67
18 69
18 72
18 76
18 78
18 79
18 80
18 81
18 82
18 83
18 86
18 87
18 88
18 89
18 92
18 93
18 97
18 100
18 102
18 103
18 104
18 105
18 107
18 108
18 109
18 110
18 112
18 115
18 117
18 118
18 119
18 121
18 122
18 126
18 129
18 133
18 135
18 137
18 138
18 139
18 141
18 144
18 145
18 147
18 150
18 154
18 155
18 156
18 157
18 158
19 20
19 21
19 22
19 23
19 24
19 25
19 29
19 32
19 33
19 35
19 37
19 40
19 41
19 46
19 47
19 49
19 52
19 58
19 59
19 60
19 62
19 67
19 68
19 71
19 74
19 75
19 76
19 78
19 79
19 81
19 82
19 83
19 84
19 85
19 86
19 90
19 91
19 92
19 95
19 96
19 98
19 101
19 102
19 103
19 108
19 110
19 111
19 112
19 114
19 119
19 123
19 125
19 129
19 130
19 131
19 135
19 136
19 140
19 143
19 144
19 147
19 151
19 156
19 157
19 159
20 22
20 25
20 27
20 28
20 29
20 31
20 32
20 36
20 38
20 39
20 40
20 41
20 49
20 51
20 53
20 54
20 58
20 59
20 61
20 63
20 66
20 67
20 71
20 72
20 73
20 75
20 76
20 83
20 84
20 85
20 86
20 88
20 89
20 92
20 99
20 103
20 105
20 106
20 108
20 109
20 111
20 112
20 113
20 114
20 119
20 121
20 123
20 124
20 125
20 128
20 129
20 132
20 133
20 137
20 138
20 139
20 144
20 145
20 146
20 147
20 148
20 150
20 152
20 156
20 158
21 25
21 27
21 29
21 30
21 34
21 35
21 38
21 39
21 42
21 43
21 46
21 48
21 49
21 52
21 62
21 63
21 64
21 65
21 66
21 72
21 73
21 74
21 75
21 76
21 78
21 82
21 83
21 84
21 85
21 87
21 89
21 92
21 93
21 98
21 99
21 104
21 107
21 109
21 111
21 112
21 113
21 114
21 115
21 116
21 117
21 120
21 123
21 125
21 127
21 128
21 129
21 130
21 135
21 138
21 139
21 141
21 145
21 146
21 148
21 149
21 150
21 151
21 152
21 153
21 154
21 155
21 159
22 23
22 24
22 25
22 30
22 31
22 34
22 38
22 39
22 41
22 42
22 45
22 46
22 48
22 49
22 52
22 53
22 54
22 55
22 56
22 58
22 61
22 63
22 67
22 68
22 69
22 71
22 73
22 74
22 77
22 78
22 81
22 84
22 85
22 87
22 90
22 96
22 97
22 98
22 99
22 100
22 101
22 102
22 108
22 109
22 110
22 111
22 114
22 115
22 119
22 122
22 125
22 126
22 127
22 128
22 136
22 138
22 140
22 141
22 145
22 147
22 148
22 149
22 150
22 151
22 152
22 153
22 154
22 156
22 159
23 24
23 26
23 27
23 28
23 29
23 30
23 32
23 33
23 34
23 35
23 37
23 39
23 40
23 41
23 42
23 44
23 45
23 49
23 58
23 59
23 61
23 65
23 66
23 67
23 69
23 71
23 73
23 76
23 77
23 79
23 80
23 83
23 85
23 86
23 87
23 88
23 90
23 91
23 92
23 93
23 95
23 96
23 98
23 99
23 100
23 103
23 104
23 105
23 106
23 109
23 111
23 117
23 122
23 127
23 128
23 129
23 132
23 133
23 135
23 138
23 139
23 140
23 141
23 144
23 145
23 146
23 147
23 149
23 150
23 151
23 155
23 158
23 159
24 26
24 27
24 29
24 30
24 32
24 33
24 34
24 35
24 36
24 38
24 40
24 45
24 47
24 49
24 50
24 52
24 54
24 55
24 57
24 62
24 63
24 64
24 65
24 66
24 67
24 68
24 69
24 70
24 73
24 74
24 76
24 77
24 78
24 82
24 84
24 85
24 86
24 87
24 89
24 90
24 91
24 92
24 94
24 98
24 102
24 104
24 105
24 107
24 108
24 110
24 113
24 117
24 122
24 123
24 124
24 125
24 126
24 130
24 134
24 136
24 137
24 138
24 142
24 144
24 145
24 147
24 148
24 149
24 150
24 151
24 153
24 154
24 156
24 158
25 26
25 30
25 32
25 37
25 41
25 42
25 47
25 50
25 52
25 54
25 55
25 57
25 58
25 63
25 65
25 67
25 68
25 73
25 74
25 75
25 76
25 78
25 88
25 90
25 91
25 92
25 93
25 94
25 95
25 101
25 102
25 108
25 111
25 113
25 115
25 116
25 117
25 118
25 122
25 124
25 126
25 128
25 130
25 131
25 132
25 133
25 134
25 135
25 136
25 138
25 139
25 142
25 144
25 145
25 148
25 149
25 150
25 151
25 152
25 153
25 155
25 156
25 159
26 30
26 31
26 33
26 35
26 37
26 38
26 41
26 42
26 43
26 45
26 46
26 47
26 50
26 51
26 52
26 53
26 56
26 62
26 64
26 66
26 69
26 70
26 71
26 74
26 77
26 78
26 82
26 85
26 86
26 88
26 89
26 90
26 91
26 93
26 94
26 97
26 106
26 111
26 112
26 116
26 118
26 119
26 122
26 123
26 124
26 126
26 129
26 131
26 133
26 134
26 136
26 137
26 138
26 140
26 141
26 143
26 145
26 146
26 150
26 151
26 155
26 156
26 158
26 159
27 28
27 29
27 30
27 31
27 33
27 35
27 38
27 39
27 40
27 42
27 44
27 49
27 53
27 54
27 55
27 56
27 57
27 59
27 61
27 62
27 68
27 69
27 70
27 72
27 73
27 74
27 75
27 76
27 77
27 79
27 81
27 83
27 84
27 85
27 87
27 88
27 89
27 91
27 92
27 93
27 94
27 96
27 98
27 99
27 101
27 102
27 104
27 106
27 107
27 110
27 112
27 114
27 117
27 120
27 127
27 128
27 131
27 133
27 134
27 135
27 140
27 141
27 143
27 148
27 150
27 151
27 152
27 155
27 157
27 158
27 159
28 29
28 32
28 33
28 34
28 36
28 38
28 39
28 41
28 42
28 43
28 45
28 46
28 51
28 54
28 55
28 56
28 59
28 63
28 65
28 66
28 69
28 70
28 75
28 77
28 78
28 81
28 82
28 83
28 86
28 87
28 88
28 89
28 90
28 91
28 94
28 95
28 99
28 100
28 102
28 104
28 105
28 106
28 107
28 108
28 110
28 112
28 113
28 114
28 117
28 118
28 120
28 121
28 122
28 124
28 129
28 131
28 134
28 138
28 139
28 140
28 142
28 145
28 146
28 147
28 149
28 150
28 152
28 154
28 156
28 157
29 31
29 32
29 34
29 35
29 38
29 41
29 42
29 43
29 44
29 45
29 47
29 48
29 49
29 51
29 52
29 56
29 59
29 61
29 63
29 64
29 65
29 69
29 70
29 72
29 73
29 74
29 76
29 78
29 79
29 80
29 82
29 83
29 86
29 87
29 88
29 90
29 91
29 92
29 95
29 96
29 98
29 99
29 101
29 102
29 103
29 107
29 108
29 109
29 110
29 112
29 113
29 114
29 116
29 117
29 121
29 122
29 124
29 125
29 129
29 130
29 131
29 132
29 133
29 134
29 138
29 139
29 140
29 141
29 142
29 143
29 144
29 145
29 147
29 148
29 149
29 151
29 152
29 153
29 156
30 32
30 33
30 34
30 36
30 40
30 41
30 42
30 43
30 45
30 46
30 47
30 50
30 55
30 57
30 59
30 60
30 61
30 64
30 66
30 67
30 68
30 70
30 72
30 73
30 77
30 79
30 84
30 85
30 86
30 87
30 89
30 93
30 94
30 95
30 96
30 99
30 102
30 103
30 105
30 106
30 108
30 109
30 110
30 112
30 114
30 117
30 122
30 123
30 124
30 125
30 127
30 133
30 134
30 135
30 136
30 139
30 140
30 142
30 149
30 152
30 153
30 155
30 157
30 158
30 159
31 35
31 38
31 39
31 41
31 43
31 50
31 55
31 56
31 57
31 58
31 60
31 61
31 64
31 66
31 67
31 72
31 74
31 75
31 76
31 78
31 80
31 81
31 84
31 85
31 86
31 87
31 88
31 90
31 92
31 95
31 98
31 99
31 102
31 105
31 106
31 107
31 109
31 115
31 116
31 117
31 123
31 124
31 127
31 128
31 129
31 130
31 131
31 132
31 135
31 136
31 139
31 142
31 143
31 144
31 145
31 147
31 148
31 150
31 151
31 152
31 155
31 158
31 159
32 33
32 35
32 36
32 37
32 39
32 40
32 42
32 43
32 44
32 45
32 46
32 47
32 48
32 52
32 54
32 55
32 57
32 59
32 60
32 62
32 67
32 69
32 72
32 73
32 74
32 75
32 76
32 80
32 88
32 90
32 91
32 96
32 100
32 102
32 105
32 106
32 107
32 108
32 110
32 111
32 112
32 115
32 116
32 117
32 119
32 121
32 125
32 126
32 127
32 129
32 131
32 132
32 133
32 135
32 138
32 140
32 141
32 146
32 149
32 153
32 154
32 155
32 156
32 159
33 34
33 37
33 39
33 41
33 43
33 45
33 46
33 47
33 50
33 51
33 52
33 55
33 56
33 57
33 58
33 59
33 60
33 61
33 63
33 64
33 65
33 66
33 70
33 72
33 74
33 75
33 76
33 78
33 81
33 82
33 84
33 85
33 87
33 88
33 90
33 92
33 98
33 99
33 100
33 101
33 102
33 103
33 104
33 105
33 106
33 107
33 109
33 111
33 113
33 115
33 118
33 119
33 120
33 121
33 126
33 127
33 128
33 129
33 132
33 133
33 134
33 136
33 137
33 143
33 144
33 145
33 147
33 150
33 151
33 152
33 153
33 155
33 156
33 157
33 159
34 35
34 36
34 37
34 38
34 41
34 43
34 45
34 52
34 58
34 59
34 61
34 62
34 63
34 65
34 66
34 67
34 68
34 70
34 71
34 72
34 73
34 74
34 76
34 77
34 79
34 81
34 83
34 85
34 87
34 89
34 91
34 92
34 94
34 95
34 100
34 101
34 105
34 108
34 110
34 111
34 112
34 113
34 114
34 116
34 117
34 118
34 120
34 122
34 124
34 134
34 136
34 137
34 140
34 141
34 142
34 143
34 145
34 148
34 151
34 152
34 157
34 158
35 37
35 39
35 41
35 43
35 46
35 47
35 48
35 50
35 51
35 52
35 53
35 55
35 58
35 59
35 62
35 63
35 65
35 66
35 67
35 68
35 69
35 71
35 74
35 76
35 77
35 79
35 80
35 81
35 85
35 90
35 92
35 93
35 95
35 96
35 97
35 98
35 101
35 103
35 106
35 107
35 110
35 111
35 115
35 116
35 119
35 121
35 123
35 125
35 126
35 127
35 129
35 130
35 133
35 136
35 137
35 140
35 141
35 142
35 143
35 144
35 145
35 147
35 148
35 158
35 159
36 37
36 38
36 41
36 43
36 44
36 45
36 46
36 48
36 49
36 52
36 53
36 54
36 55
36 56
36 60
36 63
36 64
36 70
36 72
36 75
36 76
36 77
36 79
36 82
36 83
36 86
36 87
36 88
36 93
36 95
36 97
36 98
36 101
36 103
36 104
36 105
36 107
36 108
36 109
36 110
36 111
36 113
36 117
36 122
36 124
36 126
36 127
36 128
36 129
36 130
36 132
36 134
36 137
36 138
36 139
36 141
36 142
36 144
36 146
36 147
36 148
36 149
36 155
36 156
36 159
37 38
37 39
37 40
37 41
37 44
37 47
37 53
37 54
37 56
37 57
37 58
37 59
37 60
37 61
37 62
37 63
37 64
37 66
37 72
37 73
37 74
37 75
37 76
37 77
37 78
37 80
37 81
37 85
37 86
37 89
37 94
37 95
37 101
37 102
37 103
37 105
37 107
37 108
37 109
37 111
37 112
37 116
37 118
37 120
37 122
37 123
37 125
37 130
37 135
37 136
37 140
37 143
37 145
37 148
37 152
37 154
37 155
37 159
38 40
38 42
38 46
38 47
38 52
38 55
38 56
38 58
38 59
38 63
38 64
38 68
38 69
38 70
38 74
38 77
38 78
38 80
38 81
38 82
38 83
38 84
38 85
38 87
38 89
38 91
38 94
38 95
38 96
38 97
38 99
38 101
38 103
38 105
38 108
38 109
38 111
38 114
38 119
38 120
38 121
38 123
38 124
38 125
38 127
38 128
38 129
38 131
38 133
38 137
38 138
38 140
38 141
38 142
38 147
38 149
38 151
38 152
38 155
38 158
39 43
39 47
39 49
39 50
39 51
39 52
39 53
39 54
39 57
39 59
39 65
39 66
39 68
39 69
39 71
39 73
39 77
39 79
39 81
39 82
39 83
39 91
39 92
39 94
39 95
39 98
39 105
39 106
39 107
39 108
39 109
39 110
39 111
39 115
39 117
39 118
39 120
39 123
39 125
39 129
39 131
39 133
39 134
39 137
39 139
39 141
39 144
39 146
39 147
39 148
39 149
39 151
39 152
39 153
39 154
39 156
39 158
39 159
40 41
40 42
40 48
40 49
40 55
40 56
40 61
40 63
40 64
40 65
40 66
40 73
40 76
40 77
40 78
40 80
40 82
40 83
40 84
40 86
40 88
40 89
40 90
40 91
40 92
40 95
40 97
40 101
40 102
40 103
40 106
40 107
40 112
40 115
40 116
40 118
40 120
40 121
40 123
40 124
40 125
40 128
40 129
40 130
40 131
40 132
40 133
40 136
40 137
40 139
40 140
40 142
40 143
40 144
40 145
40 147
40 148
40 152
40 156
40 159
41 47
41 50
41 53
41 54
41 55
41 57
41 63
41 65
41 66
41 67
41 68
41 69
41 72
41 73
41 74
41 75
41 80
41 83
41 89
41 94
41 95
41 96
41 99
41 100
41 102
41 103
41 111
41 113
41 114
41 115
41 117
41 118
41 119
41 120
41 122
41 123
41 124
41 126
41 127
41 128
41 129
41 130
41 134
41 136
41 137
41 138
41 146
41 147
41 148
41 152
41 156
41 157
41 158
41 159
42 45
42 46
42 47
42 49
42 51
42 56
42 57
42 59
42 60
42 62
42 63
42 66
42 69
42 70
42 71
42 72
42 75
42 76
42 77
42 79
42 80
42 82
42 85
42 86
42 89
42 90
42 92
42 96
42 97
42 98
42 101
42 103
42 107
42 109
42 110
42 114
42 116
42 119
42 121
42 122
42 124
42 126
42 129
42 131
42 132
42 133
42 135
42 138
42 140
42 141
42 142
42 143
42 144
42 146
42 147
42 148
42 149
42 150
42 153
42 157
43 46
43 47
43 48
43 53
43 55
43 57
43 63
43 64
43 65
43 66
43 67
43 69
43 73
43 78
43 79
43 80
43 81
43 82
43 85
43 88
43 89
43 90
43 93
43 94
43 95
43 96
43 98
43 99
43 100
43 101
43 102
43 103
43 105
43 106
43 108
43 109
43 112
43 117
43 119
43 122
43 129
43 130
43 131
43 133
43 137
43 139
43 141
43 142
43 143
43 144
43 147
43 149
43 151
43 152
43 153
43 154
43 155
44 45
44 47
44 48
44 49
44 50
44 51
44 52
44 54
44 57
44 63
44 66
44 67
44 70
44 71
44 73
44 74
44 75
44 76
44 77
44 78
44 81
44 83
44 86
44 87
44 89
44 90
44 91
44 92
44 94
44 95
44 97
44 99
44 101
44 102
44 103
44 104
44 105
44 106
44 108
44 109
44 110
44 111
44 112
44 113
44 114
44 115
44 117
44 118
44 120
44 121
44 122
44 124
44 125
44 126
44 127
44 130
44 132
44 134
44 135
44 136
44 137
44 138
44 139
44 142
44 146
44 147
44 150
44 151
44 153
44 155
44 156
45 46
45 47
45 48
45 52
45 53
45 55
45 59
45 67
45 71
45 74
45 75
45 78
45 80
45 81
45 83
45 84
45 85
45 88
45 89
45 92
45 95
45 96
45 99
45 100
45 101
45 103
45 104
45 106
45 107
45 108
45 110
45 113
45 115
45 116
45 118
45 123
45 124
45 125
45 127
45 128
45 130
45 137
45 138
45 140
45 141
45 144
45 145
45 148
45 149
45 150
45 152
45 154
45 155
45 159
46 49
46 50
46 54
46 55
46 56
46 59
46 66
46 69
46 70
46 71
46 74
46 77
46 78
46 80
46 82
46 84
46 85
46 86
46 88
46 91
46 97
46 98
46 99
46 101
46 103
46 105
46 109
46 110
46 111
46 112
46 113
46 114
46 115
46 118
46 119
46 120
46 123
46 125
46 128
46 130
46 133
46 135
46 136
46 137
46 142
46 143
46 146
46 147
46 148
46 150
46 152
46 153
46 154
46 157
46 158
47 48
47 49
47 50
47 52
47 55
47 56
47 57
47 58
47 59
47 60
47 61
47 64
47 69
47 71
47 74
47 77
47 78
47 79
47 83
47 84
47 85
47 86
47 91
47 92
47 93
47 94
47 95
47 96
47 97
47 98
47 100
47 101
47 104
47 107
47 109
47 112
47 113
47 114
47 116
47 118
47 120
47 122
47 123
47 130
47 131
47 132
47 134
47 136
47 140
47 141
47 143
47 144
47 146
47 148
47 151
47 152
47 154
47 155
48 51
48 52
48 53
48 54
48 55
48 56
48 58
48 60
48 62
48 63
48 65
48 66
48 67
48 70
48 71
48 72
48 73
48 74
48 75
48 76
48 77
48 78
48 80
48 81
48 84
48 85
48 92
48 93
48 94
48 96
48 98
48 100
48 101
48 102
48 103
48 104
48 106
48 108
48 110
48 112
48 113
48 117
48 119
48 120
48 123
48 127
48 128
48 129
48 130
48 131
48 132
48 133
48 136
48 138
48 139
48 143
48 145
48 147
48 149
48 150
48 151
48 152
48 154
48 156
48 157
48 158
49 55
49 56
49 57
49 60
49 61
49 65
49 69
49 72
49 77
49 79
49 81
49 82
49 85
49 88
49 90
49 91
49 93
49 97
49 99
49 100
49 101
49 106
49 107
49 108
49 109
49 110
49 111
49 114
49 118
49 119
49 120
49 127
49 132
49 133
49 134
49 135
49 138
49 139
49 140
49 144
49 146
49 147
49 153
49 155
49 156
49 157
50 54
50 57
50 59
50 60
50 61
50 65
50 66
50 67
50 70
50 71
50 76
50 77
50 78
50 79
50 81
50 82
50 83
50 93
50 95
50 97
50 102
50 104
50 107
50 110
50 111
50 113
50 115
50 117
50 118
50 121
50 124
50 125
50 126
50 128
50 132
50 134
50 137
50 141
50 142
50 143
50 145
50 147
50 148
50 150
50 151
50 152
50 153
50 157
51 54
51 57
51 60
51 63
51 67
51 69
51 71
51 73
51 80
51 81
51 83
51 84
51 86
51 88
51 90
51 91
51 92
51 93
51 94
51 98
51 99
51 100
51 102
51 107
51 108
51 109
51 110
51 111
51 112
51 113
51 117
51 119
51 121
51 125
51 126
51 129
51 131
51 133
51 135
51 136
51 140
51 144
51 148
51 149
51 152
51 155
51 156
51 159
52 54
52 58
52 60
52 62
52 64
52 65
52 66
52 72
52 73
52 74
52 76
52 78
52 81
52 84
52 85
52 86
52 88
52 89
52 91
52 93
52 94
52 97
52 99
52 100
52 102
52 104
52 105
52 106
52 113
52 117
52 119
52 121
52 123
52 124
52 125
52 127
52 128
52 130
52 134
52 136
52 138
52 140
52 142
52 143
52 150
52 152
52 153
52 154
52 155
52 157
52 158
53 54
53 56
53 59
53 61
53 62
53 63
53 64
53 65
53 66
53 73
53 75
53 76
53 80
53 81
53 83
53 87
53 88
53 90
53 91
53 95
53 96
53 97
53 98
53 101
53 104
53 105
53 108
53 110
53 111
53 112
53 117
53 118
53 120
53 123
53 124
53 125
53 127
53 129
53 131
53 132
53 133
53 134
53 139
53 140
53 141
53 143
53 144
53 146
53 148
53 150
53 151
53 153
53 156
53 157
53 159
54 56
54 57
54 60
54 61
54 63
54 65
54 66
54 67
54 69
54 70
54 71
54 72
54 73
54 76
54 78
54 79
54 80
54 81
54 84
54 86
54 89
54 92
54 93
54 95
54 96
54 97
54 101
54 107
54 111
54 112
54 113
54 116
54 117
54 120
54 125
54 126
54 129
54 130
54 131
54 133
54 134
54 135
54 136
54 138
54 139
54 141
54 142
54 143
54 145
54 147
54 150
54 153
55 57
55 58
55 59
55 61
55 62
55 64
55 65
55 72
55 73
55 78
55 79
55 80
55 85
55 89
55 90
55 92
55 93
55 95
55 97
55 98
55 100
55 102
55 104
55 105
55 107
55 108
55 110
55 111
55 112
55 113
55 116
55 119
55 123
55 125
55 127
55 135
55 136
55 137
55 139
55 140
55 142
55 143
55 144
55 148
55 149
55 151
55 152
55 153
55 157
55 158
55 159
56 59
56 60
56 63
56 67
56 68
56 69
56 70
56 72
56 74
56 76
56 78
56 79
56 80
56 81
56 88
56 89
56 93
56 97
56 99
56 102
56 103
56 104
56 105
56 107
56 110
56 113
56 114
56 117
56 119
56 120
56 121
56 122
56 124
56 125
56 127
56 128
56 130
56 131
56 133
56 134
56 136
56 137
56 138
56 139
56 140
56 143
56 145
56 146
56 148
56 149
56 153
56 155
56 157
56 158
57 58
57 59
57 61
57 62
57 63
57 64
57 67
57 68
57 69
57 71
57 73
57 75
57 77
57 80
57 85
57 87
57 89
57 93
57 95
57 102
57 103
57 104
57 107
57 108
57 111
57 113
57 116
57 124
57 125
57 128
57 129
57 130
57 132
57 135
57 139
57 140
57 147
57 149
57 151
57 152
57 154
57 156
57 159
58 59
58 63
58 64
58 65
58 66
58 68
58 69
58 70
58 71
58 72
58 73
58 77
58 78
58 81
58 84
58 85
58 86
58 88
58 89
58 90
58 92
58 93
58 95
58 97
58 100
58 101
58 102
58 103
58 104
58 105
58 106
58 107
58 113
58 115
58 116
58 118
58 119
58 121
58 123
58 124
58 125
58 126
58 130
58 131
58 134
58 137
58 139
58 140
58 141
58 142
58 143
58 144
58 146
58 149
58 151
58 152
58 155
58 157
58 159
59 60
59 66
59 67
59 69
59 70
59 71
59 76
59 78
59 79
59 83
59 85
59 87
59 88
59 89
59 94
59 95
59 101
59 102
59 103
59 105
59 108
59 109
59 111
59 112
59 113
59 115
59 116
59 120
59 123
59 124
59 130
59 131
59 136
59 138
59 139
59 140
59 143
59 144
59 147
59 148
59 153
59 156
59 158
59 159
60 61
60 69
60 76
60 77
60 82
60 86
60 87
60 88
60 89
60 90
60 91
60 92
60 93
60 94
60 95
60 98
60 100
60 101
60 103
60 104
60 106
60 109
60 111
60 112
60 113
60 114
60 115
60 116
60 119
60 121
60 122
60 123
60 124
60 125
60 128
60 131
60 132
60 135
60 138
60 140
60 144
60 145
60 146
60 147
60 150
60 152
60 154
60 156
60 158
61 62
61 68
61 69
61 70
61 72
61 73
61 75
61 76
61 77
61 78
61 79
61 81
61 82
61 83
61 85
61 86
61 88
61 90
61 92
61 94
61 95
61 97
61 99
61 100
61 104
61 108
61 110
61 112
61 117
61 118
61 119
61 120
61 122
61 123
61 125
61 126
61 127
61 128
61 129
61 130
61 131
61 140
61 141
61 145
61 148
61 151
61 152
61 153
61 155
61 157
61 159
62 63
62 64
62 65
62 67
62 68
62 69
62 70
62 72
62 73
62 75
62 79
62 83
62 84
62 88
62 90
62 91
62 94
62 95
62 96
62 99
62 101
62 102
62 103
62 104
62 105
62 109
62 110
62 114
62 119
62 122
62 123
62 124
62 125
62 126
62 127
62 132
62 133
62 135
62 136
62 139
62 141
62 142
62 143
62 144
62 148
62 152
62 153
62 156
62 157
62 158
62 159
63 66
63 67
63 68
63 71
63 72
63 74
63 75
63 76
63 77
63 80
63 81
63 83
63 85
63 88
63 90
63 91
63 95
63 99
63 101
63 102
63 103
63 105
63 107
63 109
63 115
63 116
63 118
63 120
63 123
63 124
63 126
63 127
63 129
63 131
63 132
63 134
63 135
63 136
63 140
63 142
63 144
63 145
63 147
63 149
63 155
63 157
63 158
63 159
64 66
64 67
64 68
64 71
64 73
64 76
64 78
64 81
64 83
64 84
64 89
64 92
64 93
64 94
64 98
64 99
64 103
64 105
64 108
64 109
64 112
64 113
64 116
64 118
64 122
64 124
64 125
64 130
64 131
64 134
64 136
64 138
64 141
64 142
64 143
64 145
64 146
64 147
64 148
64 149
64 150
64 151
64 152
64 153
64 155
64 156
64 159
65 67
65 68
65 69
65 75
65 76
65 79
65 81
65 82
65 87
65 89
65 91
65 92
65 94
65 95
65 97
65 100
65 105
65 107
65 110
65 111
65 121
65 124
65 125
65 126
65 128
65 129
65 130
65 133
65 134
65 138
65 139
65 141
65 143
65 147
65 152
65 153
65 155
65 156
65 157
65 159
66 67
66 69
66 70
66 71
66 72
66 75
66 76
66 80
66 84
66 86
66 90
66 92
66 93
66 98
66 100
66 101
66 105
66 107
66 108
66 110
66 112
66 113
66 115
66 117
66 118
66 120
66 121
66 122
66 123
66 124
66 127
66 129
66 130
66 131
66 132
66 133
66 134
66 135
66 137
66 138
66 140
66 142
66 145
66 146
66 149
66 150
66 152
66 157
66 158
67 68
67 69
67 70
67 71
67 73
67 76
67 77
67 80
67 81
67 82
67 84
67 87
67 89
67 90
67 91
67 92
67 93
67 97
67 100
67 106
67 107
67 108
67 112
67 115
67 118
67 122
67 124
67 126
67 127
67 128
67 131
67 132
67 134
67 135
67 136
67 137
67 139
67 141
67 142
67 146
67 147
67 149
67 151
67 153
67 154
67 155
67 156
67 159
68 69
68 71
68 72
68 74
68 76
68 79
68 80
68 81
68 82
68 83
68 85
68 87
68 90
68 91
68 94
68 95
68 101
68 102
68 103
68 105
68 106
68 108
68 109
68 110
68 111
68 112
68 115
68 116
68 118
68 119
68 120
68 121
68 122
68 123
68 124
68 125
68 126
68 128
68 130
68 131
68 135
68 137
68 138
68 140
68 141
68 145
68 148
68 150
68 151
68 152
68 153
69 73
69 74
69 77
69 78
69 79
69 80
69 84
69 85
69 86
69 87
69 91
69 92
69 93
69 94
69 96
69 97
69 98
69 102
69 106
69 107
69 110
69 111
69 113
69 114
69 116
69 120
69 121
69 123
69 125
69 127
69 128
69 132
69 136
69 137
69 138
69 139
69 140
69 141
69 144
69 146
69 148
69 149
69 151
69 154
69 155
69 158
69 159
70 72
70 73
70 74
70 76
70 77
70 79
70 80
70 83
70 84
70 86
70 87
70 89
70 90
70 91
70 96
70 100
70 102
70 104
70 105
70 110
70 111
70 112
70 114
70 115
70 116
70 119
70 120
70 121
70 122
70 125
70 127
70 128
70 130
70 133
70 135
70 136
70 137
70 138
70 144
70 145
70 148
70 149
70 150
70 153
70 155
70 156
70 157
70 158
71 75
71 78
71 80
71 81
71 82
71 83
71 86
71 89
71 92
71 94
71 95
71 96
71 98
71 100
71 101
71 103
71 104
71 106
71 107
71 108
71 109
71 110
71 111
71 112
71 118
71 121
71 123
71 125
71 128
71 129
71 133
71 135
71 136
71 138
71 140
71 142
71 146
71 148
71 149
71 150
71 151
71 152
71 153
71 154
71 156
72 76
72 77
72 79
72 82
72 83
72 84
72 85
72 86
72 87
72 88
72 90
72 91
72 92
72 93
72 94
72 96
72 97
72 98
72 100
72 103
72 104
72 105
72 107
72 108
72 112
72 114
72 116
72 120
72 123
72 124
72 125
72 129
72 132
72 133
72 134
72 137
72 145
72 146
72 147
72 149
72 150
72 155
72 157
72 158
72 159
73 76
73 80
73 81
73 88
73 89
73 91
73 92
73 94
73 96
73 97
73 98
73 99
73 101
73 105
73 106
73 108
73 109
73 112
73 113
73 114
73 118
73 121
73 124
73 125
73 129
73 130
73 131
73 133
73 134
73 138
73 139
73 141
73 143
73 144
73 145
73 146
73 147
73 148
73 151
73 152
73 157
73 158
73 159
74 77
74 78
74 80
74 81
74 88
74 89
74 90
74 91
74 98
74 101
74 103
74 104
74 105
74 106
74 108
74 109
74 111
74 114
74 116
74 117
74 121
74 123
74 126
74 128
74 129
74 130
74 131
74 132
74 134
74 135
74 136
74 137
74 139
74 142
74 144
74 146
74 147
74 148
74 150
74 151
74 153
74 155
74 156
74 157
74 158
74 159
75 76
75 77
75 79
75 82
75 86
75 87
75 88
75 90
75 91
75 92
75 93
75 94
75 96
75 97
75 98
75 105
75 106
75 108
75 113
75 114
75 118
75 119
75 124
75 126
75 128
75 129
75 130
75 132
75 133
75 134
75 137
75 138
75 139
75 140
75 142
75 143
75 144
75 146
75 151
75 152
75 154
75 158
76 78
76 81
76 83
76 85
76 86
76 88
76 89
76 90
76 92
76 93
76 94
76 95
76 96
76 97
76 98
76 99
76 106
76 110
76 114
76 116
76 117
76 118
76 122
76 124
76 125
76 126
76 128
76 129
76 130
76 131
76 132
76 133
76 134
76 135
76 139
76 143
76 146
76 147
76 150
76 153
76 157
77 78
77 80
77 81
77 83
77 88
77 90
77 91
77 92
77 93
77 94
77 95
77 98
77 104
77 105
77 106
77 107
77 112
77 114
77 115
77 117
77 118
77 121
77 122
77 127
77 128
77 133
77 135
77 137
77 139
77 142
77 143
77 145
77 151
77 153
77 154
77 156
77 157
78 79
78 81
78 82
78 83
78 85
78 92
78 93
78 94
78 96
78 97
78 103
78 105
78 109
78 110
78 114
78 115
78 118
78 119
78 121
78 123
78 124
78 125
78 126
78 127
78 130
78 134
78 135
78 136
78 137
78 140
78 142
78 144
78 145
78 148
78 149
78 150
78 152
78 155
78 156
78 157
79 80
79 81
79 84
79 85
79 87
79 89
79 92
79 94
79 95
79 96
79 101
79 103
79 107
79 108
79 109
79 111
79 116
79 118
79 119
79 120
79 123
79 127
79 129
79 130
79 134
79 135
79 136
79 137
79 138
79 142
79 143
79 145
79 146
79 147
79 148
79 155
79 156
79 159
80 81
80 84
80 85
80 87
80 88
80 90
80 92
80 93
80 96
80 97
80 101
80 102
80 103
80 105
80 106
80 107
80 109
80 110
80 114
80 115
80 116
80 117
80 118
80 119
80 123
80 131
80 137
80 146
80 148
80 150
80 152
80 153
80 154
80 155
80 157
80 158
81 83
81 86
81 87
81 88
81 89
81 91
81 95
81 96
81 97
81 100
81 101
81 103
81 104
81 105
81 106
81 108
81 109
81 114
81 116
81 118
81 119
81 120
81 121
81 123
81 125
81 129
81 133
81 134
81 135
81 136
81 139
81 140
81 141
81 143
81 147
81 148
81 149
81 152
81 153
81 154
81 156
81 157
81 159
82 83
82 85
82 91
82 93
82 96
82 97
82 98
82 100
82 103
82 105
82 106
82 107
82 108
82 110
82 112
82 113
82 116
82 117
82 118
82 121
82 122
82 126
82 132
82 133
82 134
82 136
82 139
82 140
82 144
82 145
82 149
82 152
82 153
82 158
83 87
83 89
83 91
83 94
83 97
83 99
83 101
83 102
83 103
83 104
83 114
83 115
83 116
83 118
83 119
83 121
83 130
83 131
83 132
83 133
83 135
83 136
83 137
83 140
83 141
83 143
83 144
83 145
83 146
83 148
83 150
83 151
83 155
83 157
83 159
84 85
84 87
84 89
84 90
84 91
84 94
84 96
84 97
84 99
84 103
84 104
84 106
84 108
84 109
84 110
84 111
84 113
84 114
84 116
84 119
84 123
84 128
84 130
84 131
84 134
84 135
84 137
84 139
84 140
84 141
84 142
84 146
84 147
84 150
84 153
84 155
85 86
85 88
85 93
85 94
85 100
85 105
85 106
85 109
85 110
85 111
85 112
85 114
85 115
85 117
85 118
85 119
85 120
85 121
85 122
85 124
85 126
85 127
85 130
85 132
85 134
85 135
85 136
85 137
85 138
85 143
85 145
85 146
85 153
85 156
85 157
85 158
86 90
86 91
86 93
86 95
86 99
86 100
86 101
86 103
86 104
86 109
86 111
86 116
86 118
86 119
86 120
86 123
86 125
86 126
86 127
86 128
86 130
86 131
86 132
86 134
86 137
86 138
86 140
86 141
86 146
86 150
86 152
86 154
86 155
86 156
86 157
86 158
87 88
87 93
87 94
87 95
87 97
87 99
87 100
87 101
87 103
87 104
87 105
87 108
87 109
87 111
87 113
87 114
87 115
87 116
87 119
87 120
87 122
87 124
87 126
87 131
87 132
87 133
87 134
87 135
87 138
87 139
87 146
87 149
87 150
87 151
87 153
87 156
87 157
87 158
88 92
88 97
88 100
88 101
88 103
88 104
88 106
88 107
88 111
88 116
88 118
88 121
88 122
88 123
88 124
88 125
88 126
88 127
88 131
88 132
88 138
88 139
88 140
88 145
88 146
88 147
88 148
88 150
88 151
88 158
89 91
89 92
89 95
89 98
89 102
89 103
89 104
89 106
89 107
89 109
89 111
89 113
89 116
89 117
89 118
89 119
89 121
89 125
89 126
89 127
89 129
89 130
89 135
89 136
89 137
89 138
89 139
89 141
89 143
89 147
89 149
89 152
89 154
89 156
89 158
90 92
90 93
90 95
90 96
90 97
90 99
90 104
90 107
90 108
90 109
90 110
90 113
90 115
90 118
90 119
90 121
90 122
90 123
90 127
90 128
90 129
90 135
90 136
90 142
90 143
90 150
90 153
90 154
90 155
91 93
91 95
91 96
91 97
91 100
91 101
91 102
91 107
91 108
91 111
91 112
91 113
91 114
91 115
91 117
91 118
91 123
91 125
91 126
91 127
91 130
91 131
91 132
91 134
91 137
91 145
91 148
91 149
91 150
91 153
91 154
91 155
91 156
91 157
91 158
92 93
92 94
92 95
92 97
92 98
92 102
92 105
92 106
92 107
92 112
92 113
92 115
92 116
92 117
92 122
92 123
92 125
92 128
92 129
92 132
92 133
92 135
92 136
92 138
92 139
92 141
92 143
92 146
92 147
92 149
92 150
92 151
92 153
92 154
92 158
92 159
93 94
93 95
93 96
93 97
93 98
93 99
93 101
93 104
93 105
93 106
93 107
93 109
93 112
93 113
93 114
93 116
93 118
93 119
93 120
93 121
93 123
93 125
93 126
93 130
93 131
93 132
93 133
93 136
93 137
93 138
93 139
93 141
93 144
93 147
93 149
93 150
93 151
93 153
93 154
93 155
93 159
94 95
94 96
94 98
94 104
94 109
94 114
94 116
94 117
94 118
94 119
94 120
94 121
94 123
94 126
94 129
94 131
94 136
94 140
94 141
94 145
94 146
94 147
94 151
94 153
94 154
94 157
94 158
94 159
95 96
95 97
95 98
95 99
95 100
95 101
95 102
95 103
95 104
95 105
95 107
95 109
95 110
95 111
95 115
95 116
95 117
95 122
95 124
95 126
95 127
95 129
95 131
95 132
95 134
95 136
95 137
95 140
95 142
95 143
95 144
95 145
95 146
95 147
95 150
95 154
95 158
96 97
96 99
96 107
96 108
96 110
96 111
96 112
96 114
96 115
96 117
96 118
96 121
96 122
96 123
96 129
96 130
96 131
96 134
96 138
96 140
96 141
96 142
96 149
96 151
96 152
96 153
96 157
96 158
97 98
97 99
97 103
97 107
97 109
97 110
97 111
97 115
97 117
97 119
97 122
97 123
97 124
97 125
97 129
97 130
97 132
97 134
97 136
97 140
97 141
97 142
97 144
97 146
97 147
97 149
97 152
97 154
97 157
98 100
98 101
98 102
98 105
98 106
98 107
98 108
98 109
98 112
98 113
98 116
98 118
98 121
98 123
98 125
98 127
98 128
98 132
98 136
98 137
98 140
98 141
98 142
98 143
98 144
98 147
98 152
98 153
98 159
99 102
99 103
99 104
99 106
99 109
99 116
99 117
99 123
99 128
99 129
99 131
99 132
99 135
99 136
99 137
99 138
99 141
99 145
99 148
99 149
99 150
99 151
99 155
99 156
99 157
99 158
99 159
100 101
100 103
100 104
100 105
100 106
100 109
100 110
100 113
100 115
100 117
100 118
100 120
100 121
100 122
100 123
100 124
100 125
100 126
100 130
100 131
100 132
100 135
100 137
100 139
100 140
100 142
100 147
100 149
100 150
100 152
100 153
100 154
100 156
100 157
101 105
101 106
101 110
101 111
101 116
101 117
101 120
101 122
101 124
101 125
101 129
101 134
101 135
101 136
101 137
101 139
101 142
101 143
101 144
101 149
101 150
101 152
101 153
101 154
101 155
101 156
101 158
101 159
102 104
102 105
102 106
102 108
102 109
102 113
102 114
102 115
102 121
102 123
102 124
102 126
102 127
102 128
102 129
102 130
102 131
102 134
102 136
102 137
102 138
102 139
102 140
102 142
102 143
102 144
102 145
102 147
102 149
102 150
102 151
102 154
102 155
102 156
102 157
102 158
103 104
103 105
103 108
103 110
103 112
103 113
103 115
103 117
103 118
103 120
103 121
103 122
103 123
103 125
103 126
103 127
103 128
103 129
103 130
103 142
103 143
103 148
103 154
103 157
103 158
103 159
104 105
104 107
104 108
104 109
104 111
104 113
104 116
104 118
104 121
104 123
104 124
104 125
104 126
104 128
104 129
104 131
104 132
104 133
104 135
104 136
104 137
104 138
104 144
104 145
104 146
104 147
104 148
104 149
104 150
104 152
104 153
104 154
104 156
104 158
105 110
105 111
105 112
105 113
105 114
105 121
105 123
105 125
105 126
105 130
105 131
105 133
105 134
105 141
105 142
105 148
105 151
105 152
105 153
105 155
105 156
105 157
105 159
106 107
106 112
106 116
106 117
106 125
106 127
106 132
106 134
106 135
106 139
106 140
106 141
106 143
106 144
106 146
106 147
106 148
106 152
106 153
106 156
106 157
106 159
107 108
107 109
107 110
107 111
107 113
107 115
107 117
107 119
107 122
107 123
107 126
107 127
107 130
107 131
107 133
107 135
107 138
107 145
107 147
107 150
107 153
107 155
107 156
107 157
107 158
107 159
108 109
108 111
108 112
108 113
108 115
108 116
108 117
108 118
108 119
108 121
108 122
108 124
108 125
108 126
108 127
108 128
108 131
108 132
108 135
108 136
108 137
108 138
108 141
108 142
108 144
108 145
108 147
108 149
108 152
108 155
108 158
109 111
109 112
109 114
109 117
109 119
109 120
109 121
109 122
109 123
109 125
109 126
109 127
109 129
109 130
109 132
109 137
109 139
109 140
109 142
109 143
109 147
109 151
109 152
109 153
109 156
109 157
109 158
109 159
110 112
110 117
110 119
110 120
110 123
110 124
110 125
110 126
110 128
110 129
110 131
110 133
110 137
110 139
110 148
110 149
110 150
110 153
110 154
110 156
110 157
110 159
111 112
111 113
111 114
111 115
111 116
111 120
111 121
111 123
111 124
111 126
111 127
111 128
111 130
111 133
111 134
111 135
111 137
111 138
111 139
111 140
111 141
111 142
111 143
111 146
111 147
111 148
111 149
111 150
111 153
111 155
111 158
112 113
112 115
112 116
112 117
112 118
112 120
112 121
112 122
112 124
112 127
112 130
112 131
112 134
112 136
112 139
112 141
112 142
112 145
112 146
112 149
112 150
112 151
112 152
112 153
112 154
112 156
112 157
113 114
113 115
113 117
113 118
113 119
113 121
113 122
113 123
113 125
113 126
113 128
113 130
113 132
113 134
113 136
113 141
113 146
113 149
113 152
113 153
113 155
113 156
113 159
114 115
114 116
114 119
114 124
114 126
114 127
114 128
114 130
114 132
114 138
114 139
114 140
114 141
114 145
114 146
114 147
114 149
114 150
114 151
114 154
114 155
114 156
114 157
114 158
115 120
115 121
115 123
115 127
115 131
115 132
115 133
115 134
115 138
115 139
115 140
115 143
115 145
115 146
115 149
115 153
115 155
115 157
115 159
116 118
116 120
116 122
116 125
116 126
116 127
116 128
116 129
116 131
116 132
116 135
116 136
116 137
116 140
116 141
116 142
116 147
116 150
116 151
116 154
116 156
116 159
117 118
117 120
117 124
117 125
117 126
117 127
117 128
117 129
117 130
117 133
117 134
117 135
117 144
117 146
117 147
117 149
117 151
117 152
117 153
117 154
117 156
117 158
118 120
118 126
118 127
118 128
118 129
118 130
118 133
118 134
118 136
118 141
118 146
118 148
118 150
118 153
118 155
118 157
118 158
118 159
119 122
119 124
119 126
119 130
119 132
119 135
119 136
119 138
119 139
119 140
119 148
119 152
119 153
119 155
119 156
119 158
119 159
120 121
120 124
120 126
120 130
120 131
120 132
120 134
120 136
120 141
120 142
120 143
120 144
120 146
120 147
120 148
120 150
120 152
120 154
120 157
121 125
121 126
121 128
121 131
121 133
121 134
121 135
121 137
121 139
121 140
121 141
121 146
121 147
121 148
121 149
121 151
121 152
121 154
121 159
122 124
122 126
122 127
122 128
122 130
122 131
122 133
122 134
122 137
122 141
122 142
122 143
122 144
122 147
122 151
122 153
122 154
122 155
122 156
122 158
122 159
123 124
123 125
123 128
123 130
123 131
123 132
123 138
123 139
123 140
123 141
123 142
123 144
123 145
123 146
123 147
123 148
123 149
123 150
123 151
123 153
123 154
123 156
123 158
123 159
124 126
124 128
124 130
124 132
124 137
124 138
124 139
124 140
124 141
124 143
124 144
124 147
124 149
124 150
124 151
124 153
124 155
124 157
125 128
125 130
125 132
125 133
125 134
125 141
125 147
125 151
125 152
125 154
125 155
125 157
125 158
126 128
126 134
126 135
126 137
126 138
126 145
126 146
126 148
126 149
126 150
126 151
126 154
126 156
126 158
126 159
127 131
127 133
127 135
127 136
127 138
127 141
127 142
127 144
127 150
127 151
127 153
127 155
127 156
127 158
128 134
128 135
128 137
128 139
128 140
128 145
128 146
128 147
128 148
128 150
128 151
128 155
128 156
129 132
129 133
129 134
129 141
129 142
129 144
129 145
129 148
129 150
129 152
129 155
129 156
129 158
129 159
130 132
130 139
130 142
130 143
130 144
130 145
130 147
130 149
130 150
130 152
130 156
131 132
131 133
131 134
131 141
131 142
131 144
131 148
131 150
131 151
131 154
131 155
131 156
131 157
132 133
132 139
132 142
132 143
132 146
132 147
132 149
132 150
132 151
132 154
132 156
132 157
132 159
133 136
133 138
133 140
133 147
133 148
133 150
133 152
133 153
133 154
133 156
133 158
134 135
134 136
134 137
134 138
134 140
134 141
134 143
134 144
134 145
134 147
134 148
134 149
134 150
134 152
134 153
134 154
134 155
134 157
134 158
134 159
135 139
135 140
135 141
135 142
135 143
135 144
135 147
135 148
135 150
135 152
135 154
135 159
136 139
136 140
136 141
136 142
136 143
136 145
136 148
136 149
136 150
136 153
136 156
136 159
137 138
137 142
137 145
137 146
137 147
137 151
137 154
137 155
137 156
137 159
138 141
138 142
138 144
138 145
138 146
138 147
138 148
138 149
138 153
138 154
138 155
139 143
139 144
139 145
139 147
139 149
139 153
139 155
139 157
139 158
139 159
140 141
140 149
140 152
140 153
140 157
140 159
141 142
141 143
141 145
141 148
141 149
141 150
141 151
141 152
141 153
141 155
141 156
141 157
142 144
142 147
142 148
142 149
142 150
142 152
142 153
142 155
143 145
143 146
143 147
143 148
143 149
143 151
143 152
143 153
143 156
143 157
143 159
144 148
144 149
144 150
144 151
144 152
144 155
144 156
144 157
144 158
145 146
145 148
145 151
145 154
145 159
146 147
146 148
146 149
146 151
146 156
146 158
147 151
147 154
147 155
147 157
147 159
148 149
148 155
148 156
148 157
148 158
148 159
149 151
149 152
149 154
149 156
149 157
149 159
150 151
150 155
150 157
151 152
151 156
151 158
151 159
152 153
152 154
152 156
152 157
152 158
152 159
153 156
153 157
153 158
154 155
154 158
154 159
155 156
155 158
155 159
156 157
156 158
156 159
86 134 73 75 115 72 7 51 157 108 8 135 139 55 119 96
94 103 47 44 125 40 117 71 128 46 18 17 60 95 133 37
79 74 2 113 1 41 98 105 76 159 45 155 35 141 34 147
118 158 112 83 39 127 14 101 4 10 109 82 52 92 77 111
33 66 144 3 6 87 31 22 67 89 78 57 70 13 106 64
114 30 132 63 104 152 137 53 69 124 131 140 130 110 145 97
32 154 84 93 68 148 11 38 58 61 99 62 88 100 126 15
29 102 0 85 50 26 81 20 116 146 21 80 5 36 48 54
91 156 25 143 19 65 122 43 24 90 16 12 149 136 151 23
138 42 107 9 49 59 56 142 150 28 129 27 121 153 120 123
