110
1776
22
97.2
70.34
92.74
37.96
99.68
61.1
68.08
59.45
32.12
44.91
54.51
30.59
8.19
99.92
71.44
42.31
79.66
54.5
15.73
79.58
38.93
23.32
0 1
0 15
0 17
0 18
0 21
0 22
0 26
0 27
0 29
0 31
0 34
0 39
0 48
0 52
0 59
0 62
0 64
0 65
0 67
0 68
0 69
0 70
0 71
0 78
0 80
0 85
0 90
0 93
0 100
0 101
0 103
1 2
1 3
1 5
1 6
1 8
1 9
1 13
1 16
1 22
1 23
1 24
1 25
1 26
1 29
1 32
1 34
1 35
1 38
1 43
1 45
1 48
1 49
1 50
1 53
1 55
1 56
1 60
1 68
1 76
1 77
1 80
1 82
1 83
1 84
1 86
1 90
1 94
1 101
1 105
1 106
2 3
2 5
2 11
2 12
2 15
2 17
2 29
2 31
2 36
2 38
2 42
2 45
2 46
2 51
2 54
2 62
2 63
2 64
2 66
2 69
2 71
2 72
2 73
2 78
2 85
2 88
2 90
2 92
2 93
2 101
2 102
2 105
2 106
2 109
3 8
3 9
3 13
3 17
3 18
3 22
3 24
3 26
3 33
3 38
3 39
3 41
3 44
3 49
3 51
3 61
3 62
3 67
3 68
3 76
3 81
3 82
3 87
3 94
3 95
3 97
3 101
3 108
4 6
4 7
4 12
4 14
4 15
4 18
4 21
4 22
4 26
4 27
4 31
4 33
4 34
4 41
4 45
4 46
4 47
4 56
4 67
4 69
4 72
4 76
4 77
4 79
4 82
4 89
4 90
4 94
4 96
4 100
4 102
4 103
4 106
5 10
5 19
5 22
5 24
5 34
5 35
5 44
5 45
5 46
5 47
5 49
5 55
5 56
5 58
5 61
5 79
5 80
5 83
5 84
5 85
5 89
5 93
5 98
5 101
5 106
5 108
6 8
6 9
6 14
6 16
6 17
6 21
6 26
6 27
6 30
6 31
6 34
6 36
6 42
6 49
6 52
6 56
6 60
6 68
6 69
6 70
6 71
6 76
6 80
6 90
6 92
6 96
6 101
6 104
6 106
6 108
7 15
7 20
7 22
7 23
7 24
7 30
7 50
7 56
7 57
7 60
7 68
7 74
7 75
7 76
7 77
7 82
7 83
7 88
7 89
7 90
7 92
7 96
7 98
7 101
8 10
8 14
8 15
8 22
8 23
8 26
8 28
8 31
8 34
8 38
8 40
8 41
8 46
8 50
8 54
8 62
8 65
8 67
8 69
8 71
8 72
8 73
8 75
8 77
8 83
8 87
8 89
8 94
8 101
8 107
8 109
9 12
9 15
9 18
9 19
9 20
9 22
9 29
9 30
9 32
9 35
9 36
9 37
9 42
9 46
9 58
9 59
9 64
9 73
9 77
9 81
9 84
9 93
9 97
9 104
9 108
9 109
10 12
10 22
10 29
10 32
10 33
10 35
10 37
10 38
10 42
10 43
10 45
10 48
10 51
10 56
10 59
10 60
10 63
10 65
10 66
10 69
10 73
10 75
10 77
10 79
10 80
10 82
10 88
10 91
10 92
10 95
10 96
10 97
10 98
10 99
10 104
10 105
10 109
11 13
11 17
11 19
11 21
11 23
11 31
11 35
11 39
11 41
11 45
11 48
11 53
11 59
11 60
11 64
11 65
11 73
11 79
11 80
11 84
11 86
11 87
11 91
11 95
11 99
11 101
11 102
11 103
11 105
11 108
11 109
12 15
12 21
12 24
12 25
12 29
12 34
12 38
12 40
12 41
12 45
12 47
12 52
12 55
12 68
12 70
12 76
12 81
12 88
12 89
12 90
12 94
12 96
12 98
12 103
12 108
13 16
13 29
13 33
13 35
13 36
13 37
13 43
13 45
13 46
13 49
13 51
13 53
13 57
13 58
13 59
13 62
13 63
13 64
13 65
13 72
13 74
13 75
13 76
13 77
13 78
13 79
13 82
13 86
13 89
13 92
13 97
13 100
13 105
13 109
14 16
14 20
14 22
14 24
14 27
14 35
14 44
14 46
14 52
14 54
14 60
14 69
14 70
14 75
14 81
14 82
14 85
14 89
14 92
14 93
14 100
14 101
14 103
14 109
15 16
15 19
15 25
15 27
15 29
15 31
15 42
15 44
15 46
15 48
15 56
15 59
15 62
15 63
15 67
15 71
15 74
15 75
15 79
15 81
15 82
15 85
15 89
15 92
15 93
15 94
15 95
15 96
15 101
15 108
15 109
16 20
16 22
16 26
16 31
16 41
16 43
16 44
16 54
16 57
16 62
16 64
16 65
16 68
16 70
16 78
16 79
16 81
16 83
16 89
16 90
16 99
16 103
16 105
17 18
17 20
17 24
17 30
17 34
17 38
17 39
17 40
17 46
17 49
17 50
17 51
17 53
17 54
17 56
17 59
17 61
17 63
17 64
17 67
17 72
17 74
17 75
17 79
17 86
17 87
17 89
17 95
17 96
17 101
17 102
17 103
17 107
18 20
18 21
18 27
18 33
18 35
18 36
18 38
18 39
18 47
18 51
18 52
18 55
18 57
18 61
18 65
18 68
18 70
18 71
18 84
18 85
18 86
18 88
18 102
18 105
18 106
19 22
19 23
19 24
19 29
19 31
19 33
19 39
19 40
19 42
19 43
19 44
19 50
19 62
19 63
19 65
19 67
19 71
19 73
19 90
19 93
19 94
19 106
19 108
20 22
20 24
20 29
20 33
20 36
20 37
20 38
20 41
20 46
20 48
20 50
20 51
20 59
20 61
20 63
20 66
20 70
20 72
20 83
20 89
20 91
20 92
20 96
20 100
20 102
20 104
21 25
21 27
21 28
21 29
21 30
21 32
21 35
21 40
21 45
21 47
21 52
21 57
21 65
21 66
21 68
21 69
21 70
21 71
21 72
21 73
21 74
21 75
21 76
21 78
21 79
21 81
21 84
21 85
21 88
21 91
21 92
21 93
21 94
21 95
21 100
21 105
21 107
22 23
22 24
22 27
22 29
22 32
22 34
22 35
22 43
22 44
22 45
22 46
22 50
22 51
22 55
22 57
22 59
22 63
22 66
22 69
22 74
22 75
22 80
22 82
22 87
22 91
22 96
22 97
22 98
22 101
23 24
23 29
23 32
23 38
23 45
23 56
23 57
23 61
23 63
23 64
23 66
23 67
23 68
23 70
23 74
23 76
23 78
23 80
23 83
23 89
23 90
23 91
23 92
23 97
23 100
23 105
23 106
24 26
24 32
24 39
24 40
24 44
24 48
24 49
24 51
24 53
24 54
24 55
24 59
24 63
24 64
24 65
24 66
24 67
24 75
24 76
24 77
24 81
24 84
24 94
24 100
24 101
24 102
24 105
25 26
25 28
25 31
25 38
25 40
25 46
25 47
25 49
25 51
25 58
25 60
25 62
25 65
25 70
25 73
25 79
25 83
25 84
25 89
25 92
25 93
25 99
25 100
25 103
25 106
26 28
26 29
26 30
26 31
26 33
26 42
26 46
26 50
26 51
26 53
26 54
26 56
26 57
26 59
26 68
26 75
26 84
26 86
26 92
26 95
26 104
26 106
27 29
27 33
27 38
27 40
27 43
27 44
27 48
27 58
27 60
27 64
27 70
27 71
27 75
27 85
27 88
27 93
27 95
27 97
27 98
27 105
27 108
28 30
28 31
28 33
28 40
28 42
28 44
28 55
28 57
28 63
28 70
28 72
28 78
28 79
28 80
28 81
28 86
28 91
28 92
28 95
28 97
28 98
28 100
28 101
28 103
28 104
29 33
29 38
29 39
29 40
29 44
29 69
29 73
29 74
29 78
29 81
29 82
29 86
29 89
29 91
29 97
29 99
29 105
29 107
30 31
30 33
30 38
30 43
30 47
30 53
30 57
30 59
30 67
30 69
30 70
30 71
30 81
30 82
30 86
30 93
30 103
30 105
30 108
31 41
31 46
31 50
31 56
31 64
31 65
31 69
31 71
31 73
31 74
31 76
31 79
31 85
31 89
31 90
31 94
31 96
31 97
31 107
31 108
32 34
32 35
32 39
32 45
32 55
32 56
32 60
32 62
32 65
32 66
32 71
32 76
32 88
32 91
32 92
32 93
32 94
32 96
32 99
32 101
32 102
32 104
32 105
32 108
33 34
33 36
33 37
33 40
33 42
33 46
33 49
33 50
33 51
33 52
33 56
33 59
33 61
33 62
33 66
33 67
33 69
33 70
33 71
33 73
33 74
33 75
33 76
33 82
33 83
33 87
33 88
33 91
33 92
33 97
33 99
33 103
33 105
33 107
33 108
34 39
34 40
34 41
34 45
34 54
34 58
34 61
34 65
34 69
34 81
34 87
34 91
34 95
34 96
34 103
34 105
34 108
34 109
35 41
35 50
35 52
35 53
35 55
35 57
35 67
35 69
35 77
35 79
35 81
35 84
35 91
35 92
35 104
36 53
36 62
36 63
36 67
36 71
36 74
36 77
36 86
36 87
36 89
36 93
36 94
36 96
36 100
36 101
36 106
36 107
37 45
37 46
37 51
37 56
37 59
37 60
37 66
37 74
37 77
37 80
37 81
37 88
37 90
37 96
37 101
37 103
37 104
37 106
38 40
38 41
38 46
38 53
38 63
38 65
38 71
38 77
38 83
38 85
38 87
38 91
38 94
38 95
38 97
38 98
38 106
38 109
39 40
39 52
39 53
39 58
39 64
39 65
39 67
39 69
39 77
39 81
39 87
39 90
39 93
39 96
39 100
39 101
39 103
39 108
40 43
40 46
40 49
40 55
40 56
40 61
40 63
40 65
40 73
40 79
40 84
40 94
40 97
40 101
40 107
41 43
41 57
41 58
41 59
41 61
41 62
41 63
41 65
41 66
41 67
41 69
41 75
41 76
41 77
41 80
41 89
41 96
41 101
41 103
42 45
42 46
42 47
42 48
42 52
42 53
42 55
42 60
42 61
42 62
42 70
42 72
42 75
42 77
42 82
42 84
42 85
42 87
42 93
42 95
42 105
42 108
43 49
43 50
43 54
43 58
43 65
43 68
43 69
43 70
43 77
43 84
43 87
43 88
43 89
43 91
43 100
43 102
43 106
43 109
44 46
44 54
44 56
44 63
44 74
44 76
44 77
44 79
44 81
44 88
44 93
44 94
44 99
44 101
44 102
44 106
44 108
45 49
45 51
45 53
45 56
45 63
45 65
45 68
45 72
45 73
45 74
45 83
45 84
45 86
45 87
45 89
45 94
45 96
45 101
46 47
46 48
46 53
46 54
46 55
46 57
46 58
46 61
46 63
46 66
46 70
46 72
46 77
46 84
46 85
46 88
46 89
46 93
46 95
46 98
46 105
46 109
47 52
47 60
47 65
47 67
47 71
47 72
47 77
47 90
47 92
47 93
47 96
47 98
47 100
47 102
47 104
48 50
48 54
48 56
48 59
48 61
48 64
48 66
48 68
48 69
48 70
48 71
48 80
48 82
48 84
48 87
48 91
48 95
48 98
48 102
48 104
48 105
48 108
49 52
49 54
49 56
49 61
49 67
49 68
49 70
49 71
49 73
49 75
49 82
49 83
49 88
49 92
49 93
49 99
49 100
49 103
49 105
49 107
49 109
50 53
50 57
50 61
50 70
50 76
50 78
50 79
50 83
50 84
50 88
50 90
50 95
50 96
50 97
50 98
50 101
50 102
50 107
51 61
51 64
51 67
51 69
51 72
51 80
51 93
51 97
51 99
51 101
51 103
51 106
51 107
52 62
52 64
52 66
52 68
52 70
52 79
52 80
52 82
52 83
52 86
52 90
52 94
52 100
52 102
52 103
52 105
52 106
52 108
52 109
53 56
53 57
53 59
53 60
53 64
53 67
53 70
53 71
53 72
53 74
53 76
53 80
53 81
53 83
53 86
53 91
53 96
53 98
53 99
53 105
53 108
53 109
54 61
54 65
54 69
54 71
54 80
54 85
54 91
54 94
54 97
54 98
54 99
54 106
54 108
55 58
55 59
55 62
55 69
55 70
55 73
55 74
55 79
55 80
55 81
55 90
55 94
55 96
55 99
55 100
55 101
55 105
55 109
56 58
56 60
56 69
56 74
56 78
56 80
56 84
56 90
56 92
56 93
56 94
56 107
57 59
57 63
57 65
57 67
57 83
57 85
57 87
57 89
57 98
57 107
57 108
58 60
58 61
58 63
58 64
58 66
58 70
58 73
58 78
58 86
58 87
58 89
58 94
58 105
59 60
59 62
59 71
59 73
59 76
59 77
59 79
59 82
59 91
59 92
59 98
59 99
59 100
59 102
59 105
59 106
59 108
59 109
60 63
60 66
60 72
60 73
60 77
60 79
60 80
60 81
60 84
60 95
60 97
60 98
60 102
60 103
60 107
60 108
60 109
61 62
61 64
61 65
61 66
61 68
61 70
61 76
61 78
61 84
61 87
61 92
61 97
61 103
61 104
62 64
62 65
62 70
62 73
62 75
62 79
62 82
62 83
62 88
62 90
62 91
62 103
62 105
63 64
63 65
63 68
63 70
63 71
63 72
63 78
63 79
63 80
63 86
63 90
63 93
63 99
63 103
63 105
63 108
64 67
64 69
64 72
64 73
64 75
64 77
64 79
64 83
64 85
64 89
64 105
65 66
65 74
65 78
65 80
65 82
65 83
65 88
65 90
65 93
65 94
65 96
65 97
65 98
65 105
65 109
66 70
66 72
66 73
66 75
66 76
66 77
66 78
66 81
66 89
66 90
66 94
66 95
66 96
66 97
66 98
66 99
66 101
66 104
67 68
67 76
67 78
67 81
67 82
67 84
67 85
67 87
67 98
67 104
68 69
68 70
68 74
68 77
68 78
68 86
68 87
68 97
68 103
68 106
68 108
68 109
69 72
69 73
69 74
69 75
69 76
69 81
69 87
69 91
69 93
69 101
69 104
70 72
70 73
70 77
70 79
70 87
70 89
70 94
70 96
70 97
70 99
70 103
71 72
71 77
71 79
71 82
71 90
71 96
71 98
71 104
71 105
71 107
71 108
72 74
72 75
72 79
72 86
72 100
72 102
72 104
72 105
72 108
73 77
73 81
73 96
73 97
73 100
74 76
74 79
74 82
74 91
74 97
74 98
74 100
74 102
74 105
74 109
75 83
75 84
75 85
75 89
75 91
75 93
75 96
75 98
75 100
75 102
75 104
75 105
75 108
76 79
76 80
76 83
76 85
76 93
76 94
76 96
76 97
76 99
76 101
76 103
76 107
77 78
77 85
77 86
77 87
77 91
77 92
77 93
77 95
77 96
77 97
77 98
77 104
77 108
77 109
78 81
78 83
78 85
78 86
78 97
78 107
79 83
79 84
79 86
79 91
79 92
79 95
79 97
79 101
79 107
80 81
80 82
80 84
80 85
80 88
80 93
80 94
80 101
81 87
81 89
81 90
81 92
81 93
81 97
81 104
81 108
82 83
82 84
82 90
82 92
82 99
82 102
82 104
82 106
82 107
82 108
83 84
83 86
83 87
83 88
83 90
83 93
83 94
83 96
83 98
83 100
84 86
84 88
84 90
84 93
84 95
84 99
84 102
84 103
84 105
85 91
85 92
85 98
85 109
86 89
86 94
86 96
86 97
86 100
86 101
86 105
86 106
86 108
87 90
87 93
87 95
87 96
87 98
87 99
87 102
88 89
88 93
88 95
88 100
88 102
88 105
88 106
89 92
89 97
89 101
89 104
89 105
90 93
90 97
90 99
90 101
90 103
91 93
91 95
91 96
91 97
91 98
91 99
91 100
91 102
92 97
92 98
92 102
92 105
92 108
92 109
93 94
93 97
93 98
93 100
93 103
93 105
93 106
94 96
94 98
94 100
94 102
94 105
94 109
95 98
95 100
95 102
95 105
95 107
95 108
96 98
96 102
96 104
97 100
97 101
97 107
97 108
98 101
98 103
98 106
98 107
98 108
99 104
99 107
99 109
100 102
100 103
100 107
101 104
101 107
101 109
102 103
102 108
103 106
103 107
103 109
104 105
104 109
105 106
106 107
31 45 11 44 46
2 22 81 32 97
65 41 52 74 50
48 40 20 25 91
67 94 86 18 13
12 69 103 23 99
106 43 10 60 9
92 76 15 7 4
89 64 37 26 104
58 51 55 5 85
33 42 68 77 79
107 59 61 57 29
35 102 21 3 19
96 80 34 70 39
108 38 36 82 73
1 72 105 49 90
66 54 101 71 93
14 8 87 100 98
109 6 53 30 28
83 56 0 84 24
78 47 17 62 95
75 16 63 27 88
