100
1996
4
47.61
39.79
64.29
69.14
0 3
0 6
0 8
0 11
0 13
0 15
0 19
0 20
0 22
0 23
0 25
0 26
0 30
0 31
0 34
0 35
0 37
0 39
0 41
0 46
0 47
0 50
0 54
0 58
0 67
0 68
0 70
0 72
0 73
0 74
0 77
0 78
0 82
0 84
0 86
0 87
0 93
0 95
0 96
0 97
1 4
1 9
1 10
1 11
1 12
1 15
1 16
1 18
1 20
1 23
1 25
1 28
1 31
1 32
1 33
1 34
1 35
1 38
1 40
1 41
1 43
1 44
1 45
1 49
1 51
1 54
1 55
1 56
1 57
1 59
1 60
1 61
1 62
1 63
1 64
1 65
1 67
1 68
1 70
1 71
1 74
1 78
1 80
1 85
1 86
1 87
1 90
1 92
1 95
1 96
2 4
2 8
2 10
2 13
2 19
2 21
2 24
2 27
2 28
2 29
2 33
2 38
2 40
2 43
2 46
2 51
2 54
2 57
2 58
2 60
2 62
2 65
2 67
2 68
2 71
2 76
2 77
2 78
2 80
2 81
2 84
2 85
2 86
2 89
2 90
2 93
2 95
2 96
2 98
2 99
3 7
3 8
3 10
3 12
3 13
3 15
3 17
3 18
3 24
3 25
3 27
3 30
3 31
3 35
3 36
3 38
3 39
3 43
3 46
3 48
3 49
3 58
3 60
3 61
3 65
3 68
3 72
3 77
3 78
3 81
3 82
3 83
3 84
3 88
3 89
3 90
3 92
3 94
3 96
4 7
4 16
4 27
4 30
4 34
4 35
4 36
4 37
4 38
4 40
4 42
4 43
4 45
4 47
4 48
4 49
4 51
4 52
4 54
4 57
4 58
4 59
4 64
4 68
4 72
4 73
4 74
4 75
4 76
4 77
4 78
4 80
4 81
4 86
4 87
4 91
4 94
4 96
5 8
5 10
5 17
5 19
5 23
5 24
5 27
5 28
5 29
5 30
5 31
5 32
5 34
5 35
5 40
5 43
5 44
5 47
5 53
5 54
5 55
5 56
5 59
5 61
5 62
5 64
5 68
5 71
5 72
5 73
5 74
5 78
5 85
5 87
5 89
5 90
5 91
5 93
5 94
5 95
6 7
6 9
6 11
6 12
6 14
6 20
6 21
6 25
6 28
6 31
6 33
6 38
6 39
6 41
6 47
6 49
6 54
6 58
6 65
6 69
6 70
6 71
6 72
6 73
6 74
6 75
6 76
6 85
6 86
6 87
6 88
6 91
6 94
6 95
6 97
7 10
7 11
7 14
7 15
7 18
7 21
7 24
7 25
7 28
7 29
7 30
7 34
7 35
7 36
7 37
7 40
7 41
7 43
7 44
7 46
7 51
7 56
7 58
7 60
7 62
7 67
7 70
7 72
7 74
7 75
7 76
7 78
7 79
7 82
7 83
7 86
7 88
7 89
7 95
7 96
8 9
8 12
8 13
8 14
8 15
8 16
8 17
8 18
8 19
8 22
8 23
8 24
8 25
8 27
8 28
8 29
8 31
8 32
8 33
8 36
8 38
8 40
8 43
8 47
8 48
8 54
8 55
8 59
8 61
8 62
8 63
8 64
8 68
8 70
8 71
8 76
8 77
8 78
8 79
8 80
8 82
8 83
8 84
8 86
8 89
8 90
8 92
8 94
8 95
9 11
9 13
9 15
9 16
9 22
9 25
9 27
9 28
9 29
9 30
9 31
9 34
9 36
9 37
9 38
9 39
9 40
9 45
9 48
9 49
9 53
9 54
9 55
9 59
9 62
9 63
9 65
9 66
9 67
9 72
9 73
9 74
9 75
9 80
9 83
9 87
9 88
9 89
9 90
9 94
9 95
9 96
9 98
10 12
10 13
10 20
10 21
10 24
10 28
10 29
10 30
10 31
10 32
10 36
10 39
10 42
10 43
10 44
10 45
10 47
10 48
10 50
10 52
10 56
10 59
10 61
10 63
10 69
10 71
10 72
10 73
10 74
10 75
10 82
10 85
10 86
10 90
10 91
10 93
10 95
10 96
11 12
11 17
11 19
11 22
11 23
11 26
11 27
11 28
11 29
11 30
11 33
11 36
11 37
11 39
11 43
11 46
11 51
11 52
11 56
11 59
11 60
11 62
11 65
11 67
11 68
11 69
11 74
11 79
11 80
11 90
11 92
11 94
11 97
11 98
12 13
12 17
12 19
12 21
12 26
12 27
12 29
12 33
12 34
12 37
12 38
12 40
12 44
12 51
12 56
12 60
12 61
12 63
12 64
12 71
12 72
12 73
12 76
12 77
12 78
12 79
12 80
12 81
12 82
12 83
12 84
12 91
12 92
12 93
12 95
12 98
13 15
13 16
13 17
13 21
13 22
13 23
13 26
13 27
13 28
13 31
13 33
13 37
13 38
13 40
13 43
13 44
13 45
13 47
13 49
13 51
13 53
13 55
13 56
13 61
13 64
13 66
13 67
13 68
13 73
13 76
13 77
13 79
13 86
13 87
13 88
13 89
13 91
13 94
13 99
14 19
14 20
14 23
14 25
14 27
14 30
14 35
14 37
14 42
14 50
14 52
14 54
14 55
14 56
14 57
14 58
14 61
14 62
14 63
14 66
14 68
14 70
14 75
14 79
14 82
14 84
14 85
14 88
14 93
14 94
14 99
15 16
15 23
15 25
15 28
15 30
15 33
15 34
15 37
15 42
15 50
15 51
15 52
15 56
15 57
15 62
15 63
15 67
15 70
15 78
15 81
15 82
15 84
15 86
15 92
15 94
15 97
15 99
16 21
16 24
16 27
16 28
16 29
16 30
16 31
16 32
16 35
16 36
16 44
16 45
16 46
16 50
16 51
16 55
16 56
16 59
16 61
16 63
16 64
16 68
16 74
16 75
16 76
16 77
16 78
16 80
16 86
16 89
16 90
16 91
16 97
16 99
17 19
17 20
17 26
17 33
17 34
17 35
17 39
17 40
17 41
17 48
17 52
17 61
17 64
17 65
17 66
17 68
17 70
17 72
17 74
17 76
17 77
17 79
17 83
17 85
17 86
18 19
18 24
18 27
18 28
18 29
18 30
18 33
18 44
18 45
18 47
18 49
18 51
18 52
18 53
18 57
18 60
18 63
18 66
18 67
18 69
18 72
18 77
18 81
18 83
18 84
18 87
18 88
18 93
18 95
18 97
18 98
18 99
19 23
19 25
19 27
19 29
19 30
19 38
19 40
19 44
19 45
19 53
19 54
19 55
19 56
19 57
19 59
19 67
19 73
19 74
19 76
19 80
19 84
19 89
19 94
19 96
19 97
19 99
20 21
20 24
20 25
20 27
20 28
20 34
20 35
20 36
20 38
20 39
20 40
20 41
20 43
20 50
20 56
20 57
20 62
20 64
20 65
20 66
20 69
20 71
20 74
20 76
20 77
20 78
20 85
20 86
20 87
20 89
20 90
20 92
20 96
20 97
20 98
20 99
21 22
21 23
21 25
21 26
21 29
21 30
21 32
21 33
21 34
21 35
21 43
21 45
21 46
21 51
21 53
21 55
21 59
21 61
21 64
21 66
21 72
21 79
21 80
21 81
21 84
21 85
21 86
21 88
21 91
21 93
22 23
22 27
22 30
22 31
22 33
22 34
22 37
22 48
22 50
22 51
22 55
22 58
22 60
22 61
22 62
22 64
22 65
22 66
22 67
22 69
22 72
22 74
22 75
22 77
22 80
22 81
22 84
22 94
22 95
22 98
23 26
23 29
23 30
23 32
23 34
23 39
23 42
23 43
23 52
23 54
23 55
23 57
23 60
23 65
23 68
23 70
23 71
23 77
23 80
23 88
23 92
23 94
23 95
23 96
23 97
24 27
24 29
24 33
24 34
24 35
24 39
24 42
24 44
24 45
24 49
24 51
24 52
24 53
24 63
24 65
24 66
24 69
24 73
24 74
24 77
24 78
24 81
24 83
24 84
24 86
24 93
24 94
24 97
24 99
25 29
25 30
25 32
25 35
25 37
25 39
25 40
25 42
25 43
25 47
25 48
25 49
25 50
25 52
25 53
25 60
25 61
25 62
25 65
25 67
25 69
25 70
25 71
25 73
25 75
25 76
25 77
25 78
25 85
25 86
25 91
25 93
25 94
25 96
26 36
26 37
26 38
26 39
26 40
26 44
26 45
26 60
26 61
26 65
26 66
26 73
26 74
26 83
26 84
26 91
26 95
26 98
27 30
27 31
27 33
27 38
27 40
27 41
27 44
27 45
27 46
27 53
27 66
27 67
27 71
27 74
27 77
27 79
27 81
27 82
27 91
27 95
27 96
27 99
28 29
28 32
28 42
28 43
28 45
28 46
28 52
28 53
28 58
28 59
28 67
28 69
28 70
28 73
28 75
28 76
28 77
28 78
28 79
28 80
28 81
28 82
28 84
28 86
28 90
28 99
29 30
29 32
29 34
29 37
29 39
29 40
29 41
29 42
29 44
29 46
29 47
29 53
29 56
29 57
29 58
29 59
29 60
29 65
29 67
29 70
29 74
29 78
29 79
29 81
29 83
29 85
29 90
29 93
29 94
29 95
30 33
30 37
30 38
30 41
30 43
30 44
30 46
30 47
30 49
30 53
30 59
30 62
30 64
30 68
30 72
30 75
30 76
30 77
30 79
30 80
30 82
30 83
30 86
30 87
30 88
30 89
30 94
30 95
30 96
30 97
30 99
31 32
31 33
31 35
31 43
31 44
31 45
31 51
31 54
31 57
31 62
31 63
31 64
31 65
31 66
31 67
31 72
31 78
31 81
31 82
31 83
31 87
31 88
31 91
31 93
31 97
32 34
32 35
32 37
32 38
32 40
32 44
32 49
32 52
32 54
32 56
32 60
32 62
32 63
32 64
32 69
32 81
32 82
32 86
32 88
32 91
32 92
32 95
32 98
33 34
33 38
33 39
33 41
33 42
33 45
33 47
33 48
33 51
33 54
33 55
33 56
33 58
33 61
33 65
33 67
33 68
33 69
33 73
33 74
33 78
33 79
33 86
33 91
33 97
34 35
34 36
34 37
34 42
34 44
34 47
34 48
34 49
34 51
34 57
34 59
34 60
34 61
34 67
34 71
34 73
34 76
34 79
34 81
34 84
34 89
34 91
34 92
34 97
34 98
35 36
35 40
35 43
35 57
35 60
35 61
35 64
35 65
35 71
35 72
35 76
35 78
35 79
35 80
35 82
35 86
35 89
35 95
35 99
36 39
36 42
36 44
36 47
36 54
36 58
36 61
36 62
36 64
36 66
36 71
36 72
36 74
36 75
36 77
36 79
36 82
36 84
36 85
36 90
36 91
36 92
36 93
36 94
36 98
36 99
37 41
37 42
37 45
37 46
37 47
37 49
37 50
37 52
37 57
37 59
37 61
37 66
37 67
37 68
37 69
37 72
37 74
37 76
37 80
37 83
37 89
37 91
37 92
37 95
37 96
37 98
38 40
38 41
38 44
38 46
38 47
38 48
38 50
38 53
38 54
38 55
38 57
38 58
38 59
38 64
38 67
38 68
38 70
38 71
38 74
38 76
38 78
38 80
38 82
38 85
38 87
38 88
38 89
38 93
38 94
38 95
38 96
39 41
39 42
39 47
39 48
39 49
39 52
39 54
39 58
39 59
39 62
39 63
39 64
39 65
39 66
39 67
39 69
39 71
39 72
39 74
39 78
39 79
39 80
39 83
39 85
39 89
39 90
39 96
39 99
40 45
40 47
40 48
40 49
40 51
40 63
40 64
40 68
40 72
40 73
40 79
40 80
40 81
40 83
40 85
40 86
40 88
40 90
40 93
40 96
40 98
41 42
41 48
41 49
41 55
41 57
41 61
41 64
41 66
41 67
41 69
41 73
41 78
41 84
41 86
41 87
41 94
41 96
41 99
42 43
42 46
42 49
42 50
42 52
42 53
42 54
42 57
42 61
42 63
42 66
42 69
42 74
42 75
42 76
42 78
42 79
42 80
42 81
42 83
42 84
42 88
42 89
42 90
42 93
42 94
42 95
42 97
42 98
43 48
43 49
43 61
43 62
43 64
43 72
43 73
43 74
43 76
43 77
43 78
43 81
43 83
43 85
43 86
43 89
43 90
43 91
43 95
43 97
43 99
44 45
44 47
44 51
44 54
44 55
44 56
44 59
44 63
44 66
44 67
44 70
44 73
44 76
44 80
44 83
44 84
44 85
44 87
44 88
44 96
45 47
45 48
45 50
45 53
45 59
45 61
45 62
45 63
45 64
45 65
45 67
45 68
45 74
45 75
45 77
45 79
45 81
45 83
45 85
45 86
45 91
45 94
45 95
46 48
46 50
46 67
46 70
46 74
46 76
46 77
46 78
46 79
46 80
46 86
46 88
46 91
46 92
46 94
46 96
47 49
47 50
47 53
47 54
47 55
47 58
47 60
47 61
47 62
47 63
47 65
47 66
47 67
47 68
47 72
47 74
47 75
47 78
47 79
47 83
47 84
47 90
47 93
48 51
48 54
48 55
48 57
48 60
48 65
48 66
48 67
48 68
48 71
48 74
48 79
48 80
48 83
48 87
48 89
48 90
48 91
48 92
48 94
48 95
48 98
48 99
49 54
49 59
49 61
49 62
49 64
49 65
49 66
49 68
49 71
49 75
49 78
49 79
49 80
49 84
49 90
49 95
49 98
49 99
50 51
50 55
50 58
50 59
50 62
50 68
50 71
50 72
50 73
50 74
50 77
50 78
50 79
50 83
50 84
50 85
50 86
50 89
50 90
50 93
50 94
50 96
50 99
51 52
51 53
51 54
51 55
51 56
51 60
51 62
51 63
51 64
51 65
51 70
51 72
51 73
51 74
51 78
51 79
51 81
51 82
51 83
51 84
51 92
51 95
51 96
51 99
52 55
52 57
52 60
52 61
52 63
52 66
52 67
52 68
52 70
52 72
52 75
52 76
52 79
52 80
52 81
52 82
52 83
52 86
52 88
52 90
52 91
52 94
52 96
53 54
53 60
53 65
53 68
53 69
53 72
53 76
53 85
53 86
53 88
53 91
53 92
53 93
53 94
53 95
53 97
54 56
54 60
54 63
54 65
54 67
54 68
54 71
54 74
54 78
54 82
54 84
54 88
54 89
54 90
54 91
54 92
54 96
54 97
54 98
55 64
55 66
55 68
55 71
55 72
55 75
55 78
55 80
55 81
55 87
56 59
56 68
56 71
56 73
56 75
56 77
56 78
56 79
56 84
56 87
56 88
56 89
56 90
56 96
56 98
57 62
57 63
57 66
57 67
57 68
57 69
57 70
57 73
57 74
57 80
57 81
57 82
57 83
57 84
57 85
57 88
57 89
57 91
57 94
57 96
57 97
57 99
58 64
58 74
58 77
58 78
58 79
58 82
58 85
58 86
58 88
58 91
58 93
58 96
58 97
59 61
59 62
59 63
59 65
59 69
59 72
59 74
59 75
59 81
59 82
59 87
59 88
59 90
59 92
59 94
59 95
59 96
59 99
60 61
60 62
60 66
60 70
60 73
60 78
60 80
60 81
60 84
60 86
60 88
60 89
60 90
60 91
60 93
60 94
60 95
60 96
60 97
60 99
61 65
61 66
61 67
61 69
61 70
61 76
61 77
61 78
61 83
61 84
61 87
61 92
61 93
61 96
62 65
62 66
62 67
62 68
62 70
62 74
62 75
62 78
62 79
62 81
62 83
62 85
62 88
62 91
62 93
62 95
62 96
62 97
62 99
63 64
63 65
63 66
63 67
63 69
63 71
63 72
63 80
63 83
63 85
63 86
63 87
63 93
63 95
63 96
63 98
63 99
64 65
64 68
64 79
64 81
64 84
64 86
64 94
64 95
65 66
65 68
65 70
65 76
65 77
65 80
65 81
65 83
65 86
65 88
65 91
65 93
65 99
66 71
66 77
66 79
66 87
66 89
66 92
66 93
66 94
66 97
67 68
67 70
67 73
67 74
67 79
67 80
67 81
67 82
67 83
67 85
67 86
67 87
67 88
67 89
67 90
67 92
67 94
67 97
67 98
68 71
68 74
68 75
68 84
68 93
68 97
68 98
68 99
69 72
69 74
69 79
69 81
69 82
69 84
69 89
69 92
69 93
70 74
70 79
70 85
70 86
70 87
70 88
70 92
70 96
70 97
71 77
71 80
71 81
71 82
71 83
71 86
71 89
71 90
71 91
71 95
71 97
71 98
72 73
72 74
72 79
72 82
72 87
72 91
72 92
72 94
72 97
72 98
72 99
73 74
73 76
73 79
73 80
73 85
73 86
73 87
73 90
73 92
73 95
73 96
73 98
74 75
74 78
74 79
74 82
74 83
74 84
74 87
74 88
74 89
74 90
74 91
74 93
74 96
74 97
74 98
75 81
75 83
75 85
75 89
75 90
75 92
75 95
75 96
75 98
76 79
76 81
76 84
76 85
76 88
76 90
76 98
77 80
77 85
77 90
77 93
77 95
77 97
78 80
78 81
78 82
78 84
78 87
78 92
78 94
78 96
78 98
79 80
79 83
79 84
79 85
79 86
79 87
79 88
79 94
79 97
79 99
80 82
80 83
80 85
80 87
80 88
80 89
80 91
80 92
80 95
80 97
81 85
81 86
81 88
81 94
81 97
82 83
82 84
82 85
82 86
82 88
82 89
82 92
82 94
82 97
82 99
83 84
83 85
83 86
83 89
83 93
83 97
84 85
84 86
84 89
84 91
84 93
84 94
84 95
84 97
84 99
85 91
85 94
85 97
85 99
86 87
86 89
86 90
86 93
86 94
86 95
86 98
86 99
87 88
87 89
87 91
87 93
87 94
88 93
88 95
88 98
88 99
89 90
89 93
89 97
89 98
89 99
90 92
90 94
90 96
90 97
90 98
91 92
91 94
91 95
91 97
91 99
92 93
92 94
92 95
93 94
93 97
93 98
94 96
94 97
94 99
95 96
96 97
96 98
96 99
98 99
34 67 12 11 35 77 46 73 30 85 61 9 27 63 39 91 86 41 53 58 50 82 10 88 66
38 71 65 21 31 22 42 20 16 92 51 83 15 45 93 95 17 94 52 68 1 84 47 25 14
5 36 80 24 72 97 23 96 62 4 81 59 2 60 78 26 44 6 56 49 57 75 76 87 33
54 19 70 48 37 32 7 69 55 98 29 64 8 28 79 89 99 90 74 40 13 43 18 0 3
