150
5583
22
72.29
98.54
90.45
81.98
16.39
10.79
73.03
88.63
75.68
77.28
94.75
6.05
33.92
87.43
68.7
1.87
93.64
9.54
4.42
58.86
54.48
94.0
0 1
0 2
0 4
0 12
0 16
0 18
0 19
0 20
0 22
0 23
0 25
0 26
0 28
0 30
0 31
0 33
0 38
0 39
0 42
0 44
0 47
0 48
0 51
0 53
0 54
0 57
0 58
0 59
0 60
0 64
0 66
0 70
0 72
0 73
0 76
0 77
0 83
0 84
0 85
0 86
0 87
0 88
0 89
0 90
0 92
0 95
0 96
0 100
0 101
0 103
0 107
0 108
0 109
0 110
0 112
0 113
0 115
0 116
0 117
0 118
0 119
0 124
0 125
0 127
0 129
0 131
0 132
0 135
0 137
0 138
0 139
0 143
0 147
1 6
1 8
1 10
1 12
1 14
1 17
1 19
1 20
1 21
1 22
1 23
1 24
1 25
1 26
1 27
1 28
1 32
1 33
1 34
1 35
1 38
1 39
1 40
1 41
1 42
1 43
1 44
1 45
1 46
1 49
1 50
1 51
1 55
1 58
1 59
1 61
1 63
1 64
1 66
1 68
1 70
1 71
1 72
1 74
1 78
1 80
1 82
1 83
1 84
1 85
1 88
1 89
1 90
1 91
1 93
1 94
1 96
1 97
1 98
1 99
1 100
1 101
1 104
1 106
1 107
1 110
1 111
1 113
1 115
1 116
1 119
1 121
1 124
1 125
1 127
1 129
1 137
1 138
1 139
1 142
1 145
1 149
2 4
2 6
2 7
2 8
2 9
2 12
2 13
2 16
2 19
2 21
2 22
2 24
2 28
2 30
2 33
2 34
2 36
2 41
2 42
2 45
2 46
2 48
2 49
2 51
2 53
2 54
2 56
2 58
2 60
2 63
2 64
2 68
2 73
2 74
2 77
2 80
2 83
2 84
2 86
2 87
2 89
2 90
2 92
2 94
2 95
2 97
2 99
2 101
2 102
2 103
2 107
2 108
2 109
2 110
2 112
2 113
2 115
2 118
2 120
2 121
2 123
2 125
2 126
2 127
2 128
2 129
2 130
2 132
2 133
2 136
2 137
2 139
2 140
2 141
2 142
2 146
3 9
3 12
3 14
3 18
3 19
3 21
3 22
3 23
3 25
3 26
3 27
3 30
3 32
3 33
3 34
3 36
3 37
3 41
3 42
3 43
3 44
3 48
3 49
3 50
3 51
3 52
3 53
3 55
3 57
3 58
3 60
3 61
3 63
3 64
3 68
3 72
3 80
3 83
3 85
3 86
3 91
3 93
3 95
3 99
3 100
3 101
3 102
3 105
3 109
3 110
3 111
3 112
3 115
3 117
3 119
3 122
3 127
3 128
3 129
3 131
3 134
3 135
3 136
3 138
3 139
3 141
3 144
3 145
3 147
3 148
3 149
4 7
4 10
4 11
4 15
4 16
4 17
4 19
4 21
4 23
4 24
4 26
4 27
4 28
4 29
4 30
4 33
4 37
4 38
4 39
4 40
4 43
4 45
4 47
4 48
4 51
4 52
4 54
4 55
4 56
4 57
4 59
4 62
4 64
4 65
4 66
4 69
4 70
4 72
4 73
4 75
4 76
4 77
4 84
4 86
4 89
4 90
4 92
4 95
4 96
4 97
4 101
4 104
4 105
4 106
4 107
4 109
4 110
4 118
4 121
4 123
4 126
4 127
4 128
4 129
4 132
4 134
4 135
4 136
4 137
4 138
4 141
4 143
4 147
5 6
5 7
5 9
5 10
5 15
5 16
5 17
5 20
5 24
5 25
5 27
5 29
5 30
5 31
5 33
5 34
5 36
5 37
5 40
5 41
5 42
5 48
5 53
5 55
5 59
5 60
5 62
5 64
5 66
5 67
5 68
5 70
5 73
5 80
5 84
5 85
5 91
5 93
5 95
5 98
5 99
5 100
5 101
5 104
5 105
5 106
5 109
5 113
5 116
5 117
5 120
5 121
5 122
5 125
5 127
5 128
5 129
5 130
5 132
5 136
5 138
5 141
5 142
5 143
5 144
6 7
6 11
6 15
6 16
6 17
6 18
6 19
6 21
6 24
6 25
6 27
6 29
6 33
6 34
6 36
6 38
6 39
6 42
6 47
6 49
6 50
6 53
6 54
6 56
6 58
6 61
6 62
6 63
6 64
6 69
6 70
6 72
6 73
6 74
6 78
6 79
6 81
6 84
6 85
6 86
6 87
6 88
6 90
6 93
6 99
6 100
6 104
6 105
6 107
6 110
6 111
6 112
6 113
6 117
6 122
6 123
6 125
6 127
6 133
6 134
6 136
6 137
6 140
6 141
6 142
6 146
6 147
6 148
7 8
7 9
7 11
7 14
7 15
7 17
7 18
7 19
7 22
7 24
7 26
7 28
7 29
7 32
7 33
7 34
7 35
7 37
7 38
7 39
7 45
7 47
7 48
7 50
7 51
7 53
7 54
7 60
7 61
7 63
7 64
7 66
7 67
7 68
7 69
7 70
7 73
7 74
7 76
7 77
7 78
7 79
7 81
7 82
7 84
7 88
7 90
7 92
7 93
7 95
7 96
7 97
7 101
7 102
7 103
7 106
7 108
7 109
7 111
7 113
7 115
7 116
7 120
7 125
7 126
7 127
7 128
7 132
7 134
7 135
7 137
7 142
7 144
7 145
7 146
7 147
7 149
8 11
8 12
8 14
8 15
8 21
8 23
8 24
8 25
8 27
8 28
8 30
8 31
8 32
8 34
8 35
8 36
8 41
8 43
8 44
8 48
8 49
8 53
8 54
8 55
8 56
8 57
8 61
8 62
8 64
8 66
8 71
8 76
8 77
8 78
8 80
8 81
8 82
8 84
8 85
8 86
8 88
8 91
8 92
8 94
8 95
8 96
8 97
8 101
8 103
8 104
8 110
8 115
8 116
8 118
8 120
8 124
8 125
8 126
8 127
8 128
8 129
8 131
8 132
8 133
8 135
8 137
8 138
8 144
8 145
8 146
8 148
8 149
9 13
9 14
9 17
9 18
9 21
9 22
9 23
9 28
9 30
9 32
9 36
9 37
9 40
9 42
9 43
9 44
9 45
9 49
9 52
9 54
9 56
9 57
9 58
9 60
9 61
9 62
9 63
9 64
9 65
9 66
9 68
9 70
9 71
9 72
9 73
9 77
9 78
9 79
9 81
9 82
9 86
9 89
9 90
9 91
9 92
9 93
9 95
9 96
9 97
9 98
9 99
9 100
9 101
9 102
9 103
9 105
9 107
9 108
9 109
9 112
9 114
9 115
9 119
9 124
9 126
9 127
9 128
9 129
9 130
9 132
9 133
9 135
9 136
9 137
9 139
9 141
9 142
9 143
9 145
9 146
9 148
9 149
10 11
10 13
10 16
10 17
10 19
10 22
10 25
10 30
10 32
10 38
10 39
10 41
10 42
10 45
10 48
10 50
10 51
10 53
10 54
10 56
10 57
10 58
10 59
10 60
10 62
10 63
10 64
10 65
10 66
10 70
10 71
10 72
10 76
10 81
10 82
10 83
10 88
10 91
10 92
10 94
10 96
10 97
10 99
10 101
10 103
10 104
10 105
10 106
10 111
10 114
10 116
10 117
10 118
10 119
10 120
10 121
10 124
10 125
10 127
10 128
10 130
10 132
10 133
10 135
10 136
10 137
10 139
10 140
10 147
10 148
10 149
11 12
11 13
11 14
11 15
11 19
11 21
11 22
11 26
11 29
11 30
11 32
11 33
11 34
11 37
11 38
11 40
11 42
11 45
11 47
11 49
11 51
11 53
11 57
11 59
11 61
11 66
11 67
11 71
11 73
11 75
11 76
11 77
11 78
11 84
11 85
11 87
11 92
11 93
11 94
11 96
11 99
11 100
11 101
11 102
11 106
11 107
11 108
11 109
11 112
11 113
11 114
11 115
11 118
11 119
11 122
11 125
11 130
11 136
11 138
11 139
11 141
11 145
11 146
11 148
11 149
12 14
12 19
12 21
12 23
12 26
12 27
12 28
12 29
12 32
12 33
12 34
12 36
12 38
12 40
12 45
12 49
12 52
12 53
12 54
12 57
12 59
12 60
12 62
12 63
12 66
12 67
12 70
12 71
12 72
12 73
12 74
12 76
12 77
12 79
12 80
12 81
12 83
12 87
12 90
12 93
12 94
12 95
12 97
12 102
12 105
12 108
12 113
12 114
12 115
12 117
12 118
12 120
12 124
12 126
12 131
12 133
12 137
12 139
12 144
12 145
12 146
12 147
12 148
12 149
13 18
13 21
13 22
13 23
13 24
13 27
13 28
13 29
13 31
13 34
13 35
13 36
13 37
13 38
13 40
13 42
13 45
13 47
13 48
13 51
13 52
13 55
13 56
13 57
13 58
13 59
13 60
13 61
13 65
13 66
13 68
13 70
13 71
13 72
13 74
13 75
13 76
13 78
13 82
13 83
13 84
13 86
13 88
13 89
13 91
13 95
13 96
13 98
13 99
13 103
13 104
13 109
13 111
13 113
13 116
13 117
13 118
13 119
13 120
13 121
13 122
13 123
13 126
13 128
13 129
13 130
13 131
13 133
13 135
13 137
13 139
13 140
13 141
13 142
13 145
13 146
13 149
14 17
14 26
14 29
14 30
14 32
14 33
14 35
14 36
14 40
14 41
14 45
14 46
14 48
14 49
14 52
14 53
14 54
14 55
14 56
14 57
14 58
14 59
14 67
14 70
14 71
14 76
14 82
14 83
14 85
14 87
14 88
14 89
14 90
14 91
14 92
14 96
14 101
14 103
14 105
14 106
14 110
14 115
14 119
14 120
14 123
14 124
14 128
14 129
14 132
14 135
14 136
14 137
14 138
14 139
14 142
14 147
14 148
15 16
15 19
15 21
15 24
15 25
15 27
15 28
15 34
15 35
15 37
15 38
15 39
15 40
15 43
15 45
15 46
15 48
15 49
15 50
15 52
15 53
15 55
15 56
15 57
15 62
15 63
15 69
15 71
15 73
15 74
15 75
15 76
15 77
15 82
15 83
15 86
15 87
15 88
15 89
15 90
15 92
15 94
15 96
15 98
15 101
15 102
15 103
15 104
15 105
15 108
15 113
15 114
15 119
15 121
15 122
15 124
15 125
15 127
15 128
15 129
15 130
15 131
15 132
15 133
15 136
15 138
15 139
15 140
15 141
15 143
15 144
15 146
15 149
16 17
16 18
16 20
16 24
16 29
16 32
16 33
16 38
16 41
16 44
16 47
16 50
16 53
16 54
16 55
16 58
16 59
16 60
16 61
16 62
16 63
16 64
16 66
16 68
16 69
16 74
16 75
16 76
16 77
16 80
16 82
16 84
16 86
16 88
16 89
16 90
16 91
16 93
16 96
16 98
16 100
16 101
16 104
16 105
16 106
16 108
16 110
16 114
16 115
16 116
16 118
16 120
16 122
16 123
16 124
16 125
16 127
16 128
16 129
16 136
16 142
16 143
16 145
17 21
17 24
17 25
17 27
17 28
17 31
17 33
17 37
17 38
17 40
17 42
17 44
17 46
17 48
17 51
17 52
17 53
17 54
17 56
17 58
17 64
17 65
17 68
17 69
17 74
17 77
17 78
17 80
17 83
17 84
17 87
17 88
17 95
17 96
17 97
17 98
17 101
17 105
17 107
17 110
17 111
17 114
17 118
17 119
17 121
17 126
17 127
17 131
17 132
17 134
17 135
17 136
17 137
17 139
17 142
17 148
17 149
18 19
18 23
18 28
18 34
18 35
18 36
18 38
18 39
18 45
18 47
18 50
18 52
18 53
18 55
18 56
18 59
18 60
18 61
18 62
18 64
18 68
18 69
18 70
18 72
18 75
18 76
18 78
18 79
18 80
18 82
18 84
18 85
18 89
18 90
18 95
18 99
18 101
18 103
18 104
18 106
18 107
18 114
18 115
18 118
18 125
18 126
18 128
18 130
18 132
18 133
18 137
18 139
18 140
18 146
18 147
18 148
18 149
19 20
19 21
19 22
19 23
19 25
19 27
19 29
19 30
19 31
19 33
19 35
19 37
19 38
19 40
19 42
19 44
19 46
19 50
19 51
19 52
19 55
19 57
19 63
19 64
19 66
19 67
19 69
19 70
19 71
19 74
19 75
19 77
19 81
19 83
19 84
19 87
19 88
19 90
19 91
19 93
19 95
19 96
19 97
19 98
19 100
19 102
19 103
19 105
19 107
19 109
19 110
19 111
19 114
19 115
19 116
19 117
19 119
19 120
19 125
19 130
19 133
19 138
19 142
19 145
19 149
20 21
20 23
20 25
20 26
20 27
20 30
20 31
20 33
20 36
20 38
20 41
20 42
20 43
20 44
20 45
20 47
20 49
20 50
20 51
20 52
20 53
20 55
20 58
20 63
20 64
20 66
20 68
20 69
20 72
20 77
20 78
20 82
20 83
20 85
20 86
20 87
20 88
20 89
20 93
20 95
20 96
20 97
20 98
20 100
20 101
20 104
20 105
20 106
20 113
20 114
20 117
20 118
20 119
20 122
20 125
20 126
20 127
20 128
20 129
20 130
20 131
20 136
20 138
20 139
20 140
20 142
20 144
20 145
20 146
20 148
20 149
21 23
21 25
21 27
21 28
21 30
21 31
21 34
21 35
21 36
21 39
21 40
21 47
21 48
21 49
21 50
21 51
21 53
21 54
21 57
21 59
21 60
21 61
21 64
21 66
21 73
21 75
21 76
21 77
21 78
21 80
21 82
21 83
21 84
21 85
21 88
21 96
21 98
21 102
21 104
21 105
21 107
21 113
21 114
21 117
21 118
21 119
21 121
21 122
21 125
21 126
21 132
21 134
21 135
21 137
21 138
21 144
21 145
21 147
21 148
21 149
22 23
22 24
22 27
22 28
22 29
22 31
22 32
22 33
22 37
22 40
22 45
22 47
22 48
22 49
22 51
22 52
22 56
22 63
22 65
22 68
22 69
22 72
22 74
22 75
22 79
22 81
22 82
22 83
22 84
22 85
22 87
22 88
22 89
22 91
22 94
22 98
22 102
22 103
22 104
22 106
22 110
22 112
22 114
22 116
22 119
22 121
22 122
22 123
22 125
22 126
22 130
22 133
22 134
22 138
22 139
22 140
22 141
22 144
22 145
22 146
22 147
23 24
23 31
23 35
23 37
23 40
23 41
23 42
23 45
23 48
23 51
23 53
23 54
23 55
23 57
23 59
23 60
23 61
23 64
23 69
23 70
23 73
23 77
23 84
23 88
23 89
23 90
23 91
23 93
23 94
23 95
23 96
23 98
23 100
23 101
23 102
23 103
23 105
23 106
23 107
23 109
23 112
23 113
23 115
23 120
23 121
23 123
23 125
23 126
23 128
23 133
23 134
23 138
23 144
23 147
23 148
23 149
24 25
24 26
24 28
24 31
24 32
24 34
24 40
24 41
24 42
24 44
24 45
24 46
24 48
24 49
24 50
24 52
24 55
24 57
24 58
24 60
24 61
24 62
24 65
24 66
24 67
24 74
24 76
24 77
24 78
24 79
24 80
24 83
24 84
24 86
24 89
24 90
24 92
24 100
24 104
24 106
24 107
24 108
24 110
24 111
24 112
24 115
24 118
24 121
24 124
24 128
24 132
24 134
24 135
24 137
24 138
24 139
24 142
24 143
24 144
25 28
25 30
25 31
25 32
25 33
25 34
25 36
25 37
25 38
25 39
25 40
25 41
25 45
25 47
25 49
25 50
25 56
25 60
25 63
25 64
25 67
25 68
25 72
25 73
25 74
25 75
25 77
25 78
25 79
25 81
25 83
25 84
25 85
25 90
25 93
25 95
25 96
25 97
25 100
25 101
25 103
25 104
25 107
25 108
25 109
25 110
25 114
25 115
25 116
25 117
25 118
25 119
25 120
25 121
25 122
25 128
25 129
25 132
25 134
25 135
25 136
25 138
25 143
25 145
25 148
26 29
26 33
26 37
26 39
26 40
26 41
26 43
26 46
26 51
26 57
26 58
26 59
26 61
26 62
26 63
26 65
26 66
26 67
26 68
26 73
26 74
26 78
26 79
26 80
26 81
26 82
26 84
26 85
26 88
26 94
26 97
26 100
26 104
26 106
26 108
26 109
26 110
26 111
26 113
26 114
26 115
26 116
26 120
26 122
26 123
26 124
26 125
26 127
26 129
26 131
26 132
26 134
26 139
26 143
26 144
27 31
27 32
27 33
27 35
27 37
27 38
27 39
27 40
27 43
27 44
27 46
27 47
27 51
27 52
27 56
27 58
27 60
27 66
27 67
27 68
27 71
27 72
27 73
27 77
27 78
27 82
27 83
27 85
27 87
27 88
27 93
27 95
27 96
27 98
27 99
27 100
27 102
27 103
27 104
27 105
27 108
27 109
27 115
27 116
27 118
27 119
27 120
27 126
27 127
27 128
27 131
27 132
27 133
27 134
27 136
27 137
27 141
27 142
27 144
27 147
28 29
28 30
28 33
28 35
28 36
28 37
28 41
28 42
28 43
28 44
28 45
28 47
28 50
28 52
28 53
28 54
28 55
28 56
28 57
28 59
28 61
28 62
28 64
28 66
28 67
28 69
28 71
28 72
28 73
28 80
28 81
28 85
28 89
28 91
28 95
28 98
28 100
28 101
28 102
28 107
28 110
28 111
28 112
28 115
28 116
28 117
28 118
28 119
28 126
28 128
28 129
28 131
28 132
28 135
28 136
28 137
28 138
28 139
28 142
28 143
28 145
28 147
28 148
29 32
29 34
29 36
29 38
29 40
29 43
29 45
29 49
29 50
29 51
29 53
29 54
29 56
29 57
29 59
29 66
29 68
29 69
29 71
29 72
29 73
29 75
29 76
29 79
29 81
29 82
29 83
29 84
29 85
29 86
29 87
29 90
29 91
29 94
29 95
29 97
29 99
29 104
29 105
29 108
29 110
29 111
29 112
29 113
29 114
29 115
29 116
29 118
29 119
29 122
29 125
29 131
29 134
29 138
29 139
29 140
29 144
29 145
29 146
29 148
29 149
30 31
30 32
30 33
30 35
30 38
30 39
30 40
30 41
30 43
30 45
30 46
30 49
30 54
30 55
30 57
30 64
30 65
30 71
30 73
30 75
30 78
30 82
30 83
30 86
30 87
30 90
30 93
30 94
30 95
30 99
30 101
30 102
30 103
30 104
30 110
30 111
30 112
30 113
30 115
30 116
30 118
30 126
30 127
30 128
30 130
30 133
30 134
30 136
30 137
30 138
30 139
30 140
30 146
30 148
30 149
31 33
31 34
31 39
31 40
31 42
31 43
31 47
31 49
31 51
31 52
31 54
31 56
31 57
31 58
31 60
31 61
31 62
31 63
31 64
31 66
31 68
31 70
31 72
31 73
31 74
31 75
31 76
31 77
31 78
31 79
31 80
31 81
31 82
31 83
31 85
31 87
31 89
31 91
31 93
31 94
31 97
31 98
31 103
31 107
31 109
31 116
31 120
31 121
31 128
31 129
31 132
31 133
31 134
31 137
31 138
31 140
31 142
31 143
31 144
31 145
31 146
31 147
31 148
32 39
32 40
32 41
32 44
32 47
32 53
32 55
32 58
32 59
32 60
32 61
32 65
32 66
32 68
32 69
32 70
32 71
32 72
32 73
32 76
32 77
32 78
32 79
32 82
32 85
32 86
32 87
32 88
32 89
32 90
32 93
32 95
32 96
32 100
32 101
32 102
32 103
32 106
32 107
32 108
32 109
32 110
32 111
32 112
32 113
32 114
32 116
32 117
32 118
32 120
32 122
32 123
32 125
32 129
32 131
32 134
32 135
32 137
32 139
32 142
32 143
32 146
32 148
32 149
33 34
33 37
33 38
33 39
33 44
33 45
33 47
33 48
33 51
33 52
33 54
33 55
33 56
33 59
33 64
33 67
33 70
33 73
33 74
33 77
33 79
33 81
33 82
33 85
33 86
33 87
33 89
33 92
33 93
33 96
33 97
33 101
33 103
33 104
33 106
33 107
33 111
33 115
33 117
33 118
33 121
33 122
33 123
33 129
33 130
33 131
33 133
33 137
33 138
33 139
33 141
33 142
33 143
33 144
33 145
33 149
34 35
34 36
34 37
34 38
34 39
34 40
34 41
34 42
34 43
34 44
34 46
34 48
34 50
34 52
34 53
34 58
34 59
34 61
34 64
34 68
34 71
34 72
34 73
34 74
34 75
34 82
34 83
34 84
34 85
34 88
34 89
34 90
34 91
34 93
34 94
34 97
34 98
34 100
34 101
34 102
34 104
34 108
34 110
34 112
34 113
34 114
34 117
34 118
34 119
34 123
34 125
34 127
34 128
34 132
34 138
34 140
34 141
34 143
34 145
34 148
34 149
35 36
35 37
35 38
35 39
35 40
35 41
35 42
35 49
35 50
35 52
35 54
35 56
35 57
35 60
35 64
35 66
35 70
35 75
35 77
35 78
35 82
35 87
35 89
35 95
35 96
35 98
35 100
35 101
35 102
35 103
35 104
35 106
35 107
35 111
35 112
35 113
35 114
35 115
35 117
35 120
35 121
35 128
35 129
35 134
35 135
35 136
35 137
35 138
35 139
35 140
35 141
35 142
35 144
36 37
36 40
36 46
36 47
36 48
36 49
36 51
36 57
36 58
36 59
36 61
36 62
36 68
36 70
36 71
36 73
36 74
36 78
36 80
36 81
36 84
36 85
36 86
36 87
36 89
36 92
36 94
36 98
36 101
36 102
36 107
36 109
36 110
36 112
36 115
36 116
36 117
36 118
36 119
36 121
36 122
36 124
36 125
36 128
36 131
36 132
36 134
36 135
36 137
36 138
36 141
36 145
36 148
37 41
37 43
37 45
37 46
37 48
37 50
37 52
37 55
37 57
37 60
37 61
37 62
37 63
37 64
37 66
37 67
37 68
37 71
37 74
37 76
37 77
37 79
37 82
37 84
37 87
37 88
37 89
37 91
37 92
37 93
37 94
37 96
37 98
37 99
37 103
37 104
37 105
37 106
37 107
37 108
37 109
37 112
37 115
37 116
37 117
37 119
37 120
37 124
37 125
37 129
37 132
37 136
37 137
37 138
37 141
37 142
37 145
37 146
37 148
38 39
38 41
38 42
38 44
38 45
38 49
38 51
38 53
38 54
38 55
38 56
38 57
38 59
38 61
38 65
38 66
38 68
38 69
38 70
38 72
38 77
38 79
38 83
38 85
38 87
38 90
38 93
38 94
38 95
38 98
38 100
38 101
38 102
38 106
38 107
38 109
38 110
38 111
38 112
38 115
38 116
38 117
38 119
38 121
38 122
38 124
38 129
38 131
38 132
38 135
38 136
38 137
38 138
38 143
38 146
38 148
38 149
39 43
39 45
39 46
39 52
39 58
39 64
39 65
39 66
39 67
39 68
39 71
39 73
39 75
39 76
39 77
39 78
39 80
39 81
39 82
39 84
39 87
39 89
39 91
39 92
39 94
39 96
39 98
39 100
39 102
39 103
39 104
39 105
39 107
39 110
39 114
39 116
39 117
39 118
39 121
39 122
39 123
39 128
39 132
39 134
39 141
39 142
39 143
39 145
39 149
40 41
40 44
40 45
40 50
40 54
40 55
40 57
40 62
40 66
40 70
40 72
40 73
40 74
40 80
40 82
40 83
40 85
40 90
40 91
40 92
40 95
40 97
40 101
40 102
40 105
40 106
40 107
40 114
40 115
40 119
40 120
40 124
40 125
40 126
40 127
40 128
40 130
40 132
40 133
40 134
40 138
40 143
40 144
40 147
40 148
41 42
41 44
41 45
41 48
41 50
41 52
41 54
41 55
41 56
41 57
41 58
41 62
41 63
41 64
41 65
41 68
41 70
41 71
41 73
41 79
41 80
41 86
41 87
41 89
41 90
41 91
41 92
41 93
41 99
41 101
41 103
41 104
41 105
41 107
41 110
41 112
41 114
41 116
41 118
41 119
41 120
41 124
41 130
41 131
41 133
41 135
41 136
41 137
41 142
41 146
41 147
41 148
42 43
42 44
42 45
42 47
42 50
42 51
42 53
42 56
42 57
42 58
42 61
42 62
42 63
42 64
42 65
42 68
42 69
42 70
42 71
42 72
42 73
42 74
42 75
42 76
42 78
42 80
42 83
42 84
42 87
42 91
42 92
42 94
42 95
42 98
42 103
42 104
42 105
42 106
42 110
42 111
42 112
42 116
42 118
42 125
42 127
42 129
42 131
42 133
42 134
42 135
42 137
42 140
42 141
42 144
42 145
42 148
42 149
43 44
43 45
43 50
43 52
43 53
43 54
43 56
43 58
43 59
43 60
43 61
43 62
43 63
43 64
43 65
43 68
43 71
43 73
43 77
43 87
43 88
43 90
43 91
43 92
43 94
43 95
43 96
43 98
43 99
43 100
43 102
43 103
43 104
43 107
43 109
43 111
43 112
43 118
43 119
43 120
43 122
43 124
43 125
43 127
43 128
43 129
43 134
43 135
43 137
43 138
43 139
43 140
43 142
43 149
44 46
44 48
44 49
44 51
44 53
44 54
44 55
44 56
44 57
44 58
44 59
44 61
44 62
44 64
44 65
44 67
44 68
44 69
44 70
44 71
44 73
44 75
44 77
44 78
44 79
44 80
44 81
44 85
44 86
44 87
44 90
44 94
44 97
44 98
44 99
44 100
44 102
44 103
44 104
44 105
44 106
44 107
44 111
44 112
44 115
44 116
44 117
44 118
44 119
44 121
44 122
44 124
44 126
44 127
44 129
44 130
44 131
44 138
44 139
44 140
44 142
44 143
44 145
44 147
44 149
45 46
45 49
45 54
45 55
45 56
45 57
45 60
45 63
45 65
45 67
45 73
45 77
45 78
45 80
45 86
45 87
45 89
45 91
45 92
45 93
45 94
45 95
45 96
45 97
45 100
45 101
45 102
45 103
45 104
45 106
45 109
45 112
45 113
45 114
45 115
45 116
45 121
45 122
45 126
45 127
45 128
45 130
45 131
45 133
45 136
45 138
45 139
45 141
45 142
45 145
45 146
45 148
45 149
46 47
46 50
46 52
46 53
46 54
46 56
46 57
46 58
46 60
46 61
46 64
46 65
46 71
46 72
46 73
46 74
46 76
46 77
46 78
46 80
46 82
46 83
46 84
46 85
46 87
46 88
46 89
46 91
46 96
46 97
46 99
46 100
46 103
46 104
46 107
46 109
46 112
46 117
46 119
46 123
46 124
46 125
46 126
46 127
46 128
46 129
46 130
46 132
46 134
46 135
46 136
46 137
46 138
46 140
46 145
46 146
46 148
46 149
47 51
47 53
47 55
47 56
47 57
47 60
47 61
47 62
47 65
47 67
47 68
47 70
47 72
47 73
47 76
47 81
47 82
47 83
47 85
47 86
47 87
47 88
47 90
47 91
47 92
47 93
47 94
47 95
47 97
47 99
47 100
47 102
47 103
47 104
47 106
47 107
47 108
47 109
47 110
47 113
47 114
47 118
47 121
47 122
47 125
47 126
47 127
47 130
47 132
47 133
47 136
47 139
47 142
47 146
47 149
48 51
48 54
48 57
48 58
48 62
48 64
48 65
48 67
48 70
48 75
48 76
48 77
48 81
48 83
48 86
48 87
48 89
48 90
48 91
48 92
48 93
48 97
48 99
48 100
48 101
48 103
48 105
48 107
48 110
48 112
48 113
48 114
48 115
48 117
48 118
48 119
48 120
48 121
48 124
48 125
48 126
48 133
48 136
48 138
48 140
48 145
48 149
49 52
49 53
49 55
49 56
49 57
49 60
49 61
49 62
49 63
49 66
49 68
49 69
49 70
49 72
49 74
49 75
49 76
49 78
49 80
49 81
49 84
49 86
49 87
49 89
49 92
49 97
49 98
49 99
49 100
49 102
49 103
49 104
49 105
49 106
49 107
49 109
49 111
49 112
49 113
49 114
49 115
49 117
49 118
49 119
49 121
49 122
49 123
49 125
49 128
49 129
49 131
49 132
49 135
49 136
49 138
49 139
49 141
49 144
49 145
49 148
49 149
50 51
50 52
50 53
50 54
50 56
50 58
50 60
50 61
50 66
50 67
50 68
50 71
50 72
50 73
50 75
50 76
50 78
50 79
50 83
50 84
50 87
50 88
50 89
50 90
50 93
50 94
50 97
50 98
50 100
50 106
50 107
50 108
50 109
50 110
50 111
50 112
50 114
50 116
50 118
50 125
50 127
50 129
50 130
50 137
50 142
50 144
50 146
50 147
50 149
51 56
51 58
51 61
51 62
51 63
51 69
51 70
51 71
51 73
51 74
51 75
51 76
51 77
51 79
51 82
51 86
51 87
51 91
51 92
51 94
51 95
51 96
51 99
51 102
51 104
51 105
51 106
51 107
51 108
51 110
51 111
51 114
51 115
51 119
51 120
51 121
51 124
51 125
51 126
51 127
51 130
51 133
51 134
51 138
51 140
51 142
51 146
51 148
51 149
52 54
52 55
52 56
52 57
52 59
52 60
52 62
52 63
52 64
52 65
52 67
52 69
52 70
52 71
52 72
52 74
52 80
52 84
52 88
52 89
52 92
52 93
52 94
52 95
52 96
52 97
52 98
52 100
52 102
52 104
52 106
52 107
52 108
52 109
52 116
52 119
52 123
52 125
52 126
52 127
52 128
52 131
52 132
52 133
52 135
52 138
52 139
52 140
52 141
52 142
52 143
52 144
52 145
52 149
53 54
53 58
53 61
53 62
53 63
53 64
53 66
53 67
53 68
53 70
53 71
53 72
53 73
53 76
53 77
53 79
53 80
53 81
53 87
53 88
53 89
53 92
53 94
53 96
53 98
53 99
53 100
53 101
53 103
53 109
53 111
53 112
53 114
53 117
53 118
53 119
53 120
53 122
53 123
53 124
53 125
53 129
53 131
53 132
53 133
53 134
53 136
53 137
53 139
53 140
53 149
54 56
54 57
54 59
54 60
54 64
54 65
54 66
54 72
54 74
54 75
54 76
54 78
54 79
54 80
54 81
54 83
54 84
54 85
54 87
54 88
54 89
54 91
54 95
54 97
54 99
54 100
54 106
54 107
54 111
54 116
54 118
54 119
54 120
54 122
54 126
54 128
54 129
54 131
54 132
54 133
54 136
54 137
54 139
54 140
54 142
54 144
54 146
54 147
54 148
55 56
55 57
55 58
55 63
55 65
55 66
55 67
55 70
55 71
55 73
55 75
55 76
55 77
55 78
55 81
55 83
55 84
55 85
55 87
55 89
55 91
55 95
55 97
55 99
55 102
55 104
55 105
55 106
55 107
55 108
55 109
55 111
55 112
55 113
55 116
55 118
55 119
55 122
55 124
55 125
55 126
55 129
55 130
55 132
55 133
55 136
55 143
55 145
55 146
55 149
56 58
56 60
56 61
56 62
56 63
56 66
56 68
56 71
56 72
56 75
56 79
56 80
56 83
56 84
56 86
56 87
56 88
56 89
56 90
56 96
56 97
56 98
56 99
56 100
56 102
56 103
56 106
56 107
56 108
56 109
56 110
56 111
56 112
56 115
56 118
56 119
56 120
56 121
56 122
56 123
56 125
56 127
56 131
56 133
56 134
56 136
56 137
56 140
56 142
56 144
56 148
56 149
57 59
57 60
57 61
57 62
57 63
57 66
57 68
57 69
57 73
57 74
57 76
57 77
57 78
57 79
57 81
57 82
57 83
57 88
57 89
57 92
57 94
57 95
57 96
57 98
57 99
57 107
57 108
57 109
57 111
57 113
57 114
57 117
57 118
57 123
57 124
57 129
57 130
57 132
57 134
57 138
57 140
57 142
57 143
57 144
57 145
57 146
57 148
58 59
58 61
58 64
58 66
58 68
58 70
58 71
58 72
58 75
58 76
58 78
58 80
58 81
58 83
58 84
58 85
58 86
58 88
58 90
58 94
58 100
58 102
58 103
58 106
58 108
58 109
58 111
58 112
58 114
58 115
58 116
58 117
58 118
58 119
58 120
58 124
58 125
58 127
58 129
58 130
58 138
58 139
58 144
58 145
58 146
58 147
59 61
59 62
59 64
59 65
59 66
59 67
59 68
59 70
59 71
59 73
59 77
59 78
59 79
59 85
59 86
59 87
59 88
59 90
59 91
59 92
59 97
59 98
59 99
59 105
59 106
59 107
59 110
59 112
59 115
59 116
59 119
59 120
59 121
59 129
59 130
59 131
59 132
59 133
59 136
59 138
59 140
59 141
59 145
59 146
59 147
59 148
59 149
60 61
60 65
60 66
60 68
60 69
60 70
60 71
60 73
60 75
60 79
60 80
60 87
60 88
60 89
60 90
60 91
60 92
60 94
60 95
60 96
60 97
60 98
60 100
60 102
60 105
60 106
60 110
60 113
60 116
60 119
60 125
60 127
60 132
60 133
60 137
60 139
60 141
60 143
60 144
60 145
60 147
60 148
60 149
61 63
61 64
61 66
61 67
61 68
61 70
61 71
61 74
61 78
61 81
61 83
61 84
61 86
61 87
61 88
61 89
61 92
61 94
61 97
61 100
61 102
61 106
61 107
61 112
61 114
61 117
61 126
61 132
61 133
61 134
61 135
61 137
61 140
61 141
61 143
61 144
61 145
62 63
62 64
62 69
62 70
62 74
62 78
62 80
62 81
62 82
62 84
62 85
62 91
62 95
62 97
62 99
62 102
62 105
62 107
62 109
62 110
62 113
62 115
62 117
62 118
62 119
62 120
62 121
62 122
62 125
62 126
62 127
62 131
62 132
62 133
62 134
62 136
62 137
62 138
62 139
62 140
62 141
62 143
62 145
62 147
62 148
63 67
63 68
63 72
63 73
63 74
63 77
63 78
63 79
63 81
63 82
63 83
63 89
63 90
63 92
63 97
63 98
63 102
63 104
63 105
63 106
63 109
63 111
63 112
63 114
63 118
63 119
63 120
63 122
63 123
63 127
63 130
63 131
63 132
63 134
63 135
63 141
63 143
63 144
63 146
63 148
63 149
64 66
64 67
64 72
64 74
64 75
64 77
64 78
64 82
64 83
64 84
64 85
64 87
64 92
64 93
64 94
64 95
64 97
64 99
64 101
64 103
64 104
64 105
64 107
64 108
64 111
64 113
64 117
64 118
64 119
64 121
64 122
64 123
64 126
64 128
64 131
64 133
64 134
64 135
64 139
64 145
64 147
64 149
65 66
65 70
65 71
65 76
65 79
65 81
65 83
65 84
65 87
65 88
65 89
65 90
65 96
65 98
65 101
65 102
65 103
65 104
65 105
65 106
65 108
65 109
65 112
65 113
65 118
65 121
65 122
65 124
65 127
65 129
65 131
65 135
65 138
65 140
65 142
65 146
65 148
66 67
66 70
66 71
66 78
66 79
66 83
66 84
66 85
66 86
66 88
66 89
66 93
66 94
66 95
66 99
66 100
66 101
66 102
66 103
66 107
66 108
66 109
66 112
66 114
66 115
66 116
66 117
66 119
66 121
66 125
66 126
66 128
66 131
66 136
66 137
66 142
66 144
66 145
66 146
66 147
66 148
67 68
67 70
67 72
67 75
67 76
67 79
67 80
67 82
67 83
67 86
67 87
67 89
67 90
67 91
67 96
67 97
67 98
67 100
67 103
67 104
67 105
67 106
67 109
67 112
67 113
67 115
67 117
67 125
67 129
67 132
67 134
67 137
67 138
67 141
67 145
67 148
68 71
68 73
68 74
68 75
68 76
68 77
68 79
68 81
68 82
68 83
68 85
68 86
68 87
68 90
68 92
68 93
68 94
68 95
68 97
68 99
68 106
68 108
68 111
68 116
68 117
68 118
68 119
68 127
68 130
68 131
68 132
68 133
68 135
68 136
68 140
68 142
68 143
68 146
68 147
68 148
68 149
69 70
69 71
69 73
69 74
69 76
69 78
69 79
69 80
69 81
69 82
69 83
69 85
69 87
69 88
69 89
69 93
69 94
69 96
69 98
69 100
69 101
69 102
69 104
69 110
69 112
69 113
69 114
69 115
69 117
69 119
69 120
69 121
69 126
69 127
69 130
69 132
69 135
69 136
69 137
69 139
69 141
69 142
69 143
69 144
69 147
69 149
70 71
70 72
70 73
70 75
70 77
70 79
70 80
70 81
70 83
70 84
70 85
70 86
70 88
70 90
70 91
70 94
70 96
70 97
70 98
70 99
70 100
70 101
70 102
70 103
70 106
70 107
70 108
70 109
70 112
70 113
70 115
70 116
70 117
70 120
70 121
70 122
70 125
70 131
70 133
70 136
70 137
70 138
70 139
70 143
70 145
70 148
70 149
71 73
71 75
71 76
71 79
71 80
71 83
71 86
71 88
71 90
71 91
71 94
71 96
71 97
71 99
71 100
71 101
71 102
71 103
71 104
71 107
71 112
71 113
71 114
71 115
71 117
71 120
71 124
71 127
71 128
71 133
71 134
71 137
71 138
71 143
71 145
71 147
71 149
72 73
72 74
72 76
72 78
72 80
72 81
72 82
72 83
72 84
72 87
72 91
72 92
72 96
72 97
72 98
72 100
72 102
72 103
72 105
72 107
72 108
72 113
72 114
72 118
72 119
72 120
72 121
72 125
72 126
72 127
72 129
72 131
72 133
72 135
72 136
72 139
72 141
72 142
72 145
72 148
72 149
73 74
73 75
73 81
73 82
73 83
73 85
73 86
73 87
73 88
73 90
73 92
73 93
73 95
73 96
73 97
73 98
73 100
73 101
73 102
73 105
73 106
73 107
73 111
73 112
73 114
73 115
73 121
73 122
73 124
73 125
73 126
73 129
73 130
73 131
73 133
73 135
73 139
73 142
73 143
73 144
73 145
73 146
73 148
73 149
74 81
74 83
74 84
74 85
74 86
74 87
74 88
74 89
74 90
74 91
74 93
74 96
74 100
74 102
74 105
74 107
74 108
74 110
74 112
74 114
74 116
74 117
74 118
74 123
74 124
74 126
74 127
74 128
74 130
74 132
74 133
74 135
74 136
74 138
74 140
74 143
74 144
74 146
74 149
75 77
75 78
75 82
75 83
75 84
75 87
75 88
75 94
75 96
75 97
75 103
75 105
75 110
75 114
75 117
75 118
75 119
75 120
75 122
75 125
75 126
75 128
75 133
75 134
75 136
75 137
75 139
75 140
75 142
75 143
75 147
75 148
75 149
76 80
76 81
76 84
76 87
76 88
76 91
76 93
76 98
76 100
76 103
76 104
76 106
76 107
76 108
76 110
76 111
76 112
76 117
76 119
76 120
76 122
76 123
76 125
76 126
76 128
76 132
76 133
76 135
76 136
76 138
76 139
76 141
76 146
76 147
76 148
77 79
77 85
77 86
77 87
77 91
77 93
77 94
77 100
77 101
77 104
77 105
77 106
77 108
77 111
77 112
77 113
77 116
77 119
77 120
77 123
77 125
77 127
77 130
77 131
77 132
77 133
77 137
77 138
77 140
77 141
77 143
77 144
77 145
77 146
77 147
77 149
78 80
78 81
78 83
78 85
78 86
78 91
78 92
78 93
78 95
78 96
78 97
78 98
78 101
78 103
78 104
78 105
78 108
78 109
78 111
78 113
78 114
78 116
78 118
78 124
78 126
78 130
78 132
78 134
78 139
78 140
78 141
78 142
78 143
79 80
79 85
79 86
79 96
79 100
79 101
79 102
79 104
79 109
79 115
79 116
79 117
79 119
79 120
79 121
79 123
79 125
79 128
79 130
79 131
79 132
79 134
79 136
79 138
79 139
79 141
79 148
80 81
80 84
80 85
80 86
80 88
80 90
80 91
80 92
80 100
80 101
80 102
80 104
80 105
80 106
80 107
80 108
80 109
80 116
80 117
80 120
80 124
80 125
80 130
80 135
80 139
80 141
80 142
80 145
81 85
81 86
81 87
81 89
81 90
81 92
81 94
81 95
81 100
81 101
81 103
81 104
81 107
81 109
81 111
81 113
81 115
81 123
81 128
81 130
81 131
81 132
81 133
81 134
81 135
81 136
81 137
81 138
81 139
81 142
81 143
81 146
81 147
81 148
81 149
82 83
82 84
82 89
82 91
82 95
82 102
82 103
82 106
82 107
82 109
82 110
82 113
82 115
82 118
82 123
82 124
82 127
82 128
82 130
82 132
82 134
82 140
82 142
82 144
82 145
82 146
82 147
82 148
83 84
83 85
83 86
83 87
83 89
83 90
83 92
83 98
83 99
83 101
83 102
83 104
83 105
83 106
83 107
83 109
83 115
83 119
83 123
83 124
83 126
83 131
83 133
83 135
83 136
83 140
83 141
83 143
83 146
83 147
83 149
84 85
84 86
84 90
84 91
84 92
84 94
84 96
84 97
84 100
84 101
84 103
84 105
84 106
84 108
84 111
84 113
84 114
84 116
84 118
84 119
84 121
84 122
84 126
84 127
84 131
84 132
84 133
84 135
84 138
84 142
84 143
84 145
84 146
84 147
84 148
85 86
85 91
85 92
85 93
85 95
85 98
85 99
85 100
85 103
85 104
85 105
85 106
85 107
85 108
85 110
85 111
85 113
85 114
85 115
85 116
85 122
85 123
85 125
85 126
85 127
85 129
85 130
85 131
85 133
85 135
85 140
85 142
85 143
85 144
85 145
85 146
85 147
85 148
85 149
86 87
86 88
86 89
86 95
86 96
86 97
86 99
86 100
86 104
86 106
86 107
86 108
86 110
86 111
86 112
86 113
86 114
86 116
86 117
86 118
86 119
86 123
86 124
86 125
86 126
86 129
86 132
86 133
86 134
86 137
86 140
86 141
86 142
86 145
86 149
87 89
87 90
87 91
87 92
87 93
87 97
87 99
87 100
87 102
87 104
87 108
87 110
87 112
87 113
87 115
87 118
87 122
87 124
87 127
87 129
87 130
87 131
87 134
87 137
87 139
87 142
87 143
87 145
87 146
87 148
88 89
88 94
88 95
88 96
88 99
88 100
88 101
88 106
88 107
88 109
88 111
88 112
88 114
88 120
88 123
88 124
88 125
88 129
88 130
88 131
88 132
88 134
88 135
88 138
88 140
88 141
88 144
88 146
89 91
89 92
89 95
89 99
89 101
89 103
89 105
89 106
89 107
89 109
89 111
89 114
89 115
89 118
89 120
89 121
89 122
89 125
89 126
89 127
89 130
89 132
89 133
89 134
89 135
89 136
89 138
89 139
89 141
89 144
89 145
89 149
90 91
90 92
90 94
90 95
90 97
90 98
90 100
90 101
90 102
90 103
90 108
90 109
90 111
90 112
90 116
90 118
90 120
90 121
90 124
90 126
90 127
90 129
90 131
90 132
90 133
90 135
90 138
90 143
90 145
90 149
91 93
91 94
91 95
91 97
91 100
91 101
91 104
91 105
91 106
91 108
91 109
91 112
91 114
91 115
91 116
91 117
91 118
91 120
91 124
91 125
91 126
91 127
91 128
91 129
91 130
91 132
91 134
91 135
91 137
91 143
91 144
91 145
91 146
91 147
92 93
92 94
92 97
92 99
92 101
92 103
92 104
92 107
92 108
92 110
92 114
92 115
92 116
92 118
92 119
92 121
92 122
92 123
92 126
92 127
92 128
92 129
92 130
92 135
92 136
92 137
92 139
92 141
92 142
92 144
92 145
92 148
92 149
93 95
93 96
93 98
93 99
93 100
93 101
93 102
93 103
93 104
93 111
93 112
93 115
93 116
93 117
93 118
93 119
93 120
93 121
93 127
93 128
93 129
93 130
93 131
93 133
93 136
93 138
93 139
93 140
93 146
93 147
93 149
94 97
94 101
94 105
94 106
94 107
94 109
94 113
94 117
94 124
94 125
94 127
94 128
94 130
94 133
94 135
94 137
94 139
94 141
94 142
94 146
94 147
94 149
95 97
95 101
95 104
95 105
95 106
95 109
95 110
95 111
95 112
95 115
95 117
95 120
95 122
95 123
95 124
95 125
95 129
95 130
95 131
95 132
95 136
95 137
95 138
95 140
95 141
95 145
95 149
96 97
96 98
96 101
96 106
96 108
96 110
96 113
96 115
96 116
96 117
96 120
96 124
96 128
96 129
96 130
96 134
96 135
96 138
96 139
96 146
96 148
96 149
97 102
97 103
97 105
97 108
97 109
97 110
97 112
97 114
97 116
97 117
97 118
97 119
97 122
97 125
97 126
97 127
97 128
97 129
97 131
97 132
97 134
97 135
97 137
97 139
97 140
97 142
97 146
97 147
97 149
98 99
98 100
98 102
98 105
98 106
98 108
98 110
98 111
98 112
98 113
98 114
98 120
98 121
98 122
98 126
98 128
98 129
98 131
98 134
98 136
98 137
98 138
98 140
98 142
98 144
98 147
98 149
99 102
99 104
99 105
99 107
99 108
99 109
99 110
99 111
99 113
99 115
99 118
99 119
99 132
99 133
99 134
99 135
99 137
99 138
99 139
99 141
99 144
100 101
100 105
100 107
100 108
100 109
100 115
100 116
100 117
100 118
100 121
100 122
100 124
100 125
100 126
100 130
100 134
100 136
100 137
100 141
100 142
100 146
100 149
101 104
101 105
101 108
101 109
101 110
101 111
101 112
101 120
101 121
101 122
101 123
101 124
101 126
101 128
101 129
101 130
101 138
101 139
101 140
101 142
101 144
101 145
101 146
101 147
101 148
102 103
102 111
102 112
102 118
102 119
102 121
102 123
102 124
102 132
102 135
102 136
102 140
102 141
102 142
102 144
102 149
103 107
103 108
103 109
103 113
103 116
103 117
103 118
103 119
103 120
103 123
103 126
103 129
103 133
103 134
103 135
103 138
103 139
103 142
103 143
103 145
104 105
104 107
104 109
104 112
104 115
104 116
104 117
104 118
104 121
104 122
104 126
104 127
104 128
104 130
104 132
104 134
104 137
104 138
104 140
104 145
104 148
105 106
105 108
105 111
105 112
105 113
105 114
105 115
105 116
105 117
105 119
105 120
105 121
105 124
105 126
105 127
105 131
105 132
105 135
105 136
105 137
105 141
105 143
105 146
105 149
106 107
106 108
106 111
106 113
106 115
106 117
106 118
106 120
106 121
106 122
106 124
106 126
106 127
106 129
106 136
106 138
106 141
106 143
106 144
106 145
106 146
106 148
106 149
107 112
107 113
107 122
107 124
107 125
107 126
107 127
107 128
107 129
107 130
107 132
107 136
107 137
107 138
107 140
107 141
107 142
107 146
107 147
107 148
107 149
108 109
108 110
108 111
108 115
108 116
108 119
108 121
108 122
108 124
108 128
108 129
108 131
108 133
108 134
108 143
108 147
108 148
109 110
109 111
109 112
109 115
109 117
109 119
109 120
109 121
109 123
109 124
109 125
109 130
109 131
109 133
109 137
109 139
109 140
109 141
109 144
109 147
109 148
109 149
110 111
110 112
110 116
110 118
110 119
110 120
110 123
110 126
110 127
110 129
110 130
110 132
110 133
110 136
110 140
110 142
110 143
110 144
110 149
111 112
111 115
111 116
111 118
111 121
111 124
111 131
111 134
111 138
111 143
112 113
112 121
112 122
112 123
112 124
112 127
112 128
112 130
112 131
112 134
112 135
112 136
112 138
112 139
112 140
112 145
112 149
113 114
113 115
113 116
113 120
113 121
113 123
113 125
113 126
113 127
113 128
113 129
113 130
113 132
113 133
113 134
113 136
113 137
113 141
113 142
113 144
113 148
113 149
114 118
114 119
114 120
114 121
114 123
114 124
114 125
114 127
114 128
114 131
114 133
114 135
114 136
114 137
114 139
114 143
114 145
114 148
114 149
115 121
115 122
115 127
115 129
115 130
115 131
115 132
115 133
115 135
115 136
115 137
115 139
115 140
115 141
115 142
115 145
115 146
115 147
115 148
116 120
116 122
116 126
116 129
116 134
116 135
116 138
116 139
116 140
116 144
116 145
116 147
116 148
116 149
117 118
117 120
117 122
117 125
117 126
117 127
117 128
117 129
117 131
117 132
117 133
117 134
117 135
117 137
117 139
117 140
117 141
117 142
117 143
117 144
117 145
117 148
118 119
118 122
118 124
118 126
118 131
118 141
118 142
118 143
118 144
118 146
118 147
118 148
118 149
119 122
119 123
119 125
119 126
119 130
119 131
119 132
119 136
119 138
119 139
119 141
119 142
119 148
119 149
120 122
120 124
120 127
120 129
120 130
120 131
120 133
120 135
120 139
120 141
120 143
120 148
120 149
121 125
121 126
121 127
121 129
121 130
121 131
121 133
121 134
121 137
121 138
121 139
121 145
121 146
121 149
122 124
122 127
122 132
122 133
122 135
122 137
122 138
122 139
122 140
122 141
122 142
122 148
123 124
123 125
123 126
123 129
123 130
123 134
123 135
123 137
123 138
123 139
123 140
123 141
123 145
123 146
123 148
123 149
124 126
124 127
124 131
124 132
124 133
124 135
124 136
124 137
124 139
124 140
124 142
124 147
124 148
124 149
125 126
125 129
125 130
125 131
125 132
125 133
125 134
125 136
125 138
125 141
125 142
125 145
125 149
126 131
126 137
126 138
126 139
126 141
126 143
126 144
126 148
126 149
127 128
127 129
127 133
127 134
127 136
127 137
127 139
127 140
127 141
127 142
127 143
127 145
127 146
127 147
127 148
128 129
128 133
128 135
128 137
128 138
128 140
128 141
128 144
128 146
128 147
128 148
128 149
129 130
129 135
129 136
129 138
129 139
129 140
129 141
129 142
129 143
129 145
129 146
129 148
130 132
130 133
130 134
130 138
130 142
130 145
130 146
130 148
131 132
131 133
131 134
131 137
131 140
131 144
131 145
131 147
131 149
132 133
132 134
132 135
132 136
132 137
132 139
132 141
132 142
132 144
132 145
132 147
133 135
133 136
133 138
133 140
133 142
133 146
133 147
133 149
134 136
134 139
134 143
134 149
135 136
135 142
135 143
135 144
135 145
135 146
136 137
136 138
136 139
136 142
136 144
136 145
136 146
136 148
136 149
137 141
137 142
137 144
137 145
137 146
138 139
138 140
138 144
138 145
138 146
139 147
139 148
139 149
140 141
140 142
140 143
140 144
140 145
140 146
141 144
141 146
141 149
142 148
142 149
143 146
144 145
144 148
145 146
145 149
146 149
87 104 138 69 67 91 103
2 56 49 51 139 64 94
146 13 92 41 35 98 76
121 50 18 54 147 72 26
63 10 80 122 34 143 124
110 52 23 14 86 57 53
62 33 55 89 17 140 130
60 37 117 101 78 15 61
32 125 25 46 9 74 99
19 145 118 134 29 96 83
126 47 131 48 8 4 59
73 20 28 107 100 77 40
108 106 11 22 148 128 112
38 44 75 6 31 132 129
88 85 5 109 81 70 36
84 115 120 93 90 119 113
1 102 0 3 141 45 116
95 42 39 97 71 127 133
79 21 123 30 135 82 58
136 24 105 114 111 16 149
43 27 65 137 7 142 12
144 66 68
