130
833
5
79.04
47.34
12.45
45.32
62.73
0 8
0 20
0 34
0 42
0 69
0 78
0 94
0 100
0 116
0 118
1 7
1 70
1 73
1 86
1 101
1 111
1 125
2 18
2 28
2 49
2 51
2 61
2 62
2 76
2 93
2 116
2 119
2 129
3 26
3 28
3 29
3 30
3 46
3 48
3 60
3 66
3 67
3 70
3 74
3 82
3 84
3 98
3 102
3 127
4 6
4 36
4 37
4 52
4 57
4 68
4 71
4 101
4 104
4 126
5 12
5 21
5 31
5 35
5 42
5 45
5 46
5 54
5 64
5 76
5 91
5 94
5 99
5 106
5 116
6 18
6 20
6 26
6 32
6 63
6 67
6 71
6 75
6 80
6 81
6 86
6 98
6 101
6 113
6 117
6 127
7 19
7 54
7 59
7 75
7 79
7 81
7 84
7 90
7 98
7 108
7 118
7 120
7 122
8 35
8 49
8 64
8 69
8 78
8 99
8 106
8 119
8 120
8 123
8 124
9 21
9 22
9 32
9 59
9 67
9 70
9 85
9 93
9 100
9 113
9 125
10 21
10 47
10 62
10 63
10 71
10 75
10 91
10 93
10 98
10 110
10 129
11 45
11 46
11 80
11 101
11 126
11 128
12 45
12 46
12 61
12 69
12 81
12 84
12 93
12 96
13 16
13 17
13 21
13 33
13 43
13 55
13 66
13 68
13 72
13 82
13 86
13 106
13 119
14 20
14 24
14 39
14 42
14 56
14 67
14 71
14 73
14 89
14 113
14 115
15 18
15 29
15 36
15 60
15 65
15 74
15 93
15 94
15 99
15 104
15 108
15 112
15 120
16 47
16 55
16 74
16 76
16 85
16 102
17 31
17 58
17 103
17 105
17 109
17 111
17 119
17 127
18 25
18 27
18 52
18 60
18 66
18 72
18 75
18 83
18 89
18 100
18 113
18 119
19 32
19 38
19 40
19 47
19 51
19 71
19 73
19 83
19 90
19 93
19 121
19 125
19 127
19 128
20 23
20 27
20 37
20 46
20 56
20 58
20 62
20 64
20 73
20 80
20 91
20 114
21 35
21 37
21 38
21 56
21 58
21 75
21 98
21 103
21 117
21 127
22 28
22 45
22 51
22 55
22 58
22 80
22 109
22 121
22 122
23 28
23 50
23 54
23 63
23 91
23 98
23 102
23 105
23 122
23 123
24 27
24 35
24 40
24 45
24 47
24 48
24 70
24 77
24 84
24 87
25 26
25 35
25 58
25 60
25 64
25 82
25 88
25 90
25 94
25 98
26 29
26 55
26 69
26 76
26 83
26 95
27 34
27 50
27 65
27 67
27 68
27 69
27 83
27 84
27 89
27 93
27 113
27 116
28 42
28 58
28 61
28 70
28 75
28 77
28 87
28 96
28 101
28 109
28 114
29 30
29 38
29 63
29 74
29 81
29 86
29 92
29 94
29 95
29 102
29 108
29 120
30 46
30 50
30 59
30 61
30 87
30 90
30 126
31 35
31 37
31 42
31 50
31 58
31 64
31 69
31 79
31 85
31 120
31 129
32 40
32 51
32 52
32 60
32 74
32 76
32 85
32 100
32 106
32 114
32 120
32 126
32 128
33 47
33 55
33 61
33 66
33 81
33 105
33 115
34 42
34 84
34 89
34 92
34 123
35 37
35 40
35 47
35 71
35 91
35 92
35 105
35 121
36 37
36 38
36 42
36 46
36 50
36 57
36 59
36 100
36 106
37 70
37 74
37 75
37 78
37 87
37 91
37 96
37 100
37 107
37 123
38 39
38 43
38 74
38 77
38 84
38 85
38 87
38 104
38 106
38 122
39 40
39 46
39 58
39 63
39 64
39 69
39 73
39 96
39 124
39 129
40 53
40 71
40 77
40 78
40 98
40 102
40 103
40 104
40 106
40 108
40 110
40 115
40 126
41 47
41 49
41 50
41 59
41 62
41 64
41 67
41 98
41 105
41 116
41 117
41 121
42 46
42 52
42 81
42 84
42 113
42 124
43 46
43 48
43 68
43 95
44 48
44 64
44 89
44 93
44 110
44 112
45 67
45 68
45 84
45 85
45 108
45 113
45 114
45 122
45 126
46 56
46 59
46 61
46 67
46 77
46 83
46 85
46 89
46 93
46 98
46 102
46 110
47 58
47 67
47 74
47 76
47 81
47 94
47 95
47 99
47 102
47 129
48 51
48 72
48 91
48 92
48 97
48 123
49 55
49 61
49 64
49 71
49 75
49 96
49 98
49 108
49 125
50 56
50 69
50 110
50 121
51 79
51 91
51 96
51 110
51 115
51 116
51 120
51 121
52 56
52 61
52 79
52 82
52 108
53 56
53 61
53 62
53 74
53 77
53 85
53 90
53 114
53 121
54 85
54 89
54 95
54 109
54 119
54 120
54 129
55 63
55 64
55 74
55 81
55 87
55 88
55 90
55 91
55 100
55 111
55 122
56 62
56 65
56 72
56 77
56 80
56 88
56 102
56 106
56 114
57 58
57 73
57 74
57 82
57 84
57 85
57 92
57 98
57 116
57 126
58 60
58 64
58 67
58 70
58 86
58 92
58 112
58 114
58 116
58 123
58 129
59 61
59 95
59 109
59 127
60 64
60 71
60 82
60 87
60 98
60 99
60 105
60 107
60 108
60 122
61 64
61 107
61 121
61 124
62 66
62 96
62 110
62 116
63 77
63 91
63 126
63 129
64 70
64 74
64 85
64 89
64 100
64 112
64 117
64 119
64 128
65 72
65 75
65 78
65 87
65 108
65 126
66 91
66 101
66 102
66 108
67 75
67 76
67 84
67 98
67 114
67 115
67 116
67 124
68 70
68 81
68 82
68 95
68 102
68 108
68 127
68 128
69 72
69 73
69 83
69 87
69 97
69 100
69 102
69 108
69 124
69 125
70 72
70 79
70 82
70 83
70 84
70 88
70 111
70 115
70 117
70 120
71 72
71 86
71 92
71 116
71 126
72 75
72 96
72 107
72 119
73 98
73 106
73 121
73 125
73 127
73 129
74 76
74 77
74 81
74 91
74 95
74 110
74 116
74 122
75 76
75 89
75 112
75 124
75 129
76 107
76 108
76 111
76 121
77 91
77 93
77 113
77 114
77 117
77 123
77 124
77 127
78 98
78 101
78 119
78 120
78 126
79 80
79 88
79 96
80 99
80 106
80 117
80 126
80 128
81 106
81 122
81 127
82 94
82 95
82 99
82 100
82 101
82 107
82 108
82 109
82 114
82 127
83 84
83 87
83 93
83 95
83 108
83 115
84 98
84 104
84 110
85 91
85 111
85 124
86 98
86 110
86 121
86 127
87 95
87 100
87 102
87 121
88 113
88 116
89 93
89 96
89 109
89 111
89 114
89 115
89 122
90 102
90 112
90 128
91 104
91 118
91 126
92 94
92 101
92 110
93 94
93 99
93 101
93 102
93 119
93 126
93 127
94 108
94 115
95 106
95 127
96 104
96 107
96 110
96 125
96 126
97 102
97 103
98 104
98 105
98 109
98 128
99 109
99 110
99 113
99 114
99 119
99 121
100 101
100 108
100 122
101 103
101 109
101 116
102 107
102 110
102 115
102 117
102 129
104 122
104 125
105 118
106 114
106 115
106 122
107 122
107 125
108 114
109 122
109 123
109 124
110 113
110 123
111 121
111 124
111 127
112 121
112 122
112 125
113 117
113 122
113 124
114 120
115 116
116 121
118 124
118 129
120 122
121 125
121 127
126 128
127 128
128 129
92 60 43 4 46 97 26 52 25 100 58 65 50 20 59 51 3 74 61 69 78 56 23 19 118 125
5 108 12 81 71 28 128 94 30 86 129 44 75 11 79 101 49 54 57 91 93 39 84 107 115 66
17 16 109 27 98 103 70 77 72 29 8 2 121 68 62 106 88 82 15 96 38 112 127 34 85 31
9 122 10 13 7 67 55 99 63 110 73 126 90 35 124 76 105 111 45 42 40 1 123 104 37 83
47 32 64 6 24 116 89 36 80 33 14 117 53 0 119 18 48 22 113 21 120 95 41 87 114 102
