150
2260
5
98.65
64.22
64.58
60.37
63.93
0 14
0 17
0 20
0 23
0 34
0 48
0 54
0 58
0 61
0 67
0 91
0 93
0 109
0 113
0 135
0 144
0 145
0 147
1 8
1 10
1 12
1 15
1 17
1 19
1 20
1 22
1 26
1 27
1 30
1 34
1 40
1 50
1 53
1 59
1 64
1 68
1 69
1 76
1 79
1 84
1 90
1 97
1 103
1 109
1 110
1 112
1 117
1 123
1 133
1 135
1 136
1 137
1 149
2 8
2 10
2 13
2 28
2 31
2 32
2 38
2 39
2 41
2 44
2 49
2 55
2 57
2 62
2 64
2 68
2 69
2 72
2 82
2 83
2 85
2 94
2 96
2 97
2 105
2 114
2 131
2 135
2 136
2 141
3 7
3 9
3 11
3 14
3 26
3 28
3 32
3 33
3 54
3 64
3 66
3 72
3 78
3 80
3 85
3 88
3 96
3 99
3 112
3 116
3 118
3 132
3 135
3 140
3 143
3 144
3 147
3 149
4 8
4 13
4 14
4 15
4 16
4 18
4 19
4 33
4 34
4 35
4 39
4 47
4 51
4 53
4 57
4 58
4 61
4 63
4 65
4 66
4 67
4 75
4 77
4 83
4 86
4 105
4 108
4 122
4 126
4 127
4 128
4 132
4 143
4 148
5 6
5 7
5 18
5 20
5 23
5 25
5 36
5 42
5 48
5 54
5 66
5 69
5 85
5 96
5 100
5 102
5 104
5 107
5 111
5 114
5 116
5 119
5 120
5 122
5 132
5 141
5 145
5 146
5 148
6 8
6 10
6 11
6 18
6 19
6 22
6 24
6 27
6 31
6 32
6 34
6 35
6 39
6 59
6 61
6 63
6 64
6 66
6 68
6 71
6 80
6 85
6 89
6 92
6 98
6 108
6 118
6 121
6 124
6 126
6 128
6 134
6 135
6 137
6 143
7 10
7 14
7 17
7 24
7 25
7 26
7 34
7 46
7 53
7 59
7 60
7 75
7 78
7 80
7 83
7 100
7 106
7 107
7 108
7 112
7 122
7 127
7 129
7 134
7 138
7 141
7 145
8 11
8 15
8 19
8 20
8 29
8 35
8 42
8 44
8 47
8 53
8 54
8 57
8 61
8 68
8 70
8 83
8 98
8 99
8 104
8 108
8 112
8 113
8 121
8 130
8 142
8 149
9 23
9 36
9 44
9 55
9 58
9 59
9 60
9 62
9 70
9 72
9 85
9 88
9 94
9 95
9 104
9 108
9 113
9 119
9 124
9 131
9 134
9 141
9 144
9 146
10 28
10 33
10 50
10 58
10 59
10 71
10 72
10 73
10 79
10 81
10 86
10 94
10 98
10 107
10 108
10 110
10 112
10 114
10 118
10 119
10 120
10 121
10 125
10 133
10 144
10 147
10 149
11 22
11 32
11 34
11 39
11 49
11 53
11 57
11 61
11 74
11 86
11 88
11 97
11 99
11 102
11 114
11 118
11 124
11 134
11 138
11 140
12 22
12 31
12 38
12 45
12 52
12 53
12 57
12 61
12 64
12 67
12 74
12 75
12 76
12 78
12 82
12 84
12 89
12 110
12 118
12 122
12 125
12 129
12 134
12 139
12 143
12 146
13 14
13 18
13 23
13 25
13 45
13 46
13 48
13 49
13 50
13 51
13 59
13 63
13 72
13 73
13 74
13 80
13 81
13 84
13 97
13 104
13 105
13 118
13 120
13 129
13 133
13 139
13 146
14 17
14 21
14 22
14 25
14 26
14 27
14 28
14 36
14 37
14 42
14 45
14 62
14 63
14 70
14 73
14 76
14 77
14 84
14 100
14 103
14 104
14 106
14 116
14 118
14 120
14 126
14 132
14 136
14 137
14 144
14 145
14 146
15 20
15 22
15 26
15 31
15 34
15 35
15 36
15 37
15 41
15 43
15 44
15 53
15 56
15 57
15 60
15 65
15 69
15 72
15 79
15 85
15 86
15 89
15 90
15 91
15 95
15 99
15 100
15 119
15 124
15 130
15 144
15 147
16 23
16 24
16 41
16 44
16 46
16 48
16 51
16 53
16 73
16 74
16 76
16 77
16 78
16 81
16 82
16 91
16 102
16 115
16 117
16 119
16 120
16 131
16 137
16 138
16 144
17 25
17 28
17 30
17 37
17 38
17 41
17 46
17 55
17 63
17 64
17 68
17 70
17 72
17 73
17 75
17 76
17 85
17 90
17 94
17 106
17 107
17 110
17 114
17 120
17 124
17 139
17 148
17 149
18 23
18 29
18 36
18 38
18 41
18 45
18 48
18 55
18 63
18 70
18 75
18 91
18 92
18 97
18 104
18 106
18 109
18 111
18 118
18 119
18 121
18 131
18 132
18 136
18 148
19 25
19 29
19 32
19 42
19 44
19 49
19 67
19 68
19 71
19 81
19 91
19 93
19 95
19 103
19 108
19 110
19 111
19 112
19 114
19 118
19 120
19 121
19 124
19 138
19 143
20 22
20 27
20 32
20 59
20 60
20 64
20 79
20 82
20 84
20 89
20 90
20 93
20 99
20 114
20 117
20 124
20 126
20 127
20 128
20 144
21 36
21 40
21 41
21 45
21 51
21 68
21 71
21 72
21 77
21 79
21 96
21 97
21 98
21 103
21 105
21 112
21 113
21 114
21 121
21 127
21 130
21 137
22 26
22 30
22 34
22 38
22 43
22 44
22 46
22 47
22 48
22 50
22 52
22 53
22 64
22 65
22 78
22 88
22 93
22 95
22 108
22 116
22 124
22 127
22 129
22 130
22 144
22 148
23 24
23 27
23 28
23 41
23 44
23 45
23 46
23 54
23 56
23 60
23 64
23 65
23 68
23 69
23 73
23 90
23 91
23 94
23 97
23 99
23 102
23 107
23 112
23 113
23 114
23 120
23 125
23 129
23 131
24 39
24 40
24 43
24 44
24 48
24 49
24 54
24 57
24 62
24 64
24 66
24 70
24 74
24 78
24 98
24 99
24 101
24 104
24 107
24 115
24 117
24 120
24 128
24 130
24 134
24 138
24 147
25 30
25 33
25 35
25 37
25 42
25 53
25 58
25 60
25 66
25 74
25 79
25 92
25 96
25 98
25 106
25 108
25 116
25 117
25 133
25 138
25 140
25 141
25 148
26 33
26 36
26 38
26 47
26 54
26 55
26 66
26 67
26 69
26 74
26 78
26 94
26 98
26 99
26 103
26 122
26 125
26 130
26 131
26 135
26 138
26 142
26 145
27 28
27 30
27 37
27 43
27 45
27 52
27 54
27 57
27 60
27 61
27 71
27 73
27 81
27 87
27 94
27 102
27 106
27 111
27 123
27 132
27 136
27 141
27 143
27 146
27 147
28 29
28 30
28 34
28 38
28 47
28 57
28 61
28 62
28 63
28 75
28 85
28 89
28 92
28 97
28 98
28 104
28 106
28 111
28 123
28 135
28 136
29 32
29 33
29 50
29 69
29 79
29 84
29 90
29 100
29 101
29 105
29 108
29 117
29 120
29 129
29 134
29 139
29 144
30 38
30 43
30 45
30 51
30 62
30 72
30 73
30 76
30 86
30 100
30 103
30 105
30 111
30 113
30 114
30 119
30 122
30 124
30 128
30 137
30 148
31 35
31 42
31 43
31 45
31 48
31 49
31 52
31 53
31 58
31 62
31 70
31 71
31 72
31 81
31 83
31 87
31 92
31 94
31 103
31 114
31 117
31 122
31 123
31 127
31 131
31 132
31 133
31 136
31 138
31 147
31 148
32 38
32 62
32 66
32 67
32 70
32 73
32 75
32 80
32 88
32 89
32 95
32 99
32 117
32 121
32 126
32 132
32 133
32 139
32 142
32 149
33 49
33 54
33 55
33 61
33 62
33 67
33 87
33 93
33 94
33 96
33 98
33 100
33 101
33 111
33 127
33 128
33 132
33 134
33 135
33 144
33 148
34 51
34 69
34 77
34 84
34 93
34 98
34 102
34 108
34 109
34 130
34 132
34 142
35 37
35 41
35 43
35 50
35 56
35 65
35 66
35 68
35 74
35 79
35 92
35 101
35 110
35 116
35 118
35 120
35 124
35 129
35 131
35 133
35 142
35 148
36 40
36 42
36 50
36 54
36 56
36 57
36 59
36 64
36 69
36 70
36 71
36 74
36 75
36 85
36 90
36 92
36 94
36 106
36 110
36 112
36 117
36 118
36 133
36 136
36 138
36 149
37 39
37 45
37 46
37 47
37 54
37 61
37 66
37 69
37 72
37 78
37 91
37 92
37 93
37 99
37 103
37 111
37 113
37 122
37 131
37 133
37 136
37 139
37 140
37 144
37 146
38 39
38 49
38 66
38 71
38 83
38 96
38 97
38 104
38 106
38 116
38 120
38 127
38 130
38 131
38 136
38 143
39 42
39 63
39 64
39 71
39 72
39 74
39 75
39 81
39 86
39 88
39 96
39 97
39 106
39 107
39 113
39 115
39 117
39 118
39 126
39 127
39 142
39 145
39 147
39 149
40 41
40 47
40 48
40 49
40 50
40 51
40 52
40 60
40 66
40 73
40 74
40 75
40 79
40 92
40 93
40 105
40 106
40 116
40 117
40 121
40 124
40 135
40 137
40 141
40 145
41 42
41 57
41 60
41 63
41 65
41 67
41 69
41 72
41 78
41 85
41 95
41 98
41 99
41 100
41 103
41 106
41 109
41 111
41 112
41 116
41 118
41 121
41 122
41 127
41 128
41 129
41 133
41 137
41 140
41 141
41 142
41 143
42 46
42 47
42 58
42 60
42 67
42 78
42 85
42 95
42 102
42 103
42 114
42 119
42 124
42 127
42 128
42 131
42 132
42 133
42 135
43 44
43 45
43 47
43 50
43 53
43 56
43 60
43 66
43 75
43 77
43 80
43 85
43 87
43 88
43 97
43 99
43 104
43 109
43 110
43 119
43 122
43 123
43 129
43 132
43 136
43 138
43 146
43 148
44 45
44 49
44 64
44 66
44 72
44 73
44 82
44 88
44 90
44 94
44 99
44 100
44 101
44 103
44 105
44 108
44 111
44 112
44 125
44 128
44 139
44 141
44 142
44 143
45 64
45 65
45 69
45 70
45 76
45 92
45 98
45 100
45 109
45 115
45 120
45 131
45 137
45 138
45 146
46 50
46 60
46 62
46 69
46 73
46 76
46 78
46 80
46 82
46 95
46 99
46 101
46 107
46 109
46 127
46 138
46 143
47 55
47 56
47 66
47 74
47 79
47 80
47 89
47 93
47 105
47 109
47 111
47 112
47 113
47 121
47 126
47 128
47 130
47 131
47 132
47 133
47 134
47 136
47 137
47 140
47 143
47 145
47 147
48 51
48 53
48 57
48 61
48 63
48 71
48 73
48 78
48 80
48 90
48 91
48 98
48 99
48 106
48 107
48 108
48 110
48 113
48 119
48 122
48 124
48 125
49 56
49 60
49 66
49 70
49 73
49 76
49 77
49 88
49 100
49 101
49 108
49 112
49 119
49 122
49 128
49 130
49 134
49 135
49 144
50 75
50 77
50 81
50 100
50 114
50 116
50 120
50 126
50 127
50 128
50 129
50 135
50 136
50 137
50 144
50 149
51 55
51 60
51 61
51 64
51 71
51 74
51 81
51 85
51 86
51 94
51 95
51 96
51 104
51 112
51 114
51 117
51 119
51 120
51 121
51 122
51 123
51 129
51 135
51 138
51 142
51 144
51 147
52 61
52 64
52 65
52 84
52 85
52 88
52 99
52 100
52 106
52 110
52 119
52 121
52 124
52 130
53 65
53 68
53 70
53 81
53 82
53 91
53 102
53 103
53 104
53 108
53 112
53 121
53 129
53 131
53 132
53 141
53 142
54 57
54 60
54 61
54 63
54 67
54 68
54 74
54 81
54 84
54 87
54 98
54 103
54 107
54 110
54 115
54 117
54 132
54 133
54 136
54 146
54 149
55 58
55 61
55 78
55 80
55 82
55 85
55 88
55 92
55 93
55 99
55 102
55 103
55 105
55 108
55 109
55 111
55 112
55 115
55 124
55 127
55 131
55 137
55 138
55 141
55 146
56 61
56 68
56 81
56 82
56 85
56 89
56 91
56 102
56 118
56 121
56 123
56 125
56 126
56 131
56 133
56 138
57 61
57 63
57 67
57 68
57 70
57 75
57 76
57 87
57 94
57 95
57 97
57 98
57 101
57 104
57 105
57 110
57 122
57 123
57 127
57 129
57 140
58 60
58 67
58 76
58 80
58 81
58 84
58 86
58 87
58 90
58 98
58 108
58 110
58 136
58 139
59 70
59 73
59 81
59 82
59 92
59 94
59 96
59 104
59 119
59 133
59 136
59 142
59 147
60 65
60 69
60 74
60 75
60 76
60 78
60 80
60 83
60 84
60 101
60 116
60 117
60 118
60 126
60 131
60 132
60 133
60 137
60 139
60 145
60 146
61 63
61 65
61 69
61 77
61 85
61 92
61 93
61 110
61 117
61 120
61 125
61 130
61 131
61 135
61 146
61 147
61 148
62 65
62 69
62 71
62 72
62 73
62 80
62 82
62 88
62 92
62 94
62 98
62 100
62 108
62 117
62 122
62 123
62 124
62 130
62 134
62 135
62 138
62 139
62 140
62 145
63 83
63 88
63 93
63 94
63 103
63 109
63 113
63 121
63 124
63 126
63 127
63 131
63 133
63 136
63 140
63 142
63 144
63 149
64 71
64 73
64 79
64 89
64 91
64 95
64 102
64 107
64 110
64 115
64 124
64 127
64 128
64 137
64 147
64 149
65 68
65 69
65 78
65 80
65 86
65 87
65 89
65 95
65 97
65 102
65 104
65 105
65 108
65 114
65 126
65 132
65 135
65 138
66 78
66 83
66 87
66 92
66 96
66 98
66 101
66 102
66 107
66 117
66 130
66 134
67 68
67 71
67 74
67 79
67 80
67 83
67 91
67 92
67 93
67 98
67 109
67 119
67 120
67 121
67 128
67 134
67 140
67 144
67 149
68 72
68 75
68 79
68 84
68 90
68 95
68 97
68 100
68 105
68 108
68 112
68 116
68 119
68 132
68 133
68 134
68 138
68 140
68 145
68 147
68 148
69 73
69 77
69 83
69 91
69 97
69 99
69 106
69 109
69 113
69 115
69 116
69 120
69 122
69 123
69 125
69 131
69 139
69 140
69 144
69 145
69 147
70 71
70 77
70 78
70 81
70 89
70 103
70 108
70 109
70 114
70 116
70 122
70 125
70 128
70 130
70 131
70 141
70 143
70 146
71 78
71 80
71 82
71 84
71 85
71 86
71 95
71 97
71 100
71 104
71 106
71 107
71 116
71 125
71 126
71 131
71 133
71 139
71 141
71 147
71 148
71 149
72 78
72 80
72 82
72 90
72 108
72 109
72 116
72 117
72 118
72 119
72 122
72 132
72 133
72 135
72 138
72 148
73 75
73 78
73 79
73 83
73 84
73 86
73 93
73 96
73 98
73 106
73 118
73 121
73 125
73 132
73 136
73 137
73 141
73 143
73 147
73 148
74 81
74 85
74 91
74 94
74 101
74 102
74 106
74 110
74 113
74 122
74 128
74 134
74 135
74 139
74 140
74 141
74 148
75 82
75 84
75 86
75 89
75 96
75 103
75 107
75 111
75 121
75 123
75 129
75 131
75 132
75 135
75 136
75 138
75 139
75 141
75 149
76 82
76 89
76 95
76 96
76 104
76 108
76 112
76 113
76 115
76 119
76 120
76 127
76 133
76 143
76 149
77 88
77 95
77 99
77 104
77 105
77 106
77 116
77 130
77 143
77 148
78 92
78 95
78 98
78 105
78 113
78 114
78 119
78 123
78 126
78 128
78 129
78 136
78 145
78 147
78 148
79 81
79 85
79 91
79 93
79 95
79 96
79 99
79 109
79 115
79 118
79 123
79 128
79 130
79 131
79 133
79 139
79 144
79 149
80 87
80 89
80 91
80 94
80 98
80 106
80 107
80 109
80 110
80 116
80 122
80 130
80 131
80 141
80 146
80 147
81 82
81 83
81 86
81 91
81 95
81 96
81 100
81 103
81 114
81 116
81 121
81 126
81 127
81 133
81 145
81 149
82 83
82 88
82 89
82 94
82 95
82 97
82 101
82 102
82 103
82 108
82 121
82 122
82 123
82 124
82 129
82 132
82 133
82 135
82 136
82 141
83 91
83 94
83 108
83 111
83 138
83 140
83 145
83 146
83 147
83 148
84 87
84 93
84 107
84 116
84 117
84 118
84 123
84 127
84 132
84 133
84 142
85 93
85 94
85 118
85 122
85 123
85 132
85 135
85 139
85 146
85 149
86 89
86 93
86 94
86 108
86 109
86 121
86 133
86 135
86 139
86 143
86 145
86 149
87 96
87 97
87 99
87 100
87 105
87 106
87 107
87 112
87 116
87 127
87 129
87 134
87 136
87 138
87 143
87 144
88 91
88 93
88 106
88 107
88 108
88 110
88 119
88 121
88 126
88 133
88 135
88 136
88 145
88 149
89 93
89 94
89 97
89 98
89 100
89 104
89 105
89 120
89 137
89 145
89 148
90 104
90 109
90 112
90 113
90 120
90 125
90 127
90 129
90 131
90 134
90 141
90 146
91 94
91 103
91 106
91 124
91 126
91 135
91 145
91 148
91 149
92 108
92 109
92 118
92 123
92 141
92 145
92 149
93 101
93 102
93 106
93 108
93 109
93 111
93 116
93 131
93 132
93 136
93 140
93 146
93 148
94 96
94 99
94 102
94 111
94 118
94 130
94 134
94 135
94 142
94 147
94 148
95 105
95 106
95 111
95 124
95 133
95 137
95 144
95 149
96 103
96 112
96 113
96 119
96 134
96 141
96 142
96 148
97 104
97 111
97 118
97 129
97 132
97 136
98 113
98 115
98 116
98 124
98 127
98 132
98 134
98 135
99 107
99 108
99 114
99 115
99 119
99 124
99 125
99 145
99 146
99 147
100 101
100 105
100 108
100 113
100 118
100 124
100 134
100 141
100 143
100 148
101 102
101 110
101 111
101 112
101 117
101 128
101 132
102 112
102 113
102 116
102 123
102 132
102 133
103 112
103 113
103 127
103 133
103 136
103 139
103 141
104 110
104 132
104 133
104 139
104 143
104 146
105 108
105 110
105 113
105 120
105 125
105 127
105 131
105 141
105 145
105 147
106 107
106 113
106 114
106 115
106 116
106 120
106 121
106 126
106 129
106 131
106 134
106 137
106 140
106 144
107 108
107 111
107 117
107 118
107 119
107 120
107 131
107 133
107 136
107 137
107 138
107 140
107 141
107 142
108 111
108 113
108 123
108 125
108 126
108 135
108 145
109 121
109 124
109 125
109 127
109 131
109 133
109 134
109 136
109 139
109 144
109 145
109 148
110 118
110 121
110 123
110 125
110 133
110 134
110 136
110 140
110 141
110 142
110 149
111 112
111 114
111 118
111 125
111 128
111 144
111 145
112 119
112 121
112 126
112 127
112 134
112 135
112 138
112 142
112 145
113 116
113 119
113 122
113 144
113 148
114 117
114 118
114 120
114 125
114 126
114 128
114 129
114 131
114 132
114 135
114 140
114 149
115 116
115 121
115 124
115 135
115 139
115 142
115 145
115 146
115 149
116 117
116 121
116 122
116 135
116 143
116 147
116 149
117 122
117 124
117 127
117 129
117 139
117 141
117 146
117 147
118 130
118 132
118 133
118 140
118 143
119 125
119 132
119 133
119 139
119 140
120 126
120 127
120 138
120 139
121 122
121 129
121 136
121 140
121 145
122 124
122 129
122 134
122 143
122 145
123 125
123 126
123 127
123 130
123 139
123 146
123 147
124 125
124 126
124 134
124 143
124 145
124 148
125 137
125 148
126 137
126 141
126 148
127 129
127 131
127 138
128 137
128 139
128 146
128 149
129 132
129 133
129 137
129 146
130 135
130 137
130 140
130 142
131 132
131 133
131 134
131 135
131 137
131 139
131 143
131 147
132 136
132 139
132 146
132 147
132 148
132 149
133 136
133 144
133 145
134 140
135 148
135 149
136 141
136 146
137 145
137 146
137 149
138 144
138 145
138 148
139 143
139 145
140 141
140 143
141 143
141 145
142 144
142 146
143 146
143 149
144 145
145 147
147 149
23 108 133 76 61 79 30 25 22 128 134 64 69 122 116 132 11 123 4 2 66 129 82 109 53 80 138 92 1 75
124 3 42 62 105 89 67 44 52 58 45 31 46 70 149 145 118 85 88 43 14 86 97 102 16 106 37 91 140 98
119 47 28 139 29 101 34 95 107 41 84 19 81 146 136 65 9 73 57 60 40 54 55 135 104 93 5 33 130 103
51 6 137 144 12 50 148 96 72 87 48 63 114 59 7 115 78 143 110 35 0 117 56 24 13 17 99 26 32 127
8 15 68 111 113 90 39 112 142 141 120 18 94 27 21 131 126 83 36 20 71 10 77 147 121 49 125 100 74 38
