120
2852
5
35.52
5.47
12.01
41.63
40.54
0 2
0 6
0 7
0 8
0 11
0 12
0 14
0 15
0 18
0 22
0 24
0 25
0 29
0 32
0 36
0 37
0 39
0 40
0 41
0 43
0 44
0 54
0 55
0 60
0 64
0 66
0 67
0 70
0 72
0 76
0 83
0 84
0 89
0 90
0 93
0 96
0 99
0 100
0 101
0 102
0 103
0 104
0 105
0 110
0 112
0 114
0 118
1 2
1 5
1 6
1 7
1 14
1 20
1 22
1 24
1 27
1 28
1 30
1 33
1 35
1 37
1 43
1 45
1 47
1 48
1 49
1 52
1 54
1 55
1 56
1 57
1 59
1 61
1 66
1 68
1 69
1 70
1 80
1 86
1 89
1 90
1 91
1 96
1 97
1 103
1 106
1 109
1 113
1 115
1 116
1 119
2 4
2 5
2 12
2 13
2 17
2 20
2 22
2 25
2 26
2 27
2 29
2 39
2 41
2 43
2 44
2 46
2 48
2 49
2 51
2 52
2 55
2 60
2 62
2 66
2 67
2 68
2 70
2 72
2 74
2 78
2 81
2 83
2 86
2 87
2 90
2 92
2 94
2 95
2 97
2 98
2 99
2 102
2 103
2 104
2 108
2 110
2 112
2 117
2 118
3 6
3 7
3 9
3 10
3 12
3 13
3 15
3 20
3 21
3 23
3 26
3 27
3 31
3 39
3 42
3 43
3 44
3 47
3 49
3 50
3 54
3 56
3 59
3 60
3 63
3 65
3 66
3 67
3 68
3 71
3 72
3 77
3 78
3 82
3 83
3 84
3 87
3 89
3 91
3 93
3 96
3 99
3 100
3 102
3 103
3 108
3 109
3 110
3 112
3 114
3 115
4 5
4 7
4 8
4 13
4 14
4 16
4 19
4 20
4 21
4 27
4 28
4 29
4 35
4 37
4 41
4 42
4 52
4 54
4 57
4 59
4 60
4 62
4 71
4 73
4 75
4 76
4 77
4 78
4 85
4 86
4 89
4 90
4 95
4 97
4 98
4 99
4 100
4 101
4 105
4 109
4 110
4 112
4 113
4 118
4 119
5 8
5 14
5 15
5 19
5 20
5 24
5 27
5 28
5 31
5 32
5 35
5 39
5 40
5 43
5 46
5 49
5 51
5 52
5 53
5 55
5 57
5 58
5 65
5 66
5 68
5 71
5 76
5 79
5 80
5 81
5 83
5 89
5 92
5 93
5 96
5 97
5 98
5 99
5 100
5 105
5 106
5 107
5 108
5 112
5 113
5 116
5 118
5 119
6 8
6 9
6 14
6 15
6 20
6 21
6 22
6 23
6 24
6 25
6 27
6 29
6 30
6 31
6 35
6 37
6 45
6 48
6 49
6 50
6 51
6 53
6 59
6 64
6 66
6 67
6 69
6 70
6 77
6 78
6 79
6 83
6 85
6 86
6 91
6 97
6 98
6 99
6 102
6 107
6 108
6 112
6 113
6 114
6 118
6 119
7 9
7 11
7 12
7 13
7 14
7 15
7 18
7 19
7 21
7 23
7 24
7 26
7 29
7 30
7 31
7 33
7 36
7 37
7 39
7 42
7 43
7 45
7 49
7 52
7 53
7 58
7 62
7 63
7 65
7 66
7 67
7 69
7 72
7 73
7 74
7 76
7 80
7 83
7 87
7 89
7 92
7 96
7 97
7 99
7 100
7 104
7 106
7 111
7 113
7 114
7 117
7 118
7 119
8 11
8 13
8 20
8 21
8 22
8 26
8 27
8 35
8 36
8 37
8 38
8 44
8 47
8 50
8 51
8 52
8 54
8 55
8 58
8 60
8 61
8 62
8 69
8 71
8 75
8 80
8 84
8 87
8 88
8 90
8 93
8 94
8 98
8 99
8 101
8 108
8 109
8 110
8 111
8 112
8 113
8 119
9 10
9 14
9 15
9 17
9 18
9 19
9 20
9 21
9 22
9 23
9 25
9 28
9 30
9 32
9 35
9 37
9 40
9 51
9 52
9 53
9 55
9 56
9 58
9 61
9 66
9 68
9 70
9 71
9 72
9 74
9 75
9 79
9 80
9 90
9 91
9 93
9 96
9 97
9 106
9 108
9 110
9 111
9 113
10 13
10 14
10 18
10 23
10 24
10 29
10 32
10 34
10 35
10 36
10 38
10 39
10 40
10 43
10 45
10 46
10 51
10 58
10 62
10 65
10 66
10 67
10 68
10 76
10 77
10 81
10 82
10 88
10 90
10 91
10 97
10 108
10 109
10 110
10 114
10 117
11 12
11 21
11 23
11 24
11 26
11 29
11 30
11 31
11 33
11 34
11 40
11 45
11 46
11 49
11 51
11 52
11 55
11 57
11 59
11 60
11 62
11 64
11 65
11 67
11 68
11 70
11 74
11 76
11 77
11 83
11 84
11 92
11 95
11 96
11 97
11 104
11 108
11 109
11 115
11 118
12 14
12 16
12 19
12 20
12 21
12 22
12 24
12 25
12 27
12 28
12 32
12 34
12 38
12 39
12 41
12 44
12 45
12 46
12 50
12 54
12 55
12 57
12 60
12 61
12 62
12 68
12 71
12 72
12 74
12 77
12 79
12 83
12 84
12 87
12 89
12 91
12 94
12 95
12 96
12 97
12 98
12 99
12 101
12 102
12 103
12 105
12 106
12 107
12 116
12 118
12 119
13 14
13 17
13 19
13 20
13 21
13 23
13 24
13 26
13 29
13 34
13 36
13 37
13 39
13 40
13 42
13 45
13 47
13 49
13 51
13 52
13 54
13 60
13 64
13 65
13 67
13 72
13 77
13 78
13 81
13 84
13 86
13 87
13 92
13 94
13 100
13 101
13 103
13 108
13 109
13 113
13 114
13 115
13 118
14 22
14 23
14 30
14 37
14 39
14 40
14 41
14 42
14 45
14 46
14 51
14 52
14 56
14 58
14 59
14 62
14 69
14 71
14 72
14 73
14 76
14 78
14 79
14 80
14 82
14 83
14 84
14 86
14 87
14 90
14 91
14 93
14 97
14 99
14 100
14 102
14 106
14 113
14 116
14 119
15 16
15 17
15 20
15 21
15 22
15 24
15 27
15 30
15 33
15 34
15 35
15 37
15 38
15 39
15 41
15 44
15 47
15 48
15 49
15 50
15 55
15 57
15 58
15 60
15 61
15 62
15 64
15 67
15 68
15 69
15 71
15 72
15 75
15 79
15 80
15 82
15 83
15 84
15 85
15 94
15 95
15 96
15 97
15 107
15 108
15 110
15 114
15 115
15 117
16 19
16 21
16 22
16 23
16 30
16 36
16 38
16 40
16 41
16 42
16 45
16 47
16 48
16 49
16 51
16 53
16 54
16 60
16 66
16 68
16 69
16 73
16 74
16 77
16 82
16 83
16 85
16 86
16 95
16 97
16 102
16 104
16 105
16 109
16 110
16 112
16 113
16 115
16 116
16 117
16 119
17 19
17 20
17 21
17 23
17 24
17 31
17 32
17 40
17 41
17 42
17 49
17 51
17 53
17 58
17 59
17 61
17 63
17 65
17 66
17 67
17 69
17 76
17 78
17 84
17 85
17 86
17 93
17 96
17 97
17 98
17 99
17 109
17 112
17 115
18 22
18 24
18 25
18 30
18 32
18 33
18 35
18 37
18 38
18 40
18 44
18 45
18 47
18 51
18 54
18 60
18 65
18 66
18 68
18 72
18 73
18 76
18 82
18 83
18 85
18 86
18 89
18 90
18 91
18 98
18 99
18 104
18 107
18 109
18 112
18 119
19 20
19 22
19 25
19 27
19 28
19 30
19 32
19 36
19 39
19 40
19 43
19 44
19 57
19 60
19 62
19 65
19 66
19 67
19 68
19 69
19 71
19 72
19 73
19 75
19 76
19 78
19 81
19 82
19 83
19 84
19 85
19 91
19 92
19 93
19 95
19 96
19 98
19 99
19 101
19 103
19 109
19 112
19 116
19 117
20 23
20 24
20 25
20 26
20 27
20 29
20 32
20 33
20 36
20 38
20 40
20 44
20 49
20 51
20 53
20 54
20 55
20 56
20 57
20 58
20 60
20 61
20 67
20 73
20 75
20 80
20 81
20 82
20 83
20 86
20 87
20 88
20 92
20 95
20 97
20 99
20 101
20 102
20 104
20 106
20 107
20 109
20 110
20 112
20 113
20 114
20 115
20 116
20 117
20 118
20 119
21 22
21 24
21 25
21 30
21 32
21 33
21 37
21 39
21 40
21 44
21 46
21 54
21 61
21 72
21 74
21 81
21 83
21 85
21 88
21 90
21 91
21 93
21 95
21 99
21 107
21 108
21 110
21 111
21 115
22 23
22 28
22 29
22 30
22 33
22 38
22 39
22 42
22 44
22 46
22 51
22 53
22 61
22 62
22 63
22 70
22 71
22 77
22 78
22 79
22 82
22 83
22 88
22 89
22 91
22 93
22 95
22 97
22 99
22 100
22 102
22 104
22 105
22 108
22 109
23 31
23 32
23 34
23 36
23 37
23 40
23 44
23 45
23 52
23 53
23 57
23 58
23 59
23 62
23 67
23 68
23 71
23 74
23 76
23 77
23 78
23 84
23 86
23 87
23 90
23 91
23 93
23 96
23 97
23 99
23 103
23 107
23 110
23 111
23 113
23 115
24 26
24 27
24 29
24 33
24 46
24 47
24 48
24 50
24 57
24 59
24 60
24 63
24 67
24 70
24 74
24 75
24 78
24 79
24 82
24 86
24 88
24 89
24 90
24 91
24 93
24 94
24 95
24 98
24 100
24 104
24 106
24 108
24 111
24 116
25 28
25 32
25 33
25 35
25 36
25 37
25 39
25 41
25 43
25 53
25 54
25 56
25 57
25 60
25 68
25 69
25 74
25 76
25 77
25 84
25 85
25 87
25 88
25 91
25 92
25 93
25 95
25 106
25 108
25 109
25 110
25 111
25 114
25 115
25 116
25 118
25 119
26 28
26 35
26 37
26 39
26 43
26 44
26 45
26 46
26 47
26 49
26 53
26 55
26 57
26 59
26 60
26 63
26 64
26 68
26 70
26 71
26 73
26 76
26 77
26 79
26 80
26 81
26 82
26 88
26 90
26 93
26 94
26 95
26 97
26 99
26 100
26 103
26 107
26 108
26 109
26 112
26 113
26 117
26 119
27 31
27 34
27 35
27 36
27 37
27 40
27 43
27 44
27 45
27 49
27 55
27 58
27 61
27 65
27 67
27 72
27 75
27 76
27 77
27 81
27 82
27 85
27 88
27 89
27 90
27 95
27 98
27 99
27 100
27 102
27 108
27 113
27 114
27 115
27 116
28 30
28 31
28 32
28 39
28 40
28 41
28 47
28 50
28 51
28 55
28 61
28 62
28 63
28 64
28 65
28 68
28 69
28 77
28 79
28 80
28 81
28 83
28 85
28 86
28 87
28 89
28 92
28 93
28 96
28 99
28 100
28 101
28 105
28 106
28 109
28 115
28 117
28 118
28 119
29 30
29 34
29 36
29 40
29 41
29 42
29 43
29 44
29 45
29 46
29 47
29 49
29 51
29 55
29 57
29 59
29 62
29 63
29 65
29 68
29 69
29 71
29 72
29 74
29 75
29 78
29 81
29 88
29 93
29 107
29 108
29 109
29 112
29 113
29 115
29 116
29 117
30 31
30 32
30 33
30 37
30 38
30 39
30 43
30 50
30 51
30 55
30 60
30 64
30 66
30 71
30 72
30 79
30 80
30 81
30 86
30 88
30 91
30 95
30 96
30 99
30 100
30 102
30 108
30 110
30 115
31 37
31 39
31 41
31 43
31 44
31 46
31 47
31 48
31 49
31 50
31 52
31 55
31 57
31 59
31 60
31 64
31 66
31 67
31 69
31 71
31 72
31 74
31 76
31 79
31 81
31 83
31 84
31 85
31 86
31 88
31 89
31 90
31 93
31 94
31 98
31 99
31 101
31 104
31 109
31 111
31 113
31 114
32 34
32 38
32 40
32 41
32 42
32 43
32 46
32 48
32 50
32 51
32 52
32 54
32 60
32 63
32 64
32 66
32 67
32 75
32 76
32 79
32 81
32 82
32 85
32 88
32 96
32 97
32 98
32 101
32 108
32 109
32 111
32 112
32 114
32 115
32 116
33 36
33 37
33 40
33 46
33 50
33 52
33 54
33 56
33 62
33 63
33 64
33 68
33 70
33 73
33 74
33 79
33 81
33 82
33 85
33 88
33 90
33 101
33 103
33 106
33 108
33 111
34 35
34 36
34 38
34 40
34 41
34 42
34 44
34 47
34 50
34 51
34 54
34 58
34 62
34 65
34 66
34 68
34 70
34 71
34 72
34 73
34 78
34 82
34 86
34 87
34 88
34 90
34 93
34 94
34 96
34 97
34 98
34 100
34 101
34 102
34 103
34 104
34 106
34 109
34 114
34 115
34 116
34 119
35 37
35 38
35 40
35 42
35 43
35 44
35 46
35 49
35 52
35 53
35 54
35 55
35 56
35 61
35 63
35 65
35 66
35 70
35 73
35 75
35 79
35 80
35 81
35 82
35 85
35 88
35 89
35 95
35 97
35 99
35 100
35 101
35 102
35 109
35 113
35 114
35 118
36 37
36 38
36 39
36 40
36 42
36 44
36 45
36 47
36 48
36 49
36 52
36 54
36 55
36 59
36 61
36 63
36 67
36 68
36 72
36 73
36 74
36 75
36 77
36 79
36 80
36 83
36 86
36 87
36 88
36 93
36 101
36 103
36 104
36 106
36 107
36 111
36 112
36 113
36 118
37 42
37 46
37 48
37 52
37 54
37 55
37 56
37 59
37 61
37 62
37 65
37 66
37 67
37 68
37 70
37 77
37 79
37 80
37 85
37 87
37 95
37 100
37 101
37 106
37 107
37 108
37 115
37 116
37 118
37 119
38 39
38 40
38 41
38 42
38 46
38 47
38 49
38 53
38 57
38 61
38 62
38 65
38 66
38 67
38 69
38 70
38 72
38 73
38 78
38 82
38 83
38 84
38 85
38 87
38 88
38 89
38 90
38 92
38 93
38 98
38 101
38 103
38 106
38 108
38 111
38 113
38 114
38 115
38 117
38 119
39 49
39 56
39 59
39 62
39 64
39 66
39 69
39 70
39 71
39 73
39 75
39 76
39 77
39 81
39 82
39 84
39 85
39 87
39 89
39 90
39 91
39 92
39 93
39 96
39 100
39 102
39 105
39 106
39 107
39 112
39 113
39 117
39 118
39 119
40 41
40 43
40 44
40 45
40 49
40 50
40 53
40 55
40 58
40 62
40 64
40 67
40 68
40 69
40 70
40 71
40 72
40 73
40 78
40 82
40 84
40 86
40 88
40 89
40 90
40 91
40 92
40 93
40 95
40 96
40 97
40 100
40 102
40 106
40 110
40 113
40 114
40 117
40 118
40 119
41 42
41 43
41 44
41 49
41 50
41 52
41 67
41 68
41 71
41 73
41 75
41 76
41 78
41 81
41 83
41 84
41 87
41 88
41 93
41 94
41 97
41 101
41 106
41 109
41 117
41 119
42 44
42 48
42 52
42 55
42 56
42 59
42 66
42 75
42 79
42 81
42 82
42 84
42 85
42 86
42 88
42 91
42 97
42 99
42 100
42 101
42 102
42 104
42 106
42 111
42 115
42 117
42 118
43 51
43 52
43 53
43 57
43 58
43 59
43 61
43 64
43 67
43 69
43 74
43 79
43 84
43 86
43 87
43 89
43 90
43 95
43 96
43 97
43 98
43 101
43 102
43 105
43 114
43 115
43 116
43 117
44 45
44 47
44 48
44 49
44 55
44 56
44 58
44 59
44 61
44 64
44 67
44 70
44 73
44 74
44 75
44 82
44 83
44 90
44 91
44 93
44 100
44 102
44 104
44 111
44 114
44 115
44 116
44 119
45 47
45 48
45 52
45 54
45 55
45 59
45 63
45 65
45 68
45 70
45 71
45 73
45 75
45 79
45 80
45 81
45 82
45 84
45 92
45 93
45 94
45 96
45 97
45 98
45 105
45 111
45 113
45 116
45 118
46 50
46 54
46 60
46 61
46 64
46 65
46 67
46 68
46 71
46 73
46 78
46 79
46 80
46 85
46 87
46 88
46 89
46 90
46 95
46 97
46 100
46 102
46 105
46 106
46 108
46 112
46 114
46 116
46 118
46 119
47 49
47 52
47 53
47 58
47 65
47 67
47 68
47 70
47 71
47 72
47 81
47 82
47 83
47 85
47 89
47 90
47 92
47 93
47 99
47 100
47 101
47 102
47 103
47 110
47 112
47 114
47 118
48 51
48 54
48 60
48 62
48 63
48 68
48 73
48 76
48 79
48 80
48 82
48 83
48 84
48 88
48 89
48 94
48 97
48 98
48 100
48 102
48 103
48 104
48 105
48 106
48 107
48 108
48 111
48 116
48 117
49 50
49 52
49 53
49 55
49 56
49 57
49 59
49 61
49 62
49 63
49 64
49 70
49 72
49 74
49 75
49 77
49 78
49 80
49 82
49 83
49 84
49 85
49 86
49 90
49 93
49 94
49 95
49 96
49 98
49 99
49 101
49 104
49 105
49 107
49 109
49 110
49 112
49 115
49 117
49 119
50 51
50 52
50 55
50 60
50 62
50 63
50 72
50 73
50 74
50 77
50 79
50 83
50 85
50 87
50 90
50 92
50 96
50 97
50 100
50 102
50 103
50 107
50 110
50 111
50 114
50 117
50 119
51 54
51 58
51 60
51 61
51 65
51 68
51 71
51 72
51 73
51 74
51 75
51 77
51 78
51 81
51 82
51 86
51 90
51 91
51 93
51 94
51 99
51 101
51 104
51 106
51 107
51 108
51 109
52 53
52 54
52 56
52 57
52 58
52 59
52 60
52 62
52 64
52 67
52 70
52 77
52 82
52 84
52 87
52 88
52 89
52 91
52 97
52 101
52 102
52 103
52 105
52 109
52 115
52 116
52 117
52 118
53 56
53 58
53 59
53 60
53 64
53 65
53 67
53 68
53 78
53 80
53 81
53 85
53 86
53 88
53 97
53 99
53 101
53 102
53 104
53 105
53 109
53 115
53 116
53 118
54 55
54 57
54 58
54 59
54 61
54 65
54 70
54 74
54 75
54 76
54 79
54 81
54 82
54 84
54 88
54 94
54 98
54 99
54 101
54 103
54 104
54 105
54 106
54 107
54 109
54 110
54 112
54 116
54 117
54 119
55 56
55 57
55 58
55 61
55 71
55 74
55 76
55 78
55 80
55 81
55 83
55 86
55 89
55 92
55 96
55 100
55 103
55 104
55 105
55 106
55 108
55 112
55 115
55 116
55 117
55 118
56 59
56 64
56 72
56 74
56 75
56 79
56 80
56 82
56 83
56 84
56 86
56 87
56 88
56 91
56 96
56 99
56 100
56 101
56 102
56 105
56 106
56 108
56 109
57 58
57 65
57 66
57 67
57 73
57 74
57 75
57 82
57 86
57 87
57 88
57 89
57 92
57 93
57 94
57 96
57 103
57 105
57 106
57 108
57 111
57 113
57 115
58 59
58 60
58 61
58 64
58 65
58 66
58 68
58 81
58 84
58 87
58 90
58 91
58 93
58 97
58 100
58 103
58 106
58 107
58 110
58 113
58 117
59 60
59 61
59 65
59 66
59 68
59 70
59 73
59 74
59 75
59 80
59 82
59 86
59 87
59 90
59 94
59 96
59 97
59 98
59 99
59 100
59 101
59 103
59 107
59 111
59 114
59 116
59 117
60 63
60 69
60 75
60 76
60 80
60 82
60 85
60 86
60 93
60 96
60 98
60 108
60 109
60 110
60 111
60 113
60 114
60 117
60 118
61 62
61 65
61 66
61 68
61 69
61 72
61 73
61 75
61 76
61 80
61 81
61 82
61 84
61 89
61 92
61 94
61 96
61 104
61 105
61 107
61 108
61 109
61 111
61 115
62 63
62 64
62 68
62 71
62 73
62 76
62 80
62 82
62 83
62 87
62 89
62 90
62 98
62 102
62 103
62 105
62 107
62 110
62 115
62 118
63 70
63 72
63 73
63 75
63 76
63 78
63 80
63 84
63 92
63 93
63 98
63 100
63 105
63 106
63 107
63 108
63 110
63 113
63 114
64 65
64 68
64 70
64 77
64 78
64 79
64 80
64 83
64 85
64 88
64 90
64 91
64 98
64 99
64 100
64 101
64 108
64 111
64 113
64 114
64 116
64 119
65 66
65 67
65 70
65 73
65 74
65 75
65 78
65 79
65 80
65 86
65 88
65 92
65 93
65 94
65 97
65 100
65 103
65 105
65 112
65 113
65 116
66 68
66 69
66 74
66 76
66 79
66 88
66 89
66 90
66 96
66 99
66 107
66 108
66 111
66 112
66 114
66 115
66 116
67 69
67 70
67 74
67 75
67 76
67 78
67 81
67 82
67 86
67 88
67 92
67 94
67 95
67 96
67 98
67 103
67 104
67 105
67 107
67 114
67 117
67 119
68 70
68 73
68 74
68 76
68 80
68 81
68 88
68 91
68 93
68 98
68 99
68 102
68 103
68 105
68 108
68 109
68 111
68 112
68 113
68 115
68 117
69 76
69 77
69 78
69 79
69 82
69 83
69 85
69 88
69 89
69 91
69 92
69 94
69 95
69 99
69 100
69 106
69 111
69 112
69 113
69 114
69 117
69 119
70 72
70 73
70 79
70 80
70 83
70 85
70 86
70 90
70 100
70 103
70 104
70 105
70 106
70 107
70 109
70 112
70 116
70 119
71 72
71 73
71 76
71 77
71 81
71 82
71 84
71 86
71 88
71 90
71 92
71 93
71 94
71 96
71 97
71 99
71 100
71 101
71 103
71 104
71 106
71 107
71 112
71 115
71 117
71 119
72 77
72 78
72 79
72 80
72 83
72 84
72 85
72 88
72 91
72 94
72 97
72 98
72 99
72 102
72 103
72 105
72 109
72 111
72 112
73 81
73 83
73 87
73 90
73 92
73 98
73 99
73 100
73 101
73 102
73 103
73 104
73 106
73 107
73 109
73 110
73 113
73 117
73 118
73 119
74 81
74 83
74 85
74 86
74 99
74 100
74 102
74 107
74 119
75 77
75 78
75 81
75 82
75 84
75 89
75 91
75 94
75 97
75 99
75 101
75 104
75 105
75 106
75 107
75 109
75 115
75 116
75 119
76 79
76 83
76 88
76 92
76 93
76 95
76 102
76 109
76 110
76 113
76 116
76 119
77 78
77 80
77 81
77 83
77 84
77 85
77 86
77 88
77 90
77 91
77 93
77 95
77 97
77 99
77 101
77 103
77 106
77 108
77 109
77 110
77 116
77 119
78 85
78 86
78 91
78 92
78 93
78 96
78 97
78 99
78 101
78 103
78 104
78 106
78 114
78 118
78 119
79 81
79 83
79 84
79 85
79 91
79 92
79 93
79 94
79 95
79 96
79 97
79 101
79 103
79 108
79 111
79 113
79 118
80 82
80 85
80 86
80 87
80 91
80 95
80 101
80 103
80 104
80 105
80 106
80 107
80 108
80 109
80 113
80 115
80 116
80 119
81 83
81 85
81 89
81 90
81 91
81 92
81 93
81 94
81 96
81 98
81 100
81 103
81 105
81 107
81 109
81 111
81 113
81 114
81 115
81 116
81 117
82 83
82 84
82 93
82 94
82 95
82 96
82 99
82 100
82 101
82 107
82 110
82 111
82 112
82 114
82 116
82 119
83 85
83 87
83 92
83 94
83 102
83 103
83 104
83 105
83 108
83 109
84 86
84 87
84 90
84 91
84 92
84 93
84 100
84 101
84 103
84 107
84 117
84 118
85 87
85 94
85 104
85 110
85 112
85 114
85 115
85 117
85 119
86 88
86 89
86 90
86 93
86 95
86 96
86 98
86 99
86 101
86 102
86 104
86 107
86 111
86 113
86 118
86 119
87 90
87 94
87 98
87 100
87 105
87 106
87 109
87 112
87 113
87 115
88 90
88 94
88 107
88 115
89 90
89 91
89 94
89 95
89 100
89 105
89 107
89 108
89 111
89 112
89 118
90 94
90 99
90 109
90 110
90 115
90 118
91 92
91 95
91 96
91 97
91 98
91 103
91 104
91 106
91 108
91 109
91 110
91 112
91 117
91 119
92 95
92 96
92 98
92 103
92 105
92 106
92 107
92 111
92 115
92 118
92 119
93 94
93 96
93 98
93 105
93 106
93 115
93 118
93 119
94 95
94 96
94 97
94 98
94 103
94 104
94 107
94 112
94 119
95 98
95 99
95 100
95 104
95 109
95 111
95 112
95 113
95 115
95 117
95 118
96 98
96 100
96 104
96 106
96 107
96 108
96 111
96 112
96 114
96 115
96 118
96 119
97 99
97 100
97 102
97 103
97 104
97 115
97 116
97 117
97 119
98 99
98 102
98 107
98 109
98 110
98 112
98 115
98 117
99 101
99 110
99 111
99 112
99 116
99 117
100 102
100 104
100 105
100 107
100 111
100 114
100 115
100 116
100 118
100 119
101 103
101 105
101 106
101 110
101 112
101 115
102 105
102 108
102 112
102 114
102 118
102 119
103 105
103 106
103 109
103 117
103 119
104 107
104 108
104 110
104 118
105 107
105 108
105 110
105 111
105 113
105 117
106 107
106 109
106 113
106 114
106 117
107 112
107 114
107 115
107 117
108 109
109 110
109 111
109 113
109 115
109 118
109 119
110 117
110 118
110 119
111 113
111 117
112 113
112 116
112 117
112 119
113 115
113 116
113 117
114 115
114 117
114 118
115 116
115 117
115 119
116 117
116 119
117 118
118 119
32 93 19 47 53 116 50 45 8 118 82 4 62 59 111 86 112 35 83 78 113 6 17 10
23 11 48 25 42 115 54 56 106 28 95 0 18 16 75 36 61 60 14 114 117 9 38 30
39 96 73 64 29 49 101 21 34 5 67 90 24 26 66 13 63 104 2 12 84 80 43 74
103 72 109 105 37 119 22 44 76 107 98 46 108 52 87 3 70 110 55 100 57 65 88 99
85 94 69 102 20 68 7 41 51 77 81 1 89 33 40 97 58 79 91 92 71 31 15 27
