190
10764
4
40.67
28.04
89.0
69.18
0 1
0 2
0 5
0 9
0 11
0 12
0 13
0 14
0 15
0 18
0 20
0 21
0 23
0 26
0 28
0 29
0 36
0 39
0 40
0 42
0 43
0 44
0 49
0 51
0 53
0 54
0 55
0 57
0 58
0 59
0 60
0 61
0 63
0 64
0 65
0 66
0 68
0 70
0 71
0 73
0 75
0 76
0 80
0 81
0 84
0 85
0 88
0 92
0 93
0 95
0 97
0 98
0 99
0 100
0 102
0 103
0 104
0 106
0 108
0 110
0 111
0 115
0 116
0 118
0 119
0 121
0 122
0 123
0 124
0 125
0 128
0 130
0 131
0 132
0 136
0 141
0 142
0 143
0 144
0 146
0 147
0 148
0 149
0 150
0 152
0 153
0 154
0 156
0 157
0 158
0 160
0 161
0 163
0 165
0 166
0 167
0 168
0 170
0 171
0 172
0 175
0 176
0 177
0 182
0 183
0 184
0 185
0 186
0 189
1 3
1 6
1 7
1 10
1 11
1 12
1 13
1 14
1 15
1 17
1 19
1 20
1 24
1 25
1 26
1 27
1 29
1 31
1 32
1 35
1 36
1 43
1 44
1 45
1 46
1 47
1 49
1 51
1 52
1 53
1 55
1 57
1 60
1 62
1 65
1 66
1 68
1 69
1 72
1 73
1 74
1 75
1 76
1 78
1 80
1 84
1 85
1 87
1 88
1 89
1 90
1 91
1 93
1 94
1 97
1 100
1 103
1 106
1 107
1 108
1 109
1 112
1 115
1 118
1 119
1 122
1 123
1 124
1 125
1 126
1 127
1 128
1 129
1 130
1 132
1 133
1 134
1 135
1 137
1 139
1 142
1 144
1 147
1 149
1 150
1 153
1 155
1 156
1 159
1 160
1 163
1 165
1 166
1 167
1 168
1 169
1 170
1 172
1 173
1 174
1 175
1 176
1 177
1 178
1 179
1 182
1 183
1 189
2 5
2 7
2 8
2 9
2 11
2 12
2 15
2 20
2 22
2 25
2 27
2 30
2 32
2 33
2 34
2 35
2 36
2 39
2 42
2 43
2 44
2 45
2 46
2 47
2 49
2 54
2 55
2 56
2 57
2 58
2 59
2 60
2 62
2 63
2 64
2 66
2 67
2 68
2 69
2 72
2 75
2 79
2 81
2 82
2 84
2 85
2 88
2 90
2 91
2 94
2 95
2 96
2 98
2 99
2 100
2 101
2 103
2 105
2 108
2 110
2 115
2 117
2 118
2 119
2 120
2 121
2 122
2 124
2 125
2 126
2 128
2 130
2 131
2 135
2 136
2 137
2 138
2 140
2 141
2 143
2 148
2 149
2 150
2 154
2 156
2 158
2 159
2 162
2 163
2 167
2 169
2 170
2 171
2 172
2 174
2 175
2 176
2 177
2 178
2 181
2 182
2 184
2 185
2 186
3 4
3 6
3 7
3 12
3 13
3 14
3 15
3 16
3 17
3 20
3 23
3 25
3 26
3 28
3 29
3 31
3 32
3 33
3 34
3 36
3 37
3 41
3 42
3 43
3 44
3 45
3 46
3 48
3 49
3 50
3 51
3 52
3 53
3 55
3 56
3 57
3 62
3 65
3 66
3 67
3 68
3 69
3 70
3 71
3 72
3 73
3 74
3 78
3 79
3 80
3 81
3 82
3 83
3 86
3 88
3 89
3 90
3 92
3 94
3 96
3 97
3 98
3 100
3 101
3 102
3 103
3 104
3 107
3 112
3 114
3 115
3 117
3 118
3 119
3 120
3 121
3 122
3 123
3 124
3 126
3 127
3 128
3 129
3 132
3 133
3 135
3 136
3 137
3 138
3 140
3 141
3 142
3 144
3 145
3 146
3 147
3 148
3 149
3 151
3 152
3 153
3 154
3 155
3 156
3 158
3 160
3 162
3 163
3 165
3 166
3 167
3 168
3 169
3 170
3 171
3 176
3 177
3 179
3 181
3 184
3 185
3 186
3 188
4 5
4 6
4 7
4 8
4 9
4 10
4 11
4 12
4 13
4 15
4 16
4 17
4 19
4 22
4 23
4 25
4 26
4 27
4 29
4 31
4 32
4 33
4 34
4 35
4 37
4 39
4 40
4 41
4 43
4 44
4 48
4 49
4 52
4 54
4 56
4 57
4 58
4 59
4 61
4 63
4 65
4 67
4 68
4 69
4 70
4 71
4 72
4 73
4 75
4 76
4 77
4 78
4 79
4 83
4 84
4 86
4 87
4 88
4 89
4 90
4 91
4 92
4 93
4 94
4 96
4 97
4 100
4 101
4 104
4 105
4 107
4 110
4 111
4 112
4 113
4 114
4 118
4 119
4 121
4 123
4 124
4 125
4 126
4 128
4 129
4 130
4 131
4 132
4 133
4 134
4 135
4 136
4 137
4 140
4 141
4 142
4 144
4 148
4 150
4 151
4 152
4 154
4 156
4 157
4 159
4 161
4 168
4 169
4 171
4 172
4 173
4 180
4 184
4 186
4 187
4 189
5 6
5 7
5 8
5 9
5 11
5 12
5 15
5 16
5 17
5 19
5 20
5 22
5 23
5 26
5 28
5 30
5 31
5 32
5 33
5 34
5 37
5 38
5 39
5 40
5 41
5 42
5 43
5 47
5 49
5 50
5 51
5 52
5 53
5 54
5 55
5 57
5 58
5 59
5 60
5 61
5 62
5 65
5 66
5 67
5 68
5 69
5 71
5 72
5 73
5 74
5 76
5 77
5 80
5 81
5 83
5 88
5 89
5 95
5 98
5 99
5 100
5 102
5 105
5 107
5 109
5 111
5 112
5 113
5 114
5 115
5 116
5 117
5 118
5 122
5 123
5 127
5 129
5 130
5 131
5 133
5 134
5 135
5 136
5 137
5 138
5 139
5 143
5 144
5 145
5 150
5 152
5 153
5 154
5 156
5 157
5 158
5 159
5 160
5 161
5 162
5 163
5 165
5 167
5 169
5 170
5 171
5 173
5 175
5 176
5 178
5 179
5 180
5 182
5 183
5 184
5 185
5 186
5 187
5 189
6 7
6 8
6 10
6 11
6 12
6 16
6 17
6 19
6 20
6 21
6 24
6 25
6 28
6 29
6 33
6 37
6 42
6 45
6 47
6 50
6 51
6 52
6 54
6 55
6 59
6 60
6 61
6 62
6 64
6 65
6 67
6 68
6 70
6 71
6 74
6 76
6 77
6 78
6 82
6 84
6 85
6 90
6 93
6 94
6 95
6 96
6 99
6 100
6 101
6 102
6 103
6 104
6 106
6 108
6 109
6 113
6 115
6 116
6 117
6 119
6 120
6 121
6 122
6 123
6 125
6 126
6 128
6 130
6 134
6 135
6 136
6 137
6 141
6 142
6 143
6 144
6 145
6 146
6 147
6 149
6 151
6 153
6 154
6 157
6 160
6 162
6 163
6 166
6 170
6 171
6 173
6 174
6 179
6 180
6 181
6 182
6 183
6 184
6 185
6 186
6 188
7 9
7 10
7 11
7 12
7 13
7 14
7 15
7 16
7 18
7 20
7 21
7 22
7 23
7 25
7 27
7 28
7 29
7 31
7 33
7 39
7 40
7 42
7 43
7 46
7 48
7 51
7 52
7 55
7 56
7 57
7 58
7 61
7 63
7 65
7 68
7 69
7 70
7 71
7 74
7 76
7 77
7 81
7 82
7 83
7 84
7 86
7 89
7 91
7 92
7 93
7 94
7 95
7 97
7 98
7 99
7 101
7 106
7 108
7 110
7 111
7 112
7 116
7 118
7 119
7 123
7 124
7 128
7 132
7 133
7 135
7 138
7 141
7 143
7 145
7 146
7 148
7 150
7 152
7 156
7 157
7 158
7 163
7 164
7 165
7 166
7 168
7 172
7 173
7 175
7 177
7 178
7 184
7 185
7 186
7 187
7 188
8 10
8 11
8 12
8 15
8 17
8 18
8 19
8 20
8 22
8 23
8 24
8 27
8 29
8 30
8 31
8 32
8 36
8 37
8 38
8 39
8 42
8 43
8 44
8 49
8 51
8 53
8 54
8 55
8 56
8 57
8 58
8 63
8 67
8 68
8 69
8 71
8 72
8 73
8 75
8 78
8 79
8 80
8 82
8 84
8 85
8 88
8 89
8 90
8 91
8 92
8 93
8 98
8 99
8 100
8 101
8 102
8 107
8 108
8 109
8 110
8 112
8 115
8 117
8 122
8 123
8 124
8 125
8 126
8 128
8 130
8 131
8 132
8 133
8 134
8 135
8 136
8 139
8 140
8 142
8 145
8 146
8 147
8 149
8 150
8 151
8 153
8 154
8 155
8 156
8 157
8 161
8 162
8 163
8 164
8 165
8 169
8 171
8 173
8 174
8 176
8 177
8 178
8 179
8 181
8 185
8 186
8 188
8 189
9 10
9 11
9 13
9 14
9 16
9 19
9 21
9 22
9 23
9 24
9 25
9 27
9 28
9 29
9 31
9 33
9 36
9 38
9 39
9 42
9 43
9 44
9 47
9 48
9 51
9 53
9 54
9 61
9 63
9 64
9 65
9 70
9 72
9 73
9 74
9 77
9 79
9 81
9 82
9 83
9 84
9 88
9 89
9 92
9 93
9 94
9 97
9 98
9 99
9 101
9 102
9 103
9 104
9 105
9 108
9 109
9 110
9 112
9 113
9 115
9 117
9 118
9 119
9 120
9 121
9 124
9 125
9 126
9 127
9 128
9 130
9 131
9 132
9 133
9 135
9 136
9 137
9 138
9 139
9 140
9 141
9 143
9 146
9 147
9 148
9 150
9 153
9 155
9 157
9 158
9 162
9 164
9 165
9 166
9 167
9 168
9 169
9 170
9 174
9 177
9 180
9 181
9 185
9 186
9 188
9 189
10 11
10 13
10 16
10 17
10 18
10 20
10 22
10 24
10 25
10 26
10 27
10 30
10 31
10 34
10 35
10 39
10 40
10 41
10 42
10 45
10 48
10 49
10 50
10 51
10 53
10 54
10 56
10 57
10 58
10 59
10 60
10 61
10 63
10 64
10 65
10 66
10 67
10 68
10 69
10 70
10 71
10 72
10 73
10 75
10 77
10 78
10 79
10 82
10 87
10 88
10 90
10 91
10 92
10 93
10 94
10 95
10 96
10 97
10 98
10 99
10 101
10 102
10 104
10 105
10 111
10 112
10 113
10 114
10 116
10 118
10 123
10 125
10 128
10 129
10 132
10 133
10 134
10 136
10 137
10 138
10 142
10 143
10 144
10 145
10 146
10 147
10 149
10 150
10 151
10 152
10 153
10 154
10 155
10 158
10 159
10 160
10 161
10 163
10 164
10 165
10 166
10 167
10 168
10 169
10 170
10 171
10 172
10 174
10 179
10 180
10 183
10 184
10 185
10 187
10 188
10 189
11 15
11 16
11 21
11 22
11 23
11 24
11 28
11 29
11 30
11 32
11 33
11 35
11 37
11 40
11 41
11 42
11 43
11 45
11 46
11 47
11 48
11 49
11 50
11 51
11 53
11 54
11 59
11 62
11 64
11 65
11 69
11 70
11 71
11 73
11 76
11 78
11 80
11 81
11 83
11 84
11 87
11 88
11 89
11 92
11 93
11 95
11 99
11 100
11 101
11 102
11 104
11 105
11 106
11 107
11 109
11 110
11 112
11 114
11 115
11 116
11 117
11 119
11 122
11 123
11 124
11 125
11 126
11 127
11 131
11 132
11 134
11 136
11 138
11 139
11 140
11 142
11 143
11 145
11 148
11 149
11 151
11 153
11 156
11 160
11 161
11 162
11 164
11 165
11 166
11 168
11 171
11 174
11 177
11 178
11 179
11 181
11 184
11 185
11 186
11 188
12 13
12 15
12 19
12 20
12 21
12 23
12 26
12 27
12 29
12 31
12 33
12 34
12 38
12 39
12 40
12 42
12 43
12 44
12 46
12 47
12 52
12 55
12 57
12 58
12 59
12 60
12 61
12 65
12 66
12 68
12 70
12 71
12 72
12 73
12 75
12 76
12 77
12 79
12 80
12 81
12 83
12 84
12 85
12 87
12 89
12 93
12 94
12 96
12 98
12 99
12 104
12 106
12 107
12 109
12 111
12 112
12 113
12 115
12 116
12 118
12 119
12 122
12 123
12 124
12 125
12 128
12 129
12 130
12 131
12 135
12 136
12 137
12 138
12 139
12 142
12 143
12 144
12 145
12 146
12 147
12 148
12 149
12 150
12 151
12 153
12 156
12 157
12 158
12 159
12 162
12 168
12 169
12 172
12 173
12 174
12 175
12 176
12 177
12 178
12 179
12 180
12 183
12 184
12 188
13 14
13 19
13 23
13 24
13 25
13 26
13 27
13 29
13 30
13 31
13 32
13 33
13 34
13 35
13 37
13 39
13 40
13 42
13 43
13 44
13 46
13 48
13 49
13 50
13 51
13 52
13 53
13 54
13 55
13 56
13 57
13 58
13 60
13 62
13 69
13 70
13 72
13 73
13 74
13 75
13 79
13 80
13 82
13 83
13 84
13 94
13 97
13 99
13 100
13 106
13 107
13 109
13 114
13 117
13 118
13 120
13 122
13 123
13 124
13 126
13 127
13 129
13 131
13 132
13 133
13 135
13 137
13 142
13 144
13 145
13 146
13 147
13 148
13 150
13 151
13 152
13 154
13 155
13 156
13 157
13 159
13 160
13 164
13 166
13 167
13 168
13 169
13 172
13 174
13 175
13 178
13 181
13 182
13 183
13 184
13 185
13 186
13 187
13 188
13 189
14 15
14 16
14 17
14 18
14 20
14 21
14 22
14 26
14 30
14 31
14 34
14 35
14 36
14 37
14 39
14 42
14 46
14 47
14 49
14 50
14 51
14 53
14 54
14 55
14 57
14 58
14 59
14 60
14 61
14 62
14 63
14 64
14 68
14 70
14 71
14 74
14 75
14 77
14 78
14 79
14 80
14 81
14 82
14 83
14 85
14 86
14 87
14 90
14 91
14 93
14 94
14 96
14 97
14 98
14 99
14 101
14 102
14 103
14 107
14 108
14 109
14 110
14 111
14 113
14 114
14 115
14 116
14 118
14 119
14 121
14 123
14 125
14 127
14 128
14 129
14 131
14 134
14 137
14 139
14 140
14 141
14 142
14 143
14 144
14 145
14 147
14 149
14 151
14 152
14 153
14 158
14 164
14 168
14 169
14 171
14 173
14 174
14 175
14 176
14 177
14 179
14 182
14 183
14 185
14 186
14 188
14 189
15 16
15 20
15 21
15 22
15 25
15 26
15 27
15 28
15 31
15 32
15 36
15 37
15 38
15 39
15 40
15 41
15 43
15 44
15 45
15 48
15 52
15 55
15 56
15 57
15 59
15 62
15 63
15 64
15 66
15 67
15 73
15 74
15 75
15 76
15 79
15 81
15 84
15 86
15 88
15 90
15 92
15 93
15 94
15 95
15 96
15 98
15 99
15 102
15 104
15 105
15 111
15 113
15 115
15 117
15 118
15 119
15 120
15 121
15 123
15 124
15 125
15 126
15 127
15 128
15 130
15 131
15 132
15 133
15 138
15 139
15 140
15 143
15 144
15 146
15 147
15 150
15 153
15 154
15 157
15 158
15 159
15 161
15 162
15 164
15 168
15 169
15 170
15 171
15 172
15 173
15 174
15 175
15 176
15 178
15 179
15 180
15 183
15 184
15 185
15 188
16 19
16 20
16 21
16 22
16 23
16 24
16 28
16 33
16 34
16 35
16 44
16 45
16 47
16 48
16 49
16 52
16 56
16 57
16 58
16 59
16 60
16 61
16 63
16 67
16 69
16 71
16 72
16 74
16 75
16 76
16 80
16 81
16 82
16 83
16 84
16 85
16 90
16 91
16 93
16 94
16 95
16 102
16 103
16 106
16 107
16 109
16 111
16 112
16 114
16 115
16 116
16 118
16 119
16 121
16 122
16 123
16 124
16 126
16 130
16 131
16 132
16 134
16 135
16 137
16 138
16 139
16 140
16 141
16 142
16 143
16 144
16 148
16 149
16 150
16 152
16 153
16 157
16 158
16 160
16 163
16 167
16 169
16 170
16 171
16 172
16 173
16 174
16 175
16 178
16 180
16 183
16 184
16 186
16 187
16 189
17 19
17 20
17 21
17 27
17 29
17 30
17 31
17 34
17 35
17 36
17 37
17 39
17 40
17 41
17 42
17 43
17 44
17 45
17 46
17 48
17 50
17 51
17 52
17 55
17 57
17 59
17 60
17 63
17 66
17 67
17 68
17 70
17 72
17 73
17 75
17 76
17 77
17 78
17 79
17 82
17 83
17 84
17 86
17 87
17 91
17 92
17 93
17 94
17 98
17 100
17 101
17 102
17 103
17 104
17 106
17 108
17 109
17 112
17 113
17 114
17 116
17 119
17 121
17 122
17 123
17 124
17 126
17 128
17 130
17 131
17 133
17 135
17 137
17 139
17 140
17 141
17 142
17 143
17 146
17 147
17 148
17 149
17 151
17 153
17 154
17 155
17 156
17 159
17 160
17 161
17 162
17 163
17 164
17 165
17 167
17 169
17 171
17 172
17 173
17 177
17 178
17 180
17 181
17 185
17 186
17 187
17 189
18 19
18 20
18 22
18 23
18 24
18 25
18 26
18 27
18 28
18 29
18 30
18 31
18 32
18 33
18 34
18 38
18 39
18 41
18 42
18 44
18 47
18 50
18 51
18 52
18 53
18 54
18 55
18 56
18 59
18 60
18 61
18 62
18 63
18 67
18 68
18 69
18 70
18 72
18 73
18 76
18 77
18 78
18 79
18 80
18 84
18 85
18 86
18 88
18 89
18 90
18 91
18 93
18 94
18 96
18 97
18 98
18 100
18 101
18 103
18 104
18 108
18 109
18 110
18 113
18 117
18 120
18 121
18 122
18 127
18 132
18 133
18 138
18 139
18 140
18 141
18 142
18 146
18 148
18 149
18 151
18 152
18 153
18 155
18 156
18 159
18 160
18 161
18 164
18 166
18 168
18 169
18 170
18 171
18 173
18 174
18 176
18 178
18 181
18 183
18 185
18 187
18 188
19 20
19 23
19 25
19 26
19 28
19 29
19 30
19 32
19 33
19 34
19 35
19 37
19 39
19 40
19 41
19 42
19 43
19 44
19 46
19 47
19 48
19 50
19 51
19 53
19 54
19 55
19 57
19 59
19 61
19 62
19 63
19 64
19 69
19 70
19 71
19 75
19 76
19 77
19 79
19 81
19 82
19 84
19 88
19 94
19 95
19 97
19 98
19 99
19 101
19 102
19 103
19 105
19 110
19 112
19 114
19 115
19 116
19 117
19 120
19 122
19 123
19 125
19 128
19 129
19 130
19 131
19 132
19 133
19 134
19 136
19 139
19 140
19 141
19 142
19 144
19 145
19 146
19 150
19 155
19 156
19 158
19 161
19 164
19 165
19 166
19 168
19 170
19 171
19 175
19 176
19 179
19 180
19 181
19 182
19 183
19 184
19 189
20 21
20 23
20 24
20 25
20 26
20 28
20 29
20 30
20 31
20 32
20 33
20 34
20 35
20 36
20 39
20 41
20 42
20 43
20 44
20 46
20 48
20 50
20 51
20 52
20 53
20 55
20 56
20 59
20 60
20 61
20 62
20 64
20 66
20 67
20 68
20 71
20 73
20 74
20 75
20 76
20 77
20 79
20 81
20 83
20 84
20 85
20 88
20 90
20 92
20 93
20 94
20 95
20 96
20 99
20 100
20 101
20 104
20 105
20 108
20 110
20 112
20 115
20 116
20 119
20 120
20 122
20 123
20 125
20 126
20 129
20 130
20 132
20 133
20 135
20 138
20 139
20 141
20 143
20 144
20 145
20 147
20 149
20 150
20 152
20 153
20 154
20 156
20 159
20 160
20 161
20 163
20 164
20 165
20 166
20 167
20 168
20 169
20 170
20 171
20 172
20 174
20 175
20 176
20 177
20 178
20 179
20 181
20 188
20 189
21 22
21 23
21 25
21 26
21 27
21 28
21 29
21 31
21 34
21 36
21 38
21 39
21 40
21 41
21 44
21 45
21 46
21 50
21 51
21 53
21 54
21 56
21 58
21 62
21 63
21 69
21 72
21 73
21 75
21 76
21 77
21 79
21 80
21 83
21 84
21 85
21 86
21 88
21 89
21 92
21 93
21 96
21 97
21 100
21 102
21 106
21 108
21 109
21 111
21 112
21 113
21 114
21 115
21 116
21 118
21 119
21 121
21 124
21 125
21 129
21 134
21 136
21 137
21 140
21 141
21 143
21 144
21 145
21 148
21 149
21 150
21 152
21 153
21 157
21 158
21 160
21 161
21 162
21 163
21 166
21 167
21 168
21 169
21 170
21 171
21 172
21 175
21 178
21 179
21 180
21 182
21 183
21 184
21 185
21 186
21 189
22 23
22 24
22 29
22 30
22 31
22 32
22 33
22 34
22 35
22 37
22 38
22 41
22 43
22 45
22 46
22 47
22 48
22 49
22 53
22 54
22 56
22 57
22 59
22 60
22 62
22 63
22 69
22 70
22 73
22 74
22 76
22 77
22 79
22 80
22 81
22 83
22 85
22 86
22 88
22 89
22 90
22 94
22 95
22 96
22 97
22 100
22 101
22 102
22 103
22 104
22 105
22 107
22 108
22 110
22 112
22 113
22 114
22 116
22 117
22 119
22 120
22 121
22 123
22 124
22 127
22 128
22 129
22 134
22 135
22 136
22 138
22 139
22 142
22 143
22 145
22 147
22 148
22 149
22 150
22 151
22 156
22 157
22 158
22 159
22 162
22 163
22 164
22 168
22 169
22 170
22 173
22 174
22 175
22 176
22 178
22 180
22 181
22 182
22 184
22 186
22 187
23 24
23 25
23 26
23 27
23 28
23 31
23 33
23 34
23 36
23 37
23 40
23 42
23 44
23 45
23 46
23 47
23 48
23 50
23 51
23 53
23 54
23 55
23 56
23 59
23 60
23 61
23 63
23 67
23 68
23 71
23 73
23 74
23 79
23 82
23 85
23 86
23 87
23 88
23 89
23 90
23 92
23 96
23 98
23 102
23 103
23 104
23 105
23 106
23 110
23 111
23 113
23 117
23 118
23 121
23 123
23 124
23 126
23 127
23 128
23 129
23 130
23 132
23 133
23 134
23 135
23 136
23 139
23 141
23 142
23 144
23 146
23 152
23 154
23 156
23 157
23 158
23 160
23 161
23 162
23 165
23 167
23 168
23 169
23 171
23 172
23 176
23 177
23 178
23 181
23 185
23 186
23 187
23 188
23 189
24 27
24 30
24 31
24 34
24 35
24 36
24 37
24 38
24 39
24 41
24 43
24 44
24 45
24 47
24 48
24 50
24 52
24 53
24 54
24 55
24 56
24 57
24 58
24 59
24 60
24 62
24 64
24 65
24 66
24 67
24 68
24 69
24 70
24 71
24 72
24 73
24 77
24 81
24 84
24 85
24 86
24 87
24 88
24 91
24 92
24 93
24 94
24 97
24 98
24 101
24 102
24 103
24 104
24 105
24 106
24 108
24 110
24 113
24 114
24 115
24 117
24 118
24 120
24 121
24 122
24 123
24 124
24 125
24 127
24 128
24 129
24 130
24 131
24 133
24 134
24 135
24 137
24 138
24 139
24 141
24 143
24 146
24 149
24 150
24 152
24 153
24 155
24 156
24 160
24 161
24 162
24 163
24 168
24 169
24 171
24 173
24 174
24 175
24 176
24 178
24 179
24 180
24 181
24 182
24 183
24 184
24 189
25 28
25 29
25 30
25 31
25 32
25 33
25 34
25 35
25 38
25 39
25 40
25 41
25 42
25 43
25 44
25 46
25 48
25 50
25 55
25 56
25 57
25 58
25 59
25 60
25 61
25 62
25 63
25 64
25 65
25 68
25 69
25 71
25 73
25 75
25 76
25 77
25 78
25 81
25 83
25 84
25 86
25 87
25 89
25 90
25 91
25 94
25 97
25 99
25 102
25 103
25 104
25 105
25 106
25 107
25 110
25 111
25 112
25 113
25 115
25 117
25 120
25 124
25 125
25 127
25 128
25 131
25 132
25 135
25 136
25 139
25 141
25 142
25 143
25 144
25 145
25 147
25 150
25 151
25 153
25 156
25 159
25 160
25 161
25 162
25 163
25 164
25 165
25 166
25 168
25 169
25 170
25 171
25 172
25 173
25 174
25 175
25 177
25 178
25 179
25 180
25 182
25 183
25 184
25 185
25 187
25 188
25 189
26 27
26 28
26 29
26 30
26 31
26 32
26 33
26 34
26 35
26 37
26 42
26 44
26 47
26 49
26 51
26 52
26 55
26 56
26 62
26 63
26 65
26 66
26 67
26 68
26 69
26 74
26 77
26 78
26 79
26 80
26 82
26 83
26 85
26 86
26 89
26 90
26 91
26 93
26 94
26 95
26 96
26 97
26 98
26 100
26 101
26 102
26 103
26 104
26 105
26 106
26 107
26 108
26 111
26 114
26 115
26 116
26 117
26 118
26 120
26 121
26 124
26 125
26 126
26 127
26 128
26 129
26 130
26 134
26 135
26 137
26 142
26 143
26 144
26 145
26 146
26 147
26 148
26 149
26 150
26 152
26 153
26 154
26 155
26 156
26 157
26 160
26 161
26 162
26 163
26 164
26 166
26 167
26 175
26 177
26 178
26 179
26 181
26 182
26 184
26 186
26 187
26 188
27 30
27 32
27 35
27 38
27 41
27 43
27 44
27 45
27 46
27 47
27 49
27 54
27 56
27 58
27 59
27 61
27 62
27 63
27 64
27 65
27 66
27 68
27 69
27 71
27 72
27 73
27 74
27 75
27 78
27 82
27 83
27 84
27 85
27 87
27 88
27 91
27 94
27 95
27 96
27 97
27 98
27 99
27 100
27 101
27 104
27 105
27 106
27 108
27 109
27 111
27 114
27 116
27 117
27 119
27 120
27 121
27 123
27 124
27 127
27 128
27 129
27 130
27 131
27 133
27 134
27 137
27 139
27 142
27 143
27 145
27 146
27 148
27 151
27 152
27 153
27 154
27 155
27 156
27 158
27 159
27 160
27 161
27 163
27 165
27 167
27 168
27 169
27 172
27 176
27 179
27 180
27 181
27 182
27 183
27 184
27 185
27 186
27 187
27 188
27 189
28 29
28 30
28 31
28 34
28 36
28 37
28 38
28 40
28 41
28 42
28 43
28 47
28 50
28 51
28 54
28 55
28 56
28 58
28 59
28 64
28 65
28 67
28 68
28 69
28 73
28 74
28 77
28 81
28 82
28 83
28 84
28 85
28 86
28 88
28 89
28 91
28 92
28 94
28 95
28 96
28 98
28 99
28 100
28 103
28 104
28 105
28 106
28 109
28 111
28 112
28 114
28 115
28 116
28 118
28 119
28 120
28 121
28 123
28 126
28 127
28 128
28 129
28 131
28 132
28 134
28 135
28 137
28 138
28 139
28 140
28 142
28 143
28 144
28 146
28 147
28 150
28 151
28 153
28 154
28 155
28 156
28 157
28 158
28 159
28 160
28 162
28 163
28 165
28 166
28 167
28 168
28 171
28 173
28 178
28 179
28 180
28 181
28 184
29 31
29 32
29 34
29 35
29 38
29 39
29 40
29 41
29 44
29 46
29 49
29 50
29 51
29 53
29 54
29 56
29 58
29 61
29 63
29 64
29 65
29 66
29 69
29 70
29 71
29 77
29 78
29 80
29 81
29 82
29 84
29 85
29 87
29 88
29 89
29 90
29 92
29 93
29 94
29 96
29 97
29 98
29 100
29 101
29 103
29 104
29 109
29 110
29 111
29 112
29 113
29 114
29 116
29 117
29 120
29 121
29 122
29 123
29 124
29 125
29 127
29 129
29 131
29 132
29 133
29 134
29 135
29 136
29 138
29 139
29 142
29 143
29 145
29 146
29 147
29 148
29 151
29 152
29 153
29 155
29 156
29 159
29 160
29 162
29 164
29 165
29 166
29 168
29 169
29 170
29 172
29 173
29 174
29 175
29 176
29 177
29 178
29 179
29 180
29 181
29 182
29 183
29 186
29 187
29 188
29 189
30 32
30 33
30 34
30 35
30 36
30 40
30 41
30 42
30 43
30 44
30 45
30 48
30 50
30 53
30 56
30 60
30 64
30 66
30 67
30 70
30 71
30 73
30 77
30 78
30 79
30 82
30 87
30 89
30 91
30 92
30 93
30 94
30 95
30 97
30 98
30 101
30 102
30 103
30 105
30 107
30 110
30 111
30 112
30 113
30 114
30 117
30 120
30 121
30 123
30 125
30 127
30 128
30 131
30 132
30 133
30 134
30 137
30 139
30 141
30 142
30 143
30 145
30 146
30 147
30 149
30 150
30 151
30 155
30 158
30 159
30 164
30 165
30 167
30 168
30 169
30 173
30 174
30 175
30 176
30 179
30 180
30 181
30 183
30 184
30 185
30 186
30 187
30 188
31 32
31 33
31 34
31 38
31 39
31 42
31 44
31 45
31 50
31 51
31 52
31 53
31 55
31 57
31 59
31 62
31 63
31 64
31 66
31 69
31 70
31 75
31 77
31 78
31 79
31 80
31 81
31 82
31 83
31 84
31 85
31 87
31 88
31 89
31 91
31 94
31 95
31 97
31 99
31 100
31 101
31 102
31 103
31 106
31 108
31 110
31 116
31 117
31 118
31 119
31 120
31 121
31 122
31 127
31 128
31 129
31 131
31 132
31 133
31 134
31 135
31 141
31 143
31 144
31 148
31 149
31 150
31 153
31 154
31 155
31 158
31 159
31 164
31 165
31 166
31 167
31 168
31 170
31 171
31 172
31 173
31 174
31 175
31 177
31 178
31 180
31 182
31 184
31 187
32 33
32 34
32 37
32 38
32 39
32 40
32 41
32 42
32 43
32 45
32 46
32 47
32 49
32 50
32 51
32 53
32 54
32 57
32 58
32 60
32 61
32 63
32 65
32 66
32 67
32 71
32 74
32 78
32 79
32 80
32 82
32 84
32 89
32 91
32 93
32 94
32 96
32 97
32 98
32 99
32 100
32 103
32 104
32 105
32 107
32 108
32 109
32 110
32 111
32 112
32 113
32 114
32 115
32 116
32 117
32 119
32 120
32 123
32 127
32 128
32 131
32 132
32 134
32 135
32 136
32 137
32 138
32 143
32 144
32 146
32 151
32 152
32 156
32 158
32 159
32 161
32 162
32 163
32 164
32 165
32 169
32 170
32 172
32 173
32 174
32 178
32 179
32 181
32 182
32 183
32 184
32 185
32 187
32 188
33 34
33 35
33 37
33 39
33 40
33 41
33 43
33 44
33 45
33 46
33 48
33 49
33 51
33 52
33 53
33 54
33 55
33 56
33 57
33 58
33 59
33 61
33 63
33 64
33 66
33 67
33 68
33 69
33 70
33 73
33 75
33 78
33 79
33 80
33 81
33 82
33 84
33 86
33 88
33 89
33 90
33 91
33 93
33 96
33 97
33 98
33 99
33 100
33 102
33 103
33 106
33 107
33 108
33 109
33 113
33 114
33 116
33 117
33 118
33 119
33 120
33 121
33 124
33 127
33 129
33 133
33 135
33 136
33 137
33 139
33 140
33 141
33 146
33 147
33 148
33 149
33 152
33 154
33 158
33 159
33 160
33 161
33 164
33 165
33 167
33 169
33 171
33 175
33 178
33 180
33 181
33 183
33 184
33 185
33 187
34 35
34 36
34 38
34 39
34 40
34 43
34 44
34 46
34 47
34 48
34 49
34 51
34 53
34 54
34 55
34 60
34 63
34 67
34 68
34 70
34 73
34 74
34 75
34 76
34 77
34 79
34 80
34 81
34 82
34 86
34 87
34 88
34 91
34 92
34 93
34 94
34 95
34 99
34 103
34 104
34 108
34 109
34 110
34 111
34 112
34 113
34 114
34 115
34 120
34 122
34 125
34 126
34 129
34 130
34 134
34 135
34 136
34 137
34 138
34 140
34 141
34 142
34 143
34 145
34 146
34 148
34 149
34 151
34 155
34 156
34 159
34 160
34 161
34 162
34 164
34 166
34 167
34 170
34 172
34 173
34 174
34 176
34 178
34 179
34 181
34 182
34 183
34 186
35 36
35 37
35 39
35 41
35 42
35 43
35 44
35 47
35 48
35 50
35 52
35 54
35 55
35 56
35 57
35 58
35 60
35 61
35 63
35 64
35 65
35 66
35 67
35 68
35 69
35 70
35 71
35 72
35 74
35 79
35 82
35 85
35 86
35 88
35 90
35 91
35 95
35 96
35 97
35 98
35 99
35 102
35 103
35 104
35 105
35 107
35 108
35 109
35 110
35 111
35 112
35 113
35 114
35 115
35 116
35 117
35 120
35 121
35 122
35 124
35 125
35 126
35 129
35 132
35 135
35 137
35 139
35 143
35 146
35 149
35 153
35 154
35 155
35 156
35 157
35 159
35 161
35 163
35 168
35 169
35 170
35 171
35 172
35 174
35 175
35 178
35 182
35 183
35 184
35 185
35 188
36 44
36 45
36 46
36 47
36 48
36 50
36 51
36 54
36 56
36 59
36 61
36 62
36 65
36 66
36 67
36 68
36 69
36 70
36 76
36 78
36 79
36 80
36 83
36 84
36 85
36 87
36 88
36 89
36 90
36 91
36 97
36 99
36 100
36 102
36 103
36 105
36 106
36 107
36 110
36 111
36 113
36 114
36 115
36 117
36 118
36 119
36 121
36 122
36 123
36 124
36 126
36 127
36 130
36 132
36 133
36 135
36 138
36 139
36 140
36 141
36 142
36 143
36 144
36 147
36 148
36 149
36 150
36 153
36 154
36 155
36 160
36 161
36 163
36 164
36 165
36 166
36 169
36 171
36 172
36 174
36 178
36 179
36 180
36 181
36 182
36 184
36 185
36 187
36 189
37 39
37 42
37 45
37 46
37 47
37 49
37 52
37 53
37 55
37 56
37 62
37 65
37 66
37 67
37 68
37 69
37 70
37 72
37 75
37 77
37 79
37 80
37 81
37 83
37 85
37 86
37 87
37 88
37 91
37 93
37 95
37 97
37 100
37 101
37 102
37 105
37 107
37 112
37 113
37 115
37 117
37 118
37 120
37 122
37 123
37 124
37 125
37 128
37 129
37 130
37 132
37 135
37 136
37 137
37 138
37 142
37 143
37 144
37 146
37 147
37 148
37 149
37 152
37 153
37 155
37 158
37 159
37 160
37 161
37 163
37 165
37 166
37 167
37 168
37 169
37 170
37 172
37 175
37 176
37 177
37 178
37 181
37 182
37 185
38 39
38 40
38 42
38 44
38 45
38 48
38 49
38 51
38 53
38 56
38 57
38 58
38 59
38 62
38 63
38 64
38 67
38 70
38 72
38 73
38 75
38 76
38 78
38 79
38 81
38 82
38 86
38 88
38 89
38 90
38 91
38 93
38 94
38 95
38 96
38 97
38 98
38 101
38 107
38 108
38 109
38 111
38 115
38 116
38 117
38 119
38 120
38 124
38 126
38 129
38 131
38 133
38 134
38 135
38 143
38 144
38 146
38 148
38 149
38 150
38 151
38 152
38 153
38 154
38 156
38 157
38 161
38 162
38 164
38 165
38 166
38 168
38 171
38 173
38 174
38 176
38 179
38 180
38 182
38 183
38 184
38 185
38 187
38 188
38 189
39 40
39 41
39 44
39 47
39 50
39 51
39 53
39 55
39 56
39 57
39 58
39 59
39 61
39 62
39 63
39 64
39 65
39 66
39 67
39 68
39 72
39 75
39 77
39 78
39 79
39 81
39 84
39 85
39 86
39 87
39 90
39 91
39 97
39 99
39 100
39 103
39 105
39 106
39 107
39 108
39 109
39 110
39 111
39 112
39 116
39 117
39 118
39 119
39 120
39 121
39 122
39 123
39 124
39 125
39 128
39 131
39 136
39 137
39 139
39 142
39 143
39 144
39 146
39 147
39 148
39 149
39 152
39 154
39 155
39 156
39 157
39 158
39 159
39 160
39 162
39 163
39 164
39 166
39 169
39 170
39 171
39 173
39 174
39 175
39 176
39 177
39 179
39 180
39 182
39 183
39 184
39 185
39 186
40 42
40 45
40 48
40 52
40 54
40 55
40 56
40 57
40 58
40 59
40 63
40 65
40 67
40 68
40 70
40 71
40 72
40 74
40 75
40 77
40 80
40 81
40 84
40 85
40 86
40 87
40 88
40 89
40 91
40 93
40 94
40 95
40 96
40 97
40 98
40 101
40 102
40 104
40 106
40 109
40 110
40 112
40 113
40 114
40 116
40 118
40 120
40 124
40 126
40 127
40 128
40 129
40 134
40 136
40 137
40 138
40 141
40 144
40 145
40 146
40 147
40 148
40 149
40 150
40 151
40 152
40 153
40 155
40 158
40 161
40 162
40 163
40 164
40 166
40 167
40 168
40 172
40 175
40 177
40 178
40 179
40 180
40 181
40 185
40 186
40 188
41 42
41 43
41 44
41 45
41 47
41 48
41 49
41 51
41 53
41 55
41 56
41 57
41 58
41 59
41 61
41 62
41 63
41 65
41 67
41 68
41 70
41 72
41 73
41 74
41 76
41 83
41 84
41 86
41 87
41 88
41 89
41 92
41 93
41 94
41 95
41 97
41 98
41 100
41 102
41 103
41 104
41 105
41 106
41 107
41 108
41 109
41 112
41 117
41 118
41 119
41 122
41 124
41 125
41 127
41 130
41 131
41 132
41 133
41 134
41 136
41 138
41 140
41 141
41 142
41 143
41 145
41 146
41 147
41 148
41 149
41 150
41 151
41 152
41 154
41 157
41 159
41 160
41 162
41 164
41 165
41 168
41 170
41 171
41 172
41 173
41 174
41 176
41 177
41 178
41 179
41 180
41 181
41 182
41 184
41 186
41 188
41 189
42 43
42 44
42 49
42 50
42 51
42 52
42 53
42 55
42 57
42 58
42 63
42 66
42 67
42 68
42 73
42 74
42 76
42 78
42 83
42 85
42 86
42 87
42 90
42 92
42 94
42 95
42 96
42 97
42 98
42 99
42 100
42 101
42 104
42 105
42 109
42 112
42 113
42 114
42 116
42 117
42 118
42 119
42 120
42 121
42 122
42 123
42 125
42 127
42 129
42 132
42 133
42 135
42 136
42 138
42 140
42 141
42 142
42 144
42 145
42 146
42 147
42 151
42 153
42 154
42 156
42 157
42 158
42 160
42 162
42 164
42 166
42 168
42 169
42 172
42 173
42 175
42 176
42 181
42 183
42 184
42 186
42 187
43 45
43 46
43 47
43 48
43 49
43 50
43 51
43 53
43 54
43 55
43 56
43 57
43 61
43 64
43 66
43 68
43 71
43 77
43 79
43 80
43 81
43 82
43 83
43 84
43 85
43 86
43 87
43 88
43 89
43 90
43 93
43 94
43 95
43 96
43 100
43 101
43 104
43 108
43 110
43 111
43 112
43 113
43 114
43 117
43 118
43 119
43 120
43 121
43 125
43 126
43 128
43 131
43 132
43 133
43 135
43 136
43 141
43 143
43 144
43 145
43 146
43 147
43 148
43 151
43 152
43 153
43 154
43 155
43 156
43 157
43 159
43 161
43 165
43 166
43 167
43 168
43 169
43 173
43 174
43 175
43 177
43 178
43 181
43 182
43 183
43 185
43 186
43 188
43 189
44 45
44 47
44 49
44 52
44 53
44 55
44 57
44 58
44 59
44 61
44 62
44 64
44 66
44 67
44 68
44 70
44 71
44 72
44 75
44 77
44 78
44 81
44 83
44 84
44 88
44 91
44 92
44 93
44 95
44 96
44 97
44 98
44 101
44 103
44 105
44 106
44 107
44 109
44 111
44 112
44 113
44 114
44 115
44 116
44 118
44 119
44 121
44 122
44 123
44 124
44 125
44 126
44 127
44 129
44 131
44 132
44 134
44 135
44 136
44 139
44 141
44 142
44 145
44 147
44 148
44 149
44 150
44 151
44 152
44 153
44 156
44 159
44 160
44 162
44 163
44 165
44 166
44 168
44 170
44 173
44 174
44 175
44 176
44 177
44 179
44 180
44 181
44 182
44 185
44 187
44 188
45 46
45 47
45 51
45 53
45 54
45 56
45 57
45 59
45 60
45 62
45 63
45 64
45 65
45 68
45 69
45 72
45 75
45 76
45 77
45 78
45 83
45 84
45 85
45 86
45 89
45 91
45 94
45 97
45 98
45 100
45 103
45 104
45 107
45 108
45 109
45 110
45 111
45 112
45 115
45 117
45 119
45 122
45 123
45 125
45 127
45 132
45 133
45 134
45 135
45 137
45 138
45 139
45 140
45 141
45 142
45 143
45 144
45 146
45 149
45 150
45 151
45 152
45 153
45 154
45 156
45 157
45 159
45 160
45 161
45 163
45 164
45 165
45 166
45 171
45 177
45 178
45 179
45 180
45 183
45 184
45 189
46 47
46 49
46 52
46 54
46 57
46 58
46 60
46 62
46 65
46 66
46 67
46 69
46 73
46 74
46 78
46 80
46 82
46 84
46 85
46 86
46 87
46 89
46 90
46 91
46 93
46 94
46 95
46 96
46 97
46 98
46 100
46 102
46 109
46 110
46 111
46 112
46 113
46 114
46 117
46 119
46 120
46 121
46 122
46 123
46 124
46 125
46 126
46 131
46 132
46 135
46 136
46 139
46 140
46 141
46 142
46 143
46 148
46 150
46 151
46 153
46 156
46 157
46 159
46 160
46 164
46 165
46 166
46 167
46 169
46 172
46 173
46 175
46 177
46 178
46 179
46 182
46 184
46 185
46 187
46 189
47 49
47 51
47 57
47 59
47 60
47 61
47 64
47 65
47 67
47 68
47 70
47 71
47 75
47 80
47 83
47 87
47 88
47 89
47 90
47 91
47 92
47 94
47 95
47 97
47 98
47 100
47 102
47 103
47 104
47 106
47 107
47 109
47 110
47 112
47 113
47 115
47 117
47 120
47 121
47 122
47 123
47 124
47 125
47 128
47 129
47 132
47 133
47 136
47 137
47 139
47 141
47 143
47 144
47 150
47 153
47 155
47 156
47 157
47 158
47 160
47 161
47 163
47 167
47 168
47 169
47 170
47 171
47 172
47 173
47 174
47 177
47 178
47 181
47 183
47 184
47 185
47 187
47 188
48 53
48 54
48 55
48 62
48 63
48 69
48 70
48 72
48 73
48 74
48 76
48 78
48 79
48 80
48 81
48 82
48 83
48 84
48 85
48 87
48 88
48 89
48 93
48 97
48 98
48 99
48 100
48 101
48 103
48 105
48 107
48 109
48 110
48 111
48 113
48 114
48 115
48 117
48 121
48 122
48 123
48 125
48 126
48 127
48 128
48 129
48 130
48 133
48 135
48 137
48 139
48 140
48 142
48 143
48 145
48 146
48 150
48 151
48 152
48 153
48 155
48 156
48 157
48 158
48 159
48 161
48 162
48 163
48 165
48 166
48 167
48 168
48 169
48 170
48 171
48 174
48 176
48 177
48 178
48 179
48 180
48 184
48 186
48 188
49 52
49 53
49 55
49 57
49 58
49 60
49 62
49 63
49 65
49 68
49 69
49 73
49 74
49 75
49 77
49 79
49 80
49 82
49 83
49 86
49 87
49 88
49 92
49 93
49 94
49 95
49 97
49 98
49 99
49 103
49 105
49 106
49 107
49 111
49 113
49 115
49 119
49 120
49 123
49 127
49 128
49 129
49 130
49 132
49 133
49 134
49 135
49 142
49 143
49 144
49 145
49 148
49 149
49 150
49 151
49 153
49 154
49 155
49 156
49 158
49 159
49 160
49 162
49 164
49 165
49 166
49 167
49 170
49 174
49 175
49 178
49 183
49 185
49 186
49 188
49 189
50 51
50 53
50 54
50 55
50 58
50 59
50 60
50 61
50 63
50 67
50 68
50 69
50 70
50 72
50 73
50 76
50 77
50 80
50 81
50 82
50 84
50 87
50 88
50 89
50 91
50 92
50 93
50 94
50 96
50 97
50 98
50 100
50 107
50 109
50 110
50 112
50 113
50 115
50 116
50 117
50 120
50 121
50 125
50 126
50 129
50 130
50 132
50 133
50 134
50 136
50 137
50 139
50 141
50 142
50 143
50 144
50 145
50 147
50 148
50 150
50 151
50 152
50 153
50 154
50 155
50 157
50 158
50 160
50 162
50 163
50 165
50 166
50 167
50 168
50 169
50 171
50 173
50 174
50 175
50 176
50 180
50 181
51 52
51 54
51 55
51 58
51 59
51 60
51 61
51 68
51 69
51 70
51 71
51 72
51 73
51 74
51 75
51 76
51 78
51 82
51 83
51 84
51 85
51 86
51 87
51 88
51 89
51 91
51 92
51 94
51 95
51 97
51 98
51 101
51 105
51 106
51 107
51 111
51 112
51 113
51 114
51 118
51 119
51 120
51 121
51 123
51 124
51 125
51 126
51 127
51 128
51 132
51 133
51 136
51 137
51 138
51 139
51 145
51 149
51 150
51 151
51 155
51 157
51 161
51 162
51 163
51 165
51 168
51 169
51 170
51 171
51 174
51 176
51 177
51 178
51 179
51 181
51 183
51 184
51 187
51 188
52 54
52 55
52 56
52 58
52 60
52 61
52 62
52 63
52 65
52 66
52 67
52 68
52 70
52 71
52 72
52 73
52 74
52 75
52 76
52 79
52 81
52 82
52 83
52 85
52 86
52 91
52 93
52 98
52 100
52 101
52 102
52 104
52 105
52 106
52 108
52 109
52 111
52 112
52 113
52 114
52 116
52 117
52 118
52 125
52 126
52 127
52 128
52 131
52 133
52 135
52 136
52 137
52 138
52 139
52 141
52 142
52 143
52 144
52 145
52 146
52 147
52 148
52 149
52 151
52 152
52 154
52 156
52 157
52 158
52 160
52 161
52 163
52 164
52 165
52 166
52 167
52 170
52 173
52 174
52 177
52 178
52 179
52 180
52 181
52 184
52 185
52 186
52 187
53 54
53 55
53 56
53 58
53 59
53 61
53 63
53 64
53 65
53 66
53 69
53 70
53 71
53 73
53 77
53 78
53 79
53 80
53 84
53 86
53 88
53 90
53 91
53 94
53 96
53 98
53 101
53 103
53 104
53 105
53 108
53 109
53 110
53 111
53 112
53 118
53 119
53 123
53 124
53 125
53 127
53 128
53 131
53 132
53 133
53 134
53 135
53 136
53 137
53 138
53 139
53 145
53 146
53 148
53 149
53 150
53 151
53 152
53 153
53 154
53 155
53 156
53 157
53 161
53 162
53 163
53 164
53 169
53 170
53 171
53 172
53 174
53 175
53 178
53 180
53 182
53 183
53 184
53 188
53 189
54 55
54 56
54 58
54 60
54 61
54 62
54 65
54 68
54 71
54 72
54 73
54 74
54 76
54 78
54 80
54 81
54 82
54 83
54 85
54 86
54 87
54 88
54 91
54 92
54 93
54 98
54 99
54 103
54 105
54 106
54 108
54 109
54 110
54 111
54 115
54 117
54 119
54 120
54 121
54 126
54 127
54 128
54 129
54 130
54 132
54 133
54 134
54 135
54 137
54 138
54 139
54 140
54 141
54 143
54 144
54 145
54 146
54 148
54 149
54 150
54 152
54 154
54 155
54 157
54 159
54 160
54 164
54 169
54 171
54 172
54 173
54 174
54 175
54 177
54 178
54 179
54 180
54 181
54 187
54 188
55 57
55 58
55 60
55 61
55 62
55 63
55 64
55 67
55 68
55 69
55 72
55 73
55 74
55 75
55 76
55 78
55 79
55 82
55 84
55 85
55 86
55 87
55 88
55 89
55 90
55 92
55 93
55 95
55 97
55 99
55 101
55 102
55 105
55 106
55 108
55 109
55 111
55 112
55 113
55 114
55 115
55 116
55 118
55 119
55 121
55 123
55 124
55 125
55 126
55 128
55 130
55 132
55 133
55 134
55 136
55 137
55 138
55 139
55 140
55 142
55 143
55 144
55 145
55 146
55 148
55 149
55 150
55 152
55 153
55 156
55 157
55 161
55 162
55 164
55 166
55 170
55 171
55 175
55 176
55 177
55 178
55 179
55 180
55 182
55 183
55 184
55 189
56 60
56 62
56 65
56 67
56 68
56 69
56 70
56 74
56 75
56 76
56 77
56 78
56 79
56 80
56 81
56 83
56 85
56 86
56 88
56 89
56 90
56 92
56 93
56 97
56 98
56 99
56 100
56 101
56 103
56 106
56 107
56 108
56 109
56 110
56 111
56 115
56 116
56 117
56 118
56 120
56 122
56 123
56 124
56 125
56 129
56 130
56 131
56 134
56 136
56 138
56 139
56 143
56 145
56 146
56 147
56 149
56 150
56 154
56 155
56 156
56 157
56 158
56 159
56 160
56 161
56 162
56 163
56 164
56 166
56 169
56 171
56 173
56 174
56 179
56 180
56 181
56 183
56 185
56 186
56 187
56 188
56 189
57 58
57 59
57 60
57 62
57 64
57 66
57 67
57 68
57 70
57 71
57 75
57 76
57 80
57 81
57 82
57 88
57 89
57 90
57 91
57 92
57 93
57 94
57 95
57 96
57 97
57 98
57 99
57 100
57 101
57 102
57 105
57 107
57 108
57 109
57 110
57 111
57 114
57 116
57 117
57 118
57 121
57 123
57 124
57 126
57 127
57 128
57 129
57 130
57 131
57 132
57 133
57 134
57 137
57 141
57 142
57 143
57 145
57 146
57 149
57 150
57 151
57 154
57 155
57 156
57 157
57 158
57 159
57 161
57 162
57 164
57 165
57 166
57 168
57 170
57 171
57 172
57 174
57 175
57 176
57 177
57 178
57 180
57 181
57 184
57 185
57 188
57 189
58 59
58 60
58 62
58 65
58 67
58 70
58 72
58 73
58 74
58 75
58 76
58 78
58 79
58 80
58 81
58 85
58 86
58 88
58 89
58 92
58 98
58 100
58 101
58 102
58 104
58 105
58 107
58 108
58 110
58 114
58 115
58 116
58 117
58 118
58 119
58 120
58 121
58 124
58 125
58 126
58 129
58 130
58 131
58 132
58 133
58 135
58 136
58 138
58 140
58 143
58 145
58 146
58 149
58 150
58 151
58 153
58 157
58 162
58 163
58 166
58 167
58 168
58 169
58 170
58 172
58 173
58 175
58 177
58 178
58 179
58 181
58 183
58 185
58 186
59 60
59 62
59 63
59 64
59 65
59 67
59 68
59 69
59 73
59 74
59 75
59 76
59 77
59 79
59 82
59 83
59 84
59 85
59 86
59 88
59 89
59 91
59 92
59 93
59 95
59 98
59 100
59 101
59 102
59 103
59 104
59 107
59 110
59 114
59 116
59 117
59 119
59 120
59 121
59 122
59 123
59 125
59 127
59 129
59 130
59 132
59 133
59 134
59 135
59 136
59 138
59 140
59 141
59 142
59 143
59 144
59 145
59 149
59 152
59 154
59 155
59 156
59 157
59 158
59 160
59 162
59 163
59 164
59 166
59 168
59 169
59 171
59 173
59 174
59 175
59 178
59 179
59 180
59 182
59 184
59 186
59 188
59 189
60 61
60 62
60 66
60 67
60 70
60 71
60 73
60 77
60 80
60 82
60 83
60 84
60 85
60 86
60 88
60 90
60 91
60 95
60 96
60 98
60 100
60 101
60 102
60 103
60 106
60 108
60 110
60 111
60 113
60 115
60 116
60 117
60 118
60 119
60 120
60 121
60 122
60 123
60 124
60 126
60 127
60 128
60 130
60 131
60 132
60 133
60 134
60 135
60 136
60 137
60 139
60 140
60 141
60 142
60 143
60 147
60 149
60 150
60 151
60 154
60 155
60 156
60 157
60 159
60 160
60 161
60 162
60 164
60 165
60 166
60 168
60 169
60 171
60 174
60 176
60 178
60 179
60 181
60 183
60 185
60 186
60 187
60 188
60 189
61 62
61 63
61 64
61 65
61 69
61 70
61 73
61 78
61 79
61 80
61 81
61 82
61 83
61 84
61 87
61 90
61 91
61 92
61 94
61 95
61 96
61 98
61 99
61 100
61 102
61 103
61 105
61 106
61 107
61 108
61 110
61 111
61 112
61 115
61 116
61 117
61 119
61 120
61 121
61 122
61 123
61 124
61 128
61 131
61 132
61 133
61 135
61 136
61 137
61 138
61 139
61 140
61 141
61 142
61 144
61 147
61 148
61 149
61 150
61 151
61 152
61 154
61 155
61 156
61 158
61 159
61 160
61 161
61 162
61 166
61 167
61 169
61 171
61 172
61 173
61 174
61 175
61 176
61 177
61 179
61 180
61 181
61 182
61 183
61 185
61 189
62 63
62 64
62 66
62 73
62 75
62 76
62 77
62 79
62 80
62 81
62 82
62 83
62 85
62 86
62 93
62 94
62 96
62 98
62 101
62 102
62 103
62 104
62 105
62 106
62 107
62 108
62 110
62 111
62 112
62 114
62 118
62 119
62 120
62 121
62 124
62 125
62 127
62 128
62 129
62 130
62 131
62 132
62 134
62 135
62 136
62 138
62 139
62 140
62 141
62 142
62 143
62 145
62 146
62 149
62 150
62 151
62 154
62 156
62 157
62 158
62 159
62 162
62 164
62 165
62 168
62 169
62 171
62 172
62 174
62 175
62 177
62 179
62 180
62 181
62 182
62 183
62 184
62 185
62 186
62 187
62 188
62 189
63 64
63 65
63 67
63 68
63 69
63 70
63 71
63 75
63 77
63 78
63 79
63 80
63 82
63 85
63 86
63 87
63 88
63 90
63 92
63 93
63 94
63 95
63 97
63 99
63 101
63 103
63 105
63 106
63 109
63 110
63 112
63 114
63 116
63 117
63 118
63 119
63 121
63 122
63 123
63 124
63 125
63 126
63 127
63 128
63 130
63 131
63 132
63 133
63 137
63 138
63 140
63 141
63 142
63 143
63 145
63 148
63 149
63 150
63 151
63 152
63 154
63 156
63 157
63 159
63 160
63 161
63 162
63 165
63 166
63 168
63 169
63 174
63 176
63 177
63 178
63 180
63 181
63 182
63 184
63 187
63 188
64 65
64 66
64 67
64 69
64 72
64 73
64 75
64 78
64 81
64 82
64 83
64 85
64 88
64 89
64 90
64 91
64 93
64 95
64 96
64 97
64 100
64 102
64 104
64 105
64 106
64 107
64 110
64 112
64 113
64 115
64 116
64 117
64 118
64 119
64 120
64 121
64 122
64 123
64 124
64 125
64 127
64 132
64 133
64 135
64 138
64 139
64 140
64 141
64 142
64 143
64 144
64 146
64 147
64 149
64 151
64 152
64 154
64 156
64 157
64 158
64 159
64 160
64 163
64 165
64 166
64 167
64 168
64 171
64 174
64 175
64 176
64 177
64 179
64 182
64 183
64 185
64 189
65 67
65 70
65 72
65 76
65 77
65 81
65 82
65 83
65 84
65 85
65 86
65 87
65 89
65 90
65 92
65 93
65 94
65 95
65 96
65 97
65 99
65 101
65 102
65 104
65 105
65 106
65 107
65 108
65 110
65 111
65 113
65 114
65 115
65 120
65 121
65 122
65 125
65 126
65 128
65 129
65 133
65 134
65 135
65 136
65 139
65 140
65 141
65 143
65 144
65 147
65 149
65 150
65 152
65 154
65 156
65 158
65 159
65 161
65 163
65 164
65 165
65 166
65 168
65 169
65 170
65 172
65 173
65 174
65 176
65 178
65 179
65 181
65 182
65 183
65 184
66 67
66 68
66 69
66 70
66 71
66 73
66 74
66 75
66 76
66 78
66 79
66 80
66 83
66 85
66 86
66 87
66 89
66 91
66 92
66 93
66 94
66 95
66 96
66 99
66 101
66 102
66 104
66 105
66 106
66 107
66 110
66 111
66 112
66 115
66 116
66 117
66 118
66 119
66 121
66 123
66 124
66 125
66 126
66 127
66 129
66 130
66 131
66 132
66 133
66 136
66 138
66 140
66 141
66 142
66 145
66 146
66 147
66 149
66 151
66 152
66 153
66 155
66 157
66 158
66 159
66 160
66 161
66 163
66 164
66 165
66 166
66 167
66 168
66 173
66 176
66 180
66 182
66 184
66 186
66 189
67 69
67 71
67 73
67 74
67 76
67 78
67 81
67 85
67 89
67 90
67 93
67 94
67 99
67 104
67 105
67 106
67 107
67 108
67 111
67 112
67 114
67 115
67 116
67 117
67 122
67 124
67 126
67 127
67 128
67 129
67 130
67 131
67 133
67 138
67 139
67 142
67 143
67 144
67 145
67 146
67 147
67 151
67 152
67 153
67 155
67 156
67 157
67 158
67 160
67 161
67 162
67 164
67 165
67 167
67 172
67 173
67 175
67 178
67 180
67 185
67 186
67 187
68 69
68 71
68 72
68 73
68 74
68 75
68 76
68 78
68 79
68 80
68 81
68 82
68 83
68 86
68 88
68 89
68 90
68 91
68 92
68 94
68 95
68 97
68 99
68 100
68 101
68 102
68 105
68 107
68 109
68 110
68 111
68 112
68 113
68 114
68 116
68 117
68 118
68 121
68 123
68 124
68 125
68 126
68 127
68 128
68 129
68 131
68 134
68 135
68 136
68 137
68 138
68 139
68 140
68 143
68 145
68 146
68 147
68 149
68 150
68 151
68 152
68 153
68 154
68 155
68 157
68 159
68 161
68 162
68 164
68 166
68 168
68 169
68 172
68 173
68 174
68 175
68 176
68 178
68 180
68 181
68 182
68 184
68 186
69 70
69 73
69 77
69 78
69 79
69 81
69 82
69 83
69 86
69 88
69 90
69 91
69 92
69 98
69 104
69 108
69 109
69 112
69 115
69 119
69 120
69 122
69 123
69 125
69 127
69 128
69 129
69 130
69 131
69 133
69 134
69 136
69 137
69 139
69 141
69 143
69 144
69 146
69 147
69 148
69 150
69 152
69 153
69 154
69 155
69 156
69 159
69 160
69 161
69 162
69 163
69 165
69 166
69 167
69 169
69 170
69 171
69 172
69 173
69 175
69 176
69 180
69 181
69 184
69 185
69 186
69 187
69 188
70 72
70 74
70 75
70 76
70 77
70 78
70 79
70 80
70 81
70 82
70 83
70 84
70 85
70 87
70 88
70 89
70 90
70 91
70 92
70 93
70 94
70 98
70 99
70 101
70 102
70 103
70 104
70 105
70 107
70 109
70 111
70 112
70 113
70 115
70 118
70 119
70 120
70 123
70 124
70 126
70 127
70 129
70 130
70 132
70 133
70 134
70 135
70 137
70 138
70 139
70 140
70 142
70 144
70 145
70 146
70 147
70 148
70 149
70 150
70 153
70 154
70 155
70 156
70 157
70 158
70 159
70 160
70 162
70 164
70 165
70 166
70 167
70 168
70 170
70 172
70 173
70 176
70 178
70 179
70 180
70 181
70 182
70 185
70 187
70 188
71 72
71 73
71 74
71 75
71 78
71 79
71 80
71 82
71 83
71 84
71 85
71 88
71 89
71 91
71 97
71 98
71 99
71 101
71 103
71 105
71 107
71 108
71 109
71 110
71 111
71 112
71 114
71 117
71 118
71 119
71 120
71 121
71 122
71 125
71 126
71 127
71 128
71 129
71 130
71 133
71 134
71 135
71 136
71 138
71 140
71 144
71 145
71 147
71 148
71 149
71 150
71 155
71 157
71 159
71 162
71 163
71 164
71 165
71 167
71 168
71 170
71 171
71 174
71 175
71 176
71 177
71 178
71 180
71 183
71 184
71 186
71 187
72 74
72 76
72 77
72 78
72 82
72 84
72 86
72 87
72 90
72 91
72 94
72 95
72 97
72 99
72 101
72 103
72 104
72 105
72 108
72 109
72 110
72 111
72 112
72 113
72 115
72 117
72 118
72 119
72 121
72 122
72 123
72 124
72 125
72 127
72 128
72 130
72 133
72 137
72 141
72 142
72 150
72 152
72 153
72 154
72 155
72 157
72 158
72 159
72 161
72 162
72 164
72 167
72 169
72 173
72 175
72 176
72 177
72 179
72 181
72 182
72 184
72 185
72 186
72 187
73 76
73 77
73 79
73 80
73 81
73 83
73 84
73 87
73 91
73 93
73 96
73 97
73 99
73 100
73 102
73 104
73 105
73 106
73 107
73 108
73 111
73 112
73 113
73 115
73 118
73 120
73 121
73 122
73 123
73 124
73 125
73 126
73 127
73 128
73 129
73 132
73 133
73 136
73 137
73 139
73 141
73 142
73 143
73 144
73 145
73 146
73 147
73 148
73 149
73 150
73 151
73 156
73 157
73 158
73 160
73 161
73 163
73 165
73 166
73 167
73 169
73 170
73 173
73 174
73 176
73 180
73 181
73 183
73 187
73 189
74 78
74 79
74 80
74 81
74 82
74 84
74 88
74 90
74 91
74 92
74 97
74 100
74 101
74 102
74 104
74 105
74 106
74 109
74 110
74 111
74 112
74 113
74 114
74 115
74 116
74 119
74 120
74 122
74 124
74 125
74 126
74 127
74 128
74 129
74 130
74 131
74 134
74 135
74 136
74 138
74 144
74 148
74 149
74 152
74 154
74 157
74 159
74 160
74 162
74 165
74 168
74 170
74 174
74 176
74 177
74 178
74 179
74 182
74 183
74 184
74 186
74 187
74 188
74 189
75 76
75 77
75 78
75 79
75 80
75 83
75 86
75 88
75 90
75 91
75 93
75 94
75 95
75 97
75 99
75 103
75 107
75 108
75 110
75 111
75 113
75 114
75 115
75 116
75 118
75 119
75 121
75 122
75 123
75 125
75 127
75 128
75 130
75 131
75 133
75 134
75 135
75 136
75 137
75 138
75 139
75 142
75 143
75 145
75 146
75 147
75 150
75 151
75 152
75 154
75 157
75 158
75 159
75 161
75 162
75 163
75 164
75 165
75 166
75 167
75 168
75 169
75 173
75 174
75 180
75 181
75 183
75 185
75 186
76 77
76 79
76 80
76 81
76 82
76 83
76 84
76 86
76 89
76 90
76 93
76 94
76 95
76 97
76 98
76 99
76 100
76 101
76 102
76 104
76 108
76 110
76 112
76 113
76 114
76 115
76 116
76 117
76 120
76 122
76 123
76 124
76 125
76 127
76 128
76 131
76 132
76 135
76 137
76 138
76 139
76 141
76 142
76 143
76 144
76 147
76 148
76 149
76 150
76 153
76 158
76 160
76 162
76 165
76 166
76 167
76 169
76 171
76 175
76 176
76 178
76 179
76 181
76 183
76 184
76 186
76 187
76 189
77 78
77 79
77 82
77 84
77 85
77 86
77 87
77 91
77 93
77 94
77 96
77 99
77 100
77 101
77 103
77 105
77 107
77 110
77 113
77 114
77 117
77 118
77 119
77 121
77 124
77 128
77 129
77 133
77 135
77 136
77 137
77 139
77 142
77 143
77 144
77 145
77 146
77 147
77 151
77 152
77 153
77 154
77 157
77 158
77 159
77 160
77 162
77 163
77 164
77 166
77 167
77 169
77 170
77 172
77 173
77 174
77 175
77 177
77 178
77 179
77 180
77 182
77 183
77 185
77 186
77 187
78 81
78 83
78 84
78 85
78 86
78 87
78 88
78 90
78 91
78 93
78 94
78 95
78 97
78 99
78 103
78 104
78 105
78 108
78 109
78 111
78 112
78 113
78 114
78 116
78 117
78 118
78 119
78 121
78 128
78 129
78 131
78 132
78 136
78 137
78 139
78 140
78 142
78 145
78 146
78 147
78 148
78 150
78 153
78 154
78 157
78 158
78 159
78 160
78 161
78 162
78 163
78 165
78 166
78 169
78 170
78 171
78 172
78 174
78 176
78 177
78 179
78 180
78 181
78 182
78 183
78 184
78 185
78 186
78 187
79 82
79 88
79 89
79 91
79 92
79 93
79 95
79 96
79 97
79 99
79 102
79 103
79 104
79 107
79 109
79 110
79 111
79 113
79 114
79 115
79 116
79 118
79 119
79 123
79 124
79 126
79 128
79 130
79 132
79 133
79 135
79 138
79 141
79 143
79 144
79 146
79 147
79 148
79 150
79 153
79 154
79 157
79 158
79 159
79 160
79 161
79 164
79 167
79 169
79 170
79 172
79 175
79 176
79 177
79 179
79 180
79 182
79 183
79 184
79 185
79 186
79 187
79 188
80 84
80 85
80 86
80 88
80 90
80 91
80 93
80 94
80 95
80 99
80 100
80 101
80 102
80 103
80 104
80 105
80 106
80 107
80 108
80 109
80 110
80 111
80 113
80 114
80 115
80 116
80 118
80 119
80 120
80 121
80 122
80 124
80 125
80 126
80 127
80 129
80 130
80 131
80 133
80 135
80 136
80 138
80 139
80 140
80 141
80 142
80 143
80 145
80 146
80 147
80 148
80 149
80 151
80 153
80 156
80 157
80 158
80 159
80 162
80 163
80 165
80 166
80 168
80 169
80 174
80 175
80 177
80 178
80 179
80 181
80 182
80 183
80 184
80 187
80 188
81 83
81 85
81 87
81 88
81 90
81 91
81 92
81 97
81 99
81 100
81 103
81 105
81 106
81 107
81 108
81 113
81 115
81 118
81 119
81 121
81 122
81 123
81 124
81 125
81 126
81 127
81 131
81 132
81 134
81 137
81 138
81 140
81 142
81 143
81 144
81 145
81 146
81 147
81 149
81 152
81 153
81 154
81 156
81 158
81 159
81 162
81 164
81 168
81 169
81 171
81 172
81 173
81 174
81 176
81 178
81 180
81 181
81 183
81 184
81 185
81 186
81 189
82 84
82 85
82 86
82 87
82 88
82 90
82 91
82 92
82 95
82 96
82 97
82 98
82 99
82 103
82 105
82 106
82 107
82 108
82 109
82 111
82 113
82 114
82 116
82 117
82 119
82 122
82 126
82 131
82 133
82 135
82 136
82 137
82 139
82 140
82 141
82 142
82 144
82 146
82 147
82 148
82 150
82 151
82 152
82 153
82 154
82 155
82 161
82 162
82 164
82 166
82 167
82 168
82 169
82 170
82 171
82 172
82 173
82 174
82 178
82 181
82 182
82 183
82 185
82 186
82 187
82 188
83 86
83 87
83 88
83 89
83 90
83 92
83 95
83 100
83 101
83 102
83 103
83 105
83 107
83 108
83 109
83 110
83 111
83 112
83 113
83 114
83 116
83 118
83 119
83 120
83 122
83 123
83 127
83 128
83 129
83 133
83 134
83 137
83 139
83 141
83 142
83 143
83 145
83 148
83 149
83 150
83 152
83 153
83 156
83 157
83 160
83 161
83 162
83 163
83 166
83 167
83 169
83 176
83 178
83 179
83 180
83 181
83 183
83 184
83 185
83 186
83 187
83 189
84 90
84 92
84 93
84 95
84 96
84 99
84 106
84 107
84 108
84 109
84 111
84 112
84 113
84 115
84 116
84 117
84 118
84 119
84 120
84 121
84 122
84 123
84 124
84 125
84 126
84 128
84 130
84 131
84 133
84 134
84 135
84 138
84 140
84 141
84 142
84 143
84 144
84 145
84 146
84 147
84 148
84 149
84 153
84 156
84 157
84 158
84 159
84 161
84 164
84 165
84 168
84 169
84 172
84 174
84 175
84 176
84 177
84 182
84 183
84 186
84 187
84 189
85 86
85 87
85 88
85 89
85 90
85 91
85 94
85 95
85 96
85 98
85 99
85 100
85 102
85 105
85 107
85 108
85 109
85 112
85 113
85 114
85 115
85 118
85 121
85 122
85 123
85 124
85 129
85 130
85 132
85 134
85 135
85 136
85 137
85 140
85 141
85 142
85 143
85 145
85 146
85 148
85 149
85 152
85 154
85 155
85 156
85 157
85 159
85 160
85 161
85 164
85 167
85 169
85 175
85 176
85 185
85 187
85 188
85 189
86 88
86 89
86 90
86 92
86 93
86 94
86 99
86 104
86 105
86 107
86 108
86 109
86 110
86 111
86 112
86 114
86 115
86 117
86 118
86 119
86 121
86 123
86 126
86 129
86 131
86 132
86 133
86 134
86 135
86 136
86 137
86 140
86 141
86 142
86 143
86 144
86 145
86 146
86 147
86 148
86 149
86 150
86 151
86 152
86 153
86 154
86 156
86 157
86 158
86 159
86 160
86 161
86 162
86 163
86 164
86 165
86 166
86 167
86 168
86 170
86 172
86 173
86 174
86 178
86 179
86 180
86 181
86 188
86 189
87 89
87 90
87 95
87 97
87 98
87 100
87 101
87 104
87 105
87 106
87 107
87 108
87 109
87 110
87 112
87 113
87 116
87 118
87 120
87 123
87 124
87 125
87 126
87 127
87 128
87 130
87 131
87 134
87 136
87 137
87 138
87 139
87 140
87 141
87 144
87 145
87 146
87 147
87 148
87 153
87 155
87 156
87 157
87 159
87 162
87 163
87 164
87 165
87 167
87 170
87 171
87 172
87 173
87 177
87 178
87 180
87 181
87 182
87 183
87 184
87 185
87 187
87 188
88 89
88 90
88 91
88 92
88 94
88 95
88 97
88 98
88 99
88 100
88 102
88 104
88 105
88 110
88 112
88 113
88 114
88 115
88 117
88 118
88 119
88 120
88 124
88 126
88 128
88 129
88 131
88 133
88 134
88 135
88 136
88 137
88 138
88 140
88 141
88 142
88 143
88 144
88 152
88 153
88 154
88 155
88 156
88 158
88 163
88 164
88 167
88 168
88 172
88 175
88 179
88 180
88 181
88 183
88 184
88 185
88 186
88 188
88 189
89 90
89 91
89 94
89 95
89 96
89 99
89 101
89 103
89 105
89 108
89 110
89 112
89 113
89 114
89 116
89 117
89 118
89 119
89 121
89 122
89 125
89 126
89 127
89 128
89 129
89 130
89 131
89 132
89 134
89 138
89 142
89 144
89 145
89 148
89 152
89 153
89 154
89 156
89 157
89 160
89 161
89 162
89 163
89 164
89 166
89 167
89 168
89 169
89 170
89 171
89 173
89 176
89 178
89 180
89 181
89 185
89 186
89 187
90 91
90 92
90 93
90 95
90 96
90 98
90 100
90 102
90 103
90 104
90 105
90 106
90 107
90 108
90 109
90 110
90 111
90 112
90 113
90 114
90 116
90 119
90 120
90 121
90 122
90 123
90 128
90 129
90 131
90 132
90 133
90 136
90 138
90 139
90 140
90 141
90 143
90 144
90 145
90 146
90 147
90 148
90 150
90 152
90 154
90 157
90 158
90 160
90 162
90 163
90 165
90 168
90 170
90 172
90 175
90 179
90 183
90 184
90 186
90 187
90 188
90 189
91 92
91 93
91 95
91 96
91 97
91 98
91 100
91 102
91 103
91 104
91 106
91 108
91 110
91 114
91 116
91 117
91 118
91 119
91 120
91 122
91 124
91 128
91 129
91 130
91 131
91 132
91 134
91 135
91 136
91 137
91 138
91 140
91 142
91 143
91 144
91 146
91 147
91 148
91 149
91 151
91 152
91 153
91 157
91 158
91 160
91 161
91 163
91 164
91 165
91 167
91 168
91 169
91 170
91 173
91 174
91 177
91 178
91 179
91 180
91 181
91 182
91 183
91 186
91 187
91 188
91 189
92 93
92 95
92 96
92 97
92 100
92 101
92 102
92 103
92 106
92 108
92 109
92 110
92 111
92 112
92 115
92 118
92 119
92 125
92 127
92 129
92 130
92 131
92 135
92 137
92 139
92 142
92 143
92 144
92 145
92 147
92 151
92 153
92 154
92 156
92 158
92 159
92 160
92 161
92 162
92 164
92 165
92 168
92 169
92 172
92 173
92 174
92 176
92 177
92 178
92 179
92 180
92 181
92 185
92 186
92 187
92 189
93 94
93 96
93 97
93 100
93 101
93 103
93 104
93 106
93 107
93 108
93 109
93 112
93 116
93 119
93 120
93 121
93 123
93 124
93 125
93 126
93 127
93 128
93 129
93 132
93 133
93 134
93 135
93 137
93 138
93 139
93 140
93 141
93 142
93 143
93 144
93 145
93 149
93 150
93 151
93 153
93 154
93 155
93 156
93 157
93 158
93 159
93 160
93 161
93 162
93 163
93 164
93 167
93 168
93 169
93 172
93 173
93 174
93 177
93 178
93 179
93 180
93 182
93 183
93 184
93 185
93 186
93 188
94 96
94 98
94 100
94 103
94 105
94 106
94 109
94 110
94 112
94 114
94 116
94 117
94 118
94 119
94 127
94 128
94 129
94 131
94 135
94 140
94 141
94 142
94 143
94 146
94 147
94 148
94 149
94 150
94 151
94 153
94 155
94 159
94 162
94 165
94 166
94 167
94 168
94 169
94 170
94 171
94 175
94 176
94 177
94 178
94 180
94 183
94 184
94 185
94 188
94 189
95 96
95 97
95 98
95 99
95 100
95 101
95 102
95 104
95 105
95 107
95 111
95 115
95 116
95 118
95 119
95 120
95 121
95 123
95 124
95 125
95 126
95 127
95 129
95 133
95 134
95 137
95 140
95 142
95 143
95 145
95 148
95 149
95 151
95 152
95 153
95 156
95 160
95 161
95 163
95 166
95 168
95 169
95 171
95 172
95 175
95 178
95 180
95 182
95 185
95 186
95 187
95 188
96 97
96 98
96 99
96 100
96 102
96 103
96 104
96 105
96 107
96 109
96 110
96 111
96 112
96 113
96 115
96 116
96 117
96 118
96 120
96 121
96 122
96 123
96 129
96 130
96 131
96 133
96 134
96 136
96 138
96 140
96 141
96 142
96 143
96 144
96 148
96 150
96 152
96 153
96 155
96 156
96 157
96 158
96 159
96 161
96 162
96 163
96 166
96 167
96 168
96 171
96 174
96 175
96 176
96 177
96 178
96 179
96 181
96 182
96 183
96 186
96 187
96 189
97 99
97 100
97 101
97 103
97 104
97 107
97 108
97 109
97 110
97 111
97 113
97 114
97 115
97 116
97 117
97 118
97 119
97 120
97 125
97 126
97 127
97 128
97 130
97 131
97 134
97 135
97 136
97 137
97 138
97 139
97 141
97 145
97 150
97 151
97 152
97 155
97 156
97 157
97 158
97 159
97 161
97 163
97 165
97 166
97 167
97 170
97 171
97 173
97 174
97 178
97 179
97 180
97 186
98 99
98 101
98 103
98 104
98 105
98 107
98 108
98 109
98 111
98 112
98 114
98 119
98 120
98 121
98 122
98 125
98 126
98 132
98 135
98 138
98 140
98 141
98 142
98 144
98 145
98 146
98 149
98 150
98 151
98 154
98 155
98 160
98 161
98 162
98 163
98 166
98 167
98 169
98 172
98 173
98 175
98 176
98 177
98 179
98 180
98 184
98 185
98 186
98 188
99 100
99 102
99 103
99 104
99 106
99 107
99 109
99 110
99 111
99 113
99 114
99 115
99 116
99 117
99 119
99 121
99 123
99 124
99 125
99 126
99 127
99 128
99 130
99 132
99 133
99 134
99 135
99 137
99 138
99 141
99 142
99 143
99 144
99 146
99 147
99 149
99 150
99 155
99 156
99 157
99 159
99 161
99 162
99 163
99 165
99 166
99 167
99 168
99 169
99 170
99 172
99 177
99 181
99 182
99 183
99 184
99 186
99 187
99 188
100 101
100 102
100 103
100 105
100 112
100 113
100 114
100 115
100 117
100 118
100 119
100 120
100 122
100 123
100 124
100 125
100 127
100 130
100 132
100 134
100 135
100 136
100 137
100 138
100 139
100 140
100 141
100 142
100 145
100 148
100 151
100 152
100 153
100 154
100 155
100 156
100 158
100 159
100 161
100 162
100 163
100 164
100 165
100 166
100 167
100 168
100 171
100 172
100 177
100 178
100 179
100 180
100 181
100 182
100 183
100 185
100 188
100 189
101 103
101 106
101 108
101 109
101 110
101 111
101 113
101 115
101 116
101 117
101 118
101 119
101 120
101 121
101 122
101 123
101 124
101 125
101 126
101 128
101 129
101 132
101 133
101 134
101 135
101 136
101 138
101 139
101 140
101 141
101 142
101 143
101 145
101 147
101 148
101 149
101 151
101 152
101 156
101 158
101 160
101 161
101 162
101 163
101 164
101 165
101 166
101 167
101 170
101 171
101 172
101 174
101 175
101 176
101 177
101 178
101 179
101 180
101 182
101 183
101 187
101 188
101 189
102 104
102 106
102 107
102 108
102 110
102 111
102 117
102 120
102 122
102 123
102 124
102 126
102 127
102 128
102 132
102 133
102 134
102 135
102 136
102 138
102 140
102 141
102 142
102 143
102 144
102 145
102 146
102 147
102 149
102 150
102 153
102 155
102 157
102 159
102 160
102 161
102 163
102 164
102 168
102 170
102 171
102 172
102 173
102 176
102 177
102 180
102 182
102 183
102 185
102 188
103 104
103 105
103 107
103 108
103 109
103 111
103 113
103 116
103 117
103 118
103 120
103 121
103 122
103 123
103 124
103 127
103 128
103 130
103 131
103 132
103 133
103 134
103 135
103 136
103 137
103 138
103 139
103 140
103 141
103 142
103 143
103 144
103 146
103 147
103 148
103 149
103 151
103 152
103 155
103 156
103 157
103 158
103 159
103 163
103 164
103 165
103 166
103 167
103 168
103 169
103 170
103 171
103 174
103 175
103 176
103 177
103 180
103 183
103 185
103 188
104 106
104 109
104 111
104 113
104 114
104 115
104 118
104 119
104 120
104 123
104 125
104 126
104 127
104 128
104 130
104 131
104 132
104 133
104 134
104 135
104 136
104 137
104 141
104 143
104 145
104 147
104 148
104 149
104 150
104 153
104 154
104 155
104 156
104 157
104 159
104 160
104 161
104 162
104 165
104 166
104 167
104 168
104 169
104 170
104 174
104 178
104 179
104 180
104 183
104 184
104 185
104 186
104 188
105 107
105 108
105 109
105 110
105 112
105 113
105 115
105 117
105 118
105 119
105 121
105 123
105 124
105 126
105 127
105 128
105 130
105 131
105 134
105 135
105 137
105 141
105 142
105 145
105 146
105 147
105 148
105 149
105 151
105 152
105 153
105 156
105 159
105 160
105 162
105 163
105 165
105 166
105 170
105 173
105 174
105 175
105 177
105 180
105 181
105 182
105 184
105 185
105 186
105 187
105 189
106 110
106 111
106 112
106 115
106 116
106 117
106 118
106 119
106 120
106 121
106 122
106 123
106 125
106 126
106 127
106 128
106 131
106 132
106 133
106 134
106 135
106 136
106 137
106 138
106 139
106 140
106 141
106 143
106 144
106 145
106 147
106 148
106 149
106 150
106 151
106 152
106 153
106 154
106 156
106 157
106 159
106 160
106 162
106 163
106 166
106 168
106 169
106 171
106 174
106 176
106 177
106 178
106 180
106 181
106 182
106 183
106 184
106 185
106 186
106 188
106 189
107 108
107 110
107 112
107 113
107 115
107 121
107 122
107 123
107 124
107 126
107 127
107 129
107 130
107 132
107 136
107 137
107 138
107 139
107 140
107 146
107 147
107 150
107 151
107 152
107 155
107 156
107 157
107 159
107 160
107 162
107 163
107 166
107 167
107 168
107 169
107 172
107 173
107 178
107 179
107 181
107 184
107 185
107 188
107 189
108 109
108 111
108 112
108 113
108 117
108 121
108 123
108 124
108 127
108 129
108 130
108 131
108 132
108 135
108 138
108 139
108 141
108 142
108 144
108 148
108 150
108 152
108 154
108 155
108 160
108 161
108 162
108 163
108 165
108 166
108 167
108 168
108 169
108 170
108 171
108 173
108 174
108 177
108 178
108 179
108 180
108 181
108 182
108 183
108 185
108 187
109 111
109 112
109 117
109 118
109 119
109 120
109 121
109 122
109 125
109 126
109 129
109 130
109 131
109 133
109 135
109 136
109 137
109 138
109 141
109 142
109 146
109 148
109 150
109 151
109 152
109 153
109 154
109 156
109 157
109 158
109 161
109 162
109 163
109 166
109 168
109 171
109 172
109 173
109 174
109 175
109 177
109 180
109 181
109 182
109 184
109 187
109 188
109 189
110 111
110 112
110 114
110 115
110 116
110 117
110 119
110 121
110 122
110 124
110 125
110 127
110 129
110 130
110 131
110 132
110 133
110 135
110 136
110 140
110 141
110 143
110 144
110 155
110 156
110 157
110 158
110 159
110 160
110 162
110 166
110 168
110 170
110 171
110 172
110 173
110 174
110 175
110 179
110 180
110 181
110 183
110 185
110 186
110 187
110 188
110 189
111 112
111 114
111 115
111 118
111 119
111 123
111 126
111 127
111 130
111 132
111 133
111 134
111 135
111 140
111 141
111 142
111 144
111 145
111 147
111 152
111 154
111 155
111 157
111 158
111 159
111 160
111 161
111 162
111 163
111 164
111 165
111 166
111 167
111 170
111 173
111 174
111 175
111 176
111 177
111 178
111 180
111 183
111 184
111 185
112 114
112 118
112 119
112 124
112 125
112 126
112 127
112 128
112 130
112 131
112 132
112 134
112 136
112 137
112 138
112 141
112 143
112 144
112 145
112 148
112 149
112 150
112 151
112 152
112 155
112 157
112 158
112 159
112 160
112 161
112 163
112 164
112 166
112 167
112 170
112 171
112 172
112 173
112 175
112 176
112 179
112 180
112 181
112 182
112 183
112 184
112 185
112 189
113 115
113 116
113 117
113 118
113 120
113 122
113 123
113 125
113 126
113 129
113 130
113 132
113 133
113 138
113 140
113 141
113 143
113 145
113 147
113 148
113 149
113 151
113 154
113 156
113 158
113 163
113 164
113 167
113 168
113 174
113 177
113 178
113 179
113 180
113 181
113 182
113 183
113 188
114 115
114 118
114 119
114 121
114 122
114 125
114 126
114 127
114 129
114 130
114 131
114 139
114 140
114 141
114 142
114 145
114 149
114 150
114 151
114 154
114 155
114 156
114 157
114 158
114 159
114 162
114 163
114 165
114 168
114 169
114 170
114 171
114 172
114 173
114 176
114 178
114 180
114 181
114 182
114 184
114 189
115 119
115 121
115 122
115 125
115 126
115 129
115 131
115 132
115 133
115 136
115 138
115 143
115 147
115 148
115 150
115 151
115 152
115 153
115 156
115 157
115 158
115 160
115 164
115 171
115 174
115 175
115 179
115 181
115 183
115 185
115 187
116 117
116 119
116 120
116 121
116 122
116 123
116 124
116 126
116 127
116 129
116 130
116 131
116 132
116 134
116 135
116 137
116 139
116 142
116 143
116 144
116 145
116 148
116 149
116 150
116 151
116 153
116 154
116 157
116 158
116 160
116 161
116 162
116 163
116 165
116 167
116 169
116 170
116 171
116 173
116 174
116 175
116 176
116 178
116 180
116 182
116 183
116 185
116 188
116 189
117 118
117 119
117 121
117 123
117 126
117 127
117 128
117 129
117 131
117 132
117 133
117 136
117 137
117 138
117 139
117 142
117 144
117 145
117 147
117 150
117 151
117 152
117 155
117 156
117 157
117 159
117 160
117 161
117 162
117 163
117 164
117 165
117 168
117 169
117 171
117 172
117 173
117 176
117 179
117 180
117 181
117 182
117 184
117 187
117 188
117 189
118 119
118 120
118 121
118 122
118 125
118 126
118 128
118 131
118 132
118 135
118 137
118 138
118 139
118 141
118 142
118 143
118 146
118 147
118 148
118 149
118 151
118 152
118 154
118 158
118 159
118 160
118 161
118 165
118 167
118 170
118 173
118 174
118 176
118 177
118 178
118 180
118 181
118 183
118 184
118 187
118 189
119 120
119 121
119 122
119 126
119 127
119 128
119 129
119 132
119 134
119 137
119 139
119 140
119 142
119 143
119 146
119 148
119 149
119 150
119 151
119 154
119 156
119 157
119 160
119 161
119 162
119 163
119 164
119 167
119 169
119 170
119 173
119 174
119 175
119 176
119 178
119 180
119 181
119 182
119 183
119 184
119 185
119 186
119 188
120 122
120 123
120 125
120 126
120 128
120 129
120 130
120 133
120 135
120 137
120 139
120 140
120 142
120 143
120 147
120 151
120 152
120 153
120 154
120 155
120 156
120 157
120 158
120 159
120 160
120 161
120 162
120 163
120 165
120 166
120 167
120 169
120 170
120 172
120 173
120 175
120 181
120 182
120 183
120 185
120 186
121 122
121 123
121 124
121 126
121 127
121 128
121 129
121 130
121 131
121 132
121 133
121 135
121 137
121 138
121 139
121 141
121 142
121 143
121 144
121 145
121 148
121 159
121 161
121 162
121 163
121 165
121 166
121 168
121 172
121 174
121 175
121 177
121 179
121 180
121 182
121 184
121 186
121 187
121 188
121 189
122 124
122 125
122 126
122 127
122 131
122 134
122 135
122 137
122 138
122 139
122 140
122 143
122 144
122 146
122 148
122 151
122 153
122 156
122 158
122 161
122 163
122 164
122 166
122 167
122 168
122 170
122 171
122 172
122 173
122 174
122 177
122 179
122 180
122 181
122 182
122 183
122 184
122 187
122 188
123 124
123 126
123 127
123 129
123 131
123 132
123 134
123 135
123 136
123 140
123 149
123 150
123 151
123 152
123 153
123 154
123 156
123 157
123 158
123 160
123 161
123 163
123 164
123 173
123 174
123 175
123 176
123 177
123 179
123 181
123 182
123 184
123 185
123 187
123 189
124 126
124 127
124 129
124 130
124 131
124 132
124 135
124 136
124 139
124 141
124 142
124 148
124 149
124 151
124 152
124 153
124 154
124 156
124 157
124 158
124 159
124 162
124 163
124 165
124 166
124 170
124 172
124 173
124 174
124 178
124 179
124 182
124 184
124 186
124 187
124 188
125 132
125 133
125 134
125 135
125 136
125 137
125 139
125 141
125 149
125 150
125 153
125 154
125 155
125 159
125 160
125 162
125 163
125 164
125 165
125 168
125 169
125 170
125 171
125 172
125 174
125 176
125 177
125 180
125 181
125 183
125 186
125 187
125 189
126 127
126 128
126 133
126 135
126 138
126 139
126 140
126 141
126 143
126 145
126 147
126 148
126 149
126 151
126 152
126 154
126 156
126 157
126 158
126 159
126 162
126 163
126 164
126 166
126 167
126 169
126 172
126 173
126 175
126 177
126 180
126 182
126 183
126 185
126 186
126 187
126 189
127 128
127 130
127 133
127 136
127 137
127 138
127 140
127 141
127 142
127 143
127 145
127 147
127 149
127 151
127 153
127 155
127 157
127 158
127 160
127 161
127 162
127 163
127 165
127 167
127 168
127 169
127 171
127 174
127 175
127 176
127 178
127 179
127 180
127 181
127 182
127 185
127 186
127 187
127 188
128 129
128 131
128 132
128 133
128 134
128 135
128 136
128 137
128 138
128 141
128 142
128 143
128 144
128 146
128 148
128 149
128 150
128 151
128 153
128 155
128 156
128 157
128 158
128 161
128 162
128 163
128 164
128 165
128 166
128 167
128 168
128 169
128 170
128 172
128 174
128 175
128 176
128 177
128 179
128 182
128 186
128 189
129 130
129 131
129 133
129 134
129 135
129 136
129 137
129 139
129 140
129 141
129 142
129 144
129 145
129 147
129 148
129 154
129 155
129 156
129 157
129 162
129 167
129 169
129 170
129 172
129 174
129 175
129 176
129 178
129 179
129 183
129 184
129 185
129 186
129 187
129 188
130 132
130 133
130 134
130 135
130 136
130 138
130 139
130 141
130 143
130 144
130 145
130 148
130 149
130 150
130 152
130 158
130 159
130 161
130 162
130 165
130 166
130 167
130 169
130 170
130 172
130 173
130 175
130 179
130 180
130 182
130 183
130 184
130 185
130 186
130 188
131 133
131 134
131 137
131 139
131 140
131 141
131 143
131 144
131 145
131 147
131 150
131 151
131 153
131 154
131 155
131 156
131 158
131 160
131 161
131 163
131 164
131 168
131 169
131 173
131 174
131 177
131 181
131 182
131 186
131 188
131 189
132 134
132 137
132 138
132 139
132 140
132 141
132 142
132 143
132 146
132 147
132 148
132 149
132 150
132 151
132 153
132 154
132 155
132 156
132 157
132 158
132 159
132 160
132 161
132 171
132 172
132 173
132 177
132 178
132 179
132 180
132 181
132 182
132 183
132 187
132 188
133 134
133 136
133 137
133 139
133 140
133 142
133 146
133 147
133 150
133 152
133 155
133 156
133 157
133 158
133 159
133 160
133 161
133 165
133 166
133 167
133 169
133 170
133 171
133 173
133 175
133 176
133 179
133 181
133 184
133 187
133 189
134 135
134 136
134 139
134 144
134 149
134 150
134 151
134 153
134 155
134 156
134 160
134 161
134 163
134 164
134 165
134 167
134 172
134 176
134 177
134 178
134 179
134 183
134 184
134 187
134 189
135 136
135 137
135 138
135 139
135 144
135 145
135 147
135 148
135 149
135 150
135 152
135 153
135 154
135 156
135 163
135 167
135 168
135 169
135 170
135 171
135 172
135 173
135 175
135 176
135 177
135 178
135 180
135 181
135 183
135 184
135 187
135 188
136 138
136 139
136 140
136 144
136 147
136 152
136 154
136 155
136 156
136 157
136 158
136 159
136 161
136 163
136 164
136 165
136 166
136 167
136 170
136 172
136 173
136 174
136 176
136 178
136 179
136 181
136 183
136 184
136 185
136 187
136 188
137 138
137 139
137 140
137 142
137 143
137 146
137 147
137 149
137 157
137 158
137 159
137 160
137 162
137 163
137 164
137 165
137 166
137 167
137 168
137 170
137 171
137 173
137 175
137 177
137 180
137 181
137 187
137 189
138 140
138 141
138 142
138 143
138 144
138 145
138 147
138 150
138 151
138 152
138 153
138 154
138 155
138 156
138 159
138 160
138 161
138 163
138 164
138 165
138 166
138 167
138 168
138 171
138 172
138 173
138 175
138 176
138 177
138 178
138 179
138 182
138 183
138 184
138 185
138 186
138 187
139 140
139 142
139 143
139 144
139 147
139 151
139 152
139 153
139 154
139 155
139 156
139 158
139 159
139 160
139 161
139 162
139 163
139 165
139 166
139 167
139 168
139 170
139 171
139 173
139 175
139 178
139 180
139 181
139 182
139 183
139 184
139 185
139 186
139 187
139 189
140 143
140 144
140 146
140 147
140 151
140 152
140 153
140 154
140 155
140 156
140 157
140 158
140 159
140 160
140 161
140 163
140 166
140 167
140 168
140 169
140 170
140 173
140 174
140 175
140 179
140 181
140 182
140 184
140 185
140 186
140 188
140 189
141 142
141 144
141 147
141 148
141 149
141 150
141 152
141 153
141 154
141 155
141 156
141 158
141 160
141 162
141 163
141 165
141 166
141 170
141 171
141 172
141 173
141 174
141 175
141 176
141 178
141 185
141 186
141 188
142 146
142 150
142 151
142 153
142 154
142 155
142 157
142 161
142 164
142 165
142 166
142 167
142 168
142 169
142 170
142 171
142 173
142 174
142 175
142 176
142 180
142 181
142 184
142 186
142 187
142 188
142 189
143 144
143 145
143 146
143 147
143 148
143 149
143 153
143 154
143 156
143 158
143 159
143 161
143 162
143 163
143 164
143 165
143 167
143 171
143 174
143 175
143 176
143 177
143 178
143 182
143 183
143 185
143 186
143 187
144 148
144 150
144 151
144 152
144 153
144 154
144 156
144 157
144 159
144 161
144 162
144 163
144 164
144 165
144 166
144 167
144 169
144 171
144 172
144 174
144 175
144 176
144 177
144 179
144 182
144 183
144 184
144 186
144 187
144 188
145 146
145 147
145 151
145 153
145 154
145 155
145 162
145 163
145 164
145 165
145 169
145 171
145 173
145 174
145 176
145 177
145 178
145 181
145 183
145 184
145 187
145 189
146 148
146 149
146 150
146 151
146 152
146 153
146 154
146 155
146 156
146 157
146 158
146 159
146 160
146 161
146 163
146 164
146 165
146 166
146 167
146 169
146 173
146 175
146 176
146 178
146 179
146 180
146 181
146 183
146 184
146 186
146 188
146 189
147 148
147 149
147 151
147 152
147 153
147 154
147 157
147 158
147 161
147 162
147 163
147 164
147 165
147 166
147 167
147 168
147 169
147 172
147 173
147 174
147 176
147 177
147 182
147 183
147 186
147 188
147 189
148 150
148 151
148 153
148 154
148 156
148 158
148 161
148 164
148 165
148 166
148 168
148 170
148 171
148 172
148 177
148 181
148 183
148 184
148 185
148 189
149 150
149 152
149 153
149 154
149 155
149 159
149 160
149 162
149 163
149 166
149 167
149 169
149 170
149 172
149 173
149 175
149 177
149 179
149 180
149 185
149 189
150 151
150 152
150 153
150 154
150 155
150 156
150 158
150 159
150 160
150 161
150 162
150 163
150 164
150 166
150 168
150 169
150 170
150 171
150 172
150 173
150 177
150 179
150 180
150 181
150 182
150 183
150 185
150 186
150 188
150 189
151 155
151 161
151 162
151 163
151 164
151 165
151 166
151 169
151 171
151 172
151 174
151 175
151 180
151 181
151 182
151 183
151 185
151 186
151 189
152 154
152 155
152 156
152 157
152 158
152 161
152 163
152 166
152 167
152 168
152 169
152 171
152 172
152 173
152 174
152 175
152 177
152 181
152 183
152 188
152 189
153 154
153 155
153 156
153 158
153 160
153 162
153 163
153 167
153 169
153 170
153 172
153 174
153 175
153 176
153 178
153 179
153 180
153 182
153 187
153 189
154 156
154 157
154 158
154 159
154 161
154 166
154 167
154 169
154 173
154 174
154 176
154 177
154 179
154 181
154 182
154 183
154 184
154 186
154 187
154 188
155 158
155 159
155 161
155 162
155 164
155 165
155 166
155 167
155 170
155 172
155 173
155 174
155 175
155 176
155 178
155 183
155 184
155 185
155 186
155 187
155 188
155 189
156 158
156 159
156 160
156 161
156 163
156 166
156 167
156 168
156 170
156 172
156 173
156 175
156 178
156 179
156 180
156 181
156 182
156 183
156 184
156 185
156 188
156 189
157 159
157 161
157 163
157 164
157 166
157 168
157 169
157 170
157 171
157 174
157 175
157 176
157 178
157 180
157 181
157 182
157 185
157 186
157 188
157 189
158 161
158 164
158 165
158 166
158 167
158 170
158 171
158 175
158 177
158 178
158 180
158 181
158 182
158 183
158 185
158 186
158 187
158 188
158 189
159 160
159 161
159 162
159 164
159 167
159 168
159 170
159 171
159 174
159 175
159 178
159 179
159 180
159 183
159 184
159 185
159 186
159 187
159 189
160 162
160 163
160 164
160 166
160 169
160 171
160 172
160 173
160 174
160 176
160 178
160 179
160 180
160 181
160 182
160 183
160 186
160 187
160 189
161 162
161 163
161 164
161 167
161 168
161 169
161 170
161 173
161 176
161 179
161 180
161 181
161 182
161 183
161 186
161 187
162 168
162 169
162 172
162 173
162 174
162 176
162 177
162 179
162 182
162 183
162 186
162 188
162 189
163 165
163 166
163 167
163 170
163 171
163 172
163 173
163 174
163 175
163 176
163 177
163 178
163 180
163 181
163 182
163 183
163 185
163 188
164 165
164 166
164 167
164 168
164 169
164 172
164 173
164 175
164 178
164 179
164 180
164 181
164 183
164 184
164 186
164 187
164 188
164 189
165 168
165 169
165 170
165 171
165 173
165 175
165 179
165 180
165 182
165 183
165 185
165 187
165 188
165 189
166 169
166 174
166 175
166 176
166 182
166 183
166 184
166 185
166 187
166 188
166 189
167 168
167 169
167 170
167 173
167 175
167 177
167 184
167 186
167 187
168 171
168 172
168 173
168 174
168 175
168 177
168 178
168 179
168 180
168 184
168 185
169 171
169 174
169 175
169 176
169 177
169 178
169 179
169 180
169 182
169 183
169 184
169 187
169 188
170 171
170 175
170 176
170 177
170 178
170 179
170 183
170 187
170 188
171 172
171 173
171 174
171 175
171 176
171 177
171 181
171 182
171 183
171 186
171 187
171 188
171 189
172 173
172 176
172 177
172 179
172 181
172 182
172 185
172 188
172 189
173 177
173 179
173 180
173 183
173 185
173 186
173 187
173 189
174 175
174 178
174 179
174 180
174 183
174 184
174 185
175 176
175 181
175 182
175 183
175 184
175 186
175 189
176 177
176 178
176 179
176 180
176 181
176 183
176 184
176 185
176 187
176 188
176 189
177 178
177 179
177 180
177 181
177 186
177 187
177 188
177 189
178 181
178 184
178 187
178 189
179 180
179 181
179 183
179 184
179 188
179 189
180 182
180 185
180 188
180 189
181 182
181 183
181 185
181 186
181 188
181 189
182 183
182 186
182 187
182 188
182 189
183 188
183 189
184 185
184 188
185 186
186 187
186 189
187 188
188 189
150 67 27 86 174 70 42 53 107 18 85 146 163 34 71 2 184 160 72 121 19 23 156 147 173 137 16 47 32 139 110 166 78 100 1 60 24 164 81 65 161 165 142 77 109 55 129 11 176 189 172 182 154 119 57 38 20
12 56 130 17 36 21 45 82 180 155 98 6 120 64 175 140 144 123 167 143 113 92 108 112 73 127 37 75 79 49 52 35 3 90 122 149 41 99 178 39 50 83 43 169 152 115 138 104 179 54 58 15 66 136 101 10 48
95 177 133 128 118 51 44 171 8 29 183 30 89 4 13 185 59 145 105 157 26 151 135 22 93 162 117 132 96 69 97 28 94 126 141 7 153 91 159 40 74 111 188 33 186 181 168 134 0 124 103 62 106 14 87 131 102
5 116 46 61 148 76 31 125 63 9 80 68 88 84 25 187 170 158 114
