190
1777
4
8.34
1.69
39.7
97.19
0 6
0 12
0 26
0 28
0 52
0 70
0 72
0 81
0 94
0 104
0 127
0 129
0 142
0 145
0 150
0 157
0 164
0 178
1 3
1 21
1 25
1 28
1 36
1 40
1 67
1 71
1 76
1 80
1 90
1 95
1 113
1 119
1 134
1 141
1 143
1 157
1 158
1 171
1 177
1 187
2 17
2 28
2 37
2 49
2 71
2 75
2 98
2 105
2 112
2 113
2 114
2 129
2 135
2 148
2 153
2 155
2 159
2 161
2 162
2 169
2 170
2 173
2 180
2 181
2 182
2 189
3 6
3 28
3 31
3 38
3 49
3 56
3 59
3 74
3 81
3 82
3 86
3 91
3 112
3 114
3 126
3 134
3 158
4 6
4 8
4 20
4 27
4 33
4 34
4 41
4 43
4 60
4 64
4 92
4 95
4 98
4 115
4 121
4 122
4 146
4 170
4 180
4 182
5 29
5 31
5 41
5 54
5 81
5 97
5 124
5 126
5 127
5 128
5 131
5 133
5 138
5 140
5 170
6 16
6 19
6 23
6 37
6 44
6 57
6 77
6 78
6 79
6 88
6 89
6 99
6 107
6 116
6 120
6 128
6 135
6 146
6 161
6 164
6 181
6 186
7 15
7 52
7 67
7 82
7 91
7 97
7 125
7 132
7 136
7 138
7 139
7 150
7 160
7 164
7 166
7 169
7 170
7 176
7 180
7 183
8 15
8 26
8 55
8 60
8 70
8 74
8 80
8 104
8 106
8 139
8 145
8 154
8 164
8 177
9 26
9 60
9 65
9 73
9 97
9 98
9 114
9 119
9 126
9 159
9 177
9 180
10 14
10 23
10 25
10 35
10 37
10 40
10 56
10 58
10 59
10 61
10 82
10 105
10 108
10 134
10 149
10 150
10 164
11 15
11 34
11 36
11 47
11 70
11 76
11 79
11 81
11 92
11 97
11 108
11 110
11 113
11 116
11 118
11 124
11 132
11 139
11 146
11 155
11 175
11 185
12 37
12 41
12 59
12 61
12 63
12 82
12 94
12 115
12 136
12 152
12 154
12 163
12 171
12 173
12 181
12 187
12 189
13 27
13 29
13 32
13 47
13 51
13 75
13 85
13 90
13 107
13 127
13 133
13 134
13 136
13 139
13 148
13 173
13 178
13 179
13 181
13 188
14 16
14 22
14 35
14 48
14 59
14 60
14 74
14 78
14 95
14 100
14 102
14 106
14 114
14 121
14 123
14 125
14 129
14 135
14 141
14 153
14 157
14 158
14 175
14 182
14 187
15 16
15 26
15 32
15 36
15 59
15 60
15 64
15 77
15 78
15 79
15 90
15 94
15 96
15 104
15 106
15 109
15 113
15 141
15 142
15 148
15 149
15 162
15 163
15 174
15 182
15 185
16 23
16 26
16 31
16 39
16 57
16 72
16 82
16 85
16 87
16 101
16 112
16 113
16 129
16 133
16 134
16 140
16 141
16 148
16 156
16 164
16 167
16 171
16 185
16 188
17 24
17 27
17 34
17 42
17 47
17 60
17 94
17 95
17 107
17 130
17 140
17 154
17 168
17 173
17 179
17 183
17 186
18 21
18 25
18 44
18 48
18 53
18 54
18 84
18 85
18 96
18 100
18 103
18 137
18 139
18 141
18 147
18 155
18 158
18 160
18 167
18 174
18 175
18 176
18 187
19 23
19 32
19 39
19 40
19 49
19 51
19 52
19 67
19 90
19 148
19 164
19 172
19 180
19 186
20 32
20 38
20 44
20 58
20 60
20 72
20 95
20 97
20 102
20 110
20 126
20 139
20 151
20 154
21 27
21 35
21 48
21 61
21 72
21 86
21 89
21 115
21 116
21 136
21 147
21 148
21 162
21 170
21 171
22 42
22 45
22 48
22 54
22 68
22 76
22 98
22 100
22 110
22 115
22 131
22 132
22 142
22 148
22 152
22 174
22 179
22 181
23 38
23 45
23 48
23 62
23 65
23 71
23 94
23 146
23 151
23 158
23 162
23 167
23 171
23 180
23 186
24 28
24 31
24 34
24 37
24 39
24 74
24 82
24 101
24 102
24 106
24 135
24 150
24 166
24 168
24 181
25 67
25 84
25 107
25 115
25 118
25 122
25 127
25 146
25 151
25 157
25 170
25 179
25 189
26 46
26 50
26 51
26 61
26 79
26 88
26 92
26 100
26 104
26 183
27 36
27 48
27 58
27 70
27 82
27 85
27 90
27 124
27 139
27 151
27 159
27 166
27 175
28 29
28 37
28 68
28 91
28 96
28 122
28 126
28 133
28 142
28 145
28 147
28 160
28 171
28 173
28 178
29 32
29 41
29 43
29 73
29 81
29 87
29 93
29 135
29 136
29 149
29 156
29 159
29 174
29 188
30 51
30 66
30 73
30 80
30 101
30 105
30 106
30 110
30 112
30 126
30 136
30 137
30 150
30 151
30 164
30 178
30 181
31 39
31 52
31 55
31 57
31 58
31 69
31 91
31 99
31 111
31 125
31 128
31 135
31 139
31 141
31 158
31 170
31 171
32 34
32 41
32 85
32 91
32 127
32 128
32 137
32 138
32 141
32 167
32 178
32 181
32 187
32 189
33 34
33 40
33 49
33 50
33 55
33 71
33 89
33 93
33 124
33 127
33 138
33 147
33 150
33 155
33 186
33 189
34 37
34 40
34 53
34 109
34 126
34 156
34 158
34 159
34 162
34 176
35 53
35 60
35 80
35 89
35 94
35 99
35 119
35 122
35 130
35 139
35 152
35 157
35 165
35 177
36 40
36 41
36 43
36 45
36 52
36 53
36 63
36 67
36 70
36 93
36 108
36 113
36 115
36 140
36 155
36 165
36 169
36 175
36 179
36 185
36 189
37 45
37 55
37 56
37 65
37 73
37 79
37 102
37 105
37 108
37 123
37 129
37 140
37 146
37 148
37 154
37 168
37 171
37 172
37 175
37 182
37 186
37 188
38 73
38 77
38 82
38 83
38 88
38 104
38 106
38 107
38 119
38 126
38 136
38 138
38 146
38 148
38 153
38 156
38 162
38 186
39 42
39 44
39 52
39 65
39 67
39 79
39 85
39 100
39 103
39 108
39 129
39 149
39 155
39 183
39 184
40 78
40 84
40 88
40 97
40 105
40 106
40 107
40 115
40 116
40 129
40 135
40 137
40 169
40 172
41 47
41 59
41 67
41 76
41 79
41 87
41 92
41 104
41 111
41 113
41 120
41 131
41 145
41 158
41 160
41 164
41 168
41 170
41 179
42 45
42 49
42 50
42 62
42 71
42 73
42 77
42 87
42 94
42 125
42 142
42 163
42 165
42 166
43 47
43 52
43 53
43 72
43 81
43 82
43 108
43 109
43 113
43 121
43 126
43 133
43 156
43 184
44 67
44 69
44 76
44 84
44 91
44 107
44 109
44 128
44 137
44 141
44 174
44 186
44 189
45 51
45 58
45 65
45 78
45 86
45 92
45 93
45 95
45 99
45 105
45 109
45 140
45 146
45 175
45 182
46 47
46 48
46 60
46 78
46 88
46 89
46 94
46 114
46 124
46 128
46 129
46 157
46 166
46 176
47 54
47 77
47 86
47 129
47 131
47 138
47 140
47 142
47 149
47 154
47 155
47 162
47 172
47 173
48 58
48 64
48 65
48 80
48 92
48 104
48 121
48 132
48 134
48 135
48 160
48 168
48 176
48 178
49 60
49 94
49 98
49 99
49 104
49 113
49 145
49 162
49 166
49 182
49 187
50 62
50 77
50 87
50 104
50 111
50 135
50 146
50 164
50 178
51 53
51 58
51 65
51 70
51 73
51 86
51 90
51 99
51 124
51 142
51 144
51 155
51 156
51 159
51 166
52 58
52 59
52 63
52 66
52 72
52 88
52 126
52 129
52 140
52 142
52 154
52 157
52 159
53 71
53 99
53 120
53 136
53 141
53 149
53 157
53 159
53 161
53 181
53 182
53 185
54 65
54 70
54 92
54 93
54 97
54 111
54 117
54 120
54 121
54 136
54 149
54 152
54 153
54 156
54 157
54 181
54 183
54 189
55 89
55 90
55 105
55 115
55 120
55 144
55 147
55 153
55 172
55 174
55 182
55 186
55 188
56 62
56 80
56 88
56 90
56 94
56 95
56 116
56 122
56 155
56 156
56 158
56 175
56 178
57 64
57 72
57 75
57 81
57 109
57 112
57 145
57 163
57 180
57 184
58 62
58 64
58 69
58 96
58 99
58 131
58 141
58 146
58 150
58 162
58 171
58 172
58 174
58 178
58 182
59 62
59 82
59 93
59 100
59 121
59 131
59 139
59 140
59 163
59 165
59 188
60 71
60 76
60 77
60 80
60 88
60 127
60 130
60 131
60 148
60 181
61 74
61 84
61 90
61 134
61 138
61 153
61 154
61 169
61 174
61 176
61 185
62 63
62 82
62 101
62 104
62 135
62 136
62 137
62 143
63 73
63 78
63 84
63 90
63 96
63 118
63 126
63 127
63 129
63 140
63 153
63 164
63 167
64 66
64 86
64 87
64 88
64 103
64 107
64 108
64 118
64 169
64 174
64 189
65 77
65 90
65 93
65 107
65 112
65 118
65 144
65 161
65 165
65 177
65 179
66 67
66 105
66 123
66 142
66 143
66 144
66 145
66 169
66 172
66 187
67 105
67 106
67 118
67 140
67 160
67 163
68 81
68 84
68 85
68 86
68 96
68 118
68 122
68 130
68 149
69 87
69 89
69 90
69 108
69 148
69 153
70 72
70 77
70 79
70 81
70 120
70 130
70 142
70 143
70 152
70 171
70 183
71 76
71 88
71 96
71 100
71 105
71 114
71 129
71 131
71 153
71 154
71 158
71 166
71 183
72 84
72 94
72 104
72 108
72 112
72 116
72 130
72 144
72 145
72 162
73 80
73 93
73 97
73 99
73 114
73 133
73 152
73 155
73 156
73 157
73 173
73 184
74 84
74 125
74 126
74 131
74 133
74 136
74 138
74 147
74 148
74 155
74 169
74 174
74 177
74 183
74 188
74 189
75 82
75 92
75 128
75 129
75 173
75 188
76 94
76 103
76 110
76 149
76 150
76 171
76 185
77 87
77 95
77 106
77 113
77 145
77 158
77 162
77 175
78 85
78 89
78 91
78 112
78 150
78 151
78 155
78 173
79 88
79 108
79 121
79 124
79 144
79 148
79 149
79 152
79 157
79 164
79 167
79 168
79 183
79 187
80 86
80 93
80 97
80 100
80 112
80 124
80 147
80 177
80 180
80 185
80 188
81 89
81 92
81 99
81 120
81 133
81 134
81 135
82 96
82 98
82 102
82 120
82 135
82 146
82 150
82 170
82 177
82 178
82 182
82 188
83 84
83 93
83 124
83 132
83 148
83 157
83 165
83 182
84 92
84 107
84 123
84 136
84 139
84 140
84 167
84 177
85 99
85 112
85 120
85 124
85 143
85 144
85 150
85 166
85 179
86 99
86 122
86 131
86 134
86 162
86 167
86 184
87 95
87 98
87 110
87 121
87 128
87 133
87 134
87 137
87 140
87 141
87 150
87 153
87 162
87 173
87 178
87 182
88 96
88 107
88 117
88 119
88 148
88 150
88 156
88 166
88 176
89 90
89 92
89 121
89 136
89 150
89 157
89 158
89 165
89 166
89 184
90 93
90 95
90 113
90 118
90 125
90 131
90 132
90 141
90 163
90 164
90 167
90 170
90 172
90 177
90 180
90 186
90 188
91 112
91 119
91 125
91 156
91 170
91 180
92 99
92 103
92 121
92 128
92 154
92 157
92 158
92 165
92 168
92 173
92 184
93 95
93 105
93 106
93 127
93 133
93 145
93 155
93 171
93 179
94 98
94 99
94 100
94 102
94 113
94 119
94 120
94 126
94 133
94 135
94 137
94 165
94 171
95 114
95 129
95 146
95 152
95 172
95 184
96 101
96 102
96 116
96 165
96 180
96 183
96 188
97 100
97 119
97 125
97 159
97 160
97 165
97 171
97 175
97 184
97 187
98 101
98 107
98 121
98 124
98 125
98 145
98 151
98 154
98 160
98 163
98 180
98 182
98 184
98 186
99 100
99 120
99 154
99 159
99 177
99 179
100 113
100 131
100 132
100 160
100 171
100 173
101 103
101 144
101 153
101 154
101 166
101 168
101 173
101 183
102 109
102 119
102 129
102 134
102 135
102 138
102 147
102 149
102 150
102 170
102 178
103 105
103 107
103 119
103 127
103 131
103 141
103 148
103 159
103 174
103 185
104 106
104 128
104 138
104 148
104 151
104 156
104 158
104 162
104 172
105 118
105 155
105 160
105 169
105 180
105 182
105 183
106 108
106 110
106 112
106 116
106 122
106 126
106 128
106 154
106 162
106 164
106 165
106 168
106 170
107 108
107 114
107 115
107 131
107 140
107 151
107 164
107 166
107 177
107 185
108 120
108 141
108 175
108 188
109 125
109 127
109 128
109 148
109 153
109 160
109 164
109 166
109 170
109 176
109 182
110 125
110 126
110 135
110 147
110 154
110 169
111 113
111 146
111 147
111 168
111 170
111 173
111 176
111 180
111 182
111 187
112 121
112 140
112 147
112 164
112 167
112 175
112 180
112 182
112 186
113 119
113 129
113 133
113 137
113 147
113 160
113 170
113 174
114 117
114 119
114 124
114 133
114 138
114 142
114 144
114 146
114 155
114 158
114 175
114 176
114 186
114 188
114 189
115 118
115 120
115 144
115 145
115 180
116 117
116 118
116 121
116 131
116 133
116 148
116 158
116 161
116 165
116 176
117 173
117 174
117 186
117 187
118 134
118 179
118 183
118 184
118 188
119 123
119 124
119 128
119 144
119 186
120 122
120 123
120 140
120 141
120 144
120 153
120 161
120 177
120 181
120 186
120 187
121 125
121 135
121 138
121 154
121 167
122 158
122 177
122 188
123 127
123 131
123 133
123 142
123 160
123 163
123 167
124 133
124 134
124 135
124 181
124 189
125 142
125 175
125 185
125 189
126 133
126 150
126 160
126 170
126 179
126 188
127 148
127 152
127 160
127 165
127 168
127 172
128 129
128 141
128 143
128 154
128 159
128 160
128 161
128 168
128 175
128 184
129 150
129 157
129 165
129 173
129 184
129 189
130 137
130 141
130 163
130 164
130 179
131 140
131 150
131 162
131 175
131 178
131 183
132 136
132 145
132 147
132 148
132 150
132 167
132 170
132 174
132 176
132 178
133 135
133 138
133 143
133 150
133 155
133 162
133 165
133 169
133 189
134 141
134 143
134 144
134 171
134 175
134 179
134 187
134 188
135 138
135 144
135 146
135 163
135 165
135 180
135 182
135 184
136 137
136 156
136 159
136 160
136 172
136 176
137 153
137 156
137 167
137 169
137 177
137 185
138 141
138 154
138 157
138 171
138 181
138 187
139 148
139 155
139 162
140 163
140 167
140 174
140 188
140 189
141 148
141 152
141 156
141 163
141 170
142 176
143 175
144 145
144 149
144 175
144 182
145 149
145 165
145 181
145 183
146 149
146 152
146 168
146 172
146 184
147 154
147 162
147 164
147 168
147 169
147 181
147 189
148 149
148 172
148 182
149 168
149 174
149 175
149 177
149 180
149 186
150 172
150 176
150 182
150 189
151 152
151 165
152 154
152 176
152 179
152 189
153 167
153 169
153 176
154 169
154 179
154 182
154 188
155 168
155 169
155 172
155 175
155 176
155 187
156 157
156 160
156 165
156 183
157 159
157 162
157 169
157 179
157 186
158 167
158 178
158 179
158 183
159 172
159 185
159 189
160 166
161 163
161 171
161 187
163 170
163 176
164 172
164 186
165 188
166 170
166 189
167 173
167 177
167 187
167 189
168 177
168 180
168 186
168 187
169 178
169 186
169 189
171 182
172 176
172 184
173 174
173 179
173 188
174 186
178 180
178 185
179 186
179 189
181 187
185 186
185 187
186 188
134 34 99 105 107 40 133 142 147 148 52 27 24 187 152 109 106 108 21 123 168 57 10 145 94 8 23 44 172 174 70 74 53 20 189 41 82 35 29 2 51 146 139 101 39 5 180 65 91 127 122 95 117 158 81 13 72
54 11 61 15 1 73 79 183 18 176 170 22 16 62 9 110 12 25 63 160 129 87 60 151 19 111 97 89 76 7 132 184 55 115 156 164 67 162 182 153 143 165 98 186 30 90 100 45 140 38 47 141 75 150 31 155 121
136 154 167 120 188 42 88 114 17 177 14 104 138 50 163 49 157 128 3 68 77 36 96 112 85 131 149 173 86 6 93 92 56 58 80 178 64 71 33 59 125 69 26 116 28 175 130 166 113 126 83 102 118 103 144 78 84
137 37 43 0 46 169 179 124 171 135 4 161 181 66 159 32 185 48 119
