150
5558
7
17.51
20.83
22.7
12.64
68.26
57.03
33.13
0 3
0 4
0 5
0 6
0 10
0 11
0 12
0 13
0 17
0 19
0 25
0 26
0 27
0 29
0 34
0 37
0 38
0 43
0 46
0 48
0 50
0 51
0 55
0 56
0 58
0 59
0 60
0 61
0 63
0 68
0 69
0 71
0 72
0 73
0 74
0 76
0 77
0 79
0 80
0 86
0 88
0 89
0 90
0 92
0 93
0 94
0 95
0 96
0 97
0 99
0 100
0 104
0 108
0 109
0 111
0 113
0 114
0 117
0 118
0 119
0 120
0 121
0 123
0 127
0 129
0 130
0 132
0 134
0 135
0 141
0 142
0 144
0 145
0 147
0 148
0 149
1 3
1 5
1 6
1 7
1 9
1 18
1 21
1 22
1 24
1 25
1 26
1 27
1 28
1 29
1 30
1 32
1 33
1 34
1 37
1 39
1 41
1 46
1 47
1 49
1 53
1 57
1 58
1 59
1 61
1 62
1 63
1 66
1 69
1 71
1 76
1 77
1 78
1 83
1 84
1 85
1 88
1 90
1 92
1 93
1 96
1 97
1 101
1 102
1 103
1 105
1 109
1 110
1 112
1 113
1 116
1 124
1 127
1 129
1 130
1 133
1 136
1 139
1 143
1 144
2 3
2 5
2 8
2 11
2 12
2 14
2 16
2 17
2 18
2 20
2 21
2 22
2 25
2 26
2 27
2 30
2 31
2 33
2 35
2 37
2 38
2 39
2 44
2 46
2 51
2 52
2 54
2 55
2 56
2 57
2 61
2 64
2 67
2 71
2 73
2 74
2 77
2 78
2 80
2 82
2 85
2 87
2 88
2 91
2 99
2 107
2 108
2 113
2 116
2 120
2 123
2 125
2 126
2 127
2 128
2 130
2 131
2 132
2 134
2 135
2 136
2 138
2 140
2 141
2 143
2 144
2 148
3 4
3 5
3 8
3 13
3 16
3 17
3 21
3 22
3 23
3 25
3 28
3 29
3 30
3 33
3 34
3 36
3 38
3 39
3 52
3 54
3 55
3 58
3 59
3 60
3 61
3 62
3 64
3 66
3 67
3 70
3 73
3 74
3 75
3 76
3 79
3 80
3 81
3 83
3 84
3 85
3 86
3 87
3 88
3 90
3 92
3 94
3 97
3 101
3 102
3 104
3 105
3 106
3 107
3 108
3 117
3 123
3 124
3 127
3 129
3 130
3 132
3 133
3 135
3 136
3 139
3 140
3 141
3 142
3 143
3 145
3 149
4 5
4 9
4 11
4 15
4 17
4 18
4 22
4 24
4 27
4 30
4 31
4 34
4 36
4 38
4 39
4 40
4 44
4 45
4 46
4 50
4 55
4 57
4 60
4 62
4 63
4 68
4 71
4 74
4 79
4 82
4 83
4 85
4 86
4 87
4 89
4 95
4 97
4 98
4 101
4 106
4 108
4 109
4 111
4 112
4 113
4 114
4 115
4 116
4 118
4 121
4 122
4 128
4 131
4 134
4 137
4 139
4 141
4 147
4 149
5 6
5 8
5 9
5 12
5 14
5 16
5 22
5 27
5 37
5 38
5 44
5 45
5 46
5 48
5 50
5 51
5 52
5 54
5 55
5 57
5 58
5 59
5 65
5 66
5 67
5 68
5 72
5 73
5 75
5 76
5 79
5 83
5 86
5 90
5 91
5 95
5 96
5 97
5 98
5 99
5 100
5 101
5 102
5 104
5 105
5 107
5 108
5 109
5 111
5 115
5 116
5 121
5 125
5 126
5 127
5 130
5 131
5 133
5 137
5 139
5 140
5 141
5 142
5 143
5 146
5 148
6 7
6 9
6 13
6 14
6 15
6 18
6 19
6 20
6 25
6 26
6 28
6 32
6 35
6 36
6 38
6 39
6 41
6 42
6 43
6 45
6 47
6 49
6 50
6 51
6 54
6 55
6 56
6 57
6 58
6 63
6 64
6 65
6 66
6 67
6 68
6 69
6 71
6 72
6 73
6 74
6 77
6 78
6 80
6 83
6 84
6 88
6 90
6 93
6 96
6 97
6 98
6 99
6 101
6 103
6 104
6 106
6 109
6 112
6 113
6 114
6 121
6 124
6 125
6 128
6 129
6 132
6 133
6 135
6 138
6 140
6 141
6 144
6 147
6 148
6 149
7 13
7 14
7 15
7 16
7 17
7 18
7 19
7 20
7 21
7 24
7 25
7 28
7 29
7 32
7 34
7 35
7 38
7 42
7 43
7 45
7 47
7 51
7 52
7 54
7 55
7 56
7 57
7 61
7 62
7 64
7 65
7 66
7 68
7 70
7 71
7 75
7 76
7 78
7 81
7 82
7 87
7 88
7 89
7 90
7 96
7 99
7 101
7 104
7 106
7 107
7 108
7 110
7 115
7 116
7 117
7 118
7 119
7 120
7 129
7 130
7 133
7 135
7 137
7 138
7 142
7 143
7 145
7 146
7 149
8 9
8 10
8 11
8 12
8 13
8 15
8 16
8 22
8 25
8 26
8 27
8 31
8 34
8 36
8 37
8 40
8 41
8 42
8 44
8 45
8 46
8 48
8 49
8 54
8 55
8 56
8 57
8 58
8 61
8 66
8 69
8 72
8 74
8 75
8 76
8 79
8 81
8 83
8 84
8 86
8 87
8 90
8 91
8 100
8 104
8 105
8 108
8 110
8 113
8 117
8 119
8 122
8 123
8 124
8 125
8 127
8 128
8 129
8 131
8 132
8 133
8 135
8 136
8 137
8 138
8 140
8 143
8 144
8 146
8 148
9 10
9 15
9 19
9 20
9 23
9 26
9 30
9 32
9 34
9 37
9 39
9 40
9 46
9 47
9 51
9 55
9 56
9 57
9 58
9 60
9 62
9 63
9 66
9 67
9 70
9 71
9 73
9 76
9 77
9 78
9 79
9 80
9 83
9 84
9 86
9 89
9 92
9 93
9 94
9 95
9 98
9 100
9 101
9 102
9 103
9 104
9 105
9 109
9 110
9 112
9 113
9 115
9 118
9 119
9 120
9 122
9 125
9 126
9 129
9 130
9 133
9 134
9 135
9 136
9 137
9 138
9 140
9 141
9 143
9 146
9 147
9 148
10 11
10 15
10 16
10 17
10 18
10 20
10 21
10 23
10 30
10 33
10 36
10 38
10 40
10 41
10 42
10 43
10 46
10 47
10 50
10 51
10 52
10 53
10 55
10 57
10 58
10 59
10 61
10 62
10 64
10 71
10 74
10 75
10 76
10 79
10 81
10 84
10 86
10 88
10 90
10 91
10 92
10 94
10 95
10 98
10 100
10 102
10 104
10 108
10 109
10 112
10 115
10 116
10 118
10 119
10 121
10 122
10 126
10 127
10 131
10 132
10 133
10 136
10 138
10 139
10 142
10 143
10 145
10 147
11 13
11 15
11 17
11 18
11 20
11 21
11 22
11 25
11 30
11 32
11 34
11 41
11 46
11 47
11 48
11 50
11 51
11 53
11 55
11 57
11 58
11 59
11 60
11 61
11 62
11 65
11 66
11 67
11 69
11 71
11 73
11 74
11 75
11 76
11 82
11 84
11 85
11 89
11 91
11 92
11 93
11 99
11 100
11 101
11 105
11 106
11 107
11 108
11 112
11 114
11 115
11 118
11 119
11 120
11 123
11 125
11 128
11 130
11 131
11 132
11 134
11 136
11 139
11 140
11 141
11 144
11 147
12 13
12 14
12 17
12 18
12 24
12 26
12 27
12 31
12 32
12 37
12 38
12 41
12 43
12 45
12 46
12 47
12 50
12 51
12 53
12 54
12 56
12 57
12 58
12 60
12 61
12 63
12 66
12 67
12 68
12 71
12 72
12 75
12 81
12 82
12 85
12 87
12 88
12 90
12 91
12 95
12 96
12 107
12 109
12 110
12 112
12 114
12 116
12 118
12 120
12 126
12 127
12 128
12 129
12 130
12 131
12 137
12 140
12 143
12 145
12 146
12 149
13 14
13 18
13 19
13 20
13 23
13 31
13 33
13 34
13 35
13 36
13 37
13 38
13 40
13 41
13 45
13 48
13 49
13 53
13 56
13 57
13 61
13 62
13 64
13 65
13 66
13 67
13 69
13 71
13 72
13 73
13 74
13 76
13 77
13 78
13 84
13 86
13 87
13 91
13 93
13 95
13 96
13 101
13 102
13 106
13 108
13 109
13 111
13 112
13 113
13 114
13 116
13 119
13 121
13 128
13 129
13 130
13 131
13 133
13 135
13 136
13 137
13 138
13 140
13 141
13 143
13 144
13 145
14 15
14 20
14 21
14 24
14 26
14 27
14 28
14 31
14 34
14 35
14 39
14 42
14 43
14 44
14 50
14 51
14 52
14 55
14 57
14 58
14 60
14 61
14 62
14 63
14 64
14 66
14 69
14 70
14 73
14 74
14 75
14 76
14 77
14 78
14 80
14 81
14 82
14 83
14 85
14 87
14 89
14 90
14 93
14 94
14 95
14 96
14 98
14 100
14 101
14 103
14 105
14 106
14 110
14 111
14 114
14 115
14 116
14 117
14 121
14 125
14 126
14 129
14 132
14 135
14 136
14 137
14 140
14 141
14 147
15 17
15 19
15 22
15 26
15 29
15 30
15 33
15 35
15 43
15 44
15 45
15 46
15 47
15 51
15 53
15 54
15 56
15 57
15 59
15 60
15 61
15 62
15 63
15 64
15 65
15 66
15 67
15 68
15 72
15 74
15 75
15 76
15 79
15 80
15 81
15 82
15 83
15 84
15 86
15 88
15 94
15 95
15 97
15 98
15 99
15 100
15 103
15 105
15 106
15 110
15 111
15 112
15 117
15 119
15 120
15 121
15 124
15 128
15 129
15 130
15 131
15 138
15 139
15 140
15 141
15 142
15 145
15 148
15 149
16 17
16 18
16 19
16 20
16 21
16 25
16 27
16 28
16 29
16 30
16 31
16 33
16 36
16 38
16 41
16 42
16 47
16 48
16 51
16 52
16 54
16 55
16 57
16 58
16 59
16 61
16 66
16 68
16 69
16 70
16 77
16 78
16 79
16 80
16 81
16 85
16 86
16 87
16 88
16 89
16 90
16 94
16 95
16 96
16 97
16 99
16 100
16 101
16 102
16 103
16 106
16 109
16 110
16 111
16 112
16 114
16 115
16 118
16 119
16 120
16 122
16 126
16 129
16 130
16 132
16 135
16 138
16 140
16 143
16 144
16 147
16 149
17 18
17 19
17 22
17 24
17 25
17 29
17 30
17 31
17 32
17 33
17 34
17 35
17 36
17 37
17 38
17 41
17 44
17 45
17 46
17 48
17 50
17 51
17 57
17 60
17 62
17 64
17 65
17 69
17 71
17 74
17 77
17 78
17 80
17 81
17 84
17 89
17 93
17 94
17 95
17 98
17 99
17 100
17 103
17 105
17 106
17 107
17 109
17 112
17 114
17 116
17 117
17 122
17 131
17 136
17 141
17 143
17 144
17 146
17 147
17 148
17 149
18 19
18 23
18 25
18 28
18 29
18 30
18 31
18 34
18 36
18 38
18 39
18 40
18 41
18 43
18 47
18 50
18 52
18 53
18 54
18 57
18 58
18 60
18 62
18 64
18 65
18 66
18 67
18 73
18 74
18 75
18 76
18 81
18 84
18 86
18 87
18 89
18 90
18 99
18 100
18 101
18 102
18 107
18 109
18 113
18 117
18 119
18 121
18 125
18 127
18 128
18 129
18 131
18 133
18 134
18 135
18 138
18 142
18 143
18 147
18 148
19 20
19 21
19 23
19 27
19 30
19 31
19 32
19 34
19 35
19 36
19 37
19 39
19 40
19 42
19 43
19 44
19 45
19 46
19 48
19 50
19 51
19 52
19 53
19 54
19 58
19 60
19 62
19 63
19 64
19 67
19 68
19 70
19 72
19 81
19 82
19 84
19 87
19 90
19 93
19 94
19 99
19 100
19 104
19 105
19 106
19 107
19 109
19 112
19 113
19 114
19 115
19 117
19 118
19 119
19 120
19 125
19 132
19 134
19 135
19 136
19 137
19 139
19 141
19 142
19 144
19 146
19 147
19 148
19 149
20 24
20 25
20 27
20 29
20 31
20 32
20 33
20 34
20 36
20 38
20 40
20 44
20 46
20 47
20 48
20 49
20 56
20 57
20 59
20 61
20 62
20 73
20 74
20 75
20 76
20 79
20 80
20 82
20 83
20 84
20 85
20 87
20 88
20 90
20 91
20 92
20 93
20 94
20 95
20 97
20 101
20 103
20 106
20 111
20 114
20 116
20 117
20 118
20 119
20 123
20 124
20 127
20 128
20 130
20 131
20 132
20 135
20 138
20 140
20 141
20 142
20 144
20 147
20 148
21 22
21 23
21 25
21 26
21 29
21 32
21 36
21 37
21 39
21 43
21 45
21 46
21 49
21 50
21 54
21 55
21 57
21 59
21 60
21 61
21 62
21 64
21 66
21 73
21 76
21 77
21 78
21 79
21 81
21 83
21 85
21 88
21 90
21 91
21 93
21 95
21 96
21 97
21 98
21 102
21 105
21 108
21 110
21 111
21 115
21 117
21 118
21 119
21 121
21 123
21 125
21 127
21 128
21 129
21 134
21 136
21 137
21 139
21 141
21 147
21 148
22 24
22 27
22 29
22 30
22 33
22 35
22 39
22 40
22 41
22 44
22 45
22 46
22 48
22 49
22 54
22 55
22 56
22 57
22 58
22 59
22 62
22 63
22 65
22 67
22 68
22 69
22 70
22 72
22 73
22 75
22 81
22 82
22 85
22 86
22 88
22 93
22 95
22 97
22 99
22 102
22 103
22 105
22 107
22 108
22 110
22 114
22 116
22 120
22 122
22 125
22 129
22 132
22 133
22 134
22 135
22 136
22 137
22 139
22 140
22 142
22 145
22 147
22 149
23 24
23 27
23 29
23 32
23 34
23 35
23 37
23 39
23 41
23 45
23 47
23 48
23 49
23 50
23 51
23 53
23 54
23 55
23 57
23 60
23 67
23 71
23 73
23 84
23 85
23 87
23 88
23 91
23 93
23 95
23 97
23 99
23 102
23 106
23 107
23 108
23 112
23 113
23 114
23 115
23 116
23 117
23 118
23 119
23 121
23 122
23 125
23 127
23 131
23 132
23 136
23 138
23 142
23 144
23 145
23 146
23 148
24 26
24 27
24 28
24 30
24 31
24 32
24 33
24 35
24 36
24 38
24 39
24 41
24 45
24 46
24 47
24 48
24 51
24 52
24 53
24 54
24 60
24 61
24 62
24 63
24 64
24 65
24 67
24 68
24 69
24 71
24 73
24 74
24 76
24 77
24 80
24 81
24 82
24 84
24 85
24 89
24 90
24 92
24 93
24 94
24 95
24 96
24 97
24 98
24 101
24 102
24 104
24 106
24 107
24 108
24 109
24 114
24 115
24 116
24 117
24 121
24 122
24 123
24 124
24 125
24 127
24 128
24 129
24 130
24 131
24 134
24 135
24 136
24 139
24 142
24 143
24 145
24 146
24 149
25 26
25 31
25 32
25 33
25 34
25 40
25 41
25 42
25 43
25 44
25 45
25 50
25 51
25 52
25 55
25 56
25 59
25 61
25 62
25 63
25 64
25 67
25 68
25 70
25 71
25 72
25 74
25 75
25 77
25 78
25 82
25 84
25 87
25 88
25 90
25 97
25 99
25 103
25 106
25 108
25 109
25 110
25 111
25 114
25 122
25 123
25 124
25 127
25 129
25 133
25 134
25 139
25 142
25 144
25 149
26 29
26 31
26 32
26 34
26 40
26 42
26 44
26 46
26 48
26 50
26 54
26 56
26 57
26 58
26 61
26 62
26 63
26 64
26 65
26 68
26 69
26 70
26 71
26 73
26 74
26 78
26 79
26 82
26 83
26 85
26 86
26 92
26 94
26 102
26 103
26 105
26 106
26 107
26 108
26 110
26 111
26 113
26 114
26 117
26 118
26 121
26 122
26 123
26 126
26 131
26 134
26 135
26 136
26 138
26 141
26 142
26 144
26 147
27 29
27 30
27 31
27 35
27 36
27 37
27 41
27 42
27 44
27 45
27 47
27 48
27 50
27 51
27 52
27 55
27 56
27 57
27 59
27 65
27 66
27 71
27 72
27 76
27 77
27 81
27 84
27 88
27 90
27 91
27 92
27 93
27 95
27 97
27 99
27 101
27 103
27 104
27 109
27 110
27 112
27 114
27 116
27 120
27 121
27 122
27 123
27 125
27 126
27 127
27 128
27 129
27 130
27 133
27 134
27 135
27 137
27 140
27 141
27 142
27 144
27 145
27 146
27 148
27 149
28 29
28 30
28 33
28 36
28 37
28 39
28 40
28 41
28 43
28 45
28 46
28 49
28 53
28 54
28 55
28 56
28 58
28 59
28 62
28 64
28 67
28 70
28 72
28 78
28 79
28 82
28 84
28 86
28 87
28 90
28 91
28 92
28 99
28 101
28 105
28 106
28 108
28 110
28 111
28 115
28 116
28 117
28 118
28 119
28 121
28 123
28 125
28 126
28 127
28 128
28 129
28 130
28 133
28 134
28 136
28 139
28 144
28 148
28 149
29 31
29 32
29 34
29 35
29 36
29 37
29 38
29 43
29 45
29 46
29 47
29 49
29 53
29 54
29 55
29 56
29 57
29 58
29 59
29 60
29 62
29 64
29 66
29 71
29 72
29 73
29 75
29 76
29 78
29 83
29 85
29 87
29 88
29 89
29 90
29 91
29 92
29 97
29 104
29 105
29 106
29 107
29 111
29 113
29 115
29 116
29 123
29 129
29 131
29 137
29 138
29 139
29 141
29 143
29 145
30 31
30 32
30 34
30 35
30 36
30 38
30 41
30 43
30 44
30 46
30 50
30 51
30 52
30 55
30 56
30 57
30 58
30 60
30 61
30 62
30 63
30 64
30 66
30 67
30 68
30 69
30 70
30 72
30 76
30 77
30 80
30 82
30 83
30 85
30 87
30 88
30 91
30 92
30 94
30 95
30 96
30 97
30 101
30 102
30 103
30 106
30 107
30 108
30 109
30 110
30 111
30 114
30 116
30 118
30 119
30 121
30 124
30 126
30 129
30 130
30 132
30 133
30 138
30 139
30 140
30 141
30 145
30 146
30 148
30 149
31 34
31 37
31 38
31 41
31 42
31 44
31 45
31 46
31 48
31 50
31 51
31 52
31 53
31 54
31 55
31 56
31 57
31 58
31 59
31 60
31 61
31 63
31 64
31 66
31 67
31 68
31 69
31 73
31 74
31 77
31 79
31 80
31 82
31 84
31 86
31 87
31 88
31 89
31 90
31 91
31 92
31 93
31 94
31 95
31 97
31 101
31 103
31 104
31 105
31 106
31 107
31 108
31 110
31 112
31 116
31 118
31 122
31 125
31 127
31 128
31 129
31 130
31 131
31 134
31 135
31 136
31 137
31 138
31 139
31 140
31 144
31 145
31 146
31 148
32 35
32 38
32 39
32 40
32 47
32 49
32 50
32 51
32 52
32 54
32 57
32 58
32 59
32 62
32 63
32 67
32 69
32 71
32 72
32 73
32 77
32 80
32 82
32 83
32 84
32 85
32 86
32 91
32 93
32 94
32 95
32 96
32 104
32 105
32 113
32 114
32 115
32 117
32 118
32 121
32 122
32 124
32 126
32 127
32 129
32 132
32 135
32 136
32 138
32 139
32 140
32 142
32 146
32 147
33 34
33 40
33 41
33 43
33 45
33 46
33 53
33 56
33 57
33 58
33 62
33 63
33 64
33 70
33 71
33 72
33 74
33 75
33 79
33 80
33 82
33 83
33 84
33 86
33 87
33 88
33 89
33 90
33 91
33 92
33 94
33 95
33 96
33 98
33 99
33 104
33 105
33 107
33 108
33 109
33 113
33 115
33 119
33 120
33 124
33 128
33 129
33 130
33 133
33 137
33 139
33 140
33 141
33 142
33 145
34 35
34 38
34 39
34 40
34 41
34 46
34 50
34 51
34 54
34 58
34 59
34 60
34 61
34 62
34 63
34 65
34 68
34 69
34 71
34 73
34 74
34 75
34 77
34 78
34 79
34 82
34 83
34 84
34 85
34 89
34 93
34 94
34 96
34 97
34 99
34 101
34 102
34 104
34 105
34 106
34 107
34 108
34 110
34 111
34 112
34 113
34 114
34 115
34 117
34 118
34 120
34 122
34 123
34 124
34 126
34 127
34 128
34 131
34 132
34 136
34 139
34 140
34 141
34 142
34 143
34 146
34 148
34 149
35 36
35 37
35 40
35 43
35 46
35 49
35 51
35 52
35 56
35 57
35 58
35 64
35 67
35 69
35 71
35 75
35 76
35 78
35 79
35 80
35 81
35 83
35 84
35 85
35 87
35 89
35 90
35 91
35 92
35 93
35 94
35 95
35 98
35 99
35 100
35 103
35 104
35 105
35 107
35 109
35 110
35 111
35 113
35 114
35 115
35 116
35 117
35 119
35 122
35 124
35 125
35 127
35 128
35 131
35 132
35 133
35 136
35 138
35 139
35 140
35 143
35 144
35 145
35 146
35 148
35 149
36 39
36 44
36 47
36 49
36 50
36 51
36 56
36 58
36 59
36 60
36 61
36 62
36 63
36 64
36 65
36 66
36 67
36 68
36 71
36 76
36 77
36 81
36 83
36 84
36 86
36 87
36 89
36 91
36 94
36 96
36 98
36 104
36 105
36 107
36 110
36 111
36 117
36 119
36 124
36 126
36 131
36 132
36 136
36 139
36 140
36 142
36 143
36 144
36 145
36 146
36 148
37 38
37 42
37 45
37 46
37 51
37 53
37 54
37 58
37 59
37 61
37 62
37 64
37 68
37 73
37 75
37 76
37 77
37 78
37 84
37 85
37 87
37 92
37 93
37 96
37 102
37 104
37 107
37 108
37 109
37 111
37 113
37 114
37 115
37 116
37 123
37 124
37 126
37 132
37 134
37 135
37 142
37 145
37 146
37 147
37 148
37 149
38 41
38 42
38 43
38 44
38 46
38 47
38 49
38 51
38 52
38 54
38 55
38 56
38 60
38 61
38 62
38 63
38 64
38 65
38 74
38 75
38 77
38 80
38 87
38 89
38 93
38 97
38 99
38 100
38 102
38 107
38 110
38 114
38 115
38 116
38 117
38 119
38 120
38 122
38 123
38 126
38 127
38 130
38 131
38 133
38 135
38 136
38 137
38 140
38 143
38 147
38 148
39 40
39 42
39 44
39 45
39 46
39 47
39 49
39 50
39 51
39 52
39 55
39 58
39 59
39 61
39 63
39 64
39 67
39 68
39 69
39 71
39 72
39 75
39 80
39 81
39 83
39 84
39 87
39 88
39 89
39 90
39 91
39 92
39 94
39 100
39 101
39 103
39 104
39 105
39 106
39 107
39 108
39 111
39 115
39 120
39 123
39 124
39 127
39 128
39 129
39 131
39 132
39 133
39 135
39 136
39 138
39 143
39 145
39 147
39 148
40 44
40 46
40 48
40 49
40 50
40 53
40 54
40 55
40 58
40 60
40 61
40 63
40 65
40 67
40 68
40 73
40 78
40 81
40 82
40 85
40 86
40 88
40 93
40 95
40 96
40 97
40 101
40 103
40 104
40 105
40 106
40 107
40 112
40 114
40 118
40 121
40 122
40 125
40 126
40 130
40 131
40 136
40 137
40 138
40 144
41 42
41 43
41 51
41 52
41 53
41 54
41 55
41 56
41 59
41 62
41 63
41 64
41 66
41 67
41 69
41 70
41 77
41 78
41 83
41 88
41 89
41 99
41 101
41 102
41 103
41 106
41 108
41 109
41 113
41 118
41 122
41 123
41 126
41 130
41 132
41 134
41 135
41 136
41 137
41 139
41 144
41 147
42 48
42 50
42 52
42 54
42 55
42 56
42 57
42 58
42 60
42 61
42 63
42 64
42 65
42 67
42 68
42 71
42 73
42 74
42 75
42 77
42 79
42 83
42 84
42 85
42 87
42 88
42 89
42 92
42 93
42 96
42 97
42 99
42 100
42 101
42 102
42 109
42 111
42 112
42 116
42 118
42 119
42 121
42 123
42 124
42 125
42 128
42 130
42 132
42 134
42 135
42 136
42 140
42 141
42 142
42 143
42 144
43 47
43 49
43 50
43 52
43 54
43 60
43 64
43 66
43 69
43 71
43 72
43 75
43 76
43 77
43 78
43 80
43 82
43 85
43 86
43 89
43 90
43 91
43 95
43 96
43 97
43 99
43 100
43 101
43 103
43 104
43 106
43 107
43 108
43 109
43 111
43 112
43 113
43 115
43 118
43 119
43 122
43 123
43 126
43 129
43 132
43 133
43 134
43 138
43 142
43 145
43 147
43 148
43 149
44 46
44 47
44 51
44 55
44 56
44 57
44 60
44 61
44 62
44 64
44 65
44 67
44 69
44 72
44 74
44 75
44 76
44 77
44 80
44 81
44 84
44 85
44 86
44 87
44 91
44 92
44 94
44 95
44 96
44 97
44 98
44 99
44 105
44 113
44 115
44 116
44 118
44 120
44 121
44 124
44 134
44 135
44 138
44 139
44 140
44 145
44 146
44 147
44 148
45 46
45 47
45 49
45 50
45 51
45 52
45 53
45 54
45 55
45 57
45 58
45 59
45 61
45 62
45 64
45 65
45 67
45 69
45 71
45 72
45 74
45 75
45 76
45 79
45 83
45 85
45 86
45 87
45 88
45 92
45 95
45 96
45 97
45 98
45 99
45 101
45 103
45 104
45 105
45 108
45 109
45 111
45 112
45 115
45 118
45 122
45 124
45 127
45 128
45 129
45 132
45 133
45 137
45 146
45 147
45 148
46 48
46 49
46 50
46 52
46 53
46 62
46 63
46 64
46 70
46 71
46 73
46 74
46 75
46 78
46 82
46 83
46 84
46 86
46 88
46 92
46 94
46 97
46 98
46 99
46 103
46 104
46 105
46 106
46 108
46 110
46 115
46 117
46 122
46 123
46 125
46 126
46 128
46 129
46 130
46 132
46 133
46 134
46 135
46 139
46 141
46 144
46 146
46 148
47 53
47 54
47 58
47 59
47 61
47 62
47 63
47 64
47 66
47 68
47 69
47 70
47 72
47 73
47 75
47 77
47 78
47 79
47 81
47 87
47 90
47 92
47 93
47 94
47 95
47 96
47 97
47 99
47 100
47 102
47 103
47 104
47 106
47 111
47 113
47 114
47 115
47 119
47 120
47 122
47 123
47 124
47 126
47 129
47 130
47 131
47 134
47 136
47 139
47 140
47 145
47 146
48 49
48 51
48 55
48 56
48 57
48 59
48 60
48 61
48 67
48 68
48 72
48 79
48 80
48 81
48 82
48 86
48 87
48 89
48 91
48 92
48 94
48 96
48 97
48 103
48 104
48 105
48 109
48 112
48 113
48 116
48 118
48 122
48 123
48 124
48 125
48 127
48 128
48 129
48 130
48 134
48 136
48 138
48 139
48 141
48 142
48 143
48 146
48 147
48 148
48 149
49 51
49 52
49 55
49 58
49 59
49 60
49 61
49 63
49 65
49 66
49 67
49 68
49 69
49 72
49 73
49 77
49 80
49 81
49 82
49 84
49 85
49 87
49 88
49 89
49 91
49 92
49 94
49 96
49 97
49 98
49 101
49 105
49 106
49 107
49 108
49 113
49 115
49 116
49 118
49 119
49 122
49 124
49 125
49 127
49 132
49 133
49 138
49 139
49 144
49 145
49 146
49 147
49 149
50 51
50 53
50 54
50 55
50 56
50 57
50 59
50 61
50 62
50 64
50 65
50 66
50 68
50 69
50 70
50 71
50 72
50 78
50 81
50 82
50 83
50 84
50 85
50 88
50 89
50 92
50 93
50 94
50 99
50 101
50 102
50 103
50 104
50 106
50 108
50 109
50 110
50 111
50 112
50 115
50 116
50 118
50 119
50 120
50 123
50 124
50 125
50 126
50 128
50 129
50 130
50 135
50 140
50 141
50 143
50 145
50 148
51 52
51 57
51 59
51 62
51 63
51 66
51 67
51 68
51 69
51 74
51 75
51 76
51 77
51 80
51 86
51 87
51 88
51 94
51 96
51 98
51 99
51 100
51 101
51 102
51 104
51 106
51 107
51 110
51 111
51 114
51 115
51 116
51 117
51 118
51 120
51 121
51 123
51 131
51 132
51 133
51 135
51 136
51 138
51 140
51 141
51 142
51 143
51 144
51 145
51 147
51 149
52 53
52 54
52 55
52 57
52 58
52 59
52 60
52 61
52 65
52 70
52 71
52 75
52 85
52 87
52 91
52 94
52 95
52 96
52 97
52 101
52 102
52 104
52 105
52 107
52 108
52 110
52 113
52 117
52 119
52 121
52 128
52 131
52 132
52 133
52 137
52 141
52 142
52 143
52 144
52 145
53 56
53 59
53 61
53 62
53 64
53 66
53 68
53 71
53 72
53 74
53 76
53 77
53 78
53 81
53 82
53 85
53 88
53 92
53 96
53 97
53 99
53 100
53 102
53 104
53 105
53 107
53 109
53 112
53 115
53 119
53 120
53 121
53 122
53 123
53 126
53 129
53 131
53 135
53 137
53 138
53 141
53 143
53 146
53 147
53 148
53 149
54 57
54 58
54 59
54 60
54 61
54 62
54 64
54 66
54 68
54 70
54 72
54 74
54 75
54 76
54 77
54 84
54 85
54 86
54 87
54 89
54 92
54 94
54 95
54 96
54 98
54 99
54 100
54 102
54 103
54 105
54 106
54 107
54 110
54 111
54 114
54 116
54 120
54 123
54 124
54 127
54 133
54 135
54 137
54 140
54 141
54 142
54 149
55 58
55 60
55 62
55 63
55 64
55 66
55 67
55 69
55 71
55 72
55 73
55 75
55 79
55 81
55 85
55 87
55 88
55 89
55 91
55 92
55 95
55 96
55 97
55 99
55 103
55 110
55 111
55 112
55 113
55 114
55 115
55 118
55 119
55 120
55 122
55 123
55 125
55 126
55 129
55 130
55 131
55 134
55 135
55 136
55 137
55 146
55 147
56 57
56 59
56 60
56 62
56 63
56 65
56 66
56 70
56 71
56 72
56 73
56 74
56 75
56 76
56 77
56 78
56 80
56 82
56 83
56 85
56 89
56 91
56 93
56 97
56 98
56 100
56 103
56 104
56 105
56 106
56 107
56 108
56 112
56 114
56 115
56 116
56 118
56 120
56 122
56 123
56 124
56 126
56 129
56 130
56 131
56 132
56 133
56 135
56 136
56 142
56 144
56 145
56 146
56 148
56 149
57 61
57 62
57 64
57 67
57 68
57 73
57 74
57 76
57 78
57 79
57 80
57 81
57 82
57 83
57 84
57 85
57 86
57 87
57 88
57 89
57 90
57 93
57 95
57 97
57 98
57 99
57 102
57 104
57 105
57 109
57 112
57 113
57 115
57 116
57 119
57 120
57 121
57 122
57 123
57 125
57 127
57 129
57 131
57 133
57 134
57 136
57 137
57 139
57 140
57 143
57 145
57 147
57 149
58 61
58 62
58 64
58 70
58 72
58 73
58 74
58 75
58 76
58 77
58 80
58 81
58 84
58 88
58 92
58 95
58 97
58 98
58 100
58 106
58 109
58 110
58 113
58 114
58 118
58 120
58 121
58 125
58 129
58 132
58 134
58 135
58 137
58 138
58 142
58 143
58 146
58 148
59 60
59 62
59 68
59 69
59 71
59 73
59 76
59 77
59 81
59 82
59 83
59 86
59 88
59 89
59 90
59 91
59 94
59 96
59 97
59 98
59 99
59 100
59 101
59 103
59 104
59 106
59 107
59 108
59 110
59 111
59 112
59 118
59 119
59 120
59 121
59 122
59 125
59 126
59 127
59 130
59 131
59 132
59 134
59 135
59 136
59 137
59 139
59 140
59 141
59 142
59 144
59 147
59 149
60 63
60 64
60 66
60 68
60 71
60 73
60 74
60 76
60 77
60 82
60 84
60 85
60 86
60 87
60 90
60 99
60 100
60 102
60 104
60 106
60 107
60 109
60 110
60 112
60 116
60 117
60 122
60 123
60 124
60 126
60 127
60 131
60 133
60 136
60 137
60 138
60 140
60 141
60 142
60 144
60 147
60 149
61 62
61 64
61 65
61 66
61 67
61 68
61 72
61 75
61 76
61 78
61 82
61 87
61 88
61 90
61 91
61 92
61 94
61 96
61 100
61 108
61 116
61 117
61 118
61 119
61 120
61 122
61 124
61 126
61 127
61 129
61 130
61 131
61 133
61 134
61 135
61 137
61 138
61 139
61 140
61 142
61 143
61 146
61 148
61 149
62 64
62 66
62 68
62 70
62 71
62 73
62 75
62 76
62 77
62 79
62 80
62 81
62 83
62 84
62 85
62 86
62 87
62 88
62 89
62 90
62 92
62 93
62 95
62 96
62 97
62 98
62 99
62 101
62 103
62 104
62 106
62 111
62 113
62 114
62 116
62 117
62 119
62 120
62 122
62 123
62 124
62 126
62 127
62 128
62 129
62 130
62 132
62 133
62 134
62 135
62 140
62 141
62 144
62 145
62 147
62 148
63 64
63 68
63 71
63 81
63 82
63 83
63 86
63 87
63 90
63 93
63 94
63 96
63 97
63 100
63 101
63 102
63 103
63 104
63 106
63 108
63 111
63 113
63 115
63 116
63 117
63 118
63 119
63 121
63 122
63 123
63 124
63 125
63 127
63 128
63 130
63 138
63 140
63 141
63 142
63 143
63 146
63 147
63 149
64 65
64 66
64 68
64 70
64 71
64 72
64 75
64 76
64 79
64 81
64 83
64 85
64 87
64 88
64 89
64 90
64 92
64 93
64 94
64 95
64 97
64 98
64 99
64 101
64 102
64 103
64 104
64 106
64 107
64 108
64 109
64 112
64 114
64 118
64 119
64 121
64 122
64 124
64 127
64 128
64 129
64 131
64 134
64 135
64 136
64 139
64 140
64 141
64 142
64 146
64 147
64 148
64 149
65 67
65 69
65 71
65 76
65 80
65 83
65 84
65 86
65 92
65 94
65 95
65 97
65 101
65 106
65 107
65 108
65 109
65 111
65 112
65 114
65 115
65 117
65 119
65 120
65 121
65 123
65 124
65 125
65 126
65 127
65 128
65 129
65 130
65 132
65 133
65 134
65 135
65 137
65 140
65 145
65 146
65 147
65 148
65 149
66 68
66 70
66 71
66 76
66 77
66 79
66 80
66 81
66 82
66 85
66 87
66 88
66 91
66 92
66 94
66 95
66 97
66 99
66 101
66 103
66 104
66 106
66 107
66 108
66 109
66 113
66 115
66 117
66 119
66 120
66 124
66 129
66 131
66 132
66 133
66 135
66 140
66 141
66 143
66 144
66 146
66 149
67 69
67 72
67 73
67 75
67 76
67 78
67 82
67 86
67 88
67 89
67 90
67 91
67 92
67 95
67 99
67 102
67 103
67 105
67 107
67 110
67 119
67 121
67 122
67 126
67 129
67 130
67 132
67 133
67 135
67 136
67 143
67 146
67 147
67 148
67 149
68 69
68 70
68 71
68 73
68 74
68 81
68 83
68 87
68 88
68 89
68 90
68 91
68 93
68 100
68 101
68 103
68 107
68 108
68 109
68 110
68 111
68 113
68 114
68 117
68 121
68 124
68 125
68 127
68 128
68 130
68 134
68 135
68 144
68 147
69 70
69 71
69 72
69 75
69 79
69 84
69 86
69 87
69 88
69 89
69 90
69 92
69 93
69 94
69 95
69 97
69 99
69 102
69 103
69 106
69 108
69 114
69 115
69 116
69 117
69 118
69 120
69 122
69 123
69 126
69 127
69 130
69 131
69 132
69 135
69 136
69 139
69 140
69 141
69 146
70 71
70 72
70 73
70 75
70 77
70 79
70 81
70 85
70 86
70 88
70 89
70 91
70 92
70 94
70 103
70 105
70 108
70 109
70 110
70 111
70 112
70 113
70 116
70 119
70 120
70 121
70 123
70 126
70 127
70 130
70 133
70 136
70 138
70 139
70 141
70 142
70 143
70 144
71 74
71 76
71 78
71 79
71 80
71 82
71 83
71 84
71 86
71 87
71 89
71 90
71 91
71 92
71 93
71 94
71 95
71 98
71 99
71 102
71 103
71 108
71 109
71 111
71 112
71 118
71 121
71 126
71 131
71 133
71 135
71 136
71 138
71 140
71 141
71 145
71 147
71 149
72 74
72 75
72 78
72 79
72 80
72 81
72 83
72 84
72 87
72 90
72 93
72 97
72 100
72 101
72 103
72 104
72 105
72 106
72 107
72 108
72 109
72 110
72 111
72 113
72 114
72 116
72 117
72 120
72 121
72 122
72 123
72 127
72 130
72 131
72 136
72 137
72 139
72 140
72 144
72 146
72 147
73 74
73 76
73 78
73 82
73 83
73 89
73 90
73 91
73 93
73 94
73 95
73 96
73 99
73 100
73 104
73 106
73 107
73 109
73 111
73 112
73 115
73 118
73 119
73 121
73 124
73 126
73 130
73 132
73 134
73 135
73 137
73 138
73 140
73 143
73 144
73 145
73 147
73 148
73 149
74 77
74 78
74 82
74 83
74 86
74 91
74 92
74 96
74 98
74 104
74 107
74 108
74 109
74 111
74 113
74 115
74 117
74 119
74 120
74 123
74 126
74 129
74 132
74 133
74 136
74 138
74 142
74 143
74 144
74 145
74 146
74 148
75 77
75 80
75 81
75 83
75 84
75 85
75 88
75 89
75 90
75 92
75 93
75 94
75 95
75 96
75 97
75 103
75 106
75 107
75 108
75 111
75 113
75 114
75 115
75 118
75 125
75 126
75 127
75 128
75 133
75 134
75 137
75 138
75 139
75 141
75 146
75 147
75 148
76 77
76 79
76 81
76 82
76 84
76 85
76 87
76 88
76 91
76 92
76 93
76 94
76 96
76 99
76 102
76 103
76 105
76 107
76 108
76 109
76 110
76 111
76 112
76 116
76 117
76 119
76 120
76 122
76 123
76 124
76 126
76 129
76 133
76 134
76 135
76 136
76 137
76 138
76 139
76 140
76 141
76 142
76 143
76 144
76 147
76 148
77 78
77 82
77 83
77 84
77 86
77 87
77 92
77 93
77 94
77 95
77 96
77 97
77 102
77 109
77 110
77 112
77 114
77 116
77 117
77 120
77 121
77 123
77 124
77 125
77 127
77 128
77 131
77 133
77 134
77 136
77 137
77 138
77 139
77 141
77 142
77 143
77 144
77 145
77 149
78 83
78 84
78 86
78 89
78 90
78 91
78 92
78 93
78 94
78 95
78 97
78 98
78 100
78 103
78 104
78 106
78 109
78 110
78 111
78 112
78 114
78 116
78 117
78 120
78 122
78 123
78 127
78 128
78 130
78 132
78 133
78 135
78 136
78 137
78 138
78 139
78 140
78 142
78 143
78 144
78 145
78 148
78 149
79 80
79 82
79 85
79 87
79 88
79 91
79 93
79 94
79 95
79 96
79 97
79 98
79 100
79 106
79 107
79 109
79 110
79 111
79 115
79 117
79 123
79 125
79 130
79 131
79 132
79 133
79 134
79 138
79 140
79 141
79 143
79 145
79 148
80 81
80 84
80 86
80 87
80 90
80 91
80 94
80 97
80 99
80 100
80 104
80 105
80 107
80 109
80 112
80 113
80 115
80 117
80 118
80 119
80 120
80 121
80 122
80 124
80 126
80 127
80 129
80 131
80 133
80 134
80 135
80 137
80 139
80 141
80 142
80 144
80 145
80 146
80 147
80 148
80 149
81 82
81 83
81 84
81 86
81 87
81 95
81 96
81 97
81 99
81 101
81 103
81 106
81 107
81 108
81 109
81 110
81 111
81 113
81 115
81 116
81 118
81 119
81 120
81 122
81 123
81 125
81 126
81 132
81 138
81 143
81 145
81 148
81 149
82 84
82 85
82 88
82 89
82 90
82 92
82 94
82 95
82 98
82 99
82 101
82 102
82 105
82 106
82 108
82 109
82 110
82 113
82 114
82 115
82 116
82 118
82 122
82 124
82 126
82 128
82 130
82 131
82 134
82 135
82 140
82 142
82 146
82 147
83 84
83 86
83 88
83 91
83 92
83 93
83 96
83 102
83 105
83 107
83 112
83 118
83 120
83 122
83 123
83 125
83 126
83 128
83 129
83 131
83 134
83 135
83 138
83 140
83 141
83 144
83 145
83 149
84 86
84 87
84 88
84 89
84 90
84 93
84 94
84 98
84 99
84 100
84 102
84 103
84 107
84 108
84 111
84 115
84 117
84 118
84 119
84 127
84 130
84 131
84 132
84 133
84 136
84 137
84 139
84 143
84 148
84 149
85 87
85 88
85 90
85 92
85 95
85 96
85 97
85 98
85 100
85 101
85 102
85 104
85 109
85 112
85 113
85 114
85 115
85 124
85 125
85 128
85 129
85 130
85 134
85 137
85 138
85 139
85 140
85 141
85 144
85 145
85 147
86 87
86 88
86 92
86 95
86 97
86 98
86 99
86 100
86 102
86 103
86 106
86 108
86 110
86 112
86 115
86 116
86 118
86 121
86 122
86 124
86 126
86 128
86 131
86 133
86 134
86 135
86 136
86 137
86 138
86 139
86 140
86 141
86 143
87 89
87 90
87 92
87 93
87 95
87 96
87 97
87 98
87 101
87 102
87 103
87 104
87 105
87 108
87 110
87 112
87 114
87 115
87 116
87 121
87 124
87 126
87 127
87 128
87 130
87 131
87 133
87 135
87 148
88 89
88 91
88 94
88 96
88 98
88 100
88 101
88 111
88 115
88 117
88 118
88 119
88 121
88 124
88 126
88 128
88 129
88 131
88 133
88 134
88 135
88 137
88 141
88 145
89 90
89 91
89 93
89 96
89 100
89 104
89 106
89 108
89 109
89 111
89 113
89 114
89 119
89 121
89 122
89 124
89 127
89 130
89 131
89 133
89 134
89 138
89 140
89 143
89 148
90 91
90 93
90 96
90 98
90 99
90 101
90 102
90 104
90 109
90 110
90 116
90 117
90 118
90 119
90 120
90 122
90 124
90 125
90 126
90 130
90 133
90 137
90 140
90 141
90 142
90 144
90 146
90 149
91 92
91 94
91 95
91 96
91 98
91 99
91 101
91 102
91 109
91 110
91 111
91 113
91 114
91 115
91 120
91 121
91 122
91 125
91 127
91 128
91 129
91 131
91 137
91 138
91 142
91 144
91 145
91 146
91 148
92 93
92 95
92 96
92 100
92 103
92 106
92 108
92 113
92 114
92 116
92 117
92 118
92 119
92 120
92 121
92 126
92 127
92 132
92 133
92 136
92 137
92 140
92 144
92 148
92 149
93 95
93 96
93 97
93 99
93 101
93 104
93 108
93 110
93 111
93 112
93 115
93 119
93 120
93 122
93 124
93 126
93 129
93 131
93 132
93 134
93 135
93 136
93 138
93 139
93 142
93 143
93 148
94 95
94 97
94 98
94 100
94 103
94 104
94 106
94 107
94 108
94 109
94 111
94 113
94 115
94 117
94 118
94 121
94 122
94 123
94 125
94 126
94 130
94 136
94 137
94 138
94 139
94 141
94 143
94 149
95 98
95 100
95 103
95 104
95 105
95 108
95 110
95 112
95 116
95 120
95 121
95 122
95 124
95 125
95 126
95 127
95 128
95 129
95 131
95 134
95 138
95 141
95 142
95 143
95 148
95 149
96 97
96 100
96 102
96 103
96 104
96 107
96 109
96 110
96 113
96 114
96 115
96 119
96 120
96 125
96 130
96 132
96 133
96 134
96 135
96 136
96 137
96 138
96 140
96 141
96 142
96 145
96 146
96 147
96 149
97 98
97 99
97 100
97 102
97 103
97 104
97 105
97 106
97 109
97 110
97 113
97 115
97 116
97 117
97 118
97 121
97 123
97 124
97 125
97 127
97 129
97 130
97 132
97 133
97 134
97 135
97 136
97 137
97 139
97 140
97 143
97 146
97 148
97 149
98 99
98 101
98 102
98 104
98 106
98 107
98 108
98 109
98 110
98 111
98 112
98 113
98 114
98 115
98 118
98 121
98 122
98 127
98 129
98 130
98 137
98 138
98 141
98 142
98 143
98 144
98 147
98 148
98 149
99 101
99 102
99 105
99 106
99 110
99 113
99 115
99 121
99 122
99 123
99 129
99 130
99 131
99 133
99 134
99 135
99 142
99 146
99 147
99 148
99 149
100 104
100 106
100 107
100 109
100 110
100 112
100 114
100 115
100 116
100 117
100 118
100 123
100 124
100 127
100 128
100 129
100 132
100 133
100 135
100 136
100 138
100 140
100 142
100 144
100 146
100 147
100 148
101 103
101 107
101 108
101 110
101 115
101 116
101 118
101 119
101 121
101 122
101 123
101 124
101 125
101 126
101 131
101 132
101 133
101 134
101 140
101 144
101 145
101 147
102 106
102 107
102 108
102 109
102 110
102 111
102 112
102 114
102 116
102 119
102 121
102 122
102 123
102 124
102 125
102 128
102 129
102 131
102 132
102 134
102 136
102 137
102 147
103 105
103 106
103 112
103 113
103 114
103 116
103 118
103 121
103 124
103 125
103 126
103 128
103 130
103 132
103 133
103 134
103 135
103 140
103 142
103 145
103 146
103 148
104 105
104 106
104 108
104 110
104 112
104 114
104 120
104 124
104 125
104 126
104 127
104 131
104 136
104 137
104 138
104 140
104 143
104 144
104 145
104 149
105 106
105 110
105 111
105 113
105 114
105 116
105 119
105 122
105 125
105 126
105 128
105 129
105 136
105 137
105 141
105 143
105 144
105 146
106 107
106 108
106 109
106 110
106 116
106 117
106 118
106 120
106 122
106 123
106 124
106 125
106 127
106 129
106 130
106 133
106 134
106 135
106 136
106 137
106 138
106 142
106 143
106 146
106 147
106 148
107 109
107 110
107 113
107 114
107 115
107 117
107 118
107 119
107 121
107 123
107 127
107 129
107 133
107 134
107 136
107 137
107 139
107 144
107 148
108 111
108 113
108 116
108 119
108 123
108 124
108 126
108 128
108 131
108 134
108 137
108 141
108 143
108 146
108 147
108 149
109 110
109 111
109 112
109 115
109 116
109 117
109 118
109 119
109 121
109 122
109 125
109 127
109 128
109 129
109 133
109 135
109 139
109 143
109 145
109 149
110 111
110 113
110 114
110 115
110 117
110 118
110 121
110 122
110 125
110 126
110 130
110 132
110 135
110 136
110 138
110 141
110 144
110 145
110 148
110 149
111 112
111 116
111 117
111 118
111 119
111 120
111 121
111 123
111 124
111 125
111 126
111 128
111 129
111 130
111 132
111 136
111 137
111 138
111 143
111 147
112 117
112 122
112 123
112 124
112 130
112 131
112 132
112 133
112 134
112 135
112 136
112 138
112 140
112 142
112 144
112 146
112 148
113 115
113 117
113 118
113 122
113 125
113 127
113 130
113 135
113 136
113 137
113 138
113 140
113 141
113 144
113 145
113 147
114 121
114 123
114 124
114 127
114 129
114 130
114 131
114 132
114 133
114 135
114 136
114 138
114 139
114 141
114 143
114 144
114 145
114 148
115 117
115 118
115 119
115 120
115 122
115 123
115 124
115 127
115 129
115 130
115 132
115 134
115 135
115 136
115 137
115 138
115 139
115 140
115 141
115 144
115 145
115 147
115 148
115 149
116 118
116 119
116 120
116 121
116 122
116 124
116 126
116 127
116 129
116 131
116 133
116 136
116 139
116 140
116 141
116 144
116 146
116 147
116 149
117 118
117 121
117 125
117 126
117 127
117 130
117 132
117 134
117 135
117 136
117 138
117 139
117 140
117 141
117 145
117 146
117 149
118 119
118 120
118 121
118 132
118 136
118 137
118 138
118 140
118 141
118 142
118 143
118 146
118 149
119 121
119 123
119 124
119 126
119 130
119 132
119 133
119 134
119 135
119 139
119 140
119 144
119 146
119 147
120 121
120 122
120 123
120 125
120 127
120 129
120 131
120 136
120 141
120 142
120 144
120 145
120 146
120 147
120 148
120 149
121 123
121 125
121 135
121 137
121 139
121 142
121 144
122 123
122 127
122 128
122 129
122 132
122 133
122 135
122 137
122 138
122 142
122 143
122 144
122 146
122 148
123 124
123 125
123 126
123 127
123 128
123 130
123 132
123 133
123 134
123 135
123 136
123 139
123 141
123 146
123 147
123 149
124 126
124 127
124 128
124 129
124 130
124 136
124 137
124 139
124 141
124 142
124 143
124 144
124 145
124 146
124 148
125 126
125 127
125 129
125 130
125 132
125 134
125 136
125 137
125 142
125 145
125 146
125 147
125 148
126 128
126 129
126 130
126 131
126 133
126 135
126 136
126 143
126 144
126 145
126 149
127 129
127 130
127 132
127 135
127 139
127 145
127 146
127 147
127 149
128 130
128 131
128 132
128 134
128 136
128 137
128 141
128 143
128 144
128 145
128 146
129 135
129 136
129 137
129 142
129 148
130 132
130 134
130 135
130 138
130 139
130 140
130 142
130 144
130 145
130 147
130 149
131 133
131 137
131 140
131 143
131 147
131 148
132 134
132 135
132 137
132 140
132 141
132 142
132 144
132 145
132 146
132 147
133 139
133 141
133 142
133 149
134 135
134 138
134 140
134 142
134 145
134 147
134 148
134 149
135 137
135 139
135 140
135 141
135 144
135 145
135 147
135 148
135 149
136 139
136 140
136 144
136 148
136 149
137 140
137 141
137 144
137 145
137 146
137 148
138 139
138 140
138 141
138 142
138 147
138 148
138 149
139 143
139 146
139 147
140 143
140 147
140 148
140 149
141 143
141 145
141 146
142 146
142 147
142 148
142 149
143 145
143 147
143 148
143 149
144 145
144 147
144 149
145 146
145 147
146 147
146 148
146 149
147 148
147 149
148 149
98 33 41 56 64 34 108 141 148 117 139 104 55 72 51 1 125 15 89 27 81 80
32 52 112 97 107 60 77 136 16 59 96 90 143 62 106 116 83 76 137 71 78 128
61 69 0 47 102 7 58 67 70 147 121 18 87 130 46 120 100 4 25 105 92 145
109 88 14 10 101 142 2 8 122 79 144 123 124 36 29 48 30 49 42 131 57 43
39 31 24 119 126 84 23 45 127 44 54 66 99 140 114 135 134 132 6 146 118 26
68 38 74 133 110 19 28 22 85 82 13 35 17 95 73 5 65 11 93 37 3 103
21 9 75 53 50 86 129 94 115 20 63 138 40 111 149 12 113 91
