120
1420
20
25.36
19.02
8.95
94.55
74.61
99.13
0.55
67.07
11.41
35.13
41.98
59.2
25.73
18.21
43.47
81.24
86.84
24.99
79.64
90.73
0 4
0 5
0 6
0 10
0 12
0 13
0 18
0 22
0 23
0 25
0 26
0 30
0 33
0 35
0 45
0 47
0 55
0 56
0 68
0 72
0 75
0 76
0 83
0 85
0 86
0 89
0 92
0 93
0 96
0 97
0 102
0 105
0 113
0 114
1 2
1 5
1 10
1 13
1 14
1 16
1 21
1 22
1 34
1 38
1 54
1 56
1 61
1 62
1 65
1 69
1 71
1 80
1 82
1 88
1 96
1 100
2 7
2 16
2 22
2 24
2 26
2 33
2 36
2 52
2 76
2 83
2 88
2 89
2 96
2 102
2 103
2 110
2 111
2 114
2 115
3 9
3 18
3 19
3 24
3 29
3 36
3 38
3 43
3 49
3 52
3 56
3 58
3 59
3 64
3 68
3 70
3 71
3 75
3 79
3 80
3 85
3 93
3 96
3 106
3 111
3 113
3 115
3 117
3 119
4 9
4 14
4 16
4 17
4 21
4 27
4 29
4 42
4 46
4 48
4 62
4 67
4 74
4 79
4 93
4 94
4 95
4 103
4 106
4 113
4 118
5 6
5 13
5 20
5 22
5 24
5 29
5 32
5 35
5 48
5 58
5 65
5 67
5 68
5 73
5 81
5 83
5 84
5 100
5 101
5 109
5 110
5 111
6 7
6 10
6 14
6 17
6 19
6 20
6 35
6 39
6 41
6 46
6 47
6 56
6 59
6 64
6 65
6 75
6 76
6 79
6 99
6 100
6 105
6 110
6 113
6 117
6 119
7 10
7 11
7 14
7 21
7 23
7 36
7 50
7 51
7 52
7 58
7 59
7 63
7 67
7 74
7 81
7 82
7 85
7 91
7 99
7 100
7 102
7 103
7 105
7 110
7 115
7 118
8 9
8 12
8 21
8 25
8 29
8 42
8 43
8 47
8 54
8 55
8 58
8 61
8 69
8 75
8 77
8 80
8 81
8 82
8 95
8 101
8 107
8 114
8 116
8 118
9 15
9 26
9 28
9 33
9 43
9 48
9 53
9 60
9 69
9 75
9 81
9 87
9 89
9 96
9 107
9 112
10 12
10 17
10 22
10 26
10 36
10 41
10 42
10 46
10 53
10 54
10 71
10 73
10 77
10 78
10 87
10 100
10 111
10 118
11 13
11 25
11 45
11 48
11 50
11 55
11 56
11 62
11 69
11 80
11 96
11 103
11 106
11 116
11 119
12 13
12 15
12 17
12 24
12 26
12 30
12 35
12 39
12 44
12 49
12 53
12 61
12 67
12 69
12 76
12 83
12 84
12 94
12 100
12 106
12 108
12 114
13 14
13 19
13 21
13 35
13 38
13 55
13 57
13 59
13 61
13 63
13 64
13 71
13 72
13 88
13 97
13 98
13 104
13 108
13 109
13 115
13 119
14 15
14 21
14 29
14 31
14 36
14 39
14 41
14 43
14 44
14 48
14 52
14 53
14 57
14 59
14 60
14 68
14 74
14 77
14 84
14 89
14 91
14 101
14 104
14 105
14 107
14 110
14 115
14 118
15 19
15 22
15 25
15 51
15 52
15 60
15 67
15 70
15 73
15 78
15 85
15 89
15 90
15 93
15 108
15 109
15 110
15 113
15 117
16 19
16 20
16 29
16 34
16 35
16 36
16 38
16 42
16 48
16 50
16 53
16 56
16 57
16 58
16 64
16 67
16 70
16 77
16 81
16 107
16 110
16 113
16 114
17 18
17 21
17 23
17 25
17 26
17 29
17 32
17 36
17 37
17 48
17 54
17 55
17 56
17 57
17 67
17 73
17 85
17 92
17 95
17 98
17 111
17 114
18 26
18 27
18 39
18 40
18 43
18 45
18 49
18 52
18 56
18 63
18 71
18 78
18 79
18 80
18 84
18 91
18 93
18 94
18 101
18 111
18 116
19 20
19 21
19 23
19 24
19 28
19 31
19 42
19 49
19 50
19 54
19 59
19 69
19 79
19 90
19 95
19 101
19 103
19 117
19 118
20 26
20 40
20 43
20 49
20 67
20 70
20 77
20 85
20 96
20 101
20 103
20 105
21 23
21 26
21 29
21 30
21 31
21 35
21 37
21 41
21 60
21 61
21 69
21 70
21 73
21 75
21 82
21 96
21 102
21 105
21 107
21 110
21 111
21 115
21 118
22 28
22 31
22 35
22 37
22 41
22 50
22 52
22 53
22 61
22 63
22 65
22 66
22 68
22 69
22 74
22 79
22 80
22 99
22 114
22 115
22 116
22 119
23 29
23 31
23 36
23 39
23 47
23 61
23 71
23 77
23 83
23 87
23 88
23 99
23 105
23 114
23 118
24 31
24 34
24 49
24 54
24 57
24 60
24 64
24 67
24 68
24 72
24 74
24 84
24 91
24 93
24 117
24 119
25 33
25 41
25 44
25 45
25 46
25 54
25 64
25 82
25 85
25 86
25 87
25 97
25 101
25 102
25 106
25 108
25 111
25 112
25 113
25 114
26 30
26 33
26 40
26 43
26 44
26 45
26 51
26 57
26 59
26 62
26 66
26 69
26 71
26 73
26 78
26 80
26 83
26 84
26 86
26 90
26 91
26 97
26 116
27 31
27 37
27 44
27 45
27 59
27 60
27 61
27 70
27 79
27 90
27 91
27 92
27 94
27 100
27 109
27 110
27 113
28 36
28 42
28 44
28 48
28 56
28 58
28 60
28 65
28 69
28 77
28 78
28 80
28 91
28 93
28 106
28 112
28 115
28 119
29 31
29 39
29 40
29 46
29 48
29 53
29 54
29 55
29 58
29 62
29 69
29 70
29 71
29 73
29 75
29 76
29 87
29 91
29 103
29 109
29 116
29 118
29 119
30 34
30 37
30 39
30 42
30 45
30 51
30 57
30 60
30 68
30 72
30 76
30 77
30 81
30 87
30 88
30 92
30 96
30 99
30 102
30 106
30 112
30 115
31 32
31 36
31 39
31 40
31 43
31 48
31 63
31 66
31 67
31 71
31 93
31 109
31 115
31 116
32 37
32 50
32 51
32 62
32 65
32 77
32 86
32 91
32 98
32 103
32 105
32 119
33 36
33 48
33 69
33 70
33 72
33 80
33 92
33 97
33 98
33 100
33 102
33 108
33 111
34 43
34 44
34 45
34 46
34 53
34 55
34 57
34 61
34 68
34 72
34 73
34 79
34 87
34 91
34 96
34 104
34 107
34 111
34 114
34 117
35 39
35 40
35 44
35 45
35 54
35 56
35 57
35 75
35 77
35 78
35 79
35 81
35 83
35 85
35 90
35 106
35 108
36 40
36 42
36 44
36 47
36 54
36 59
36 60
36 68
36 77
36 86
36 89
36 92
36 95
36 102
36 111
36 113
36 116
36 117
37 38
37 40
37 52
37 53
37 64
37 65
37 68
37 73
37 79
37 88
37 92
37 99
37 100
37 103
37 104
37 105
37 106
37 110
37 111
37 115
37 117
38 43
38 49
38 55
38 60
38 71
38 77
38 78
38 79
38 81
38 83
38 86
38 102
38 103
38 108
38 109
38 110
38 111
38 112
38 115
38 118
39 50
39 52
39 53
39 55
39 58
39 61
39 62
39 63
39 70
39 76
39 87
39 98
39 99
39 102
39 103
39 106
39 112
40 44
40 48
40 52
40 64
40 66
40 72
40 74
40 76
40 79
40 80
40 90
40 93
40 95
40 101
40 107
40 110
40 113
40 116
41 52
41 74
41 75
41 77
41 78
41 84
41 88
41 94
41 97
41 99
41 104
42 59
42 65
42 68
42 76
42 84
42 88
42 98
42 104
42 108
42 117
42 119
43 44
43 46
43 48
43 50
43 51
43 57
43 58
43 63
43 65
43 69
43 80
43 87
43 92
43 100
43 103
43 114
43 117
44 45
44 48
44 50
44 53
44 64
44 74
44 81
44 84
44 91
44 93
44 100
44 104
44 114
45 83
45 92
45 95
45 103
45 105
45 108
45 110
45 111
45 119
46 49
46 51
46 54
46 56
46 57
46 58
46 59
46 66
46 86
46 88
46 96
46 102
46 115
46 119
47 50
47 64
47 65
47 69
47 73
47 79
47 88
47 89
47 90
47 96
47 99
47 100
47 113
47 118
48 59
48 69
48 72
48 73
48 74
48 76
48 82
48 87
48 95
48 99
48 102
48 103
48 110
48 112
49 54
49 58
49 60
49 61
49 75
49 76
49 78
49 81
49 87
49 90
49 91
49 100
49 113
49 117
50 51
50 52
50 54
50 56
50 58
50 64
50 73
50 83
50 85
50 87
50 89
50 90
50 95
50 96
50 101
51 52
51 56
51 57
51 67
51 69
51 71
51 73
51 74
51 76
51 78
51 90
51 91
51 101
51 103
51 105
51 111
51 112
51 113
51 114
52 54
52 60
52 61
52 62
52 66
52 67
52 73
52 78
52 96
52 98
52 108
52 112
52 115
53 57
53 59
53 66
53 75
53 76
53 77
53 81
53 89
53 94
53 104
53 105
53 118
54 56
54 64
54 65
54 68
54 73
54 83
54 88
54 89
54 92
54 108
55 57
55 62
55 65
55 68
55 72
55 75
55 81
55 93
55 94
55 96
55 97
55 100
55 105
55 111
56 60
56 64
56 82
56 83
56 86
56 94
56 101
56 111
56 118
57 64
57 66
57 69
57 72
57 81
57 82
57 84
57 92
57 94
57 101
57 102
57 116
58 65
58 68
58 76
58 88
58 93
58 97
58 98
58 108
59 68
59 79
59 83
59 88
59 89
59 93
59 97
59 101
59 105
59 117
60 61
60 67
60 75
60 80
60 86
60 93
60 98
60 103
60 104
60 105
60 114
60 116
60 119
61 62
61 63
61 68
61 69
61 71
61 72
61 79
61 86
61 94
61 96
61 100
61 103
61 110
62 70
62 76
62 79
62 82
62 88
62 89
62 91
62 100
62 101
62 108
62 112
63 69
63 71
63 80
63 83
63 84
63 87
63 88
63 95
63 98
63 101
63 103
63 112
63 116
64 71
64 76
64 78
64 92
64 97
64 103
64 115
65 71
65 75
65 78
65 85
65 87
65 88
65 91
65 93
65 97
65 112
65 113
65 116
66 67
66 79
66 83
66 89
66 96
66 102
66 105
66 113
66 114
66 119
67 69
67 76
67 79
67 84
67 90
67 95
67 99
67 103
67 104
67 106
67 108
67 110
67 113
68 79
68 80
68 81
68 86
68 93
68 95
68 98
68 99
68 103
68 119
69 70
69 71
69 72
69 73
69 81
69 82
69 83
69 88
69 89
69 90
69 95
69 107
69 108
69 109
69 114
69 119
70 81
70 85
70 86
70 90
70 97
70 103
70 111
70 115
70 116
70 118
71 79
71 82
71 86
71 94
71 98
71 103
71 109
72 76
72 89
72 91
72 92
72 96
72 111
72 113
73 75
73 76
73 80
73 85
73 86
73 90
73 92
73 101
73 102
73 105
73 112
73 115
74 76
74 81
74 93
74 96
74 102
75 79
75 86
75 87
75 93
75 96
75 100
75 106
75 107
75 108
75 115
75 119
76 84
76 85
76 86
76 88
76 94
76 116
76 118
77 81
77 82
77 85
77 87
77 105
77 110
78 79
78 81
78 82
78 84
78 87
78 92
78 94
78 97
78 102
78 109
78 111
78 116
79 80
79 82
79 85
79 86
79 96
79 99
79 100
79 111
79 114
79 117
80 90
80 93
80 95
80 101
80 105
80 106
80 111
80 116
80 119
81 90
81 100
81 102
81 104
81 116
81 119
82 83
82 84
82 89
82 90
82 91
82 94
82 96
82 104
82 108
82 109
82 111
82 115
83 84
83 91
83 98
83 100
83 104
83 105
83 112
84 102
84 106
84 114
84 118
85 87
85 115
86 87
86 90
86 92
86 93
86 100
86 104
86 112
87 92
87 94
87 95
87 97
87 101
87 111
87 119
88 91
88 92
88 97
88 101
88 115
89 91
89 95
89 99
89 104
90 91
90 94
90 98
90 99
90 103
90 105
90 109
90 112
90 117
91 92
91 97
91 98
91 113
91 117
91 119
92 95
92 113
93 104
93 106
94 97
94 99
94 100
94 105
94 108
94 112
94 113
94 117
95 98
95 118
96 97
96 101
96 102
96 103
96 104
96 110
97 100
97 104
97 105
97 107
97 111
97 112
97 117
98 102
98 104
98 105
98 106
98 111
99 106
99 116
100 101
100 102
100 109
100 111
100 113
100 114
101 102
101 105
101 106
101 112
102 108
102 112
102 113
102 116
103 105
103 113
104 112
104 114
104 116
104 118
105 108
105 115
106 109
107 108
107 114
108 116
110 112
110 115
111 112
111 118
112 113
112 116
112 117
113 114
113 116
113 118
116 118
84 60 20 53 74 29
1 52 108 58 116 57
77 59 46 21 87 67
56 34 65 45 73 105
69 12 75 104 88 25
13 85 5 101 70 82
27 95 26 110 42 71
4 41 91 40 111 9
35 66 113 68 119 102
24 93 28 11 39 61
18 2 114 78 23 15
17 112 62 98 55 103
48 64 22 76 99 118
33 38 8 19 10 80
37 117 94 97 0 79
51 50 31 109 115 90
72 92 44 14 54 7
16 86 49 83 89 100
30 47 107 36 106 6
63 3 96 32 81 43
