100
969
4
84.26
4.65
17.52
70.43
0 17
0 19
0 27
0 31
0 40
0 49
0 50
0 54
0 66
0 69
0 70
0 78
0 79
0 94
0 99
1 12
1 16
1 17
1 21
1 26
1 29
1 32
1 36
1 41
1 49
1 50
1 54
1 55
1 57
1 59
1 66
1 69
1 81
1 84
1 86
1 92
1 94
1 96
2 5
2 6
2 14
2 34
2 35
2 40
2 41
2 43
2 45
2 56
2 63
2 64
2 65
2 66
2 69
2 72
2 73
2 74
2 76
2 83
2 87
2 91
2 94
2 98
3 7
3 10
3 12
3 14
3 48
3 50
3 60
3 61
3 62
3 78
3 79
3 85
3 87
3 89
4 6
4 8
4 13
4 14
4 26
4 28
4 29
4 30
4 33
4 36
4 49
4 51
4 52
4 62
4 65
4 66
4 75
4 87
4 88
4 95
5 6
5 15
5 24
5 25
5 28
5 31
5 33
5 37
5 38
5 45
5 51
5 64
5 66
5 84
5 87
5 90
5 95
6 7
6 14
6 30
6 31
6 42
6 44
6 45
6 46
6 47
6 53
6 56
6 64
6 74
6 84
6 88
6 94
7 14
7 24
7 28
7 30
7 39
7 42
7 46
7 53
7 60
7 62
7 67
7 83
7 86
7 90
7 94
8 19
8 35
8 36
8 37
8 39
8 40
8 49
8 57
8 60
8 62
8 63
8 65
8 84
8 86
8 88
8 90
8 98
9 17
9 22
9 23
9 27
9 38
9 39
9 47
9 56
9 62
9 68
9 95
9 96
9 97
10 21
10 25
10 33
10 35
10 36
10 37
10 40
10 44
10 55
10 66
10 68
10 73
10 74
10 78
10 84
10 86
10 92
10 93
10 97
10 98
11 15
11 16
11 17
11 18
11 20
11 30
11 35
11 47
11 48
11 59
11 70
11 71
11 78
11 80
11 81
12 19
12 24
12 27
12 30
12 31
12 41
12 45
12 72
12 79
12 80
12 82
12 97
12 98
13 23
13 27
13 29
13 35
13 53
13 54
13 79
13 87
13 88
13 91
13 95
13 97
14 15
14 25
14 33
14 34
14 39
14 41
14 58
14 67
14 71
14 72
14 76
14 78
14 80
14 83
14 87
14 89
14 92
14 93
14 95
14 96
14 98
15 17
15 24
15 28
15 31
15 33
15 37
15 52
15 53
15 55
15 61
15 64
15 77
15 81
15 86
15 92
16 17
16 24
16 26
16 29
16 34
16 35
16 36
16 38
16 41
16 43
16 60
16 70
16 72
16 73
16 74
16 77
16 78
16 87
16 95
17 20
17 27
17 28
17 40
17 41
17 42
17 43
17 55
17 59
17 65
17 67
17 72
17 79
17 80
17 93
17 96
18 26
18 31
18 35
18 36
18 37
18 41
18 43
18 49
18 60
18 67
18 69
18 73
18 75
18 80
18 83
18 84
18 91
18 94
19 29
19 30
19 35
19 48
19 68
19 73
19 77
19 78
19 82
19 90
19 92
20 24
20 28
20 31
20 35
20 45
20 50
20 58
20 59
20 61
20 69
20 75
20 78
20 82
20 83
20 87
20 88
20 89
20 90
20 94
20 99
21 25
21 28
21 29
21 31
21 34
21 44
21 59
21 64
21 66
21 69
21 71
21 85
21 92
21 97
22 34
22 44
22 45
22 71
22 77
22 79
22 92
23 32
23 33
23 36
23 44
23 47
23 52
23 53
23 59
23 66
23 67
23 68
23 78
23 83
23 88
23 89
24 30
24 41
24 44
24 46
24 50
24 51
24 57
24 59
24 65
24 66
24 82
24 83
24 93
24 96
25 29
25 30
25 33
25 40
25 54
25 55
25 58
25 59
25 60
25 68
25 72
25 73
25 75
25 80
25 83
25 89
25 91
26 38
26 39
26 40
26 48
26 52
26 55
26 73
26 76
26 77
26 80
26 87
26 88
26 99
27 30
27 31
27 33
27 38
27 43
27 49
27 51
27 52
27 60
27 65
27 70
27 77
27 78
27 82
27 83
27 88
27 98
28 29
28 33
28 35
28 40
28 41
28 47
28 49
28 51
28 53
28 55
28 66
28 69
28 71
28 74
28 86
28 87
28 92
28 95
28 96
28 97
28 98
28 99
29 34
29 37
29 39
29 40
29 46
29 48
29 50
29 53
29 59
29 60
29 65
29 74
29 83
29 89
29 90
29 93
29 94
30 37
30 40
30 44
30 55
30 59
30 60
30 70
30 78
30 79
30 85
30 87
31 45
31 47
31 50
31 56
31 60
31 61
31 67
31 68
31 72
31 76
31 79
31 82
31 94
31 97
32 41
32 56
32 59
32 62
32 63
32 67
32 72
32 74
32 75
32 81
32 83
32 90
32 92
32 95
33 37
33 39
33 43
33 44
33 46
33 47
33 48
33 50
33 51
33 55
33 59
33 77
33 78
33 79
33 86
33 87
33 88
33 95
34 36
34 44
34 53
34 63
34 69
34 73
34 75
34 77
34 82
35 36
35 38
35 39
35 47
35 48
35 50
35 52
35 63
35 65
35 71
35 81
35 84
35 86
35 88
35 98
36 45
36 48
36 55
36 56
36 60
36 64
36 76
36 77
36 86
36 88
36 89
36 94
37 40
37 50
37 52
37 64
37 66
37 69
37 70
37 73
37 77
37 88
37 92
38 39
38 43
38 44
38 56
38 63
38 64
38 65
38 67
38 68
38 69
38 77
38 86
38 91
38 98
39 40
39 47
39 54
39 62
39 73
39 76
39 83
39 86
39 91
39 94
39 96
40 46
40 47
40 53
40 63
40 65
40 66
40 70
40 71
40 80
40 81
40 87
40 91
40 97
40 99
41 48
41 49
41 50
41 55
41 58
41 59
41 60
41 68
41 90
41 91
41 92
41 96
42 44
42 85
42 89
42 99
43 46
43 47
43 48
43 49
43 50
43 51
43 52
43 57
43 61
43 62
43 64
43 69
43 77
43 78
43 81
43 87
43 89
43 91
43 96
44 50
44 60
44 62
44 72
44 73
44 82
44 91
45 46
45 54
45 69
45 75
45 76
45 80
45 85
45 87
45 90
45 92
46 49
46 52
46 75
46 93
46 99
47 53
47 58
47 63
47 65
47 67
47 73
47 79
47 81
47 93
48 52
48 53
48 55
48 60
48 75
48 86
49 50
49 52
49 57
49 60
49 64
49 68
49 71
49 76
49 79
49 80
49 81
49 85
49 87
49 96
49 98
50 51
50 54
50 55
50 57
50 60
50 75
50 76
50 77
50 84
50 95
50 98
50 99
51 56
51 59
51 60
51 66
51 77
51 81
51 82
51 93
52 56
52 61
52 62
52 65
52 67
52 71
52 73
52 77
52 80
52 84
52 95
52 96
53 57
53 59
53 65
53 66
53 67
53 91
53 94
54 58
54 68
54 71
54 84
54 88
54 89
54 92
54 96
54 99
55 56
55 68
55 72
55 76
55 77
55 80
55 84
55 88
55 94
55 96
55 98
56 63
56 64
56 68
56 77
56 82
56 90
56 91
56 94
56 95
56 97
57 59
57 77
57 79
57 81
58 59
58 66
58 71
58 75
58 80
58 84
58 93
59 60
59 74
59 80
59 82
59 90
59 93
59 97
59 98
60 62
60 63
60 70
60 73
60 77
60 83
60 85
60 90
60 95
60 96
60 99
61 66
61 67
61 72
61 91
61 94
61 96
61 99
62 64
62 67
62 75
62 81
62 85
62 86
62 88
62 89
62 98
63 70
63 74
63 77
63 82
63 85
63 94
63 98
64 70
64 71
64 75
64 79
64 89
64 90
64 92
64 94
65 66
65 67
65 70
65 75
65 80
65 90
65 93
65 94
65 95
65 96
65 97
66 67
66 69
66 74
66 82
66 88
66 96
67 68
67 75
67 81
67 83
67 91
67 97
68 73
68 80
68 86
68 90
68 91
68 94
69 71
69 73
69 75
69 81
69 85
69 97
70 74
70 78
70 89
70 93
71 73
71 81
71 90
72 73
72 80
72 83
72 86
72 89
72 91
72 92
73 78
73 82
73 83
73 85
73 92
73 97
74 79
74 84
74 89
74 93
75 88
75 98
75 99
76 78
76 83
76 84
76 85
76 88
76 92
76 95
76 99
77 78
77 80
77 81
77 85
77 87
77 92
77 96
77 97
78 86
78 93
79 84
79 87
79 92
79 97
80 81
80 89
80 90
80 91
80 96
80 97
81 86
81 87
81 90
81 92
81 97
82 84
82 86
82 91
82 94
84 85
84 91
84 92
84 98
85 86
85 90
85 92
85 99
86 88
86 89
86 91
86 92
86 94
87 99
91 96
91 98
93 97
93 98
94 95
95 96
17 15 64 45 25 30 70 46 99 88 41 73 75 6 69 63 80 51 18 28 36 23 84 52 34
54 97 96 76 13 8 38 78 94 57 24 71 61 95 10 56 81 9 43 62 92 42 82 65 72
27 66 98 16 29 77 87 33 0 58 85 2 59 21 55 31 44 19 37 26 79 68 60 1 47
91 22 49 11 67 7 5 3 89 53 4 50 74 14 93 90 40 86 32 39 20 48 83 35 12
