110
594
4
58.05
23.07
46.43
76.34
0 2
0 4
0 9
0 10
0 20
0 23
0 43
0 47
0 64
0 81
0 82
0 83
0 97
1 5
1 33
1 46
1 48
1 63
1 64
1 80
1 83
1 91
1 93
1 94
1 109
2 10
2 11
2 15
2 22
2 30
2 44
2 53
2 65
2 68
2 78
2 84
2 90
2 102
3 51
3 67
3 75
3 80
3 89
4 14
4 18
4 25
4 36
4 54
4 75
4 85
5 6
5 55
5 77
5 87
5 89
5 101
6 22
6 26
6 28
6 37
6 54
6 71
6 72
6 84
6 95
6 96
6 97
6 107
7 12
7 18
7 20
7 24
7 84
7 97
7 102
8 51
8 52
8 62
8 65
8 96
8 98
8 104
8 107
9 13
9 15
9 49
9 64
9 72
9 74
9 91
9 94
10 24
10 37
10 43
10 57
10 65
10 100
10 105
10 106
11 12
11 14
11 56
11 60
11 74
11 80
11 97
11 100
12 22
12 38
12 43
12 53
12 54
12 60
12 81
12 91
12 93
12 103
12 105
13 26
13 30
13 38
13 51
13 52
13 77
13 102
13 105
13 107
13 108
13 109
14 16
14 25
14 39
14 43
14 47
14 53
14 73
14 80
14 109
15 18
15 22
15 27
15 33
15 44
15 50
15 66
15 76
15 81
15 91
15 101
15 109
16 21
16 22
16 58
16 64
16 67
16 77
16 78
16 98
17 34
17 41
17 57
17 59
17 76
17 86
17 91
17 101
17 105
18 33
18 38
18 47
18 50
18 58
19 29
19 34
19 40
19 55
19 61
19 65
19 67
19 83
19 90
20 37
20 44
20 49
20 54
20 65
20 89
20 100
20 102
21 37
21 56
21 59
21 62
21 67
22 37
22 44
22 60
22 72
22 73
22 84
22 98
22 107
23 26
23 54
23 61
23 78
23 80
23 83
24 28
24 30
24 47
24 50
24 64
24 65
24 77
24 81
24 85
24 95
24 107
25 28
25 31
25 40
25 55
25 56
25 60
25 87
25 101
25 102
25 103
26 34
26 36
26 42
26 50
26 69
26 99
27 28
27 31
27 82
27 95
27 108
28 40
28 46
28 58
28 59
28 78
28 82
28 86
28 99
28 101
29 48
29 53
29 55
29 58
29 59
29 65
29 87
29 96
29 109
30 32
30 48
30 59
30 63
30 98
31 35
31 47
31 52
31 53
31 55
31 68
31 88
31 99
32 33
32 55
32 83
32 91
32 92
32 96
33 40
33 41
33 46
33 52
33 74
33 80
33 89
33 94
33 99
34 39
34 44
34 45
34 48
34 71
34 82
34 92
34 97
34 98
34 99
34 105
35 46
35 47
35 63
35 75
35 80
35 85
36 44
36 46
36 63
36 70
36 71
36 78
36 91
36 96
36 97
36 99
37 39
37 43
37 49
37 57
37 62
37 89
37 109
38 45
38 58
38 73
38 75
38 81
38 85
38 95
38 98
39 50
39 55
39 67
39 71
39 74
39 82
39 84
39 102
39 105
40 55
40 68
40 76
40 77
40 91
40 99
40 104
41 64
41 72
41 81
41 87
41 95
41 98
41 99
41 105
42 44
42 59
42 70
42 88
43 58
43 59
43 65
43 73
43 78
43 80
43 84
43 93
44 54
44 61
44 68
44 87
44 90
44 91
44 102
44 105
45 58
45 64
45 71
45 85
45 90
45 93
45 95
45 97
45 106
45 109
46 55
46 73
46 86
46 95
47 56
47 62
47 65
47 69
47 78
47 80
47 83
47 86
47 94
47 95
48 53
48 61
48 63
48 77
48 90
48 105
49 58
49 61
49 64
49 68
49 70
49 84
49 85
49 91
49 97
49 99
49 101
49 103
50 78
50 101
51 56
51 60
51 61
51 70
51 73
51 83
51 95
51 99
51 108
52 56
52 60
52 65
52 72
52 102
53 60
53 66
53 68
53 75
53 78
53 85
53 86
53 91
53 95
54 55
54 58
54 61
54 69
54 71
54 78
54 81
54 82
54 84
54 85
54 91
54 95
54 100
54 103
54 108
55 60
55 61
55 66
55 69
55 95
55 106
55 107
56 74
56 108
57 69
57 90
57 93
57 96
57 98
58 65
58 66
58 70
58 72
58 79
59 71
59 80
59 93
59 102
59 103
60 80
60 105
60 107
61 78
61 81
61 88
61 92
61 95
61 99
62 63
62 65
62 67
62 68
62 72
62 81
62 95
63 65
63 76
63 103
64 83
64 88
65 66
65 92
65 94
65 106
66 88
66 91
66 96
66 98
66 103
66 105
66 106
67 86
67 90
67 91
67 93
67 105
68 91
69 83
69 95
69 98
69 105
69 108
70 91
70 92
70 103
71 97
71 105
72 80
72 91
72 94
72 107
73 74
73 82
73 89
73 91
73 92
73 98
73 99
73 102
73 109
74 97
75 82
75 103
75 105
76 78
76 79
76 89
77 83
77 93
77 97
77 102
78 81
78 84
78 90
78 93
78 96
78 98
78 99
78 101
78 104
79 91
79 101
80 84
80 94
81 84
81 94
81 106
81 107
82 88
82 95
82 105
82 106
83 90
83 104
83 108
84 90
84 91
84 102
84 108
86 88
86 90
86 94
87 92
87 107
87 108
91 93
91 99
93 108
95 109
96 106
96 107
98 109
100 107
100 109
101 105
87 25 0 32 2 18 15 88 98 19 33 6 99 51 58 66 56 26 20 53 27 104 14 36 23 28 41 7 72 11 44 96 73
50 82 75 61 17 3 49 42 54 89 48 24 47 30 74 86 76 8 68 95 62 103 81 40 5 64 69 52 1 101 107 106 12
31 16 38 34 39 21 78 63 85 102 83 37 10 60 108 71 22 70 4 79 55 100 35 9 80 45 13 67 29 109 84 92 90
77 93 46 94 105 65 97 57 59 43 91
