140
2924
5
77.31
61.04
24.79
37.12
36.86
0 1
0 2
0 3
0 8
0 12
0 13
0 15
0 23
0 27
0 29
0 31
0 40
0 42
0 48
0 54
0 55
0 57
0 64
0 65
0 67
0 68
0 76
0 85
0 86
0 87
0 89
0 94
0 102
0 112
0 113
0 116
0 118
0 119
0 122
0 125
0 127
0 132
0 133
1 3
1 10
1 17
1 20
1 24
1 25
1 27
1 30
1 32
1 33
1 37
1 39
1 40
1 42
1 44
1 53
1 54
1 56
1 58
1 59
1 63
1 64
1 66
1 67
1 68
1 74
1 75
1 79
1 82
1 87
1 89
1 91
1 93
1 96
1 98
1 100
1 106
1 111
1 115
1 116
1 117
1 121
1 122
1 124
1 130
1 131
1 134
1 135
2 3
2 9
2 17
2 21
2 22
2 25
2 29
2 31
2 35
2 37
2 41
2 44
2 45
2 49
2 50
2 51
2 52
2 56
2 57
2 59
2 67
2 70
2 74
2 78
2 86
2 89
2 94
2 98
2 100
2 109
2 111
2 117
2 119
2 120
2 122
2 126
2 127
2 129
2 131
2 136
2 137
3 4
3 5
3 6
3 8
3 9
3 13
3 22
3 23
3 27
3 34
3 37
3 40
3 41
3 43
3 45
3 54
3 58
3 61
3 63
3 67
3 70
3 74
3 76
3 79
3 81
3 82
3 85
3 86
3 87
3 88
3 89
3 93
3 96
3 98
3 102
3 105
3 106
3 120
3 122
3 125
3 126
3 128
3 129
3 134
3 135
3 138
3 139
4 6
4 7
4 10
4 11
4 13
4 16
4 23
4 24
4 29
4 32
4 33
4 35
4 39
4 40
4 44
4 46
4 47
4 48
4 55
4 58
4 59
4 60
4 61
4 62
4 63
4 66
4 67
4 68
4 69
4 72
4 77
4 79
4 83
4 84
4 85
4 86
4 91
4 92
4 93
4 97
4 102
4 106
4 108
4 116
4 119
4 121
4 122
4 127
4 129
4 130
4 133
4 134
4 135
4 136
4 138
5 11
5 17
5 18
5 20
5 23
5 30
5 31
5 33
5 42
5 46
5 47
5 50
5 55
5 58
5 65
5 66
5 71
5 72
5 74
5 75
5 78
5 86
5 87
5 92
5 95
5 96
5 97
5 105
5 112
5 113
5 116
5 118
5 119
5 120
5 124
5 132
5 133
5 134
5 137
5 138
6 11
6 13
6 14
6 24
6 29
6 34
6 38
6 42
6 43
6 44
6 51
6 53
6 66
6 69
6 70
6 76
6 79
6 83
6 85
6 86
6 87
6 90
6 93
6 95
6 96
6 97
6 103
6 105
6 106
6 108
6 114
6 117
6 124
6 130
6 131
6 132
6 136
7 10
7 11
7 14
7 16
7 18
7 21
7 22
7 23
7 28
7 32
7 33
7 35
7 36
7 38
7 40
7 45
7 49
7 52
7 56
7 58
7 59
7 64
7 71
7 72
7 79
7 81
7 88
7 89
7 90
7 91
7 111
7 114
7 118
7 122
7 130
7 133
7 135
7 138
8 11
8 14
8 15
8 20
8 22
8 27
8 28
8 33
8 34
8 35
8 40
8 41
8 43
8 45
8 47
8 50
8 51
8 52
8 56
8 57
8 58
8 59
8 61
8 62
8 71
8 75
8 76
8 79
8 81
8 82
8 87
8 89
8 92
8 93
8 96
8 97
8 99
8 100
8 103
8 108
8 111
8 116
8 118
8 120
8 124
8 125
8 126
8 131
8 139
9 12
9 20
9 21
9 22
9 29
9 38
9 42
9 47
9 51
9 52
9 54
9 55
9 57
9 59
9 63
9 75
9 76
9 83
9 91
9 93
9 95
9 97
9 98
9 101
9 109
9 112
9 116
9 117
9 121
9 122
9 125
9 127
9 131
9 132
9 134
9 135
9 138
9 139
10 11
10 17
10 23
10 25
10 27
10 29
10 32
10 40
10 44
10 46
10 50
10 62
10 63
10 77
10 85
10 92
10 95
10 97
10 99
10 102
10 104
10 106
10 108
10 112
10 113
10 116
10 117
10 118
10 130
10 131
10 139
11 12
11 14
11 17
11 18
11 20
11 21
11 26
11 29
11 30
11 31
11 33
11 37
11 39
11 47
11 48
11 51
11 56
11 59
11 60
11 64
11 66
11 72
11 83
11 85
11 88
11 89
11 100
11 101
11 103
11 109
11 113
11 117
11 120
11 126
11 129
11 130
11 131
11 136
11 139
12 23
12 24
12 28
12 31
12 32
12 35
12 39
12 41
12 43
12 46
12 48
12 49
12 52
12 54
12 55
12 56
12 60
12 61
12 64
12 68
12 70
12 71
12 75
12 76
12 80
12 85
12 86
12 92
12 101
12 102
12 103
12 105
12 107
12 108
12 111
12 124
12 125
12 131
12 134
12 136
13 14
13 19
13 25
13 26
13 30
13 31
13 32
13 36
13 37
13 39
13 42
13 44
13 45
13 48
13 50
13 54
13 56
13 57
13 58
13 62
13 65
13 68
13 76
13 80
13 83
13 85
13 90
13 91
13 93
13 101
13 106
13 107
13 108
13 109
13 115
13 117
13 118
13 125
13 130
13 133
13 137
14 17
14 21
14 22
14 27
14 32
14 35
14 37
14 39
14 45
14 50
14 52
14 58
14 64
14 71
14 73
14 84
14 89
14 91
14 92
14 96
14 97
14 101
14 103
14 105
14 106
14 107
14 109
14 115
14 119
14 121
14 123
14 124
14 125
14 126
14 127
14 129
14 130
14 131
14 132
15 19
15 22
15 23
15 45
15 46
15 47
15 49
15 54
15 58
15 61
15 65
15 67
15 68
15 70
15 74
15 76
15 83
15 91
15 93
15 94
15 99
15 102
15 110
15 119
15 123
15 130
15 134
15 135
15 136
16 17
16 20
16 29
16 30
16 33
16 34
16 35
16 46
16 48
16 50
16 51
16 56
16 67
16 69
16 71
16 73
16 77
16 78
16 82
16 89
16 92
16 93
16 94
16 99
16 101
16 103
16 104
16 111
16 112
16 114
16 117
16 118
16 119
16 120
16 121
16 123
16 125
16 131
17 22
17 25
17 29
17 33
17 35
17 47
17 68
17 70
17 73
17 80
17 94
17 99
17 100
17 106
17 112
17 114
17 116
17 119
17 125
17 126
18 19
18 25
18 27
18 28
18 29
18 32
18 36
18 39
18 45
18 46
18 47
18 49
18 61
18 63
18 69
18 78
18 79
18 80
18 83
18 91
18 92
18 93
18 96
18 100
18 105
18 106
18 108
18 110
18 116
18 118
18 119
18 120
18 121
18 132
18 134
18 136
19 20
19 24
19 26
19 27
19 29
19 30
19 31
19 32
19 34
19 37
19 42
19 45
19 47
19 48
19 50
19 51
19 55
19 56
19 57
19 58
19 63
19 65
19 68
19 71
19 80
19 84
19 85
19 87
19 90
19 91
19 98
19 100
19 102
19 105
19 106
19 111
19 118
19 120
19 121
19 122
19 127
19 129
19 130
19 134
19 139
20 22
20 32
20 34
20 41
20 42
20 45
20 47
20 50
20 54
20 56
20 63
20 65
20 71
20 72
20 74
20 75
20 77
20 85
20 86
20 87
20 95
20 104
20 111
20 113
20 116
20 119
20 134
20 136
20 138
21 23
21 32
21 35
21 39
21 40
21 42
21 49
21 53
21 56
21 57
21 61
21 62
21 65
21 67
21 68
21 71
21 75
21 77
21 79
21 81
21 83
21 87
21 88
21 89
21 104
21 107
21 110
21 112
21 117
21 119
21 121
21 127
21 129
21 132
21 133
21 134
21 135
21 137
21 139
22 24
22 25
22 28
22 30
22 34
22 38
22 41
22 45
22 46
22 49
22 52
22 55
22 60
22 62
22 65
22 66
22 67
22 72
22 81
22 82
22 83
22 91
22 94
22 98
22 100
22 103
22 112
22 115
22 116
22 120
22 128
22 134
22 136
22 137
22 138
22 139
23 32
23 35
23 36
23 42
23 43
23 44
23 49
23 51
23 54
23 59
23 60
23 61
23 67
23 70
23 72
23 75
23 76
23 81
23 83
23 87
23 89
23 94
23 95
23 98
23 100
23 112
23 113
23 115
23 117
23 122
23 124
23 126
23 128
23 131
23 135
23 137
24 25
24 26
24 29
24 35
24 41
24 44
24 45
24 53
24 55
24 60
24 63
24 74
24 83
24 84
24 87
24 97
24 100
24 103
24 108
24 111
24 112
24 118
24 119
24 123
24 126
24 130
24 131
24 134
24 135
24 136
25 26
25 33
25 35
25 37
25 38
25 40
25 43
25 46
25 47
25 48
25 58
25 59
25 61
25 63
25 67
25 68
25 71
25 80
25 83
25 84
25 86
25 88
25 89
25 91
25 92
25 96
25 97
25 98
25 99
25 114
25 115
25 122
25 123
25 124
25 129
25 131
25 136
25 139
26 27
26 28
26 39
26 41
26 43
26 45
26 51
26 53
26 54
26 57
26 58
26 62
26 64
26 65
26 81
26 87
26 89
26 90
26 93
26 97
26 100
26 102
26 103
26 105
26 106
26 107
26 110
26 112
26 117
26 120
26 123
26 126
26 127
26 128
26 130
26 134
26 138
27 34
27 38
27 39
27 41
27 43
27 45
27 51
27 56
27 58
27 64
27 65
27 66
27 68
27 72
27 73
27 74
27 83
27 91
27 92
27 93
27 98
27 99
27 104
27 106
27 107
27 108
27 109
27 112
27 113
27 117
27 119
27 121
27 124
27 127
27 133
27 139
28 29
28 30
28 32
28 35
28 37
28 38
28 45
28 52
28 58
28 66
28 68
28 73
28 77
28 79
28 83
28 85
28 90
28 91
28 93
28 94
28 103
28 107
28 108
28 110
28 115
28 118
28 120
28 122
28 126
28 134
28 136
29 31
29 35
29 36
29 38
29 41
29 42
29 49
29 50
29 52
29 57
29 59
29 64
29 67
29 70
29 72
29 74
29 79
29 80
29 83
29 84
29 86
29 87
29 90
29 92
29 102
29 104
29 109
29 111
29 112
29 114
29 115
29 116
29 118
29 121
29 126
30 31
30 37
30 38
30 44
30 47
30 51
30 62
30 63
30 64
30 65
30 67
30 70
30 74
30 78
30 80
30 81
30 84
30 85
30 88
30 96
30 99
30 100
30 112
30 130
30 133
30 135
31 33
31 43
31 46
31 48
31 51
31 57
31 59
31 60
31 64
31 65
31 67
31 72
31 74
31 77
31 80
31 84
31 87
31 92
31 93
31 95
31 96
31 97
31 100
31 102
31 104
31 106
31 107
31 114
31 115
31 121
31 122
31 123
31 125
31 130
31 135
31 137
32 38
32 42
32 46
32 49
32 53
32 56
32 60
32 63
32 65
32 66
32 71
32 72
32 80
32 84
32 86
32 89
32 92
32 93
32 106
32 108
32 113
32 115
32 116
32 120
32 125
32 128
32 130
32 134
32 135
32 136
32 138
33 42
33 45
33 46
33 49
33 51
33 52
33 62
33 63
33 65
33 67
33 68
33 73
33 76
33 79
33 81
33 84
33 85
33 86
33 89
33 94
33 98
33 101
33 108
33 111
33 117
33 119
33 121
33 122
33 125
33 127
33 128
33 129
33 135
33 136
33 137
33 139
34 38
34 40
34 46
34 55
34 56
34 65
34 67
34 69
34 73
34 74
34 76
34 88
34 89
34 94
34 95
34 113
34 115
34 118
34 119
34 120
34 121
34 125
34 127
34 129
34 137
35 37
35 39
35 42
35 43
35 46
35 51
35 55
35 57
35 61
35 63
35 71
35 75
35 78
35 79
35 80
35 84
35 86
35 88
35 89
35 97
35 99
35 100
35 101
35 102
35 110
35 112
35 116
35 117
35 119
35 120
35 125
35 126
35 129
35 130
35 132
35 133
35 139
36 51
36 56
36 57
36 66
36 67
36 69
36 70
36 74
36 75
36 81
36 86
36 94
36 100
36 103
36 106
36 116
36 118
36 119
36 123
36 125
36 128
36 130
36 132
36 134
36 135
36 136
36 137
36 138
37 39
37 44
37 49
37 52
37 53
37 59
37 62
37 66
37 68
37 69
37 71
37 73
37 75
37 80
37 87
37 91
37 96
37 97
37 99
37 100
37 101
37 103
37 104
37 105
37 109
37 110
37 112
37 115
37 116
37 117
37 120
37 121
37 122
37 125
37 128
37 133
37 134
37 135
37 136
37 137
38 39
38 43
38 46
38 47
38 48
38 52
38 53
38 58
38 61
38 67
38 75
38 76
38 80
38 85
38 94
38 98
38 101
38 103
38 104
38 107
38 119
38 121
38 124
38 125
38 127
38 128
38 137
39 42
39 43
39 44
39 54
39 58
39 60
39 62
39 63
39 67
39 72
39 73
39 74
39 76
39 80
39 102
39 108
39 110
39 111
39 112
39 115
39 117
39 119
39 128
39 129
39 134
39 138
40 42
40 44
40 45
40 47
40 48
40 51
40 60
40 61
40 62
40 71
40 72
40 79
40 85
40 86
40 87
40 88
40 89
40 91
40 94
40 95
40 97
40 101
40 103
40 105
40 111
40 112
40 117
40 118
40 119
40 120
40 125
40 126
40 130
40 135
40 136
40 137
41 45
41 52
41 59
41 64
41 65
41 68
41 73
41 74
41 75
41 81
41 84
41 89
41 100
41 101
41 108
41 109
41 112
41 113
41 125
41 133
41 135
41 136
41 137
41 138
42 47
42 49
42 53
42 54
42 55
42 58
42 59
42 60
42 65
42 67
42 72
42 85
42 87
42 92
42 93
42 95
42 99
42 100
42 104
42 106
42 115
42 125
42 126
42 127
42 128
42 131
42 132
42 136
43 49
43 52
43 58
43 59
43 61
43 70
43 71
43 74
43 75
43 77
43 78
43 80
43 96
43 97
43 101
43 103
43 106
43 108
43 109
43 115
43 118
43 119
43 120
43 123
43 127
43 132
44 45
44 53
44 54
44 56
44 63
44 65
44 70
44 71
44 79
44 91
44 92
44 93
44 94
44 101
44 103
44 104
44 108
44 109
44 112
44 115
44 116
44 119
44 128
44 131
44 136
44 139
45 49
45 50
45 52
45 55
45 56
45 58
45 59
45 61
45 62
45 65
45 76
45 78
45 82
45 85
45 86
45 88
45 89
45 90
45 92
45 93
45 94
45 97
45 100
45 107
45 116
45 121
45 134
46 48
46 54
46 56
46 57
46 61
46 62
46 68
46 71
46 73
46 74
46 79
46 80
46 82
46 84
46 85
46 88
46 89
46 91
46 95
46 96
46 100
46 104
46 108
46 111
46 113
46 114
46 119
46 131
46 136
46 138
47 51
47 55
47 58
47 68
47 70
47 73
47 81
47 86
47 87
47 89
47 90
47 91
47 92
47 103
47 110
47 113
47 115
47 116
47 117
47 118
47 119
47 128
47 130
47 132
47 134
47 138
48 50
48 51
48 54
48 60
48 63
48 64
48 74
48 80
48 87
48 89
48 90
48 97
48 98
48 99
48 100
48 107
48 112
48 114
48 117
48 120
48 121
48 123
48 131
48 134
48 135
49 52
49 53
49 54
49 55
49 57
49 59
49 61
49 62
49 70
49 72
49 73
49 75
49 80
49 82
49 87
49 90
49 92
49 93
49 94
49 100
49 107
49 110
49 111
49 113
49 123
49 128
50 51
50 57
50 59
50 61
50 62
50 70
50 73
50 78
50 79
50 81
50 84
50 86
50 87
50 89
50 90
50 92
50 93
50 99
50 100
50 103
50 108
50 114
50 115
50 121
50 125
50 126
50 133
50 135
50 137
51 52
51 59
51 60
51 68
51 90
51 93
51 94
51 101
51 106
51 110
51 112
51 113
51 115
51 116
51 119
51 124
51 125
51 130
51 135
51 138
52 54
52 56
52 57
52 61
52 63
52 64
52 68
52 72
52 73
52 76
52 83
52 84
52 93
52 95
52 96
52 97
52 103
52 105
52 116
52 118
52 123
52 132
52 135
52 136
52 137
52 138
53 56
53 66
53 67
53 72
53 75
53 78
53 82
53 87
53 89
53 95
53 97
53 99
53 101
53 102
53 107
53 109
53 114
53 115
53 117
53 123
53 126
53 127
53 132
53 133
54 56
54 58
54 60
54 61
54 69
54 72
54 76
54 78
54 87
54 99
54 100
54 102
54 114
54 117
54 119
54 121
54 123
54 125
54 129
54 130
54 131
54 133
55 57
55 58
55 67
55 68
55 72
55 73
55 77
55 80
55 81
55 90
55 91
55 93
55 104
55 106
55 120
55 121
55 122
55 130
55 139
56 57
56 59
56 65
56 67
56 68
56 70
56 74
56 83
56 84
56 89
56 92
56 95
56 100
56 102
56 107
56 115
56 118
56 121
56 123
56 124
56 130
56 132
56 134
57 62
57 64
57 65
57 66
57 67
57 68
57 72
57 73
57 78
57 86
57 88
57 89
57 90
57 92
57 96
57 99
57 100
57 101
57 105
57 109
57 110
57 113
57 121
57 125
57 133
58 59
58 62
58 64
58 69
58 70
58 71
58 83
58 85
58 89
58 92
58 96
58 109
58 111
58 113
58 114
58 117
58 118
58 120
58 124
58 125
58 127
58 134
58 138
59 62
59 63
59 64
59 66
59 68
59 70
59 72
59 74
59 84
59 86
59 94
59 97
59 99
59 100
59 101
59 112
59 117
59 119
59 124
59 125
59 127
59 134
60 61
60 70
60 72
60 77
60 78
60 86
60 87
60 88
60 92
60 93
60 94
60 96
60 97
60 103
60 108
60 110
60 118
60 123
60 130
60 136
60 137
61 63
61 65
61 68
61 69
61 75
61 77
61 92
61 97
61 103
61 104
61 107
61 113
61 115
61 119
61 124
61 126
61 129
61 137
61 138
62 67
62 75
62 77
62 86
62 92
62 95
62 106
62 107
62 111
62 112
62 113
62 119
62 120
62 122
62 124
62 125
62 130
62 132
62 134
62 135
62 136
63 65
63 66
63 68
63 69
63 70
63 73
63 77
63 78
63 82
63 84
63 86
63 89
63 91
63 93
63 96
63 109
63 111
63 114
63 115
63 119
63 120
63 121
63 122
63 127
63 131
63 132
63 133
63 139
64 67
64 71
64 74
64 76
64 84
64 85
64 91
64 92
64 93
64 100
64 101
64 103
64 105
64 111
64 112
64 116
64 118
64 120
64 122
64 124
64 125
64 127
64 130
64 131
64 133
64 136
64 138
65 68
65 71
65 72
65 73
65 76
65 81
65 82
65 85
65 92
65 98
65 102
65 103
65 104
65 105
65 106
65 107
65 113
65 124
65 126
65 129
65 131
65 133
65 134
65 136
65 137
65 138
66 68
66 71
66 74
66 77
66 82
66 83
66 84
66 85
66 86
66 87
66 92
66 95
66 101
66 104
66 105
66 111
66 113
66 115
66 118
66 127
66 129
67 69
67 74
67 82
67 83
67 86
67 88
67 89
67 90
67 91
67 98
67 110
67 114
67 116
67 117
67 122
67 127
67 131
67 132
67 133
67 138
67 139
68 70
68 73
68 77
68 87
68 92
68 96
68 100
68 107
68 110
68 114
68 115
68 117
68 118
68 120
68 123
68 125
68 132
68 134
69 73
69 77
69 78
69 81
69 82
69 86
69 87
69 100
69 102
69 105
69 108
69 110
69 112
69 114
69 116
69 118
69 121
69 124
69 126
69 129
69 131
69 139
70 71
70 76
70 80
70 85
70 86
70 91
70 93
70 94
70 97
70 98
70 101
70 102
70 106
70 113
70 119
70 120
70 124
70 125
70 133
70 134
70 136
70 137
70 139
71 72
71 74
71 83
71 87
71 88
71 89
71 90
71 94
71 97
71 100
71 101
71 103
71 107
71 108
71 109
71 113
71 115
71 117
71 119
71 121
71 124
71 125
71 127
71 133
71 135
71 137
71 138
72 76
72 77
72 80
72 82
72 83
72 86
72 96
72 97
72 100
72 103
72 106
72 108
72 126
72 130
72 131
72 132
73 75
73 76
73 80
73 86
73 94
73 97
73 98
73 99
73 100
73 104
73 110
73 121
73 122
73 125
73 126
73 130
73 133
73 136
73 137
73 139
74 77
74 79
74 87
74 91
74 92
74 94
74 95
74 106
74 107
74 109
74 114
74 115
74 121
74 125
74 129
74 132
74 133
74 134
74 135
75 77
75 78
75 81
75 84
75 85
75 88
75 96
75 98
75 99
75 101
75 102
75 105
75 106
75 108
75 109
75 110
75 112
75 117
75 119
75 120
75 125
75 128
75 129
75 130
75 131
76 81
76 82
76 84
76 85
76 87
76 92
76 93
76 94
76 95
76 99
76 100
76 104
76 106
76 108
76 112
76 125
76 128
76 132
77 83
77 86
77 87
77 101
77 103
77 108
77 112
77 113
77 114
77 118
77 119
77 121
77 122
77 128
77 129
77 133
77 135
77 137
77 138
78 79
78 80
78 81
78 85
78 87
78 88
78 92
78 94
78 96
78 102
78 106
78 109
78 112
78 113
78 114
78 115
78 117
78 120
78 122
78 125
78 126
78 128
78 133
78 138
79 83
79 89
79 91
79 92
79 93
79 100
79 105
79 108
79 115
79 116
79 118
79 119
79 125
79 126
79 133
79 134
79 135
79 137
79 138
80 85
80 88
80 95
80 96
80 98
80 100
80 106
80 108
80 110
80 118
80 129
80 137
81 83
81 84
81 85
81 86
81 90
81 99
81 101
81 106
81 111
81 112
81 116
81 117
81 120
81 121
81 122
81 125
81 128
81 129
81 130
81 137
81 138
82 86
82 89
82 91
82 92
82 93
82 95
82 104
82 106
82 108
82 115
82 116
82 123
82 126
82 128
82 129
82 131
82 134
82 135
83 87
83 95
83 99
83 103
83 104
83 107
83 116
83 118
83 119
83 120
83 121
83 124
83 135
83 136
83 137
84 87
84 88
84 90
84 92
84 94
84 95
84 100
84 105
84 107
84 110
84 111
84 115
84 118
84 119
84 126
84 127
84 129
84 131
84 133
84 134
84 137
85 92
85 100
85 101
85 106
85 111
85 114
85 121
85 123
85 125
85 126
85 131
85 135
85 139
86 90
86 92
86 94
86 98
86 102
86 105
86 109
86 112
86 113
86 116
86 117
86 118
86 123
86 124
86 136
86 137
87 88
87 95
87 97
87 102
87 104
87 105
87 112
87 113
87 114
87 118
87 121
87 122
87 127
87 128
87 135
87 138
87 139
88 94
88 101
88 104
88 105
88 106
88 109
88 111
88 121
88 124
88 131
88 135
88 136
88 139
89 93
89 98
89 100
89 103
89 108
89 115
89 121
89 122
89 124
89 126
89 131
89 132
89 133
89 134
89 136
90 93
90 95
90 98
90 103
90 105
90 107
90 113
90 114
90 119
90 124
90 128
90 136
90 138
90 139
91 93
91 94
91 105
91 113
91 116
91 119
91 121
91 122
91 123
91 126
91 130
91 132
91 137
92 106
92 110
92 121
92 128
92 130
92 136
93 99
93 104
93 106
93 112
93 114
93 123
93 126
93 130
93 134
93 135
93 136
93 138
94 96
94 97
94 99
94 102
94 103
94 106
94 110
94 123
94 130
94 133
94 134
95 98
95 101
95 103
95 108
95 112
95 113
95 115
95 116
95 117
95 118
95 124
95 126
95 130
95 132
95 135
96 101
96 104
96 106
96 110
96 111
96 114
96 115
96 119
96 126
96 130
96 131
97 98
97 101
97 102
97 105
97 111
97 113
97 114
97 118
97 122
97 123
97 124
97 126
97 127
97 130
97 138
97 139
98 107
98 108
98 119
98 130
98 133
98 138
98 139
99 101
99 103
99 105
99 111
99 115
99 117
99 120
99 129
99 131
99 133
99 134
99 137
100 104
100 105
100 106
100 107
100 110
100 111
100 113
100 115
100 120
100 121
100 125
100 126
100 128
100 130
100 131
100 135
100 139
101 107
101 111
101 115
101 119
101 124
101 125
101 128
101 135
101 137
101 138
101 139
102 105
102 107
102 109
102 111
102 113
102 121
102 124
102 129
102 131
102 133
102 137
102 138
102 139
103 104
103 109
103 119
103 127
103 128
103 130
103 132
104 108
104 109
104 110
104 111
104 115
104 116
104 118
104 125
104 126
104 127
104 131
104 134
104 139
105 106
105 120
105 121
105 136
106 108
106 112
106 113
106 118
106 121
106 125
106 128
106 133
106 134
106 136
106 137
107 110
107 111
107 114
107 119
107 120
107 134
107 135
107 136
107 138
108 116
108 119
108 125
108 127
108 129
108 130
108 132
108 133
108 135
109 111
109 112
109 114
109 119
109 121
109 126
109 127
109 135
109 137
109 139
110 124
110 125
110 129
110 132
110 139
111 112
111 115
111 117
111 122
111 125
111 131
111 132
111 136
111 139
112 114
112 115
112 118
112 119
112 121
112 122
112 128
112 132
112 133
112 135
112 138
113 115
113 123
113 124
113 127
113 129
113 133
113 135
113 137
114 117
114 119
114 128
114 129
114 130
114 139
115 119
115 120
115 122
115 123
115 126
115 128
115 134
115 135
116 119
116 120
116 121
116 126
116 128
116 131
116 134
116 135
116 136
116 137
116 138
116 139
117 122
117 124
117 127
117 128
117 131
117 132
117 135
117 136
118 125
118 127
118 130
118 131
118 134
118 136
118 138
118 139
119 121
119 122
119 124
119 133
119 134
119 135
119 136
120 123
120 126
120 127
120 128
120 129
120 131
120 132
120 135
120 136
120 138
120 139
121 126
121 130
121 132
121 135
122 124
122 127
122 130
122 133
122 134
122 137
122 138
122 139
123 127
123 128
123 131
123 135
123 136
123 137
123 138
123 139
124 125
124 127
124 130
124 132
124 136
124 137
124 138
125 128
125 129
125 130
125 133
125 134
125 136
126 128
126 132
127 129
128 130
128 132
128 133
128 135
129 130
129 134
129 136
129 138
130 131
131 135
131 136
131 137
131 138
132 133
132 138
132 139
133 135
133 138
134 136
134 139
135 138
136 138
137 138
137 139
7 119 23 55 52 18 95 80 88 124 86 61 106 60 125 126 22 45 99 50 71 122 32 66 128 96 8 102
105 107 14 29 129 103 92 98 35 91 53 51 87 135 62 28 131 136 13 77 115 6 20 120 137 10 67 81
0 84 69 112 11 43 5 58 68 57 76 109 104 110 94 17 46 30 19 123 56 33 70 64 93 37 133 34
1 40 108 4 138 38 54 26 75 114 116 100 27 44 9 90 118 31 48 74 85 130 117 16 83 12 134 78
72 47 2 139 36 42 101 82 25 59 127 73 41 49 65 121 113 3 89 24 21 132 97 79 63 111 39 15
