160
1281
20
63.48
8.37
8.77
64.27
4.22
35.83
80.32
87.52
15.26
74.75
4.55
21.28
37.95
51.64
21.62
66.0
48.52
32.81
22.8
90.57
0 20
0 37
0 41
0 50
0 56
0 59
0 63
0 65
0 69
0 81
0 84
0 90
0 95
0 105
0 109
0 139
1 3
1 6
1 11
1 22
1 33
1 45
1 47
1 54
1 82
1 83
1 101
1 112
1 121
1 123
1 128
1 150
1 156
2 6
2 14
2 22
2 28
2 31
2 49
2 53
2 59
2 61
2 76
2 80
2 83
2 90
2 95
2 105
2 119
2 131
2 142
2 146
2 155
2 156
2 158
3 8
3 13
3 17
3 21
3 30
3 33
3 35
3 46
3 54
3 62
3 68
3 70
3 74
3 79
3 84
3 88
3 90
3 96
3 101
3 112
3 113
3 115
3 116
3 136
3 159
4 5
4 12
4 15
4 16
4 21
4 28
4 48
4 73
4 107
4 122
4 123
4 126
4 129
4 138
4 142
4 151
5 18
5 19
5 20
5 37
5 51
5 63
5 68
5 78
5 109
5 123
5 125
5 151
6 9
6 12
6 18
6 19
6 23
6 28
6 31
6 49
6 61
6 68
6 84
6 90
6 139
6 145
6 150
6 151
6 152
6 155
7 12
7 14
7 25
7 28
7 39
7 40
7 41
7 45
7 51
7 64
7 69
7 78
7 82
7 92
7 109
7 110
7 145
7 146
7 154
7 158
8 17
8 27
8 43
8 49
8 65
8 66
8 98
8 99
8 110
8 112
8 114
8 120
8 127
8 145
8 146
8 147
8 150
8 158
8 159
9 10
9 13
9 24
9 28
9 29
9 62
9 72
9 75
9 92
9 97
9 106
9 109
9 114
9 124
9 134
9 143
10 18
10 50
10 99
10 100
10 110
10 113
10 127
10 128
10 135
10 143
10 145
10 157
11 21
11 38
11 44
11 52
11 54
11 55
11 58
11 75
11 77
11 83
11 88
11 89
11 96
11 102
11 117
11 118
11 125
11 131
11 149
11 152
11 157
12 28
12 56
12 59
12 67
12 70
12 76
12 87
12 90
12 95
12 104
12 130
12 133
12 142
12 155
13 26
13 35
13 37
13 44
13 46
13 53
13 64
13 65
13 74
13 86
13 120
13 143
13 146
13 154
14 53
14 61
14 70
14 74
14 77
14 87
14 89
14 90
14 98
14 106
14 111
14 114
14 117
14 128
14 130
14 142
14 154
14 158
14 159
15 24
15 36
15 45
15 50
15 60
15 63
15 89
15 94
15 97
15 99
15 101
15 112
15 114
15 122
15 144
15 145
15 158
16 48
16 51
16 89
16 90
16 99
16 109
16 121
16 140
16 151
16 155
16 156
16 159
17 30
17 34
17 50
17 55
17 65
17 75
17 91
17 97
17 121
17 122
17 139
17 151
17 159
18 20
18 58
18 63
18 64
18 66
18 73
18 82
18 86
18 90
18 93
18 104
18 156
18 157
18 159
19 53
19 59
19 65
19 66
19 68
19 77
19 88
19 93
19 102
19 120
19 129
19 133
19 134
19 138
19 143
20 23
20 37
20 66
20 81
20 114
20 127
20 129
20 135
21 35
21 46
21 52
21 92
21 104
21 105
21 109
21 130
21 158
22 28
22 42
22 48
22 49
22 56
22 57
22 59
22 62
22 87
22 99
22 113
22 126
22 127
22 129
22 133
22 140
22 144
22 156
22 159
23 30
23 49
23 61
23 63
23 64
23 68
23 95
23 128
23 134
23 137
23 150
23 154
23 156
24 26
24 35
24 46
24 55
24 79
24 81
24 88
24 91
24 98
24 100
24 127
24 128
24 158
25 29
25 33
25 50
25 52
25 62
25 80
25 93
25 118
25 119
25 120
25 125
25 134
25 151
25 152
25 154
26 35
26 39
26 48
26 62
26 73
26 75
26 88
26 101
26 105
26 122
26 132
26 139
26 140
26 145
26 147
26 151
27 31
27 39
27 43
27 52
27 62
27 69
27 109
27 129
27 130
27 132
27 139
27 146
28 44
28 66
28 78
28 90
28 96
28 105
28 140
28 141
29 36
29 38
29 43
29 51
29 64
29 74
29 93
29 102
29 118
29 125
29 132
29 135
29 139
29 144
29 151
30 38
30 46
30 49
30 63
30 84
30 90
30 106
30 133
30 135
30 143
30 153
31 58
31 70
31 71
31 74
31 91
31 129
31 130
31 132
31 133
31 135
31 143
32 46
32 99
32 109
32 124
32 132
33 35
33 36
33 40
33 47
33 52
33 54
33 57
33 61
33 89
33 91
33 96
33 110
33 121
33 127
33 128
33 131
33 133
34 35
34 36
34 38
34 42
34 43
34 48
34 53
34 59
34 62
34 70
34 83
34 95
34 105
34 109
34 131
34 139
34 141
34 148
35 36
35 48
35 50
35 63
35 72
35 97
35 99
35 102
35 105
35 107
35 111
35 135
35 146
35 149
36 41
36 50
36 57
36 65
36 67
36 69
36 86
36 90
36 97
36 102
36 104
36 120
36 130
36 133
36 138
36 158
37 42
37 68
37 77
37 78
37 106
37 109
37 142
38 44
38 78
38 93
38 108
38 122
38 132
38 135
38 140
38 153
39 47
39 65
39 66
39 68
39 86
39 94
39 100
39 103
39 130
39 137
39 141
39 157
40 43
40 46
40 50
40 84
40 86
40 91
40 94
40 99
40 116
40 149
41 65
41 73
41 79
41 80
41 91
41 94
41 96
41 103
41 106
41 113
41 119
41 124
41 127
41 148
41 154
41 158
42 54
42 65
42 84
42 85
42 86
42 96
42 146
42 150
43 44
43 45
43 66
43 67
43 71
43 78
43 81
43 85
43 90
43 96
43 102
43 103
43 124
44 62
44 75
44 77
44 85
44 90
44 96
44 105
44 109
44 118
44 138
44 147
44 150
45 57
45 65
45 81
45 83
45 92
45 94
45 104
45 108
45 110
45 143
45 150
45 151
46 56
46 59
46 76
46 77
46 84
46 93
46 101
46 121
46 135
46 137
47 51
47 71
47 78
47 84
47 86
47 88
47 101
47 133
47 143
47 145
47 153
48 60
48 68
48 82
48 86
48 91
48 102
48 109
48 123
48 140
48 141
48 153
49 52
49 53
49 55
49 56
49 63
49 72
49 78
49 86
49 91
49 96
49 105
49 123
49 134
49 158
50 59
50 63
50 74
50 78
50 80
50 83
50 92
50 94
50 103
50 104
50 111
50 115
50 116
50 122
50 137
50 140
50 145
50 147
50 149
50 153
50 155
50 158
51 52
51 53
51 55
51 114
51 121
51 144
51 148
52 72
52 79
52 82
52 95
52 100
52 109
52 115
52 117
52 127
52 138
52 148
52 155
52 156
53 57
53 58
53 73
53 74
53 82
53 92
53 116
53 119
53 129
53 132
54 62
54 86
54 87
54 146
54 152
54 154
55 63
55 65
55 70
55 86
55 102
55 106
55 132
56 59
56 65
56 79
56 89
56 95
56 103
56 118
56 124
56 136
56 139
56 142
56 156
57 59
57 63
57 64
57 69
57 70
57 72
57 86
57 92
57 107
57 117
57 143
57 150
58 59
58 78
58 87
58 95
58 103
58 126
58 154
59 65
59 66
59 67
59 74
59 92
59 109
59 115
59 132
59 136
59 152
59 155
59 157
60 71
60 94
60 101
60 102
60 104
60 112
60 116
60 120
60 132
60 143
60 144
60 148
61 66
61 68
61 70
61 76
61 80
61 95
61 105
61 110
61 113
61 115
61 121
61 148
62 79
62 81
62 93
62 95
62 106
62 115
62 127
62 138
63 68
63 81
63 82
63 89
63 92
63 95
63 100
63 109
63 117
63 133
63 144
64 69
64 79
64 88
64 100
64 129
64 145
64 147
64 150
65 83
65 93
65 98
65 110
65 114
65 120
65 129
65 141
65 142
65 151
66 90
66 92
66 93
66 105
66 108
66 112
66 114
66 131
66 136
66 142
66 147
66 151
66 154
66 156
67 71
67 94
67 143
67 145
67 146
67 150
67 152
68 71
68 73
68 86
68 89
68 93
68 100
68 108
68 110
68 126
68 129
68 136
68 137
68 147
68 158
69 75
69 131
69 138
69 159
70 79
70 88
70 96
70 97
70 104
70 115
70 159
71 78
71 87
71 89
71 106
71 121
71 140
72 74
72 78
72 79
72 90
72 95
72 100
72 102
72 107
72 108
72 126
72 135
72 143
73 87
73 88
73 98
73 107
73 115
73 131
73 143
73 153
74 83
74 86
74 115
74 116
74 126
74 132
74 150
75 81
75 88
75 91
75 110
75 113
75 122
75 128
75 130
75 136
75 151
75 156
76 93
76 103
76 107
76 113
76 122
76 143
77 88
77 89
77 90
77 127
77 128
77 129
77 133
77 136
77 141
77 144
77 156
78 90
78 101
78 116
78 122
78 123
78 133
79 116
79 121
79 139
79 144
80 96
80 97
80 111
80 115
80 117
80 119
80 130
80 145
81 90
81 105
81 116
82 88
82 98
82 120
82 143
82 158
83 95
83 102
83 104
83 105
83 113
83 115
83 118
83 144
84 98
84 104
84 115
84 119
84 131
84 133
84 135
84 158
85 91
85 99
85 100
85 118
85 122
85 157
86 94
86 99
86 107
86 108
86 116
86 133
86 150
86 156
86 158
87 88
87 91
87 103
87 130
87 134
87 154
88 89
88 93
88 101
88 108
88 114
88 137
88 141
88 143
89 119
89 152
89 158
90 94
90 127
90 133
90 152
91 97
91 108
91 120
91 124
91 127
91 138
92 106
92 131
92 145
93 100
93 108
93 116
93 128
93 130
93 134
93 152
94 110
94 120
94 124
94 132
95 106
95 111
95 118
95 128
95 131
95 132
95 136
95 156
95 157
96 116
96 122
96 124
96 145
96 159
97 98
97 109
97 111
97 114
97 117
97 143
98 107
98 112
98 114
98 123
98 143
98 146
99 105
99 109
99 124
100 101
100 119
100 122
100 127
100 133
100 136
101 115
101 126
102 104
102 110
102 113
102 115
102 118
102 119
102 127
102 141
103 126
103 141
103 151
103 153
104 115
104 148
105 112
105 121
105 131
105 135
105 146
105 151
105 158
106 107
106 127
106 137
106 153
106 156
107 110
107 113
107 118
107 127
107 129
107 135
107 137
107 140
107 141
107 146
107 154
108 118
108 120
108 122
108 131
108 134
108 135
108 145
108 157
109 113
109 114
109 129
109 143
109 147
109 156
110 111
110 114
110 126
110 130
110 139
110 142
110 145
110 155
110 158
111 114
111 116
111 123
111 135
111 145
112 124
112 139
112 145
113 128
113 130
113 134
113 137
113 148
114 126
114 131
114 136
114 147
114 149
114 159
115 135
115 137
115 138
115 141
115 143
115 157
116 130
116 142
116 149
117 123
117 125
117 127
117 138
117 139
117 156
118 136
118 154
119 120
119 131
119 134
119 137
119 157
120 125
120 148
120 153
120 154
121 128
121 139
121 144
121 149
121 158
122 125
122 130
122 132
122 143
122 155
123 131
123 149
124 135
124 149
125 126
125 135
125 153
126 132
126 139
126 143
127 139
127 141
127 153
128 140
128 143
128 158
129 130
129 133
129 140
129 150
129 156
129 159
130 135
130 157
131 138
132 143
132 150
132 156
133 134
133 135
133 153
134 136
136 138
136 144
137 151
137 153
137 158
139 147
140 150
140 153
141 157
142 152
143 145
143 156
144 153
145 153
145 156
146 148
146 149
146 150
148 153
148 159
150 151
150 154
150 155
150 159
151 153
157 158
53 6 116 105 27 106 133 56
87 121 136 48 147 119 118 84
96 63 19 117 37 108 45 23
145 55 35 39 90 104 0 85
41 24 33 65 94 158 150 42
60 64 77 58 109 100 135 155
115 98 154 38 91 138 157 101
120 127 30 124 83 137 25 79
71 59 3 50 43 12 28 97
146 130 7 151 89 149 129 20
88 82 142 111 86 125 122 144
72 51 15 73 80 49 4 152
148 22 113 134 112 66 92 32
159 70 52 44 1 54 14 81
9 67 16 31 131 153 62 107
17 11 36 13 68 95 123 102
141 140 110 46 76 126 128 74
139 57 5 21 2 103 8 114
69 61 29 93 156 40 99 75
10 26 47 132 143 78 18 34
