180
3246
10
42.87
31.49
73.58
38.47
66.85
51.63
64.34
98.4
82.72
79.32
0 12
0 16
0 18
0 39
0 41
0 51
0 60
0 62
0 63
0 69
0 94
0 97
0 100
0 102
0 108
0 109
0 112
0 117
0 118
0 119
0 135
0 144
0 147
0 153
0 159
0 166
0 176
0 179
1 5
1 9
1 12
1 16
1 23
1 25
1 27
1 32
1 45
1 50
1 52
1 54
1 55
1 60
1 61
1 72
1 73
1 78
1 81
1 84
1 86
1 87
1 92
1 93
1 98
1 103
1 106
1 111
1 115
1 117
1 119
1 131
1 134
1 138
1 139
1 151
1 152
1 158
1 164
1 166
1 179
2 13
2 15
2 17
2 24
2 26
2 27
2 29
2 31
2 32
2 36
2 42
2 45
2 53
2 56
2 66
2 77
2 79
2 85
2 101
2 103
2 104
2 119
2 121
2 132
2 141
2 142
2 145
2 146
2 158
2 173
2 178
3 4
3 14
3 27
3 28
3 44
3 55
3 60
3 72
3 75
3 80
3 85
3 86
3 88
3 90
3 105
3 110
3 111
3 124
3 125
3 126
3 132
3 139
3 144
3 147
3 150
3 154
3 156
3 164
3 171
3 174
3 177
3 179
4 7
4 8
4 9
4 10
4 12
4 28
4 31
4 37
4 40
4 54
4 62
4 65
4 67
4 70
4 72
4 77
4 85
4 95
4 102
4 103
4 105
4 113
4 120
4 128
4 129
4 138
4 143
4 155
4 169
4 178
5 15
5 25
5 34
5 35
5 36
5 37
5 44
5 49
5 53
5 56
5 58
5 65
5 66
5 69
5 71
5 83
5 89
5 96
5 104
5 107
5 117
5 121
5 124
5 127
5 129
5 130
5 132
5 133
5 135
5 139
5 143
5 147
5 148
5 154
5 158
5 165
5 171
5 176
5 177
6 11
6 14
6 19
6 22
6 23
6 25
6 26
6 29
6 31
6 32
6 36
6 37
6 38
6 42
6 44
6 55
6 60
6 62
6 65
6 67
6 71
6 80
6 86
6 93
6 95
6 100
6 101
6 104
6 106
6 107
6 108
6 111
6 114
6 125
6 129
6 136
6 143
6 147
6 152
6 158
6 175
7 10
7 15
7 16
7 19
7 22
7 28
7 29
7 33
7 34
7 35
7 36
7 43
7 46
7 70
7 80
7 86
7 87
7 91
7 94
7 100
7 107
7 114
7 115
7 116
7 120
7 126
7 127
7 135
7 140
7 149
7 154
7 157
7 158
7 159
7 160
7 164
7 169
7 175
7 178
8 9
8 11
8 14
8 19
8 22
8 24
8 35
8 49
8 51
8 58
8 60
8 64
8 66
8 75
8 76
8 78
8 86
8 89
8 93
8 97
8 99
8 101
8 102
8 104
8 105
8 107
8 112
8 114
8 127
8 135
8 142
8 146
8 147
8 158
8 159
8 171
8 176
9 11
9 27
9 35
9 39
9 40
9 46
9 47
9 49
9 51
9 58
9 60
9 65
9 70
9 71
9 78
9 85
9 90
9 98
9 101
9 102
9 103
9 114
9 122
9 130
9 143
9 166
10 15
10 23
10 36
10 38
10 41
10 49
10 54
10 62
10 64
10 68
10 69
10 70
10 71
10 75
10 76
10 79
10 92
10 102
10 106
10 114
10 115
10 116
10 119
10 123
10 124
10 137
10 149
10 156
10 163
10 168
10 176
11 16
11 18
11 21
11 24
11 28
11 29
11 31
11 34
11 48
11 52
11 55
11 57
11 60
11 63
11 66
11 81
11 88
11 96
11 97
11 101
11 103
11 107
11 115
11 121
11 122
11 123
11 133
11 135
11 136
11 143
11 159
11 166
11 170
11 178
12 15
12 22
12 23
12 26
12 28
12 43
12 52
12 53
12 54
12 57
12 66
12 69
12 84
12 89
12 104
12 107
12 113
12 115
12 124
12 130
12 131
12 140
12 142
12 150
12 152
12 153
12 154
12 156
12 159
12 169
12 171
12 172
12 176
13 15
13 30
13 37
13 39
13 43
13 44
13 84
13 85
13 118
13 126
13 128
13 130
13 133
13 142
13 143
13 144
13 145
13 147
13 153
13 155
13 161
13 163
13 166
13 170
13 175
13 177
14 15
14 25
14 26
14 27
14 28
14 38
14 42
14 51
14 53
14 54
14 62
14 63
14 69
14 80
14 82
14 83
14 84
14 88
14 90
14 91
14 95
14 96
14 97
14 105
14 112
14 121
14 131
14 137
14 141
14 142
14 144
14 146
14 147
14 159
14 160
14 166
14 173
14 175
14 177
14 179
15 16
15 19
15 23
15 24
15 25
15 26
15 27
15 32
15 43
15 46
15 49
15 50
15 51
15 58
15 59
15 61
15 63
15 65
15 71
15 75
15 78
15 83
15 85
15 91
15 93
15 100
15 101
15 102
15 103
15 115
15 118
15 122
15 125
15 126
15 128
15 144
15 145
15 157
15 159
15 167
15 169
15 174
15 178
16 17
16 18
16 23
16 25
16 33
16 39
16 42
16 48
16 61
16 74
16 77
16 79
16 84
16 85
16 87
16 90
16 92
16 94
16 96
16 98
16 102
16 104
16 105
16 116
16 119
16 120
16 122
16 123
16 124
16 127
16 140
16 153
16 154
16 159
16 161
16 165
16 173
16 178
17 18
17 22
17 25
17 31
17 44
17 58
17 59
17 60
17 62
17 63
17 68
17 71
17 77
17 86
17 88
17 90
17 107
17 109
17 111
17 119
17 127
17 129
17 132
17 135
17 139
17 146
17 151
17 154
17 157
17 166
17 167
17 173
18 20
18 21
18 31
18 33
18 39
18 50
18 53
18 63
18 67
18 85
18 96
18 102
18 103
18 106
18 120
18 126
18 129
18 131
18 138
18 140
18 141
18 149
18 163
18 168
18 176
19 23
19 24
19 30
19 36
19 37
19 43
19 49
19 57
19 60
19 62
19 70
19 80
19 87
19 105
19 112
19 117
19 123
19 124
19 131
19 134
19 140
19 145
19 147
19 149
19 160
19 164
19 165
19 169
19 173
19 176
19 179
20 21
20 30
20 41
20 47
20 48
20 50
20 51
20 57
20 59
20 60
20 64
20 81
20 85
20 100
20 101
20 103
20 109
20 110
20 111
20 136
20 138
20 141
20 144
20 146
20 153
20 158
20 173
21 27
21 28
21 35
21 40
21 43
21 45
21 47
21 55
21 64
21 72
21 73
21 85
21 87
21 88
21 90
21 95
21 98
21 99
21 115
21 122
21 126
21 134
21 136
21 149
21 153
21 154
21 162
21 168
21 169
22 33
22 42
22 50
22 51
22 62
22 63
22 64
22 82
22 85
22 88
22 90
22 107
22 113
22 116
22 119
22 127
22 130
22 133
22 136
22 140
22 145
22 152
22 153
22 155
22 159
22 162
22 163
22 172
23 26
23 28
23 38
23 41
23 42
23 45
23 52
23 55
23 60
23 63
23 64
23 67
23 75
23 86
23 98
23 99
23 100
23 102
23 105
23 112
23 114
23 115
23 118
23 120
23 121
23 130
23 137
23 139
23 140
23 146
23 149
23 153
23 156
23 161
23 174
23 176
24 37
24 40
24 47
24 48
24 51
24 52
24 55
24 66
24 70
24 76
24 79
24 80
24 89
24 93
24 97
24 102
24 105
24 112
24 113
24 116
24 118
24 120
24 124
24 125
24 127
24 133
24 134
24 140
24 144
24 146
24 148
24 149
24 155
24 161
24 164
24 169
24 174
24 176
25 31
25 42
25 49
25 61
25 64
25 71
25 75
25 87
25 92
25 97
25 101
25 103
25 106
25 107
25 110
25 112
25 116
25 125
25 126
25 132
25 136
25 145
25 148
25 160
25 161
25 169
25 174
26 29
26 34
26 36
26 37
26 40
26 41
26 50
26 73
26 74
26 75
26 77
26 79
26 82
26 84
26 85
26 89
26 90
26 91
26 94
26 101
26 112
26 117
26 139
26 154
26 155
26 156
26 166
26 171
26 173
26 174
26 175
26 177
27 28
27 34
27 35
27 39
27 42
27 48
27 50
27 55
27 61
27 66
27 75
27 78
27 79
27 81
27 89
27 90
27 91
27 100
27 103
27 104
27 106
27 109
27 113
27 117
27 120
27 126
27 127
27 139
27 141
27 146
27 147
27 148
27 153
27 157
27 160
27 166
27 170
27 174
27 176
27 179
28 35
28 39
28 43
28 56
28 57
28 63
28 64
28 68
28 72
28 73
28 74
28 85
28 87
28 95
28 99
28 105
28 109
28 112
28 114
28 122
28 131
28 133
28 143
28 144
28 153
28 158
28 168
28 170
28 172
28 173
28 174
29 40
29 51
29 56
29 60
29 62
29 74
29 75
29 77
29 85
29 94
29 106
29 119
29 125
29 130
29 134
29 138
29 142
29 149
29 155
29 159
29 160
29 166
30 32
30 38
30 42
30 55
30 56
30 58
30 65
30 68
30 72
30 73
30 74
30 75
30 91
30 106
30 113
30 114
30 120
30 121
30 123
30 124
30 128
30 131
30 133
30 143
30 148
30 149
30 152
30 156
30 163
30 171
30 179
31 33
31 36
31 45
31 47
31 48
31 55
31 57
31 58
31 62
31 64
31 68
31 87
31 92
31 94
31 95
31 97
31 107
31 110
31 113
31 115
31 134
31 135
31 138
31 141
31 144
31 146
31 147
31 150
31 153
31 154
31 157
31 159
31 169
31 170
31 172
31 177
32 37
32 40
32 41
32 62
32 63
32 78
32 81
32 91
32 100
32 107
32 109
32 116
32 120
32 121
32 124
32 125
32 131
32 139
32 145
32 153
32 154
32 156
32 157
32 159
32 165
32 166
32 176
32 178
32 179
33 35
33 37
33 42
33 56
33 59
33 60
33 71
33 81
33 83
33 91
33 94
33 102
33 109
33 110
33 113
33 117
33 127
33 131
33 139
33 142
33 150
33 159
33 162
33 167
33 173
33 177
33 179
34 35
34 38
34 39
34 40
34 41
34 42
34 47
34 51
34 53
34 54
34 69
34 73
34 78
34 79
34 84
34 88
34 90
34 92
34 100
34 102
34 106
34 108
34 113
34 114
34 121
34 129
34 131
34 140
34 151
34 155
34 159
34 160
34 169
34 175
34 176
34 179
35 39
35 40
35 43
35 67
35 68
35 75
35 90
35 95
35 108
35 109
35 119
35 128
35 131
35 139
35 152
35 154
35 155
35 159
35 160
35 169
36 43
36 48
36 51
36 58
36 67
36 75
36 77
36 86
36 91
36 100
36 101
36 102
36 104
36 105
36 126
36 130
36 133
36 138
36 142
36 143
36 152
36 154
36 157
36 162
36 165
36 173
36 177
37 44
37 46
37 56
37 62
37 63
37 64
37 67
37 72
37 82
37 97
37 100
37 109
37 112
37 113
37 131
37 134
37 141
37 165
37 172
38 43
38 45
38 48
38 50
38 55
38 59
38 64
38 72
38 75
38 87
38 88
38 92
38 101
38 106
38 107
38 113
38 128
38 130
38 132
38 137
38 140
38 141
38 142
38 157
38 167
38 168
38 169
38 171
38 178
39 40
39 42
39 51
39 52
39 53
39 55
39 69
39 74
39 75
39 83
39 86
39 87
39 88
39 95
39 99
39 108
39 117
39 119
39 125
39 134
39 141
39 144
39 146
39 147
39 150
39 151
39 161
39 162
39 163
39 167
39 178
40 42
40 44
40 47
40 61
40 65
40 74
40 79
40 83
40 84
40 85
40 86
40 95
40 102
40 105
40 107
40 122
40 123
40 124
40 130
40 131
40 132
40 139
40 142
40 146
40 149
40 156
40 163
40 176
40 178
41 53
41 57
41 63
41 67
41 70
41 71
41 73
41 80
41 81
41 84
41 85
41 86
41 94
41 95
41 100
41 109
41 114
41 118
41 121
41 122
41 127
41 128
41 131
41 136
41 152
41 165
41 166
41 167
41 169
42 51
42 52
42 58
42 62
42 64
42 65
42 70
42 99
42 100
42 107
42 113
42 116
42 117
42 118
42 122
42 148
42 151
42 153
42 154
42 155
42 160
42 161
42 162
42 169
42 171
42 172
42 173
42 179
43 44
43 49
43 57
43 59
43 65
43 66
43 70
43 74
43 85
43 91
43 92
43 97
43 102
43 104
43 108
43 109
43 111
43 119
43 121
43 126
43 130
43 132
43 136
43 139
43 145
43 146
43 149
43 152
43 158
43 166
43 169
43 172
43 174
44 51
44 54
44 59
44 60
44 71
44 84
44 88
44 94
44 99
44 108
44 113
44 114
44 115
44 121
44 123
44 131
44 137
44 144
44 147
44 154
44 160
44 168
44 170
44 179
45 51
45 53
45 57
45 59
45 70
45 71
45 82
45 88
45 91
45 105
45 116
45 117
45 120
45 121
45 133
45 139
45 141
45 150
45 154
45 161
45 170
45 171
45 173
46 49
46 50
46 54
46 56
46 58
46 65
46 66
46 69
46 72
46 77
46 82
46 84
46 90
46 95
46 98
46 111
46 115
46 117
46 119
46 123
46 129
46 132
46 137
46 140
46 142
46 143
46 144
46 146
46 147
46 148
46 152
46 157
46 159
46 165
46 168
46 170
46 176
46 179
47 51
47 55
47 67
47 70
47 75
47 76
47 84
47 90
47 93
47 95
47 98
47 99
47 103
47 105
47 107
47 110
47 112
47 114
47 116
47 120
47 122
47 124
47 125
47 128
47 136
47 140
47 141
47 142
47 155
47 157
47 161
47 163
48 51
48 61
48 64
48 69
48 82
48 85
48 88
48 89
48 97
48 105
48 106
48 110
48 111
48 112
48 116
48 117
48 119
48 122
48 128
48 133
48 138
48 146
48 149
48 150
48 156
48 167
48 168
49 57
49 68
49 75
49 76
49 78
49 79
49 80
49 82
49 99
49 115
49 117
49 118
49 120
49 121
49 123
49 124
49 127
49 128
49 129
49 156
49 163
49 168
49 175
50 51
50 55
50 60
50 62
50 63
50 65
50 70
50 72
50 87
50 88
50 93
50 97
50 98
50 101
50 104
50 112
50 115
50 116
50 126
50 129
50 155
50 157
50 172
50 173
50 175
51 60
51 62
51 63
51 73
51 78
51 88
51 91
51 92
51 95
51 96
51 99
51 100
51 109
51 114
51 115
51 116
51 120
51 128
51 134
51 141
51 142
51 145
51 147
51 150
51 168
52 53
52 58
52 61
52 65
52 67
52 78
52 86
52 89
52 91
52 94
52 97
52 106
52 107
52 120
52 127
52 131
52 134
52 135
52 139
52 146
52 148
52 152
52 168
52 177
53 58
53 68
53 81
53 85
53 91
53 113
53 115
53 123
53 126
53 128
53 138
53 144
53 176
54 59
54 64
54 68
54 75
54 84
54 88
54 89
54 91
54 101
54 103
54 110
54 115
54 118
54 119
54 122
54 123
54 124
54 125
54 128
54 130
54 150
54 153
54 159
54 162
54 169
54 177
54 179
55 56
55 73
55 77
55 87
55 90
55 91
55 92
55 96
55 97
55 103
55 104
55 109
55 121
55 123
55 126
55 129
55 130
55 135
55 143
55 147
55 150
55 152
55 160
55 164
55 168
55 169
55 173
55 178
56 66
56 71
56 82
56 83
56 85
56 92
56 94
56 97
56 104
56 105
56 110
56 112
56 121
56 132
56 133
56 134
56 136
56 137
56 144
56 151
56 152
56 153
56 154
56 155
56 169
56 171
56 177
57 69
57 70
57 73
57 75
57 85
57 86
57 103
57 105
57 109
57 112
57 118
57 119
57 121
57 123
57 130
57 131
57 132
57 134
57 145
57 146
57 148
57 150
57 157
57 158
57 166
57 167
57 169
57 172
57 176
58 59
58 60
58 68
58 69
58 70
58 83
58 85
58 91
58 100
58 105
58 106
58 112
58 114
58 125
58 131
58 135
58 140
58 142
58 145
58 146
58 148
58 150
58 154
58 157
58 161
58 168
58 175
59 63
59 75
59 80
59 81
59 89
59 96
59 97
59 98
59 110
59 112
59 113
59 119
59 124
59 127
59 136
59 137
59 146
59 159
59 170
59 173
60 68
60 79
60 80
60 82
60 85
60 90
60 97
60 104
60 110
60 113
60 117
60 121
60 122
60 123
60 124
60 129
60 135
60 140
60 144
60 147
60 150
60 163
60 165
60 172
60 175
60 178
61 62
61 68
61 71
61 77
61 85
61 90
61 99
61 102
61 103
61 104
61 106
61 107
61 108
61 112
61 115
61 116
61 119
61 123
61 130
61 132
61 133
61 138
61 139
61 148
61 150
61 154
61 157
61 163
61 165
61 170
62 69
62 72
62 73
62 75
62 76
62 87
62 92
62 95
62 98
62 99
62 108
62 116
62 124
62 127
62 136
62 142
62 143
62 145
62 148
62 154
62 156
62 159
62 160
62 166
62 167
62 171
62 177
63 64
63 78
63 81
63 86
63 88
63 91
63 95
63 104
63 105
63 108
63 117
63 125
63 126
63 127
63 128
63 130
63 132
63 139
63 142
63 144
63 154
63 157
63 159
63 162
63 165
63 176
63 178
63 179
64 70
64 76
64 77
64 81
64 85
64 87
64 88
64 95
64 98
64 102
64 107
64 111
64 117
64 128
64 130
64 132
64 137
64 153
64 156
64 158
64 160
64 162
64 164
64 168
64 170
64 171
64 172
64 176
65 66
65 69
65 75
65 77
65 80
65 81
65 85
65 88
65 90
65 100
65 102
65 111
65 113
65 114
65 122
65 138
65 142
65 146
65 153
65 155
65 163
65 169
65 178
65 179
66 74
66 77
66 90
66 98
66 101
66 104
66 107
66 110
66 111
66 114
66 115
66 117
66 124
66 125
66 128
66 136
66 152
66 158
66 161
66 168
66 175
66 178
67 69
67 82
67 83
67 85
67 88
67 90
67 96
67 101
67 107
67 108
67 116
67 123
67 127
67 129
67 135
67 149
67 155
67 157
67 165
67 172
67 179
68 75
68 78
68 84
68 88
68 90
68 94
68 96
68 98
68 102
68 104
68 115
68 116
68 117
68 122
68 142
68 156
68 163
68 167
68 174
68 176
68 178
68 179
69 76
69 79
69 81
69 84
69 91
69 103
69 104
69 105
69 108
69 125
69 130
69 144
69 145
69 151
69 155
69 159
69 161
69 165
70 81
70 82
70 98
70 110
70 125
70 133
70 139
70 141
70 148
70 150
70 155
70 156
70 157
70 158
70 160
70 169
70 170
70 173
70 176
71 74
71 84
71 85
71 87
71 127
71 137
71 142
71 143
71 145
71 150
71 151
71 154
71 163
71 164
71 166
71 168
71 171
71 177
71 178
72 73
72 91
72 94
72 97
72 98
72 99
72 113
72 127
72 133
72 134
72 137
72 139
72 149
72 150
72 159
72 173
73 74
73 79
73 80
73 81
73 82
73 105
73 106
73 107
73 110
73 112
73 114
73 117
73 119
73 124
73 125
73 128
73 132
73 133
73 135
73 144
73 145
73 148
73 151
73 156
73 158
73 162
73 168
73 169
73 179
74 75
74 86
74 93
74 104
74 105
74 107
74 108
74 109
74 114
74 119
74 135
74 136
74 140
74 144
74 147
74 149
74 156
74 162
74 169
75 83
75 86
75 93
75 99
75 105
75 120
75 123
75 130
75 145
75 147
75 157
75 159
75 174
75 178
76 82
76 95
76 96
76 97
76 105
76 107
76 110
76 113
76 118
76 125
76 126
76 130
76 131
76 133
76 135
76 136
76 148
76 149
76 160
76 162
76 163
76 164
76 167
76 169
76 179
77 78
77 90
77 96
77 97
77 106
77 111
77 116
77 122
77 123
77 126
77 130
77 139
77 144
77 152
77 158
77 177
77 179
78 80
78 82
78 84
78 89
78 90
78 96
78 106
78 107
78 108
78 111
78 112
78 116
78 117
78 125
78 126
78 128
78 135
78 145
78 148
78 151
78 161
78 164
78 167
78 171
78 172
78 173
78 175
78 177
78 178
78 179
79 82
79 92
79 99
79 100
79 101
79 109
79 110
79 111
79 113
79 114
79 119
79 122
79 139
79 148
79 150
79 151
79 152
79 154
79 166
79 172
80 82
80 83
80 85
80 96
80 98
80 104
80 106
80 110
80 114
80 120
80 124
80 130
80 135
80 139
80 145
80 148
80 152
80 157
80 160
80 162
80 164
80 176
81 82
81 87
81 96
81 116
81 120
81 134
81 137
81 142
81 145
81 156
81 163
81 165
81 168
82 85
82 88
82 89
82 90
82 93
82 94
82 100
82 102
82 110
82 112
82 119
82 125
82 131
82 140
82 143
82 146
82 148
82 154
82 162
82 166
82 170
82 171
82 179
83 84
83 89
83 91
83 92
83 103
83 105
83 108
83 117
83 122
83 124
83 126
83 130
83 133
83 143
83 145
83 148
83 151
83 160
83 164
83 167
83 176
84 86
84 89
84 91
84 95
84 100
84 102
84 113
84 121
84 122
84 126
84 127
84 128
84 140
84 141
84 143
84 151
84 152
84 154
84 155
84 165
84 166
84 169
84 171
84 175
85 89
85 99
85 105
85 109
85 111
85 133
85 142
85 147
85 149
85 156
85 163
85 169
85 174
85 175
86 90
86 93
86 97
86 98
86 99
86 101
86 104
86 107
86 109
86 119
86 120
86 122
86 146
86 149
86 155
86 159
86 160
86 170
86 179
87 90
87 93
87 101
87 106
87 130
87 138
87 141
87 143
87 145
87 146
87 149
87 152
87 154
87 156
87 157
87 167
87 172
87 178
88 93
88 96
88 99
88 102
88 113
88 120
88 127
88 131
88 133
88 136
88 137
88 138
88 147
88 151
88 166
88 168
88 173
88 178
89 92
89 99
89 101
89 103
89 106
89 110
89 111
89 118
89 123
89 126
89 128
89 133
89 135
89 136
89 142
89 149
89 153
89 159
89 160
89 164
89 168
89 169
89 172
89 177
90 91
90 92
90 97
90 99
90 103
90 116
90 124
90 125
90 128
90 146
90 160
90 161
90 164
90 168
90 170
90 173
91 92
91 97
91 110
91 121
91 124
91 125
91 126
91 127
91 129
91 131
91 142
91 152
91 154
91 167
91 173
91 174
91 179
92 100
92 102
92 109
92 110
92 118
92 126
92 134
92 135
92 166
93 101
93 115
93 119
93 121
93 122
93 123
93 125
93 130
93 132
93 140
93 141
93 146
93 148
93 152
93 154
93 155
93 160
93 166
93 169
93 171
93 173
93 177
93 178
94 95
94 96
94 108
94 110
94 112
94 114
94 122
94 126
94 129
94 132
94 136
94 138
94 139
94 141
94 142
94 144
94 155
94 160
94 163
94 164
95 96
95 97
95 105
95 107
95 111
95 117
95 120
95 122
95 133
95 135
95 137
95 139
95 141
95 143
95 149
95 159
95 168
95 170
95 171
95 172
95 173
96 97
96 98
96 107
96 109
96 110
96 119
96 120
96 128
96 132
96 144
96 151
96 153
96 161
96 164
96 170
96 173
96 174
97 108
97 111
97 113
97 131
97 133
97 141
97 142
97 148
97 151
97 152
97 155
97 156
97 157
97 167
97 169
97 177
98 101
98 103
98 106
98 113
98 116
98 117
98 123
98 125
98 131
98 140
98 143
98 149
98 150
98 152
98 153
98 158
98 159
98 160
98 163
98 175
99 100
99 102
99 106
99 107
99 120
99 127
99 129
99 133
99 134
99 138
99 140
99 152
99 156
99 158
99 165
99 166
99 172
99 173
100 110
100 111
100 121
100 124
100 125
100 126
100 129
100 139
100 141
100 144
100 148
100 150
100 164
100 169
100 174
100 177
101 102
101 109
101 110
101 118
101 120
101 134
101 138
101 146
101 150
101 154
101 158
101 163
101 164
101 169
102 110
102 128
102 131
102 137
102 138
102 140
102 141
102 145
102 152
102 170
102 171
102 173
102 174
103 105
103 108
103 114
103 119
103 128
103 129
103 133
103 136
103 142
103 153
103 154
103 156
103 158
103 169
103 175
104 107
104 111
104 114
104 123
104 126
104 130
104 135
104 146
104 147
104 149
104 153
104 154
104 161
104 162
104 165
104 176
104 177
105 106
105 114
105 116
105 121
105 122
105 124
105 126
105 134
105 140
105 145
105 150
105 158
105 166
105 175
106 108
106 112
106 141
106 150
106 156
106 159
106 161
106 170
106 172
106 175
106 177
107 120
107 124
107 125
107 132
107 133
107 134
107 136
107 140
107 142
107 155
107 164
107 173
107 178
108 113
108 115
108 118
108 121
108 125
108 127
108 137
108 150
108 154
108 160
108 162
108 170
108 175
109 110
109 112
109 118
109 130
109 142
109 144
109 148
109 152
109 166
109 168
109 169
110 115
110 118
110 122
110 135
110 137
110 141
110 145
110 149
110 164
111 121
111 134
111 135
111 136
111 140
111 147
111 149
111 150
111 156
111 162
111 165
111 168
111 170
111 176
112 117
112 131
112 136
112 140
112 148
112 170
112 172
112 173
112 177
113 114
113 120
113 123
113 133
113 139
113 145
113 152
113 156
113 162
113 165
113 174
113 176
113 178
114 121
114 122
114 129
114 132
114 133
114 137
114 138
114 144
114 149
114 156
114 162
114 163
114 176
115 118
115 127
115 138
115 139
115 142
115 147
115 151
115 160
115 167
115 172
115 175
115 176
115 178
115 179
116 120
116 121
116 122
116 125
116 131
116 140
116 152
116 161
116 162
116 167
116 169
116 171
117 119
117 121
117 129
117 130
117 131
117 135
117 143
117 145
117 151
117 152
117 155
117 162
117 168
117 173
117 176
118 127
118 130
118 131
118 135
118 139
118 146
118 147
118 148
118 164
118 176
118 179
119 127
119 128
119 133
119 137
119 138
119 139
119 140
119 152
119 153
119 167
119 174
120 127
120 128
120 141
120 145
120 147
120 148
120 149
120 156
120 159
120 160
120 170
120 172
120 179
121 124
121 132
121 140
121 149
121 151
121 155
121 160
121 163
121 169
121 170
121 171
122 124
122 126
122 127
122 131
122 134
122 141
122 143
122 145
122 147
122 153
122 155
122 157
122 161
122 163
122 171
122 177
123 128
123 143
123 147
123 160
123 172
123 176
123 177
124 127
124 132
124 141
124 152
124 166
124 167
124 173
124 177
124 179
125 129
125 130
125 132
125 139
125 152
125 154
125 156
125 160
125 162
125 165
125 166
125 172
126 135
126 137
126 141
126 144
126 148
126 150
126 151
126 153
126 163
126 168
126 170
126 175
126 179
127 128
127 135
127 137
127 140
127 142
127 143
127 149
127 150
127 151
127 158
127 162
127 165
127 167
127 169
127 170
127 174
128 129
128 130
128 131
128 139
128 148
128 157
128 173
128 174
128 176
128 178
129 137
129 140
129 157
129 160
129 162
129 168
129 169
129 175
129 178
129 179
130 133
130 134
130 142
130 153
130 155
130 162
130 168
130 173
130 174
130 176
131 135
131 141
131 146
131 150
131 155
131 158
131 159
131 168
131 170
131 171
131 179
132 134
132 137
132 143
132 144
132 148
132 150
132 151
132 152
132 155
132 158
132 159
132 167
132 169
133 136
133 137
133 153
133 167
133 174
133 178
134 161
134 163
134 170
134 171
134 172
134 177
134 179
135 137
135 142
135 143
135 151
135 153
135 155
135 156
135 164
135 169
135 173
136 138
136 142
136 144
136 146
136 152
136 153
136 176
136 177
136 178
137 140
137 141
137 143
137 155
137 161
137 162
137 166
137 169
137 176
137 177
138 143
138 148
138 152
138 159
138 163
138 165
138 168
138 169
138 175
139 155
139 161
139 163
139 173
140 141
140 143
140 144
140 146
140 153
140 172
140 173
140 174
141 143
141 156
141 162
141 165
141 171
141 172
141 173
141 177
142 144
142 145
142 148
142 150
142 152
142 154
142 164
142 167
142 177
143 145
143 164
143 179
144 150
144 152
144 161
144 166
144 171
144 177
145 150
145 153
145 156
145 159
145 161
145 167
145 169
145 172
146 148
146 152
146 156
146 158
146 167
146 168
146 173
146 175
147 152
147 157
147 160
147 166
147 168
147 171
148 150
148 152
148 153
148 156
148 158
148 165
148 168
148 174
148 177
149 153
149 179
150 152
150 156
150 158
150 164
150 168
151 156
151 157
151 168
151 169
151 176
152 154
152 157
152 161
152 164
152 173
152 174
152 177
152 178
153 155
153 158
153 159
153 166
153 174
153 177
153 178
154 162
154 165
154 167
154 169
154 174
155 158
155 165
155 173
155 175
155 176
155 177
155 178
156 157
156 176
157 160
157 167
157 176
158 167
158 168
158 172
158 173
158 175
158 178
159 172
160 164
160 168
160 169
160 170
161 167
161 176
161 177
162 165
162 176
163 173
164 165
164 166
164 179
165 166
165 168
165 178
166 167
166 170
166 172
166 173
167 168
167 173
167 178
167 179
168 174
169 170
169 176
169 178
169 179
170 176
171 173
173 177
174 176
174 177
176 178
177 179
138 179 133 59 172 58 152 16 84 23 30 149 25 121 168 111 49 166
98 112 103 158 33 81 141 5 4 155 94 22 36 163 120 8 131 60
118 136 126 119 13 127 18 77 45 132 151 164 134 137 156 39 169 35
27 17 26 42 7 75 170 89 143 104 82 101 128 177 67 44 145 11
28 14 148 71 50 173 21 135 72 139 99 142 123 40 124 32 162 122
69 54 38 78 107 171 91 165 85 147 56 140 90 146 108 114 34 66
61 62 159 65 19 113 63 55 12 109 154 10 24 174 29 37 150 93
144 129 157 41 76 48 167 79 3 95 15 88 105 64 87 51 176 70
47 102 74 31 68 160 83 97 153 116 43 178 6 110 52 9 73 96
175 130 0 86 46 117 57 1 106 2 53 125 161 20 92 80 115 100
