110
1213
7
24.04
53.38
39.25
49.87
62.13
38.08
82.3
0 1
0 6
0 8
0 9
0 11
0 21
0 22
0 27
0 32
0 39
0 40
0 42
0 52
0 57
0 65
0 67
0 74
0 81
0 82
0 83
0 84
0 88
0 104
0 106
1 7
1 25
1 26
1 31
1 39
1 48
1 53
1 54
1 57
1 62
1 64
1 68
1 76
1 79
1 89
1 91
1 93
1 103
1 108
2 4
2 6
2 20
2 26
2 40
2 48
2 52
2 61
2 62
2 63
2 70
2 79
2 80
2 84
2 107
3 13
3 14
3 17
3 19
3 35
3 40
3 41
3 46
3 50
3 58
3 62
3 65
3 66
3 68
3 79
3 80
3 99
4 16
4 17
4 18
4 32
4 33
4 36
4 37
4 42
4 54
4 64
4 68
4 72
4 77
4 81
4 84
4 88
4 94
4 95
4 96
4 98
4 107
4 109
5 9
5 20
5 29
5 32
5 35
5 52
5 53
5 56
5 57
5 58
5 62
5 68
5 69
5 70
5 75
5 77
5 79
5 81
5 88
5 91
5 95
5 98
5 101
6 11
6 20
6 26
6 32
6 46
6 48
6 49
6 58
6 59
6 69
6 73
6 75
6 84
6 88
6 91
6 97
6 99
6 100
6 106
7 21
7 23
7 28
7 29
7 31
7 33
7 48
7 50
7 55
7 64
7 68
7 73
7 82
7 87
7 93
7 94
7 109
8 11
8 15
8 18
8 22
8 23
8 27
8 30
8 35
8 37
8 44
8 50
8 51
8 57
8 58
8 62
8 66
8 71
8 73
8 92
8 104
8 107
8 108
9 19
9 21
9 28
9 30
9 46
9 47
9 50
9 52
9 57
9 60
9 62
9 63
9 79
9 80
9 86
9 88
9 100
9 102
9 107
9 109
10 15
10 20
10 25
10 30
10 36
10 37
10 53
10 54
10 62
10 76
10 77
10 79
10 83
10 87
10 91
10 92
10 99
10 105
10 108
11 20
11 26
11 33
11 35
11 37
11 40
11 42
11 43
11 46
11 47
11 48
11 49
11 50
11 51
11 53
11 60
11 63
11 64
11 66
11 77
11 80
11 81
11 85
11 86
11 101
11 103
12 16
12 25
12 27
12 30
12 33
12 34
12 38
12 48
12 50
12 52
12 54
12 55
12 56
12 65
12 74
12 76
12 79
12 86
12 90
12 106
13 19
13 23
13 24
13 39
13 58
13 64
13 77
13 80
13 83
13 86
13 91
13 94
13 99
13 103
13 108
14 15
14 25
14 33
14 37
14 46
14 56
14 59
14 65
14 69
14 72
14 78
14 81
14 89
14 99
14 104
14 109
15 24
15 25
15 26
15 27
15 31
15 35
15 39
15 42
15 48
15 49
15 58
15 61
15 69
15 74
15 76
15 81
15 85
15 96
15 97
15 98
15 100
15 103
16 17
16 21
16 40
16 42
16 61
16 74
16 77
16 85
16 87
16 90
16 96
16 97
16 99
17 31
17 40
17 51
17 56
17 79
17 86
17 91
17 92
17 94
17 101
17 107
17 108
18 20
18 26
18 27
18 29
18 30
18 42
18 54
18 57
18 61
18 63
18 65
18 72
18 75
18 76
18 80
18 81
18 87
18 96
18 100
18 102
18 103
19 25
19 31
19 38
19 48
19 57
19 65
19 72
19 83
19 89
19 95
19 98
19 100
19 105
19 106
20 40
20 41
20 45
20 46
20 52
20 56
20 61
20 68
20 71
20 72
20 73
20 91
20 100
21 24
21 25
21 39
21 48
21 52
21 56
21 60
21 63
21 65
21 66
21 71
21 73
21 78
21 89
21 90
21 94
21 103
21 105
22 27
22 32
22 39
22 41
22 46
22 47
22 51
22 54
22 56
22 58
22 59
22 72
22 74
22 83
22 90
22 91
23 25
23 33
23 36
23 37
23 40
23 41
23 44
23 45
23 49
23 54
23 55
23 61
23 67
23 70
23 72
23 73
23 74
23 75
23 81
23 84
23 88
23 91
23 99
23 102
23 109
24 26
24 27
24 28
24 31
24 35
24 38
24 52
24 65
24 66
24 80
24 81
24 85
24 89
24 98
24 108
25 40
25 49
25 51
25 60
25 62
25 66
25 72
25 76
25 88
25 98
25 99
25 100
25 101
25 102
25 104
26 29
26 35
26 37
26 38
26 44
26 55
26 60
26 67
26 80
26 85
26 88
26 91
26 96
26 98
27 34
27 37
27 38
27 41
27 49
27 55
27 65
27 71
27 77
27 78
27 80
27 89
27 98
27 99
27 100
27 106
27 107
27 109
28 29
28 30
28 39
28 43
28 47
28 51
28 54
28 58
28 62
28 63
28 64
28 73
28 77
28 78
28 79
28 82
28 85
28 97
28 98
28 100
28 103
28 104
28 107
29 34
29 38
29 42
29 43
29 58
29 67
29 75
29 86
29 91
29 93
29 108
30 32
30 33
30 35
30 37
30 43
30 48
30 57
30 58
30 59
30 64
30 76
30 79
30 80
30 82
30 87
30 88
30 92
30 98
30 104
30 106
31 36
31 38
31 43
31 48
31 53
31 61
31 65
31 74
31 81
31 92
31 95
31 99
32 34
32 41
32 43
32 44
32 51
32 58
32 62
32 64
32 66
32 67
32 68
32 70
32 74
32 75
32 76
32 77
32 78
32 81
32 84
32 90
32 92
32 97
32 104
32 106
32 107
32 109
33 38
33 46
33 51
33 54
33 55
33 57
33 65
33 66
33 69
33 70
33 79
33 88
33 91
33 94
34 40
34 44
34 48
34 53
34 55
34 58
34 64
34 68
34 71
34 72
34 75
34 81
34 84
34 90
34 93
34 97
34 99
34 100
34 104
34 107
35 38
35 39
35 41
35 51
35 54
35 57
35 59
35 66
35 67
35 68
35 72
35 74
35 77
35 83
35 87
35 97
35 101
35 105
36 39
36 41
36 43
36 46
36 48
36 54
36 57
36 59
36 62
36 63
36 75
36 76
36 77
36 84
36 86
36 88
36 90
36 99
36 102
36 109
37 39
37 40
37 43
37 44
37 45
37 51
37 58
37 66
37 69
37 76
37 77
37 93
37 94
37 101
37 105
38 44
38 45
38 54
38 55
38 56
38 64
38 65
38 67
38 68
38 69
38 73
38 74
38 79
38 81
38 82
38 83
38 87
38 97
38 104
38 108
39 45
39 46
39 49
39 62
39 66
39 71
39 75
39 76
39 77
39 78
39 79
39 84
39 85
39 87
39 90
39 100
39 101
39 105
40 42
40 47
40 52
40 53
40 54
40 55
40 56
40 64
40 65
40 66
40 67
40 70
40 72
40 77
40 85
40 86
40 89
40 91
40 99
40 100
40 102
40 108
41 44
41 49
41 52
41 56
41 63
41 67
41 74
41 76
41 81
41 83
41 88
41 92
41 95
41 108
41 109
42 49
42 50
42 64
42 65
42 69
42 72
42 84
42 85
42 95
42 98
42 104
42 105
42 106
43 45
43 64
43 66
43 71
43 76
43 78
43 79
43 91
43 102
44 56
44 59
44 67
44 68
44 69
44 76
44 79
44 88
44 101
44 103
44 108
45 48
45 52
45 62
45 66
45 67
45 86
45 89
45 96
45 100
46 63
46 64
46 66
46 71
46 83
46 87
46 101
46 107
46 108
47 56
47 72
47 77
47 81
47 93
47 94
47 96
47 105
47 107
48 51
48 54
48 59
48 62
48 63
48 72
48 75
48 77
48 83
48 84
48 93
48 94
48 97
48 100
48 102
48 104
48 105
49 52
49 54
49 55
49 58
49 71
49 72
49 82
49 88
49 96
49 99
49 102
49 103
49 106
50 68
50 70
50 71
50 74
50 76
50 78
50 85
50 93
50 94
50 97
50 102
50 105
51 64
51 78
51 87
51 90
51 93
51 99
51 104
51 109
52 59
52 62
52 65
52 71
52 76
52 83
52 86
52 91
53 58
53 63
53 65
53 68
53 78
53 81
53 82
53 85
53 86
53 88
53 90
53 104
53 105
54 56
54 59
54 65
54 67
54 68
54 69
54 77
54 86
54 87
54 93
54 94
54 96
54 98
54 100
54 104
55 56
55 60
55 64
55 68
55 78
55 80
55 85
55 86
55 89
55 96
55 97
55 98
55 101
55 106
56 57
56 66
56 67
56 75
56 77
56 80
56 92
56 93
56 102
56 108
57 58
57 61
57 67
57 73
57 79
57 83
57 84
57 85
57 90
57 96
57 98
57 102
57 103
57 109
58 59
58 71
58 84
58 85
58 102
58 103
59 65
59 67
59 68
59 72
59 76
59 77
59 79
59 82
59 83
59 87
59 88
59 92
59 101
59 105
59 108
60 61
60 63
60 72
60 77
60 79
60 86
60 88
60 89
60 93
60 100
60 101
60 102
60 109
61 71
61 81
61 83
61 87
61 97
61 98
61 99
61 104
61 107
62 63
62 70
62 72
62 76
62 80
62 87
62 88
62 93
62 96
62 101
62 102
62 104
63 68
63 74
63 76
63 86
63 91
63 95
63 96
63 97
63 99
63 102
63 104
63 106
63 109
64 68
64 71
64 74
64 76
64 77
64 85
64 89
64 91
64 100
64 101
64 102
64 106
65 73
65 77
65 81
65 95
65 98
65 101
65 102
66 68
66 73
66 76
66 77
66 85
66 89
66 93
67 78
67 79
67 87
67 95
67 96
67 97
67 104
68 71
68 76
68 83
68 89
68 90
68 93
68 96
68 98
68 102
68 104
69 71
69 72
69 82
69 88
69 91
69 94
69 108
70 84
70 89
70 100
70 101
70 104
71 82
71 85
71 94
71 107
72 74
72 75
72 78
72 87
72 90
72 93
72 100
72 101
72 103
72 105
72 106
72 107
72 108
72 109
73 74
73 75
73 84
73 87
73 95
73 98
73 99
73 100
73 104
73 106
74 81
74 97
74 105
75 89
75 91
75 94
75 96
75 97
75 98
76 80
76 82
76 100
76 102
76 103
76 108
77 96
77 104
77 107
78 86
78 89
78 103
79 93
79 95
79 103
80 87
80 88
80 96
80 97
81 95
82 84
82 87
82 91
82 96
82 97
82 102
82 104
82 105
82 106
83 90
83 101
83 102
83 107
83 108
83 109
84 91
84 92
84 107
84 108
84 109
85 86
85 88
85 89
85 91
86 91
86 93
86 95
86 96
86 97
87 88
87 96
87 97
87 98
87 109
88 89
88 91
88 105
88 108
88 109
89 91
89 97
89 101
89 102
89 105
90 105
91 100
91 103
91 105
92 93
92 95
92 97
92 101
92 106
93 94
93 95
93 96
93 97
94 99
94 101
94 102
94 108
95 101
95 104
95 105
96 102
96 103
96 107
96 109
97 102
97 106
98 101
98 102
98 106
99 102
99 103
101 102
101 107
102 103
102 104
102 109
103 104
103 105
103 109
104 107
105 109
97 65 76 32 46 64 1 54 108 41 20 38 49 13 39 63
89 22 27 71 47 30 68 83 2 10 77 45 92 55 81 17
73 15 57 25 103 37 53 86 40 88 72 91 94 90 104 9
78 43 12 21 23 60 99 102 59 8 7 3 51 42 70 106
34 56 79 24 14 84 16 101 26 35 75 58 96 62 33 93
5 28 50 66 36 6 19 29 48 107 44 18 100 82 109 87
61 52 98 69 74 0 105 80 4 31 11 85 67 95
