160
1245
5
90.02
91.97
93.03
17.75
3.45
0 1
0 25
0 33
0 39
0 41
0 43
0 50
0 52
0 53
0 59
0 63
0 79
0 95
0 103
0 120
0 126
0 132
0 142
0 147
0 151
0 153
1 14
1 28
1 33
1 36
1 70
1 129
1 145
1 155
2 3
2 29
2 33
2 36
2 62
2 63
2 65
2 87
2 98
2 111
2 115
2 118
2 142
2 152
3 6
3 22
3 25
3 28
3 34
3 41
3 57
3 87
3 93
3 112
3 116
3 127
3 128
3 138
3 148
3 149
3 150
4 7
4 13
4 15
4 22
4 34
4 44
4 48
4 57
4 59
4 62
4 63
4 75
4 94
4 105
4 106
4 113
4 127
4 139
4 142
4 155
5 13
5 30
5 33
5 40
5 43
5 44
5 72
5 79
5 80
5 85
5 86
5 87
5 91
5 99
5 130
5 133
5 134
6 34
6 35
6 36
6 41
6 47
6 54
6 63
6 65
6 91
6 94
6 113
6 123
6 133
6 134
6 137
6 146
6 150
6 154
7 9
7 17
7 28
7 37
7 38
7 49
7 59
7 74
7 79
7 88
7 90
7 95
7 133
7 155
8 16
8 40
8 45
8 57
8 63
8 72
8 75
8 85
8 101
8 106
8 111
8 134
8 145
8 151
9 21
9 25
9 27
9 29
9 43
9 45
9 49
9 67
9 88
9 97
9 104
9 124
9 125
9 133
9 134
9 139
9 141
9 159
10 32
10 35
10 37
10 39
10 53
10 62
10 76
10 93
10 107
10 109
10 127
10 129
10 137
10 145
10 151
11 21
11 25
11 38
11 48
11 70
11 85
11 95
11 124
11 133
11 143
11 146
11 148
11 155
11 157
11 158
12 17
12 32
12 35
12 42
12 47
12 50
12 60
12 66
12 68
12 69
12 80
12 81
12 95
12 102
12 106
12 108
12 126
12 135
13 24
13 46
13 48
13 72
13 85
13 96
13 103
13 106
13 111
13 114
13 117
13 130
13 135
14 19
14 47
14 62
14 66
14 71
14 84
14 96
14 102
14 106
14 112
14 114
14 116
14 129
14 130
14 141
14 143
14 145
14 152
14 153
15 28
15 30
15 41
15 50
15 54
15 68
15 69
15 84
15 86
15 87
15 91
15 124
15 133
15 139
15 141
15 149
16 34
16 44
16 51
16 58
16 71
16 72
16 76
16 86
16 98
16 115
16 117
16 137
16 145
16 148
17 24
17 37
17 39
17 49
17 52
17 80
17 82
17 88
17 91
17 92
17 96
17 107
17 118
17 145
17 154
18 28
18 31
18 45
18 49
18 51
18 63
18 68
18 105
18 126
18 128
18 135
18 137
18 140
18 152
19 22
19 23
19 33
19 76
19 89
19 99
19 108
19 141
19 148
20 22
20 31
20 42
20 43
20 78
20 104
20 112
20 118
20 124
20 125
20 146
21 26
21 34
21 89
21 102
21 104
21 110
21 120
21 124
21 129
21 135
22 26
22 40
22 42
22 55
22 112
22 115
22 140
22 142
23 36
23 39
23 63
23 69
23 85
23 90
23 100
23 105
23 109
23 110
23 112
23 115
23 118
23 122
23 123
23 132
23 147
23 149
24 28
24 48
24 63
24 75
24 94
24 106
24 126
24 128
24 156
25 33
25 38
25 41
25 52
25 73
25 74
25 78
25 80
25 92
25 97
25 98
25 100
25 102
25 108
25 109
25 111
25 112
25 118
25 124
25 125
25 128
25 133
25 150
26 42
26 66
26 90
26 103
26 148
27 30
27 41
27 45
27 50
27 54
27 66
27 71
27 75
27 80
27 98
27 104
27 107
27 114
27 139
27 156
27 159
28 38
28 42
28 50
28 53
28 59
28 61
28 71
28 84
28 101
28 103
28 109
28 123
28 128
28 158
29 42
29 50
29 63
29 68
29 91
29 97
29 100
29 134
29 143
29 144
29 151
29 152
29 154
29 156
30 35
30 37
30 48
30 53
30 57
30 63
30 84
30 94
30 97
30 102
30 139
30 157
31 39
31 62
31 71
31 91
31 100
31 102
31 116
31 117
31 119
31 123
31 125
31 140
31 145
31 154
32 37
32 40
32 80
32 105
32 113
32 115
32 128
32 133
33 47
33 49
33 56
33 86
33 94
33 97
33 110
33 122
33 126
33 127
33 133
33 135
33 138
33 139
33 146
33 148
34 38
34 41
34 44
34 47
34 48
34 51
34 55
34 78
34 96
34 97
34 119
34 149
34 153
35 55
35 74
35 88
35 92
35 94
35 104
35 116
35 124
35 128
35 131
35 134
35 137
35 146
35 147
35 151
35 154
36 47
36 62
36 64
36 72
36 96
36 121
36 123
36 132
36 133
36 139
36 144
37 85
37 86
37 89
38 63
38 69
38 89
38 90
38 95
38 100
38 106
38 123
38 129
38 133
38 140
38 149
39 41
39 42
39 78
39 88
39 96
39 97
39 104
39 105
39 109
39 123
39 149
39 150
40 41
40 67
40 80
40 82
40 108
40 120
40 138
40 140
40 141
40 142
40 158
41 57
41 71
41 78
41 81
41 85
41 92
41 96
41 103
41 104
41 112
41 113
41 125
41 128
41 129
41 140
42 45
42 46
42 52
42 87
42 95
42 108
42 115
42 122
42 131
42 148
43 47
43 49
43 56
43 71
43 90
43 101
43 105
43 110
43 118
43 127
43 131
43 139
43 150
43 159
44 47
44 51
44 74
44 92
44 96
44 119
44 127
44 136
45 64
45 67
45 84
45 91
45 93
45 98
45 100
45 105
45 131
45 136
45 153
45 155
46 62
46 72
46 92
46 109
46 119
46 130
46 136
46 149
46 155
47 50
47 71
47 75
47 76
47 77
47 87
47 91
47 117
47 118
47 119
47 143
48 56
48 60
48 69
48 86
48 102
48 103
48 116
48 119
48 121
48 132
48 140
48 150
48 151
49 76
49 79
49 81
49 95
49 97
49 109
49 112
49 141
50 53
50 56
50 69
50 74
50 80
50 98
50 103
50 105
50 106
50 116
50 124
50 128
50 130
50 133
50 135
50 150
51 69
51 75
51 84
51 86
51 95
51 100
51 117
51 119
51 131
51 144
52 79
52 84
52 103
52 114
52 129
52 140
53 56
53 65
53 70
53 94
53 151
54 72
54 74
54 88
54 106
54 111
54 123
54 129
54 138
54 145
54 154
54 158
55 88
55 100
55 102
55 113
55 119
55 129
55 133
55 135
55 150
56 60
56 62
56 75
56 86
56 94
56 122
56 127
56 128
56 140
56 144
56 145
56 150
57 63
57 81
57 100
57 104
57 120
57 129
57 131
57 137
57 139
57 140
57 155
58 69
58 71
58 73
58 75
58 77
58 84
58 112
58 127
58 139
58 140
58 145
59 66
59 67
59 84
59 93
59 102
59 109
59 120
59 121
60 88
60 93
60 102
60 140
60 147
60 148
60 149
60 154
60 155
60 159
61 88
61 120
61 134
61 137
61 145
61 146
61 148
62 71
62 93
62 108
62 119
62 126
62 136
62 139
62 141
62 148
63 78
63 79
63 94
63 122
64 67
64 68
64 74
64 79
64 86
64 87
64 103
64 109
64 111
64 126
65 67
65 76
65 81
65 99
65 105
65 107
65 111
65 117
65 145
65 152
65 157
66 69
66 70
66 72
66 74
66 79
66 88
66 89
66 96
66 113
66 114
66 118
66 119
66 148
66 152
66 153
67 77
67 81
67 90
67 94
67 129
67 130
67 131
67 134
67 137
67 147
67 159
68 69
68 74
68 84
68 86
68 88
68 98
68 99
68 103
68 110
68 119
68 130
68 131
68 143
69 73
69 79
69 90
69 91
69 99
69 107
69 119
69 120
69 156
69 157
70 96
70 98
70 124
70 134
70 145
70 147
70 153
70 157
71 75
71 78
71 80
71 86
71 87
71 89
71 108
71 116
71 117
71 121
71 138
71 143
71 144
72 74
72 102
72 106
72 111
72 113
72 118
72 120
72 141
72 156
73 108
73 119
73 120
73 121
73 129
73 143
73 157
74 88
74 89
74 93
74 108
74 114
74 125
74 126
74 134
74 145
74 151
75 88
75 113
75 131
75 134
75 135
75 152
75 159
76 80
76 88
76 117
76 127
76 145
76 147
76 154
77 86
77 100
77 104
77 114
77 125
77 127
77 133
77 144
78 94
78 97
78 108
78 110
78 150
78 151
79 87
79 92
79 118
79 122
79 124
79 129
79 132
79 152
80 83
80 98
80 106
80 115
80 125
80 138
80 149
81 128
81 137
81 143
81 156
81 157
82 84
82 87
82 126
82 134
82 142
82 151
82 155
83 93
83 111
83 145
83 151
83 157
83 159
84 116
84 117
84 140
84 148
85 93
85 107
85 137
85 142
85 145
85 152
85 156
86 88
86 94
86 101
86 117
86 129
86 133
86 152
86 159
87 92
87 96
87 104
87 125
87 139
87 142
87 150
88 89
88 109
88 110
88 111
88 121
88 123
88 126
88 140
88 146
88 150
88 151
89 98
89 111
89 130
89 132
90 92
90 94
90 96
90 103
90 141
90 143
90 149
90 155
91 98
91 101
91 108
91 112
91 114
91 129
91 130
91 146
91 150
91 151
92 121
92 123
92 124
92 126
92 131
92 132
92 143
92 147
92 155
92 158
93 99
93 100
93 134
93 136
93 146
93 154
94 97
94 102
94 104
94 110
94 122
94 146
94 153
94 158
95 97
95 102
95 121
95 132
95 137
95 140
95 141
95 145
95 146
96 113
96 159
97 112
97 117
97 130
97 132
97 141
97 144
97 148
97 155
98 105
98 109
98 118
98 141
98 153
98 157
99 106
99 123
99 127
100 107
100 122
100 141
100 144
100 145
101 131
101 132
101 135
101 136
102 103
102 122
102 124
102 144
103 109
103 136
103 149
103 150
103 153
104 118
104 119
104 126
104 139
105 130
105 147
105 157
106 115
106 137
106 143
106 157
107 115
107 117
107 119
107 122
107 148
107 153
108 111
108 121
108 136
108 147
108 149
108 157
109 137
110 113
110 138
110 156
111 114
111 118
111 124
111 158
112 137
112 142
112 148
113 116
113 127
113 132
113 135
113 148
113 153
113 159
114 119
114 128
114 130
114 133
114 147
114 151
115 119
115 130
115 133
115 134
115 135
115 144
115 154
116 135
116 141
116 154
117 126
117 142
117 145
117 146
117 153
118 125
118 126
118 131
118 132
118 136
118 151
118 154
119 122
119 130
119 131
119 139
119 158
120 127
120 132
120 133
120 141
121 132
121 144
122 134
122 137
122 148
122 156
123 127
123 140
123 144
123 146
123 152
124 146
124 157
125 142
126 127
127 128
127 132
127 147
127 148
128 146
128 148
128 152
128 158
129 140
129 146
130 137
130 144
130 149
130 159
131 145
132 135
132 142
132 152
133 145
133 155
133 156
134 149
134 155
135 140
135 155
135 156
135 159
136 146
136 153
137 145
137 148
137 151
138 159
139 144
139 156
139 157
140 142
140 157
141 144
141 154
143 159
144 148
144 150
146 156
148 152
148 158
151 156
152 153
154 159
156 159
157 159
33 5 142 116 127 154 135 108 95 73 92 21 74 122 158 133 19 98 69 87 114 26 85 50 63 130 125 23 150 123 131 141
76 53 129 12 47 40 77 49 54 143 89 67 117 134 157 121 120 111 11 52 3 106 55 139 124 7 24 99 36 62 13 38
128 79 112 107 102 22 66 151 75 104 138 78 51 48 140 16 68 94 148 136 152 20 65 70 101 90 39 31 46 28 71 82
61 103 113 8 109 25 34 72 35 145 58 110 88 156 159 9 97 126 147 4 41 14 84 43 93 17 105 100 91 149 96 44
37 119 81 60 83 115 2 27 146 0 132 15 59 153 10 30 56 144 32 118 45 80 137 42 155 57 64 86 18 6 1 29
