140
3976
5
65.19
42.98
12.57
1.13
46.08
0 1
0 2
0 3
0 12
0 14
0 15
0 17
0 19
0 22
0 24
0 30
0 32
0 35
0 36
0 37
0 38
0 40
0 41
0 42
0 45
0 48
0 50
0 55
0 56
0 57
0 59
0 67
0 68
0 69
0 70
0 73
0 75
0 77
0 79
0 80
0 83
0 85
0 89
0 96
0 97
0 99
0 100
0 101
0 102
0 104
0 105
0 107
0 108
0 109
0 110
0 115
0 116
0 117
0 118
0 119
0 120
0 121
0 122
0 125
0 126
0 128
0 129
0 132
0 137
1 2
1 7
1 11
1 14
1 16
1 18
1 21
1 22
1 25
1 30
1 37
1 38
1 41
1 43
1 47
1 48
1 49
1 50
1 51
1 52
1 53
1 55
1 56
1 59
1 61
1 62
1 65
1 69
1 71
1 73
1 80
1 82
1 84
1 87
1 88
1 92
1 94
1 96
1 103
1 104
1 106
1 107
1 108
1 112
1 114
1 115
1 116
1 117
1 118
1 120
1 121
1 123
1 125
1 130
1 133
1 135
1 136
1 137
2 6
2 8
2 9
2 10
2 11
2 16
2 19
2 25
2 26
2 27
2 29
2 30
2 32
2 36
2 39
2 43
2 44
2 47
2 48
2 49
2 51
2 53
2 58
2 60
2 61
2 62
2 63
2 66
2 71
2 75
2 76
2 77
2 79
2 82
2 86
2 87
2 89
2 90
2 91
2 99
2 100
2 106
2 109
2 110
2 111
2 112
2 113
2 114
2 122
2 123
2 131
2 137
2 138
2 139
3 7
3 10
3 13
3 17
3 21
3 22
3 23
3 24
3 27
3 28
3 29
3 37
3 39
3 40
3 41
3 44
3 49
3 50
3 52
3 54
3 55
3 57
3 59
3 60
3 65
3 67
3 68
3 69
3 70
3 74
3 75
3 76
3 77
3 79
3 81
3 86
3 91
3 93
3 103
3 104
3 105
3 106
3 107
3 110
3 114
3 115
3 118
3 120
3 121
3 122
3 123
3 124
3 125
3 126
3 127
4 5
4 6
4 8
4 12
4 13
4 16
4 17
4 20
4 21
4 24
4 25
4 27
4 31
4 33
4 34
4 38
4 39
4 45
4 46
4 48
4 51
4 52
4 53
4 54
4 56
4 57
4 58
4 60
4 65
4 69
4 70
4 72
4 73
4 76
4 78
4 83
4 85
4 89
4 90
4 92
4 93
4 94
4 96
4 99
4 101
4 102
4 106
4 107
4 108
4 109
4 112
4 113
4 117
4 118
4 120
4 122
4 125
4 127
4 133
4 136
4 137
4 138
5 6
5 7
5 11
5 14
5 15
5 17
5 18
5 19
5 20
5 21
5 29
5 32
5 33
5 34
5 35
5 36
5 37
5 38
5 40
5 41
5 46
5 47
5 48
5 49
5 50
5 51
5 53
5 55
5 61
5 64
5 65
5 67
5 68
5 69
5 73
5 74
5 75
5 77
5 78
5 84
5 85
5 92
5 93
5 95
5 98
5 99
5 100
5 103
5 107
5 113
5 115
5 116
5 126
5 128
5 134
5 137
5 138
6 8
6 9
6 12
6 15
6 16
6 18
6 23
6 26
6 27
6 29
6 33
6 35
6 37
6 38
6 39
6 40
6 42
6 43
6 45
6 46
6 48
6 49
6 51
6 52
6 54
6 56
6 58
6 61
6 63
6 64
6 67
6 68
6 70
6 71
6 72
6 73
6 76
6 78
6 80
6 85
6 87
6 88
6 92
6 93
6 97
6 98
6 101
6 107
6 108
6 109
6 113
6 121
6 123
6 127
6 128
6 134
6 137
6 139
7 11
7 13
7 15
7 17
7 24
7 25
7 33
7 34
7 35
7 36
7 40
7 43
7 45
7 46
7 49
7 51
7 56
7 58
7 63
7 65
7 66
7 68
7 69
7 72
7 73
7 80
7 81
7 95
7 96
7 100
7 102
7 103
7 105
7 107
7 112
7 115
7 116
7 118
7 121
7 122
7 124
7 126
7 127
7 128
7 132
7 136
7 137
7 138
7 139
8 9
8 12
8 14
8 16
8 19
8 24
8 26
8 27
8 28
8 32
8 33
8 34
8 37
8 38
8 39
8 45
8 46
8 49
8 50
8 57
8 58
8 63
8 64
8 69
8 70
8 72
8 74
8 76
8 80
8 82
8 83
8 87
8 90
8 91
8 92
8 93
8 96
8 97
8 99
8 100
8 101
8 102
8 104
8 107
8 108
8 111
8 115
8 118
8 120
8 124
8 126
8 135
8 136
8 137
8 139
9 16
9 17
9 18
9 21
9 22
9 23
9 25
9 26
9 28
9 29
9 30
9 31
9 33
9 35
9 38
9 39
9 41
9 42
9 45
9 47
9 51
9 53
9 54
9 57
9 63
9 64
9 65
9 66
9 67
9 69
9 71
9 75
9 76
9 78
9 84
9 87
9 89
9 90
9 92
9 94
9 98
9 100
9 101
9 102
9 103
9 106
9 107
9 109
9 110
9 113
9 115
9 116
9 117
9 118
9 124
9 130
9 132
9 133
9 134
9 136
9 138
9 139
10 17
10 20
10 21
10 25
10 37
10 43
10 48
10 50
10 51
10 52
10 53
10 55
10 57
10 58
10 59
10 61
10 62
10 66
10 67
10 68
10 71
10 72
10 74
10 75
10 76
10 77
10 88
10 89
10 90
10 91
10 92
10 95
10 96
10 97
10 104
10 105
10 106
10 111
10 116
10 124
10 125
10 126
10 127
10 130
10 137
10 139
11 12
11 15
11 16
11 19
11 20
11 21
11 23
11 24
11 29
11 36
11 37
11 40
11 53
11 57
11 58
11 60
11 61
11 63
11 65
11 66
11 68
11 71
11 72
11 73
11 74
11 75
11 81
11 82
11 83
11 85
11 87
11 89
11 91
11 93
11 100
11 101
11 102
11 104
11 106
11 107
11 108
11 109
11 115
11 116
11 117
11 119
11 124
11 125
11 126
11 134
11 137
12 15
12 17
12 20
12 22
12 25
12 28
12 31
12 36
12 37
12 38
12 41
12 44
12 47
12 51
12 54
12 55
12 56
12 58
12 59
12 62
12 65
12 66
12 67
12 70
12 71
12 73
12 81
12 83
12 92
12 96
12 98
12 100
12 101
12 102
12 104
12 108
12 110
12 114
12 115
12 118
12 124
12 127
12 133
12 135
12 136
12 138
13 14
13 16
13 18
13 19
13 30
13 32
13 33
13 34
13 36
13 39
13 41
13 44
13 47
13 48
13 51
13 54
13 56
13 60
13 62
13 64
13 67
13 68
13 69
13 70
13 72
13 73
13 76
13 77
13 83
13 86
13 89
13 93
13 101
13 102
13 103
13 104
13 106
13 110
13 113
13 114
13 115
13 121
13 122
13 123
13 124
13 131
13 132
13 133
13 137
14 17
14 21
14 22
14 23
14 25
14 27
14 30
14 34
14 35
14 41
14 42
14 44
14 47
14 49
14 52
14 56
14 59
14 60
14 61
14 63
14 64
14 66
14 68
14 72
14 74
14 75
14 79
14 80
14 84
14 86
14 88
14 89
14 90
14 93
14 95
14 97
14 98
14 99
14 103
14 105
14 106
14 107
14 113
14 115
14 116
14 119
14 120
14 123
14 124
14 126
14 127
14 128
14 130
14 131
14 135
14 137
14 138
15 17
15 18
15 19
15 22
15 26
15 27
15 28
15 29
15 31
15 37
15 38
15 39
15 45
15 47
15 48
15 49
15 50
15 53
15 55
15 60
15 62
15 63
15 65
15 68
15 71
15 74
15 75
15 76
15 77
15 78
15 86
15 98
15 100
15 102
15 103
15 105
15 107
15 110
15 115
15 117
15 124
15 127
15 131
15 132
15 135
15 136
15 137
15 139
16 18
16 19
16 24
16 25
16 27
16 28
16 29
16 31
16 34
16 35
16 39
16 40
16 42
16 43
16 45
16 48
16 49
16 53
16 56
16 58
16 62
16 63
16 65
16 67
16 72
16 74
16 78
16 79
16 80
16 81
16 82
16 83
16 84
16 91
16 92
16 93
16 96
16 100
16 101
16 106
16 108
16 109
16 111
16 112
16 114
16 120
16 121
16 122
16 124
16 127
16 128
16 129
16 130
16 133
16 136
16 138
16 139
17 23
17 27
17 28
17 29
17 33
17 36
17 46
17 49
17 53
17 54
17 55
17 57
17 61
17 67
17 68
17 71
17 73
17 74
17 76
17 77
17 78
17 80
17 82
17 83
17 85
17 87
17 88
17 89
17 90
17 92
17 93
17 96
17 97
17 103
17 104
17 108
17 109
17 110
17 112
17 116
17 118
17 119
17 121
17 125
17 127
17 128
17 129
17 131
17 133
17 135
17 136
18 19
18 20
18 22
18 23
18 24
18 25
18 27
18 28
18 30
18 36
18 37
18 39
18 40
18 42
18 43
18 49
18 53
18 57
18 62
18 64
18 68
18 71
18 72
18 74
18 75
18 78
18 79
18 80
18 82
18 83
18 84
18 85
18 90
18 91
18 93
18 96
18 97
18 99
18 104
18 105
18 106
18 107
18 108
18 110
18 113
18 115
18 116
18 119
18 121
18 122
18 124
18 125
18 126
18 131
18 133
18 138
18 139
19 20
19 21
19 23
19 25
19 26
19 33
19 35
19 39
19 40
19 44
19 45
19 49
19 50
19 53
19 54
19 57
19 60
19 61
19 64
19 68
19 69
19 71
19 75
19 78
19 79
19 80
19 82
19 84
19 85
19 86
19 94
19 95
19 96
19 99
19 100
19 103
19 105
19 106
19 107
19 109
19 112
19 115
19 118
19 121
19 122
19 123
19 127
19 130
19 132
19 133
19 135
19 137
19 138
19 139
20 21
20 23
20 24
20 27
20 28
20 32
20 34
20 40
20 41
20 43
20 44
20 50
20 52
20 53
20 56
20 60
20 61
20 63
20 65
20 66
20 68
20 71
20 72
20 75
20 77
20 79
20 80
20 82
20 86
20 87
20 93
20 104
20 105
20 106
20 116
20 125
20 127
20 128
20 130
20 132
20 133
20 134
20 136
20 137
20 138
21 22
21 24
21 25
21 27
21 30
21 38
21 46
21 51
21 55
21 59
21 61
21 63
21 67
21 74
21 75
21 76
21 77
21 78
21 79
21 81
21 84
21 85
21 87
21 90
21 91
21 93
21 94
21 100
21 102
21 103
21 106
21 107
21 108
21 110
21 111
21 114
21 117
21 118
21 127
21 128
21 132
21 133
21 134
21 137
21 138
22 24
22 27
22 28
22 29
22 37
22 42
22 43
22 45
22 46
22 47
22 48
22 49
22 51
22 52
22 54
22 57
22 59
22 63
22 64
22 67
22 69
22 70
22 71
22 72
22 74
22 75
22 78
22 82
22 84
22 85
22 87
22 88
22 89
22 90
22 92
22 93
22 95
22 96
22 102
22 107
22 108
22 110
22 111
22 116
22 121
22 123
22 124
22 125
22 128
22 133
22 134
22 139
23 26
23 28
23 30
23 32
23 34
23 35
23 36
23 38
23 40
23 43
23 45
23 49
23 52
23 59
23 60
23 62
23 63
23 65
23 70
23 71
23 72
23 73
23 74
23 80
23 82
23 83
23 85
23 96
23 97
23 100
23 101
23 109
23 110
23 114
23 115
23 120
23 122
23 123
23 124
23 127
23 128
23 132
24 26
24 29
24 30
24 34
24 38
24 40
24 45
24 49
24 51
24 55
24 57
24 59
24 62
24 66
24 68
24 69
24 72
24 75
24 80
24 81
24 83
24 88
24 89
24 92
24 93
24 100
24 101
24 102
24 108
24 112
24 115
24 116
24 117
24 118
24 120
24 123
24 124
24 125
24 126
24 127
24 128
24 130
24 132
24 133
24 134
24 135
24 137
25 26
25 27
25 29
25 31
25 36
25 40
25 41
25 42
25 44
25 47
25 48
25 51
25 52
25 55
25 56
25 60
25 61
25 63
25 65
25 66
25 69
25 70
25 72
25 73
25 74
25 78
25 82
25 83
25 84
25 87
25 88
25 89
25 90
25 91
25 92
25 93
25 95
25 97
25 107
25 111
25 116
25 117
25 119
25 120
25 121
25 123
25 124
25 134
25 135
25 136
25 137
26 28
26 34
26 44
26 48
26 49
26 50
26 51
26 53
26 55
26 57
26 58
26 60
26 63
26 67
26 71
26 73
26 75
26 79
26 80
26 84
26 85
26 86
26 88
26 90
26 96
26 97
26 99
26 101
26 105
26 106
26 107
26 109
26 112
26 114
26 117
26 123
26 125
26 127
26 128
26 132
26 138
27 38
27 39
27 40
27 47
27 52
27 57
27 58
27 59
27 60
27 64
27 65
27 66
27 69
27 70
27 72
27 73
27 75
27 76
27 81
27 82
27 83
27 84
27 86
27 91
27 93
27 96
27 98
27 99
27 100
27 107
27 108
27 110
27 111
27 116
27 117
27 121
27 122
27 125
27 126
27 131
27 136
27 138
28 29
28 30
28 31
28 34
28 37
28 40
28 42
28 48
28 49
28 51
28 54
28 55
28 58
28 60
28 65
28 68
28 69
28 70
28 75
28 79
28 82
28 83
28 85
28 88
28 89
28 92
28 101
28 102
28 104
28 108
28 110
28 116
28 117
28 120
28 122
28 123
28 125
28 129
28 130
28 131
28 132
29 32
29 34
29 35
29 37
29 39
29 40
29 44
29 49
29 50
29 51
29 55
29 59
29 62
29 64
29 66
29 68
29 70
29 71
29 74
29 78
29 80
29 83
29 88
29 89
29 95
29 97
29 98
29 102
29 103
29 104
29 106
29 110
29 114
29 115
29 116
29 121
29 122
29 123
29 125
29 126
29 128
29 129
29 131
29 132
29 133
29 134
29 135
29 139
30 32
30 33
30 34
30 35
30 37
30 38
30 42
30 43
30 46
30 48
30 51
30 52
30 57
30 58
30 63
30 65
30 67
30 69
30 70
30 72
30 75
30 76
30 86
30 87
30 94
30 96
30 97
30 99
30 100
30 101
30 104
30 105
30 106
30 108
30 110
30 111
30 112
30 113
30 115
30 119
30 120
30 123
30 125
30 127
30 128
30 135
30 137
31 35
31 36
31 38
31 40
31 41
31 44
31 45
31 47
31 52
31 55
31 57
31 59
31 60
31 62
31 63
31 64
31 67
31 69
31 71
31 74
31 76
31 77
31 79
31 80
31 81
31 83
31 86
31 88
31 89
31 90
31 92
31 95
31 96
31 98
31 100
31 103
31 105
31 106
31 108
31 109
31 111
31 113
31 115
31 118
31 119
31 120
31 122
31 124
31 132
31 137
31 139
32 35
32 38
32 49
32 50
32 54
32 56
32 57
32 61
32 64
32 70
32 72
32 73
32 77
32 79
32 80
32 81
32 82
32 83
32 87
32 90
32 91
32 92
32 98
32 102
32 104
32 105
32 107
32 108
32 112
32 113
32 114
32 115
32 116
32 120
32 122
32 125
32 126
32 128
32 129
32 130
32 134
32 136
33 35
33 36
33 37
33 46
33 48
33 50
33 61
33 62
33 64
33 66
33 67
33 68
33 69
33 70
33 71
33 73
33 74
33 78
33 79
33 80
33 82
33 87
33 89
33 91
33 94
33 95
33 96
33 97
33 101
33 107
33 108
33 113
33 114
33 115
33 119
33 121
33 123
33 126
33 127
33 128
33 132
33 134
33 137
34 35
34 38
34 40
34 41
34 42
34 43
34 45
34 46
34 51
34 54
34 58
34 59
34 63
34 67
34 68
34 69
34 71
34 73
34 75
34 77
34 79
34 80
34 83
34 84
34 85
34 87
34 88
34 91
34 99
34 103
34 104
34 106
34 110
34 112
34 114
34 116
34 117
34 119
34 124
34 128
34 129
34 130
34 134
34 139
35 38
35 40
35 45
35 56
35 59
35 63
35 66
35 74
35 77
35 79
35 82
35 83
35 84
35 85
35 86
35 88
35 92
35 93
35 97
35 98
35 99
35 101
35 102
35 104
35 105
35 109
35 110
35 116
35 117
35 126
35 128
35 129
35 132
35 134
36 38
36 42
36 43
36 44
36 45
36 47
36 51
36 58
36 64
36 65
36 66
36 69
36 71
36 72
36 73
36 74
36 75
36 76
36 84
36 90
36 92
36 95
36 96
36 99
36 102
36 109
36 110
36 113
36 117
36 120
36 121
36 122
36 124
36 130
36 131
36 133
36 135
37 41
37 43
37 46
37 47
37 48
37 50
37 53
37 54
37 56
37 57
37 58
37 60
37 63
37 65
37 66
37 69
37 72
37 74
37 75
37 76
37 79
37 83
37 86
37 87
37 89
37 91
37 92
37 94
37 97
37 98
37 99
37 101
37 102
37 103
37 108
37 111
37 115
37 122
37 127
37 131
37 132
37 134
38 39
38 42
38 48
38 50
38 51
38 52
38 53
38 55
38 56
38 57
38 58
38 59
38 63
38 66
38 68
38 69
38 70
38 76
38 77
38 78
38 81
38 82
38 83
38 84
38 86
38 91
38 92
38 94
38 95
38 100
38 101
38 105
38 106
38 107
38 110
38 113
38 114
38 119
38 121
38 126
38 131
38 132
38 133
38 138
38 139
39 41
39 42
39 44
39 49
39 52
39 62
39 63
39 64
39 65
39 68
39 72
39 73
39 74
39 79
39 80
39 81
39 83
39 87
39 88
39 89
39 91
39 94
39 101
39 102
39 105
39 107
39 108
39 109
39 114
39 115
39 118
39 123
39 125
39 129
39 131
39 132
39 134
39 138
40 43
40 44
40 46
40 50
40 52
40 56
40 59
40 61
40 65
40 67
40 68
40 69
40 73
40 75
40 76
40 81
40 82
40 85
40 90
40 92
40 95
40 96
40 97
40 98
40 99
40 101
40 105
40 107
40 114
40 115
40 116
40 117
40 118
40 119
40 120
40 121
40 125
40 131
40 132
40 135
40 138
40 139
41 42
41 44
41 47
41 51
41 53
41 55
41 61
41 63
41 66
41 67
41 69
41 72
41 73
41 75
41 77
41 78
41 81
41 86
41 89
41 94
41 95
41 98
41 99
41 101
41 102
41 105
41 108
41 111
41 112
41 115
41 116
41 118
41 121
41 123
41 124
41 125
41 127
41 128
41 129
41 130
41 136
42 43
42 53
42 57
42 58
42 59
42 60
42 62
42 64
42 69
42 70
42 72
42 76
42 78
42 81
42 83
42 85
42 86
42 90
42 93
42 96
42 97
42 98
42 100
42 101
42 106
42 116
42 118
42 119
42 121
42 122
42 123
42 126
42 129
42 130
42 132
42 136
43 44
43 49
43 51
43 56
43 59
43 60
43 62
43 64
43 66
43 67
43 68
43 70
43 76
43 79
43 80
43 84
43 88
43 90
43 92
43 94
43 98
43 100
43 102
43 103
43 106
43 107
43 114
43 115
43 117
43 122
43 124
43 128
43 129
43 130
43 131
43 132
43 133
43 135
43 136
44 49
44 50
44 58
44 60
44 66
44 70
44 71
44 77
44 85
44 87
44 88
44 89
44 92
44 96
44 102
44 103
44 105
44 107
44 108
44 113
44 115
44 118
44 120
44 122
44 125
44 126
44 131
44 132
44 135
44 139
45 47
45 48
45 57
45 58
45 60
45 63
45 65
45 70
45 73
45 74
45 77
45 80
45 82
45 84
45 85
45 86
45 88
45 89
45 92
45 93
45 94
45 95
45 100
45 101
45 102
45 104
45 110
45 116
45 117
45 118
45 121
45 123
45 124
45 128
45 134
45 135
45 136
45 137
45 138
46 48
46 49
46 50
46 51
46 52
46 55
46 59
46 60
46 63
46 64
46 68
46 69
46 70
46 74
46 76
46 80
46 81
46 84
46 90
46 91
46 92
46 94
46 98
46 106
46 107
46 108
46 109
46 111
46 114
46 115
46 117
46 119
46 121
46 123
46 125
46 128
46 131
46 132
46 134
46 135
46 136
46 138
47 48
47 49
47 51
47 52
47 54
47 55
47 57
47 58
47 59
47 62
47 63
47 67
47 70
47 71
47 72
47 73
47 76
47 78
47 79
47 80
47 81
47 83
47 86
47 87
47 88
47 89
47 91
47 92
47 93
47 94
47 98
47 103
47 104
47 106
47 108
47 109
47 110
47 112
47 118
47 121
47 129
47 134
47 138
48 52
48 54
48 58
48 60
48 63
48 65
48 68
48 69
48 75
48 76
48 78
48 80
48 83
48 84
48 86
48 87
48 89
48 98
48 100
48 103
48 105
48 107
48 108
48 111
48 115
48 116
48 123
48 124
48 127
48 129
48 134
48 135
48 137
48 138
49 51
49 52
49 55
49 59
49 60
49 61
49 66
49 68
49 69
49 70
49 71
49 74
49 75
49 77
49 79
49 80
49 82
49 83
49 86
49 87
49 96
49 101
49 103
49 105
49 106
49 107
49 108
49 110
49 111
49 116
49 118
49 120
49 123
49 124
49 127
49 129
49 133
49 135
50 53
50 56
50 58
50 59
50 61
50 66
50 68
50 70
50 71
50 77
50 81
50 82
50 85
50 97
50 98
50 99
50 100
50 101
50 102
50 105
50 106
50 108
50 112
50 114
50 115
50 116
50 118
50 119
50 122
50 127
50 130
50 134
50 136
50 138
51 52
51 53
51 54
51 56
51 58
51 59
51 60
51 62
51 63
51 65
51 68
51 69
51 70
51 71
51 74
51 75
51 84
51 85
51 87
51 88
51 91
51 92
51 93
51 100
51 101
51 102
51 104
51 106
51 110
51 111
51 112
51 115
51 121
51 122
51 125
51 129
51 130
51 132
51 139
52 53
52 54
52 56
52 57
52 59
52 60
52 62
52 63
52 64
52 66
52 67
52 71
52 72
52 73
52 74
52 75
52 81
52 92
52 96
52 98
52 99
52 102
52 104
52 106
52 108
52 109
52 111
52 112
52 114
52 115
52 116
52 117
52 122
52 123
52 125
52 126
52 128
52 130
52 133
52 135
52 136
52 138
52 139
53 55
53 56
53 57
53 58
53 62
53 63
53 66
53 70
53 72
53 73
53 76
53 79
53 84
53 85
53 87
53 89
53 93
53 94
53 95
53 99
53 103
53 111
53 114
53 115
53 116
53 118
53 120
53 122
53 124
53 125
53 126
53 129
53 130
53 134
53 136
53 137
53 138
53 139
54 56
54 58
54 59
54 60
54 61
54 62
54 63
54 67
54 68
54 72
54 76
54 77
54 80
54 84
54 86
54 87
54 92
54 98
54 103
54 107
54 109
54 112
54 114
54 115
54 117
54 122
54 128
54 131
54 136
54 139
55 56
55 59
55 61
55 65
55 71
55 72
55 76
55 77
55 80
55 88
55 92
55 97
55 99
55 102
55 103
55 104
55 109
55 111
55 112
55 116
55 122
55 125
55 130
55 131
55 132
55 137
55 138
56 57
56 61
56 62
56 64
56 69
56 73
56 79
56 80
56 88
56 92
56 93
56 96
56 98
56 100
56 101
56 103
56 104
56 105
56 108
56 112
56 115
56 127
56 137
57 63
57 68
57 73
57 77
57 78
57 81
57 82
57 83
57 88
57 90
57 91
57 93
57 97
57 104
57 105
57 106
57 108
57 110
57 111
57 112
57 113
57 115
57 116
57 118
57 119
57 121
57 123
57 127
57 128
57 130
57 132
57 134
57 135
57 137
58 61
58 63
58 65
58 66
58 67
58 69
58 71
58 72
58 74
58 76
58 80
58 83
58 86
58 88
58 97
58 102
58 103
58 104
58 105
58 106
58 107
58 110
58 112
58 115
58 116
58 117
58 118
58 122
58 124
58 126
58 128
58 129
58 131
58 132
58 135
58 138
59 64
59 78
59 79
59 80
59 84
59 87
59 91
59 99
59 104
59 105
59 107
59 113
59 117
59 119
59 121
59 124
59 126
59 127
59 128
59 129
59 130
59 131
59 133
59 134
59 139
60 64
60 69
60 71
60 73
60 74
60 75
60 76
60 78
60 80
60 87
60 88
60 89
60 93
60 95
60 96
60 100
60 102
60 103
60 105
60 106
60 113
60 116
60 117
60 118
60 120
60 124
60 125
60 127
61 62
61 64
61 66
61 70
61 74
61 75
61 77
61 78
61 80
61 83
61 84
61 86
61 88
61 90
61 93
61 97
61 105
61 107
61 108
61 114
61 117
61 122
61 123
61 125
61 126
61 127
61 129
61 131
61 132
61 134
61 135
61 139
62 63
62 64
62 65
62 68
62 70
62 73
62 81
62 82
62 87
62 90
62 92
62 94
62 95
62 96
62 98
62 99
62 102
62 103
62 107
62 108
62 113
62 119
62 120
62 124
62 126
62 128
62 130
62 134
62 139
63 65
63 66
63 72
63 77
63 82
63 84
63 86
63 94
63 95
63 96
63 97
63 99
63 105
63 110
63 115
63 116
63 118
63 125
63 129
63 130
63 133
64 65
64 69
64 70
64 72
64 73
64 75
64 76
64 84
64 88
64 89
64 90
64 93
64 96
64 98
64 99
64 104
64 110
64 111
64 113
64 115
64 116
64 120
64 123
64 124
64 127
64 128
64 136
64 138
65 66
65 68
65 69
65 70
65 78
65 80
65 81
65 83
65 86
65 89
65 90
65 92
65 93
65 94
65 95
65 101
65 102
65 103
65 105
65 106
65 108
65 110
65 111
65 113
65 114
65 115
65 117
65 118
65 119
65 121
65 122
65 125
65 128
65 129
65 131
65 133
65 134
65 137
65 138
66 68
66 74
66 77
66 79
66 82
66 87
66 88
66 91
66 94
66 95
66 99
66 102
66 114
66 115
66 116
66 118
66 120
66 122
66 123
66 126
66 127
66 129
66 130
66 132
66 133
66 136
66 139
67 70
67 74
67 75
67 80
67 81
67 84
67 88
67 91
67 92
67 93
67 95
67 96
67 102
67 103
67 107
67 111
67 115
67 117
67 122
67 124
67 125
67 126
67 128
67 129
67 132
67 134
67 137
68 74
68 75
68 78
68 81
68 84
68 85
68 88
68 89
68 90
68 92
68 94
68 97
68 98
68 99
68 100
68 101
68 104
68 106
68 107
68 111
68 113
68 115
68 116
68 117
68 119
68 120
68 123
68 125
68 127
68 128
68 129
68 130
68 133
68 134
68 137
68 138
69 71
69 73
69 74
69 77
69 83
69 84
69 86
69 91
69 92
69 93
69 94
69 96
69 100
69 101
69 107
69 108
69 109
69 111
69 116
69 118
69 121
69 124
69 128
69 133
69 136
69 138
69 139
70 72
70 76
70 79
70 83
70 85
70 86
70 90
70 92
70 93
70 95
70 98
70 106
70 108
70 116
70 118
70 120
70 121
70 122
70 125
70 127
70 136
71 75
71 77
71 82
71 84
71 85
71 89
71 90
71 91
71 92
71 95
71 98
71 99
71 102
71 103
71 104
71 105
71 106
71 110
71 112
71 114
71 115
71 117
71 121
71 123
71 125
71 126
71 127
71 128
71 132
71 134
71 135
71 137
71 138
71 139
72 74
72 76
72 78
72 79
72 88
72 93
72 102
72 104
72 106
72 109
72 111
72 112
72 113
72 114
72 121
72 122
72 126
72 130
72 131
72 136
72 139
73 76
73 79
73 80
73 81
73 91
73 94
73 95
73 96
73 97
73 98
73 99
73 100
73 104
73 108
73 111
73 117
73 118
73 121
73 123
73 124
73 129
73 132
73 133
73 134
73 137
73 138
73 139
74 75
74 78
74 79
74 83
74 84
74 86
74 88
74 89
74 90
74 92
74 99
74 103
74 105
74 106
74 111
74 112
74 117
74 118
74 122
74 123
74 124
74 126
74 127
74 131
74 134
74 136
74 138
75 76
75 78
75 80
75 89
75 90
75 91
75 93
75 98
75 99
75 100
75 104
75 105
75 106
75 107
75 108
75 109
75 112
75 113
75 114
75 115
75 120
75 121
75 126
75 128
75 129
75 131
75 133
75 134
75 135
75 139
76 77
76 78
76 82
76 86
76 87
76 88
76 92
76 98
76 99
76 101
76 105
76 106
76 108
76 112
76 113
76 116
76 120
76 122
76 123
76 126
76 128
76 130
76 132
76 137
77 79
77 80
77 81
77 86
77 87
77 89
77 91
77 92
77 94
77 104
77 106
77 107
77 115
77 121
77 122
77 123
77 124
77 125
77 126
77 127
77 128
77 130
77 131
77 133
77 136
77 137
77 138
78 79
78 81
78 83
78 85
78 86
78 88
78 89
78 91
78 92
78 93
78 94
78 98
78 99
78 100
78 103
78 104
78 107
78 108
78 109
78 110
78 111
78 112
78 114
78 116
78 117
78 118
78 119
78 120
78 122
78 123
78 124
78 127
78 128
78 130
78 131
78 132
78 133
78 135
78 137
78 139
79 82
79 84
79 91
79 94
79 96
79 99
79 100
79 103
79 104
79 109
79 111
79 116
79 119
79 120
79 122
79 124
79 128
79 130
79 132
79 133
79 134
79 135
79 139
80 86
80 87
80 88
80 90
80 95
80 102
80 103
80 106
80 107
80 110
80 111
80 112
80 115
80 117
80 118
80 120
80 122
80 124
80 125
80 127
80 128
80 130
80 131
80 132
80 135
80 137
80 138
81 84
81 87
81 89
81 97
81 101
81 102
81 118
81 119
81 121
81 122
81 124
81 127
81 129
81 132
81 136
81 137
81 138
82 85
82 89
82 90
82 95
82 98
82 100
82 106
82 107
82 108
82 110
82 113
82 117
82 118
82 119
82 120
82 121
82 125
82 126
82 128
82 129
82 130
82 131
83 86
83 89
83 90
83 91
83 93
83 94
83 95
83 97
83 98
83 101
83 106
83 107
83 110
83 113
83 118
83 121
83 123
83 125
83 131
83 133
83 134
83 135
83 137
83 138
84 88
84 92
84 93
84 96
84 97
84 98
84 99
84 103
84 104
84 108
84 110
84 111
84 113
84 114
84 116
84 117
84 118
84 125
84 126
84 128
84 131
84 138
84 139
85 91
85 92
85 94
85 95
85 106
85 107
85 109
85 111
85 116
85 118
85 120
85 122
85 124
85 127
85 132
85 136
85 137
85 138
86 89
86 90
86 92
86 95
86 97
86 98
86 99
86 102
86 107
86 108
86 111
86 114
86 117
86 119
86 122
86 124
86 125
86 129
86 130
86 138
86 139
87 90
87 94
87 97
87 100
87 101
87 102
87 106
87 107
87 111
87 113
87 115
87 117
87 118
87 122
87 123
87 126
87 129
87 136
87 138
88 89
88 91
88 94
88 95
88 97
88 99
88 102
88 106
88 108
88 112
88 113
88 117
88 119
88 120
88 121
88 122
88 124
88 125
88 127
88 130
88 131
88 133
88 135
88 138
89 93
89 95
89 100
89 105
89 109
89 116
89 122
89 123
89 124
89 128
89 130
89 131
89 133
89 135
89 136
89 137
89 139
90 92
90 95
90 97
90 100
90 102
90 103
90 104
90 107
90 109
90 110
90 111
90 112
90 113
90 115
90 117
90 118
90 120
90 121
90 122
90 125
90 127
90 130
90 131
90 133
90 137
90 138
91 92
91 94
91 95
91 97
91 100
91 101
91 104
91 105
91 107
91 110
91 113
91 114
91 116
91 117
91 119
91 120
91 129
91 130
91 133
91 135
91 137
92 94
92 95
92 96
92 97
92 101
92 102
92 103
92 108
92 110
92 112
92 114
92 115
92 116
92 118
92 120
92 121
92 127
92 128
92 130
92 131
92 132
92 133
92 134
92 138
93 94
93 95
93 97
93 99
93 101
93 102
93 103
93 107
93 108
93 111
93 113
93 119
93 120
93 122
93 128
93 129
93 133
93 135
93 137
93 138
93 139
94 95
94 99
94 101
94 104
94 105
94 106
94 107
94 108
94 110
94 113
94 114
94 118
94 120
94 123
94 124
94 126
94 127
94 128
94 130
94 132
94 133
94 137
94 138
94 139
95 96
95 98
95 100
95 101
95 102
95 103
95 108
95 109
95 111
95 114
95 116
95 118
95 121
95 123
95 124
95 125
95 128
95 129
95 132
95 133
95 134
95 135
95 137
95 138
96 100
96 101
96 107
96 108
96 109
96 110
96 115
96 116
96 119
96 124
96 125
96 128
96 130
96 131
96 132
96 134
96 136
96 137
97 99
97 100
97 101
97 102
97 106
97 110
97 114
97 116
97 119
97 120
97 121
97 125
97 127
97 130
97 134
97 139
98 99
98 105
98 107
98 109
98 110
98 111
98 112
98 120
98 121
98 125
98 129
98 132
98 135
98 139
99 100
99 106
99 107
99 108
99 110
99 111
99 114
99 118
99 119
99 120
99 121
99 122
99 123
99 124
99 127
99 130
99 136
99 137
99 139
100 105
100 107
100 109
100 111
100 112
100 114
100 115
100 116
100 118
100 123
100 128
100 129
100 130
100 132
100 133
100 136
100 138
101 102
101 109
101 110
101 112
101 113
101 115
101 117
101 118
101 121
101 122
101 123
101 126
101 129
101 133
101 134
101 136
101 138
102 104
102 105
102 106
102 108
102 109
102 110
102 112
102 114
102 118
102 119
102 121
102 122
102 123
102 126
102 129
102 132
102 134
102 136
102 138
103 106
103 111
103 112
103 116
103 124
103 125
103 130
103 132
103 138
103 139
104 105
104 114
104 117
104 118
104 119
104 120
104 123
104 127
104 130
104 132
104 134
104 135
104 136
105 109
105 111
105 116
105 119
105 122
105 124
105 137
106 108
106 109
106 111
106 114
106 115
106 116
106 117
106 118
106 119
106 124
106 126
106 134
106 137
106 139
107 111
107 114
107 115
107 117
107 118
107 120
107 124
107 125
107 127
107 128
107 129
107 131
107 136
107 137
108 109
108 111
108 112
108 113
108 116
108 117
108 120
108 125
108 128
108 137
109 110
109 112
109 113
109 114
109 119
109 121
109 130
109 131
109 132
109 135
109 137
109 138
110 111
110 120
110 122
110 131
110 132
110 136
110 137
110 138
111 118
111 122
111 123
111 124
111 126
111 127
111 128
111 131
111 132
111 138
111 139
112 114
112 117
112 122
112 127
112 130
112 132
112 135
112 136
112 138
113 115
113 116
113 117
113 118
113 119
113 122
113 124
113 125
113 127
113 128
113 129
113 130
113 132
113 137
113 138
114 117
114 118
114 122
114 123
114 124
114 129
114 130
114 131
114 132
114 133
114 136
114 137
114 139
115 121
115 125
115 129
115 130
115 132
115 133
115 134
115 135
116 118
116 121
116 124
116 125
116 127
116 129
116 131
116 132
116 135
116 137
116 138
117 119
117 120
117 122
117 123
117 125
117 130
117 136
118 119
118 125
118 127
118 137
118 138
118 139
119 121
119 125
119 127
119 129
119 130
119 136
119 138
120 121
120 122
120 123
120 124
120 125
120 126
120 128
120 131
120 133
120 135
120 139
121 122
121 123
121 129
121 131
121 133
121 137
121 139
122 125
122 126
122 130
122 131
122 132
122 133
122 134
122 135
123 124
123 127
123 135
123 137
124 125
124 126
124 128
124 129
124 130
124 134
124 136
124 138
125 126
125 127
125 130
125 131
125 133
125 134
125 135
125 136
126 127
126 129
126 137
126 139
127 128
127 131
127 132
127 136
127 139
128 129
128 131
128 138
129 130
129 132
129 135
129 136
129 138
129 139
130 131
130 134
130 138
131 133
131 135
131 137
132 134
132 135
132 136
132 138
133 134
133 138
134 136
134 137
135 136
136 137
137 138
139 30 49 1 116 112 71 133 25 68 21 115 126 70 29 135 27 117 94 109 90 74 28 64 35 43 87 40
106 10 36 134 20 16 76 91 73 59 51 127 84 22 39 38 124 14 18 129 122 11 78 120 9 12 66 46
114 125 4 81 102 65 111 62 137 121 128 79 52 69 34 37 118 131 44 3 61 67 33 19 86 113 2 85
42 15 13 75 93 95 123 54 63 5 24 60 31 88 47 130 104 0 97 107 7 105 53 77 103 96 80 72
100 136 83 23 138 108 32 45 17 89 41 92 82 8 55 50 48 98 6 110 101 26 58 119 99 56 57 132
