170
8623
10
33.51
82.59
37.27
35.27
7.83
33.77
94.57
90.02
8.44
28.92
0 5
0 7
0 10
0 11
0 12
0 13
0 15
0 16
0 18
0 19
0 20
0 21
0 22
0 25
0 26
0 27
0 28
0 30
0 31
0 33
0 34
0 35
0 36
0 38
0 42
0 43
0 44
0 45
0 46
0 48
0 49
0 52
0 53
0 56
0 57
0 62
0 63
0 64
0 65
0 67
0 69
0 70
0 71
0 73
0 74
0 76
0 77
0 79
0 80
0 83
0 84
0 85
0 87
0 88
0 90
0 91
0 92
0 93
0 96
0 97
0 99
0 101
0 102
0 104
0 105
0 106
0 107
0 109
0 112
0 114
0 116
0 120
0 121
0 122
0 124
0 126
0 127
0 128
0 130
0 132
0 133
0 134
0 136
0 137
0 138
0 140
0 141
0 142
0 144
0 145
0 146
0 147
0 149
0 150
0 151
0 152
0 154
0 155
0 156
0 159
0 161
0 162
0 163
0 164
0 165
0 167
0 168
0 169
1 2
1 4
1 5
1 6
1 7
1 8
1 9
1 11
1 12
1 15
1 17
1 18
1 20
1 21
1 22
1 23
1 24
1 25
1 28
1 32
1 33
1 34
1 36
1 37
1 42
1 44
1 45
1 46
1 47
1 48
1 49
1 50
1 51
1 52
1 53
1 54
1 55
1 56
1 57
1 58
1 64
1 66
1 68
1 69
1 70
1 71
1 72
1 74
1 75
1 77
1 78
1 81
1 82
1 83
1 84
1 85
1 86
1 87
1 88
1 91
1 93
1 95
1 96
1 97
1 98
1 99
1 103
1 105
1 107
1 108
1 110
1 111
1 113
1 114
1 115
1 116
1 117
1 119
1 122
1 126
1 127
1 128
1 130
1 131
1 132
1 133
1 134
1 135
1 136
1 138
1 139
1 140
1 143
1 144
1 147
1 149
1 154
1 155
1 156
1 157
1 159
1 161
1 163
1 164
1 165
1 166
2 3
2 4
2 5
2 6
2 8
2 10
2 11
2 13
2 14
2 17
2 20
2 22
2 23
2 24
2 27
2 29
2 31
2 32
2 35
2 37
2 38
2 41
2 42
2 44
2 45
2 49
2 50
2 51
2 55
2 56
2 57
2 60
2 65
2 66
2 69
2 71
2 72
2 74
2 77
2 79
2 80
2 81
2 82
2 83
2 84
2 85
2 87
2 88
2 89
2 90
2 92
2 94
2 95
2 96
2 97
2 98
2 99
2 101
2 103
2 104
2 105
2 109
2 111
2 113
2 114
2 115
2 116
2 119
2 120
2 121
2 122
2 124
2 127
2 128
2 129
2 131
2 137
2 138
2 139
2 140
2 141
2 143
2 146
2 152
2 155
2 156
2 157
2 158
2 162
2 163
2 165
2 168
2 169
3 6
3 7
3 8
3 9
3 10
3 11
3 15
3 16
3 17
3 18
3 19
3 20
3 21
3 22
3 23
3 24
3 25
3 26
3 29
3 31
3 32
3 33
3 36
3 37
3 38
3 39
3 41
3 42
3 43
3 44
3 45
3 47
3 48
3 49
3 52
3 53
3 56
3 60
3 61
3 62
3 64
3 65
3 66
3 67
3 68
3 69
3 71
3 72
3 74
3 75
3 76
3 77
3 78
3 82
3 83
3 84
3 88
3 89
3 90
3 92
3 95
3 96
3 97
3 98
3 101
3 102
3 103
3 106
3 110
3 111
3 112
3 113
3 116
3 117
3 118
3 120
3 121
3 122
3 123
3 124
3 126
3 128
3 130
3 131
3 136
3 137
3 138
3 140
3 141
3 142
3 143
3 144
3 148
3 150
3 151
3 152
3 154
3 155
3 156
3 157
3 158
3 159
3 161
3 164
3 165
3 166
3 169
4 5
4 6
4 8
4 9
4 10
4 11
4 14
4 15
4 16
4 18
4 19
4 20
4 21
4 22
4 23
4 25
4 26
4 30
4 31
4 32
4 34
4 35
4 36
4 37
4 38
4 41
4 44
4 45
4 46
4 49
4 52
4 53
4 54
4 57
4 60
4 61
4 62
4 65
4 66
4 67
4 68
4 69
4 70
4 73
4 74
4 76
4 78
4 79
4 80
4 81
4 82
4 83
4 84
4 85
4 87
4 88
4 93
4 94
4 95
4 97
4 98
4 100
4 101
4 103
4 104
4 105
4 106
4 110
4 111
4 113
4 116
4 117
4 118
4 121
4 122
4 123
4 126
4 127
4 129
4 130
4 131
4 133
4 135
4 136
4 138
4 139
4 140
4 141
4 142
4 145
4 146
4 147
4 148
4 149
4 151
4 153
4 155
4 157
4 158
4 159
4 160
4 162
4 163
4 164
4 165
4 167
4 168
5 10
5 11
5 12
5 13
5 14
5 21
5 22
5 23
5 24
5 25
5 29
5 30
5 33
5 34
5 36
5 38
5 39
5 40
5 42
5 44
5 45
5 46
5 47
5 48
5 51
5 52
5 53
5 54
5 56
5 58
5 59
5 60
5 64
5 65
5 66
5 67
5 69
5 73
5 75
5 76
5 77
5 78
5 80
5 82
5 83
5 84
5 89
5 91
5 92
5 93
5 94
5 95
5 98
5 99
5 100
5 103
5 104
5 105
5 106
5 107
5 110
5 111
5 113
5 117
5 118
5 119
5 121
5 126
5 127
5 128
5 129
5 130
5 131
5 132
5 133
5 134
5 136
5 137
5 138
5 142
5 144
5 145
5 146
5 148
5 150
5 152
5 153
5 155
5 157
5 159
5 161
5 163
5 164
5 165
5 166
5 167
5 168
5 169
6 7
6 8
6 10
6 15
6 16
6 17
6 18
6 20
6 21
6 23
6 25
6 26
6 27
6 28
6 29
6 30
6 32
6 33
6 35
6 36
6 37
6 38
6 39
6 41
6 42
6 44
6 45
6 46
6 47
6 50
6 55
6 56
6 57
6 60
6 62
6 63
6 65
6 66
6 68
6 69
6 71
6 77
6 79
6 80
6 81
6 82
6 83
6 84
6 85
6 86
6 87
6 88
6 89
6 90
6 92
6 93
6 94
6 95
6 97
6 98
6 99
6 100
6 101
6 104
6 105
6 110
6 113
6 114
6 117
6 118
6 119
6 123
6 125
6 126
6 127
6 128
6 129
6 131
6 133
6 136
6 137
6 138
6 139
6 140
6 142
6 143
6 145
6 147
6 150
6 152
6 154
6 155
6 157
6 158
6 159
6 160
6 161
6 162
6 164
6 166
6 169
7 8
7 9
7 11
7 12
7 13
7 16
7 18
7 21
7 22
7 24
7 25
7 26
7 27
7 29
7 30
7 32
7 33
7 36
7 38
7 40
7 41
7 45
7 46
7 49
7 51
7 52
7 53
7 54
7 55
7 57
7 58
7 60
7 61
7 62
7 66
7 68
7 72
7 73
7 75
7 76
7 77
7 78
7 79
7 80
7 83
7 85
7 86
7 89
7 92
7 93
7 99
7 100
7 101
7 104
7 108
7 112
7 113
7 114
7 119
7 120
7 123
7 124
7 128
7 129
7 130
7 132
7 133
7 135
7 136
7 138
7 139
7 141
7 147
7 148
7 151
7 152
7 154
7 155
7 158
7 159
7 160
7 161
7 162
7 164
7 165
7 166
7 167
7 168
8 10
8 11
8 15
8 17
8 18
8 19
8 20
8 21
8 22
8 24
8 27
8 28
8 30
8 32
8 33
8 34
8 36
8 37
8 41
8 43
8 44
8 45
8 47
8 49
8 50
8 51
8 52
8 53
8 54
8 55
8 56
8 57
8 59
8 60
8 61
8 62
8 64
8 67
8 68
8 70
8 71
8 73
8 75
8 76
8 77
8 78
8 79
8 81
8 82
8 84
8 86
8 87
8 88
8 89
8 90
8 91
8 93
8 95
8 96
8 97
8 98
8 99
8 101
8 102
8 103
8 104
8 106
8 108
8 110
8 111
8 112
8 113
8 114
8 117
8 118
8 119
8 120
8 125
8 126
8 127
8 128
8 129
8 130
8 134
8 135
8 136
8 139
8 140
8 141
8 142
8 145
8 146
8 147
8 150
8 151
8 152
8 154
8 156
8 157
8 158
8 159
8 167
9 12
9 15
9 16
9 17
9 18
9 20
9 21
9 24
9 25
9 28
9 30
9 31
9 33
9 34
9 35
9 36
9 37
9 38
9 41
9 42
9 43
9 44
9 46
9 47
9 48
9 51
9 52
9 56
9 57
9 58
9 59
9 62
9 63
9 65
9 66
9 67
9 68
9 69
9 71
9 73
9 74
9 75
9 76
9 77
9 78
9 79
9 82
9 83
9 85
9 88
9 91
9 92
9 93
9 94
9 95
9 96
9 99
9 100
9 104
9 106
9 108
9 109
9 112
9 113
9 115
9 116
9 122
9 123
9 124
9 127
9 129
9 130
9 131
9 132
9 133
9 136
9 137
9 138
9 139
9 141
9 145
9 147
9 149
9 150
9 151
9 152
9 155
9 156
9 159
9 160
9 164
9 169
10 11
10 12
10 13
10 14
10 15
10 18
10 22
10 23
10 27
10 28
10 30
10 32
10 35
10 36
10 39
10 40
10 42
10 43
10 44
10 49
10 51
10 52
10 55
10 56
10 58
10 60
10 62
10 63
10 64
10 65
10 69
10 72
10 73
10 74
10 75
10 76
10 77
10 79
10 81
10 82
10 84
10 85
10 86
10 87
10 88
10 89
10 90
10 91
10 92
10 94
10 95
10 98
10 99
10 100
10 102
10 105
10 106
10 110
10 111
10 112
10 113
10 114
10 116
10 117
10 121
10 122
10 123
10 125
10 129
10 130
10 132
10 133
10 134
10 135
10 136
10 137
10 139
10 142
10 143
10 144
10 148
10 151
10 155
10 157
10 158
10 162
10 164
10 165
10 167
10 168
10 169
11 12
11 13
11 16
11 17
11 19
11 20
11 21
11 23
11 24
11 26
11 27
11 29
11 31
11 32
11 35
11 37
11 38
11 39
11 41
11 42
11 44
11 45
11 46
11 47
11 48
11 50
11 51
11 52
11 54
11 55
11 56
11 57
11 59
11 61
11 63
11 64
11 65
11 69
11 70
11 71
11 74
11 78
11 79
11 80
11 82
11 83
11 86
11 89
11 90
11 91
11 92
11 94
11 96
11 97
11 98
11 100
11 102
11 111
11 114
11 115
11 116
11 118
11 121
11 126
11 128
11 132
11 134
11 138
11 139
11 140
11 142
11 148
11 149
11 150
11 151
11 152
11 153
11 154
11 155
11 156
11 157
11 158
11 159
11 162
11 163
11 165
11 167
11 168
12 13
12 14
12 15
12 16
12 17
12 20
12 21
12 22
12 23
12 27
12 29
12 32
12 33
12 34
12 35
12 36
12 37
12 38
12 41
12 43
12 44
12 46
12 48
12 49
12 52
12 53
12 55
12 56
12 58
12 60
12 63
12 65
12 66
12 67
12 68
12 70
12 72
12 73
12 74
12 75
12 76
12 78
12 81
12 82
12 83
12 85
12 87
12 89
12 91
12 92
12 94
12 95
12 97
12 98
12 99
12 100
12 103
12 104
12 105
12 106
12 107
12 108
12 110
12 113
12 114
12 116
12 117
12 119
12 120
12 121
12 122
12 123
12 126
12 128
12 129
12 131
12 132
12 135
12 136
12 137
12 138
12 140
12 141
12 142
12 147
12 148
12 150
12 151
12 152
12 153
12 154
12 158
12 161
12 162
12 165
12 166
13 15
13 17
13 19
13 21
13 22
13 25
13 26
13 29
13 31
13 32
13 33
13 36
13 37
13 38
13 39
13 40
13 42
13 43
13 44
13 46
13 47
13 48
13 49
13 50
13 51
13 52
13 53
13 54
13 55
13 56
13 57
13 59
13 61
13 63
13 67
13 68
13 71
13 72
13 73
13 76
13 77
13 78
13 79
13 80
13 81
13 86
13 88
13 90
13 93
13 95
13 96
13 97
13 98
13 99
13 101
13 102
13 103
13 104
13 105
13 107
13 109
13 110
13 111
13 112
13 114
13 115
13 116
13 117
13 120
13 122
13 124
13 127
13 129
13 131
13 132
13 136
13 137
13 138
13 139
13 141
13 142
13 143
13 144
13 145
13 147
13 148
13 150
13 151
13 153
13 154
13 156
13 157
13 158
13 161
13 162
13 163
13 165
13 167
13 168
14 15
14 16
14 18
14 20
14 22
14 23
14 24
14 28
14 29
14 31
14 32
14 33
14 34
14 35
14 38
14 39
14 40
14 41
14 42
14 45
14 46
14 48
14 50
14 53
14 55
14 57
14 58
14 59
14 62
14 65
14 66
14 67
14 68
14 69
14 70
14 73
14 75
14 78
14 81
14 83
14 84
14 86
14 88
14 89
14 92
14 94
14 95
14 96
14 97
14 101
14 102
14 103
14 104
14 109
14 110
14 114
14 117
14 119
14 122
14 124
14 125
14 126
14 129
14 131
14 132
14 133
14 135
14 137
14 143
14 144
14 145
14 146
14 147
14 148
14 149
14 150
14 153
14 156
14 157
14 159
14 160
14 161
14 164
14 167
15 16
15 18
15 19
15 20
15 22
15 23
15 24
15 28
15 29
15 30
15 31
15 32
15 34
15 35
15 38
15 41
15 42
15 43
15 45
15 47
15 48
15 49
15 50
15 51
15 53
15 54
15 55
15 56
15 57
15 58
15 59
15 60
15 61
15 64
15 67
15 69
15 70
15 72
15 75
15 76
15 77
15 79
15 80
15 81
15 82
15 83
15 84
15 85
15 86
15 87
15 89
15 91
15 92
15 94
15 97
15 98
15 100
15 101
15 102
15 104
15 105
15 106
15 107
15 111
15 112
15 113
15 114
15 115
15 118
15 119
15 120
15 123
15 124
15 125
15 126
15 127
15 131
15 132
15 134
15 136
15 139
15 140
15 141
15 144
15 146
15 147
15 148
15 149
15 151
15 152
15 153
15 155
15 156
15 159
15 160
15 161
15 162
15 165
15 166
15 167
16 18
16 19
16 23
16 24
16 25
16 27
16 28
16 29
16 31
16 34
16 35
16 36
16 37
16 38
16 40
16 41
16 42
16 45
16 46
16 47
16 48
16 49
16 50
16 51
16 52
16 53
16 57
16 59
16 62
16 63
16 67
16 69
16 70
16 71
16 72
16 76
16 78
16 79
16 82
16 83
16 85
16 89
16 91
16 92
16 93
16 94
16 96
16 97
16 98
16 99
16 101
16 102
16 104
16 106
16 107
16 109
16 110
16 112
16 113
16 114
16 115
16 116
16 121
16 122
16 123
16 124
16 125
16 127
16 129
16 132
16 133
16 137
16 138
16 139
16 142
16 143
16 145
16 146
16 150
16 151
16 153
16 154
16 155
16 156
16 157
16 158
16 160
16 161
16 162
16 163
16 164
16 165
17 18
17 19
17 20
17 21
17 22
17 24
17 25
17 26
17 27
17 30
17 35
17 38
17 39
17 40
17 43
17 45
17 46
17 49
17 51
17 52
17 53
17 54
17 58
17 59
17 60
17 61
17 65
17 66
17 68
17 69
17 71
17 78
17 80
17 81
17 83
17 84
17 85
17 86
17 87
17 88
17 89
17 90
17 91
17 92
17 93
17 95
17 96
17 98
17 99
17 100
17 102
17 103
17 105
17 106
17 107
17 108
17 109
17 111
17 116
17 119
17 122
17 123
17 125
17 129
17 130
17 131
17 132
17 133
17 135
17 136
17 138
17 144
17 145
17 146
17 147
17 149
17 154
17 155
17 156
17 158
17 159
17 161
17 162
17 164
18 20
18 21
18 23
18 24
18 25
18 26
18 27
18 29
18 30
18 34
18 35
18 37
18 39
18 40
18 42
18 44
18 47
18 51
18 52
18 54
18 55
18 59
18 60
18 61
18 64
18 65
18 66
18 67
18 68
18 72
18 74
18 75
18 77
18 81
18 85
18 86
18 87
18 88
18 89
18 91
18 94
18 97
18 98
18 100
18 101
18 103
18 104
18 105
18 106
18 107
18 108
18 110
18 111
18 112
18 113
18 114
18 118
18 119
18 120
18 121
18 122
18 125
18 127
18 128
18 129
18 131
18 133
18 134
18 136
18 137
18 138
18 139
18 144
18 145
18 147
18 148
18 149
18 151
18 152
18 153
18 154
18 160
18 166
18 169
19 27
19 29
19 32
19 33
19 35
19 38
19 39
19 40
19 46
19 47
19 48
19 49
19 50
19 51
19 52
19 53
19 54
19 55
19 56
19 57
19 58
19 59
19 62
19 63
19 64
19 65
19 66
19 67
19 68
19 70
19 72
19 74
19 75
19 76
19 77
19 81
19 85
19 86
19 87
19 89
19 90
19 91
19 93
19 94
19 95
19 97
19 99
19 100
19 101
19 102
19 103
19 104
19 105
19 108
19 111
19 112
19 114
19 116
19 117
19 121
19 123
19 126
19 127
19 128
19 132
19 134
19 136
19 138
19 139
19 140
19 142
19 145
19 148
19 149
19 150
19 151
19 152
19 153
19 154
19 155
19 158
19 159
19 160
19 161
19 162
19 164
19 166
20 21
20 22
20 24
20 27
20 28
20 33
20 36
20 37
20 40
20 41
20 42
20 44
20 45
20 49
20 51
20 55
20 56
20 58
20 59
20 61
20 64
20 65
20 67
20 68
20 70
20 73
20 74
20 76
20 78
20 79
20 80
20 82
20 83
20 84
20 85
20 87
20 90
20 91
20 92
20 97
20 99
20 101
20 102
20 103
20 104
20 106
20 115
20 117
20 118
20 119
20 120
20 122
20 124
20 128
20 129
20 130
20 132
20 133
20 136
20 140
20 141
20 144
20 146
20 147
20 148
20 149
20 150
20 151
20 154
20 161
20 162
20 163
20 164
20 165
20 167
21 23
21 24
21 25
21 26
21 29
21 30
21 33
21 34
21 35
21 37
21 39
21 40
21 42
21 44
21 45
21 46
21 47
21 48
21 51
21 54
21 57
21 58
21 59
21 60
21 62
21 63
21 66
21 68
21 69
21 70
21 73
21 74
21 75
21 77
21 79
21 80
21 81
21 82
21 83
21 85
21 86
21 88
21 89
21 93
21 94
21 95
21 96
21 97
21 98
21 99
21 100
21 101
21 102
21 104
21 106
21 107
21 108
21 109
21 110
21 112
21 113
21 114
21 116
21 119
21 122
21 123
21 128
21 129
21 130
21 131
21 132
21 133
21 134
21 135
21 136
21 138
21 140
21 141
21 144
21 146
21 147
21 148
21 150
21 154
21 156
21 159
21 160
21 161
21 163
21 166
21 167
21 169
22 23
22 27
22 29
22 30
22 32
22 33
22 35
22 38
22 39
22 40
22 43
22 45
22 46
22 47
22 48
22 49
22 50
22 51
22 53
22 54
22 57
22 60
22 62
22 63
22 64
22 68
22 70
22 73
22 74
22 75
22 76
22 83
22 84
22 85
22 88
22 91
22 93
22 94
22 95
22 98
22 99
22 100
22 101
22 102
22 103
22 104
22 105
22 107
22 109
22 110
22 111
22 112
22 114
22 115
22 120
22 121
22 122
22 124
22 125
22 127
22 128
22 129
22 130
22 131
22 134
22 135
22 141
22 143
22 145
22 146
22 147
22 149
22 150
22 154
22 155
22 156
22 159
22 160
22 161
22 163
22 164
22 165
22 166
22 168
22 169
23 25
23 26
23 27
23 28
23 29
23 30
23 31
23 33
23 34
23 35
23 37
23 38
23 42
23 43
23 46
23 47
23 48
23 49
23 50
23 51
23 52
23 53
23 54
23 58
23 59
23 60
23 61
23 62
23 63
23 64
23 66
23 69
23 70
23 71
23 73
23 74
23 77
23 78
23 82
23 83
23 84
23 85
23 86
23 88
23 90
23 92
23 95
23 96
23 97
23 101
23 104
23 105
23 108
23 111
23 115
23 119
23 120
23 121
23 122
23 125
23 126
23 128
23 130
23 133
23 134
23 136
23 139
23 140
23 141
23 143
23 147
23 148
23 149
23 152
23 153
23 154
23 155
23 157
23 158
23 161
23 162
23 163
23 164
24 25
24 26
24 28
24 29
24 31
24 33
24 34
24 35
24 36
24 38
24 40
24 41
24 42
24 43
24 44
24 45
24 46
24 47
24 48
24 49
24 50
24 51
24 52
24 54
24 55
24 57
24 63
24 65
24 66
24 68
24 69
24 70
24 72
24 75
24 76
24 78
24 81
24 83
24 84
24 85
24 86
24 87
24 88
24 95
24 96
24 97
24 100
24 102
24 103
24 104
24 107
24 108
24 109
24 110
24 113
24 115
24 116
24 117
24 118
24 119
24 123
24 124
24 125
24 126
24 128
24 129
24 130
24 134
24 135
24 136
24 137
24 139
24 140
24 141
24 142
24 143
24 144
24 145
24 146
24 147
24 148
24 151
24 153
24 154
24 155
24 156
24 157
24 158
24 159
24 161
24 162
24 163
24 165
24 169
25 28
25 29
25 33
25 40
25 41
25 42
25 43
25 44
25 45
25 46
25 48
25 51
25 52
25 53
25 54
25 56
25 61
25 62
25 64
25 67
25 68
25 69
25 70
25 71
25 72
25 80
25 81
25 84
25 85
25 92
25 95
25 97
25 99
25 101
25 102
25 103
25 105
25 107
25 109
25 110
25 111
25 112
25 115
25 116
25 117
25 119
25 122
25 123
25 124
25 128
25 130
25 131
25 132
25 133
25 134
25 135
25 136
25 138
25 139
25 141
25 142
25 144
25 145
25 148
25 149
25 151
25 155
25 157
25 158
25 159
25 160
25 161
25 162
25 165
25 166
25 169
26 27
26 28
26 29
26 30
26 34
26 35
26 37
26 41
26 44
26 45
26 46
26 47
26 48
26 49
26 50
26 52
26 55
26 57
26 61
26 62
26 64
26 65
26 66
26 68
26 71
26 72
26 73
26 77
26 78
26 85
26 87
26 89
26 90
26 91
26 92
26 95
26 97
26 98
26 100
26 101
26 103
26 105
26 106
26 108
26 109
26 111
26 113
26 114
26 115
26 116
26 119
26 120
26 121
26 122
26 124
26 125
26 126
26 128
26 130
26 132
26 134
26 135
26 137
26 138
26 141
26 142
26 145
26 149
26 150
26 152
26 153
26 154
26 156
26 157
26 159
26 160
26 164
26 165
26 169
27 28
27 29
27 30
27 31
27 32
27 33
27 36
27 37
27 38
27 43
27 47
27 48
27 49
27 50
27 51
27 53
27 54
27 56
27 58
27 59
27 61
27 62
27 63
27 64
27 65
27 67
27 68
27 71
27 72
27 73
27 75
27 76
27 78
27 79
27 80
27 81
27 82
27 83
27 85
27 86
27 87
27 89
27 91
27 92
27 94
27 95
27 97
27 98
27 99
27 101
27 102
27 104
27 105
27 108
27 111
27 113
27 114
27 116
27 117
27 118
27 121
27 122
27 124
27 125
27 126
27 127
27 128
27 131
27 134
27 135
27 139
27 141
27 144
27 147
27 151
27 152
27 153
27 154
27 156
27 157
27 158
27 163
27 166
27 167
27 168
27 169
28 31
28 32
28 33
28 35
28 36
28 37
28 40
28 48
28 49
28 55
28 56
28 57
28 58
28 59
28 60
28 62
28 63
28 64
28 65
28 67
28 70
28 71
28 74
28 75
28 76
28 77
28 78
28 81
28 83
28 85
28 86
28 87
28 88
28 89
28 92
28 93
28 94
28 95
28 98
28 99
28 100
28 101
28 103
28 104
28 106
28 107
28 109
28 111
28 116
28 117
28 118
28 119
28 121
28 125
28 126
28 128
28 130
28 132
28 135
28 137
28 139
28 140
28 142
28 143
28 145
28 147
28 148
28 150
28 151
28 152
28 153
28 154
28 155
28 158
28 160
28 161
28 163
28 164
28 165
28 168
29 30
29 31
29 32
29 35
29 36
29 37
29 38
29 39
29 41
29 42
29 43
29 45
29 49
29 52
29 53
29 56
29 58
29 59
29 62
29 63
29 64
29 65
29 66
29 68
29 70
29 71
29 77
29 80
29 81
29 82
29 83
29 84
29 85
29 86
29 89
29 90
29 92
29 93
29 95
29 96
29 100
29 104
29 105
29 106
29 108
29 110
29 114
29 115
29 116
29 117
29 119
29 120
29 123
29 124
29 125
29 128
29 131
29 132
29 134
29 135
29 136
29 137
29 139
29 142
29 143
29 147
29 148
29 150
29 153
29 155
29 156
29 157
29 158
29 159
29 160
29 164
29 165
29 167
29 168
30 31
30 32
30 33
30 34
30 35
30 36
30 37
30 38
30 40
30 41
30 43
30 44
30 45
30 48
30 49
30 50
30 51
30 52
30 54
30 56
30 57
30 59
30 60
30 61
30 62
30 63
30 64
30 65
30 66
30 68
30 71
30 72
30 73
30 74
30 75
30 77
30 79
30 81
30 84
30 86
30 88
30 89
30 91
30 95
30 96
30 97
30 99
30 102
30 103
30 104
30 106
30 108
30 109
30 111
30 112
30 113
30 115
30 116
30 121
30 122
30 124
30 126
30 127
30 129
30 131
30 132
30 135
30 136
30 137
30 138
30 140
30 141
30 142
30 145
30 147
30 148
30 150
30 151
30 153
30 155
30 156
30 157
30 158
30 159
30 160
30 161
30 162
30 163
30 164
30 168
30 169
31 33
31 34
31 36
31 37
31 38
31 39
31 40
31 42
31 44
31 46
31 47
31 48
31 49
31 51
31 54
31 55
31 56
31 57
31 60
31 62
31 64
31 65
31 69
31 70
31 72
31 74
31 76
31 77
31 78
31 80
31 81
31 82
31 84
31 85
31 86
31 88
31 89
31 90
31 91
31 92
31 93
31 94
31 96
31 99
31 100
31 101
31 102
31 104
31 105
31 106
31 107
31 110
31 111
31 112
31 115
31 117
31 119
31 120
31 121
31 122
31 123
31 124
31 129
31 132
31 135
31 137
31 138
31 141
31 143
31 144
31 145
31 148
31 150
31 154
31 156
31 157
31 158
31 160
31 162
31 164
31 165
31 167
32 34
32 35
32 36
32 38
32 39
32 41
32 43
32 44
32 45
32 46
32 47
32 49
32 50
32 51
32 52
32 53
32 54
32 55
32 56
32 57
32 58
32 61
32 62
32 64
32 66
32 70
32 71
32 73
32 76
32 78
32 79
32 82
32 83
32 84
32 87
32 88
32 93
32 94
32 95
32 96
32 97
32 98
32 99
32 100
32 102
32 105
32 106
32 108
32 110
32 112
32 113
32 114
32 115
32 117
32 119
32 120
32 121
32 122
32 126
32 131
32 133
32 136
32 137
32 142
32 143
32 145
32 146
32 148
32 150
32 153
32 154
32 155
32 156
32 157
32 160
32 161
32 162
32 163
32 164
32 166
32 167
32 168
32 169
33 34
33 37
33 40
33 41
33 43
33 44
33 46
33 48
33 49
33 50
33 51
33 53
33 54
33 55
33 57
33 58
33 61
33 64
33 67
33 69
33 70
33 71
33 72
33 73
33 74
33 76
33 77
33 81
33 83
33 85
33 86
33 89
33 90
33 91
33 93
33 94
33 95
33 97
33 98
33 99
33 104
33 106
33 107
33 110
33 113
33 114
33 115
33 116
33 117
33 118
33 119
33 123
33 124
33 125
33 127
33 129
33 130
33 135
33 136
33 137
33 138
33 142
33 145
33 147
33 151
33 154
33 155
33 159
33 160
33 161
33 164
33 165
33 166
33 167
33 168
34 35
34 36
34 37
34 38
34 39
34 40
34 42
34 44
34 47
34 48
34 51
34 53
34 55
34 58
34 59
34 60
34 62
34 63
34 64
34 65
34 66
34 68
34 69
34 73
34 74
34 78
34 81
34 82
34 83
34 84
34 85
34 86
34 87
34 89
34 92
34 93
34 94
34 96
34 97
34 99
34 100
34 101
34 102
34 103
34 105
34 112
34 113
34 114
34 116
34 117
34 120
34 121
34 123
34 124
34 125
34 127
34 129
34 130
34 131
34 132
34 133
34 134
34 135
34 137
34 139
34 140
34 142
34 143
34 146
34 147
34 148
34 151
34 152
34 153
34 154
34 155
34 156
34 159
34 160
34 161
34 163
34 167
34 168
35 38
35 40
35 42
35 44
35 45
35 46
35 48
35 49
35 53
35 54
35 55
35 56
35 57
35 58
35 59
35 62
35 63
35 64
35 66
35 67
35 69
35 72
35 73
35 74
35 75
35 78
35 80
35 82
35 83
35 85
35 86
35 88
35 90
35 91
35 92
35 93
35 94
35 97
35 98
35 99
35 100
35 101
35 102
35 103
35 106
35 109
35 110
35 111
35 114
35 115
35 118
35 119
35 121
35 123
35 124
35 126
35 127
35 128
35 130
35 131
35 135
35 137
35 138
35 144
35 147
35 148
35 152
35 153
35 155
35 158
35 160
35 161
35 165
35 166
35 167
35 168
35 169
36 37
36 40
36 43
36 44
36 46
36 48
36 49
36 51
36 52
36 58
36 59
36 60
36 61
36 63
36 65
36 66
36 67
36 68
36 69
36 72
36 73
36 74
36 76
36 77
36 78
36 79
36 80
36 83
36 84
36 87
36 89
36 90
36 91
36 93
36 95
36 96
36 97
36 98
36 100
36 101
36 102
36 104
36 105
36 106
36 108
36 110
36 111
36 112
36 114
36 115
36 118
36 120
36 123
36 124
36 125
36 126
36 127
36 129
36 130
36 131
36 132
36 133
36 134
36 136
36 138
36 139
36 142
36 143
36 146
36 148
36 150
36 152
36 153
36 154
36 155
36 157
36 158
36 160
36 162
36 163
36 164
36 165
36 168
36 169
37 38
37 39
37 40
37 41
37 42
37 43
37 46
37 47
37 48
37 49
37 50
37 51
37 54
37 56
37 57
37 58
37 60
37 61
37 62
37 63
37 64
37 67
37 68
37 70
37 71
37 72
37 73
37 74
37 75
37 76
37 77
37 78
37 80
37 81
37 82
37 83
37 84
37 85
37 86
37 89
37 90
37 92
37 93
37 95
37 96
37 97
37 99
37 100
37 102
37 103
37 104
37 106
37 107
37 108
37 111
37 112
37 113
37 118
37 122
37 123
37 125
37 126
37 127
37 130
37 133
37 134
37 136
37 137
37 139
37 140
37 142
37 144
37 145
37 148
37 149
37 151
37 153
37 154
37 155
37 156
37 157
37 161
37 165
37 166
37 167
37 168
38 39
38 42
38 48
38 50
38 51
38 52
38 53
38 54
38 56
38 58
38 67
38 68
38 69
38 70
38 72
38 73
38 74
38 75
38 77
38 78
38 80
38 81
38 83
38 84
38 85
38 86
38 87
38 88
38 89
38 90
38 91
38 92
38 93
38 95
38 96
38 97
38 98
38 101
38 103
38 105
38 106
38 107
38 109
38 112
38 113
38 115
38 116
38 117
38 118
38 119
38 121
38 122
38 123
38 128
38 131
38 132
38 133
38 134
38 135
38 138
38 139
38 140
38 142
38 145
38 146
38 147
38 148
38 149
38 152
38 153
38 154
38 155
38 156
38 157
38 158
38 159
38 160
38 162
38 163
38 165
38 168
39 40
39 42
39 47
39 49
39 53
39 54
39 55
39 56
39 57
39 58
39 59
39 60
39 65
39 66
39 67
39 68
39 69
39 70
39 72
39 73
39 75
39 77
39 80
39 84
39 85
39 87
39 89
39 90
39 91
39 92
39 95
39 96
39 97
39 99
39 100
39 101
39 103
39 105
39 106
39 107
39 109
39 110
39 112
39 113
39 114
39 118
39 120
39 122
39 123
39 126
39 127
39 129
39 130
39 131
39 132
39 135
39 136
39 137
39 138
39 139
39 140
39 141
39 144
39 146
39 147
39 148
39 149
39 150
39 151
39 152
39 156
39 158
39 159
39 160
39 161
39 163
39 165
39 166
39 167
39 169
40 41
40 45
40 49
40 50
40 52
40 53
40 54
40 56
40 57
40 59
40 61
40 64
40 67
40 70
40 71
40 72
40 73
40 75
40 76
40 79
40 80
40 81
40 83
40 87
40 88
40 89
40 90
40 92
40 93
40 96
40 97
40 98
40 105
40 107
40 109
40 112
40 114
40 115
40 119
40 120
40 121
40 122
40 123
40 124
40 128
40 129
40 130
40 131
40 133
40 135
40 136
40 138
40 142
40 143
40 145
40 150
40 151
40 152
40 153
40 154
40 155
40 156
40 157
40 158
40 159
40 162
40 163
40 165
40 166
40 168
40 169
41 42
41 44
41 45
41 47
41 49
41 50
41 51
41 52
41 53
41 54
41 55
41 57
41 58
41 59
41 60
41 61
41 62
41 63
41 64
41 65
41 67
41 68
41 70
41 71
41 75
41 76
41 78
41 81
41 83
41 84
41 85
41 86
41 87
41 88
41 90
41 91
41 96
41 97
41 98
41 100
41 101
41 104
41 106
41 107
41 108
41 109
41 111
41 112
41 113
41 114
41 115
41 117
41 120
41 123
41 125
41 127
41 129
41 130
41 131
41 132
41 133
41 135
41 137
41 138
41 140
41 143
41 146
41 148
41 149
41 153
41 154
41 155
41 156
41 157
41 158
41 159
41 160
41 161
41 162
41 163
41 164
41 165
41 166
41 168
42 44
42 45
42 46
42 48
42 50
42 51
42 52
42 53
42 55
42 56
42 59
42 60
42 61
42 63
42 65
42 67
42 68
42 69
42 70
42 72
42 73
42 74
42 75
42 78
42 79
42 80
42 81
42 84
42 85
42 88
42 92
42 94
42 98
42 99
42 101
42 103
42 104
42 105
42 106
42 108
42 109
42 112
42 114
42 115
42 116
42 123
42 124
42 125
42 127
42 129
42 131
42 133
42 134
42 135
42 136
42 137
42 139
42 141
42 142
42 143
42 144
42 145
42 149
42 150
42 154
42 155
42 158
42 159
42 160
42 163
42 164
42 165
42 166
42 167
42 168
42 169
43 44
43 45
43 47
43 50
43 51
43 52
43 53
43 57
43 61
43 63
43 64
43 67
43 68
43 69
43 70
43 72
43 76
43 77
43 78
43 79
43 80
43 81
43 86
43 87
43 92
43 94
43 95
43 97
43 98
43 99
43 101
43 102
43 104
43 108
43 110
43 111
43 113
43 114
43 115
43 118
43 119
43 122
43 123
43 126
43 129
43 130
43 132
43 135
43 137
43 138
43 140
43 141
43 142
43 143
43 145
43 147
43 149
43 151
43 152
43 154
43 155
43 156
43 159
43 160
43 161
43 162
43 163
43 165
43 169
44 45
44 48
44 49
44 51
44 52
44 53
44 54
44 56
44 57
44 58
44 60
44 61
44 62
44 66
44 67
44 70
44 71
44 75
44 78
44 79
44 80
44 82
44 85
44 87
44 89
44 91
44 93
44 94
44 96
44 99
44 100
44 101
44 104
44 105
44 106
44 107
44 108
44 109
44 110
44 111
44 112
44 113
44 115
44 118
44 120
44 121
44 123
44 125
44 126
44 127
44 129
44 130
44 133
44 134
44 135
44 137
44 138
44 139
44 140
44 143
44 145
44 149
44 151
44 153
44 154
44 155
44 156
44 157
44 158
44 160
44 162
44 163
44 167
44 168
44 169
45 47
45 50
45 51
45 52
45 55
45 56
45 58
45 60
45 61
45 62
45 63
45 66
45 68
45 71
45 72
45 77
45 78
45 79
45 81
45 82
45 84
45 85
45 86
45 87
45 89
45 90
45 91
45 92
45 94
45 95
45 98
45 100
45 101
45 103
45 105
45 107
45 108
45 109
45 114
45 116
45 117
45 118
45 119
45 122
45 123
45 125
45 128
45 129
45 131
45 132
45 133
45 134
45 135
45 136
45 137
45 138
45 139
45 141
45 143
45 146
45 148
45 149
45 150
45 152
45 155
45 157
45 159
45 160
45 163
45 164
45 165
45 167
45 169
46 47
46 48
46 50
46 51
46 52
46 57
46 58
46 60
46 61
46 62
46 63
46 64
46 67
46 70
46 72
46 75
46 76
46 77
46 80
46 81
46 82
46 86
46 87
46 90
46 91
46 92
46 94
46 95
46 97
46 98
46 99
46 101
46 102
46 103
46 106
46 107
46 108
46 109
46 113
46 114
46 115
46 119
46 120
46 121
46 122
46 125
46 126
46 127
46 128
46 129
46 130
46 132
46 134
46 135
46 136
46 138
46 140
46 141
46 142
46 145
46 148
46 150
46 152
46 153
46 155
46 157
46 158
46 159
46 161
46 162
46 164
46 165
46 166
46 167
46 168
46 169
47 48
47 49
47 52
47 54
47 55
47 58
47 60
47 63
47 64
47 65
47 67
47 68
47 72
47 73
47 74
47 75
47 79
47 80
47 82
47 83
47 88
47 91
47 93
47 94
47 96
47 97
47 99
47 101
47 102
47 104
47 105
47 106
47 108
47 111
47 112
47 113
47 114
47 116
47 117
47 118
47 120
47 121
47 122
47 123
47 124
47 125
47 126
47 127
47 128
47 130
47 133
47 134
47 135
47 137
47 139
47 140
47 142
47 143
47 144
47 145
47 146
47 147
47 148
47 150
47 151
47 152
47 153
47 155
47 156
47 158
47 160
47 161
47 162
47 165
47 166
47 167
47 168
48 49
48 55
48 59
48 62
48 63
48 64
48 65
48 66
48 67
48 68
48 70
48 71
48 73
48 74
48 75
48 78
48 81
48 82
48 83
48 84
48 85
48 86
48 87
48 88
48 91
48 92
48 93
48 94
48 98
48 100
48 105
48 106
48 107
48 108
48 110
48 111
48 113
48 114
48 117
48 119
48 120
48 121
48 122
48 126
48 129
48 131
48 132
48 134
48 135
48 136
48 139
48 140
48 141
48 142
48 145
48 147
48 148
48 149
48 150
48 151
48 153
48 155
48 156
48 159
48 160
48 161
48 162
48 163
48 167
49 52
49 53
49 54
49 58
49 59
49 63
49 64
49 67
49 72
49 73
49 75
49 76
49 78
49 79
49 81
49 82
49 84
49 85
49 87
49 89
49 90
49 91
49 92
49 93
49 95
49 98
49 99
49 104
49 107
49 108
49 109
49 110
49 112
49 113
49 114
49 115
49 116
49 117
49 120
49 121
49 122
49 123
49 125
49 126
49 127
49 128
49 130
49 131
49 132
49 133
49 135
49 136
49 137
49 138
49 139
49 141
49 143
49 144
49 145
49 146
49 148
49 149
49 151
49 154
49 155
49 156
49 157
49 159
49 161
49 165
49 167
49 168
49 169
50 51
50 59
50 62
50 64
50 65
50 67
50 69
50 70
50 71
50 73
50 76
50 80
50 82
50 83
50 84
50 86
50 87
50 88
50 90
50 92
50 94
50 95
50 96
50 97
50 98
50 100
50 102
50 103
50 106
50 107
50 110
50 114
50 115
50 116
50 119
50 120
50 121
50 123
50 125
50 127
50 130
50 131
50 132
50 133
50 135
50 136
50 137
50 138
50 139
50 140
50 141
50 143
50 145
50 146
50 148
50 150
50 151
50 152
50 153
50 154
50 156
50 157
50 159
50 163
50 167
51 54
51 55
51 56
51 57
51 58
51 60
51 61
51 62
51 64
51 65
51 67
51 68
51 70
51 71
51 72
51 73
51 76
51 79
51 80
51 82
51 83
51 86
51 89
51 91
51 92
51 93
51 94
51 95
51 98
51 100
51 101
51 102
51 103
51 104
51 106
51 107
51 108
51 113
51 114
51 115
51 117
51 118
51 119
51 120
51 125
51 126
51 127
51 129
51 130
51 131
51 132
51 133
51 135
51 136
51 138
51 139
51 140
51 144
51 146
51 147
51 153
51 154
51 155
51 156
51 159
51 160
51 163
51 164
51 165
51 166
51 167
51 169
52 61
52 62
52 63
52 64
52 65
52 66
52 67
52 69
52 73
52 74
52 75
52 76
52 77
52 78
52 79
52 80
52 81
52 82
52 86
52 87
52 88
52 89
52 90
52 91
52 92
52 93
52 95
52 99
52 102
52 103
52 105
52 106
52 107
52 108
52 109
52 111
52 112
52 113
52 114
52 115
52 117
52 118
52 119
52 120
52 121
52 122
52 125
52 126
52 127
52 128
52 129
52 131
52 132
52 134
52 136
52 138
52 139
52 142
52 143
52 144
52 146
52 150
52 151
52 152
52 154
52 155
52 156
52 157
52 158
52 159
52 160
52 161
52 162
52 164
52 166
52 167
53 54
53 56
53 58
53 61
53 63
53 66
53 67
53 71
53 73
53 74
53 75
53 76
53 78
53 79
53 80
53 81
53 82
53 83
53 84
53 86
53 87
53 90
53 91
53 92
53 93
53 94
53 96
53 97
53 101
53 102
53 104
53 105
53 106
53 107
53 108
53 109
53 111
53 113
53 117
53 121
53 122
53 123
53 124
53 126
53 127
53 128
53 130
53 131
53 134
53 135
53 138
53 139
53 140
53 141
53 142
53 143
53 144
53 145
53 147
53 149
53 150
53 151
53 152
53 154
53 156
53 158
53 159
53 160
53 163
53 165
53 166
53 167
53 168
53 169
54 58
54 60
54 61
54 62
54 63
54 64
54 66
54 68
54 69
54 70
54 71
54 73
54 74
54 75
54 76
54 77
54 78
54 79
54 81
54 83
54 85
54 86
54 89
54 91
54 93
54 94
54 98
54 99
54 100
54 104
54 107
54 110
54 111
54 112
54 113
54 114
54 115
54 116
54 117
54 123
54 124
54 126
54 127
54 129
54 130
54 133
54 134
54 135
54 136
54 137
54 139
54 141
54 146
54 149
54 150
54 155
54 156
54 157
54 158
54 160
54 162
54 164
54 165
54 167
54 169
55 56
55 58
55 61
55 63
55 64
55 65
55 67
55 68
55 70
55 73
55 74
55 75
55 77
55 78
55 79
55 80
55 82
55 83
55 84
55 85
55 86
55 87
55 88
55 89
55 93
55 97
55 99
55 104
55 105
55 107
55 108
55 111
55 113
55 115
55 116
55 119
55 121
55 122
55 123
55 124
55 127
55 129
55 130
55 131
55 132
55 133
55 135
55 136
55 137
55 139
55 140
55 143
55 144
55 146
55 147
55 151
55 152
55 154
55 157
55 160
55 161
55 162
55 163
55 164
55 165
55 167
55 168
56 58
56 59
56 63
56 65
56 67
56 69
56 71
56 74
56 75
56 76
56 77
56 79
56 81
56 82
56 83
56 85
56 87
56 89
56 91
56 92
56 94
56 96
56 97
56 98
56 99
56 102
56 104
56 106
56 108
56 109
56 110
56 112
56 114
56 115
56 117
56 118
56 120
56 121
56 124
56 127
56 128
56 131
56 132
56 133
56 134
56 136
56 137
56 139
56 141
56 142
56 143
56 145
56 149
56 150
56 153
56 154
56 157
56 158
56 159
56 160
56 161
56 162
56 163
56 164
56 165
56 166
56 167
56 168
56 169
57 58
57 59
57 62
57 64
57 65
57 69
57 70
57 71
57 72
57 73
57 74
57 75
57 76
57 79
57 80
57 81
57 84
57 85
57 86
57 90
57 91
57 92
57 96
57 97
57 99
57 101
57 102
57 104
57 105
57 106
57 107
57 109
57 111
57 113
57 115
57 116
57 119
57 120
57 124
57 125
57 127
57 128
57 130
57 132
57 134
57 135
57 136
57 137
57 138
57 139
57 140
57 141
57 142
57 143
57 144
57 145
57 146
57 147
57 148
57 149
57 150
57 151
57 152
57 153
57 154
57 155
57 156
57 157
57 160
57 162
57 163
57 164
57 166
58 59
58 60
58 61
58 65
58 67
58 68
58 69
58 72
58 75
58 76
58 78
58 79
58 80
58 82
58 83
58 85
58 88
58 94
58 96
58 97
58 98
58 100
58 106
58 108
58 115
58 116
58 117
58 120
58 122
58 124
58 127
58 129
58 131
58 132
58 133
58 134
58 135
58 137
58 138
58 140
58 141
58 143
58 146
58 148
58 149
58 150
58 151
58 152
58 153
58 154
58 155
58 157
58 158
58 160
58 161
58 162
58 163
58 164
58 165
58 166
58 167
58 168
58 169
59 60
59 62
59 64
59 66
59 69
59 72
59 73
59 75
59 77
59 78
59 80
59 81
59 83
59 85
59 86
59 87
59 91
59 92
59 93
59 95
59 97
59 98
59 99
59 102
59 103
59 104
59 105
59 108
59 109
59 110
59 112
59 114
59 115
59 116
59 117
59 119
59 120
59 121
59 122
59 123
59 124
59 125
59 126
59 127
59 129
59 130
59 131
59 133
59 134
59 135
59 136
59 137
59 140
59 141
59 143
59 144
59 145
59 147
59 148
59 152
59 153
59 154
59 155
59 158
59 168
59 169
60 61
60 62
60 63
60 64
60 65
60 66
60 67
60 68
60 69
60 70
60 71
60 73
60 75
60 77
60 81
60 82
60 83
60 85
60 86
60 87
60 89
60 91
60 92
60 94
60 99
60 101
60 105
60 106
60 107
60 112
60 113
60 114
60 116
60 117
60 118
60 120
60 121
60 122
60 123
60 124
60 125
60 127
60 129
60 130
60 132
60 133
60 134
60 136
60 137
60 142
60 143
60 145
60 146
60 149
60 151
60 152
60 153
60 154
60 155
60 156
60 158
60 159
60 160
60 161
60 162
60 165
60 166
60 169
61 62
61 63
61 64
61 66
61 67
61 72
61 74
61 76
61 79
61 81
61 82
61 83
61 85
61 87
61 89
61 90
61 92
61 93
61 95
61 96
61 98
61 99
61 101
61 102
61 103
61 104
61 110
61 111
61 112
61 113
61 117
61 118
61 120
61 121
61 123
61 125
61 127
61 128
61 129
61 130
61 133
61 134
61 135
61 136
61 137
61 139
61 140
61 142
61 145
61 147
61 148
61 151
61 155
61 158
61 159
61 163
61 165
61 166
61 168
62 65
62 66
62 67
62 68
62 69
62 74
62 75
62 76
62 77
62 78
62 81
62 82
62 83
62 84
62 87
62 89
62 90
62 92
62 93
62 94
62 95
62 98
62 99
62 100
62 103
62 104
62 106
62 107
62 111
62 114
62 115
62 116
62 118
62 120
62 121
62 123
62 124
62 125
62 128
62 129
62 131
62 132
62 133
62 137
62 138
62 139
62 140
62 143
62 147
62 148
62 149
62 150
62 151
62 152
62 153
62 155
62 156
62 157
62 158
62 160
62 164
62 165
62 167
62 168
63 64
63 65
63 66
63 67
63 68
63 70
63 71
63 73
63 74
63 79
63 81
63 83
63 84
63 86
63 87
63 88
63 90
63 91
63 93
63 94
63 95
63 96
63 97
63 98
63 99
63 101
63 102
63 105
63 106
63 107
63 109
63 110
63 111
63 112
63 116
63 117
63 118
63 119
63 120
63 121
63 122
63 123
63 124
63 125
63 126
63 127
63 128
63 130
63 131
63 134
63 135
63 136
63 140
63 141
63 142
63 144
63 145
63 146
63 147
63 149
63 152
63 157
63 158
63 159
63 161
63 162
63 164
63 167
63 168
64 66
64 67
64 70
64 71
64 72
64 73
64 77
64 78
64 79
64 81
64 82
64 83
64 84
64 85
64 86
64 88
64 89
64 91
64 92
64 93
64 94
64 95
64 101
64 102
64 105
64 106
64 107
64 109
64 110
64 113
64 116
64 117
64 118
64 120
64 121
64 124
64 125
64 126
64 130
64 131
64 135
64 136
64 137
64 138
64 139
64 140
64 141
64 146
64 149
64 151
64 152
64 153
64 154
64 155
64 156
64 158
64 159
64 161
64 164
64 166
64 169
65 66
65 67
65 68
65 70
65 71
65 72
65 73
65 74
65 75
65 76
65 77
65 80
65 82
65 83
65 84
65 85
65 86
65 87
65 88
65 89
65 92
65 93
65 94
65 96
65 98
65 99
65 100
65 101
65 102
65 105
65 106
65 109
65 111
65 113
65 115
65 117
65 118
65 121
65 123
65 124
65 125
65 127
65 128
65 131
65 132
65 133
65 141
65 143
65 145
65 146
65 147
65 148
65 149
65 151
65 153
65 154
65 155
65 157
65 158
65 159
65 161
65 162
65 163
65 166
65 167
65 168
65 169
66 71
66 72
66 74
66 75
66 76
66 77
66 78
66 79
66 81
66 82
66 83
66 85
66 86
66 87
66 89
66 90
66 91
66 92
66 93
66 94
66 96
66 97
66 98
66 100
66 101
66 102
66 104
66 105
66 106
66 108
66 110
66 111
66 112
66 118
66 120
66 121
66 123
66 125
66 126
66 127
66 128
66 129
66 130
66 131
66 133
66 134
66 138
66 139
66 140
66 143
66 145
66 147
66 148
66 150
66 151
66 152
66 154
66 157
66 159
66 160
66 162
66 164
66 165
66 168
67 68
67 69
67 71
67 72
67 73
67 74
67 75
67 76
67 78
67 79
67 81
67 84
67 85
67 86
67 88
67 90
67 93
67 94
67 95
67 96
67 99
67 101
67 102
67 103
67 106
67 107
67 108
67 109
67 110
67 112
67 113
67 115
67 116
67 117
67 118
67 120
67 122
67 123
67 125
67 126
67 132
67 133
67 134
67 135
67 136
67 137
67 141
67 142
67 143
67 144
67 147
67 148
67 151
67 153
67 154
67 157
67 158
67 159
67 160
67 161
67 165
67 166
68 69
68 71
68 72
68 73
68 74
68 75
68 76
68 77
68 79
68 81
68 83
68 84
68 86
68 87
68 90
68 94
68 95
68 97
68 98
68 99
68 100
68 101
68 102
68 104
68 108
68 110
68 111
68 114
68 115
68 116
68 117
68 122
68 125
68 126
68 127
68 129
68 130
68 131
68 132
68 133
68 134
68 136
68 138
68 139
68 145
68 146
68 147
68 150
68 151
68 152
68 153
68 154
68 155
68 156
68 160
68 161
68 162
68 165
68 168
68 169
69 70
69 71
69 72
69 73
69 74
69 75
69 76
69 77
69 78
69 79
69 82
69 83
69 85
69 86
69 88
69 89
69 92
69 93
69 94
69 95
69 97
69 98
69 99
69 100
69 101
69 103
69 106
69 107
69 108
69 109
69 111
69 112
69 114
69 115
69 116
69 118
69 119
69 120
69 121
69 126
69 127
69 130
69 132
69 134
69 135
69 141
69 142
69 143
69 145
69 146
69 147
69 148
69 149
69 150
69 153
69 154
69 155
69 156
69 157
69 159
69 160
69 161
69 163
69 164
69 165
69 166
69 167
69 168
70 72
70 73
70 76
70 79
70 82
70 84
70 85
70 86
70 89
70 90
70 91
70 92
70 93
70 95
70 97
70 98
70 100
70 101
70 104
70 105
70 106
70 109
70 110
70 113
70 114
70 116
70 117
70 119
70 121
70 122
70 124
70 125
70 126
70 128
70 129
70 130
70 131
70 132
70 133
70 134
70 135
70 136
70 142
70 143
70 145
70 146
70 149
70 150
70 153
70 154
70 155
70 157
70 158
70 159
70 164
70 167
70 168
70 169
71 72
71 73
71 74
71 76
71 77
71 78
71 79
71 82
71 83
71 84
71 85
71 86
71 87
71 88
71 91
71 92
71 95
71 96
71 100
71 102
71 103
71 104
71 107
71 108
71 109
71 110
71 111
71 112
71 113
71 114
71 115
71 117
71 118
71 120
71 121
71 122
71 124
71 125
71 126
71 131
71 133
71 134
71 136
71 139
71 142
71 143
71 145
71 146
71 147
71 150
71 151
71 153
71 154
71 155
71 156
71 157
71 158
71 159
71 161
71 162
71 163
71 165
71 167
71 168
71 169
72 74
72 75
72 76
72 77
72 78
72 79
72 80
72 81
72 85
72 88
72 90
72 92
72 93
72 94
72 95
72 97
72 100
72 107
72 108
72 109
72 111
72 112
72 113
72 114
72 116
72 117
72 118
72 119
72 121
72 122
72 124
72 125
72 126
72 127
72 128
72 129
72 130
72 131
72 134
72 135
72 136
72 137
72 139
72 141
72 142
72 144
72 145
72 146
72 147
72 148
72 150
72 152
72 153
72 154
72 155
72 157
72 158
72 160
72 161
72 162
72 164
72 166
72 167
72 168
72 169
73 74
73 76
73 77
73 78
73 79
73 80
73 82
73 83
73 85
73 88
73 89
73 90
73 91
73 94
73 97
73 98
73 99
73 101
73 106
73 107
73 109
73 110
73 112
73 113
73 114
73 119
73 121
73 122
73 123
73 125
73 126
73 127
73 129
73 130
73 131
73 132
73 134
73 138
73 139
73 141
73 143
73 144
73 145
73 146
73 147
73 149
73 152
73 153
73 156
73 157
73 160
73 163
73 165
73 167
73 168
73 169
74 75
74 76
74 77
74 79
74 80
74 81
74 83
74 84
74 86
74 87
74 88
74 91
74 93
74 94
74 95
74 97
74 98
74 100
74 102
74 103
74 104
74 106
74 107
74 108
74 109
74 110
74 113
74 114
74 117
74 119
74 120
74 123
74 124
74 126
74 127
74 128
74 129
74 130
74 132
74 134
74 135
74 136
74 138
74 139
74 140
74 141
74 143
74 148
74 149
74 152
74 154
74 156
74 157
74 159
74 161
74 166
74 169
75 76
75 77
75 78
75 83
75 85
75 86
75 87
75 88
75 89
75 92
75 93
75 94
75 96
75 98
75 99
75 100
75 102
75 103
75 104
75 105
75 106
75 108
75 110
75 112
75 113
75 114
75 115
75 117
75 118
75 120
75 121
75 125
75 126
75 127
75 129
75 132
75 134
75 136
75 137
75 139
75 140
75 142
75 143
75 144
75 146
75 148
75 149
75 150
75 152
75 153
75 154
75 155
75 156
75 158
75 161
75 163
75 164
75 165
75 166
75 168
75 169
76 78
76 79
76 80
76 81
76 83
76 86
76 87
76 90
76 93
76 96
76 97
76 98
76 103
76 104
76 106
76 107
76 108
76 109
76 110
76 111
76 113
76 116
76 117
76 120
76 121
76 122
76 125
76 126
76 127
76 128
76 130
76 131
76 132
76 134
76 135
76 139
76 140
76 143
76 146
76 148
76 149
76 150
76 151
76 152
76 154
76 158
76 160
76 161
76 162
76 163
76 164
76 167
76 168
77 81
77 82
77 83
77 84
77 85
77 88
77 89
77 90
77 91
77 93
77 94
77 95
77 96
77 100
77 102
77 103
77 105
77 108
77 109
77 111
77 113
77 114
77 116
77 120
77 121
77 122
77 124
77 128
77 129
77 130
77 131
77 132
77 133
77 135
77 136
77 138
77 140
77 141
77 143
77 146
77 147
77 149
77 150
77 151
77 152
77 156
77 157
77 160
77 161
77 163
77 164
77 166
78 79
78 80
78 84
78 85
78 86
78 87
78 91
78 92
78 93
78 94
78 96
78 98
78 99
78 100
78 103
78 105
78 108
78 111
78 112
78 113
78 114
78 115
78 117
78 118
78 119
78 121
78 122
78 123
78 124
78 125
78 128
78 129
78 130
78 131
78 132
78 133
78 134
78 135
78 137
78 142
78 143
78 144
78 145
78 146
78 147
78 148
78 150
78 152
78 155
78 156
78 157
78 159
78 160
78 161
78 162
78 165
78 167
78 168
78 169
79 81
79 82
79 83
79 86
79 87
79 88
79 89
79 90
79 92
79 93
79 94
79 96
79 98
79 100
79 101
79 102
79 103
79 106
79 107
79 109
79 112
79 115
79 116
79 118
79 123
79 129
79 130
79 131
79 132
79 133
79 135
79 137
79 138
79 139
79 140
79 141
79 142
79 143
79 144
79 145
79 146
79 150
79 152
79 155
79 157
79 158
79 160
79 161
79 162
79 163
79 165
80 81
80 83
80 84
80 85
80 86
80 87
80 88
80 89
80 90
80 91
80 92
80 94
80 95
80 96
80 97
80 98
80 100
80 101
80 103
80 105
80 108
80 109
80 114
80 115
80 117
80 118
80 119
80 120
80 122
80 123
80 125
80 127
80 128
80 131
80 133
80 134
80 136
80 138
80 139
80 141
80 143
80 145
80 146
80 147
80 148
80 149
80 150
80 154
80 157
80 160
80 161
80 162
80 163
80 164
80 166
80 167
80 168
80 169
81 90
81 91
81 92
81 93
81 97
81 98
81 100
81 102
81 104
81 105
81 107
81 108
81 110
81 112
81 114
81 115
81 116
81 123
81 124
81 125
81 126
81 128
81 129
81 131
81 132
81 135
81 136
81 137
81 138
81 139
81 140
81 141
81 142
81 145
81 146
81 149
81 153
81 155
81 157
81 158
81 160
81 161
81 162
81 164
81 165
81 166
81 168
81 169
82 83
82 85
82 87
82 90
82 91
82 92
82 94
82 96
82 97
82 98
82 99
82 101
82 102
82 107
82 108
82 109
82 110
82 111
82 113
82 114
82 115
82 116
82 117
82 118
82 121
82 123
82 127
82 130
82 131
82 132
82 133
82 135
82 136
82 137
82 139
82 147
82 148
82 149
82 152
82 154
82 155
82 159
82 160
82 164
82 168
83 84
83 86
83 87
83 88
83 89
83 91
83 93
83 94
83 97
83 98
83 103
83 104
83 105
83 106
83 107
83 108
83 109
83 113
83 114
83 115
83 116
83 117
83 120
83 121
83 122
83 123
83 126
83 127
83 128
83 129
83 132
83 133
83 135
83 137
83 138
83 139
83 141
83 142
83 150
83 153
83 154
83 155
83 159
83 160
83 161
83 163
83 166
83 167
83 169
84 85
84 89
84 90
84 92
84 93
84 94
84 96
84 97
84 101
84 102
84 105
84 106
84 107
84 113
84 115
84 116
84 117
84 118
84 121
84 126
84 127
84 130
84 131
84 133
84 134
84 135
84 136
84 137
84 139
84 141
84 142
84 143
84 144
84 145
84 146
84 150
84 151
84 152
84 155
84 157
84 159
84 160
84 161
84 163
84 164
84 165
84 166
84 167
84 169
85 88
85 90
85 91
85 92
85 93
85 94
85 96
85 98
85 99
85 100
85 101
85 102
85 103
85 105
85 106
85 107
85 108
85 109
85 110
85 111
85 112
85 114
85 115
85 116
85 117
85 119
85 121
85 123
85 124
85 127
85 130
85 131
85 132
85 134
85 135
85 136
85 138
85 141
85 142
85 144
85 146
85 148
85 150
85 151
85 153
85 154
85 155
85 156
85 157
85 158
85 159
85 160
85 161
85 163
85 164
85 165
85 166
85 167
85 169
86 88
86 91
86 92
86 94
86 95
86 96
86 101
86 102
86 103
86 105
86 107
86 108
86 111
86 113
86 114
86 116
86 117
86 121
86 122
86 126
86 127
86 128
86 129
86 131
86 132
86 134
86 135
86 137
86 139
86 140
86 141
86 143
86 144
86 147
86 148
86 149
86 150
86 155
86 157
86 158
86 159
86 161
86 162
86 164
86 165
86 168
86 169
87 88
87 89
87 90
87 93
87 94
87 95
87 98
87 99
87 100
87 101
87 102
87 103
87 104
87 105
87 106
87 107
87 108
87 109
87 110
87 112
87 113
87 114
87 117
87 118
87 121
87 126
87 127
87 128
87 131
87 132
87 134
87 138
87 140
87 141
87 142
87 143
87 144
87 145
87 147
87 151
87 153
87 156
87 157
87 158
87 159
87 160
87 166
87 167
87 169
88 89
88 90
88 91
88 92
88 94
88 96
88 101
88 104
88 106
88 107
88 108
88 110
88 113
88 116
88 120
88 121
88 122
88 124
88 126
88 133
88 134
88 135
88 137
88 139
88 140
88 141
88 142
88 145
88 146
88 147
88 148
88 149
88 151
88 152
88 154
88 156
88 158
88 159
88 161
88 162
88 164
88 165
88 166
88 168
89 90
89 91
89 92
89 93
89 96
89 97
89 99
89 101
89 103
89 104
89 106
89 107
89 108
89 109
89 110
89 114
89 118
89 119
89 121
89 122
89 123
89 124
89 125
89 126
89 127
89 129
89 130
89 131
89 132
89 133
89 134
89 139
89 140
89 141
89 142
89 143
89 144
89 145
89 147
89 149
89 151
89 152
89 153
89 154
89 155
89 156
89 158
89 161
89 162
89 163
89 164
89 165
89 166
89 168
89 169
90 91
90 92
90 95
90 96
90 98
90 99
90 100
90 105
90 106
90 107
90 108
90 111
90 112
90 114
90 115
90 116
90 117
90 118
90 120
90 123
90 127
90 129
90 131
90 132
90 133
90 134
90 135
90 136
90 138
90 139
90 140
90 142
90 143
90 144
90 146
90 149
90 151
90 153
90 154
90 155
90 156
90 158
90 159
90 163
90 164
91 94
91 95
91 96
91 97
91 98
91 101
91 102
91 105
91 108
91 112
91 113
91 114
91 116
91 118
91 120
91 121
91 122
91 126
91 130
91 131
91 132
91 133
91 134
91 135
91 137
91 138
91 139
91 142
91 145
91 146
91 147
91 148
91 149
91 151
91 152
91 155
91 158
91 160
91 161
91 164
91 165
91 166
91 167
91 168
91 169
92 96
92 98
92 99
92 100
92 102
92 103
92 104
92 105
92 106
92 109
92 110
92 113
92 118
92 119
92 120
92 121
92 122
92 124
92 127
92 128
92 130
92 131
92 132
92 133
92 134
92 135
92 141
92 145
92 147
92 151
92 152
92 153
92 156
92 157
92 158
92 160
92 163
92 165
92 167
92 168
92 169
93 96
93 97
93 99
93 100
93 102
93 104
93 105
93 106
93 107
93 109
93 110
93 112
93 113
93 114
93 115
93 116
93 117
93 118
93 119
93 120
93 121
93 123
93 124
93 125
93 126
93 127
93 128
93 129
93 130
93 131
93 132
93 135
93 142
93 145
93 147
93 149
93 155
93 156
93 157
93 158
93 160
93 163
93 164
93 165
93 166
93 167
93 168
93 169
94 96
94 98
94 99
94 100
94 101
94 102
94 103
94 105
94 107
94 109
94 111
94 113
94 118
94 119
94 120
94 121
94 122
94 123
94 125
94 127
94 128
94 129
94 130
94 132
94 133
94 135
94 138
94 139
94 140
94 141
94 145
94 146
94 148
94 149
94 153
94 155
94 157
94 158
94 160
94 162
94 163
94 165
94 166
94 167
94 168
94 169
95 96
95 97
95 98
95 99
95 100
95 102
95 103
95 106
95 107
95 108
95 109
95 110
95 112
95 115
95 116
95 117
95 118
95 119
95 120
95 124
95 125
95 127
95 129
95 130
95 132
95 133
95 134
95 135
95 137
95 139
95 140
95 141
95 142
95 143
95 145
95 147
95 149
95 150
95 151
95 152
95 153
95 154
95 155
95 156
95 158
95 159
95 161
95 162
95 164
95 165
95 167
95 168
95 169
96 99
96 100
96 102
96 104
96 105
96 106
96 107
96 109
96 110
96 112
96 114
96 117
96 121
96 124
96 126
96 127
96 128
96 129
96 131
96 132
96 133
96 134
96 136
96 139
96 142
96 143
96 145
96 146
96 147
96 148
96 149
96 150
96 152
96 154
96 160
96 162
96 165
96 169
97 98
97 99
97 101
97 105
97 106
97 107
97 108
97 109
97 112
97 113
97 115
97 117
97 118
97 122
97 123
97 126
97 127
97 128
97 129
97 130
97 131
97 132
97 134
97 136
97 137
97 138
97 140
97 142
97 144
97 145
97 146
97 147
97 148
97 149
97 152
97 153
97 154
97 155
97 156
97 158
97 160
97 161
97 162
97 165
97 166
97 167
97 168
97 169
98 102
98 103
98 106
98 109
98 110
98 112
98 113
98 115
98 116
98 117
98 119
98 120
98 122
98 123
98 124
98 125
98 126
98 127
98 128
98 129
98 131
98 133
98 134
98 135
98 136
98 137
98 138
98 140
98 142
98 143
98 144
98 145
98 146
98 150
98 151
98 152
98 153
98 155
98 156
98 157
98 158
98 159
98 160
98 164
98 165
98 167
98 168
99 101
99 102
99 103
99 104
99 106
99 107
99 108
99 109
99 110
99 111
99 112
99 113
99 114
99 115
99 120
99 121
99 124
99 125
99 126
99 127
99 128
99 129
99 130
99 132
99 133
99 135
99 136
99 137
99 138
99 141
99 142
99 143
99 145
99 147
99 149
99 150
99 151
99 157
99 160
99 162
99 164
99 166
99 167
99 168
99 169
100 103
100 104
100 107
100 108
100 110
100 111
100 114
100 115
100 116
100 117
100 118
100 121
100 122
100 124
100 125
100 126
100 127
100 128
100 129
100 130
100 132
100 133
100 135
100 137
100 138
100 140
100 141
100 142
100 143
100 144
100 146
100 147
100 148
100 149
100 152
100 153
100 155
100 156
100 157
100 159
100 160
100 161
100 162
100 163
100 165
100 166
100 167
100 168
101 103
101 105
101 107
101 109
101 112
101 113
101 114
101 116
101 117
101 119
101 121
101 122
101 124
101 125
101 132
101 136
101 137
101 139
101 140
101 142
101 145
101 149
101 150
101 151
101 152
101 153
101 154
101 155
101 156
101 158
101 161
101 163
102 103
102 104
102 105
102 106
102 107
102 108
102 109
102 112
102 114
102 115
102 117
102 118
102 120
102 121
102 122
102 124
102 130
102 133
102 134
102 138
102 139
102 140
102 143
102 145
102 146
102 147
102 148
102 150
102 152
102 154
102 157
102 160
102 161
102 162
102 164
102 165
102 166
102 167
102 168
103 105
103 106
103 108
103 111
103 114
103 115
103 116
103 117
103 118
103 119
103 120
103 121
103 122
103 123
103 125
103 128
103 129
103 130
103 137
103 140
103 141
103 144
103 147
103 148
103 149
103 150
103 151
103 152
103 154
103 165
103 166
103 169
104 105
104 108
104 109
104 110
104 111
104 112
104 113
104 114
104 117
104 118
104 119
104 120
104 121
104 123
104 124
104 125
104 126
104 127
104 128
104 129
104 130
104 131
104 133
104 135
104 137
104 138
104 139
104 140
104 141
104 142
104 144
104 145
104 149
104 151
104 152
104 155
104 157
104 158
104 159
104 160
104 161
104 162
104 163
104 164
104 166
104 168
104 169
105 106
105 108
105 111
105 113
105 114
105 116
105 118
105 120
105 121
105 123
105 124
105 125
105 129
105 133
105 136
105 138
105 139
105 141
105 142
105 147
105 148
105 149
105 153
105 154
105 156
105 157
105 161
105 162
105 163
105 167
106 108
106 110
106 111
106 112
106 113
106 117
106 121
106 123
106 124
106 127
106 128
106 130
106 131
106 136
106 137
106 138
106 141
106 143
106 147
106 150
106 151
106 152
106 155
106 157
106 158
106 159
106 160
106 161
106 162
106 163
106 168
106 169
107 108
107 113
107 115
107 116
107 120
107 121
107 122
107 123
107 125
107 126
107 127
107 130
107 131
107 132
107 135
107 136
107 137
107 139
107 140
107 141
107 142
107 143
107 145
107 146
107 147
107 150
107 152
107 153
107 154
107 155
107 162
107 166
107 167
107 169
108 109
108 110
108 111
108 112
108 115
108 117
108 118
108 121
108 123
108 126
108 127
108 128
108 131
108 133
108 134
108 136
108 137
108 139
108 141
108 142
108 143
108 144
108 145
108 147
108 149
108 151
108 153
108 154
108 155
108 156
108 157
108 160
108 162
108 163
108 168
108 169
109 110
109 112
109 114
109 115
109 116
109 118
109 119
109 120
109 121
109 123
109 124
109 125
109 126
109 128
109 129
109 130
109 132
109 135
109 136
109 137
109 138
109 139
109 141
109 142
109 143
109 145
109 146
109 150
109 151
109 152
109 154
109 156
109 160
109 166
109 169
110 111
110 112
110 113
110 114
110 117
110 118
110 119
110 122
110 123
110 126
110 127
110 133
110 134
110 135
110 137
110 138
110 140
110 142
110 143
110 144
110 146
110 147
110 149
110 150
110 152
110 153
110 154
110 155
110 156
110 158
110 159
110 161
110 162
110 163
110 164
110 165
110 167
110 169
111 112
111 115
111 116
111 117
111 118
111 119
111 121
111 122
111 124
111 129
111 130
111 131
111 133
111 135
111 137
111 138
111 141
111 145
111 146
111 147
111 148
111 150
111 151
111 152
111 153
111 154
111 157
111 158
111 159
111 160
111 161
111 162
111 163
111 164
111 165
111 169
112 114
112 115
112 117
112 120
112 121
112 124
112 125
112 126
112 130
112 133
112 134
112 137
112 139
112 141
112 143
112 145
112 146
112 147
112 148
112 149
112 150
112 151
112 152
112 153
112 154
112 159
112 160
112 162
112 163
112 164
112 165
112 166
112 168
113 115
113 117
113 120
113 121
113 122
113 123
113 124
113 125
113 126
113 127
113 129
113 131
113 132
113 135
113 136
113 138
113 139
113 140
113 143
113 144
113 147
113 149
113 150
113 151
113 154
113 156
113 157
113 159
113 162
113 163
113 165
113 166
113 167
113 168
114 115
114 116
114 120
114 122
114 123
114 125
114 126
114 127
114 130
114 131
114 132
114 133
114 134
114 135
114 136
114 139
114 140
114 142
114 144
114 145
114 150
114 151
114 152
114 154
114 155
114 156
114 158
114 161
114 162
114 165
114 167
114 168
114 169
115 116
115 117
115 119
115 120
115 122
115 124
115 125
115 127
115 128
115 129
115 130
115 131
115 132
115 133
115 134
115 135
115 136
115 139
115 141
115 142
115 144
115 145
115 150
115 152
115 154
115 155
115 156
115 158
115 159
115 162
115 163
115 164
115 166
115 167
115 168
115 169
116 117
116 122
116 123
116 124
116 125
116 128
116 130
116 131
116 133
116 134
116 135
116 136
116 137
116 139
116 141
116 142
116 143
116 146
116 147
116 148
116 149
116 150
116 151
116 152
116 153
116 157
116 158
116 159
116 160
116 161
116 163
116 164
116 165
116 167
116 169
117 118
117 119
117 120
117 121
117 123
117 126
117 127
117 129
117 130
117 131
117 132
117 134
117 136
117 137
117 139
117 140
117 141
117 142
117 144
117 145
117 146
117 147
117 149
117 150
117 151
117 152
117 153
117 154
117 155
117 158
117 160
117 161
117 164
117 165
117 166
117 167
117 168
117 169
118 119
118 123
118 125
118 127
118 130
118 131
118 132
118 133
118 135
118 136
118 139
118 140
118 142
118 145
118 148
118 149
118 150
118 154
118 155
118 156
118 157
118 158
118 161
118 163
118 164
118 167
118 169
119 121
119 122
119 124
119 125
119 127
119 129
119 131
119 132
119 134
119 135
119 136
119 137
119 138
119 139
119 140
119 141
119 143
119 144
119 145
119 146
119 147
119 149
119 150
119 151
119 154
119 155
119 158
119 159
119 160
119 163
119 164
119 166
120 122
120 123
120 126
120 127
120 128
120 129
120 130
120 131
120 132
120 133
120 135
120 136
120 137
120 138
120 140
120 141
120 142
120 144
120 145
120 146
120 147
120 149
120 150
120 152
120 153
120 154
120 160
120 161
120 162
120 165
120 166
120 167
121 122
121 123
121 126
121 127
121 128
121 130
121 131
121 134
121 135
121 137
121 138
121 139
121 140
121 141
121 142
121 143
121 144
121 145
121 146
121 148
121 149
121 150
121 151
121 152
121 154
121 155
121 156
121 157
121 158
121 159
121 160
121 162
121 165
121 168
122 123
122 124
122 126
122 127
122 128
122 129
122 131
122 132
122 139
122 142
122 144
122 146
122 147
122 148
122 149
122 150
122 151
122 152
122 153
122 154
122 155
122 156
122 158
122 159
122 160
122 164
122 165
122 166
122 168
123 124
123 125
123 128
123 130
123 131
123 132
123 133
123 134
123 137
123 138
123 139
123 145
123 147
123 149
123 150
123 152
123 156
123 157
123 158
123 160
123 161
123 163
123 165
123 166
123 167
123 168
123 169
124 126
124 128
124 131
124 132
124 133
124 135
124 138
124 139
124 142
124 143
124 144
124 147
124 149
124 152
124 154
124 157
124 158
124 160
124 161
124 162
124 164
124 165
124 166
124 167
124 169
125 126
125 127
125 128
125 129
125 130
125 131
125 133
125 134
125 135
125 136
125 137
125 138
125 139
125 140
125 142
125 143
125 145
125 148
125 150
125 151
125 154
125 157
125 158
125 159
125 160
125 163
125 164
125 166
125 167
125 168
125 169
126 127
126 129
126 132
126 133
126 135
126 136
126 138
126 140
126 141
126 142
126 143
126 145
126 148
126 149
126 152
126 153
126 155
126 156
126 157
126 158
126 160
126 161
126 164
126 165
126 166
126 168
126 169
127 129
127 130
127 133
127 134
127 135
127 136
127 137
127 138
127 141
127 146
127 147
127 149
127 150
127 152
127 154
127 155
127 156
127 157
127 158
127 159
127 160
127 165
127 166
127 167
127 169
128 129
128 131
128 133
128 134
128 135
128 139
128 140
128 141
128 143
128 144
128 146
128 147
128 149
128 151
128 153
128 154
128 155
128 156
128 157
128 158
128 162
128 164
128 165
128 166
128 168
128 169
129 130
129 134
129 136
129 139
129 141
129 142
129 143
129 144
129 146
129 147
129 151
129 153
129 155
129 156
129 159
129 160
129 161
129 162
129 164
129 166
129 168
129 169
130 135
130 136
130 137
130 139
130 141
130 146
130 147
130 148
130 149
130 150
130 151
130 152
130 154
130 158
130 161
130 162
130 167
130 168
131 134
131 136
131 141
131 143
131 144
131 145
131 146
131 147
131 148
131 150
131 151
131 154
131 155
131 156
131 158
131 159
131 160
131 162
131 163
131 165
131 166
131 167
131 168
131 169
132 133
132 134
132 138
132 139
132 140
132 141
132 142
132 144
132 145
132 147
132 148
132 151
132 152
132 154
132 156
132 158
132 159
132 160
132 162
132 163
132 164
132 165
132 166
132 169
133 134
133 135
133 137
133 139
133 140
133 141
133 142
133 144
133 145
133 148
133 151
133 152
133 153
133 154
133 155
133 157
133 158
133 159
133 162
133 163
133 165
133 166
133 167
133 169
134 135
134 137
134 140
134 143
134 145
134 146
134 148
134 149
134 150
134 151
134 152
134 153
134 155
134 156
134 159
134 160
134 161
134 163
134 164
134 165
134 167
134 168
134 169
135 138
135 139
135 140
135 143
135 144
135 146
135 148
135 152
135 154
135 156
135 157
135 158
135 159
135 161
135 162
135 163
135 165
135 166
135 167
135 169
136 139
136 140
136 141
136 143
136 144
136 145
136 146
136 147
136 149
136 150
136 153
136 154
136 156
136 158
136 159
136 160
136 162
136 163
136 164
136 166
136 167
136 168
136 169
137 139
137 141
137 145
137 146
137 147
137 150
137 154
137 156
137 157
137 162
137 163
137 164
137 165
137 166
137 167
137 168
138 139
138 140
138 145
138 146
138 147
138 149
138 150
138 153
138 155
138 157
138 158
138 160
138 161
138 163
138 165
138 166
138 167
138 168
138 169
139 142
139 143
139 145
139 146
139 149
139 150
139 151
139 153
139 157
139 158
139 162
139 163
139 165
139 166
139 167
139 168
140 141
140 142
140 143
140 147
140 148
140 149
140 154
140 157
140 158
140 159
140 160
140 165
140 167
140 168
140 169
141 146
141 147
141 149
141 151
141 152
141 153
141 154
141 157
141 158
141 161
141 165
141 166
141 168
142 144
142 145
142 146
142 150
142 152
142 153
142 155
142 156
142 157
142 158
142 160
142 161
142 162
142 163
142 166
142 168
143 144
143 147
143 149
143 151
143 152
143 153
143 154
143 157
143 158
143 160
143 161
143 162
143 164
143 165
143 167
144 145
144 146
144 148
144 149
144 151
144 153
144 155
144 159
144 161
144 167
144 168
144 169
145 146
145 147
145 150
145 152
145 153
145 155
145 156
145 157
145 158
145 159
145 161
145 162
145 163
145 164
145 165
145 166
145 167
145 168
146 148
146 150
146 151
146 152
146 153
146 154
146 157
146 158
146 159
146 160
146 161
146 162
146 164
146 165
146 166
146 167
146 169
147 149
147 151
147 152
147 157
147 159
147 161
147 163
147 165
147 166
147 167
147 168
147 169
148 149
148 150
148 151
148 154
148 155
148 157
148 159
148 161
148 163
148 166
148 167
148 168
148 169
149 151
149 152
149 153
149 154
149 155
149 159
149 160
149 161
149 163
149 166
149 168
149 169
150 152
150 153
150 154
150 157
150 159
150 160
150 163
150 166
150 167
151 152
151 153
151 155
151 156
151 157
151 160
151 164
151 166
151 167
151 168
152 158
152 159
152 160
152 161
152 162
152 164
152 165
152 166
152 167
152 168
152 169
153 154
153 155
153 156
153 157
153 158
153 159
153 160
153 161
153 162
153 164
153 165
153 166
153 167
153 169
154 155
154 156
154 165
154 166
154 167
154 168
155 158
155 161
155 162
155 164
155 165
155 166
155 169
156 157
156 158
156 159
156 160
156 161
156 163
156 164
156 165
156 166
156 168
157 158
157 159
157 160
157 161
157 162
157 163
157 164
157 168
157 169
158 159
158 163
158 164
158 165
158 166
158 168
158 169
159 160
159 161
159 162
159 163
159 164
159 166
159 167
159 168
159 169
160 162
160 163
160 164
160 165
160 166
160 167
160 168
160 169
161 163
161 166
161 167
161 168
161 169
162 166
163 166
163 167
163 168
163 169
164 166
164 167
165 166
165 168
165 169
166 167
167 168
167 169
168 169
95 4 67 26 140 24 116 125 145 28 36 25 51 139 129 69 149
49 107 122 76 155 153 12 105 102 1 7 169 136 2 148 55 168
81 84 57 144 43 33 54 45 83 3 77 15 72 38 90 47 18
48 20 96 31 70 103 68 60 71 21 134 98 97 100 41 63 14
27 162 93 164 78 92 113 111 66 161 150 165 80 159 88 37 124
9 32 50 121 108 73 137 44 29 154 52 127 152 120 62 117 19
128 34 75 65 99 40 89 42 151 87 160 143 35 85 74 79 59
5 82 126 167 112 114 109 142 163 157 10 135 123 132 6 133 39
104 30 53 106 22 64 147 58 23 17 0 16 158 138 94 119 141
110 146 13 61 91 8 11 166 130 86 56 46 101 115 156 131 118
