180
9691
7
20.12
0.21
31.94
88.21
20.74
99.37
20.87
0 1
0 2
0 3
0 5
0 8
0 9
0 10
0 12
0 13
0 15
0 16
0 17
0 18
0 19
0 25
0 29
0 33
0 36
0 38
0 40
0 41
0 42
0 43
0 46
0 48
0 51
0 53
0 54
0 55
0 56
0 57
0 60
0 62
0 64
0 65
0 67
0 69
0 72
0 73
0 74
0 75
0 76
0 77
0 78
0 80
0 81
0 82
0 85
0 87
0 89
0 92
0 95
0 97
0 100
0 101
0 102
0 106
0 107
0 108
0 110
0 111
0 112
0 115
0 116
0 117
0 118
0 119
0 121
0 122
0 123
0 130
0 132
0 133
0 134
0 135
0 136
0 137
0 138
0 140
0 143
0 144
0 145
0 147
0 148
0 150
0 151
0 152
0 153
0 154
0 155
0 157
0 159
0 160
0 162
0 164
0 165
0 166
0 167
0 168
0 170
0 171
0 172
0 173
0 175
0 176
1 2
1 3
1 4
1 5
1 6
1 8
1 9
1 10
1 11
1 12
1 14
1 15
1 16
1 17
1 19
1 21
1 23
1 24
1 25
1 26
1 27
1 33
1 34
1 35
1 37
1 39
1 43
1 46
1 47
1 48
1 54
1 56
1 57
1 60
1 61
1 62
1 64
1 66
1 67
1 68
1 71
1 76
1 78
1 79
1 83
1 86
1 88
1 89
1 93
1 96
1 97
1 98
1 100
1 101
1 102
1 103
1 104
1 106
1 109
1 111
1 113
1 114
1 118
1 119
1 121
1 122
1 124
1 125
1 126
1 127
1 133
1 134
1 135
1 139
1 142
1 143
1 144
1 146
1 147
1 148
1 149
1 150
1 152
1 153
1 154
1 155
1 157
1 159
1 160
1 161
1 163
1 165
1 166
1 167
1 168
1 169
1 170
1 173
1 174
1 175
1 176
1 177
1 178
2 4
2 5
2 6
2 7
2 11
2 13
2 14
2 15
2 16
2 17
2 18
2 19
2 20
2 21
2 22
2 23
2 25
2 26
2 28
2 29
2 31
2 32
2 33
2 34
2 36
2 39
2 41
2 42
2 44
2 45
2 46
2 47
2 48
2 49
2 50
2 53
2 54
2 55
2 58
2 61
2 62
2 63
2 67
2 68
2 70
2 72
2 74
2 75
2 76
2 77
2 78
2 81
2 83
2 86
2 89
2 91
2 94
2 95
2 96
2 97
2 99
2 100
2 104
2 105
2 107
2 110
2 113
2 114
2 115
2 117
2 119
2 120
2 121
2 123
2 130
2 131
2 135
2 136
2 138
2 139
2 140
2 141
2 144
2 145
2 148
2 151
2 152
2 153
2 154
2 157
2 158
2 159
2 161
2 162
2 166
2 167
2 168
2 169
2 171
2 172
2 173
2 176
2 177
2 178
2 179
3 6
3 8
3 9
3 10
3 11
3 15
3 17
3 22
3 23
3 25
3 26
3 27
3 30
3 31
3 38
3 39
3 42
3 44
3 46
3 47
3 50
3 51
3 52
3 54
3 56
3 57
3 58
3 63
3 64
3 66
3 68
3 70
3 71
3 74
3 75
3 76
3 77
3 81
3 82
3 83
3 84
3 85
3 86
3 89
3 90
3 91
3 92
3 94
3 95
3 97
3 98
3 99
3 102
3 103
3 104
3 105
3 108
3 109
3 110
3 111
3 112
3 113
3 114
3 115
3 117
3 118
3 119
3 122
3 123
3 124
3 125
3 126
3 127
3 128
3 129
3 130
3 131
3 132
3 133
3 134
3 135
3 137
3 139
3 140
3 141
3 143
3 144
3 145
3 146
3 147
3 148
3 150
3 152
3 153
3 154
3 156
3 158
3 159
3 162
3 165
3 166
3 167
3 168
3 169
3 170
3 171
3 172
3 173
3 174
3 176
3 177
3 178
4 6
4 7
4 10
4 17
4 18
4 20
4 25
4 30
4 34
4 39
4 40
4 41
4 44
4 45
4 46
4 47
4 51
4 52
4 53
4 54
4 55
4 56
4 57
4 59
4 60
4 63
4 64
4 67
4 70
4 71
4 73
4 75
4 76
4 77
4 80
4 81
4 82
4 83
4 84
4 85
4 86
4 88
4 90
4 92
4 93
4 94
4 97
4 98
4 99
4 102
4 103
4 104
4 106
4 107
4 110
4 112
4 113
4 114
4 115
4 117
4 118
4 119
4 121
4 122
4 123
4 125
4 127
4 129
4 130
4 132
4 133
4 134
4 135
4 136
4 139
4 140
4 141
4 143
4 145
4 146
4 147
4 149
4 150
4 151
4 154
4 155
4 156
4 158
4 160
4 163
4 166
4 167
4 170
4 171
4 174
4 175
4 176
5 6
5 8
5 10
5 14
5 15
5 16
5 17
5 18
5 19
5 22
5 23
5 25
5 26
5 27
5 30
5 33
5 34
5 39
5 40
5 43
5 44
5 46
5 47
5 49
5 50
5 52
5 55
5 56
5 59
5 61
5 62
5 64
5 65
5 66
5 68
5 73
5 74
5 76
5 78
5 79
5 80
5 84
5 85
5 86
5 87
5 88
5 90
5 92
5 93
5 97
5 99
5 100
5 101
5 103
5 104
5 105
5 114
5 115
5 116
5 117
5 118
5 119
5 120
5 121
5 122
5 123
5 124
5 128
5 129
5 130
5 131
5 133
5 134
5 135
5 137
5 138
5 140
5 142
5 143
5 144
5 146
5 147
5 148
5 149
5 150
5 152
5 153
5 155
5 156
5 157
5 158
5 159
5 160
5 161
5 164
5 171
5 172
5 175
5 176
5 177
5 178
6 7
6 8
6 9
6 11
6 13
6 14
6 18
6 19
6 20
6 21
6 22
6 24
6 25
6 26
6 28
6 30
6 31
6 32
6 34
6 35
6 36
6 42
6 44
6 45
6 46
6 47
6 50
6 51
6 53
6 55
6 56
6 58
6 60
6 61
6 62
6 64
6 65
6 67
6 69
6 70
6 71
6 72
6 73
6 76
6 77
6 78
6 79
6 81
6 82
6 84
6 85
6 86
6 88
6 90
6 91
6 93
6 95
6 102
6 103
6 104
6 105
6 106
6 107
6 108
6 112
6 113
6 116
6 117
6 119
6 120
6 121
6 122
6 123
6 124
6 126
6 129
6 130
6 131
6 133
6 134
6 136
6 138
6 139
6 141
6 143
6 144
6 148
6 150
6 153
6 154
6 156
6 160
6 161
6 162
6 163
6 165
6 166
6 167
6 168
6 169
6 170
6 171
6 172
6 174
6 175
6 176
6 177
6 178
6 179
7 8
7 9
7 10
7 11
7 12
7 17
7 19
7 21
7 22
7 23
7 26
7 28
7 29
7 30
7 31
7 35
7 36
7 37
7 38
7 40
7 41
7 42
7 43
7 47
7 48
7 50
7 51
7 52
7 53
7 55
7 56
7 57
7 58
7 63
7 64
7 65
7 66
7 67
7 68
7 69
7 70
7 71
7 72
7 74
7 77
7 78
7 79
7 81
7 83
7 84
7 88
7 89
7 90
7 91
7 93
7 95
7 96
7 97
7 98
7 99
7 102
7 103
7 106
7 107
7 108
7 109
7 112
7 113
7 114
7 115
7 118
7 119
7 120
7 121
7 128
7 131
7 133
7 134
7 137
7 138
7 139
7 144
7 145
7 146
7 147
7 148
7 151
7 153
7 154
7 155
7 156
7 158
7 160
7 162
7 163
7 164
7 165
7 166
7 167
7 168
7 170
7 171
7 172
7 173
7 174
7 177
7 179
8 12
8 13
8 14
8 15
8 16
8 17
8 22
8 24
8 26
8 30
8 31
8 32
8 33
8 35
8 37
8 38
8 39
8 40
8 41
8 45
8 47
8 48
8 51
8 52
8 53
8 54
8 56
8 58
8 59
8 61
8 62
8 66
8 68
8 69
8 71
8 74
8 77
8 79
8 80
8 83
8 84
8 85
8 86
8 87
8 88
8 89
8 90
8 92
8 95
8 96
8 97
8 98
8 99
8 100
8 101
8 102
8 103
8 104
8 105
8 107
8 108
8 109
8 111
8 112
8 113
8 116
8 117
8 118
8 119
8 120
8 122
8 123
8 124
8 127
8 128
8 129
8 133
8 135
8 137
8 138
8 141
8 142
8 143
8 144
8 146
8 148
8 149
8 150
8 152
8 155
8 156
8 159
8 160
8 161
8 162
8 163
8 166
8 168
8 169
8 170
8 171
8 173
8 178
8 179
9 10
9 11
9 12
9 14
9 17
9 18
9 20
9 21
9 23
9 24
9 25
9 27
9 28
9 30
9 34
9 35
9 37
9 39
9 40
9 41
9 45
9 46
9 47
9 49
9 53
9 54
9 55
9 56
9 58
9 61
9 64
9 66
9 67
9 70
9 72
9 75
9 78
9 80
9 82
9 84
9 85
9 86
9 87
9 88
9 89
9 93
9 95
9 97
9 99
9 101
9 102
9 103
9 105
9 106
9 109
9 113
9 114
9 115
9 116
9 117
9 118
9 120
9 121
9 123
9 124
9 126
9 129
9 130
9 133
9 135
9 136
9 141
9 146
9 147
9 148
9 150
9 151
9 152
9 154
9 157
9 159
9 160
9 161
9 162
9 163
9 168
9 171
9 172
9 175
9 179
10 12
10 16
10 17
10 18
10 21
10 22
10 24
10 26
10 27
10 28
10 33
10 34
10 35
10 36
10 38
10 39
10 40
10 41
10 42
10 43
10 45
10 46
10 47
10 49
10 50
10 51
10 53
10 54
10 56
10 59
10 61
10 65
10 66
10 67
10 68
10 69
10 70
10 71
10 73
10 74
10 75
10 76
10 77
10 80
10 81
10 85
10 86
10 87
10 88
10 89
10 90
10 91
10 92
10 93
10 94
10 96
10 97
10 100
10 103
10 104
10 105
10 106
10 107
10 110
10 111
10 115
10 117
10 119
10 120
10 121
10 122
10 125
10 126
10 127
10 128
10 129
10 130
10 131
10 132
10 133
10 134
10 135
10 139
10 140
10 141
10 142
10 145
10 146
10 149
10 151
10 152
10 153
10 154
10 155
10 156
10 157
10 158
10 159
10 160
10 161
10 162
10 163
10 164
10 165
10 166
10 167
10 168
10 169
10 170
10 171
10 172
10 173
10 174
10 175
10 179
11 12
11 13
11 15
11 19
11 22
11 26
11 27
11 28
11 30
11 31
11 32
11 33
11 34
11 35
11 36
11 37
11 40
11 41
11 43
11 46
11 47
11 48
11 49
11 51
11 53
11 54
11 56
11 57
11 58
11 59
11 62
11 63
11 64
11 65
11 66
11 67
11 70
11 71
11 73
11 79
11 80
11 82
11 83
11 84
11 85
11 88
11 90
11 92
11 93
11 94
11 97
11 98
11 103
11 105
11 106
11 112
11 113
11 116
11 119
11 121
11 122
11 123
11 124
11 128
11 129
11 132
11 133
11 136
11 137
11 139
11 141
11 143
11 144
11 147
11 149
11 150
11 154
11 156
11 157
11 164
11 165
11 168
11 170
11 171
11 172
11 173
11 175
11 178
11 179
12 13
12 14
12 15
12 17
12 19
12 20
12 22
12 23
12 25
12 26
12 29
12 30
12 33
12 34
12 37
12 38
12 39
12 40
12 42
12 43
12 49
12 50
12 51
12 52
12 54
12 56
12 58
12 63
12 64
12 65
12 66
12 68
12 70
12 72
12 74
12 75
12 76
12 78
12 83
12 84
12 85
12 86
12 89
12 91
12 92
12 95
12 97
12 99
12 100
12 101
12 102
12 105
12 107
12 108
12 109
12 113
12 116
12 119
12 121
12 122
12 124
12 127
12 128
12 129
12 131
12 132
12 133
12 134
12 136
12 139
12 140
12 142
12 144
12 146
12 148
12 150
12 151
12 153
12 154
12 155
12 157
12 158
12 159
12 160
12 163
12 164
12 165
12 166
12 167
12 168
12 169
12 172
12 174
12 179
13 16
13 17
13 19
13 20
13 21
13 22
13 25
13 28
13 31
13 32
13 33
13 34
13 37
13 39
13 40
13 41
13 44
13 47
13 51
13 52
13 54
13 55
13 57
13 59
13 60
13 62
13 64
13 67
13 68
13 70
13 71
13 72
13 73
13 74
13 75
13 76
13 77
13 78
13 79
13 80
13 84
13 85
13 87
13 88
13 89
13 91
13 94
13 96
13 98
13 99
13 100
13 101
13 103
13 104
13 105
13 107
13 110
13 111
13 113
13 116
13 118
13 119
13 120
13 122
13 123
13 124
13 127
13 130
13 132
13 133
13 136
13 140
13 141
13 143
13 144
13 145
13 146
13 148
13 149
13 150
13 151
13 152
13 154
13 157
13 158
13 159
13 161
13 162
13 163
13 164
13 166
13 168
13 170
13 172
13 173
13 174
13 176
13 177
13 178
14 15
14 16
14 17
14 20
14 21
14 23
14 24
14 25
14 26
14 28
14 33
14 34
14 35
14 37
14 41
14 42
14 43
14 44
14 45
14 47
14 52
14 54
14 57
14 60
14 64
14 66
14 69
14 73
14 74
14 75
14 76
14 78
14 79
14 80
14 83
14 89
14 90
14 92
14 97
14 98
14 101
14 102
14 104
14 105
14 106
14 107
14 108
14 109
14 110
14 112
14 113
14 114
14 115
14 116
14 118
14 119
14 120
14 121
14 122
14 124
14 125
14 126
14 127
14 128
14 129
14 131
14 132
14 134
14 135
14 136
14 137
14 138
14 139
14 142
14 143
14 145
14 150
14 151
14 152
14 153
14 154
14 155
14 156
14 157
14 162
14 163
14 164
14 166
14 167
14 169
14 170
14 171
14 173
14 174
14 176
14 177
14 179
15 16
15 17
15 20
15 22
15 23
15 27
15 29
15 31
15 32
15 34
15 35
15 36
15 37
15 39
15 41
15 42
15 43
15 44
15 45
15 47
15 48
15 50
15 51
15 52
15 54
15 55
15 56
15 57
15 58
15 60
15 61
15 65
15 66
15 67
15 69
15 70
15 77
15 78
15 79
15 81
15 82
15 84
15 85
15 87
15 88
15 89
15 90
15 93
15 94
15 97
15 98
15 99
15 100
15 101
15 102
15 104
15 107
15 108
15 110
15 111
15 114
15 115
15 118
15 119
15 120
15 122
15 124
15 128
15 129
15 131
15 133
15 134
15 135
15 137
15 138
15 139
15 140
15 141
15 142
15 143
15 144
15 150
15 152
15 153
15 155
15 156
15 158
15 159
15 161
15 162
15 163
15 164
15 167
15 169
15 170
15 171
15 172
15 173
15 174
15 175
15 176
15 177
15 178
16 17
16 18
16 19
16 20
16 21
16 23
16 24
16 25
16 27
16 28
16 29
16 31
16 33
16 34
16 35
16 36
16 39
16 40
16 45
16 46
16 47
16 48
16 50
16 52
16 54
16 55
16 57
16 58
16 60
16 61
16 62
16 64
16 65
16 69
16 72
16 74
16 76
16 77
16 79
16 80
16 83
16 84
16 85
16 86
16 87
16 88
16 89
16 90
16 92
16 93
16 95
16 96
16 98
16 101
16 102
16 104
16 105
16 110
16 111
16 112
16 113
16 115
16 118
16 121
16 122
16 123
16 124
16 125
16 127
16 128
16 130
16 131
16 134
16 135
16 136
16 138
16 143
16 146
16 150
16 151
16 156
16 158
16 159
16 160
16 162
16 163
16 164
16 165
16 173
16 175
16 176
16 177
16 178
17 18
17 19
17 20
17 22
17 24
17 25
17 26
17 28
17 30
17 31
17 33
17 34
17 36
17 37
17 40
17 41
17 42
17 43
17 44
17 46
17 48
17 49
17 50
17 52
17 53
17 57
17 58
17 59
17 60
17 62
17 63
17 64
17 65
17 66
17 68
17 69
17 70
17 71
17 72
17 74
17 75
17 76
17 78
17 79
17 80
17 81
17 82
17 83
17 84
17 85
17 86
17 88
17 89
17 92
17 95
17 98
17 102
17 103
17 104
17 105
17 108
17 112
17 113
17 115
17 117
17 119
17 121
17 122
17 124
17 125
17 126
17 127
17 128
17 129
17 133
17 134
17 138
17 139
17 140
17 142
17 143
17 144
17 145
17 146
17 147
17 149
17 152
17 153
17 154
17 155
17 158
17 159
17 162
17 163
17 164
17 165
17 166
17 167
17 168
17 170
17 171
17 172
17 173
17 175
17 176
17 177
18 23
18 25
18 26
18 27
18 32
18 34
18 35
18 43
18 44
18 45
18 47
18 49
18 50
18 51
18 52
18 53
18 54
18 55
18 56
18 57
18 58
18 59
18 62
18 63
18 65
18 66
18 67
18 68
18 71
18 73
18 76
18 78
18 79
18 82
18 84
18 85
18 86
18 87
18 89
18 90
18 91
18 92
18 93
18 94
18 95
18 97
18 101
18 103
18 105
18 106
18 108
18 109
18 111
18 114
18 115
18 116
18 117
18 122
18 123
18 124
18 125
18 128
18 130
18 131
18 132
18 133
18 134
18 135
18 136
18 137
18 138
18 139
18 143
18 144
18 145
18 148
18 149
18 150
18 151
18 152
18 153
18 155
18 156
18 157
18 158
18 159
18 161
18 165
18 166
18 167
18 168
18 169
18 170
18 171
18 172
18 173
18 174
18 177
18 178
18 179
19 22
19 24
19 26
19 28
19 30
19 31
19 35
19 36
19 38
19 39
19 40
19 41
19 42
19 43
19 44
19 45
19 46
19 49
19 51
19 52
19 53
19 54
19 56
19 57
19 59
19 61
19 62
19 63
19 64
19 65
19 66
19 70
19 71
19 72
19 73
19 74
19 75
19 76
19 77
19 78
19 79
19 80
19 82
19 83
19 84
19 86
19 89
19 91
19 92
19 93
19 94
19 96
19 97
19 99
19 100
19 101
19 102
19 105
19 106
19 110
19 111
19 112
19 117
19 119
19 120
19 123
19 124
19 125
19 127
19 128
19 130
19 133
19 134
19 135
19 138
19 139
19 140
19 141
19 142
19 143
19 144
19 145
19 146
19 148
19 149
19 150
19 152
19 156
19 160
19 161
19 163
19 167
19 168
19 169
19 170
19 171
19 172
19 174
20 21
20 22
20 24
20 26
20 28
20 29
20 30
20 31
20 32
20 33
20 35
20 36
20 37
20 39
20 40
20 41
20 42
20 43
20 44
20 45
20 47
20 49
20 50
20 53
20 54
20 56
20 58
20 59
20 60
20 66
20 67
20 69
20 70
20 71
20 72
20 74
20 75
20 76
20 77
20 78
20 80
20 81
20 82
20 83
20 84
20 86
20 88
20 89
20 90
20 91
20 93
20 99
20 103
20 105
20 106
20 107
20 111
20 114
20 115
20 116
20 118
20 119
20 121
20 122
20 123
20 125
20 127
20 128
20 132
20 137
20 139
20 140
20 141
20 143
20 144
20 145
20 148
20 150
20 151
20 153
20 154
20 155
20 158
20 161
20 162
20 163
20 164
20 169
20 172
20 174
20 176
20 177
20 178
20 179
21 22
21 23
21 24
21 25
21 26
21 27
21 32
21 33
21 34
21 35
21 36
21 40
21 41
21 42
21 43
21 45
21 48
21 49
21 51
21 53
21 54
21 56
21 58
21 61
21 62
21 63
21 66
21 69
21 72
21 74
21 76
21 78
21 79
21 80
21 81
21 82
21 83
21 85
21 87
21 90
21 93
21 95
21 97
21 98
21 99
21 100
21 103
21 105
21 107
21 110
21 111
21 113
21 114
21 116
21 117
21 118
21 124
21 126
21 128
21 129
21 132
21 133
21 134
21 135
21 137
21 139
21 141
21 142
21 145
21 146
21 148
21 149
21 150
21 151
21 152
21 153
21 154
21 156
21 158
21 159
21 160
21 162
21 164
21 167
21 168
21 171
21 172
21 173
21 176
21 177
21 179
22 23
22 24
22 25
22 26
22 28
22 30
22 31
22 33
22 35
22 36
22 40
22 45
22 48
22 49
22 50
22 51
22 52
22 53
22 54
22 56
22 58
22 60
22 61
22 62
22 64
22 66
22 69
22 72
22 73
22 74
22 77
22 78
22 81
22 83
22 84
22 85
22 86
22 87
22 88
22 89
22 90
22 92
22 93
22 96
22 98
22 102
22 103
22 104
22 105
22 106
22 109
22 110
22 112
22 114
22 115
22 116
22 117
22 118
22 119
22 120
22 121
22 122
22 123
22 124
22 125
22 127
22 128
22 129
22 131
22 132
22 134
22 135
22 138
22 139
22 142
22 143
22 144
22 147
22 148
22 150
22 151
22 152
22 154
22 155
22 157
22 160
22 161
22 162
22 165
22 166
22 168
22 169
22 171
22 172
22 173
22 174
22 176
22 179
23 24
23 26
23 27
23 30
23 31
23 32
23 33
23 35
23 36
23 37
23 40
23 43
23 45
23 46
23 48
23 49
23 50
23 51
23 52
23 53
23 55
23 56
23 57
23 59
23 60
23 66
23 67
23 68
23 69
23 70
23 72
23 73
23 74
23 75
23 77
23 78
23 82
23 83
23 85
23 87
23 88
23 93
23 94
23 98
23 100
23 101
23 102
23 105
23 106
23 108
23 110
23 111
23 113
23 114
23 115
23 116
23 118
23 119
23 120
23 121
23 123
23 125
23 126
23 129
23 130
23 133
23 135
23 136
23 137
23 138
23 140
23 141
23 142
23 144
23 145
23 148
23 149
23 150
23 151
23 152
23 154
23 155
23 160
23 163
23 165
23 166
23 167
23 168
23 169
23 170
23 171
23 173
23 174
23 175
23 177
23 178
23 179
24 26
24 29
24 31
24 32
24 38
24 39
24 40
24 41
24 42
24 45
24 47
24 48
24 49
24 52
24 53
24 54
24 55
24 58
24 59
24 60
24 61
24 65
24 67
24 68
24 72
24 73
24 74
24 76
24 77
24 78
24 79
24 82
24 83
24 84
24 85
24 87
24 88
24 89
24 91
24 92
24 94
24 95
24 96
24 98
24 99
24 101
24 102
24 104
24 105
24 107
24 108
24 109
24 113
24 114
24 115
24 116
24 117
24 119
24 120
24 121
24 123
24 124
24 126
24 127
24 128
24 130
24 131
24 132
24 134
24 135
24 137
24 139
24 141
24 142
24 143
24 147
24 148
24 153
24 158
24 159
24 162
24 163
24 164
24 165
24 166
24 167
24 171
24 172
24 174
24 175
24 176
24 177
24 179
25 26
25 28
25 29
25 30
25 31
25 32
25 33
25 34
25 37
25 40
25 43
25 45
25 46
25 48
25 49
25 50
25 53
25 54
25 57
25 59
25 60
25 61
25 63
25 64
25 65
25 66
25 70
25 72
25 74
25 75
25 78
25 79
25 80
25 81
25 82
25 84
25 85
25 87
25 88
25 89
25 90
25 93
25 94
25 95
25 97
25 98
25 100
25 102
25 105
25 107
25 110
25 111
25 113
25 115
25 116
25 117
25 118
25 119
25 120
25 121
25 125
25 126
25 127
25 128
25 129
25 130
25 131
25 132
25 133
25 134
25 138
25 140
25 141
25 142
25 143
25 144
25 146
25 147
25 148
25 151
25 152
25 153
25 154
25 156
25 157
25 158
25 160
25 165
25 166
25 168
25 171
25 173
25 174
25 176
25 177
25 179
26 27
26 28
26 31
26 32
26 35
26 36
26 38
26 39
26 40
26 41
26 43
26 45
26 47
26 48
26 49
26 52
26 53
26 54
26 57
26 58
26 68
26 69
26 71
26 72
26 73
26 75
26 76
26 77
26 79
26 80
26 83
26 86
26 87
26 91
26 92
26 93
26 94
26 95
26 97
26 99
26 100
26 102
26 104
26 105
26 106
26 110
26 112
26 114
26 116
26 117
26 119
26 121
26 122
26 125
26 126
26 129
26 132
26 135
26 138
26 139
26 140
26 141
26 142
26 144
26 145
26 147
26 148
26 150
26 151
26 153
26 154
26 155
26 156
26 164
26 165
26 166
26 167
26 169
26 171
26 172
26 173
26 174
26 175
26 176
26 177
27 28
27 29
27 31
27 32
27 33
27 34
27 35
27 37
27 38
27 39
27 41
27 42
27 43
27 45
27 47
27 48
27 49
27 50
27 52
27 53
27 54
27 56
27 57
27 58
27 59
27 60
27 62
27 64
27 65
27 66
27 67
27 68
27 73
27 74
27 75
27 76
27 77
27 82
27 84
27 85
27 87
27 88
27 89
27 92
27 94
27 95
27 96
27 97
27 98
27 99
27 100
27 101
27 102
27 106
27 107
27 108
27 109
27 110
27 112
27 113
27 114
27 116
27 117
27 118
27 121
27 123
27 125
27 126
27 129
27 130
27 132
27 133
27 134
27 135
27 136
27 137
27 139
27 140
27 141
27 142
27 143
27 144
27 145
27 147
27 148
27 151
27 154
27 156
27 157
27 158
27 159
27 160
27 161
27 162
27 164
27 165
27 168
27 170
27 171
27 174
27 175
27 176
27 177
27 178
28 30
28 32
28 34
28 35
28 36
28 38
28 39
28 41
28 42
28 43
28 46
28 47
28 49
28 50
28 52
28 56
28 57
28 61
28 63
28 65
28 68
28 69
28 71
28 73
28 74
28 76
28 77
28 79
28 80
28 82
28 83
28 84
28 85
28 86
28 87
28 88
28 89
28 93
28 95
28 98
28 99
28 100
28 101
28 102
28 105
28 106
28 107
28 108
28 110
28 111
28 112
28 114
28 115
28 117
28 118
28 120
28 123
28 124
28 125
28 128
28 129
28 133
28 134
28 141
28 143
28 145
28 147
28 148
28 149
28 151
28 152
28 153
28 155
28 158
28 160
28 161
28 162
28 164
28 165
28 166
28 168
28 169
28 171
28 172
28 173
28 174
28 175
28 176
28 177
28 178
28 179
29 30
29 31
29 34
29 35
29 36
29 39
29 41
29 42
29 46
29 47
29 48
29 49
29 50
29 54
29 55
29 57
29 58
29 59
29 60
29 61
29 62
29 63
29 64
29 69
29 71
29 72
29 73
29 74
29 75
29 76
29 77
29 78
29 79
29 82
29 88
29 89
29 90
29 92
29 93
29 94
29 95
29 96
29 98
29 99
29 103
29 104
29 105
29 106
29 109
29 110
29 112
29 113
29 114
29 115
29 118
29 119
29 121
29 123
29 124
29 125
29 128
29 129
29 130
29 132
29 134
29 135
29 136
29 138
29 139
29 141
29 143
29 144
29 145
29 146
29 147
29 150
29 151
29 152
29 153
29 155
29 157
29 158
29 160
29 161
29 162
29 163
29 164
29 165
29 167
29 168
29 170
29 171
29 174
29 178
30 32
30 33
30 36
30 37
30 38
30 39
30 44
30 45
30 49
30 52
30 53
30 54
30 55
30 56
30 58
30 59
30 61
30 62
30 63
30 64
30 68
30 69
30 73
30 74
30 76
30 78
30 79
30 83
30 84
30 85
30 88
30 89
30 94
30 95
30 96
30 97
30 99
30 100
30 101
30 103
30 104
30 109
30 110
30 111
30 112
30 113
30 114
30 115
30 116
30 118
30 120
30 122
30 123
30 124
30 128
30 129
30 130
30 131
30 132
30 134
30 135
30 136
30 138
30 139
30 141
30 145
30 150
30 151
30 153
30 154
30 157
30 160
30 161
30 163
30 164
30 167
30 170
30 171
30 173
30 176
30 177
31 32
31 34
31 35
31 36
31 37
31 39
31 40
31 42
31 44
31 45
31 46
31 47
31 48
31 49
31 50
31 53
31 54
31 55
31 56
31 58
31 59
31 62
31 63
31 64
31 66
31 67
31 68
31 69
31 74
31 75
31 76
31 78
31 80
31 81
31 82
31 83
31 84
31 86
31 87
31 88
31 90
31 91
31 92
31 93
31 95
31 97
31 100
31 101
31 103
31 105
31 107
31 110
31 111
31 113
31 115
31 117
31 118
31 121
31 122
31 123
31 124
31 127
31 128
31 129
31 130
31 132
31 133
31 135
31 137
31 138
31 139
31 140
31 141
31 143
31 144
31 145
31 146
31 147
31 151
31 153
31 154
31 155
31 156
31 159
31 160
31 161
31 162
31 163
31 164
31 165
31 166
31 169
31 170
31 171
31 174
31 175
31 176
31 178
31 179
32 35
32 36
32 38
32 39
32 40
32 41
32 42
32 44
32 45
32 46
32 48
32 49
32 50
32 51
32 52
32 55
32 56
32 57
32 58
32 60
32 63
32 65
32 67
32 68
32 69
32 70
32 71
32 72
32 76
32 77
32 81
32 84
32 85
32 88
32 91
32 92
32 94
32 95
32 97
32 99
32 105
32 109
32 111
32 113
32 117
32 118
32 120
32 121
32 122
32 123
32 124
32 126
32 128
32 129
32 130
32 132
32 134
32 137
32 141
32 142
32 143
32 144
32 145
32 146
32 147
32 148
32 150
32 153
32 155
32 156
32 157
32 159
32 160
32 163
32 164
32 165
32 166
32 169
32 171
32 173
32 177
32 178
33 34
33 35
33 36
33 39
33 42
33 47
33 49
33 50
33 51
33 52
33 54
33 55
33 57
33 60
33 61
33 62
33 64
33 65
33 66
33 67
33 68
33 70
33 74
33 75
33 78
33 81
33 82
33 83
33 84
33 85
33 86
33 90
33 91
33 94
33 95
33 96
33 97
33 99
33 100
33 104
33 106
33 107
33 109
33 111
33 113
33 114
33 115
33 117
33 119
33 120
33 121
33 122
33 123
33 124
33 126
33 127
33 128
33 129
33 133
33 134
33 137
33 138
33 140
33 141
33 142
33 144
33 145
33 146
33 148
33 151
33 154
33 156
33 157
33 159
33 162
33 163
33 165
33 166
33 167
33 168
33 169
33 170
33 171
33 173
33 174
33 175
33 177
33 178
33 179
34 36
34 37
34 38
34 39
34 40
34 41
34 42
34 43
34 45
34 46
34 47
34 48
34 50
34 51
34 52
34 56
34 57
34 58
34 59
34 61
34 62
34 63
34 64
34 66
34 67
34 69
34 71
34 72
34 74
34 78
34 79
34 80
34 82
34 86
34 88
34 90
34 93
34 95
34 96
34 98
34 100
34 101
34 102
34 103
34 104
34 105
34 106
34 108
34 112
34 117
34 118
34 120
34 121
34 123
34 127
34 128
34 129
34 131
34 132
34 133
34 135
34 136
34 137
34 138
34 139
34 140
34 141
34 142
34 143
34 144
34 145
34 147
34 153
34 154
34 155
34 158
34 163
34 164
34 166
34 167
34 168
34 170
34 172
34 175
34 176
34 178
35 36
35 37
35 38
35 40
35 42
35 43
35 44
35 45
35 47
35 48
35 49
35 50
35 51
35 52
35 54
35 56
35 58
35 59
35 60
35 62
35 63
35 69
35 70
35 71
35 72
35 73
35 74
35 76
35 77
35 78
35 79
35 80
35 82
35 83
35 84
35 86
35 87
35 89
35 93
35 94
35 97
35 100
35 101
35 103
35 104
35 105
35 110
35 112
35 113
35 114
35 115
35 117
35 119
35 121
35 122
35 124
35 125
35 127
35 128
35 129
35 133
35 135
35 138
35 140
35 142
35 144
35 146
35 149
35 151
35 153
35 154
35 158
35 160
35 161
35 162
35 163
35 165
35 166
35 172
35 174
35 176
35 177
35 178
35 179
36 38
36 41
36 46
36 47
36 52
36 53
36 54
36 55
36 56
36 57
36 58
36 59
36 62
36 63
36 64
36 65
36 67
36 70
36 71
36 73
36 74
36 76
36 77
36 80
36 81
36 82
36 84
36 85
36 87
36 90
36 91
36 93
36 94
36 95
36 96
36 97
36 98
36 100
36 101
36 103
36 107
36 108
36 109
36 110
36 111
36 114
36 115
36 116
36 123
36 124
36 125
36 130
36 132
36 136
36 137
36 138
36 139
36 140
36 141
36 143
36 144
36 145
36 146
36 147
36 149
36 151
36 153
36 154
36 155
36 156
36 157
36 159
36 160
36 161
36 162
36 163
36 164
36 166
36 167
36 168
36 169
36 173
36 175
36 177
36 178
37 38
37 39
37 41
37 43
37 44
37 46
37 47
37 48
37 52
37 53
37 54
37 55
37 56
37 57
37 58
37 59
37 64
37 65
37 66
37 67
37 68
37 69
37 71
37 73
37 74
37 75
37 77
37 79
37 80
37 81
37 83
37 84
37 85
37 87
37 89
37 91
37 93
37 94
37 95
37 96
37 97
37 98
37 99
37 100
37 101
37 102
37 103
37 107
37 108
37 109
37 110
37 111
37 113
37 115
37 116
37 120
37 121
37 122
37 124
37 125
37 126
37 127
37 128
37 129
37 131
37 133
37 134
37 136
37 138
37 141
37 142
37 144
37 145
37 146
37 148
37 149
37 151
37 153
37 155
37 160
37 161
37 162
37 163
37 164
37 167
37 168
37 170
37 172
37 173
37 179
38 40
38 44
38 45
38 50
38 52
38 54
38 55
38 56
38 57
38 58
38 59
38 60
38 63
38 66
38 67
38 70
38 71
38 72
38 75
38 77
38 78
38 81
38 82
38 83
38 85
38 88
38 89
38 95
38 96
38 97
38 98
38 99
38 100
38 101
38 102
38 104
38 105
38 106
38 107
38 108
38 109
38 110
38 112
38 113
38 114
38 115
38 117
38 119
38 120
38 121
38 122
38 124
38 125
38 126
38 127
38 128
38 129
38 132
38 136
38 138
38 139
38 140
38 141
38 142
38 144
38 145
38 146
38 147
38 148
38 149
38 150
38 151
38 152
38 153
38 154
38 156
38 158
38 161
38 162
38 163
38 165
38 166
38 167
38 168
38 169
38 170
38 171
38 173
38 174
38 177
39 40
39 43
39 44
39 46
39 47
39 48
39 50
39 51
39 52
39 54
39 55
39 63
39 66
39 67
39 69
39 71
39 72
39 77
39 78
39 79
39 81
39 82
39 83
39 85
39 86
39 87
39 88
39 92
39 93
39 95
39 96
39 99
39 101
39 102
39 103
39 106
39 107
39 110
39 111
39 114
39 115
39 116
39 117
39 119
39 120
39 121
39 122
39 124
39 126
39 128
39 130
39 136
39 137
39 143
39 145
39 149
39 150
39 151
39 153
39 155
39 156
39 157
39 158
39 160
39 163
39 164
39 167
39 168
39 171
39 172
39 173
39 174
39 176
39 177
39 178
39 179
40 41
40 43
40 44
40 46
40 49
40 50
40 51
40 53
40 57
40 59
40 60
40 61
40 62
40 63
40 65
40 66
40 69
40 70
40 71
40 72
40 73
40 74
40 78
40 80
40 85
40 91
40 92
40 96
40 98
40 99
40 101
40 103
40 104
40 105
40 106
40 109
40 110
40 112
40 115
40 116
40 118
40 119
40 124
40 125
40 126
40 127
40 128
40 129
40 131
40 133
40 135
40 136
40 137
40 139
40 140
40 142
40 145
40 146
40 148
40 149
40 150
40 151
40 152
40 155
40 156
40 157
40 160
40 161
40 163
40 164
40 167
40 168
40 170
40 171
40 172
40 175
40 176
40 178
41 42
41 45
41 46
41 48
41 50
41 52
41 55
41 58
41 61
41 62
41 63
41 68
41 69
41 70
41 71
41 72
41 73
41 74
41 75
41 76
41 77
41 79
41 80
41 81
41 82
41 84
41 87
41 88
41 92
41 93
41 94
41 95
41 96
41 97
41 99
41 100
41 104
41 107
41 108
41 110
41 112
41 113
41 116
41 117
41 119
41 121
41 122
41 123
41 124
41 125
41 126
41 127
41 128
41 129
41 130
41 131
41 132
41 133
41 136
41 137
41 138
41 139
41 140
41 141
41 142
41 143
41 144
41 145
41 146
41 148
41 151
41 152
41 153
41 154
41 155
41 156
41 158
41 159
41 160
41 161
41 162
41 164
41 168
41 170
41 171
41 172
41 174
41 177
41 179
42 44
42 45
42 47
42 48
42 52
42 58
42 61
42 64
42 65
42 66
42 68
42 69
42 70
42 71
42 73
42 74
42 77
42 78
42 79
42 80
42 82
42 86
42 87
42 88
42 89
42 90
42 92
42 95
42 97
42 98
42 100
42 103
42 107
42 108
42 109
42 111
42 112
42 115
42 116
42 118
42 122
42 124
42 126
42 127
42 129
42 131
42 132
42 134
42 136
42 138
42 140
42 141
42 143
42 145
42 146
42 147
42 148
42 149
42 151
42 152
42 155
42 157
42 160
42 162
42 163
42 165
42 168
42 170
42 172
42 175
42 176
42 177
42 178
43 45
43 46
43 47
43 48
43 51
43 53
43 54
43 56
43 59
43 60
43 61
43 63
43 64
43 67
43 69
43 70
43 71
43 73
43 75
43 76
43 77
43 78
43 79
43 81
43 84
43 85
43 87
43 88
43 90
43 92
43 93
43 94
43 95
43 96
43 97
43 98
43 99
43 101
43 102
43 103
43 106
43 107
43 109
43 110
43 113
43 114
43 115
43 116
43 119
43 120
43 121
43 122
43 123
43 124
43 126
43 127
43 128
43 130
43 132
43 133
43 134
43 136
43 137
43 140
43 142
43 143
43 146
43 148
43 151
43 155
43 156
43 158
43 159
43 161
43 162
43 164
43 166
43 167
43 168
43 169
43 170
43 173
43 176
43 179
44 45
44 49
44 50
44 51
44 52
44 53
44 55
44 56
44 58
44 59
44 60
44 61
44 62
44 65
44 66
44 67
44 70
44 72
44 73
44 75
44 76
44 78
44 79
44 80
44 81
44 83
44 84
44 85
44 88
44 90
44 92
44 94
44 98
44 99
44 100
44 101
44 102
44 103
44 104
44 105
44 108
44 110
44 111
44 112
44 114
44 115
44 116
44 117
44 120
44 123
44 129
44 130
44 131
44 132
44 135
44 137
44 138
44 140
44 143
44 146
44 147
44 148
44 149
44 150
44 152
44 153
44 154
44 157
44 159
44 162
44 164
44 165
44 166
44 167
44 170
44 171
44 173
44 174
44 176
44 178
44 179
45 46
45 47
45 48
45 49
45 50
45 51
45 52
45 53
45 54
45 55
45 57
45 58
45 59
45 65
45 66
45 68
45 69
45 71
45 72
45 73
45 76
45 77
45 78
45 82
45 83
45 84
45 85
45 87
45 88
45 91
45 92
45 93
45 95
45 96
45 98
45 99
45 100
45 104
45 105
45 107
45 108
45 109
45 111
45 112
45 116
45 117
45 119
45 121
45 123
45 124
45 125
45 126
45 127
45 128
45 129
45 130
45 133
45 135
45 140
45 141
45 142
45 143
45 144
45 145
45 147
45 148
45 149
45 151
45 154
45 155
45 158
45 160
45 161
45 162
45 163
45 165
45 166
45 167
45 168
45 169
45 170
45 171
45 172
45 173
45 175
45 176
45 178
45 179
46 48
46 51
46 52
46 53
46 57
46 58
46 60
46 64
46 65
46 66
46 67
46 68
46 71
46 72
46 73
46 74
46 75
46 77
46 79
46 80
46 81
46 82
46 84
46 86
46 87
46 88
46 89
46 90
46 91
46 92
46 93
46 96
46 97
46 101
46 102
46 104
46 105
46 106
46 108
46 109
46 110
46 112
46 114
46 115
46 116
46 117
46 118
46 119
46 120
46 121
46 122
46 124
46 126
46 127
46 128
46 129
46 130
46 132
46 133
46 134
46 135
46 137
46 141
46 142
46 143
46 144
46 145
46 146
46 147
46 148
46 149
46 150
46 151
46 153
46 154
46 155
46 159
46 160
46 161
46 164
46 166
46 167
46 171
46 173
46 176
46 177
46 178
46 179
47 48
47 49
47 51
47 52
47 54
47 56
47 59
47 60
47 61
47 62
47 64
47 66
47 69
47 70
47 72
47 74
47 75
47 77
47 81
47 82
47 83
47 85
47 89
47 90
47 92
47 93
47 94
47 97
47 98
47 99
47 100
47 101
47 102
47 103
47 104
47 106
47 107
47 110
47 111
47 114
47 115
47 117
47 118
47 119
47 121
47 123
47 125
47 127
47 128
47 129
47 133
47 134
47 137
47 141
47 143
47 145
47 146
47 147
47 150
47 151
47 153
47 155
47 157
47 159
47 160
47 161
47 162
47 163
47 164
47 165
47 166
47 167
47 170
47 171
47 172
47 173
47 174
47 175
47 176
47 178
47 179
48 49
48 50
48 51
48 52
48 53
48 54
48 55
48 57
48 58
48 60
48 61
48 63
48 66
48 67
48 68
48 69
48 70
48 71
48 75
48 77
48 78
48 82
48 86
48 88
48 89
48 90
48 91
48 92
48 94
48 95
48 97
48 98
48 100
48 101
48 102
48 103
48 104
48 105
48 106
48 107
48 110
48 111
48 112
48 115
48 118
48 120
48 121
48 122
48 123
48 125
48 126
48 130
48 133
48 135
48 136
48 137
48 138
48 139
48 140
48 143
48 145
48 150
48 155
48 157
48 158
48 159
48 160
48 161
48 163
48 165
48 167
48 168
48 169
48 170
48 172
48 173
48 174
48 175
48 177
48 178
48 179
49 51
49 53
49 54
49 56
49 57
49 60
49 61
49 63
49 65
49 68
49 69
49 71
49 73
49 74
49 76
49 77
49 79
49 80
49 81
49 83
49 84
49 86
49 88
49 90
49 91
49 92
49 95
49 96
49 98
49 99
49 103
49 104
49 105
49 106
49 107
49 109
49 110
49 111
49 113
49 118
49 122
49 123
49 124
49 125
49 130
49 131
49 133
49 135
49 140
49 141
49 144
49 145
49 148
49 150
49 152
49 153
49 155
49 157
49 159
49 162
49 163
49 166
49 167
49 168
49 169
49 170
49 171
49 173
49 175
49 176
49 177
49 178
49 179
50 51
50 52
50 53
50 55
50 56
50 57
50 60
50 62
50 65
50 66
50 67
50 68
50 70
50 74
50 76
50 85
50 86
50 87
50 88
50 89
50 90
50 94
50 95
50 96
50 99
50 100
50 101
50 102
50 103
50 104
50 106
50 107
50 109
50 111
50 112
50 113
50 114
50 115
50 118
50 119
50 120
50 121
50 126
50 127
50 128
50 130
50 131
50 132
50 133
50 134
50 135
50 137
50 140
50 141
50 142
50 143
50 144
50 145
50 146
50 148
50 149
50 150
50 151
50 152
50 154
50 155
50 156
50 157
50 160
50 161
50 162
50 163
50 164
50 166
50 169
50 170
50 173
50 174
50 175
50 176
50 177
50 178
51 53
51 54
51 57
51 59
51 61
51 62
51 64
51 65
51 68
51 71
51 72
51 73
51 75
51 76
51 77
51 78
51 79
51 80
51 81
51 83
51 85
51 86
51 87
51 89
51 91
51 93
51 94
51 95
51 96
51 97
51 98
51 99
51 101
51 102
51 103
51 104
51 106
51 114
51 115
51 117
51 119
51 120
51 123
51 124
51 127
51 128
51 134
51 136
51 137
51 138
51 139
51 140
51 141
51 142
51 143
51 144
51 145
51 147
51 148
51 149
51 151
51 152
51 153
51 155
51 156
51 159
51 160
51 161
51 162
51 164
51 166
51 167
51 170
51 172
51 173
51 174
51 176
51 179
52 53
52 54
52 56
52 57
52 59
52 60
52 64
52 65
52 68
52 69
52 70
52 71
52 72
52 73
52 74
52 76
52 77
52 78
52 79
52 80
52 84
52 87
52 88
52 90
52 91
52 92
52 93
52 96
52 99
52 100
52 101
52 102
52 103
52 104
52 107
52 109
52 111
52 113
52 115
52 116
52 117
52 118
52 119
52 121
52 122
52 125
52 129
52 130
52 131
52 135
52 136
52 138
52 139
52 141
52 143
52 144
52 145
52 146
52 152
52 155
52 158
52 159
52 160
52 161
52 162
52 164
52 167
52 168
52 169
52 170
52 171
52 174
52 177
53 54
53 57
53 59
53 61
53 64
53 67
53 69
53 70
53 72
53 73
53 74
53 75
53 76
53 78
53 80
53 81
53 82
53 83
53 85
53 86
53 87
53 88
53 89
53 92
53 96
53 98
53 99
53 100
53 101
53 102
53 105
53 106
53 107
53 108
53 109
53 112
53 114
53 115
53 116
53 117
53 122
53 123
53 124
53 125
53 126
53 128
53 129
53 130
53 133
53 136
53 137
53 140
53 141
53 142
53 143
53 144
53 146
53 147
53 148
53 151
53 152
53 153
53 154
53 155
53 156
53 157
53 158
53 159
53 160
53 161
53 162
53 163
53 165
53 166
53 167
53 168
53 169
53 170
53 172
53 174
53 175
53 178
53 179
54 55
54 56
54 58
54 59
54 61
54 65
54 67
54 68
54 70
54 71
54 72
54 73
54 74
54 75
54 78
54 79
54 82
54 83
54 84
54 86
54 87
54 88
54 89
54 90
54 94
54 96
54 97
54 98
54 99
54 103
54 104
54 105
54 106
54 108
54 109
54 111
54 112
54 113
54 114
54 115
54 116
54 117
54 118
54 120
54 122
54 123
54 124
54 125
54 126
54 128
54 129
54 130
54 133
54 134
54 135
54 136
54 137
54 138
54 140
54 143
54 144
54 145
54 146
54 147
54 149
54 152
54 154
54 155
54 158
54 160
54 161
54 162
54 164
54 165
54 168
54 169
54 172
54 173
54 175
54 176
54 179
55 58
55 59
55 60
55 61
55 62
55 63
55 64
55 68
55 71
55 73
55 74
55 76
55 81
55 83
55 85
55 86
55 87
55 88
55 89
55 91
55 93
55 95
55 97
55 98
55 100
55 101
55 102
55 104
55 105
55 106
55 109
55 111
55 113
55 114
55 116
55 117
55 118
55 119
55 124
55 125
55 127
55 128
55 130
55 131
55 132
55 135
55 137
55 138
55 142
55 143
55 150
55 153
55 154
55 156
55 157
55 158
55 160
55 162
55 163
55 165
55 166
55 168
55 169
55 172
55 174
55 175
55 176
55 177
56 59
56 63
56 64
56 66
56 68
56 70
56 71
56 73
56 74
56 78
56 80
56 84
56 85
56 86
56 88
56 89
56 90
56 94
56 95
56 98
56 99
56 101
56 105
56 106
56 110
56 111
56 112
56 113
56 114
56 115
56 116
56 118
56 119
56 120
56 121
56 122
56 124
56 128
56 130
56 132
56 136
56 137
56 139
56 140
56 141
56 143
56 144
56 145
56 147
56 149
56 150
56 151
56 152
56 155
56 156
56 159
56 164
56 165
56 167
56 169
56 171
56 172
56 174
56 177
56 178
57 58
57 59
57 60
57 62
57 63
57 64
57 66
57 67
57 68
57 69
57 70
57 71
57 72
57 74
57 75
57 76
57 77
57 78
57 81
57 82
57 83
57 84
57 85
57 86
57 89
57 90
57 93
57 94
57 95
57 98
57 100
57 101
57 105
57 106
57 107
57 108
57 109
57 110
57 111
57 112
57 113
57 114
57 115
57 116
57 117
57 119
57 121
57 123
57 124
57 125
57 126
57 128
57 129
57 130
57 131
57 132
57 134
57 138
57 139
57 140
57 142
57 143
57 145
57 147
57 148
57 149
57 150
57 153
57 155
57 156
57 158
57 160
57 162
57 165
57 167
57 170
57 171
57 172
57 173
57 174
57 178
57 179
58 59
58 61
58 63
58 64
58 68
58 71
58 72
58 73
58 74
58 75
58 77
58 78
58 82
58 83
58 84
58 85
58 88
58 89
58 91
58 96
58 97
58 98
58 101
58 104
58 106
58 107
58 108
58 109
58 111
58 112
58 113
58 115
58 116
58 117
58 120
58 122
58 124
58 125
58 128
58 129
58 130
58 131
58 132
58 133
58 135
58 138
58 139
58 141
58 143
58 144
58 146
58 147
58 148
58 149
58 151
58 152
58 153
58 154
58 155
58 156
58 159
58 163
58 164
58 165
58 166
58 167
58 169
58 170
58 171
58 174
58 175
58 177
58 178
58 179
59 60
59 62
59 63
59 65
59 66
59 68
59 69
59 70
59 71
59 72
59 73
59 74
59 75
59 76
59 79
59 80
59 81
59 82
59 84
59 88
59 89
59 90
59 92
59 95
59 98
59 99
59 100
59 101
59 104
59 105
59 108
59 109
59 110
59 111
59 112
59 113
59 114
59 116
59 117
59 119
59 121
59 122
59 123
59 124
59 125
59 126
59 127
59 128
59 129
59 130
59 131
59 132
59 134
59 135
59 136
59 138
59 141
59 142
59 143
59 144
59 145
59 146
59 147
59 149
59 156
59 159
59 163
59 166
59 168
59 169
59 171
59 173
60 62
60 65
60 67
60 70
60 73
60 74
60 77
60 78
60 79
60 81
60 83
60 84
60 85
60 86
60 94
60 96
60 97
60 98
60 102
60 103
60 104
60 105
60 106
60 107
60 110
60 111
60 113
60 116
60 118
60 123
60 125
60 126
60 127
60 128
60 129
60 130
60 133
60 134
60 135
60 137
60 138
60 141
60 143
60 144
60 145
60 147
60 148
60 149
60 151
60 154
60 156
60 158
60 161
60 163
60 164
60 170
60 172
60 173
60 176
60 177
60 178
61 66
61 67
61 69
61 70
61 71
61 73
61 74
61 76
61 78
61 81
61 82
61 83
61 84
61 85
61 86
61 87
61 88
61 89
61 90
61 91
61 92
61 93
61 96
61 99
61 100
61 104
61 105
61 107
61 111
61 113
61 115
61 117
61 122
61 123
61 128
61 131
61 136
61 140
61 142
61 144
61 145
61 146
61 147
61 148
61 149
61 150
61 151
61 152
61 153
61 154
61 155
61 156
61 158
61 159
61 162
61 163
61 164
61 166
61 168
61 169
61 170
61 172
61 174
61 176
61 177
61 178
61 179
62 64
62 66
62 68
62 70
62 74
62 75
62 77
62 80
62 81
62 82
62 85
62 88
62 89
62 90
62 92
62 93
62 94
62 95
62 96
62 97
62 98
62 99
62 102
62 104
62 105
62 107
62 108
62 109
62 110
62 111
62 113
62 115
62 118
62 119
62 120
62 121
62 124
62 126
62 127
62 130
62 131
62 133
62 135
62 137
62 139
62 141
62 145
62 146
62 147
62 149
62 150
62 151
62 152
62 153
62 154
62 155
62 156
62 160
62 161
62 162
62 163
62 165
62 167
62 168
62 169
62 170
62 171
62 176
62 179
63 66
63 68
63 70
63 71
63 72
63 73
63 74
63 75
63 80
63 83
63 84
63 87
63 88
63 89
63 90
63 91
63 92
63 93
63 99
63 100
63 101
63 102
63 103
63 104
63 106
63 107
63 109
63 111
63 112
63 113
63 119
63 124
63 125
63 126
63 127
63 130
63 131
63 132
63 133
63 134
63 135
63 140
63 142
63 143
63 147
63 149
63 150
63 151
63 154
63 155
63 156
63 158
63 160
63 161
63 162
63 163
63 164
63 165
63 166
63 168
63 173
63 174
63 175
63 177
63 179
64 66
64 67
64 69
64 71
64 73
64 75
64 76
64 77
64 78
64 79
64 80
64 81
64 82
64 84
64 85
64 86
64 90
64 91
64 92
64 94
64 95
64 96
64 97
64 101
64 104
64 106
64 107
64 108
64 109
64 110
64 112
64 115
64 116
64 117
64 118
64 119
64 120
64 123
64 124
64 127
64 128
64 129
64 130
64 133
64 134
64 135
64 138
64 140
64 144
64 146
64 147
64 148
64 149
64 150
64 151
64 152
64 153
64 155
64 156
64 159
64 160
64 162
64 163
64 164
64 166
64 167
64 168
64 172
64 173
64 174
64 175
64 176
64 178
64 179
65 69
65 70
65 71
65 74
65 76
65 77
65 78
65 79
65 80
65 83
65 84
65 85
65 86
65 87
65 88
65 90
65 91
65 93
65 94
65 95
65 98
65 105
65 107
65 108
65 109
65 113
65 116
65 117
65 119
65 122
65 123
65 124
65 125
65 126
65 129
65 130
65 131
65 132
65 133
65 135
65 136
65 140
65 142
65 143
65 145
65 148
65 149
65 151
65 153
65 157
65 159
65 161
65 162
65 163
65 164
65 166
65 167
65 168
65 171
65 173
65 174
65 175
65 176
65 178
65 179
66 67
66 69
66 73
66 75
66 78
66 81
66 82
66 83
66 84
66 85
66 86
66 87
66 88
66 89
66 91
66 93
66 94
66 96
66 97
66 99
66 102
66 104
66 107
66 108
66 112
66 113
66 114
66 115
66 116
66 118
66 119
66 121
66 124
66 127
66 129
66 133
66 134
66 136
66 137
66 140
66 141
66 143
66 144
66 146
66 150
66 151
66 152
66 153
66 154
66 155
66 157
66 158
66 160
66 163
66 165
66 166
66 167
66 169
66 171
66 174
66 175
66 178
66 179
67 68
67 69
67 71
67 72
67 75
67 76
67 78
67 79
67 80
67 81
67 82
67 84
67 88
67 90
67 91
67 92
67 93
67 96
67 97
67 98
67 99
67 102
67 103
67 104
67 105
67 106
67 107
67 109
67 111
67 112
67 113
67 117
67 119
67 120
67 125
67 127
67 128
67 129
67 135
67 136
67 137
67 139
67 140
67 142
67 143
67 144
67 145
67 146
67 147
67 150
67 151
67 152
67 153
67 154
67 155
67 156
67 158
67 159
67 160
67 161
67 162
67 164
67 168
67 171
67 172
67 173
67 174
67 179
68 72
68 74
68 75
68 78
68 80
68 81
68 83
68 85
68 86
68 88
68 89
68 90
68 93
68 95
68 96
68 97
68 99
68 100
68 101
68 103
68 107
68 108
68 109
68 110
68 111
68 115
68 124
68 128
68 131
68 132
68 133
68 136
68 139
68 140
68 141
68 143
68 147
68 148
68 149
68 151
68 152
68 154
68 155
68 156
68 157
68 158
68 161
68 163
68 164
68 165
68 166
68 168
68 169
68 172
68 175
68 176
68 177
68 178
68 179
69 71
69 72
69 73
69 77
69 79
69 80
69 81
69 84
69 85
69 86
69 91
69 93
69 94
69 95
69 96
69 97
69 100
69 101
69 103
69 104
69 108
69 109
69 110
69 111
69 112
69 113
69 114
69 116
69 118
69 119
69 120
69 122
69 123
69 124
69 126
69 127
69 128
69 129
69 130
69 131
69 132
69 134
69 136
69 137
69 138
69 140
69 141
69 142
69 144
69 145
69 147
69 148
69 149
69 150
69 152
69 153
69 155
69 157
69 160
69 161
69 162
69 163
69 164
69 165
69 166
69 168
69 169
69 170
69 171
69 172
69 173
69 174
69 176
69 177
69 179
70 73
70 74
70 75
70 76
70 78
70 79
70 81
70 82
70 83
70 84
70 85
70 86
70 91
70 93
70 94
70 95
70 96
70 97
70 98
70 99
70 101
70 102
70 103
70 104
70 106
70 113
70 116
70 117
70 118
70 119
70 126
70 131
70 132
70 133
70 136
70 137
70 139
70 141
70 142
70 143
70 145
70 146
70 147
70 149
70 150
70 153
70 156
70 157
70 159
70 160
70 161
70 163
70 164
70 166
70 167
70 168
70 169
70 172
70 174
70 175
70 176
70 178
70 179
71 72
71 73
71 75
71 76
71 77
71 78
71 79
71 80
71 81
71 82
71 83
71 84
71 88
71 90
71 91
71 92
71 93
71 97
71 98
71 99
71 101
71 102
71 103
71 107
71 108
71 113
71 114
71 117
71 118
71 119
71 120
71 121
71 123
71 124
71 125
71 127
71 128
71 129
71 130
71 132
71 133
71 134
71 137
71 138
71 140
71 141
71 142
71 143
71 147
71 148
71 149
71 150
71 151
71 152
71 154
71 155
71 156
71 158
71 160
71 162
71 164
71 165
71 166
71 167
71 168
71 170
71 171
71 172
71 174
71 175
71 177
71 178
71 179
72 73
72 74
72 77
72 78
72 79
72 80
72 81
72 82
72 84
72 90
72 91
72 93
72 94
72 97
72 98
72 100
72 102
72 103
72 104
72 106
72 107
72 108
72 109
72 110
72 115
72 117
72 119
72 121
72 124
72 126
72 127
72 128
72 129
72 130
72 131
72 132
72 133
72 135
72 138
72 140
72 141
72 144
72 147
72 150
72 152
72 155
72 157
72 158
72 159
72 161
72 164
72 165
72 166
72 167
72 171
72 172
72 175
72 177
72 178
72 179
73 75
73 76
73 77
73 78
73 80
73 82
73 83
73 84
73 85
73 88
73 89
73 90
73 91
73 93
73 94
73 100
73 103
73 104
73 105
73 106
73 107
73 108
73 110
73 115
73 116
73 117
73 120
73 124
73 126
73 128
73 130
73 131
73 133
73 134
73 135
73 136
73 137
73 139
73 140
73 141
73 142
73 145
73 146
73 148
73 149
73 151
73 155
73 156
73 158
73 160
73 161
73 162
73 167
73 168
73 169
73 170
73 171
73 172
73 173
73 174
73 175
73 176
73 178
74 80
74 81
74 86
74 87
74 88
74 89
74 90
74 93
74 94
74 96
74 97
74 98
74 100
74 101
74 102
74 103
74 105
74 106
74 107
74 110
74 111
74 112
74 113
74 117
74 118
74 119
74 120
74 123
74 124
74 128
74 129
74 130
74 132
74 133
74 140
74 141
74 142
74 144
74 145
74 146
74 149
74 151
74 153
74 154
74 156
74 157
74 159
74 162
74 163
74 164
74 167
74 169
74 173
74 177
75 78
75 82
75 83
75 84
75 85
75 87
75 90
75 91
75 97
75 98
75 102
75 103
75 104
75 105
75 108
75 109
75 110
75 111
75 112
75 113
75 114
75 115
75 116
75 117
75 118
75 119
75 120
75 121
75 123
75 124
75 127
75 128
75 130
75 134
75 136
75 140
75 141
75 143
75 144
75 145
75 149
75 150
75 152
75 153
75 154
75 157
75 158
75 162
75 163
75 165
75 167
75 169
75 174
75 175
75 177
75 179
76 77
76 79
76 80
76 81
76 82
76 85
76 86
76 87
76 89
76 91
76 92
76 93
76 95
76 97
76 98
76 99
76 100
76 101
76 105
76 106
76 107
76 109
76 110
76 111
76 112
76 114
76 116
76 119
76 123
76 124
76 125
76 126
76 128
76 129
76 130
76 131
76 132
76 134
76 135
76 138
76 139
76 141
76 144
76 146
76 148
76 149
76 152
76 153
76 154
76 156
76 157
76 159
76 160
76 161
76 163
76 165
76 166
76 167
76 169
76 170
76 171
76 172
76 173
76 174
76 175
76 176
76 177
76 179
77 80
77 84
77 85
77 86
77 87
77 88
77 89
77 91
77 93
77 95
77 96
77 98
77 100
77 102
77 103
77 105
77 106
77 107
77 110
77 112
77 113
77 115
77 116
77 117
77 119
77 120
77 122
77 125
77 127
77 129
77 133
77 134
77 136
77 138
77 139
77 140
77 143
77 144
77 147
77 149
77 150
77 153
77 154
77 155
77 156
77 157
77 158
77 159
77 160
77 162
77 164
77 165
77 168
77 169
77 172
77 174
77 175
77 177
77 179
78 81
78 82
78 84
78 88
78 89
78 90
78 91
78 94
78 95
78 97
78 98
78 100
78 105
78 106
78 107
78 111
78 112
78 117
78 120
78 124
78 125
78 126
78 127
78 129
78 130
78 134
78 135
78 136
78 137
78 138
78 139
78 141
78 143
78 144
78 145
78 146
78 147
78 148
78 149
78 152
78 153
78 154
78 158
78 159
78 161
78 165
78 167
78 168
78 169
78 170
78 172
78 174
78 175
78 178
78 179
79 80
79 81
79 82
79 83
79 85
79 86
79 89
79 92
79 93
79 94
79 95
79 96
79 97
79 98
79 101
79 105
79 106
79 108
79 110
79 112
79 113
79 114
79 115
79 116
79 118
79 120
79 121
79 122
79 125
79 126
79 128
79 130
79 132
79 133
79 134
79 135
79 136
79 137
79 139
79 140
79 141
79 142
79 143
79 146
79 147
79 150
79 151
79 152
79 154
79 155
79 156
79 158
79 161
79 165
79 169
79 171
79 172
79 173
79 174
79 175
79 178
79 179
80 81
80 82
80 83
80 84
80 85
80 86
80 87
80 89
80 90
80 92
80 93
80 95
80 99
80 100
80 101
80 106
80 107
80 108
80 110
80 112
80 115
80 117
80 119
80 122
80 123
80 127
80 128
80 129
80 131
80 132
80 133
80 134
80 136
80 137
80 141
80 142
80 143
80 145
80 147
80 149
80 150
80 151
80 152
80 155
80 158
80 161
80 162
80 163
80 164
80 165
80 166
80 168
80 171
80 173
80 174
80 175
80 176
80 178
80 179
81 82
81 85
81 87
81 90
81 91
81 92
81 93
81 96
81 99
81 100
81 101
81 102
81 105
81 106
81 107
81 111
81 112
81 113
81 118
81 119
81 120
81 122
81 124
81 125
81 130
81 131
81 133
81 135
81 136
81 137
81 138
81 144
81 147
81 148
81 149
81 151
81 152
81 153
81 154
81 155
81 156
81 159
81 160
81 161
81 163
81 165
81 166
81 167
81 169
81 170
81 172
81 173
81 174
81 175
81 177
81 179
82 83
82 84
82 85
82 86
82 87
82 89
82 94
82 95
82 96
82 97
82 98
82 101
82 102
82 104
82 105
82 106
82 107
82 109
82 112
82 114
82 115
82 116
82 117
82 118
82 119
82 123
82 125
82 126
82 127
82 128
82 130
82 132
82 135
82 136
82 137
82 140
82 141
82 143
82 144
82 145
82 146
82 147
82 150
82 153
82 154
82 155
82 156
82 158
82 159
82 160
82 161
82 162
82 163
82 165
82 166
82 167
82 168
82 169
82 170
82 172
82 173
82 174
82 177
82 178
82 179
83 86
83 87
83 88
83 90
83 91
83 92
83 94
83 97
83 99
83 103
83 104
83 106
83 107
83 109
83 110
83 111
83 112
83 113
83 115
83 117
83 118
83 119
83 121
83 122
83 123
83 124
83 125
83 127
83 128
83 129
83 131
83 132
83 134
83 135
83 138
83 139
83 140
83 142
83 143
83 144
83 145
83 147
83 148
83 149
83 151
83 152
83 153
83 154
83 157
83 158
83 159
83 160
83 161
83 163
83 166
83 167
83 169
83 171
83 172
83 175
83 176
83 177
84 86
84 87
84 89
84 90
84 93
84 95
84 96
84 97
84 98
84 100
84 104
84 105
84 106
84 107
84 108
84 109
84 110
84 111
84 112
84 114
84 115
84 117
84 120
84 121
84 123
84 124
84 125
84 126
84 128
84 130
84 132
84 133
84 134
84 135
84 136
84 137
84 138
84 140
84 142
84 143
84 144
84 145
84 146
84 148
84 149
84 150
84 152
84 154
84 155
84 157
84 158
84 159
84 161
84 163
84 167
84 169
84 171
84 173
84 174
84 175
84 178
84 179
85 86
85 89
85 90
85 91
85 92
85 94
85 97
85 101
85 102
85 103
85 105
85 106
85 108
85 109
85 110
85 111
85 114
85 115
85 116
85 117
85 119
85 123
85 124
85 126
85 127
85 129
85 131
85 137
85 139
85 143
85 145
85 146
85 147
85 148
85 149
85 151
85 152
85 153
85 154
85 155
85 156
85 158
85 159
85 162
85 164
85 165
85 167
85 168
85 170
85 172
85 173
85 174
85 176
85 177
85 178
85 179
86 87
86 89
86 91
86 93
86 95
86 96
86 98
86 99
86 101
86 102
86 103
86 104
86 105
86 106
86 107
86 109
86 112
86 115
86 116
86 117
86 119
86 120
86 121
86 123
86 124
86 126
86 127
86 128
86 130
86 132
86 134
86 135
86 142
86 143
86 144
86 145
86 146
86 148
86 152
86 153
86 154
86 156
86 157
86 159
86 163
86 164
86 166
86 167
86 170
86 172
86 175
86 177
86 179
87 88
87 89
87 91
87 92
87 93
87 94
87 96
87 98
87 99
87 100
87 102
87 103
87 104
87 106
87 107
87 109
87 113
87 115
87 116
87 117
87 119
87 120
87 122
87 124
87 125
87 127
87 128
87 129
87 130
87 131
87 132
87 134
87 136
87 137
87 138
87 140
87 141
87 144
87 146
87 147
87 148
87 151
87 152
87 153
87 154
87 155
87 157
87 158
87 159
87 160
87 161
87 163
87 164
87 166
87 167
87 168
87 175
87 179
88 89
88 94
88 95
88 97
88 98
88 99
88 100
88 103
88 105
88 106
88 108
88 110
88 111
88 113
88 116
88 117
88 119
88 120
88 122
88 123
88 124
88 125
88 128
88 129
88 133
88 134
88 135
88 138
88 139
88 140
88 141
88 143
88 146
88 148
88 149
88 150
88 151
88 154
88 155
88 157
88 159
88 161
88 162
88 163
88 164
88 166
88 167
88 168
88 169
88 170
88 175
88 176
88 178
89 90
89 91
89 92
89 93
89 94
89 95
89 96
89 97
89 100
89 102
89 103
89 104
89 105
89 106
89 107
89 109
89 110
89 111
89 112
89 113
89 116
89 117
89 119
89 121
89 122
89 126
89 128
89 129
89 130
89 131
89 133
89 134
89 136
89 138
89 141
89 142
89 143
89 145
89 146
89 147
89 148
89 151
89 153
89 156
89 157
89 158
89 159
89 160
89 161
89 164
89 166
89 168
89 169
89 170
89 171
89 172
89 175
89 177
90 92
90 94
90 95
90 96
90 99
90 101
90 102
90 106
90 108
90 114
90 116
90 117
90 118
90 119
90 120
90 121
90 122
90 125
90 126
90 127
90 128
90 132
90 133
90 134
90 135
90 136
90 137
90 139
90 141
90 142
90 143
90 146
90 147
90 149
90 152
90 153
90 154
90 155
90 159
90 160
90 162
90 169
90 173
90 177
91 94
91 95
91 96
91 97
91 102
91 103
91 104
91 105
91 109
91 110
91 114
91 117
91 118
91 120
91 121
91 123
91 124
91 126
91 127
91 128
91 129
91 130
91 132
91 133
91 134
91 135
91 137
91 138
91 142
91 143
91 144
91 145
91 146
91 147
91 148
91 152
91 153
91 156
91 158
91 159
91 160
91 162
91 163
91 167
91 168
91 169
91 173
91 174
91 175
91 176
91 178
91 179
92 93
92 94
92 95
92 96
92 104
92 106
92 110
92 114
92 115
92 116
92 118
92 121
92 122
92 124
92 125
92 129
92 130
92 131
92 132
92 133
92 134
92 136
92 137
92 139
92 140
92 142
92 143
92 145
92 148
92 149
92 150
92 151
92 152
92 154
92 156
92 157
92 159
92 160
92 162
92 164
92 165
92 166
92 167
92 169
92 171
92 172
92 173
92 174
92 179
93 94
93 95
93 96
93 99
93 100
93 101
93 102
93 103
93 106
93 107
93 108
93 110
93 111
93 112
93 113
93 115
93 117
93 119
93 120
93 125
93 126
93 127
93 132
93 135
93 136
93 137
93 139
93 141
93 142
93 143
93 145
93 146
93 149
93 150
93 152
93 153
93 154
93 155
93 156
93 158
93 159
93 160
93 162
93 164
93 170
93 171
93 173
93 174
93 176
93 178
94 96
94 97
94 99
94 101
94 102
94 103
94 105
94 106
94 108
94 109
94 110
94 111
94 112
94 114
94 116
94 118
94 120
94 123
94 124
94 125
94 128
94 129
94 130
94 132
94 134
94 135
94 136
94 137
94 138
94 139
94 141
94 142
94 143
94 144
94 148
94 150
94 151
94 152
94 154
94 155
94 157
94 160
94 161
94 162
94 163
94 164
94 166
94 168
94 169
94 171
94 172
94 173
94 174
94 178
94 179
95 96
95 98
95 100
95 101
95 103
95 104
95 105
95 106
95 107
95 108
95 110
95 113
95 114
95 116
95 118
95 125
95 126
95 127
95 128
95 130
95 132
95 133
95 134
95 136
95 138
95 139
95 141
95 143
95 144
95 145
95 146
95 147
95 152
95 156
95 157
95 159
95 160
95 163
95 164
95 166
95 167
95 169
95 174
95 175
95 178
96 99
96 100
96 102
96 103
96 104
96 105
96 106
96 107
96 108
96 110
96 112
96 116
96 117
96 121
96 122
96 124
96 125
96 126
96 127
96 128
96 131
96 132
96 133
96 134
96 135
96 136
96 138
96 139
96 143
96 144
96 145
96 147
96 148
96 149
96 151
96 152
96 153
96 154
96 156
96 158
96 159
96 161
96 162
96 164
96 165
96 166
96 168
96 170
96 171
96 175
96 177
97 98
97 99
97 101
97 102
97 106
97 108
97 112
97 117
97 118
97 119
97 120
97 122
97 123
97 124
97 125
97 126
97 128
97 129
97 130
97 133
97 134
97 136
97 138
97 140
97 141
97 142
97 145
97 146
97 147
97 149
97 151
97 152
97 153
97 154
97 158
97 159
97 161
97 162
97 164
97 165
97 168
97 169
97 170
97 172
97 175
97 176
97 177
97 178
97 179
98 99
98 100
98 102
98 104
98 105
98 109
98 110
98 111
98 112
98 114
98 116
98 120
98 121
98 122
98 123
98 124
98 126
98 131
98 132
98 133
98 135
98 137
98 138
98 139
98 140
98 141
98 143
98 145
98 146
98 147
98 153
98 154
98 155
98 158
98 160
98 161
98 163
98 164
98 165
98 169
98 170
98 171
98 174
98 175
98 177
98 178
99 100
99 104
99 106
99 107
99 108
99 109
99 111
99 112
99 116
99 117
99 118
99 120
99 121
99 122
99 124
99 129
99 131
99 132
99 133
99 134
99 135
99 136
99 137
99 138
99 139
99 144
99 147
99 148
99 149
99 150
99 151
99 152
99 153
99 154
99 155
99 156
99 157
99 159
99 160
99 161
99 166
99 170
99 171
99 172
99 174
99 175
99 176
99 177
99 178
99 179
100 103
100 106
100 110
100 111
100 113
100 114
100 115
100 116
100 117
100 118
100 121
100 122
100 123
100 124
100 125
100 126
100 127
100 129
100 131
100 132
100 133
100 134
100 135
100 136
100 137
100 139
100 140
100 142
100 145
100 149
100 151
100 153
100 155
100 157
100 158
100 161
100 162
100 163
100 164
100 165
100 166
100 170
100 171
100 172
100 174
100 175
100 177
101 102
101 103
101 104
101 106
101 107
101 108
101 109
101 113
101 114
101 115
101 116
101 117
101 118
101 119
101 120
101 121
101 122
101 124
101 126
101 127
101 130
101 131
101 133
101 135
101 137
101 138
101 140
101 142
101 143
101 144
101 145
101 147
101 148
101 152
101 154
101 156
101 158
101 160
101 161
101 163
101 164
101 166
101 168
101 169
101 172
101 176
102 103
102 104
102 105
102 106
102 107
102 108
102 109
102 110
102 111
102 112
102 113
102 115
102 116
102 117
102 118
102 119
102 121
102 122
102 123
102 124
102 125
102 126
102 128
102 129
102 132
102 134
102 135
102 137
102 138
102 141
102 142
102 145
102 146
102 148
102 149
102 152
102 153
102 154
102 155
102 156
102 158
102 159
102 160
102 162
102 164
102 165
102 166
102 167
102 168
102 169
102 170
102 171
102 172
102 174
102 176
102 179
103 105
103 106
103 109
103 110
103 112
103 116
103 120
103 121
103 122
103 123
103 125
103 127
103 131
103 135
103 136
103 137
103 138
103 139
103 140
103 141
103 143
103 144
103 145
103 146
103 147
103 148
103 149
103 150
103 154
103 155
103 156
103 157
103 158
103 159
103 161
103 163
103 164
103 165
103 166
103 168
103 169
103 170
103 171
103 172
103 173
103 175
103 176
103 178
104 105
104 106
104 108
104 109
104 113
104 118
104 120
104 122
104 125
104 126
104 127
104 128
104 129
104 132
104 133
104 134
104 135
104 136
104 137
104 138
104 139
104 140
104 141
104 142
104 144
104 145
104 147
104 148
104 150
104 152
104 156
104 158
104 162
104 164
104 167
104 169
104 171
104 172
104 174
104 175
104 176
104 177
105 106
105 107
105 108
105 109
105 111
105 112
105 113
105 115
105 118
105 119
105 120
105 121
105 122
105 124
105 126
105 128
105 130
105 132
105 133
105 134
105 135
105 136
105 138
105 141
105 142
105 144
105 147
105 150
105 152
105 153
105 154
105 155
105 158
105 159
105 162
105 163
105 164
105 165
105 167
105 168
105 169
105 170
105 171
105 172
105 174
105 177
106 107
106 108
106 109
106 110
106 111
106 112
106 115
106 117
106 118
106 120
106 121
106 122
106 124
106 126
106 128
106 129
106 130
106 132
106 134
106 135
106 136
106 138
106 141
106 142
106 143
106 144
106 145
106 148
106 149
106 152
106 154
106 157
106 158
106 159
106 161
106 162
106 163
106 165
106 166
106 168
106 169
106 170
106 174
106 176
106 177
106 178
106 179
107 108
107 109
107 110
107 111
107 113
107 114
107 118
107 119
107 120
107 121
107 123
107 126
107 127
107 128
107 129
107 131
107 132
107 133
107 135
107 136
107 138
107 139
107 142
107 143
107 145
107 146
107 147
107 149
107 150
107 152
107 154
107 155
107 156
107 158
107 160
107 161
107 162
107 163
107 164
107 165
107 167
107 170
107 171
107 172
107 173
107 175
107 176
107 177
107 178
108 109
108 111
108 112
108 113
108 114
108 117
108 118
108 119
108 120
108 121
108 122
108 123
108 125
108 127
108 129
108 130
108 133
108 136
108 137
108 139
108 140
108 141
108 144
108 145
108 146
108 147
108 148
108 153
108 154
108 155
108 156
108 157
108 158
108 159
108 160
108 161
108 164
108 165
108 166
108 167
108 168
108 169
108 170
108 172
108 173
108 174
108 177
109 112
109 113
109 114
109 115
109 117
109 118
109 120
109 121
109 122
109 125
109 126
109 128
109 130
109 131
109 132
109 134
109 135
109 137
109 138
109 139
109 141
109 143
109 146
109 147
109 148
109 149
109 150
109 151
109 153
109 155
109 156
109 157
109 158
109 160
109 162
109 164
109 165
109 167
109 168
109 171
109 172
109 174
109 175
109 178
109 179
110 111
110 114
110 115
110 118
110 119
110 120
110 123
110 124
110 125
110 127
110 130
110 131
110 133
110 134
110 135
110 138
110 139
110 140
110 141
110 142
110 144
110 145
110 146
110 147
110 148
110 149
110 150
110 151
110 152
110 153
110 155
110 156
110 157
110 158
110 161
110 162
110 165
110 166
110 167
110 168
110 169
110 171
110 175
110 176
110 178
110 179
111 114
111 115
111 116
111 117
111 120
111 125
111 128
111 129
111 130
111 131
111 132
111 133
111 134
111 136
111 137
111 139
111 140
111 142
111 143
111 144
111 146
111 148
111 157
111 159
111 162
111 165
111 169
111 170
111 171
111 172
111 174
111 177
111 178
111 179
112 114
112 115
112 118
112 119
112 123
112 125
112 128
112 129
112 130
112 133
112 134
112 139
112 140
112 141
112 142
112 143
112 146
112 148
112 151
112 152
112 157
112 158
112 159
112 160
112 161
112 164
112 167
112 168
112 170
112 171
112 172
112 175
112 176
113 115
113 117
113 118
113 121
113 122
113 125
113 127
113 128
113 129
113 130
113 131
113 132
113 134
113 135
113 137
113 138
113 139
113 141
113 142
113 143
113 144
113 145
113 146
113 150
113 152
113 154
113 155
113 156
113 157
113 163
113 165
113 166
113 167
113 168
113 169
113 170
113 171
113 174
113 175
113 178
113 179
114 115
114 118
114 120
114 121
114 122
114 123
114 127
114 128
114 130
114 131
114 133
114 134
114 135
114 138
114 139
114 143
114 146
114 150
114 151
114 152
114 153
114 155
114 159
114 160
114 161
114 163
114 164
114 169
114 170
114 171
114 172
114 173
114 174
114 177
115 116
115 118
115 119
115 121
115 122
115 123
115 124
115 125
115 126
115 127
115 128
115 129
115 130
115 131
115 135
115 137
115 138
115 141
115 143
115 146
115 147
115 148
115 149
115 150
115 153
115 154
115 155
115 156
115 159
115 160
115 165
115 166
115 169
115 170
115 172
115 173
115 174
115 177
115 179
116 117
116 118
116 119
116 120
116 121
116 122
116 126
116 128
116 129
116 130
116 132
116 134
116 135
116 137
116 139
116 141
116 146
116 147
116 148
116 153
116 154
116 155
116 156
116 158
116 159
116 160
116 161
116 164
116 165
116 166
116 167
116 168
116 170
116 172
116 175
116 178
116 179
117 120
117 122
117 123
117 125
117 126
117 127
117 128
117 131
117 132
117 133
117 135
117 136
117 137
117 138
117 140
117 141
117 142
117 143
117 144
117 146
117 148
117 149
117 150
117 151
117 154
117 155
117 156
117 158
117 161
117 162
117 165
117 166
117 167
117 169
117 170
117 171
117 172
117 173
117 174
117 176
117 178
117 179
118 119
118 120
118 121
118 122
118 123
118 126
118 127
118 128
118 129
118 132
118 133
118 136
118 141
118 143
118 144
118 146
118 147
118 149
118 151
118 152
118 153
118 158
118 160
118 161
118 162
118 164
118 166
118 167
118 168
118 172
118 174
118 175
118 176
118 177
118 178
118 179
119 122
119 125
119 126
119 127
119 130
119 132
119 133
119 134
119 137
119 139
119 140
119 141
119 142
119 143
119 144
119 145
119 146
119 147
119 148
119 149
119 150
119 151
119 152
119 153
119 155
119 156
119 157
119 158
119 159
119 164
119 166
119 167
119 169
119 170
119 172
119 176
119 177
119 178
120 121
120 123
120 126
120 127
120 128
120 130
120 131
120 134
120 136
120 137
120 138
120 139
120 141
120 142
120 143
120 145
120 146
120 147
120 148
120 149
120 150
120 151
120 153
120 154
120 156
120 157
120 159
120 160
120 161
120 162
120 163
120 166
120 167
120 168
120 169
120 170
120 171
120 172
120 173
120 174
120 179
121 125
121 126
121 128
121 131
121 132
121 135
121 137
121 138
121 140
121 145
121 146
121 147
121 148
121 149
121 150
121 152
121 153
121 154
121 156
121 158
121 160
121 162
121 164
121 166
121 167
121 168
121 169
121 170
121 171
121 172
121 174
121 175
121 178
121 179
122 124
122 125
122 126
122 129
122 130
122 131
122 132
122 134
122 137
122 138
122 139
122 140
122 142
122 144
122 145
122 146
122 147
122 148
122 150
122 151
122 152
122 153
122 154
122 155
122 156
122 157
122 158
122 159
122 160
122 163
122 165
122 168
122 170
122 171
122 172
122 174
122 177
122 178
122 179
123 126
123 128
123 129
123 130
123 131
123 132
123 134
123 135
123 139
123 141
123 143
123 145
123 146
123 147
123 148
123 149
123 153
123 154
123 155
123 156
123 157
123 159
123 160
123 161
123 163
123 164
123 165
123 167
123 168
123 169
123 171
123 172
123 173
123 176
124 130
124 133
124 136
124 137
124 138
124 139
124 140
124 141
124 142
124 143
124 144
124 145
124 146
124 147
124 148
124 149
124 150
124 151
124 153
124 154
124 155
124 156
124 157
124 158
124 160
124 161
124 163
124 164
124 167
124 169
124 170
124 171
124 172
124 177
124 178
124 179
125 126
125 128
125 130
125 132
125 134
125 139
125 140
125 142
125 143
125 144
125 145
125 146
125 147
125 149
125 151
125 153
125 155
125 156
125 157
125 158
125 159
125 161
125 163
125 167
125 168
125 169
125 170
125 171
125 173
125 175
125 177
126 128
126 129
126 131
126 132
126 133
126 136
126 137
126 138
126 141
126 142
126 143
126 144
126 147
126 150
126 151
126 154
126 157
126 158
126 159
126 160
126 161
126 162
126 164
126 165
126 166
126 167
126 170
126 171
126 172
126 173
126 175
126 176
126 177
126 178
126 179
127 128
127 130
127 131
127 132
127 134
127 135
127 136
127 138
127 141
127 142
127 143
127 145
127 147
127 151
127 152
127 154
127 155
127 156
127 158
127 159
127 160
127 161
127 166
127 168
127 172
127 173
127 175
127 177
127 178
127 179
128 129
128 130
128 131
128 132
128 134
128 137
128 139
128 143
128 144
128 146
128 147
128 148
128 150
128 151
128 153
128 154
128 155
128 156
128 158
128 159
128 161
128 162
128 163
128 165
128 166
128 167
128 168
128 170
128 171
128 175
128 179
129 131
129 133
129 134
129 135
129 137
129 138
129 139
129 141
129 142
129 143
129 144
129 145
129 150
129 151
129 152
129 153
129 159
129 161
129 162
129 163
129 165
129 170
129 173
129 174
129 177
129 179
130 131
130 134
130 136
130 137
130 138
130 139
130 140
130 143
130 144
130 147
130 150
130 151
130 152
130 153
130 154
130 155
130 157
130 158
130 159
130 160
130 161
130 163
130 165
130 168
130 169
130 174
130 177
130 178
130 179
131 132
131 134
131 135
131 138
131 139
131 140
131 142
131 143
131 144
131 145
131 148
131 149
131 150
131 151
131 152
131 154
131 155
131 156
131 158
131 159
131 161
131 162
131 164
131 168
131 169
131 171
131 172
131 173
131 174
131 176
131 177
131 179
132 134
132 135
132 136
132 137
132 138
132 141
132 143
132 144
132 145
132 146
132 148
132 150
132 151
132 154
132 155
132 160
132 161
132 163
132 166
132 169
132 170
132 172
132 174
132 175
132 176
132 177
132 179
133 134
133 137
133 138
133 139
133 140
133 142
133 145
133 147
133 148
133 149
133 150
133 153
133 154
133 156
133 157
133 158
133 159
133 160
133 161
133 162
133 163
133 164
133 166
133 167
133 168
133 169
133 170
133 171
133 172
133 175
133 176
133 178
134 140
134 144
134 145
134 146
134 147
134 151
134 152
134 153
134 154
134 158
134 162
134 165
134 168
134 170
134 172
134 173
134 175
134 176
134 179
135 136
135 137
135 138
135 139
135 142
135 143
135 145
135 146
135 147
135 149
135 150
135 152
135 154
135 155
135 158
135 161
135 162
135 163
135 164
135 165
135 166
135 167
135 168
135 169
135 171
135 172
135 173
135 174
135 175
135 176
136 138
136 142
136 144
136 147
136 148
136 149
136 150
136 157
136 158
136 159
136 160
136 162
136 163
136 164
136 165
136 166
136 169
136 171
136 172
136 173
136 174
136 175
136 176
136 177
136 178
137 139
137 140
137 141
137 142
137 143
137 144
137 145
137 149
137 152
137 153
137 154
137 155
137 156
137 158
137 159
137 160
137 161
137 164
137 165
137 166
137 167
137 171
137 175
137 176
137 177
138 139
138 141
138 144
138 147
138 148
138 149
138 150
138 152
138 153
138 157
138 160
138 161
138 162
138 168
138 169
138 170
138 171
138 174
138 175
138 176
138 177
139 140
139 141
139 142
139 145
139 146
139 147
139 149
139 150
139 151
139 152
139 153
139 154
139 156
139 157
139 159
139 160
139 161
139 164
139 165
139 167
139 168
139 170
139 174
139 176
139 177
139 178
139 179
140 141
140 143
140 144
140 145
140 148
140 150
140 152
140 154
140 155
140 157
140 158
140 159
140 160
140 161
140 162
140 163
140 164
140 167
140 168
140 170
140 173
140 174
140 175
140 176
140 177
140 178
141 142
141 143
141 144
141 147
141 150
141 153
141 155
141 156
141 157
141 158
141 159
141 160
141 161
141 163
141 164
141 165
141 167
141 168
141 169
141 171
141 175
141 177
141 178
142 144
142 145
142 148
142 153
142 154
142 156
142 158
142 162
142 163
142 168
142 169
142 170
142 171
142 172
142 173
142 175
142 176
142 178
142 179
143 144
143 145
143 147
143 148
143 151
143 152
143 153
143 154
143 158
143 159
143 162
143 163
143 164
143 168
143 169
143 171
143 172
143 174
143 175
143 176
144 147
144 149
144 150
144 152
144 154
144 156
144 157
144 158
144 159
144 160
144 161
144 162
144 163
144 164
144 166
144 169
144 170
144 171
144 173
144 175
144 179
145 146
145 147
145 148
145 150
145 151
145 152
145 153
145 157
145 159
145 163
145 165
145 166
145 167
145 169
145 171
145 173
145 174
145 176
145 177
145 179
146 147
146 148
146 149
146 151
146 154
146 155
146 156
146 157
146 158
146 159
146 161
146 162
146 163
146 165
146 167
146 168
146 169
146 171
146 172
146 173
146 175
146 177
146 178
147 148
147 149
147 150
147 151
147 152
147 153
147 155
147 158
147 159
147 161
147 162
147 164
147 166
147 168
147 171
147 172
147 173
147 177
148 149
148 150
148 152
148 153
148 157
148 159
148 160
148 162
148 163
148 164
148 165
148 166
148 168
148 169
148 171
148 172
148 173
148 174
148 176
148 179
149 150
149 152
149 153
149 154
149 157
149 158
149 159
149 160
149 164
149 165
149 166
149 167
149 168
149 170
149 171
149 172
149 175
149 176
150 154
150 156
150 157
150 158
150 160
150 161
150 165
150 166
150 168
150 169
150 170
150 171
150 174
150 175
150 176
150 177
150 178
151 152
151 153
151 154
151 155
151 156
151 157
151 159
151 160
151 161
151 164
151 165
151 166
151 167
151 168
151 170
151 171
151 173
151 178
152 154
152 155
152 156
152 158
152 159
152 160
152 162
152 164
152 165
152 168
152 169
152 170
152 171
152 172
152 174
152 175
152 179
153 154
153 157
153 159
153 161
153 162
153 165
153 166
153 167
153 170
153 172
153 174
153 175
153 176
153 178
153 179
154 156
154 158
154 163
154 164
154 165
154 167
154 169
154 170
154 171
154 173
154 175
154 176
154 177
154 178
154 179
155 156
155 157
155 159
155 160
155 162
155 163
155 164
155 165
155 166
155 168
155 171
155 172
155 174
155 175
155 177
155 179
156 157
156 158
156 159
156 161
156 162
156 163
156 164
156 166
156 168
156 169
156 170
156 173
156 174
156 175
156 176
156 177
156 178
156 179
157 158
157 159
157 160
157 161
157 162
157 164
157 166
157 167
157 170
157 171
157 172
157 175
157 176
157 177
157 178
157 179
158 159
158 160
158 161
158 163
158 164
158 165
158 167
158 168
158 170
158 171
158 172
158 177
159 162
159 163
159 169
159 170
159 171
159 175
159 177
159 178
159 179
160 161
160 162
160 163
160 164
160 165
160 166
160 167
160 168
160 170
160 175
160 177
160 178
161 162
161 164
161 168
161 169
161 171
161 172
161 175
161 176
161 177
162 164
162 165
162 166
162 168
162 169
162 170
162 171
162 177
162 178
163 164
163 165
163 168
163 169
163 171
163 173
163 174
163 175
164 170
164 171
164 172
164 174
164 175
164 179
165 166
165 167
165 168
165 169
165 170
165 171
165 172
165 173
165 175
165 176
165 177
165 178
166 168
166 172
166 173
166 174
166 175
166 176
166 179
167 170
167 172
167 173
167 174
167 176
167 177
167 178
167 179
168 169
168 170
168 171
168 172
168 175
168 176
168 177
168 178
168 179
169 172
169 173
169 175
169 177
169 178
170 173
170 174
170 175
170 176
170 177
170 179
171 173
171 176
171 177
171 178
171 179
172 173
172 174
172 176
172 177
172 178
172 179
173 174
173 178
173 179
174 176
174 177
174 179
175 176
175 178
175 179
176 177
176 178
176 179
178 179
83 171 57 113 70 95 64 108 84 75 41 63 99 17 66 102 138 159 129 119 52 39 133 169 104 24 131
93 34 44 115 164 135 26 36 33 149 172 142 150 74 28 79 112 61 46 111 177 30 8 38 154 45 14
106 141 12 88 167 31 11 21 0 132 19 176 81 173 122 128 65 76 37 179 15 105 69 155 170 124 143
18 32 85 35 16 86 168 96 107 67 25 40 47 161 23 148 109 100 58 145 121 91 156 10 90 144 51
174 3 68 89 80 98 56 53 162 50 116 71 130 27 123 178 146 77 7 13 48 163 110 120 166 136 62
151 29 147 6 73 165 1 55 175 140 114 82 158 126 137 153 103 157 97 87 42 54 9 72 49 160 127
60 5 134 118 4 20 59 94 22 139 101 125 43 117 2 92 152 78
