130
837
4
95.03
39.65
95.4
55.11
0 1
0 30
0 31
0 44
0 53
0 60
0 103
0 116
0 126
1 9
1 36
1 45
1 62
1 66
1 84
1 90
1 102
1 110
2 18
2 19
2 20
2 29
2 35
2 39
2 40
2 63
2 70
2 77
2 105
2 111
2 119
3 4
3 9
3 23
3 56
3 60
3 62
3 63
3 71
3 73
3 81
3 93
3 95
3 97
3 100
3 101
4 14
4 26
4 28
4 29
4 42
4 44
4 57
4 58
4 79
4 116
5 22
5 55
5 84
5 89
5 91
5 99
5 110
5 122
6 10
6 12
6 23
6 34
6 40
6 43
6 51
6 60
6 68
6 85
6 98
6 120
6 121
7 16
7 31
7 52
7 57
7 122
7 126
8 12
8 14
8 21
8 24
8 25
8 39
8 40
8 49
8 53
8 55
8 77
8 79
8 92
8 93
8 121
8 122
9 13
9 14
9 23
9 40
9 60
9 70
9 75
9 82
9 85
9 87
9 99
9 122
10 12
10 24
10 27
10 28
10 37
10 46
10 48
10 65
10 70
10 84
10 91
10 104
10 105
10 120
10 122
10 124
11 29
11 37
11 40
11 52
11 54
11 68
11 72
11 88
11 96
11 98
11 111
11 114
11 116
11 119
11 123
12 21
12 26
12 27
12 37
12 44
12 64
12 70
12 77
12 80
12 85
12 106
12 113
12 118
12 125
13 21
13 27
13 31
13 38
13 39
13 47
13 48
13 55
13 56
13 65
13 67
13 72
13 91
13 92
13 110
13 112
14 23
14 25
14 28
14 29
14 45
14 70
14 108
14 123
15 21
15 25
15 32
15 33
15 42
15 43
15 46
15 65
15 71
15 87
15 128
16 17
16 41
16 42
16 63
16 74
16 81
16 86
16 89
16 93
16 101
16 105
16 117
17 18
17 22
17 37
17 54
17 60
17 62
17 83
17 85
17 88
17 98
17 100
17 122
17 126
17 129
18 27
18 58
18 63
18 90
18 117
18 125
19 25
19 37
19 40
19 43
19 47
19 49
19 56
19 100
19 106
19 126
19 129
20 22
20 64
20 65
20 99
20 101
20 109
20 116
20 127
21 34
21 39
21 46
21 51
21 54
21 60
21 69
21 84
21 90
21 99
21 107
21 114
21 119
21 120
21 123
22 29
22 36
22 69
22 72
22 79
22 87
22 88
22 89
23 29
23 31
23 40
23 43
23 53
23 54
23 55
23 60
23 61
23 68
23 76
23 81
23 98
23 102
23 126
24 25
24 30
24 34
24 50
24 59
24 61
24 80
24 83
24 86
24 103
24 107
24 114
24 118
24 121
25 35
25 36
25 43
25 49
25 52
25 56
25 60
25 63
25 65
25 94
25 108
25 114
25 123
25 127
26 31
26 35
26 37
26 44
26 76
26 89
26 93
26 96
26 118
26 125
27 39
27 45
27 54
27 62
27 67
27 70
27 73
27 79
27 92
27 115
28 64
28 68
28 84
28 95
28 110
28 119
28 127
29 39
29 42
29 51
29 56
29 68
29 76
29 78
29 82
29 102
29 107
29 115
29 126
29 129
30 37
30 41
30 45
30 49
30 59
30 68
30 69
30 81
30 86
30 94
31 37
31 45
31 47
31 54
31 70
31 85
31 90
31 94
31 97
31 100
31 109
32 51
32 55
32 61
32 79
32 81
32 86
32 97
32 102
32 104
33 35
33 45
33 49
33 59
33 66
33 86
33 101
33 108
33 128
33 129
34 75
34 83
34 89
34 95
34 109
34 110
34 111
34 124
35 73
35 90
35 102
35 120
36 44
36 59
36 72
36 74
36 76
36 81
36 86
36 87
36 125
37 46
37 47
37 71
37 81
37 82
37 87
37 89
37 98
37 111
37 126
38 43
38 48
38 56
38 57
38 70
38 80
38 90
38 97
38 119
38 126
38 129
39 43
39 56
39 61
39 71
39 76
39 79
39 88
39 110
39 124
40 43
40 50
40 72
40 81
40 83
40 97
40 109
40 110
40 113
40 116
40 122
40 126
41 49
41 54
41 66
41 71
41 72
41 73
41 74
41 95
41 118
41 124
42 43
42 54
42 65
42 68
42 91
42 104
42 123
42 126
43 76
43 81
43 91
43 96
43 100
43 106
44 46
44 52
44 53
44 68
44 71
44 76
44 79
44 92
44 108
45 59
45 65
45 71
45 72
45 90
45 103
45 108
45 127
46 55
46 67
46 68
46 69
46 72
46 73
46 75
46 79
46 85
46 89
46 92
46 97
46 128
47 56
47 64
47 96
47 102
47 107
47 111
47 125
47 127
48 54
48 71
48 72
48 75
48 78
48 80
48 86
48 94
48 105
49 52
49 65
49 74
49 87
49 94
49 108
49 118
50 58
50 70
50 89
50 99
51 74
51 82
51 98
51 106
51 115
51 123
51 128
52 58
52 68
52 70
52 78
52 81
52 84
52 86
52 88
52 120
52 121
53 54
53 71
53 82
53 109
53 111
53 114
53 120
54 65
54 92
54 106
54 121
54 125
54 126
55 68
55 74
55 81
55 82
55 86
55 90
55 104
55 108
56 71
56 78
56 114
57 59
57 72
57 91
57 93
57 108
57 109
57 110
57 122
58 87
58 96
58 127
58 129
59 65
59 86
59 112
59 119
59 120
59 125
60 74
60 78
60 82
60 91
60 95
60 104
61 62
61 63
61 69
61 72
61 121
61 125
62 78
62 80
62 95
62 99
62 117
63 65
63 77
63 80
63 81
63 92
63 107
63 111
63 123
64 70
64 73
64 91
64 121
65 73
65 77
65 80
65 81
65 82
65 89
65 99
65 119
65 126
65 128
65 129
66 72
66 76
66 77
66 87
66 116
66 118
66 126
66 129
67 75
67 90
67 97
67 99
67 100
67 101
67 103
67 121
67 126
68 77
68 83
68 100
68 102
68 125
68 129
69 95
69 102
69 108
69 109
69 116
69 128
70 73
70 96
70 108
70 114
70 123
71 83
71 88
71 101
71 115
71 125
72 90
72 93
72 96
72 107
73 74
73 84
73 104
73 125
73 129
74 81
74 98
74 102
74 120
75 81
75 86
75 102
75 107
75 127
76 79
76 88
76 96
76 105
76 126
76 127
77 84
77 86
77 88
77 92
77 94
77 106
77 107
77 108
78 85
78 95
78 96
78 98
78 111
78 123
79 102
79 116
79 117
80 82
80 86
80 91
80 101
80 114
80 123
81 85
81 94
81 106
81 117
81 127
81 129
82 85
82 89
82 91
82 106
82 112
82 124
83 100
83 103
83 107
83 128
84 90
84 106
84 123
84 125
85 89
85 97
85 110
85 114
85 123
85 129
86 92
86 97
86 100
86 102
86 106
86 116
86 128
87 99
87 121
87 122
87 125
88 124
89 99
89 124
90 98
90 100
91 98
91 117
92 93
92 97
92 104
92 106
92 107
92 109
92 112
93 98
93 100
93 103
93 115
93 116
93 123
94 115
94 121
95 101
95 113
96 100
97 126
97 128
98 112
98 127
99 106
99 111
99 115
99 122
100 104
100 114
100 127
100 128
101 102
101 103
101 121
102 108
102 114
103 108
103 114
103 124
103 129
104 107
104 108
105 106
105 114
105 116
105 120
105 124
105 127
106 112
106 114
106 124
107 112
107 124
107 125
107 128
108 109
108 121
109 113
109 114
109 126
110 111
110 118
110 126
111 126
113 126
115 129
116 127
117 121
117 122
117 126
119 121
119 128
122 125
122 128
124 129
127 128
62 38 77 118 89 25 37 47 41 67 127 21 128 81 32 52 20 50 69 66 45 96 19 42 108 1 14 33 13 9 101 0 105 56 75 61 35 95 3
107 51 29 114 64 110 92 48 59 68 120 83 119 34 123 93 98 44 2 18 5 90 58 7 79 17 63 78 121 112 87 27 109 40 74 65 6 49 80
23 116 125 100 16 15 91 53 76 84 28 97 39 43 72 36 129 86 113 70 82 106 111 73 60 117 26 85 94 55 31 122 24 104 99 46 54 57 124
10 12 126 4 8 22 88 103 115 30 11 71 102
