130
3344
7
63.7
50.98
80.93
39.16
55.14
7.44
88.2
0 7
0 8
0 14
0 19
0 21
0 23
0 27
0 29
0 32
0 36
0 41
0 43
0 46
0 48
0 49
0 50
0 53
0 61
0 62
0 63
0 66
0 68
0 70
0 72
0 73
0 77
0 78
0 82
0 83
0 85
0 88
0 90
0 92
0 94
0 97
0 98
0 101
0 104
0 108
0 109
0 111
0 112
0 113
0 114
0 115
0 116
0 122
0 124
0 125
1 2
1 5
1 6
1 10
1 11
1 12
1 14
1 15
1 19
1 22
1 24
1 25
1 27
1 29
1 33
1 35
1 36
1 44
1 46
1 49
1 51
1 52
1 55
1 56
1 59
1 60
1 61
1 62
1 66
1 70
1 71
1 76
1 78
1 79
1 80
1 81
1 82
1 84
1 87
1 89
1 90
1 92
1 93
1 94
1 95
1 96
1 97
1 98
1 102
1 105
1 107
1 109
1 113
1 114
1 117
1 118
1 120
1 123
1 127
1 129
2 4
2 5
2 6
2 10
2 11
2 13
2 14
2 15
2 17
2 19
2 22
2 23
2 24
2 29
2 32
2 33
2 37
2 42
2 45
2 46
2 47
2 48
2 50
2 51
2 52
2 53
2 55
2 56
2 64
2 65
2 66
2 67
2 68
2 74
2 77
2 79
2 81
2 85
2 90
2 91
2 92
2 96
2 97
2 98
2 101
2 102
2 103
2 111
2 114
2 116
2 117
2 119
2 121
2 124
2 127
3 4
3 5
3 8
3 10
3 13
3 14
3 17
3 18
3 20
3 26
3 27
3 29
3 30
3 33
3 35
3 36
3 39
3 42
3 48
3 52
3 53
3 54
3 56
3 58
3 60
3 63
3 65
3 66
3 67
3 68
3 70
3 71
3 72
3 75
3 76
3 78
3 79
3 80
3 82
3 83
3 84
3 85
3 86
3 87
3 90
3 92
3 94
3 95
3 97
3 99
3 100
3 102
3 103
3 105
3 109
3 113
3 116
3 118
3 119
3 122
3 126
3 129
4 6
4 7
4 9
4 13
4 16
4 17
4 18
4 19
4 23
4 24
4 32
4 33
4 35
4 36
4 37
4 38
4 39
4 45
4 48
4 51
4 52
4 53
4 54
4 55
4 56
4 59
4 65
4 70
4 72
4 73
4 74
4 80
4 81
4 82
4 85
4 89
4 91
4 94
4 96
4 99
4 101
4 102
4 103
4 109
4 112
4 113
4 114
4 117
4 119
4 120
4 121
4 122
4 124
4 126
4 129
5 6
5 18
5 22
5 26
5 27
5 28
5 30
5 31
5 32
5 35
5 36
5 37
5 40
5 50
5 62
5 63
5 65
5 67
5 75
5 77
5 79
5 80
5 81
5 84
5 88
5 89
5 92
5 94
5 95
5 99
5 101
5 111
5 112
5 113
5 114
5 116
5 117
5 123
5 125
5 127
6 8
6 11
6 12
6 16
6 18
6 25
6 33
6 34
6 36
6 37
6 40
6 41
6 42
6 44
6 46
6 47
6 48
6 50
6 52
6 53
6 54
6 58
6 59
6 62
6 65
6 66
6 69
6 71
6 72
6 80
6 86
6 87
6 89
6 93
6 99
6 103
6 105
6 109
6 110
6 113
6 115
6 117
6 120
6 125
6 128
7 10
7 13
7 14
7 18
7 22
7 23
7 24
7 26
7 27
7 28
7 29
7 32
7 33
7 34
7 35
7 36
7 38
7 46
7 47
7 50
7 51
7 56
7 58
7 59
7 62
7 66
7 70
7 74
7 75
7 76
7 77
7 80
7 82
7 84
7 86
7 88
7 89
7 93
7 94
7 95
7 99
7 106
7 107
7 108
7 109
7 113
7 115
7 117
7 119
7 121
7 127
8 9
8 11
8 13
8 14
8 16
8 17
8 20
8 23
8 24
8 28
8 33
8 36
8 41
8 42
8 46
8 47
8 49
8 51
8 53
8 56
8 57
8 64
8 65
8 66
8 68
8 69
8 75
8 78
8 83
8 85
8 86
8 91
8 92
8 94
8 97
8 102
8 103
8 105
8 109
8 111
8 112
8 119
8 122
8 123
8 126
8 128
8 129
9 11
9 12
9 18
9 20
9 24
9 25
9 28
9 29
9 36
9 37
9 38
9 43
9 45
9 46
9 54
9 60
9 63
9 64
9 68
9 69
9 77
9 79
9 81
9 85
9 91
9 92
9 93
9 97
9 98
9 100
9 102
9 103
9 104
9 105
9 110
9 111
9 112
9 113
9 114
9 122
9 126
10 12
10 17
10 18
10 19
10 21
10 22
10 28
10 29
10 33
10 34
10 36
10 38
10 40
10 43
10 45
10 48
10 49
10 50
10 51
10 54
10 55
10 59
10 60
10 62
10 64
10 65
10 68
10 72
10 73
10 78
10 80
10 83
10 84
10 89
10 91
10 93
10 94
10 96
10 100
10 101
10 102
10 106
10 115
10 117
10 123
10 125
10 127
11 13
11 16
11 20
11 21
11 23
11 24
11 25
11 27
11 28
11 31
11 35
11 36
11 42
11 43
11 44
11 46
11 49
11 50
11 52
11 54
11 55
11 57
11 58
11 59
11 60
11 61
11 62
11 68
11 69
11 75
11 76
11 78
11 85
11 86
11 89
11 91
11 93
11 98
11 99
11 105
11 111
11 113
11 116
11 121
11 123
11 126
11 127
11 129
12 15
12 16
12 22
12 24
12 27
12 29
12 31
12 38
12 40
12 43
12 44
12 46
12 47
12 48
12 49
12 51
12 55
12 57
12 59
12 60
12 67
12 70
12 71
12 72
12 76
12 79
12 84
12 87
12 89
12 91
12 95
12 96
12 98
12 99
12 100
12 106
12 108
12 110
12 111
12 112
12 114
12 117
12 120
12 121
12 122
12 123
12 124
12 125
12 128
13 14
13 17
13 22
13 26
13 27
13 28
13 31
13 33
13 34
13 36
13 37
13 40
13 43
13 44
13 47
13 49
13 53
13 55
13 57
13 59
13 60
13 63
13 64
13 67
13 68
13 71
13 72
13 75
13 77
13 78
13 82
13 83
13 84
13 88
13 89
13 90
13 93
13 95
13 96
13 97
13 101
13 102
13 104
13 106
13 110
13 113
13 115
13 121
13 125
14 15
14 18
14 20
14 23
14 26
14 29
14 31
14 32
14 37
14 39
14 40
14 45
14 47
14 49
14 51
14 53
14 54
14 56
14 60
14 61
14 62
14 63
14 68
14 70
14 71
14 72
14 75
14 76
14 77
14 78
14 84
14 85
14 86
14 88
14 89
14 100
14 105
14 113
14 115
14 116
14 119
14 121
14 124
14 125
14 128
14 129
15 17
15 20
15 22
15 26
15 27
15 30
15 31
15 33
15 34
15 36
15 37
15 40
15 42
15 44
15 52
15 53
15 56
15 58
15 64
15 65
15 68
15 69
15 72
15 76
15 77
15 79
15 82
15 83
15 85
15 90
15 93
15 96
15 99
15 100
15 106
15 107
15 108
15 109
15 110
15 117
15 122
15 124
15 125
15 129
16 24
16 26
16 27
16 28
16 29
16 30
16 33
16 36
16 39
16 41
16 45
16 51
16 53
16 57
16 58
16 59
16 61
16 62
16 63
16 67
16 76
16 78
16 79
16 82
16 86
16 89
16 92
16 95
16 96
16 97
16 103
16 104
16 106
16 109
16 111
16 112
16 115
16 117
16 119
16 120
16 123
16 124
16 125
16 129
17 19
17 27
17 29
17 30
17 33
17 36
17 37
17 39
17 42
17 43
17 47
17 48
17 53
17 54
17 56
17 60
17 61
17 64
17 65
17 66
17 69
17 70
17 71
17 82
17 84
17 85
17 88
17 89
17 91
17 93
17 94
17 95
17 97
17 102
17 108
17 110
17 113
17 115
17 116
17 120
17 125
17 128
17 129
18 20
18 23
18 24
18 25
18 30
18 31
18 32
18 33
18 34
18 35
18 37
18 41
18 45
18 47
18 49
18 54
18 55
18 56
18 58
18 61
18 62
18 63
18 66
18 67
18 69
18 74
18 76
18 80
18 81
18 83
18 85
18 87
18 88
18 89
18 90
18 92
18 93
18 97
18 98
18 100
18 101
18 104
18 108
18 109
18 114
18 115
18 116
18 117
18 123
18 124
18 125
18 126
18 127
19 23
19 24
19 26
19 27
19 33
19 36
19 37
19 38
19 40
19 41
19 43
19 46
19 48
19 50
19 53
19 55
19 59
19 60
19 61
19 62
19 65
19 66
19 68
19 70
19 71
19 73
19 74
19 78
19 83
19 84
19 92
19 93
19 97
19 103
19 104
19 108
19 110
19 111
19 117
19 122
19 124
19 125
19 128
20 21
20 24
20 27
20 29
20 35
20 42
20 43
20 47
20 50
20 52
20 54
20 59
20 60
20 61
20 63
20 64
20 67
20 70
20 71
20 75
20 77
20 83
20 88
20 89
20 90
20 92
20 95
20 100
20 104
20 110
20 111
20 118
20 119
20 121
20 122
20 123
20 124
20 127
20 128
20 129
21 26
21 28
21 30
21 31
21 32
21 38
21 39
21 41
21 42
21 43
21 46
21 47
21 50
21 58
21 59
21 61
21 64
21 65
21 72
21 74
21 75
21 77
21 81
21 83
21 85
21 86
21 95
21 96
21 98
21 100
21 101
21 102
21 103
21 106
21 107
21 110
21 111
21 113
21 114
21 116
21 119
21 121
21 123
22 26
22 27
22 31
22 33
22 37
22 38
22 43
22 47
22 49
22 52
22 55
22 56
22 61
22 64
22 67
22 68
22 70
22 72
22 73
22 74
22 76
22 79
22 80
22 82
22 83
22 84
22 88
22 90
22 91
22 95
22 102
22 103
22 106
22 108
22 109
22 111
22 112
22 114
22 116
22 117
22 118
22 120
22 123
22 125
22 126
22 128
22 129
23 30
23 33
23 34
23 35
23 38
23 43
23 44
23 45
23 46
23 47
23 50
23 52
23 53
23 57
23 62
23 63
23 64
23 67
23 68
23 72
23 77
23 78
23 81
23 84
23 89
23 90
23 96
23 97
23 103
23 104
23 105
23 115
23 118
23 119
23 120
23 121
23 122
23 127
23 128
23 129
24 25
24 27
24 29
24 30
24 31
24 33
24 37
24 38
24 41
24 42
24 43
24 44
24 51
24 56
24 57
24 59
24 66
24 67
24 68
24 71
24 73
24 74
24 75
24 76
24 77
24 78
24 82
24 83
24 87
24 92
24 93
24 102
24 105
24 108
24 113
24 114
24 120
24 126
24 128
24 129
25 26
25 27
25 28
25 30
25 31
25 36
25 38
25 42
25 44
25 45
25 48
25 49
25 50
25 52
25 55
25 59
25 62
25 66
25 67
25 68
25 69
25 71
25 72
25 76
25 79
25 80
25 83
25 87
25 88
25 89
25 94
25 95
25 96
25 97
25 113
25 117
25 120
25 121
25 122
25 127
26 28
26 29
26 31
26 33
26 34
26 36
26 38
26 39
26 41
26 47
26 50
26 55
26 57
26 63
26 68
26 72
26 73
26 77
26 79
26 80
26 81
26 83
26 85
26 86
26 90
26 91
26 92
26 93
26 94
26 96
26 99
26 101
26 102
26 103
26 106
26 108
26 110
26 116
26 117
26 122
26 123
26 128
26 129
27 30
27 32
27 36
27 37
27 38
27 39
27 40
27 43
27 45
27 48
27 50
27 52
27 53
27 54
27 55
27 58
27 59
27 62
27 64
27 65
27 66
27 67
27 68
27 70
27 71
27 75
27 78
27 79
27 81
27 82
27 84
27 85
27 86
27 87
27 89
27 90
27 92
27 95
27 101
27 104
27 105
27 108
27 109
27 110
27 112
27 114
27 117
27 118
27 120
27 123
27 125
27 127
27 128
27 129
28 29
28 36
28 41
28 44
28 45
28 47
28 53
28 55
28 58
28 60
28 63
28 66
28 67
28 69
28 70
28 71
28 77
28 79
28 81
28 82
28 88
28 89
28 98
28 103
28 104
28 115
28 118
28 119
28 120
28 124
28 126
28 127
29 31
29 32
29 33
29 40
29 44
29 49
29 53
29 54
29 55
29 57
29 60
29 62
29 63
29 64
29 71
29 73
29 74
29 79
29 85
29 86
29 87
29 88
29 89
29 92
29 103
29 104
29 107
29 108
29 111
29 113
29 114
29 115
29 117
29 118
29 123
29 127
29 128
29 129
30 31
30 32
30 33
30 34
30 35
30 36
30 37
30 40
30 43
30 44
30 46
30 47
30 48
30 49
30 52
30 53
30 55
30 58
30 64
30 71
30 72
30 73
30 74
30 76
30 78
30 80
30 85
30 86
30 87
30 91
30 96
30 98
30 99
30 101
30 104
30 106
30 107
30 109
30 110
30 121
30 122
30 125
30 127
30 128
31 35
31 36
31 37
31 39
31 42
31 48
31 52
31 53
31 56
31 63
31 65
31 68
31 70
31 71
31 72
31 73
31 74
31 75
31 76
31 81
31 82
31 84
31 86
31 89
31 91
31 93
31 97
31 98
31 99
31 100
31 101
31 105
31 106
31 107
31 109
31 112
31 113
31 114
31 115
31 116
31 117
31 118
31 120
31 126
31 128
31 129
32 34
32 36
32 39
32 41
32 42
32 45
32 46
32 50
32 52
32 57
32 59
32 60
32 63
32 64
32 65
32 67
32 69
32 70
32 72
32 73
32 74
32 77
32 79
32 80
32 81
32 87
32 90
32 92
32 95
32 96
32 104
32 105
32 107
32 108
32 111
32 116
32 117
32 118
32 123
32 128
32 129
33 36
33 39
33 40
33 44
33 45
33 46
33 48
33 49
33 57
33 58
33 60
33 61
33 65
33 70
33 73
33 74
33 77
33 78
33 80
33 81
33 82
33 87
33 89
33 91
33 92
33 104
33 106
33 107
33 108
33 109
33 111
33 113
33 117
33 119
33 120
33 124
34 36
34 38
34 39
34 40
34 42
34 43
34 49
34 53
34 56
34 58
34 61
34 65
34 70
34 71
34 74
34 75
34 76
34 78
34 79
34 80
34 81
34 82
34 83
34 84
34 85
34 86
34 92
34 94
34 96
34 97
34 100
34 102
34 103
34 105
34 106
34 108
34 109
34 113
34 114
34 116
34 124
34 125
34 129
35 37
35 38
35 39
35 41
35 44
35 46
35 47
35 49
35 51
35 54
35 59
35 61
35 66
35 68
35 72
35 75
35 78
35 86
35 87
35 89
35 91
35 93
35 95
35 96
35 99
35 102
35 103
35 105
35 113
35 117
35 118
35 120
35 121
35 123
35 125
35 127
36 37
36 39
36 45
36 46
36 47
36 49
36 50
36 52
36 53
36 55
36 58
36 59
36 60
36 62
36 67
36 70
36 73
36 74
36 78
36 90
36 94
36 102
36 105
36 107
36 111
36 112
36 116
36 118
36 121
36 122
36 124
36 126
36 127
36 128
37 38
37 42
37 43
37 44
37 47
37 48
37 50
37 51
37 53
37 63
37 68
37 69
37 70
37 74
37 76
37 78
37 84
37 86
37 87
37 88
37 89
37 91
37 92
37 93
37 95
37 97
37 100
37 102
37 104
37 107
37 114
37 116
37 119
37 124
37 126
37 128
38 41
38 42
38 44
38 45
38 46
38 49
38 52
38 56
38 57
38 65
38 66
38 68
38 72
38 74
38 75
38 82
38 84
38 85
38 87
38 88
38 89
38 92
38 93
38 94
38 96
38 98
38 101
38 102
38 106
38 107
38 111
38 115
38 118
38 120
38 123
38 127
39 40
39 41
39 46
39 47
39 48
39 49
39 50
39 52
39 58
39 60
39 62
39 64
39 66
39 68
39 71
39 78
39 79
39 80
39 81
39 82
39 83
39 84
39 85
39 88
39 90
39 95
39 98
39 100
39 101
39 102
39 103
39 104
39 115
39 116
39 117
39 119
39 120
39 124
39 126
39 129
40 42
40 43
40 45
40 49
40 50
40 61
40 63
40 64
40 67
40 71
40 74
40 78
40 80
40 82
40 84
40 91
40 92
40 94
40 98
40 101
40 103
40 104
40 108
40 110
40 120
40 121
40 123
40 124
40 125
40 127
40 128
40 129
41 44
41 46
41 49
41 50
41 51
41 56
41 57
41 62
41 64
41 66
41 68
41 69
41 74
41 75
41 77
41 82
41 84
41 86
41 88
41 89
41 90
41 92
41 93
41 95
41 99
41 104
41 105
41 107
41 108
41 109
41 110
41 114
41 115
41 116
41 117
41 122
41 123
41 126
41 127
42 43
42 44
42 53
42 54
42 55
42 57
42 59
42 60
42 61
42 62
42 66
42 68
42 70
42 71
42 72
42 77
42 81
42 84
42 85
42 87
42 90
42 91
42 92
42 94
42 95
42 97
42 98
42 101
42 102
42 104
42 105
42 106
42 107
42 114
42 115
42 119
42 121
42 126
42 129
43 45
43 48
43 55
43 57
43 58
43 62
43 66
43 73
43 77
43 78
43 82
43 83
43 84
43 85
43 86
43 87
43 88
43 90
43 93
43 96
43 98
43 99
43 104
43 105
43 111
43 112
43 116
43 118
43 119
43 120
43 123
43 129
44 48
44 52
44 56
44 57
44 59
44 60
44 62
44 64
44 70
44 73
44 74
44 75
44 78
44 79
44 80
44 86
44 89
44 90
44 91
44 92
44 94
44 97
44 100
44 101
44 102
44 104
44 105
44 109
44 110
44 114
44 115
44 117
44 119
44 120
44 124
44 127
45 46
45 47
45 48
45 49
45 51
45 52
45 54
45 56
45 57
45 59
45 62
45 63
45 66
45 67
45 69
45 73
45 79
45 82
45 84
45 85
45 88
45 91
45 94
45 95
45 97
45 99
45 101
45 104
45 106
45 110
45 111
45 112
45 117
45 118
45 120
45 122
45 124
45 125
45 126
46 48
46 50
46 51
46 52
46 54
46 55
46 56
46 59
46 60
46 62
46 64
46 67
46 72
46 73
46 76
46 77
46 79
46 80
46 81
46 82
46 86
46 95
46 103
46 104
46 110
46 114
46 115
46 116
46 118
46 119
46 121
46 122
46 124
46 125
46 126
47 48
47 49
47 53
47 56
47 59
47 61
47 64
47 66
47 67
47 68
47 71
47 73
47 75
47 76
47 80
47 87
47 88
47 91
47 92
47 93
47 98
47 99
47 101
47 107
47 111
47 113
47 114
47 115
47 119
47 122
47 123
47 124
47 125
47 129
48 54
48 56
48 58
48 60
48 62
48 64
48 65
48 67
48 68
48 71
48 72
48 78
48 80
48 82
48 88
48 92
48 96
48 97
48 101
48 103
48 108
48 112
48 116
48 117
48 122
48 124
48 126
49 50
49 55
49 56
49 59
49 60
49 63
49 64
49 66
49 67
49 70
49 71
49 76
49 79
49 85
49 87
49 88
49 91
49 92
49 93
49 96
49 99
49 100
49 103
49 106
49 113
49 115
49 118
49 123
49 125
49 126
49 128
49 129
50 54
50 55
50 60
50 61
50 62
50 64
50 66
50 67
50 68
50 69
50 70
50 73
50 74
50 76
50 77
50 78
50 80
50 81
50 82
50 83
50 89
50 91
50 92
50 96
50 99
50 101
50 102
50 106
50 107
50 112
50 115
50 117
50 120
50 122
50 125
50 127
50 128
51 53
51 56
51 57
51 59
51 60
51 63
51 70
51 75
51 76
51 77
51 78
51 81
51 83
51 86
51 87
51 88
51 90
51 91
51 93
51 97
51 99
51 105
51 106
51 108
51 113
51 114
51 116
51 117
51 120
51 123
51 126
51 127
51 129
52 58
52 61
52 63
52 68
52 71
52 74
52 82
52 86
52 94
52 96
52 98
52 101
52 102
52 104
52 106
52 107
52 110
52 116
52 117
52 118
52 119
52 121
52 122
52 128
52 129
53 54
53 60
53 61
53 63
53 65
53 67
53 70
53 71
53 72
53 77
53 79
53 87
53 90
53 92
53 94
53 100
53 101
53 102
53 104
53 106
53 108
53 110
53 119
53 120
53 121
53 122
53 124
54 56
54 58
54 60
54 64
54 67
54 70
54 73
54 75
54 76
54 78
54 79
54 81
54 83
54 84
54 87
54 88
54 90
54 92
54 93
54 95
54 97
54 98
54 99
54 101
54 103
54 105
54 107
54 114
54 124
54 125
54 129
55 61
55 65
55 66
55 72
55 73
55 74
55 77
55 78
55 79
55 82
55 83
55 84
55 85
55 91
55 92
55 94
55 95
55 96
55 101
55 102
55 104
55 105
55 109
55 110
55 112
55 114
55 116
55 117
55 129
56 61
56 62
56 71
56 73
56 79
56 82
56 87
56 90
56 91
56 92
56 93
56 95
56 98
56 101
56 102
56 105
56 106
56 110
56 111
56 112
56 114
56 116
56 117
56 120
56 123
56 125
57 59
57 60
57 62
57 70
57 71
57 74
57 75
57 76
57 78
57 80
57 86
57 88
57 89
57 97
57 98
57 102
57 104
57 105
57 107
57 111
57 117
57 122
57 125
57 126
57 129
58 60
58 63
58 64
58 65
58 68
58 72
58 77
58 79
58 80
58 84
58 85
58 87
58 90
58 97
58 98
58 99
58 102
58 105
58 106
58 108
58 109
58 111
58 112
58 114
58 115
58 120
58 124
58 127
58 128
59 61
59 62
59 69
59 72
59 76
59 77
59 83
59 84
59 85
59 87
59 88
59 90
59 91
59 94
59 97
59 100
59 101
59 103
59 110
59 114
59 116
59 118
59 125
60 65
60 66
60 67
60 68
60 69
60 70
60 71
60 72
60 75
60 76
60 79
60 81
60 84
60 93
60 99
60 104
60 105
60 109
60 111
60 112
60 114
60 115
60 116
60 119
60 120
60 123
60 129
61 62
61 64
61 66
61 68
61 69
61 74
61 75
61 78
61 79
61 80
61 87
61 89
61 91
61 93
61 94
61 102
61 105
61 106
61 110
61 113
61 116
61 121
61 123
61 125
61 126
61 127
62 64
62 69
62 70
62 71
62 72
62 73
62 75
62 79
62 83
62 86
62 87
62 89
62 95
62 99
62 104
62 105
62 108
62 109
62 115
62 116
62 117
62 120
62 125
62 129
63 66
63 68
63 69
63 71
63 72
63 73
63 75
63 76
63 77
63 82
63 83
63 84
63 87
63 88
63 95
63 96
63 100
63 102
63 105
63 106
63 107
63 109
63 111
63 113
63 114
63 118
63 119
63 121
63 122
63 126
64 65
64 78
64 79
64 81
64 84
64 85
64 87
64 94
64 95
64 101
64 106
64 108
64 110
64 111
64 115
64 116
64 118
64 120
64 129
65 71
65 77
65 81
65 83
65 84
65 86
65 88
65 91
65 92
65 94
65 99
65 101
65 102
65 105
65 106
65 107
65 109
65 111
65 113
65 114
65 115
65 116
65 119
65 122
65 123
65 124
65 127
65 129
66 67
66 74
66 77
66 79
66 87
66 88
66 89
66 90
66 92
66 99
66 102
66 103
66 110
66 111
66 114
66 115
66 121
66 122
66 123
66 125
66 126
66 127
67 68
67 69
67 70
67 79
67 83
67 84
67 87
67 88
67 91
67 93
67 94
67 95
67 97
67 99
67 102
67 105
67 106
67 107
67 108
67 109
67 115
67 118
67 121
67 124
67 125
67 126
67 127
67 128
68 72
68 78
68 79
68 80
68 81
68 82
68 84
68 85
68 89
68 91
68 92
68 93
68 94
68 95
68 97
68 102
68 105
68 107
68 112
68 113
68 116
68 118
68 121
68 125
68 127
68 129
69 70
69 75
69 77
69 78
69 81
69 82
69 85
69 88
69 89
69 90
69 91
69 94
69 98
69 104
69 107
69 114
69 120
69 122
69 123
69 126
69 127
70 74
70 75
70 76
70 81
70 83
70 84
70 86
70 90
70 92
70 94
70 98
70 103
70 104
70 106
70 114
70 115
70 122
70 123
70 129
71 74
71 75
71 76
71 78
71 79
71 82
71 85
71 86
71 87
71 88
71 92
71 93
71 94
71 98
71 99
71 105
71 106
71 107
71 108
71 111
71 113
71 114
71 115
71 118
71 119
71 122
71 123
71 125
72 74
72 75
72 77
72 79
72 84
72 93
72 94
72 95
72 96
72 97
72 103
72 106
72 109
72 110
72 111
72 114
72 115
72 117
72 118
72 119
72 124
72 128
73 75
73 76
73 78
73 79
73 81
73 83
73 88
73 90
73 91
73 93
73 95
73 97
73 98
73 101
73 106
73 108
73 109
73 110
73 113
73 116
73 117
73 123
73 124
73 125
73 127
74 75
74 76
74 78
74 81
74 87
74 89
74 90
74 92
74 93
74 97
74 102
74 104
74 109
74 114
74 119
74 121
74 122
74 124
74 128
74 129
75 76
75 79
75 80
75 82
75 87
75 88
75 89
75 90
75 96
75 98
75 99
75 102
75 104
75 105
75 107
75 117
75 118
75 122
75 123
75 125
76 78
76 92
76 94
76 95
76 98
76 100
76 101
76 102
76 107
76 109
76 112
76 114
76 118
76 119
76 121
76 123
76 124
76 125
76 126
76 127
77 81
77 82
77 85
77 86
77 87
77 90
77 92
77 93
77 99
77 100
77 102
77 103
77 104
77 105
77 109
77 111
77 114
77 116
77 117
77 118
77 120
77 127
78 79
78 81
78 86
78 91
78 93
78 98
78 101
78 102
78 107
78 108
78 110
78 111
78 112
78 116
78 122
78 125
79 85
79 86
79 87
79 89
79 91
79 92
79 96
79 106
79 114
79 120
79 124
79 125
79 126
79 128
79 129
80 81
80 82
80 83
80 85
80 86
80 87
80 90
80 91
80 92
80 95
80 97
80 100
80 103
80 108
80 110
80 111
80 114
80 115
80 116
80 118
80 121
80 122
80 124
80 126
80 127
81 82
81 83
81 89
81 90
81 91
81 92
81 96
81 99
81 101
81 102
81 105
81 107
81 112
81 113
81 115
81 117
81 123
82 83
82 85
82 86
82 87
82 88
82 90
82 91
82 93
82 94
82 95
82 97
82 98
82 100
82 105
82 107
82 108
82 109
82 112
82 113
82 115
82 116
82 117
82 119
82 122
82 123
82 127
82 128
83 85
83 89
83 91
83 92
83 93
83 95
83 97
83 99
83 102
83 106
83 111
83 112
83 115
83 116
83 122
83 123
83 125
84 85
84 88
84 89
84 90
84 91
84 93
84 99
84 100
84 101
84 102
84 105
84 106
84 108
84 110
84 111
84 115
84 117
84 118
84 120
84 121
84 124
84 125
84 126
84 128
85 86
85 88
85 91
85 92
85 97
85 101
85 104
85 106
85 108
85 110
85 113
85 116
85 117
85 118
85 119
85 120
85 122
85 124
85 127
85 128
86 91
86 93
86 98
86 100
86 102
86 103
86 104
86 112
86 120
86 121
86 122
86 125
87 88
87 94
87 98
87 99
87 102
87 105
87 106
87 108
87 109
87 122
87 125
87 129
88 91
88 93
88 100
88 102
88 104
88 106
88 114
88 117
88 122
88 125
88 129
89 92
89 94
89 95
89 98
89 99
89 100
89 102
89 103
89 111
89 118
89 119
89 121
89 123
89 125
90 92
90 96
90 98
90 103
90 104
90 112
90 113
90 115
90 118
90 121
90 127
90 128
91 93
91 95
91 98
91 101
91 103
91 105
91 107
91 108
91 109
91 111
91 119
91 123
91 124
91 127
91 129
92 93
92 95
92 96
92 102
92 105
92 110
92 113
92 119
92 121
92 122
92 125
92 126
92 128
93 96
93 100
93 101
93 105
93 106
93 110
93 114
93 115
93 116
93 117
93 120
93 121
93 123
93 124
94 95
94 99
94 105
94 107
94 108
94 114
94 116
94 123
94 124
94 127
95 96
95 97
95 99
95 102
95 105
95 108
95 109
95 110
95 117
95 118
95 120
95 121
95 123
95 126
95 128
95 129
96 97
96 101
96 103
96 105
96 107
96 109
96 116
96 118
96 120
96 122
96 125
96 126
96 128
96 129
97 99
97 100
97 103
97 107
97 114
97 117
97 120
97 121
97 123
97 126
97 129
98 99
98 102
98 105
98 106
98 108
98 110
98 111
98 112
98 115
98 116
98 117
98 120
98 122
98 123
98 127
99 104
99 107
99 108
99 110
99 113
99 114
99 118
99 121
99 123
99 129
100 103
100 106
100 107
100 113
100 114
100 117
100 119
100 120
100 123
100 125
100 129
101 104
101 106
101 107
101 109
101 111
101 115
101 116
101 121
101 124
101 126
101 128
102 105
102 109
102 111
102 112
102 113
102 115
102 118
102 119
102 120
102 121
102 122
102 127
102 129
103 104
103 105
103 112
103 116
103 122
103 125
104 106
104 110
104 112
104 114
104 117
104 123
104 125
105 107
105 111
105 114
105 117
105 120
105 122
105 126
105 128
105 129
106 108
106 109
106 111
106 113
106 115
106 116
106 118
106 119
106 120
106 121
106 123
106 126
107 110
107 111
107 113
107 118
107 121
107 122
107 127
107 128
108 110
108 111
108 113
108 117
108 119
108 121
108 126
108 127
108 129
109 110
109 118
109 119
109 121
109 122
109 126
109 129
110 112
110 117
110 118
110 120
110 125
110 129
111 112
111 113
111 118
111 119
111 120
111 125
111 128
112 113
112 114
112 119
112 122
112 124
112 125
112 126
112 127
112 128
112 129
113 118
113 122
113 124
113 126
113 127
113 129
114 116
114 118
114 119
114 123
114 125
114 127
114 129
115 116
115 119
115 120
115 121
115 122
115 124
115 129
116 118
116 121
116 122
116 128
117 118
117 124
117 125
117 129
118 119
118 124
118 125
118 127
118 129
119 122
119 124
119 126
119 128
120 122
120 124
120 126
120 127
121 125
121 126
121 127
122 124
122 129
123 125
124 126
124 129
125 126
126 129
20 45 128 28 116 75 37 42 117 18 16 63 35 81 84 48 65 13 46
7 6 26 62 91 78 123 43 1 73 22 15 52 120 3 29 105 83 11
71 79 5 23 114 68 77 101 95 39 60 94 106 40 66 30 4 61 32
98 100 88 17 34 121 58 115 90 96 119 59 41 76 44 124 67 36 14
10 24 85 31 9 108 12 33 80 47 111 104 57 97 70 113 112 125 99
64 118 21 110 51 49 53 69 19 8 72 89 54 2 122 55 103 74 50
0 92 93 102 86 109 25 126 87 56 82 107 127 129 38 27
