170
8569
5
37.03
94.36
85.02
60.33
76.33
0 1
0 2
0 3
0 4
0 5
0 6
0 9
0 10
0 16
0 17
0 20
0 21
0 22
0 23
0 25
0 32
0 37
0 38
0 41
0 44
0 47
0 48
0 50
0 51
0 54
0 55
0 56
0 57
0 59
0 62
0 64
0 65
0 69
0 70
0 73
0 74
0 77
0 78
0 82
0 85
0 87
0 88
0 91
0 92
0 94
0 95
0 96
0 97
0 98
0 99
0 100
0 102
0 103
0 105
0 106
0 107
0 108
0 110
0 111
0 112
0 116
0 118
0 119
0 120
0 123
0 124
0 127
0 130
0 134
0 136
0 137
0 140
0 141
0 142
0 143
0 148
0 149
0 152
0 153
0 154
0 156
0 159
0 162
0 163
0 165
0 166
0 167
1 4
1 5
1 6
1 7
1 8
1 9
1 12
1 17
1 23
1 24
1 27
1 28
1 29
1 30
1 31
1 32
1 34
1 36
1 37
1 38
1 40
1 41
1 43
1 46
1 48
1 49
1 51
1 52
1 53
1 54
1 56
1 58
1 59
1 60
1 61
1 63
1 66
1 67
1 72
1 73
1 75
1 77
1 78
1 79
1 80
1 81
1 84
1 87
1 88
1 90
1 91
1 92
1 93
1 95
1 97
1 101
1 105
1 106
1 108
1 109
1 111
1 113
1 115
1 118
1 121
1 122
1 123
1 125
1 126
1 127
1 129
1 132
1 133
1 138
1 140
1 143
1 145
1 146
1 148
1 149
1 150
1 151
1 152
1 154
1 158
1 159
1 160
1 161
1 163
1 164
1 165
1 168
2 4
2 5
2 6
2 7
2 9
2 10
2 12
2 14
2 17
2 18
2 20
2 21
2 22
2 23
2 24
2 26
2 30
2 31
2 32
2 35
2 38
2 41
2 42
2 44
2 46
2 47
2 48
2 50
2 51
2 52
2 54
2 58
2 60
2 61
2 62
2 64
2 65
2 66
2 68
2 69
2 70
2 71
2 72
2 73
2 74
2 75
2 76
2 77
2 80
2 81
2 82
2 84
2 86
2 88
2 89
2 90
2 91
2 93
2 94
2 95
2 96
2 97
2 98
2 99
2 101
2 103
2 104
2 105
2 107
2 108
2 110
2 114
2 115
2 116
2 119
2 120
2 123
2 124
2 126
2 127
2 128
2 129
2 131
2 132
2 134
2 137
2 138
2 139
2 140
2 141
2 142
2 144
2 145
2 146
2 148
2 149
2 150
2 152
2 155
2 158
2 159
2 167
2 168
2 169
3 5
3 6
3 7
3 8
3 9
3 12
3 16
3 17
3 18
3 19
3 20
3 21
3 22
3 24
3 27
3 30
3 31
3 34
3 35
3 40
3 41
3 43
3 44
3 47
3 49
3 50
3 52
3 54
3 55
3 56
3 58
3 60
3 67
3 69
3 71
3 72
3 74
3 76
3 78
3 79
3 80
3 82
3 83
3 85
3 86
3 88
3 89
3 90
3 91
3 92
3 93
3 99
3 100
3 101
3 102
3 103
3 106
3 109
3 110
3 111
3 112
3 114
3 116
3 117
3 118
3 119
3 120
3 121
3 123
3 126
3 127
3 134
3 136
3 138
3 139
3 140
3 141
3 142
3 143
3 144
3 145
3 146
3 147
3 148
3 149
3 153
3 154
3 155
3 158
3 161
3 162
3 163
3 166
3 167
3 168
3 169
4 6
4 8
4 10
4 11
4 12
4 15
4 16
4 18
4 19
4 20
4 21
4 22
4 24
4 25
4 26
4 30
4 31
4 32
4 33
4 34
4 36
4 39
4 42
4 43
4 44
4 46
4 47
4 49
4 51
4 53
4 55
4 57
4 58
4 59
4 60
4 62
4 64
4 65
4 66
4 69
4 70
4 71
4 73
4 76
4 77
4 78
4 79
4 82
4 84
4 87
4 89
4 90
4 92
4 94
4 96
4 101
4 102
4 103
4 105
4 106
4 107
4 108
4 109
4 110
4 112
4 114
4 115
4 123
4 124
4 125
4 126
4 130
4 131
4 135
4 136
4 137
4 138
4 139
4 140
4 141
4 143
4 148
4 150
4 151
4 152
4 154
4 155
4 156
4 159
4 161
4 164
4 167
4 168
4 169
5 6
5 7
5 8
5 9
5 10
5 11
5 12
5 15
5 17
5 18
5 21
5 22
5 23
5 24
5 25
5 28
5 29
5 31
5 33
5 34
5 36
5 37
5 38
5 39
5 40
5 41
5 42
5 44
5 45
5 46
5 47
5 48
5 49
5 50
5 51
5 52
5 53
5 54
5 56
5 58
5 62
5 63
5 64
5 65
5 66
5 67
5 70
5 71
5 72
5 73
5 74
5 75
5 76
5 77
5 79
5 80
5 81
5 82
5 88
5 89
5 90
5 92
5 93
5 94
5 95
5 96
5 98
5 99
5 100
5 101
5 102
5 103
5 106
5 107
5 109
5 110
5 112
5 114
5 116
5 117
5 121
5 124
5 126
5 129
5 130
5 134
5 135
5 136
5 137
5 138
5 139
5 144
5 146
5 147
5 153
5 155
5 159
5 160
5 161
5 163
5 165
5 167
5 168
6 8
6 9
6 11
6 16
6 18
6 20
6 21
6 22
6 26
6 27
6 28
6 29
6 30
6 31
6 33
6 35
6 37
6 41
6 42
6 43
6 44
6 48
6 50
6 52
6 53
6 55
6 57
6 58
6 59
6 62
6 64
6 65
6 67
6 68
6 69
6 70
6 72
6 73
6 74
6 75
6 76
6 78
6 79
6 80
6 81
6 82
6 83
6 84
6 85
6 86
6 87
6 92
6 94
6 95
6 97
6 98
6 99
6 102
6 103
6 106
6 107
6 108
6 111
6 112
6 113
6 116
6 117
6 119
6 120
6 121
6 122
6 123
6 124
6 125
6 126
6 127
6 128
6 129
6 131
6 132
6 133
6 134
6 135
6 140
6 141
6 143
6 145
6 147
6 151
6 156
6 157
6 158
6 160
6 162
6 166
6 167
6 168
7 8
7 10
7 11
7 12
7 13
7 14
7 15
7 16
7 17
7 18
7 19
7 20
7 22
7 23
7 24
7 25
7 29
7 30
7 32
7 34
7 35
7 40
7 41
7 43
7 45
7 47
7 48
7 50
7 52
7 55
7 57
7 58
7 59
7 60
7 61
7 62
7 63
7 64
7 65
7 66
7 68
7 69
7 70
7 72
7 74
7 78
7 79
7 81
7 82
7 83
7 84
7 85
7 88
7 92
7 94
7 95
7 96
7 99
7 100
7 102
7 103
7 104
7 106
7 110
7 112
7 114
7 115
7 116
7 117
7 119
7 126
7 127
7 128
7 129
7 134
7 135
7 136
7 137
7 138
7 142
7 143
7 144
7 145
7 146
7 147
7 148
7 150
7 152
7 153
7 156
7 157
7 158
7 159
7 161
7 162
7 165
7 167
7 168
8 10
8 11
8 14
8 15
8 16
8 17
8 18
8 19
8 20
8 22
8 24
8 26
8 28
8 29
8 31
8 32
8 33
8 34
8 35
8 40
8 41
8 42
8 43
8 44
8 46
8 47
8 49
8 53
8 54
8 55
8 56
8 58
8 59
8 60
8 64
8 67
8 68
8 69
8 70
8 71
8 72
8 74
8 75
8 76
8 77
8 78
8 81
8 82
8 83
8 84
8 85
8 86
8 88
8 89
8 90
8 92
8 93
8 94
8 95
8 96
8 97
8 99
8 101
8 102
8 104
8 105
8 106
8 107
8 108
8 110
8 114
8 116
8 117
8 119
8 122
8 123
8 124
8 125
8 128
8 129
8 130
8 131
8 137
8 138
8 140
8 142
8 143
8 144
8 146
8 148
8 150
8 151
8 152
8 153
8 154
8 159
8 160
8 161
8 162
8 163
8 164
9 12
9 13
9 14
9 15
9 17
9 19
9 20
9 21
9 22
9 23
9 25
9 26
9 27
9 28
9 29
9 30
9 31
9 32
9 34
9 35
9 38
9 41
9 43
9 45
9 46
9 48
9 49
9 51
9 53
9 54
9 55
9 56
9 57
9 58
9 59
9 60
9 61
9 62
9 63
9 64
9 66
9 67
9 69
9 71
9 72
9 73
9 77
9 80
9 82
9 84
9 86
9 87
9 89
9 90
9 96
9 97
9 98
9 99
9 100
9 101
9 103
9 104
9 106
9 107
9 108
9 110
9 111
9 112
9 113
9 114
9 116
9 118
9 119
9 121
9 122
9 123
9 125
9 126
9 130
9 131
9 132
9 133
9 135
9 136
9 141
9 142
9 143
9 144
9 145
9 146
9 147
9 148
9 149
9 150
9 154
9 155
9 156
9 157
9 158
9 161
9 162
9 163
9 165
9 167
9 168
9 169
10 11
10 12
10 13
10 14
10 15
10 16
10 18
10 19
10 21
10 22
10 24
10 25
10 27
10 28
10 29
10 37
10 38
10 42
10 43
10 46
10 49
10 50
10 51
10 52
10 53
10 54
10 56
10 57
10 59
10 61
10 62
10 63
10 64
10 65
10 67
10 69
10 70
10 71
10 72
10 73
10 74
10 75
10 76
10 77
10 78
10 80
10 86
10 87
10 90
10 92
10 93
10 94
10 95
10 97
10 99
10 101
10 102
10 103
10 104
10 105
10 106
10 107
10 108
10 109
10 111
10 112
10 113
10 115
10 118
10 119
10 120
10 121
10 124
10 125
10 126
10 127
10 128
10 129
10 130
10 131
10 132
10 134
10 136
10 137
10 138
10 142
10 143
10 144
10 151
10 152
10 153
10 155
10 156
10 157
10 158
10 160
10 161
10 162
10 163
10 164
10 167
10 168
10 169
11 13
11 14
11 17
11 20
11 22
11 23
11 26
11 27
11 30
11 31
11 33
11 34
11 35
11 36
11 37
11 39
11 45
11 48
11 50
11 52
11 57
11 64
11 65
11 68
11 69
11 70
11 72
11 75
11 76
11 79
11 80
11 82
11 84
11 85
11 86
11 88
11 91
11 93
11 95
11 97
11 98
11 99
11 100
11 101
11 102
11 104
11 106
11 107
11 112
11 115
11 116
11 117
11 118
11 119
11 120
11 122
11 123
11 124
11 125
11 126
11 128
11 129
11 130
11 131
11 132
11 134
11 136
11 137
11 139
11 140
11 141
11 143
11 144
11 145
11 146
11 147
11 148
11 155
11 156
11 157
11 161
11 162
11 164
11 167
12 15
12 18
12 19
12 20
12 21
12 22
12 24
12 25
12 26
12 27
12 31
12 33
12 39
12 40
12 41
12 43
12 45
12 47
12 49
12 50
12 51
12 52
12 53
12 54
12 57
12 59
12 64
12 68
12 70
12 71
12 72
12 74
12 75
12 78
12 79
12 80
12 81
12 82
12 84
12 86
12 87
12 89
12 92
12 93
12 94
12 97
12 99
12 101
12 102
12 103
12 105
12 106
12 107
12 108
12 110
12 111
12 112
12 113
12 115
12 120
12 121
12 122
12 123
12 124
12 127
12 128
12 129
12 130
12 133
12 138
12 140
12 142
12 144
12 145
12 147
12 149
12 150
12 151
12 153
12 155
12 156
12 158
12 165
12 169
13 17
13 19
13 20
13 22
13 24
13 25
13 26
13 27
13 29
13 32
13 33
13 36
13 37
13 39
13 40
13 42
13 45
13 46
13 52
13 53
13 54
13 56
13 59
13 63
13 64
13 66
13 68
13 69
13 70
13 72
13 73
13 75
13 82
13 83
13 86
13 87
13 88
13 89
13 90
13 91
13 92
13 93
13 94
13 96
13 97
13 98
13 100
13 104
13 105
13 106
13 107
13 108
13 109
13 112
13 114
13 115
13 118
13 119
13 120
13 121
13 122
13 124
13 125
13 126
13 127
13 128
13 130
13 132
13 135
13 136
13 137
13 141
13 142
13 143
13 144
13 145
13 146
13 147
13 148
13 149
13 150
13 151
13 152
13 156
13 157
13 160
13 161
13 163
13 165
13 167
14 15
14 18
14 19
14 20
14 26
14 29
14 31
14 34
14 35
14 36
14 37
14 38
14 40
14 41
14 43
14 44
14 47
14 48
14 49
14 50
14 51
14 52
14 54
14 55
14 56
14 57
14 59
14 60
14 61
14 62
14 63
14 64
14 65
14 66
14 67
14 68
14 69
14 73
14 75
14 78
14 80
14 85
14 86
14 87
14 88
14 89
14 90
14 93
14 95
14 98
14 99
14 100
14 101
14 102
14 103
14 104
14 105
14 107
14 108
14 112
14 115
14 116
14 118
14 120
14 124
14 125
14 126
14 127
14 128
14 129
14 131
14 132
14 134
14 135
14 136
14 137
14 138
14 139
14 142
14 144
14 146
14 147
14 148
14 149
14 152
14 153
14 156
14 157
14 158
14 159
14 161
14 163
14 169
15 16
15 18
15 20
15 21
15 23
15 24
15 26
15 28
15 30
15 32
15 33
15 34
15 37
15 38
15 42
15 44
15 45
15 46
15 47
15 48
15 49
15 50
15 51
15 52
15 54
15 58
15 59
15 60
15 61
15 62
15 70
15 72
15 74
15 75
15 76
15 77
15 79
15 80
15 82
15 83
15 85
15 86
15 89
15 90
15 91
15 92
15 93
15 94
15 95
15 98
15 100
15 102
15 103
15 105
15 107
15 108
15 109
15 111
15 112
15 113
15 114
15 115
15 117
15 118
15 119
15 123
15 125
15 126
15 128
15 129
15 131
15 132
15 135
15 137
15 138
15 139
15 141
15 142
15 143
15 144
15 145
15 146
15 148
15 149
15 150
15 151
15 153
15 156
15 160
15 164
15 165
15 166
15 167
15 169
16 19
16 24
16 26
16 27
16 28
16 29
16 31
16 32
16 33
16 34
16 35
16 37
16 39
16 43
16 46
16 48
16 49
16 50
16 51
16 52
16 53
16 54
16 55
16 56
16 61
16 62
16 63
16 64
16 66
16 67
16 68
16 69
16 71
16 73
16 74
16 75
16 77
16 78
16 79
16 83
16 84
16 85
16 86
16 87
16 90
16 92
16 96
16 97
16 98
16 99
16 101
16 102
16 103
16 104
16 106
16 107
16 108
16 110
16 114
16 115
16 116
16 117
16 118
16 120
16 121
16 122
16 124
16 126
16 127
16 128
16 129
16 130
16 131
16 133
16 134
16 135
16 137
16 138
16 140
16 141
16 142
16 145
16 148
16 149
16 150
16 151
16 152
16 154
16 155
16 158
16 159
16 160
16 161
16 162
16 163
16 165
16 166
16 167
17 18
17 20
17 23
17 24
17 27
17 30
17 33
17 34
17 36
17 39
17 40
17 41
17 42
17 43
17 46
17 47
17 49
17 50
17 56
17 58
17 59
17 61
17 63
17 64
17 67
17 69
17 70
17 71
17 72
17 73
17 74
17 75
17 76
17 77
17 78
17 79
17 82
17 84
17 85
17 86
17 87
17 88
17 89
17 90
17 91
17 92
17 94
17 95
17 97
17 98
17 99
17 100
17 101
17 102
17 103
17 106
17 108
17 109
17 110
17 112
17 113
17 114
17 115
17 117
17 120
17 121
17 123
17 124
17 125
17 128
17 130
17 131
17 133
17 134
17 135
17 138
17 140
17 141
17 142
17 144
17 145
17 149
17 150
17 151
17 152
17 153
17 154
17 155
17 156
17 158
17 159
17 160
17 162
17 163
17 165
17 166
17 167
18 19
18 20
18 22
18 24
18 26
18 29
18 30
18 31
18 32
18 34
18 35
18 36
18 38
18 39
18 40
18 41
18 42
18 47
18 49
18 50
18 53
18 54
18 58
18 59
18 60
18 61
18 64
18 65
18 68
18 70
18 71
18 72
18 73
18 75
18 76
18 77
18 80
18 81
18 84
18 85
18 87
18 90
18 91
18 92
18 93
18 94
18 96
18 97
18 98
18 99
18 101
18 103
18 105
18 107
18 108
18 109
18 111
18 113
18 114
18 115
18 116
18 117
18 121
18 122
18 126
18 127
18 128
18 130
18 131
18 132
18 133
18 134
18 135
18 141
18 143
18 144
18 145
18 147
18 148
18 149
18 152
18 153
18 154
18 157
18 160
18 164
18 165
18 166
18 167
18 168
19 21
19 22
19 24
19 26
19 31
19 32
19 33
19 34
19 35
19 37
19 38
19 40
19 42
19 47
19 51
19 53
19 55
19 57
19 58
19 59
19 62
19 64
19 66
19 67
19 69
19 71
19 73
19 75
19 76
19 82
19 83
19 86
19 88
19 89
19 91
19 93
19 95
19 96
19 97
19 98
19 102
19 103
19 105
19 107
19 108
19 109
19 110
19 111
19 112
19 114
19 116
19 117
19 120
19 121
19 122
19 125
19 126
19 127
19 128
19 130
19 132
19 134
19 135
19 137
19 138
19 140
19 141
19 143
19 144
19 145
19 149
19 150
19 152
19 153
19 154
19 157
19 160
19 162
19 163
19 165
19 166
19 168
20 22
20 23
20 26
20 28
20 29
20 31
20 32
20 33
20 34
20 35
20 37
20 38
20 39
20 40
20 41
20 42
20 43
20 44
20 46
20 47
20 50
20 52
20 53
20 54
20 56
20 63
20 64
20 65
20 66
20 67
20 68
20 69
20 70
20 71
20 74
20 75
20 76
20 77
20 78
20 79
20 80
20 81
20 82
20 83
20 85
20 86
20 91
20 92
20 93
20 94
20 98
20 99
20 101
20 102
20 105
20 106
20 109
20 110
20 113
20 114
20 115
20 116
20 117
20 119
20 121
20 122
20 123
20 124
20 126
20 129
20 132
20 133
20 135
20 137
20 138
20 140
20 141
20 144
20 147
20 148
20 149
20 150
20 151
20 152
20 154
20 158
20 161
20 164
20 166
20 167
20 168
20 169
21 22
21 23
21 24
21 25
21 26
21 27
21 28
21 30
21 32
21 33
21 37
21 38
21 39
21 41
21 42
21 43
21 45
21 46
21 47
21 49
21 51
21 52
21 53
21 54
21 55
21 60
21 62
21 65
21 67
21 68
21 70
21 71
21 72
21 75
21 76
21 78
21 81
21 82
21 83
21 84
21 88
21 89
21 91
21 93
21 94
21 96
21 97
21 98
21 99
21 100
21 101
21 102
21 103
21 104
21 105
21 107
21 108
21 110
21 114
21 116
21 117
21 118
21 119
21 120
21 122
21 123
21 124
21 125
21 126
21 127
21 128
21 131
21 132
21 134
21 135
21 136
21 137
21 138
21 141
21 142
21 145
21 146
21 147
21 148
21 149
21 150
21 151
21 153
21 155
21 156
21 157
21 158
21 159
21 160
21 161
21 162
21 165
21 166
21 168
22 25
22 29
22 30
22 31
22 32
22 33
22 35
22 36
22 40
22 42
22 43
22 46
22 47
22 48
22 49
22 53
22 55
22 56
22 57
22 59
22 61
22 62
22 64
22 65
22 67
22 69
22 70
22 72
22 73
22 76
22 78
22 79
22 80
22 81
22 82
22 83
22 86
22 87
22 88
22 89
22 91
22 92
22 95
22 96
22 100
22 101
22 102
22 103
22 104
22 105
22 109
22 110
22 112
22 113
22 116
22 117
22 123
22 126
22 128
22 129
22 130
22 131
22 135
22 136
22 137
22 138
22 140
22 143
22 145
22 146
22 147
22 148
22 149
22 151
22 152
22 153
22 156
22 161
22 167
23 25
23 26
23 28
23 30
23 31
23 32
23 33
23 34
23 35
23 38
23 40
23 41
23 46
23 47
23 48
23 49
23 52
23 53
23 55
23 57
23 58
23 59
23 61
23 62
23 63
23 66
23 68
23 69
23 70
23 75
23 76
23 80
23 83
23 84
23 85
23 87
23 88
23 90
23 91
23 93
23 95
23 96
23 97
23 98
23 99
23 100
23 104
23 105
23 107
23 108
23 109
23 112
23 113
23 114
23 116
23 117
23 118
23 121
23 124
23 125
23 126
23 128
23 129
23 131
23 132
23 133
23 134
23 138
23 140
23 141
23 144
23 148
23 149
23 151
23 153
23 154
23 156
23 158
23 159
23 163
23 165
23 167
23 168
24 27
24 28
24 29
24 30
24 33
24 34
24 35
24 36
24 40
24 41
24 43
24 44
24 45
24 46
24 47
24 48
24 49
24 50
24 55
24 57
24 58
24 59
24 60
24 61
24 62
24 63
24 66
24 67
24 68
24 69
24 70
24 71
24 72
24 73
24 74
24 75
24 81
24 83
24 84
24 86
24 87
24 88
24 89
24 91
24 93
24 94
24 96
24 98
24 99
24 100
24 101
24 103
24 106
24 107
24 111
24 112
24 113
24 115
24 116
24 120
24 122
24 124
24 126
24 131
24 133
24 135
24 136
24 137
24 138
24 140
24 142
24 143
24 145
24 146
24 147
24 149
24 150
24 153
24 154
24 155
24 156
24 157
24 161
24 165
24 167
24 168
24 169
25 26
25 27
25 31
25 32
25 37
25 38
25 41
25 42
25 43
25 44
25 49
25 50
25 51
25 53
25 54
25 55
25 61
25 62
25 64
25 65
25 66
25 67
25 69
25 70
25 71
25 72
25 73
25 75
25 76
25 80
25 81
25 83
25 84
25 85
25 92
25 95
25 97
25 99
25 100
25 102
25 105
25 106
25 107
25 108
25 111
25 113
25 114
25 116
25 117
25 118
25 120
25 121
25 122
25 123
25 125
25 126
25 128
25 129
25 130
25 131
25 133
25 135
25 136
25 137
25 138
25 139
25 141
25 144
25 145
25 146
25 147
25 148
25 151
25 153
25 154
25 156
25 158
25 159
25 161
25 164
25 165
25 166
25 167
25 168
25 169
26 34
26 36
26 37
26 39
26 42
26 43
26 45
26 46
26 48
26 49
26 51
26 54
26 57
26 58
26 59
26 62
26 64
26 66
26 67
26 68
26 71
26 72
26 73
26 74
26 75
26 77
26 78
26 80
26 81
26 83
26 86
26 88
26 89
26 90
26 91
26 94
26 95
26 96
26 102
26 104
26 105
26 110
26 111
26 112
26 113
26 114
26 119
26 121
26 122
26 123
26 124
26 125
26 126
26 127
26 129
26 130
26 132
26 134
26 135
26 139
26 143
26 145
26 150
26 151
26 153
26 154
26 156
26 157
26 158
26 159
26 160
26 161
26 162
26 163
26 164
26 166
26 167
26 168
27 28
27 29
27 30
27 31
27 32
27 33
27 36
27 37
27 38
27 39
27 41
27 43
27 45
27 48
27 49
27 50
27 52
27 53
27 54
27 55
27 56
27 58
27 59
27 62
27 64
27 65
27 67
27 71
27 73
27 74
27 76
27 77
27 78
27 79
27 80
27 81
27 83
27 85
27 86
27 88
27 89
27 91
27 94
27 95
27 96
27 97
27 98
27 99
27 100
27 101
27 103
27 105
27 107
27 111
27 112
27 113
27 114
27 115
27 116
27 117
27 118
27 120
27 121
27 122
27 123
27 124
27 126
27 127
27 129
27 130
27 134
27 135
27 136
27 138
27 140
27 141
27 144
27 145
27 146
27 148
27 149
27 151
27 152
27 154
27 155
27 157
27 158
27 159
27 160
27 161
27 163
27 164
27 165
27 166
27 167
27 169
28 30
28 32
28 35
28 36
28 39
28 41
28 42
28 44
28 45
28 46
28 47
28 48
28 49
28 50
28 51
28 55
28 56
28 57
28 58
28 60
28 62
28 64
28 66
28 68
28 69
28 71
28 73
28 74
28 76
28 77
28 81
28 83
28 84
28 85
28 86
28 88
28 89
28 91
28 95
28 96
28 97
28 98
28 101
28 103
28 104
28 105
28 107
28 110
28 111
28 115
28 116
28 119
28 121
28 123
28 125
28 126
28 127
28 129
28 130
28 132
28 133
28 135
28 136
28 137
28 138
28 140
28 142
28 143
28 144
28 145
28 146
28 147
28 152
28 153
28 154
28 161
28 162
28 169
29 31
29 32
29 33
29 34
29 35
29 37
29 38
29 39
29 40
29 42
29 43
29 46
29 47
29 53
29 54
29 55
29 56
29 58
29 59
29 61
29 64
29 65
29 66
29 67
29 68
29 69
29 71
29 72
29 73
29 74
29 75
29 76
29 77
29 79
29 81
29 83
29 84
29 88
29 91
29 92
29 93
29 97
29 98
29 101
29 102
29 103
29 105
29 106
29 107
29 109
29 111
29 115
29 116
29 117
29 119
29 120
29 123
29 124
29 127
29 128
29 129
29 130
29 132
29 134
29 135
29 138
29 140
29 141
29 148
29 150
29 152
29 153
29 157
29 159
29 161
29 162
29 163
29 164
29 165
30 31
30 32
30 34
30 36
30 38
30 39
30 40
30 44
30 45
30 48
30 49
30 50
30 51
30 52
30 56
30 58
30 59
30 65
30 66
30 67
30 68
30 69
30 71
30 72
30 74
30 75
30 77
30 80
30 81
30 82
30 86
30 87
30 90
30 92
30 94
30 96
30 101
30 103
30 104
30 105
30 106
30 107
30 110
30 111
30 112
30 113
30 114
30 117
30 118
30 119
30 120
30 121
30 123
30 124
30 125
30 128
30 132
30 133
30 134
30 135
30 136
30 137
30 138
30 139
30 140
30 142
30 144
30 145
30 147
30 148
30 149
30 150
30 151
30 153
30 156
30 158
30 161
30 163
30 165
30 166
30 167
30 168
30 169
31 36
31 40
31 41
31 42
31 43
31 44
31 45
31 47
31 48
31 50
31 51
31 53
31 58
31 59
31 60
31 61
31 62
31 63
31 64
31 66
31 68
31 69
31 70
31 71
31 72
31 74
31 75
31 76
31 78
31 82
31 83
31 84
31 88
31 89
31 93
31 96
31 97
31 98
31 100
31 102
31 108
31 109
31 110
31 111
31 114
31 116
31 118
31 121
31 122
31 123
31 124
31 127
31 128
31 133
31 135
31 137
31 140
31 143
31 146
31 147
31 148
31 149
31 150
31 151
31 156
31 157
31 159
31 161
31 162
31 163
31 165
31 166
31 167
31 168
31 169
32 34
32 36
32 37
32 39
32 40
32 42
32 43
32 46
32 47
32 48
32 53
32 54
32 57
32 58
32 60
32 64
32 65
32 66
32 67
32 68
32 69
32 70
32 73
32 74
32 75
32 76
32 78
32 79
32 80
32 84
32 85
32 86
32 87
32 88
32 90
32 91
32 92
32 93
32 94
32 95
32 97
32 99
32 100
32 102
32 103
32 105
32 107
32 110
32 111
32 113
32 114
32 117
32 118
32 120
32 121
32 122
32 124
32 127
32 128
32 129
32 130
32 131
32 135
32 136
32 137
32 138
32 140
32 141
32 142
32 144
32 145
32 146
32 149
32 150
32 152
32 153
32 155
32 156
32 157
32 159
32 164
32 166
32 169
33 35
33 36
33 37
33 44
33 45
33 46
33 48
33 50
33 51
33 53
33 55
33 57
33 58
33 59
33 60
33 62
33 64
33 66
33 67
33 69
33 70
33 71
33 72
33 73
33 74
33 75
33 76
33 77
33 79
33 80
33 82
33 83
33 84
33 87
33 88
33 91
33 92
33 94
33 95
33 96
33 97
33 102
33 104
33 105
33 106
33 107
33 109
33 110
33 111
33 112
33 113
33 115
33 118
33 119
33 120
33 121
33 122
33 123
33 124
33 127
33 129
33 133
33 137
33 140
33 143
33 144
33 146
33 147
33 148
33 149
33 152
33 153
33 156
33 157
33 159
33 161
33 164
33 165
33 167
33 169
34 35
34 36
34 38
34 39
34 40
34 43
34 44
34 48
34 49
34 52
34 53
34 56
34 57
34 62
34 63
34 65
34 66
34 67
34 71
34 72
34 75
34 77
34 78
34 80
34 81
34 82
34 86
34 87
34 89
34 90
34 91
34 93
34 96
34 97
34 98
34 99
34 100
34 101
34 102
34 103
34 104
34 105
34 106
34 108
34 110
34 111
34 112
34 113
34 114
34 115
34 116
34 118
34 120
34 121
34 122
34 123
34 129
34 130
34 132
34 133
34 136
34 137
34 138
34 139
34 141
34 143
34 144
34 145
34 146
34 147
34 148
34 150
34 151
34 152
34 153
34 154
34 156
34 157
34 158
34 160
34 161
34 162
34 163
34 164
34 165
34 166
34 168
34 169
35 37
35 38
35 41
35 42
35 43
35 44
35 45
35 48
35 49
35 50
35 51
35 52
35 53
35 54
35 55
35 56
35 58
35 59
35 62
35 63
35 67
35 68
35 69
35 71
35 72
35 73
35 75
35 76
35 79
35 81
35 82
35 83
35 84
35 85
35 86
35 89
35 91
35 92
35 94
35 95
35 98
35 99
35 100
35 101
35 103
35 104
35 105
35 106
35 107
35 108
35 109
35 111
35 112
35 115
35 116
35 117
35 118
35 119
35 123
35 124
35 125
35 126
35 127
35 133
35 134
35 135
35 136
35 137
35 138
35 139
35 140
35 141
35 146
35 151
35 152
35 153
35 154
35 158
35 159
35 161
35 163
35 164
35 166
35 169
36 37
36 38
36 39
36 40
36 41
36 44
36 45
36 46
36 49
36 52
36 53
36 54
36 62
36 65
36 67
36 69
36 74
36 76
36 81
36 84
36 85
36 87
36 89
36 90
36 91
36 92
36 94
36 95
36 96
36 98
36 100
36 103
36 105
36 106
36 107
36 108
36 114
36 117
36 118
36 119
36 121
36 123
36 124
36 129
36 130
36 132
36 133
36 135
36 136
36 137
36 141
36 142
36 143
36 144
36 149
36 151
36 152
36 153
36 158
36 159
36 161
36 166
36 168
36 169
37 38
37 40
37 41
37 42
37 44
37 45
37 46
37 47
37 50
37 51
37 52
37 54
37 56
37 57
37 58
37 59
37 61
37 62
37 64
37 65
37 70
37 71
37 72
37 73
37 74
37 76
37 77
37 78
37 79
37 81
37 82
37 85
37 86
37 87
37 89
37 90
37 92
37 94
37 96
37 100
37 101
37 102
37 103
37 105
37 106
37 107
37 108
37 109
37 110
37 111
37 112
37 113
37 114
37 115
37 116
37 117
37 118
37 120
37 121
37 123
37 124
37 125
37 126
37 127
37 128
37 129
37 130
37 131
37 135
37 136
37 137
37 138
37 139
37 141
37 142
37 143
37 144
37 147
37 148
37 149
37 151
37 152
37 153
37 154
37 156
37 157
37 164
37 166
37 167
37 169
38 44
38 45
38 46
38 47
38 48
38 49
38 50
38 52
38 54
38 58
38 59
38 60
38 61
38 63
38 64
38 65
38 66
38 67
38 68
38 69
38 71
38 73
38 74
38 77
38 81
38 82
38 83
38 84
38 89
38 90
38 92
38 94
38 95
38 96
38 97
38 99
38 100
38 101
38 102
38 104
38 105
38 106
38 107
38 108
38 110
38 111
38 113
38 116
38 119
38 122
38 123
38 126
38 128
38 129
38 130
38 132
38 135
38 137
38 139
38 140
38 141
38 142
38 143
38 144
38 145
38 146
38 147
38 151
38 152
38 154
38 156
38 160
38 161
38 165
38 166
38 168
39 40
39 44
39 45
39 48
39 49
39 50
39 53
39 56
39 58
39 59
39 60
39 61
39 62
39 63
39 64
39 70
39 71
39 75
39 77
39 78
39 80
39 82
39 83
39 87
39 91
39 92
39 95
39 97
39 99
39 100
39 101
39 108
39 109
39 111
39 113
39 114
39 115
39 117
39 118
39 119
39 121
39 122
39 123
39 124
39 126
39 127
39 128
39 130
39 131
39 132
39 134
39 137
39 138
39 139
39 140
39 141
39 144
39 145
39 147
39 149
39 153
39 154
39 155
39 158
39 159
39 161
39 162
39 163
39 166
39 167
39 168
39 169
40 41
40 43
40 46
40 49
40 50
40 52
40 54
40 57
40 58
40 61
40 64
40 68
40 69
40 70
40 71
40 74
40 75
40 77
40 78
40 80
40 81
40 83
40 84
40 85
40 86
40 89
40 90
40 91
40 95
40 97
40 99
40 100
40 101
40 103
40 107
40 108
40 110
40 111
40 112
40 113
40 114
40 115
40 117
40 119
40 121
40 123
40 126
40 127
40 128
40 130
40 131
40 132
40 134
40 136
40 141
40 142
40 145
40 146
40 147
40 148
40 150
40 153
40 155
40 157
40 159
40 160
40 162
40 163
40 166
40 167
40 168
40 169
41 44
41 45
41 46
41 48
41 49
41 51
41 52
41 54
41 55
41 56
41 57
41 59
41 61
41 66
41 67
41 71
41 72
41 73
41 74
41 78
41 79
41 81
41 82
41 83
41 84
41 85
41 87
41 88
41 89
41 91
41 92
41 96
41 97
41 98
41 99
41 100
41 104
41 108
41 111
41 112
41 113
41 116
41 117
41 120
41 121
41 122
41 123
41 124
41 125
41 127
41 129
41 131
41 132
41 133
41 136
41 137
41 138
41 139
41 143
41 145
41 147
41 148
41 149
41 150
41 151
41 152
41 154
41 155
41 156
41 157
41 160
41 162
41 163
41 164
41 165
41 167
41 169
42 43
42 45
42 47
42 50
42 51
42 52
42 54
42 55
42 57
42 58
42 60
42 64
42 67
42 73
42 74
42 76
42 77
42 78
42 80
42 83
42 84
42 86
42 87
42 88
42 89
42 90
42 91
42 92
42 94
42 96
42 97
42 99
42 100
42 102
42 105
42 107
42 111
42 113
42 114
42 116
42 117
42 118
42 119
42 124
42 125
42 126
42 127
42 132
42 135
42 136
42 138
42 139
42 140
42 141
42 144
42 146
42 147
42 149
42 150
42 151
42 153
42 155
42 156
42 157
42 158
42 159
42 160
42 161
42 162
42 163
42 164
42 165
42 166
42 167
42 169
43 44
43 45
43 46
43 48
43 49
43 52
43 54
43 58
43 62
43 63
43 66
43 68
43 70
43 71
43 72
43 73
43 74
43 75
43 76
43 77
43 78
43 80
43 82
43 83
43 84
43 85
43 86
43 92
43 93
43 95
43 96
43 97
43 102
43 103
43 105
43 106
43 110
43 111
43 116
43 117
43 119
43 120
43 121
43 122
43 123
43 124
43 125
43 126
43 128
43 130
43 131
43 132
43 134
43 135
43 136
43 137
43 140
43 141
43 142
43 143
43 144
43 146
43 148
43 149
43 150
43 151
43 152
43 153
43 154
43 155
43 157
43 158
43 161
43 162
43 163
43 165
43 166
43 167
43 168
44 45
44 46
44 47
44 50
44 51
44 52
44 54
44 58
44 59
44 60
44 62
44 64
44 66
44 68
44 70
44 71
44 82
44 83
44 89
44 90
44 91
44 92
44 93
44 94
44 96
44 97
44 98
44 99
44 100
44 101
44 103
44 105
44 106
44 107
44 108
44 109
44 110
44 112
44 113
44 114
44 115
44 116
44 117
44 120
44 121
44 122
44 123
44 124
44 127
44 128
44 130
44 131
44 132
44 133
44 134
44 137
44 138
44 140
44 141
44 142
44 143
44 144
44 145
44 146
44 148
44 150
44 152
44 153
44 157
44 158
44 159
44 161
44 162
44 163
44 164
44 166
44 167
44 168
44 169
45 46
45 48
45 49
45 51
45 53
45 54
45 55
45 56
45 58
45 59
45 60
45 61
45 62
45 65
45 68
45 70
45 71
45 73
45 77
45 79
45 81
45 85
45 87
45 88
45 90
45 91
45 93
45 95
45 96
45 97
45 99
45 103
45 104
45 105
45 107
45 108
45 109
45 112
45 115
45 116
45 118
45 119
45 120
45 121
45 122
45 123
45 124
45 126
45 127
45 129
45 130
45 131
45 132
45 133
45 134
45 137
45 138
45 140
45 142
45 144
45 146
45 147
45 149
45 151
45 152
45 155
45 156
45 157
45 159
45 160
45 161
45 164
45 165
45 168
46 49
46 52
46 53
46 54
46 55
46 57
46 58
46 59
46 62
46 64
46 65
46 66
46 67
46 68
46 69
46 71
46 72
46 73
46 74
46 76
46 78
46 79
46 81
46 82
46 84
46 85
46 88
46 90
46 91
46 93
46 95
46 96
46 99
46 100
46 101
46 105
46 106
46 107
46 108
46 109
46 110
46 111
46 114
46 115
46 116
46 117
46 118
46 119
46 120
46 121
46 123
46 124
46 126
46 129
46 131
46 132
46 134
46 135
46 136
46 140
46 145
46 146
46 148
46 149
46 152
46 153
46 155
46 156
46 157
46 161
46 162
46 164
46 165
46 166
46 168
47 50
47 52
47 54
47 55
47 56
47 57
47 58
47 59
47 64
47 70
47 71
47 72
47 74
47 75
47 78
47 86
47 87
47 90
47 93
47 94
47 95
47 96
47 100
47 102
47 103
47 104
47 109
47 112
47 113
47 115
47 116
47 118
47 122
47 124
47 125
47 126
47 127
47 128
47 129
47 131
47 133
47 134
47 135
47 136
47 137
47 139
47 140
47 141
47 142
47 143
47 144
47 146
47 148
47 149
47 150
47 152
47 153
47 154
47 156
47 157
47 158
47 160
47 162
47 165
47 167
47 168
47 169
48 53
48 54
48 56
48 60
48 65
48 66
48 68
48 69
48 70
48 71
48 72
48 75
48 77
48 79
48 80
48 82
48 83
48 84
48 85
48 89
48 90
48 91
48 94
48 96
48 97
48 99
48 100
48 102
48 103
48 104
48 105
48 108
48 109
48 110
48 111
48 112
48 114
48 115
48 116
48 117
48 118
48 119
48 120
48 121
48 122
48 123
48 124
48 127
48 131
48 137
48 138
48 139
48 140
48 141
48 144
48 145
48 146
48 147
48 149
48 150
48 151
48 152
48 154
48 157
48 159
48 160
48 163
48 164
48 165
48 166
48 169
49 51
49 54
49 57
49 58
49 59
49 61
49 62
49 63
49 65
49 66
49 67
49 68
49 69
49 70
49 71
49 72
49 74
49 75
49 77
49 78
49 79
49 80
49 81
49 82
49 83
49 84
49 85
49 87
49 88
49 91
49 92
49 93
49 95
49 99
49 100
49 101
49 102
49 103
49 104
49 105
49 106
49 108
49 111
49 112
49 113
49 115
49 117
49 118
49 119
49 120
49 122
49 123
49 125
49 127
49 128
49 135
49 136
49 139
49 140
49 141
49 144
49 145
49 147
49 150
49 151
49 152
49 153
49 154
49 155
49 156
49 158
49 159
49 161
49 164
49 165
49 166
49 168
50 53
50 56
50 59
50 60
50 61
50 62
50 64
50 65
50 66
50 67
50 68
50 70
50 71
50 72
50 73
50 74
50 75
50 76
50 77
50 78
50 80
50 81
50 83
50 84
50 88
50 89
50 90
50 92
50 94
50 98
50 101
50 102
50 103
50 105
50 107
50 108
50 109
50 110
50 111
50 112
50 114
50 117
50 118
50 120
50 121
50 125
50 126
50 127
50 128
50 130
50 131
50 132
50 134
50 136
50 137
50 138
50 139
50 140
50 141
50 143
50 144
50 145
50 146
50 147
50 148
50 149
50 150
50 151
50 152
50 153
50 157
50 158
50 161
50 163
50 164
50 166
50 169
51 52
51 53
51 54
51 55
51 57
51 59
51 62
51 65
51 66
51 67
51 69
51 70
51 72
51 73
51 74
51 75
51 76
51 78
51 79
51 80
51 82
51 85
51 86
51 87
51 89
51 90
51 92
51 93
51 94
51 95
51 97
51 98
51 101
51 102
51 103
51 104
51 105
51 106
51 110
51 111
51 114
51 115
51 119
51 121
51 123
51 124
51 125
51 126
51 128
51 129
51 132
51 134
51 138
51 139
51 141
51 143
51 144
51 145
51 146
51 147
51 150
51 154
51 157
51 159
51 163
51 164
51 166
51 167
52 53
52 54
52 55
52 59
52 61
52 62
52 64
52 68
52 70
52 72
52 74
52 76
52 79
52 80
52 83
52 86
52 91
52 93
52 96
52 97
52 99
52 101
52 104
52 108
52 109
52 110
52 111
52 112
52 114
52 115
52 116
52 118
52 119
52 120
52 121
52 122
52 124
52 125
52 126
52 127
52 129
52 131
52 132
52 133
52 134
52 135
52 136
52 139
52 140
52 141
52 146
52 150
52 152
52 154
52 156
52 157
52 159
52 160
52 161
52 163
52 165
52 168
53 55
53 56
53 58
53 59
53 60
53 61
53 63
53 64
53 65
53 66
53 68
53 69
53 70
53 75
53 76
53 80
53 81
53 82
53 84
53 86
53 88
53 90
53 91
53 92
53 93
53 94
53 95
53 96
53 97
53 98
53 99
53 101
53 102
53 103
53 104
53 105
53 106
53 111
53 113
53 115
53 116
53 118
53 119
53 121
53 122
53 123
53 124
53 126
53 127
53 128
53 129
53 130
53 132
53 133
53 134
53 136
53 137
53 139
53 140
53 141
53 145
53 146
53 147
53 149
53 150
53 151
53 152
53 153
53 154
53 155
53 156
53 157
53 158
53 159
53 160
53 161
53 162
53 167
54 56
54 62
54 64
54 69
54 70
54 71
54 73
54 74
54 76
54 77
54 81
54 84
54 85
54 86
54 87
54 88
54 89
54 91
54 93
54 95
54 96
54 98
54 99
54 100
54 101
54 102
54 104
54 105
54 106
54 109
54 112
54 113
54 114
54 115
54 117
54 118
54 119
54 120
54 121
54 124
54 126
54 128
54 130
54 132
54 133
54 136
54 137
54 140
54 141
54 145
54 146
54 147
54 150
54 151
54 152
54 154
54 157
54 158
54 159
54 161
54 163
54 164
54 165
54 166
54 168
54 169
55 56
55 57
55 58
55 59
55 60
55 61
55 63
55 65
55 67
55 69
55 70
55 72
55 74
55 75
55 76
55 77
55 80
55 81
55 84
55 87
55 88
55 89
55 90
55 92
55 95
55 96
55 98
55 100
55 105
55 106
55 107
55 108
55 109
55 113
55 115
55 116
55 118
55 122
55 124
55 125
55 126
55 127
55 129
55 131
55 134
55 135
55 136
55 138
55 140
55 145
55 146
55 147
55 148
55 149
55 151
55 153
55 155
55 156
55 157
55 161
55 162
55 164
55 166
55 168
55 169
56 58
56 61
56 64
56 65
56 67
56 73
56 74
56 76
56 77
56 81
56 82
56 83
56 84
56 85
56 87
56 88
56 89
56 90
56 91
56 93
56 94
56 95
56 96
56 98
56 99
56 100
56 103
56 104
56 106
56 109
56 111
56 113
56 115
56 118
56 119
56 120
56 123
56 124
56 126
56 127
56 128
56 129
56 132
56 133
56 135
56 138
56 141
56 143
56 146
56 147
56 150
56 151
56 152
56 154
56 157
56 158
56 159
56 160
56 163
56 164
56 166
56 167
56 169
57 59
57 61
57 62
57 63
57 65
57 67
57 68
57 69
57 70
57 71
57 72
57 73
57 74
57 75
57 76
57 77
57 78
57 80
57 81
57 83
57 84
57 87
57 88
57 92
57 94
57 95
57 100
57 101
57 102
57 103
57 105
57 109
57 110
57 113
57 114
57 115
57 117
57 118
57 119
57 120
57 121
57 122
57 124
57 126
57 127
57 130
57 131
57 133
57 134
57 135
57 137
57 138
57 140
57 142
57 143
57 146
57 147
57 148
57 150
57 152
57 153
57 154
57 155
57 156
57 157
57 158
57 159
57 161
57 163
57 165
57 168
58 59
58 62
58 64
58 66
58 68
58 72
58 74
58 76
58 78
58 79
58 80
58 81
58 83
58 84
58 89
58 90
58 93
58 97
58 99
58 100
58 101
58 102
58 103
58 104
58 105
58 108
58 109
58 110
58 111
58 112
58 113
58 114
58 115
58 116
58 117
58 118
58 119
58 120
58 123
58 124
58 127
58 128
58 129
58 130
58 132
58 134
58 136
58 137
58 141
58 142
58 144
58 145
58 146
58 147
58 152
58 153
58 154
58 155
58 156
58 157
58 158
58 159
58 162
58 163
58 164
58 165
58 166
58 167
58 169
59 63
59 64
59 65
59 66
59 69
59 70
59 72
59 73
59 75
59 77
59 79
59 82
59 83
59 84
59 85
59 86
59 88
59 89
59 90
59 91
59 92
59 94
59 95
59 96
59 97
59 100
59 102
59 103
59 104
59 105
59 106
59 107
59 108
59 110
59 111
59 113
59 114
59 115
59 116
59 118
59 120
59 122
59 123
59 129
59 131
59 133
59 136
59 137
59 138
59 139
59 140
59 143
59 144
59 145
59 149
59 151
59 153
59 154
59 155
59 156
59 157
59 158
59 162
59 164
59 165
59 166
59 167
59 168
59 169
60 62
60 64
60 65
60 66
60 67
60 68
60 70
60 73
60 74
60 75
60 76
60 79
60 80
60 81
60 82
60 83
60 84
60 86
60 87
60 88
60 89
60 90
60 92
60 93
60 94
60 97
60 100
60 102
60 103
60 104
60 105
60 106
60 107
60 108
60 109
60 110
60 111
60 113
60 114
60 115
60 116
60 118
60 119
60 120
60 123
60 124
60 125
60 128
60 130
60 132
60 134
60 135
60 136
60 137
60 140
60 144
60 145
60 147
60 150
60 151
60 152
60 153
60 154
60 155
60 156
60 159
60 160
60 161
60 162
60 163
60 166
60 169
61 63
61 64
61 65
61 66
61 67
61 72
61 74
61 75
61 76
61 77
61 78
61 79
61 81
61 82
61 83
61 85
61 91
61 92
61 96
61 97
61 98
61 99
61 100
61 102
61 103
61 104
61 106
61 107
61 108
61 109
61 110
61 112
61 113
61 114
61 115
61 116
61 118
61 120
61 121
61 122
61 125
61 128
61 129
61 131
61 132
61 133
61 134
61 135
61 137
61 138
61 139
61 140
61 142
61 143
61 144
61 145
61 148
61 149
61 151
61 152
61 153
61 154
61 156
61 157
61 158
61 159
61 160
61 161
61 163
61 164
61 165
61 168
62 63
62 64
62 65
62 66
62 67
62 71
62 72
62 74
62 75
62 79
62 80
62 82
62 83
62 84
62 85
62 86
62 88
62 89
62 90
62 91
62 92
62 94
62 95
62 97
62 99
62 100
62 105
62 107
62 109
62 110
62 111
62 113
62 114
62 116
62 117
62 118
62 119
62 120
62 121
62 122
62 123
62 124
62 126
62 127
62 128
62 130
62 131
62 133
62 134
62 135
62 136
62 137
62 139
62 141
62 142
62 143
62 144
62 145
62 147
62 148
62 149
62 154
62 157
62 158
62 159
62 161
62 162
62 166
62 167
63 64
63 65
63 66
63 67
63 68
63 71
63 73
63 74
63 75
63 76
63 77
63 81
63 82
63 83
63 86
63 87
63 88
63 89
63 91
63 92
63 93
63 95
63 98
63 100
63 101
63 102
63 103
63 104
63 105
63 108
63 109
63 113
63 115
63 116
63 117
63 118
63 120
63 121
63 122
63 123
63 124
63 126
63 127
63 128
63 129
63 130
63 131
63 132
63 133
63 134
63 135
63 137
63 139
63 141
63 142
63 145
63 146
63 147
63 148
63 149
63 150
63 153
63 154
63 155
63 156
63 157
63 158
63 160
63 161
63 162
63 163
63 165
63 166
63 167
63 168
63 169
64 65
64 69
64 70
64 71
64 74
64 76
64 77
64 78
64 80
64 81
64 82
64 83
64 85
64 88
64 89
64 90
64 91
64 92
64 95
64 96
64 97
64 98
64 100
64 101
64 102
64 103
64 106
64 108
64 109
64 111
64 113
64 114
64 115
64 117
64 118
64 121
64 122
64 123
64 124
64 125
64 126
64 128
64 129
64 130
64 131
64 133
64 134
64 135
64 137
64 138
64 140
64 141
64 144
64 145
64 146
64 148
64 150
64 151
64 152
64 153
64 155
64 159
64 161
64 162
64 163
64 168
65 66
65 67
65 68
65 70
65 73
65 77
65 78
65 79
65 80
65 81
65 82
65 85
65 86
65 88
65 90
65 91
65 93
65 95
65 96
65 101
65 103
65 104
65 105
65 107
65 109
65 110
65 111
65 112
65 116
65 119
65 121
65 125
65 126
65 130
65 132
65 133
65 134
65 138
65 141
65 142
65 143
65 144
65 145
65 146
65 147
65 148
65 149
65 150
65 151
65 152
65 153
65 154
65 155
65 156
65 157
65 164
65 167
65 168
65 169
66 68
66 69
66 70
66 72
66 74
66 75
66 76
66 77
66 78
66 79
66 80
66 81
66 83
66 85
66 86
66 87
66 88
66 89
66 90
66 92
66 93
66 96
66 97
66 98
66 99
66 100
66 102
66 103
66 105
66 106
66 109
66 111
66 113
66 114
66 116
66 117
66 118
66 119
66 122
66 123
66 126
66 133
66 134
66 135
66 137
66 139
66 141
66 142
66 144
66 145
66 147
66 148
66 150
66 152
66 153
66 154
66 158
66 161
66 162
66 164
66 165
66 168
66 169
67 68
67 69
67 70
67 71
67 72
67 73
67 74
67 76
67 78
67 79
67 80
67 81
67 84
67 86
67 87
67 88
67 89
67 90
67 93
67 94
67 96
67 98
67 99
67 100
67 102
67 106
67 108
67 112
67 113
67 119
67 120
67 121
67 122
67 124
67 125
67 126
67 128
67 130
67 131
67 134
67 135
67 136
67 138
67 139
67 140
67 141
67 142
67 149
67 150
67 155
67 156
67 158
67 160
67 161
67 164
67 166
67 168
67 169
68 69
68 72
68 75
68 76
68 77
68 78
68 80
68 81
68 82
68 83
68 84
68 85
68 86
68 87
68 88
68 92
68 94
68 95
68 96
68 97
68 98
68 99
68 100
68 102
68 103
68 106
68 107
68 111
68 112
68 113
68 116
68 117
68 118
68 121
68 124
68 125
68 126
68 130
68 131
68 136
68 137
68 138
68 139
68 140
68 147
68 148
68 151
68 154
68 157
68 158
68 159
68 160
68 163
68 164
68 165
68 167
68 168
69 71
69 75
69 76
69 77
69 79
69 80
69 82
69 86
69 87
69 89
69 91
69 92
69 93
69 94
69 96
69 98
69 99
69 100
69 102
69 103
69 105
69 106
69 107
69 108
69 109
69 119
69 121
69 122
69 123
69 124
69 125
69 126
69 128
69 130
69 133
69 134
69 135
69 138
69 139
69 140
69 141
69 142
69 143
69 144
69 146
69 147
69 148
69 149
69 150
69 153
69 159
69 160
69 163
69 166
69 167
69 169
70 71
70 72
70 73
70 74
70 75
70 76
70 77
70 78
70 79
70 85
70 86
70 87
70 89
70 91
70 95
70 98
70 100
70 102
70 103
70 104
70 106
70 109
70 110
70 112
70 114
70 116
70 120
70 122
70 125
70 126
70 127
70 128
70 131
70 133
70 134
70 137
70 142
70 143
70 145
70 148
70 151
70 152
70 155
70 157
70 159
70 162
70 163
70 164
70 166
70 168
70 169
71 72
71 73
71 75
71 77
71 83
71 84
71 85
71 87
71 88
71 89
71 90
71 91
71 93
71 94
71 95
71 97
71 99
71 100
71 101
71 103
71 105
71 106
71 107
71 108
71 109
71 110
71 113
71 115
71 116
71 117
71 123
71 124
71 127
71 128
71 133
71 135
71 138
71 139
71 140
71 142
71 143
71 145
71 146
71 149
71 152
71 156
71 157
71 159
71 160
71 163
71 167
71 168
71 169
72 73
72 74
72 75
72 77
72 81
72 82
72 83
72 84
72 85
72 87
72 88
72 91
72 92
72 93
72 99
72 100
72 102
72 103
72 104
72 106
72 108
72 110
72 111
72 112
72 113
72 114
72 116
72 117
72 118
72 119
72 122
72 123
72 124
72 128
72 130
72 133
72 134
72 135
72 139
72 141
72 142
72 144
72 145
72 146
72 147
72 149
72 151
72 152
72 153
72 156
72 157
72 159
72 160
72 163
72 164
72 167
72 168
72 169
73 77
73 79
73 80
73 81
73 82
73 83
73 84
73 85
73 90
73 91
73 94
73 95
73 96
73 97
73 101
73 103
73 105
73 106
73 108
73 113
73 114
73 116
73 117
73 118
73 123
73 124
73 125
73 126
73 128
73 129
73 130
73 132
73 134
73 136
73 138
73 139
73 141
73 142
73 143
73 144
73 147
73 151
73 152
73 153
73 154
73 155
73 156
73 157
73 159
73 160
73 161
73 163
73 167
73 169
74 75
74 76
74 77
74 80
74 86
74 87
74 88
74 90
74 91
74 92
74 93
74 94
74 96
74 97
74 98
74 99
74 100
74 104
74 107
74 108
74 111
74 116
74 118
74 119
74 120
74 121
74 122
74 124
74 128
74 130
74 132
74 135
74 137
74 140
74 144
74 146
74 149
74 150
74 151
74 152
74 154
74 156
74 157
74 158
74 159
74 160
74 161
74 162
74 163
74 164
74 166
74 169
75 76
75 77
75 79
75 80
75 81
75 83
75 86
75 87
75 88
75 89
75 96
75 97
75 99
75 103
75 104
75 105
75 107
75 109
75 110
75 111
75 112
75 113
75 116
75 117
75 118
75 119
75 120
75 122
75 123
75 124
75 125
75 126
75 127
75 128
75 129
75 130
75 133
75 135
75 137
75 140
75 141
75 142
75 144
75 146
75 147
75 148
75 153
75 156
75 157
75 162
75 163
75 164
75 165
75 166
75 167
75 168
76 78
76 81
76 82
76 83
76 84
76 85
76 90
76 93
76 94
76 96
76 98
76 99
76 100
76 102
76 103
76 104
76 105
76 107
76 108
76 110
76 112
76 113
76 114
76 122
76 124
76 125
76 126
76 127
76 128
76 130
76 131
76 132
76 133
76 134
76 137
76 138
76 139
76 140
76 141
76 143
76 146
76 147
76 149
76 151
76 154
76 158
76 161
76 163
76 164
76 165
76 168
77 79
77 80
77 83
77 84
77 85
77 86
77 88
77 90
77 92
77 93
77 95
77 97
77 98
77 99
77 102
77 106
77 109
77 114
77 115
77 116
77 117
77 118
77 119
77 120
77 121
77 122
77 123
77 124
77 126
77 127
77 128
77 131
77 132
77 135
77 137
77 138
77 140
77 144
77 145
77 150
77 151
77 152
77 154
77 155
77 157
77 158
77 159
77 161
77 162
77 163
77 164
77 165
77 166
77 167
78 79
78 85
78 87
78 88
78 91
78 94
78 96
78 98
78 100
78 101
78 104
78 109
78 110
78 114
78 115
78 118
78 119
78 120
78 121
78 123
78 124
78 125
78 126
78 127
78 128
78 129
78 130
78 131
78 133
78 134
78 135
78 136
78 137
78 138
78 139
78 140
78 141
78 143
78 144
78 148
78 149
78 150
78 151
78 152
78 154
78 157
78 158
78 159
78 160
78 162
78 163
78 164
78 165
78 166
78 168
79 80
79 81
79 84
79 87
79 88
79 89
79 91
79 92
79 93
79 94
79 95
79 96
79 97
79 99
79 100
79 102
79 104
79 105
79 106
79 107
79 108
79 111
79 115
79 118
79 119
79 120
79 121
79 122
79 123
79 124
79 128
79 129
79 131
79 132
79 133
79 134
79 135
79 137
79 138
79 140
79 141
79 143
79 144
79 146
79 149
79 151
79 152
79 154
79 155
79 156
79 157
79 159
79 160
79 161
79 162
79 163
79 164
79 165
79 166
79 167
79 169
80 81
80 82
80 83
80 84
80 86
80 87
80 88
80 89
80 90
80 92
80 93
80 94
80 95
80 97
80 102
80 104
80 106
80 110
80 112
80 113
80 114
80 115
80 116
80 118
80 119
80 121
80 123
80 126
80 127
80 128
80 129
80 131
80 133
80 139
80 140
80 142
80 143
80 144
80 145
80 146
80 147
80 148
80 149
80 150
80 151
80 152
80 156
80 157
80 159
80 160
80 161
80 162
80 164
80 167
80 168
80 169
81 82
81 83
81 84
81 85
81 86
81 87
81 88
81 89
81 90
81 92
81 94
81 95
81 101
81 103
81 106
81 108
81 111
81 112
81 114
81 115
81 116
81 118
81 119
81 120
81 122
81 125
81 127
81 128
81 131
81 132
81 133
81 134
81 135
81 136
81 138
81 140
81 142
81 144
81 146
81 147
81 148
81 149
81 150
81 153
81 154
81 155
81 156
81 157
81 159
81 160
81 161
81 162
81 164
81 166
81 167
82 83
82 84
82 85
82 86
82 87
82 89
82 90
82 91
82 94
82 99
82 102
82 103
82 104
82 105
82 107
82 110
82 112
82 114
82 115
82 116
82 117
82 122
82 123
82 125
82 126
82 128
82 129
82 131
82 132
82 133
82 134
82 136
82 137
82 139
82 140
82 141
82 142
82 144
82 145
82 146
82 147
82 149
82 151
82 152
82 153
82 154
82 155
82 156
82 158
82 162
82 163
82 164
82 165
82 166
82 167
82 168
82 169
83 84
83 87
83 88
83 90
83 91
83 93
83 94
83 95
83 96
83 97
83 98
83 99
83 100
83 101
83 103
83 104
83 107
83 108
83 110
83 111
83 113
83 115
83 117
83 118
83 119
83 120
83 121
83 122
83 124
83 125
83 126
83 129
83 130
83 131
83 133
83 134
83 135
83 136
83 137
83 138
83 139
83 142
83 145
83 146
83 147
83 148
83 150
83 154
83 156
83 157
83 159
83 160
83 161
83 163
83 166
83 167
83 168
84 85
84 86
84 87
84 89
84 91
84 92
84 94
84 95
84 96
84 97
84 98
84 99
84 100
84 101
84 102
84 103
84 106
84 107
84 108
84 110
84 112
84 113
84 114
84 115
84 117
84 119
84 120
84 121
84 122
84 123
84 124
84 128
84 131
84 133
84 134
84 136
84 138
84 142
84 144
84 145
84 146
84 147
84 149
84 150
84 151
84 153
84 154
84 155
84 157
84 158
84 159
84 160
84 162
84 163
84 164
84 165
84 166
84 167
84 168
84 169
85 86
85 87
85 89
85 90
85 91
85 92
85 94
85 97
85 100
85 101
85 102
85 103
85 104
85 105
85 106
85 110
85 113
85 114
85 115
85 118
85 119
85 121
85 122
85 124
85 128
85 130
85 132
85 135
85 137
85 138
85 139
85 140
85 142
85 149
85 150
85 151
85 153
85 155
85 156
85 157
85 158
85 159
85 160
85 161
85 163
85 165
85 166
85 169
86 90
86 93
86 94
86 95
86 97
86 99
86 100
86 102
86 104
86 105
86 106
86 107
86 110
86 111
86 113
86 114
86 115
86 121
86 122
86 124
86 125
86 128
86 129
86 130
86 131
86 133
86 134
86 135
86 137
86 138
86 139
86 143
86 145
86 146
86 147
86 148
86 151
86 153
86 155
86 156
86 157
86 158
86 159
86 161
86 162
86 163
86 164
86 165
86 167
86 168
86 169
87 89
87 90
87 91
87 94
87 96
87 98
87 99
87 100
87 101
87 105
87 106
87 107
87 108
87 109
87 110
87 111
87 112
87 115
87 116
87 119
87 121
87 122
87 125
87 126
87 128
87 129
87 130
87 133
87 134
87 135
87 136
87 138
87 139
87 140
87 141
87 143
87 147
87 148
87 149
87 150
87 151
87 152
87 154
87 155
87 157
87 158
87 159
87 161
87 162
87 163
87 165
87 166
87 167
87 168
87 169
88 89
88 90
88 91
88 93
88 94
88 96
88 97
88 98
88 99
88 103
88 105
88 106
88 107
88 108
88 109
88 110
88 112
88 113
88 117
88 119
88 122
88 123
88 125
88 127
88 128
88 129
88 132
88 134
88 135
88 137
88 138
88 139
88 140
88 141
88 142
88 143
88 148
88 149
88 150
88 152
88 154
88 155
88 158
88 159
88 160
88 161
88 163
88 164
88 166
88 167
89 91
89 95
89 96
89 98
89 99
89 100
89 101
89 102
89 103
89 106
89 107
89 109
89 111
89 113
89 114
89 116
89 119
89 125
89 128
89 129
89 134
89 135
89 139
89 141
89 142
89 143
89 145
89 147
89 149
89 150
89 151
89 152
89 153
89 154
89 155
89 157
89 159
89 160
89 161
89 165
89 166
89 169
90 92
90 95
90 96
90 97
90 100
90 101
90 104
90 108
90 109
90 110
90 113
90 115
90 116
90 118
90 120
90 125
90 126
90 127
90 128
90 129
90 131
90 132
90 134
90 135
90 136
90 137
90 141
90 142
90 144
90 145
90 147
90 149
90 150
90 151
90 152
90 153
90 154
90 157
90 158
90 160
90 161
90 162
90 163
90 164
90 165
90 168
91 93
91 94
91 99
91 100
91 101
91 102
91 104
91 109
91 111
91 113
91 118
91 119
91 120
91 121
91 122
91 124
91 125
91 126
91 128
91 129
91 130
91 131
91 132
91 133
91 135
91 140
91 141
91 143
91 145
91 148
91 149
91 151
91 152
91 153
91 155
91 156
91 159
91 160
91 162
91 165
91 166
92 95
92 97
92 100
92 102
92 103
92 104
92 105
92 106
92 109
92 110
92 113
92 115
92 116
92 118
92 119
92 120
92 124
92 126
92 127
92 128
92 131
92 136
92 140
92 141
92 142
92 143
92 144
92 147
92 149
92 151
92 153
92 155
92 158
92 159
92 163
92 164
92 165
92 166
92 167
92 168
93 94
93 95
93 96
93 97
93 99
93 100
93 104
93 107
93 108
93 109
93 110
93 111
93 112
93 117
93 118
93 119
93 121
93 125
93 126
93 127
93 129
93 131
93 132
93 133
93 136
93 137
93 138
93 139
93 143
93 144
93 146
93 147
93 149
93 150
93 151
93 152
93 154
93 155
93 156
93 158
93 161
93 162
93 163
93 164
93 166
93 167
93 168
93 169
94 95
94 96
94 97
94 98
94 100
94 103
94 104
94 105
94 106
94 107
94 108
94 111
94 112
94 113
94 116
94 118
94 124
94 127
94 132
94 135
94 136
94 137
94 138
94 139
94 141
94 142
94 144
94 145
94 147
94 148
94 150
94 152
94 153
94 155
94 156
94 157
94 158
94 160
94 163
94 164
94 167
94 169
95 96
95 97
95 98
95 99
95 101
95 104
95 105
95 106
95 107
95 108
95 109
95 110
95 111
95 114
95 115
95 116
95 117
95 118
95 119
95 121
95 123
95 126
95 127
95 128
95 129
95 130
95 134
95 136
95 137
95 138
95 141
95 142
95 143
95 144
95 146
95 147
95 149
95 150
95 151
95 152
95 153
95 155
95 156
95 159
95 163
95 165
95 166
95 167
95 168
96 98
96 99
96 101
96 102
96 103
96 104
96 105
96 106
96 108
96 109
96 110
96 112
96 117
96 118
96 119
96 122
96 124
96 125
96 127
96 128
96 132
96 133
96 134
96 135
96 139
96 146
96 148
96 150
96 153
96 155
96 156
96 157
96 158
96 159
96 160
96 161
96 162
96 163
96 164
97 98
97 99
97 100
97 102
97 103
97 105
97 109
97 110
97 111
97 120
97 121
97 124
97 125
97 126
97 127
97 128
97 129
97 130
97 131
97 132
97 133
97 137
97 138
97 140
97 141
97 143
97 148
97 149
97 152
97 153
97 154
97 155
97 156
97 157
97 162
97 164
97 165
97 168
98 99
98 100
98 101
98 104
98 107
98 110
98 111
98 112
98 114
98 115
98 116
98 118
98 119
98 120
98 122
98 123
98 124
98 126
98 127
98 128
98 129
98 130
98 132
98 134
98 136
98 139
98 140
98 143
98 145
98 146
98 147
98 148
98 149
98 151
98 156
98 157
98 158
98 159
98 160
98 168
99 100
99 101
99 105
99 106
99 107
99 108
99 109
99 110
99 113
99 117
99 119
99 121
99 123
99 125
99 127
99 128
99 130
99 134
99 135
99 138
99 140
99 141
99 142
99 143
99 145
99 146
99 147
99 148
99 149
99 152
99 153
99 155
99 156
99 157
99 158
99 159
99 161
99 162
99 163
99 164
99 165
99 166
99 167
99 168
99 169
100 103
100 105
100 106
100 107
100 108
100 109
100 111
100 112
100 113
100 114
100 115
100 116
100 118
100 120
100 121
100 122
100 125
100 126
100 127
100 128
100 129
100 131
100 133
100 136
100 137
100 138
100 143
100 144
100 147
100 148
100 149
100 150
100 151
100 152
100 156
100 157
100 158
100 160
100 161
100 162
100 168
101 105
101 110
101 112
101 114
101 118
101 119
101 120
101 122
101 125
101 126
101 130
101 133
101 136
101 138
101 139
101 141
101 142
101 143
101 145
101 149
101 150
101 151
101 152
101 154
101 156
101 157
101 161
101 162
101 163
101 164
101 167
102 104
102 106
102 110
102 111
102 112
102 114
102 115
102 116
102 119
102 120
102 122
102 125
102 127
102 128
102 130
102 131
102 133
102 135
102 137
102 139
102 140
102 142
102 143
102 145
102 147
102 148
102 150
102 152
102 153
102 158
102 160
102 161
102 162
102 165
102 166
102 168
102 169
103 104
103 108
103 109
103 110
103 111
103 112
103 113
103 114
103 115
103 116
103 117
103 118
103 120
103 122
103 123
103 124
103 126
103 127
103 129
103 131
103 132
103 133
103 134
103 135
103 137
103 142
103 143
103 145
103 146
103 147
103 149
103 150
103 151
103 152
103 153
103 157
103 159
103 161
103 162
103 163
103 164
103 165
103 166
103 167
103 168
103 169
104 105
104 108
104 110
104 111
104 112
104 113
104 115
104 117
104 118
104 121
104 122
104 123
104 124
104 125
104 128
104 129
104 130
104 132
104 136
104 137
104 138
104 139
104 142
104 144
104 145
104 148
104 150
104 154
104 155
104 156
104 157
104 159
104 160
104 161
104 163
104 164
104 167
104 168
105 109
105 110
105 114
105 116
105 117
105 119
105 120
105 121
105 125
105 127
105 128
105 129
105 131
105 132
105 133
105 134
105 136
105 137
105 138
105 139
105 140
105 141
105 142
105 143
105 147
105 150
105 151
105 152
105 153
105 154
105 155
105 156
105 157
105 158
105 159
105 162
105 165
105 168
106 110
106 113
106 116
106 117
106 119
106 120
106 121
106 122
106 123
106 125
106 127
106 129
106 131
106 132
106 133
106 134
106 135
106 137
106 138
106 140
106 141
106 142
106 144
106 146
106 147
106 149
106 152
106 155
106 156
106 158
106 164
106 165
106 166
106 167
106 168
106 169
107 108
107 111
107 112
107 113
107 114
107 119
107 122
107 124
107 127
107 129
107 130
107 131
107 132
107 133
107 134
107 135
107 137
107 138
107 140
107 141
107 142
107 143
107 144
107 145
107 146
107 147
107 149
107 150
107 151
107 152
107 153
107 156
107 157
107 158
107 159
107 160
107 161
107 164
107 165
107 167
107 168
108 109
108 111
108 112
108 113
108 115
108 116
108 117
108 118
108 119
108 120
108 121
108 126
108 128
108 130
108 132
108 133
108 135
108 138
108 139
108 140
108 141
108 142
108 145
108 146
108 149
108 150
108 152
108 153
108 154
108 157
108 158
108 162
108 163
108 166
108 167
108 168
108 169
109 111
109 112
109 113
109 114
109 115
109 116
109 117
109 124
109 126
109 128
109 132
109 133
109 135
109 137
109 138
109 139
109 143
109 149
109 151
109 152
109 153
109 154
109 155
109 157
109 159
109 160
109 161
109 165
109 167
109 168
110 113
110 114
110 115
110 119
110 120
110 121
110 122
110 123
110 124
110 128
110 129
110 133
110 134
110 136
110 137
110 138
110 139
110 140
110 141
110 142
110 143
110 144
110 147
110 148
110 150
110 151
110 154
110 155
110 156
110 159
110 161
110 162
110 163
110 164
110 166
110 169
111 112
111 115
111 118
111 124
111 127
111 128
111 129
111 132
111 133
111 134
111 135
111 136
111 137
111 138
111 141
111 142
111 144
111 147
111 150
111 156
111 160
111 161
111 162
111 163
111 164
111 165
111 167
111 168
111 169
112 114
112 117
112 121
112 124
112 125
112 128
112 131
112 132
112 136
112 137
112 138
112 140
112 142
112 143
112 144
112 145
112 147
112 148
112 150
112 153
112 154
112 156
112 157
112 158
112 159
112 161
112 164
112 166
112 167
112 168
112 169
113 116
113 117
113 118
113 119
113 120
113 121
113 124
113 127
113 128
113 130
113 131
113 135
113 136
113 137
113 141
113 144
113 145
113 148
113 153
113 155
113 156
113 157
113 158
113 159
113 160
113 161
113 162
113 163
113 164
113 166
113 167
113 168
113 169
114 115
114 118
114 119
114 122
114 123
114 125
114 127
114 132
114 133
114 134
114 135
114 136
114 137
114 139
114 141
114 142
114 143
114 144
114 145
114 149
114 150
114 151
114 153
114 154
114 155
114 156
114 159
114 160
114 165
114 166
114 169
115 116
115 121
115 123
115 125
115 126
115 127
115 128
115 129
115 130
115 132
115 133
115 136
115 138
115 143
115 147
115 149
115 152
115 154
115 155
115 156
115 157
115 159
115 164
115 165
115 167
115 168
115 169
116 117
116 118
116 119
116 120
116 121
116 125
116 126
116 127
116 128
116 130
116 132
116 133
116 135
116 136
116 137
116 138
116 144
116 146
116 148
116 149
116 150
116 151
116 155
116 158
116 159
116 161
116 162
116 164
116 166
116 167
116 168
117 118
117 119
117 121
117 122
117 123
117 124
117 125
117 126
117 127
117 128
117 129
117 131
117 133
117 135
117 136
117 137
117 139
117 140
117 141
117 142
117 143
117 144
117 145
117 147
117 148
117 154
117 155
117 160
117 161
117 162
117 163
117 166
117 167
118 120
118 121
118 123
118 127
118 130
118 131
118 132
118 133
118 136
118 138
118 140
118 143
118 144
118 146
118 147
118 148
118 149
118 150
118 151
118 153
118 154
118 156
118 157
118 158
118 159
118 162
118 165
118 166
118 168
119 120
119 127
119 129
119 130
119 131
119 132
119 133
119 134
119 135
119 136
119 137
119 138
119 141
119 142
119 145
119 146
119 148
119 150
119 153
119 155
119 157
119 158
119 159
119 160
119 161
119 162
119 167
119 168
119 169
120 123
120 125
120 128
120 129
120 130
120 131
120 132
120 133
120 136
120 138
120 139
120 140
120 141
120 142
120 143
120 146
120 147
120 148
120 149
120 152
120 153
120 154
120 155
120 156
120 158
120 159
120 160
120 161
120 162
120 163
120 164
120 165
120 166
121 122
121 123
121 124
121 128
121 129
121 130
121 131
121 132
121 135
121 138
121 140
121 142
121 143
121 145
121 147
121 149
121 150
121 151
121 152
121 154
121 156
121 159
121 160
121 162
121 163
121 164
121 165
121 169
122 123
122 124
122 126
122 127
122 129
122 132
122 133
122 134
122 135
122 137
122 139
122 140
122 143
122 144
122 145
122 146
122 149
122 150
122 151
122 152
122 153
122 154
122 155
122 156
122 158
122 160
122 161
122 164
122 166
122 167
122 168
123 124
123 126
123 127
123 128
123 130
123 132
123 135
123 136
123 137
123 141
123 144
123 145
123 146
123 148
123 152
123 153
123 154
123 157
123 159
123 161
123 162
123 163
123 166
123 167
123 169
124 125
124 127
124 128
124 129
124 130
124 131
124 133
124 135
124 138
124 140
124 141
124 144
124 145
124 147
124 149
124 151
124 152
124 155
124 156
124 157
124 160
124 163
124 167
124 168
124 169
125 129
125 130
125 131
125 132
125 134
125 135
125 137
125 138
125 139
125 140
125 141
125 143
125 145
125 149
125 150
125 151
125 154
125 155
125 156
125 157
125 159
125 160
125 164
125 168
126 127
126 128
126 130
126 131
126 133
126 135
126 136
126 137
126 139
126 141
126 142
126 143
126 144
126 147
126 150
126 152
126 153
126 155
126 157
126 158
126 159
126 160
126 162
126 164
126 165
126 166
126 167
126 168
126 169
127 129
127 130
127 133
127 136
127 137
127 138
127 140
127 142
127 144
127 147
127 148
127 149
127 151
127 152
127 155
127 158
127 159
127 160
127 161
127 162
127 163
127 164
127 166
127 167
127 168
128 129
128 130
128 132
128 133
128 134
128 135
128 136
128 137
128 139
128 140
128 141
128 142
128 143
128 144
128 145
128 152
128 155
128 158
128 159
128 160
128 161
128 163
128 165
128 166
128 167
128 169
129 131
129 132
129 133
129 134
129 135
129 136
129 142
129 143
129 144
129 147
129 148
129 149
129 150
129 151
129 152
129 153
129 155
129 156
129 159
129 161
129 162
129 163
129 164
129 166
129 167
129 168
130 131
130 132
130 135
130 136
130 137
130 138
130 143
130 144
130 145
130 146
130 148
130 149
130 151
130 157
130 158
130 159
130 160
130 165
130 166
130 167
130 169
131 132
131 133
131 134
131 136
131 137
131 139
131 141
131 142
131 144
131 146
131 148
131 149
131 153
131 154
131 155
131 156
131 157
131 159
131 162
131 166
131 167
132 133
132 135
132 136
132 137
132 140
132 141
132 146
132 148
132 149
132 150
132 152
132 153
132 155
132 156
132 157
132 161
132 162
132 163
132 168
132 169
133 134
133 135
133 136
133 137
133 140
133 142
133 143
133 145
133 146
133 147
133 148
133 150
133 151
133 152
133 153
133 154
133 158
133 161
133 162
133 163
133 164
133 165
133 166
133 167
133 168
133 169
134 137
134 139
134 142
134 143
134 144
134 147
134 149
134 150
134 151
134 152
134 153
134 154
134 155
134 156
134 159
134 160
134 161
134 162
134 163
134 164
134 165
134 168
134 169
135 136
135 138
135 140
135 141
135 143
135 144
135 145
135 147
135 150
135 153
135 154
135 155
135 158
135 160
135 162
135 164
135 165
135 166
135 167
135 168
135 169
136 137
136 138
136 139
136 140
136 142
136 143
136 144
136 145
136 149
136 152
136 155
136 157
136 161
136 162
136 163
136 164
136 166
136 167
136 168
137 138
137 139
137 140
137 141
137 142
137 143
137 144
137 147
137 150
137 151
137 152
137 153
137 156
137 157
137 159
137 160
137 161
137 162
137 163
137 164
137 165
137 166
137 167
138 139
138 140
138 143
138 144
138 145
138 147
138 149
138 151
138 152
138 153
138 155
138 156
138 157
138 158
138 159
138 160
138 163
138 164
138 165
138 166
138 167
138 168
138 169
139 144
139 145
139 149
139 151
139 152
139 153
139 154
139 156
139 162
139 163
139 164
139 167
139 168
140 144
140 145
140 147
140 154
140 155
140 156
140 157
140 159
140 160
140 161
140 164
140 165
140 167
141 142
141 143
141 146
141 147
141 149
141 150
141 153
141 154
141 157
141 158
141 159
141 160
141 161
141 162
141 163
141 165
141 166
141 167
142 143
142 144
142 145
142 147
142 148
142 149
142 150
142 152
142 153
142 154
142 156
142 158
142 159
142 160
142 162
142 163
143 144
143 146
143 147
143 148
143 152
143 154
143 155
143 156
143 157
143 158
143 160
143 162
143 163
143 165
143 166
143 167
143 168
143 169
144 145
144 146
144 147
144 148
144 149
144 152
144 154
144 155
144 156
144 157
144 158
144 161
144 163
144 164
144 166
144 167
144 168
145 147
145 148
145 149
145 150
145 151
145 153
145 154
145 155
145 156
145 158
145 159
145 161
145 162
145 163
145 164
145 166
145 167
145 169
146 147
146 150
146 151
146 152
146 153
146 154
146 155
146 156
146 159
146 162
146 164
146 165
146 166
146 169
147 148
147 149
147 150
147 153
147 154
147 155
147 156
147 157
147 159
147 160
147 164
147 165
147 166
147 167
147 168
148 150
148 151
148 152
148 153
148 155
148 157
148 159
148 160
148 161
148 162
148 163
148 164
148 165
148 166
148 168
148 169
149 150
149 151
149 152
149 155
149 156
149 158
149 159
149 161
149 162
149 163
149 165
149 166
149 168
149 169
150 153
150 154
150 158
150 159
150 163
150 164
150 165
150 166
150 167
150 169
151 153
151 155
151 157
151 158
151 159
151 160
151 161
151 164
151 167
151 168
152 153
152 154
152 157
152 158
152 159
152 160
152 161
152 164
152 165
152 169
153 154
153 155
153 156
153 157
153 159
153 162
153 164
153 167
153 169
154 155
154 157
154 158
154 159
154 160
154 162
154 163
154 164
154 165
154 166
154 168
154 169
155 156
155 157
155 158
155 159
155 161
155 163
155 164
155 165
155 166
155 167
155 168
155 169
156 159
156 160
156 161
156 167
156 169
157 161
157 162
157 164
157 165
157 166
157 167
157 168
157 169
158 161
158 162
158 163
158 166
158 167
158 169
159 160
159 161
159 162
159 163
159 165
159 168
159 169
160 162
160 165
160 167
160 168
160 169
161 164
161 165
161 166
161 167
162 163
162 164
162 165
162 167
163 164
163 166
164 165
164 166
164 167
164 169
165 167
165 169
166 167
166 168
166 169
167 168
90 158 28 1 86 128 97 125 127 164 41 160 130 54 121 83 51 20 104 64 13 93 10 22 58 59 162 138 9 163 99 107 96 5
40 25 62 131 109 33 35 122 61 44 129 15 38 43 135 73 81 39 157 159 45 56 120 53 36 19 140 144 94 6 80 12 4 126
151 34 79 115 154 84 110 23 124 108 98 111 116 77 67 134 146 103 69 75 117 7 136 66 11 112 29 100 2 30 89 3 143 118
156 82 63 91 142 106 16 49 119 71 57 60 47 85 167 139 70 169 155 92 147 46 21 123 18 113 50 101 31 102 65 52 78 55
161 8 168 114 24 0 166 95 76 72 74 137 42 87 150 133 48 37 68 141 26 132 145 165 152 17 14 149 105 27 148 32 88 153
