130
4227
22
87.84
44.44
13.49
13.36
55.59
24.01
30.54
29.43
77.84
18.92
73.92
34.79
35.15
45.36
18.32
88.25
31.56
0.96
85.07
19.29
79.86
78.86
0 1
0 3
0 6
0 8
0 13
0 17
0 18
0 21
0 24
0 25
0 27
0 29
0 30
0 31
0 32
0 33
0 35
0 36
0 37
0 39
0 41
0 45
0 46
0 47
0 48
0 51
0 52
0 56
0 58
0 60
0 63
0 68
0 69
0 71
0 75
0 78
0 79
0 88
0 90
0 92
0 94
0 95
0 97
0 104
0 107
0 109
0 110
0 112
0 113
0 115
0 116
0 117
0 118
0 119
0 120
0 121
0 123
0 126
0 127
1 3
1 4
1 6
1 7
1 12
1 13
1 14
1 16
1 19
1 20
1 21
1 23
1 27
1 28
1 31
1 32
1 34
1 36
1 41
1 49
1 54
1 55
1 56
1 57
1 59
1 60
1 62
1 63
1 70
1 72
1 73
1 80
1 84
1 86
1 87
1 89
1 91
1 92
1 93
1 94
1 95
1 96
1 99
1 101
1 105
1 108
1 111
1 113
1 114
1 116
1 117
1 119
1 123
1 124
1 126
1 127
1 128
2 3
2 6
2 7
2 8
2 9
2 10
2 12
2 16
2 18
2 21
2 22
2 23
2 24
2 26
2 27
2 30
2 31
2 33
2 34
2 35
2 38
2 39
2 40
2 41
2 42
2 45
2 46
2 48
2 49
2 51
2 54
2 55
2 60
2 61
2 63
2 64
2 65
2 66
2 69
2 70
2 71
2 73
2 74
2 78
2 80
2 81
2 83
2 84
2 85
2 86
2 92
2 93
2 95
2 97
2 99
2 100
2 101
2 102
2 103
2 105
2 107
2 108
2 112
2 113
2 114
2 115
2 117
2 118
2 119
2 120
2 121
2 122
2 123
2 127
2 128
2 129
3 7
3 8
3 9
3 10
3 11
3 12
3 16
3 18
3 22
3 24
3 30
3 31
3 32
3 34
3 36
3 37
3 38
3 39
3 43
3 48
3 49
3 50
3 52
3 55
3 57
3 62
3 64
3 66
3 70
3 72
3 74
3 75
3 76
3 77
3 79
3 80
3 81
3 82
3 83
3 85
3 86
3 89
3 90
3 91
3 92
3 93
3 94
3 96
3 97
3 98
3 102
3 103
3 106
3 107
3 108
3 110
3 111
3 112
3 113
3 114
3 117
3 119
3 120
3 121
3 122
3 125
3 126
3 129
4 5
4 6
4 10
4 11
4 14
4 17
4 19
4 20
4 22
4 23
4 24
4 25
4 30
4 31
4 33
4 35
4 38
4 39
4 41
4 42
4 44
4 48
4 49
4 51
4 52
4 54
4 56
4 59
4 61
4 62
4 66
4 67
4 68
4 69
4 70
4 72
4 74
4 75
4 76
4 77
4 80
4 82
4 83
4 87
4 89
4 90
4 91
4 93
4 94
4 95
4 99
4 100
4 101
4 103
4 105
4 112
4 113
4 114
4 116
4 117
4 120
4 124
4 126
4 127
5 6
5 9
5 11
5 13
5 16
5 17
5 18
5 19
5 20
5 21
5 23
5 28
5 29
5 30
5 31
5 32
5 34
5 35
5 36
5 40
5 41
5 44
5 45
5 49
5 51
5 52
5 53
5 55
5 56
5 61
5 65
5 66
5 68
5 70
5 72
5 73
5 74
5 76
5 77
5 78
5 83
5 88
5 90
5 91
5 97
5 98
5 100
5 101
5 104
5 107
5 108
5 109
5 110
5 111
5 117
5 118
5 119
5 120
5 122
5 127
6 8
6 11
6 13
6 15
6 19
6 21
6 22
6 23
6 24
6 25
6 27
6 28
6 29
6 30
6 31
6 32
6 33
6 34
6 35
6 36
6 39
6 40
6 41
6 46
6 47
6 52
6 53
6 57
6 64
6 70
6 73
6 75
6 76
6 78
6 79
6 80
6 83
6 86
6 87
6 89
6 92
6 93
6 94
6 96
6 98
6 101
6 102
6 103
6 104
6 109
6 111
6 113
6 114
6 115
6 118
6 119
6 120
6 122
6 125
6 127
7 9
7 10
7 12
7 13
7 14
7 17
7 18
7 21
7 23
7 24
7 25
7 29
7 30
7 33
7 34
7 35
7 36
7 38
7 39
7 41
7 43
7 45
7 46
7 48
7 50
7 51
7 52
7 53
7 55
7 56
7 57
7 58
7 59
7 60
7 61
7 62
7 63
7 65
7 67
7 74
7 75
7 76
7 77
7 79
7 80
7 85
7 86
7 87
7 90
7 91
7 92
7 94
7 99
7 100
7 101
7 102
7 105
7 107
7 108
7 111
7 115
7 116
7 121
7 122
7 125
7 126
7 128
8 12
8 14
8 15
8 19
8 20
8 22
8 25
8 26
8 31
8 33
8 35
8 36
8 37
8 38
8 40
8 41
8 42
8 43
8 44
8 45
8 46
8 48
8 51
8 61
8 65
8 66
8 67
8 68
8 69
8 73
8 76
8 77
8 78
8 81
8 83
8 85
8 87
8 94
8 96
8 97
8 100
8 104
8 107
8 111
8 122
8 124
8 125
8 127
8 128
8 129
9 10
9 11
9 14
9 18
9 21
9 25
9 26
9 29
9 31
9 32
9 33
9 38
9 39
9 42
9 43
9 50
9 53
9 57
9 58
9 62
9 64
9 66
9 67
9 70
9 72
9 73
9 75
9 79
9 81
9 82
9 83
9 84
9 89
9 90
9 92
9 93
9 95
9 96
9 97
9 98
9 102
9 104
9 105
9 106
9 109
9 111
9 112
9 113
9 114
9 115
9 116
9 118
9 119
9 120
9 121
9 122
9 124
9 125
9 127
9 128
10 13
10 15
10 16
10 17
10 20
10 21
10 22
10 24
10 26
10 30
10 31
10 32
10 34
10 36
10 37
10 38
10 41
10 43
10 44
10 46
10 47
10 50
10 52
10 54
10 55
10 56
10 57
10 58
10 60
10 63
10 64
10 65
10 66
10 68
10 73
10 74
10 75
10 77
10 79
10 83
10 85
10 86
10 87
10 94
10 95
10 97
10 98
10 103
10 105
10 108
10 109
10 112
10 115
10 116
10 117
10 118
10 119
10 122
10 124
10 125
10 127
10 128
10 129
11 13
11 14
11 15
11 16
11 17
11 19
11 20
11 21
11 22
11 24
11 28
11 29
11 31
11 34
11 38
11 40
11 43
11 45
11 46
11 48
11 50
11 51
11 52
11 54
11 56
11 60
11 65
11 66
11 68
11 69
11 72
11 73
11 75
11 76
11 79
11 80
11 81
11 82
11 84
11 85
11 86
11 87
11 88
11 89
11 90
11 93
11 94
11 97
11 98
11 99
11 100
11 102
11 103
11 104
11 106
11 107
11 108
11 110
11 111
11 112
11 113
11 116
11 121
11 122
11 123
11 129
12 14
12 15
12 16
12 17
12 18
12 19
12 22
12 26
12 30
12 33
12 38
12 39
12 46
12 48
12 51
12 55
12 56
12 59
12 62
12 63
12 64
12 65
12 67
12 68
12 69
12 73
12 74
12 75
12 76
12 77
12 78
12 80
12 81
12 82
12 84
12 90
12 94
12 95
12 100
12 102
12 103
12 105
12 106
12 107
12 113
12 114
12 115
12 116
12 118
12 120
12 122
12 123
12 124
12 126
13 15
13 19
13 22
13 24
13 25
13 28
13 29
13 31
13 37
13 40
13 42
13 44
13 48
13 50
13 54
13 55
13 56
13 57
13 59
13 61
13 62
13 64
13 69
13 73
13 74
13 77
13 78
13 80
13 82
13 84
13 85
13 86
13 87
13 89
13 91
13 92
13 93
13 96
13 97
13 98
13 99
13 101
13 102
13 104
13 109
13 111
13 112
13 113
13 115
13 116
13 117
13 118
13 119
13 121
13 122
13 123
13 125
13 126
13 129
14 20
14 23
14 25
14 28
14 29
14 30
14 31
14 35
14 38
14 39
14 40
14 41
14 42
14 49
14 50
14 51
14 54
14 56
14 57
14 60
14 61
14 62
14 63
14 64
14 66
14 68
14 70
14 72
14 73
14 74
14 77
14 81
14 84
14 85
14 86
14 87
14 89
14 91
14 92
14 93
14 95
14 97
14 98
14 99
14 104
14 110
14 112
14 113
14 114
14 115
14 116
14 117
14 125
14 128
15 17
15 23
15 24
15 27
15 30
15 31
15 35
15 36
15 40
15 42
15 46
15 48
15 53
15 54
15 55
15 57
15 58
15 61
15 62
15 64
15 65
15 69
15 70
15 72
15 75
15 76
15 77
15 78
15 80
15 81
15 82
15 83
15 85
15 87
15 88
15 93
15 96
15 100
15 104
15 106
15 109
15 110
15 111
15 112
15 115
15 116
15 117
15 118
15 122
15 124
15 126
15 127
15 128
15 129
16 22
16 26
16 28
16 30
16 31
16 35
16 36
16 38
16 39
16 40
16 41
16 43
16 46
16 47
16 48
16 50
16 51
16 53
16 54
16 55
16 58
16 60
16 62
16 66
16 69
16 70
16 71
16 72
16 77
16 79
16 80
16 81
16 83
16 86
16 87
16 89
16 90
16 91
16 92
16 93
16 94
16 95
16 97
16 98
16 99
16 100
16 102
16 106
16 107
16 113
16 117
16 118
16 120
16 121
16 122
16 125
16 126
16 127
16 128
16 129
17 22
17 24
17 26
17 27
17 30
17 31
17 33
17 35
17 36
17 43
17 44
17 48
17 50
17 51
17 55
17 56
17 58
17 59
17 60
17 65
17 66
17 69
17 70
17 71
17 74
17 75
17 76
17 77
17 79
17 80
17 81
17 82
17 83
17 86
17 87
17 88
17 89
17 91
17 93
17 97
17 99
17 100
17 103
17 105
17 107
17 108
17 110
17 112
17 114
17 115
17 118
17 122
17 125
17 127
17 128
18 19
18 24
18 25
18 26
18 27
18 28
18 29
18 34
18 36
18 37
18 41
18 43
18 45
18 48
18 50
18 52
18 56
18 57
18 58
18 61
18 63
18 68
18 69
18 70
18 71
18 73
18 74
18 76
18 80
18 82
18 85
18 88
18 90
18 94
18 95
18 100
18 102
18 106
18 107
18 110
18 111
18 112
18 113
18 114
18 115
18 116
18 117
18 123
18 124
18 125
18 126
18 127
18 128
18 129
19 20
19 21
19 22
19 23
19 24
19 25
19 28
19 29
19 30
19 31
19 32
19 34
19 37
19 41
19 46
19 50
19 52
19 53
19 54
19 56
19 62
19 64
19 65
19 67
19 68
19 72
19 73
19 74
19 76
19 77
19 78
19 79
19 80
19 83
19 84
19 89
19 90
19 91
19 92
19 94
19 96
19 99
19 100
19 102
19 106
19 109
19 111
19 112
19 114
19 115
19 116
19 123
19 126
19 127
19 128
19 129
20 22
20 23
20 27
20 29
20 32
20 33
20 34
20 36
20 37
20 39
20 42
20 46
20 49
20 50
20 54
20 55
20 56
20 57
20 58
20 62
20 64
20 68
20 70
20 71
20 72
20 81
20 82
20 83
20 85
20 86
20 87
20 88
20 89
20 92
20 94
20 95
20 97
20 102
20 103
20 107
20 108
20 109
20 111
20 113
20 114
20 115
20 117
20 121
20 123
20 124
20 125
20 127
20 128
21 23
21 24
21 25
21 26
21 28
21 30
21 32
21 34
21 35
21 36
21 37
21 39
21 41
21 42
21 43
21 44
21 45
21 46
21 48
21 49
21 50
21 56
21 57
21 58
21 60
21 61
21 62
21 64
21 66
21 67
21 69
21 72
21 73
21 74
21 76
21 78
21 79
21 83
21 87
21 88
21 90
21 94
21 95
21 96
21 99
21 100
21 101
21 103
21 108
21 115
21 118
21 119
21 120
21 121
21 122
21 125
21 126
22 23
22 24
22 25
22 27
22 28
22 34
22 40
22 42
22 43
22 44
22 47
22 48
22 49
22 51
22 52
22 53
22 54
22 55
22 59
22 60
22 62
22 64
22 67
22 68
22 70
22 73
22 76
22 79
22 80
22 81
22 84
22 85
22 86
22 87
22 89
22 92
22 93
22 96
22 97
22 98
22 99
22 102
22 104
22 107
22 108
22 111
22 112
22 113
22 115
22 120
22 124
22 126
22 127
22 128
23 24
23 25
23 26
23 27
23 29
23 31
23 33
23 36
23 40
23 41
23 45
23 46
23 47
23 48
23 51
23 55
23 57
23 58
23 60
23 63
23 67
23 68
23 70
23 71
23 73
23 74
23 75
23 76
23 77
23 79
23 80
23 83
23 84
23 85
23 86
23 89
23 90
23 91
23 93
23 95
23 97
23 101
23 105
23 108
23 112
23 114
23 117
23 120
23 122
23 123
23 125
23 126
23 127
24 25
24 26
24 29
24 31
24 32
24 38
24 44
24 45
24 46
24 48
24 49
24 50
24 58
24 61
24 62
24 63
24 67
24 68
24 70
24 71
24 72
24 74
24 76
24 78
24 80
24 81
24 83
24 84
24 85
24 86
24 87
24 90
24 91
24 92
24 93
24 96
24 97
24 98
24 99
24 100
24 103
24 105
24 106
24 110
24 113
24 114
24 115
24 116
24 117
24 119
24 120
24 121
24 122
24 123
24 124
24 125
24 126
24 128
25 26
25 27
25 28
25 35
25 36
25 37
25 38
25 39
25 43
25 44
25 45
25 46
25 50
25 52
25 55
25 58
25 62
25 63
25 65
25 66
25 69
25 70
25 72
25 76
25 77
25 82
25 83
25 84
25 85
25 89
25 93
25 94
25 96
25 97
25 100
25 101
25 102
25 104
25 106
25 108
25 109
25 110
25 111
25 112
25 113
25 114
25 115
25 117
25 119
25 120
25 121
25 123
25 125
26 27
26 29
26 30
26 31
26 33
26 34
26 35
26 40
26 45
26 49
26 52
26 54
26 56
26 59
26 61
26 64
26 66
26 67
26 68
26 69
26 71
26 74
26 76
26 77
26 80
26 82
26 83
26 84
26 87
26 88
26 90
26 93
26 95
26 100
26 101
26 103
26 104
26 106
26 108
26 111
26 113
26 114
26 115
26 119
26 120
26 122
26 124
26 127
27 31
27 32
27 33
27 36
27 37
27 38
27 39
27 40
27 41
27 42
27 45
27 46
27 47
27 48
27 50
27 55
27 56
27 63
27 64
27 66
27 68
27 71
27 72
27 74
27 76
27 78
27 80
27 82
27 84
27 86
27 87
27 89
27 90
27 91
27 93
27 94
27 95
27 96
27 100
27 102
27 103
27 104
27 111
27 113
27 117
27 119
27 120
27 121
27 122
27 126
27 127
27 128
28 30
28 35
28 37
28 40
28 44
28 45
28 47
28 49
28 50
28 52
28 54
28 56
28 60
28 64
28 66
28 68
28 70
28 73
28 74
28 76
28 78
28 86
28 89
28 90
28 93
28 94
28 95
28 96
28 98
28 99
28 101
28 102
28 104
28 105
28 106
28 107
28 109
28 110
28 114
28 119
28 121
28 124
28 125
28 128
28 129
29 31
29 32
29 35
29 37
29 38
29 39
29 41
29 43
29 45
29 46
29 47
29 48
29 49
29 51
29 52
29 53
29 56
29 57
29 58
29 61
29 63
29 64
29 65
29 68
29 70
29 72
29 74
29 75
29 76
29 78
29 79
29 80
29 81
29 82
29 83
29 86
29 87
29 88
29 89
29 90
29 91
29 92
29 94
29 97
29 100
29 105
29 108
29 109
29 110
29 112
29 115
29 116
29 119
29 122
29 123
29 124
29 125
29 127
29 128
29 129
30 31
30 32
30 33
30 34
30 35
30 37
30 43
30 45
30 47
30 49
30 51
30 52
30 54
30 56
30 57
30 61
30 63
30 64
30 65
30 66
30 68
30 69
30 70
30 73
30 75
30 76
30 79
30 83
30 88
30 89
30 90
30 91
30 92
30 94
30 95
30 96
30 98
30 99
30 100
30 103
30 104
30 105
30 107
30 108
30 110
30 113
30 114
30 115
30 118
30 119
30 122
30 126
30 127
30 128
31 37
31 39
31 40
31 42
31 43
31 46
31 47
31 49
31 51
31 52
31 54
31 56
31 59
31 60
31 61
31 62
31 66
31 67
31 68
31 70
31 71
31 72
31 75
31 76
31 79
31 80
31 81
31 82
31 83
31 86
31 87
31 88
31 90
31 91
31 93
31 97
31 98
31 99
31 100
31 102
31 104
31 105
31 106
31 107
31 108
31 110
31 111
31 112
31 114
31 116
31 119
31 120
31 123
31 125
31 129
32 34
32 35
32 36
32 38
32 41
32 43
32 44
32 45
32 46
32 47
32 48
32 49
32 50
32 51
32 54
32 55
32 56
32 57
32 58
32 64
32 67
32 69
32 70
32 75
32 84
32 85
32 87
32 88
32 90
32 95
32 96
32 100
32 101
32 102
32 103
32 104
32 106
32 108
32 109
32 110
32 111
32 113
32 114
32 115
32 116
32 117
32 118
32 119
32 121
32 123
32 124
32 125
32 126
33 34
33 37
33 38
33 39
33 43
33 44
33 45
33 46
33 47
33 50
33 51
33 52
33 53
33 54
33 55
33 56
33 59
33 62
33 64
33 66
33 69
33 70
33 71
33 72
33 73
33 74
33 75
33 76
33 77
33 83
33 87
33 89
33 90
33 95
33 98
33 99
33 100
33 101
33 104
33 109
33 110
33 111
33 112
33 114
33 117
33 119
33 120
33 121
33 122
33 125
34 35
34 36
34 38
34 40
34 42
34 45
34 46
34 54
34 56
34 57
34 58
34 59
34 62
34 63
34 70
34 71
34 72
34 74
34 78
34 81
34 83
34 84
34 88
34 94
34 95
34 96
34 97
34 98
34 99
34 100
34 101
34 102
34 104
34 105
34 106
34 109
34 110
34 111
34 112
34 113
34 114
34 115
34 118
34 121
34 122
34 124
34 129
35 36
35 38
35 39
35 44
35 45
35 46
35 50
35 51
35 54
35 56
35 58
35 59
35 61
35 62
35 63
35 64
35 66
35 68
35 69
35 70
35 75
35 76
35 77
35 80
35 83
35 84
35 85
35 86
35 87
35 90
35 94
35 98
35 100
35 101
35 102
35 104
35 107
35 108
35 112
35 114
35 117
35 122
35 123
35 126
35 127
35 128
35 129
36 37
36 39
36 40
36 41
36 45
36 46
36 47
36 49
36 52
36 53
36 55
36 57
36 58
36 59
36 65
36 66
36 67
36 68
36 71
36 72
36 74
36 77
36 80
36 82
36 83
36 84
36 85
36 87
36 88
36 90
36 92
36 93
36 96
36 97
36 99
36 102
36 104
36 105
36 106
36 107
36 108
36 111
36 113
36 115
36 116
36 118
36 121
36 122
36 123
36 126
36 128
36 129
37 39
37 40
37 41
37 43
37 44
37 46
37 47
37 53
37 54
37 55
37 56
37 57
37 58
37 60
37 62
37 64
37 65
37 67
37 68
37 69
37 70
37 72
37 75
37 77
37 79
37 80
37 81
37 84
37 87
37 94
37 98
37 99
37 100
37 105
37 107
37 112
37 115
37 117
37 118
37 121
37 123
37 124
37 129
38 39
38 40
38 41
38 43
38 48
38 49
38 54
38 55
38 56
38 57
38 59
38 60
38 61
38 62
38 64
38 67
38 68
38 71
38 72
38 76
38 78
38 79
38 80
38 81
38 82
38 84
38 85
38 88
38 90
38 91
38 93
38 94
38 95
38 99
38 100
38 102
38 104
38 105
38 109
38 111
38 112
38 113
38 118
38 120
38 121
38 122
38 123
38 124
38 128
38 129
39 41
39 43
39 44
39 48
39 50
39 56
39 57
39 58
39 59
39 61
39 63
39 65
39 67
39 68
39 70
39 73
39 74
39 75
39 79
39 80
39 81
39 88
39 90
39 93
39 95
39 97
39 98
39 100
39 101
39 105
39 108
39 109
39 113
39 114
39 115
39 117
39 119
39 120
39 122
39 126
39 127
39 128
39 129
40 41
40 42
40 49
40 51
40 54
40 57
40 60
40 62
40 64
40 65
40 67
40 70
40 72
40 74
40 78
40 81
40 82
40 83
40 85
40 86
40 87
40 89
40 92
40 93
40 94
40 96
40 100
40 101
40 102
40 105
40 106
40 107
40 108
40 110
40 111
40 118
40 122
40 124
40 125
40 126
40 128
41 42
41 43
41 44
41 47
41 48
41 49
41 53
41 55
41 61
41 62
41 63
41 64
41 72
41 74
41 75
41 76
41 79
41 80
41 81
41 82
41 83
41 89
41 92
41 93
41 94
41 95
41 97
41 102
41 105
41 106
41 107
41 111
41 112
41 113
41 114
41 115
41 116
41 117
41 119
41 121
41 122
41 124
41 125
41 129
42 52
42 54
42 55
42 56
42 63
42 65
42 66
42 70
42 72
42 73
42 76
42 77
42 78
42 79
42 80
42 84
42 85
42 86
42 93
42 94
42 95
42 96
42 98
42 99
42 100
42 103
42 109
42 112
42 113
42 114
42 115
42 116
42 117
42 118
42 119
42 120
42 121
42 123
42 126
42 127
42 129
43 45
43 46
43 48
43 49
43 50
43 51
43 53
43 56
43 57
43 59
43 62
43 67
43 68
43 69
43 70
43 71
43 72
43 77
43 79
43 80
43 81
43 83
43 85
43 88
43 89
43 91
43 92
43 93
43 95
43 96
43 98
43 101
43 102
43 103
43 104
43 107
43 108
43 109
43 110
43 112
43 117
43 123
43 124
43 125
43 129
44 48
44 49
44 52
44 53
44 54
44 55
44 58
44 60
44 61
44 63
44 64
44 65
44 71
44 72
44 74
44 75
44 76
44 77
44 78
44 79
44 81
44 82
44 83
44 86
44 88
44 89
44 92
44 94
44 95
44 96
44 97
44 98
44 100
44 101
44 102
44 104
44 106
44 107
44 108
44 110
44 111
44 112
44 114
44 115
44 116
44 117
44 118
44 119
44 120
44 124
44 129
45 47
45 48
45 49
45 52
45 53
45 56
45 57
45 58
45 59
45 60
45 61
45 67
45 71
45 72
45 73
45 74
45 75
45 76
45 77
45 81
45 82
45 86
45 87
45 88
45 89
45 91
45 92
45 97
45 98
45 101
45 102
45 105
45 109
45 110
45 113
45 114
45 118
45 119
45 120
45 121
45 122
45 123
45 125
45 126
46 48
46 50
46 51
46 52
46 53
46 55
46 56
46 57
46 58
46 61
46 62
46 64
46 67
46 68
46 69
46 70
46 73
46 74
46 75
46 79
46 80
46 83
46 84
46 85
46 86
46 88
46 90
46 91
46 92
46 94
46 95
46 97
46 98
46 99
46 100
46 103
46 107
46 108
46 110
46 113
46 114
46 115
46 117
46 118
46 119
46 125
46 128
47 49
47 50
47 51
47 54
47 55
47 56
47 57
47 58
47 59
47 61
47 62
47 63
47 65
47 66
47 67
47 70
47 72
47 73
47 74
47 75
47 77
47 79
47 81
47 83
47 84
47 85
47 88
47 91
47 92
47 93
47 95
47 97
47 103
47 104
47 105
47 106
47 109
47 114
47 115
47 117
47 118
47 121
47 122
47 123
47 124
47 125
47 128
47 129
48 49
48 52
48 53
48 66
48 67
48 68
48 69
48 70
48 71
48 72
48 73
48 74
48 75
48 76
48 77
48 78
48 79
48 83
48 84
48 85
48 87
48 89
48 90
48 94
48 96
48 97
48 100
48 101
48 103
48 104
48 107
48 109
48 112
48 115
48 116
48 117
48 119
48 120
48 121
48 123
48 124
48 127
49 52
49 53
49 56
49 57
49 58
49 59
49 62
49 63
49 66
49 67
49 69
49 70
49 71
49 73
49 74
49 75
49 76
49 77
49 81
49 82
49 85
49 86
49 87
49 89
49 95
49 97
49 98
49 100
49 101
49 104
49 110
49 111
49 112
49 113
49 114
49 115
49 117
49 118
49 119
49 121
49 123
49 124
49 126
50 51
50 52
50 53
50 55
50 56
50 60
50 63
50 64
50 71
50 75
50 76
50 78
50 79
50 80
50 81
50 83
50 84
50 88
50 89
50 91
50 93
50 95
50 96
50 100
50 101
50 103
50 104
50 105
50 107
50 111
50 113
50 116
50 117
50 118
50 119
50 120
50 122
50 125
51 53
51 54
51 55
51 56
51 59
51 60
51 61
51 66
51 67
51 68
51 70
51 72
51 73
51 75
51 76
51 77
51 78
51 79
51 80
51 81
51 82
51 85
51 90
51 91
51 92
51 95
51 97
51 100
51 101
51 102
51 103
51 104
51 105
51 107
51 108
51 110
51 111
51 113
51 116
51 118
51 119
51 127
51 128
51 129
52 53
52 55
52 56
52 57
52 58
52 61
52 62
52 63
52 64
52 71
52 72
52 73
52 75
52 77
52 78
52 79
52 80
52 81
52 82
52 84
52 85
52 86
52 87
52 90
52 91
52 92
52 93
52 95
52 96
52 97
52 98
52 100
52 102
52 106
52 107
52 109
52 112
52 113
52 114
52 118
52 119
52 120
52 121
52 123
52 124
52 125
52 126
52 127
52 128
53 55
53 61
53 64
53 66
53 67
53 68
53 69
53 70
53 72
53 73
53 76
53 78
53 81
53 83
53 84
53 85
53 87
53 93
53 95
53 97
53 101
53 102
53 104
53 105
53 108
53 109
53 111
53 112
53 113
53 116
53 117
53 118
53 121
53 125
53 127
53 128
53 129
54 55
54 59
54 60
54 62
54 63
54 65
54 66
54 67
54 69
54 71
54 72
54 78
54 81
54 83
54 85
54 86
54 87
54 89
54 92
54 96
54 99
54 100
54 101
54 103
54 104
54 107
54 108
54 109
54 110
54 111
54 112
54 116
54 118
54 121
54 123
54 124
54 125
54 126
54 127
54 128
55 57
55 58
55 61
55 64
55 68
55 69
55 70
55 73
55 74
55 78
55 80
55 81
55 82
55 83
55 84
55 86
55 87
55 91
55 92
55 95
55 97
55 98
55 99
55 102
55 103
55 104
55 110
55 111
55 117
55 119
55 120
55 121
55 122
55 123
55 124
55 126
55 127
55 128
55 129
56 57
56 59
56 60
56 61
56 62
56 72
56 74
56 77
56 79
56 80
56 84
56 85
56 86
56 93
56 96
56 98
56 101
56 102
56 103
56 104
56 106
56 107
56 108
56 112
56 114
56 120
56 122
56 123
56 124
56 126
56 129
57 61
57 63
57 65
57 66
57 67
57 69
57 70
57 73
57 74
57 75
57 77
57 80
57 81
57 83
57 84
57 85
57 90
57 95
57 96
57 98
57 100
57 101
57 103
57 107
57 109
57 110
57 111
57 112
57 114
57 115
57 116
57 123
57 126
57 127
57 128
57 129
58 59
58 63
58 65
58 66
58 68
58 69
58 70
58 71
58 72
58 73
58 77
58 78
58 79
58 82
58 83
58 85
58 87
58 91
58 96
58 97
58 100
58 101
58 106
58 107
58 108
58 110
58 114
58 116
58 117
58 119
58 120
58 121
58 122
58 123
58 124
58 125
58 126
58 129
59 62
59 63
59 66
59 69
59 75
59 78
59 79
59 82
59 85
59 86
59 89
59 90
59 92
59 95
59 96
59 97
59 98
59 99
59 100
59 105
59 106
59 108
59 109
59 110
59 113
59 114
59 116
59 117
59 118
59 121
59 122
59 123
59 124
59 125
59 126
59 128
60 61
60 62
60 63
60 64
60 65
60 66
60 67
60 71
60 73
60 75
60 79
60 80
60 83
60 84
60 85
60 86
60 88
60 90
60 91
60 92
60 93
60 94
60 96
60 97
60 99
60 106
60 107
60 109
60 110
60 121
60 122
60 125
60 127
60 129
61 64
61 65
61 66
61 67
61 72
61 74
61 76
61 77
61 79
61 80
61 83
61 85
61 86
61 87
61 89
61 91
61 92
61 94
61 95
61 97
61 98
61 102
61 105
61 106
61 107
61 114
61 116
61 118
61 119
61 121
61 122
61 123
61 126
61 128
62 64
62 65
62 68
62 72
62 75
62 78
62 79
62 80
62 83
62 84
62 85
62 86
62 88
62 91
62 95
62 96
62 98
62 99
62 103
62 104
62 106
62 107
62 109
62 110
62 112
62 114
62 115
62 120
62 121
62 123
62 128
62 129
63 65
63 66
63 67
63 68
63 69
63 72
63 74
63 77
63 80
63 88
63 89
63 92
63 93
63 95
63 96
63 98
63 102
63 104
63 105
63 108
63 110
63 111
63 114
63 118
63 120
63 122
63 124
63 126
63 128
64 67
64 68
64 70
64 71
64 73
64 74
64 76
64 79
64 81
64 82
64 83
64 85
64 87
64 89
64 92
64 93
64 96
64 97
64 98
64 99
64 100
64 101
64 102
64 103
64 106
64 107
64 108
64 110
64 117
64 118
64 122
64 123
64 124
64 126
64 128
64 129
65 67
65 68
65 69
65 70
65 74
65 79
65 80
65 84
65 87
65 88
65 90
65 93
65 97
65 98
65 99
65 100
65 104
65 107
65 109
65 110
65 113
65 114
65 115
65 116
65 118
65 120
65 123
66 67
66 68
66 69
66 72
66 73
66 84
66 85
66 87
66 88
66 91
66 92
66 93
66 94
66 96
66 98
66 99
66 102
66 103
66 104
66 106
66 108
66 110
66 111
66 114
66 116
66 118
66 119
66 121
66 123
66 127
66 128
67 68
67 72
67 73
67 77
67 79
67 80
67 84
67 85
67 87
67 88
67 91
67 92
67 94
67 95
67 96
67 97
67 98
67 100
67 102
67 103
67 104
67 105
67 106
67 108
67 109
67 110
67 111
67 113
67 115
67 116
67 119
67 121
67 123
67 124
67 125
67 127
67 129
68 69
68 70
68 71
68 74
68 76
68 77
68 78
68 80
68 83
68 87
68 88
68 89
68 91
68 92
68 93
68 95
68 96
68 100
68 102
68 103
68 106
68 107
68 108
68 110
68 111
68 112
68 113
68 114
68 116
68 120
68 122
68 124
68 127
68 128
68 129
69 71
69 74
69 75
69 79
69 82
69 83
69 86
69 93
69 97
69 99
69 101
69 104
69 106
69 108
69 109
69 111
69 113
69 116
69 119
69 123
69 125
69 127
69 128
69 129
70 71
70 74
70 75
70 78
70 79
70 80
70 81
70 82
70 84
70 85
70 87
70 89
70 90
70 94
70 97
70 98
70 102
70 107
70 108
70 109
70 110
70 112
70 115
70 118
70 119
70 120
70 123
70 124
70 126
70 127
70 128
71 72
71 77
71 81
71 83
71 84
71 85
71 89
71 90
71 92
71 93
71 96
71 97
71 98
71 99
71 103
71 105
71 109
71 112
71 119
71 120
71 122
71 128
71 129
72 74
72 77
72 83
72 84
72 85
72 86
72 89
72 92
72 96
72 97
72 98
72 102
72 104
72 105
72 106
72 107
72 109
72 111
72 112
72 113
72 114
72 119
72 120
72 123
72 124
72 126
72 127
73 75
73 76
73 79
73 81
73 82
73 83
73 85
73 89
73 90
73 92
73 93
73 95
73 96
73 97
73 99
73 100
73 103
73 105
73 106
73 109
73 110
73 112
73 113
73 115
73 116
73 120
73 123
73 125
73 126
73 127
74 75
74 76
74 78
74 79
74 80
74 83
74 84
74 85
74 86
74 87
74 88
74 90
74 91
74 92
74 93
74 94
74 96
74 98
74 99
74 100
74 106
74 109
74 110
74 114
74 116
74 117
74 118
74 121
74 124
74 125
74 129
75 78
75 79
75 80
75 81
75 83
75 84
75 92
75 94
75 96
75 97
75 98
75 99
75 106
75 115
75 116
75 117
75 118
75 120
75 121
75 122
75 123
75 124
75 125
75 128
76 77
76 78
76 79
76 80
76 81
76 82
76 85
76 86
76 88
76 89
76 91
76 92
76 96
76 98
76 104
76 105
76 110
76 111
76 113
76 117
76 118
76 120
76 122
76 124
76 125
76 126
77 80
77 83
77 84
77 86
77 98
77 99
77 101
77 103
77 104
77 105
77 111
77 114
77 117
77 118
77 120
77 122
77 125
77 128
77 129
78 79
78 81
78 82
78 83
78 85
78 86
78 88
78 90
78 91
78 92
78 93
78 96
78 97
78 99
78 103
78 104
78 105
78 106
78 110
78 111
78 113
78 114
78 115
78 117
78 120
78 121
78 122
78 124
78 125
78 129
79 80
79 81
79 82
79 83
79 87
79 92
79 93
79 94
79 95
79 96
79 98
79 99
79 101
79 102
79 104
79 108
79 109
79 110
79 111
79 113
79 114
79 117
79 121
79 123
79 124
79 125
79 127
79 129
80 83
80 85
80 86
80 91
80 92
80 94
80 95
80 97
80 98
80 99
80 103
80 108
80 110
80 112
80 113
80 120
80 121
80 122
80 123
80 124
80 126
81 90
81 95
81 96
81 98
81 102
81 103
81 106
81 109
81 112
81 118
81 121
81 123
81 124
81 125
81 126
81 127
81 128
82 83
82 84
82 88
82 89
82 90
82 91
82 92
82 94
82 97
82 100
82 101
82 102
82 109
82 110
82 111
82 112
82 114
82 115
82 118
82 121
82 122
82 125
82 128
82 129
83 84
83 85
83 87
83 88
83 89
83 90
83 92
83 98
83 99
83 100
83 103
83 105
83 117
83 118
83 120
83 122
83 124
83 129
84 85
84 88
84 90
84 91
84 92
84 93
84 95
84 98
84 100
84 104
84 107
84 109
84 110
84 115
84 116
84 117
84 118
84 119
84 120
84 122
84 123
84 124
84 126
84 127
84 128
85 86
85 88
85 89
85 90
85 91
85 92
85 93
85 95
85 96
85 102
85 104
85 107
85 111
85 112
85 114
85 116
85 118
85 119
85 120
85 121
85 123
85 125
85 126
85 128
86 89
86 90
86 91
86 95
86 97
86 99
86 100
86 102
86 103
86 105
86 106
86 108
86 110
86 116
86 120
86 121
86 123
86 124
86 125
86 126
86 129
87 90
87 91
87 95
87 96
87 97
87 104
87 106
87 108
87 110
87 111
87 112
87 114
87 117
87 120
87 121
87 122
87 123
87 125
87 128
88 89
88 91
88 94
88 95
88 96
88 97
88 100
88 101
88 104
88 106
88 110
88 111
88 113
88 114
88 115
88 121
88 124
88 125
88 127
89 90
89 91
89 92
89 96
89 97
89 99
89 100
89 102
89 103
89 105
89 108
89 109
89 111
89 113
89 114
89 115
89 119
89 121
89 127
89 128
90 91
90 94
90 100
90 101
90 102
90 103
90 106
90 108
90 112
90 115
90 116
90 119
90 121
90 123
90 124
90 128
90 129
91 93
91 94
91 97
91 99
91 100
91 103
91 104
91 107
91 108
91 110
91 112
91 116
91 117
91 119
91 122
91 124
91 127
91 128
92 94
92 96
92 99
92 100
92 103
92 111
92 114
92 115
92 119
92 120
92 121
92 122
92 124
92 128
93 94
93 95
93 96
93 98
93 100
93 101
93 103
93 106
93 107
93 108
93 109
93 110
93 114
93 115
93 116
93 118
93 122
93 123
93 125
93 128
94 95
94 96
94 98
94 102
94 107
94 108
94 110
94 117
94 118
94 119
94 120
94 121
94 122
94 123
94 128
95 96
95 98
95 100
95 101
95 102
95 103
95 104
95 107
95 108
95 109
95 113
95 127
95 128
96 98
96 99
96 100
96 101
96 103
96 104
96 105
96 107
96 109
96 110
96 111
96 112
96 114
96 115
96 118
96 121
96 124
96 125
96 126
97 99
97 100
97 110
97 112
97 116
97 118
97 119
97 120
97 124
97 126
97 128
98 100
98 101
98 102
98 106
98 109
98 112
98 115
98 116
98 117
98 118
98 122
98 124
98 125
98 128
98 129
99 100
99 101
99 103
99 104
99 105
99 106
99 109
99 112
99 113
99 114
99 120
99 125
99 127
99 129
100 102
100 103
100 105
100 106
100 107
100 111
100 113
100 115
100 117
100 118
100 121
100 122
100 123
100 125
100 126
100 127
100 129
101 102
101 103
101 104
101 105
101 108
101 109
101 115
101 116
101 117
101 120
101 123
101 124
101 125
101 128
102 104
102 105
102 106
102 108
102 110
102 115
102 117
102 118
102 119
102 121
102 123
102 125
102 126
103 105
103 106
103 107
103 113
103 115
103 118
103 119
103 120
103 122
103 124
103 126
103 127
104 105
104 107
104 109
104 111
104 112
104 113
104 114
104 115
104 117
104 120
104 121
104 122
104 124
104 126
105 106
105 109
105 111
105 115
105 117
105 118
105 119
105 122
105 124
106 107
106 108
106 109
106 114
106 115
106 116
106 118
106 120
106 129
107 109
107 110
107 111
107 112
107 115
107 116
107 119
107 121
107 122
107 123
107 124
107 128
107 129
108 110
108 111
108 112
108 116
108 121
108 122
108 123
108 124
108 127
109 111
109 112
109 113
109 115
109 116
109 119
109 122
109 123
109 124
109 126
109 128
109 129
110 111
110 112
110 113
110 121
110 123
110 125
110 127
111 112
111 113
111 118
111 124
111 125
111 126
111 128
111 129
112 113
112 118
112 119
112 120
112 121
112 122
112 125
112 128
112 129
113 116
113 118
113 120
113 121
113 124
113 125
113 127
114 115
114 116
114 119
114 122
114 123
114 126
114 127
114 128
115 117
115 122
115 124
115 127
115 129
116 117
116 121
116 123
116 124
116 126
116 128
116 129
117 118
117 121
117 122
117 123
117 124
117 126
117 127
117 129
118 119
118 122
118 124
118 125
118 127
119 121
119 124
119 125
119 128
120 122
120 123
120 127
120 128
120 129
121 123
121 124
121 127
121 128
121 129
122 123
122 124
122 125
122 126
122 127
122 129
123 124
123 125
123 126
124 125
124 127
125 126
125 127
125 128
125 129
126 128
127 128
127 129
61 57 17 49 104 2
19 35 87 78 69 64
53 127 16 75 119 1
101 84 74 38 48 45
66 115 37 8 89 114
79 18 107 29 88 98
120 91 121 23 76 0
62 82 77 47 21 65
68 110 15 54 32 99
72 113 36 10 128 90
67 102 108 96 73 100
11 129 44 52 56 25
58 125 81 124 94 71
111 27 59 126 86 42
70 60 106 30 50 7
28 51 3 97 41 9
122 31 103 39 26 109
123 46 80 20 105 14
112 33 34 118 6 117
4 12 13 43 92 95
116 55 63 40 22 24
83 85 93 5
