110
1793
7
60.79
32.91
26.16
47.99
9.57
49.23
8.52
0 1
0 6
0 8
0 9
0 11
0 12
0 14
0 17
0 24
0 32
0 41
0 47
0 49
0 50
0 53
0 57
0 64
0 67
0 68
0 72
0 74
0 79
0 88
0 90
0 95
0 96
0 101
0 102
0 103
0 105
0 108
0 109
1 5
1 7
1 16
1 18
1 19
1 20
1 27
1 28
1 35
1 37
1 38
1 39
1 42
1 45
1 46
1 48
1 49
1 51
1 52
1 54
1 56
1 57
1 60
1 64
1 68
1 70
1 71
1 72
1 77
1 78
1 82
1 83
1 86
1 88
1 100
1 102
1 103
1 104
1 106
1 109
2 3
2 8
2 9
2 12
2 13
2 17
2 20
2 24
2 25
2 33
2 34
2 47
2 48
2 53
2 60
2 62
2 67
2 69
2 73
2 83
2 91
2 94
2 95
2 96
2 99
2 101
2 102
2 103
2 106
2 108
2 109
3 5
3 7
3 8
3 19
3 21
3 22
3 33
3 34
3 35
3 36
3 38
3 39
3 41
3 42
3 43
3 47
3 55
3 67
3 73
3 79
3 82
3 92
3 96
3 101
3 103
3 107
4 5
4 13
4 15
4 18
4 19
4 21
4 24
4 26
4 28
4 29
4 37
4 40
4 41
4 42
4 46
4 49
4 51
4 52
4 59
4 63
4 65
4 69
4 71
4 72
4 77
4 80
4 83
4 92
4 93
4 97
4 100
4 105
4 106
5 10
5 13
5 14
5 21
5 27
5 29
5 36
5 37
5 38
5 39
5 41
5 42
5 43
5 46
5 50
5 51
5 52
5 58
5 59
5 71
5 86
5 87
5 90
5 93
5 94
5 95
5 103
5 105
5 108
5 109
6 12
6 14
6 17
6 18
6 23
6 27
6 28
6 36
6 37
6 39
6 41
6 43
6 45
6 56
6 57
6 61
6 64
6 65
6 68
6 70
6 72
6 73
6 76
6 81
6 87
6 92
6 95
6 98
6 100
7 9
7 10
7 11
7 12
7 14
7 16
7 19
7 20
7 22
7 23
7 25
7 33
7 34
7 35
7 36
7 39
7 41
7 46
7 47
7 48
7 52
7 55
7 56
7 64
7 65
7 66
7 70
7 71
7 80
7 90
7 92
7 94
7 95
7 98
7 99
7 101
7 103
7 107
7 109
8 11
8 15
8 25
8 26
8 28
8 34
8 35
8 37
8 38
8 43
8 47
8 48
8 49
8 54
8 55
8 59
8 62
8 69
8 72
8 79
8 87
8 88
8 89
8 92
8 95
8 96
8 97
8 101
8 103
9 16
9 17
9 18
9 22
9 23
9 24
9 28
9 31
9 32
9 33
9 34
9 35
9 36
9 40
9 41
9 52
9 54
9 55
9 56
9 58
9 62
9 63
9 65
9 69
9 70
9 71
9 76
9 78
9 81
9 86
9 90
9 91
9 98
9 100
9 107
10 12
10 17
10 19
10 22
10 26
10 27
10 28
10 31
10 34
10 38
10 47
10 48
10 49
10 55
10 56
10 58
10 60
10 61
10 63
10 64
10 77
10 80
10 81
10 83
10 88
10 89
10 92
10 93
10 99
10 101
10 102
10 103
10 104
10 109
11 12
11 17
11 18
11 19
11 23
11 31
11 33
11 35
11 38
11 42
11 43
11 44
11 51
11 58
11 62
11 65
11 66
11 71
11 73
11 77
11 83
11 85
11 86
11 87
11 95
11 96
11 98
11 100
11 109
12 16
12 21
12 23
12 24
12 31
12 34
12 43
12 44
12 46
12 47
12 50
12 51
12 55
12 58
12 64
12 67
12 73
12 74
12 76
12 79
12 83
12 88
12 90
12 94
12 95
12 104
12 105
12 108
12 109
13 15
13 16
13 17
13 18
13 20
13 21
13 27
13 30
13 32
13 35
13 37
13 39
13 40
13 41
13 43
13 44
13 48
13 53
13 55
13 60
13 63
13 64
13 69
13 75
13 78
13 79
13 81
13 86
13 91
13 92
13 95
13 101
13 105
13 106
13 107
13 109
14 21
14 22
14 27
14 28
14 31
14 34
14 36
14 37
14 38
14 42
14 43
14 45
14 48
14 58
14 65
14 66
14 72
14 73
14 77
14 83
14 84
14 86
14 95
14 96
14 97
14 98
14 102
14 106
14 107
15 20
15 22
15 25
15 33
15 40
15 43
15 44
15 47
15 48
15 50
15 57
15 62
15 64
15 66
15 68
15 74
15 78
15 82
15 90
15 91
15 102
16 24
16 32
16 33
16 34
16 41
16 45
16 46
16 49
16 52
16 53
16 66
16 80
16 83
16 93
16 100
16 102
16 107
17 21
17 25
17 27
17 39
17 40
17 43
17 45
17 47
17 54
17 61
17 64
17 67
17 68
17 69
17 77
17 79
17 80
17 88
17 90
17 93
17 96
17 97
17 100
17 106
17 107
18 21
18 28
18 31
18 35
18 37
18 44
18 45
18 58
18 61
18 66
18 67
18 68
18 72
18 81
18 84
18 85
18 86
18 87
18 93
18 94
18 95
18 96
18 98
18 101
18 106
19 24
19 34
19 37
19 38
19 52
19 54
19 56
19 57
19 63
19 68
19 76
19 79
19 82
19 86
19 89
19 90
19 93
19 98
19 99
19 100
19 104
19 105
20 22
20 29
20 36
20 40
20 41
20 46
20 49
20 54
20 61
20 66
20 69
20 72
20 76
20 83
20 84
20 87
20 90
20 91
20 95
20 98
20 100
20 102
20 104
20 105
21 22
21 23
21 30
21 31
21 36
21 39
21 53
21 54
21 55
21 58
21 60
21 61
21 67
21 68
21 70
21 75
21 76
21 78
21 86
21 90
21 92
21 95
21 98
21 107
22 25
22 29
22 30
22 32
22 43
22 45
22 46
22 48
22 52
22 59
22 65
22 66
22 67
22 75
22 76
22 79
22 80
22 83
22 85
22 91
22 102
22 104
22 108
23 32
23 33
23 37
23 41
23 44
23 46
23 48
23 50
23 51
23 54
23 55
23 56
23 61
23 66
23 67
23 70
23 72
23 74
23 77
23 82
23 84
23 90
23 92
23 99
23 103
24 25
24 33
24 34
24 38
24 39
24 47
24 49
24 52
24 59
24 64
24 68
24 69
24 71
24 74
24 78
24 83
24 89
24 101
24 102
24 107
25 28
25 32
25 33
25 43
25 45
25 48
25 54
25 55
25 59
25 61
25 63
25 64
25 67
25 69
25 76
25 79
25 80
25 81
25 82
25 83
25 84
25 88
25 89
25 94
25 97
25 99
25 104
25 108
26 27
26 30
26 31
26 34
26 39
26 40
26 44
26 45
26 46
26 47
26 50
26 51
26 54
26 57
26 58
26 72
26 78
26 79
26 83
26 87
26 88
26 90
26 91
26 92
26 96
26 99
26 100
26 105
26 108
27 28
27 29
27 30
27 32
27 35
27 40
27 43
27 47
27 49
27 53
27 62
27 65
27 67
27 70
27 72
27 74
27 75
27 77
27 81
27 86
27 89
27 94
27 96
27 98
27 101
27 102
27 104
27 106
27 108
28 31
28 35
28 38
28 39
28 40
28 41
28 42
28 43
28 44
28 45
28 50
28 51
28 56
28 59
28 61
28 69
28 71
28 73
28 75
28 76
28 77
28 84
28 86
28 89
28 90
28 95
28 99
28 100
28 102
28 103
28 104
29 37
29 39
29 41
29 42
29 49
29 50
29 52
29 53
29 56
29 57
29 59
29 63
29 67
29 70
29 73
29 74
29 81
29 83
29 86
29 87
29 91
29 93
29 96
29 97
29 99
29 100
29 103
29 108
30 31
30 34
30 37
30 40
30 44
30 45
30 48
30 52
30 54
30 57
30 63
30 64
30 74
30 81
30 84
30 86
30 87
30 88
30 89
30 91
30 94
30 97
30 107
30 108
31 33
31 34
31 36
31 39
31 49
31 54
31 56
31 58
31 60
31 68
31 69
31 71
31 73
31 77
31 79
31 82
31 86
31 88
31 92
31 95
31 96
31 100
31 103
31 104
31 105
31 107
31 108
32 34
32 40
32 47
32 52
32 53
32 61
32 62
32 64
32 66
32 69
32 70
32 73
32 74
32 77
32 80
32 81
32 85
32 89
32 91
32 94
32 101
32 109
33 34
33 41
33 49
33 51
33 53
33 54
33 57
33 63
33 67
33 69
33 70
33 78
33 82
33 87
33 88
33 91
33 97
33 98
33 99
33 101
33 103
33 107
33 108
34 35
34 38
34 39
34 42
34 43
34 47
34 52
34 56
34 60
34 62
34 63
34 64
34 66
34 68
34 74
34 76
34 90
34 91
34 94
34 96
34 97
34 100
34 101
34 102
34 103
34 109
35 36
35 40
35 41
35 44
35 48
35 51
35 53
35 55
35 56
35 59
35 67
35 68
35 73
35 75
35 76
35 77
35 79
35 82
35 90
35 93
35 95
35 97
35 104
35 108
36 39
36 42
36 44
36 45
36 47
36 48
36 51
36 52
36 54
36 58
36 60
36 68
36 72
36 74
36 75
36 77
36 78
36 84
36 86
36 87
36 95
36 101
37 41
37 42
37 45
37 46
37 58
37 62
37 65
37 66
37 73
37 78
37 81
37 82
37 86
37 88
37 91
37 96
37 97
37 98
37 100
37 102
37 105
37 106
38 40
38 45
38 46
38 48
38 52
38 53
38 54
38 55
38 57
38 58
38 59
38 69
38 71
38 72
38 74
38 79
38 86
38 88
38 89
38 94
38 95
38 97
38 106
38 107
38 108
39 50
39 54
39 57
39 58
39 60
39 62
39 68
39 69
39 71
39 77
39 78
39 79
39 90
39 91
39 93
39 96
39 100
39 102
39 103
39 108
40 48
40 57
40 58
40 69
40 74
40 79
40 85
40 86
40 88
40 89
40 92
40 95
40 97
40 99
40 100
40 102
40 104
40 107
40 109
41 42
41 46
41 51
41 59
41 68
41 69
41 70
41 74
41 79
41 80
41 85
41 90
41 92
41 95
41 107
41 108
41 109
42 44
42 46
42 58
42 60
42 62
42 63
42 79
42 82
42 84
42 85
42 88
42 104
42 106
42 107
42 108
42 109
43 44
43 47
43 48
43 50
43 60
43 62
43 64
43 75
43 78
43 80
43 82
43 89
43 91
43 97
43 105
44 45
44 46
44 47
44 63
44 65
44 67
44 69
44 73
44 74
44 76
44 77
44 78
44 82
44 83
44 85
44 90
44 92
44 94
44 95
44 97
44 98
44 99
45 46
45 48
45 52
45 54
45 56
45 59
45 61
45 69
45 70
45 72
45 81
45 84
45 91
45 92
45 94
45 99
45 101
45 103
45 105
46 49
46 53
46 57
46 58
46 59
46 61
46 75
46 76
46 79
46 83
46 87
46 92
46 100
47 48
47 50
47 51
47 52
47 56
47 57
47 60
47 63
47 65
47 69
47 72
47 75
47 76
47 77
47 79
47 80
47 86
47 87
47 92
47 93
47 95
47 102
47 107
47 108
48 52
48 57
48 59
48 60
48 70
48 72
48 74
48 77
48 79
48 80
48 83
48 86
48 89
48 92
48 94
48 98
48 100
48 103
48 104
48 106
48 107
49 51
49 53
49 60
49 63
49 66
49 73
49 74
49 79
49 83
49 84
49 89
49 91
49 99
49 102
49 104
49 106
49 109
50 62
50 65
50 67
50 69
50 75
50 82
50 84
50 94
50 96
50 99
50 101
50 104
51 53
51 55
51 56
51 59
51 60
51 64
51 68
51 70
51 79
51 82
51 84
51 92
51 95
51 97
51 99
51 100
51 106
51 108
51 109
52 54
52 73
52 82
52 84
52 92
52 98
52 99
52 100
52 102
52 103
52 104
52 106
52 107
53 54
53 55
53 58
53 59
53 63
53 71
53 73
53 74
53 77
53 84
53 90
53 92
53 94
53 97
53 99
53 107
54 57
54 60
54 62
54 66
54 69
54 71
54 72
54 73
54 78
54 80
54 85
54 86
54 87
54 88
54 93
54 95
54 102
54 104
54 107
54 108
54 109
55 57
55 61
55 66
55 69
55 71
55 75
55 87
55 88
55 97
55 100
55 103
55 104
55 109
56 63
56 65
56 67
56 69
56 70
56 78
56 81
56 82
56 86
56 90
56 93
56 94
56 97
56 98
56 105
57 60
57 63
57 67
57 68
57 70
57 72
57 75
57 78
57 85
57 91
57 93
57 98
57 101
57 103
57 104
57 105
57 107
58 60
58 68
58 71
58 73
58 75
58 80
58 86
58 87
58 93
58 95
58 97
58 100
58 101
58 106
58 109
59 60
59 68
59 72
59 75
59 77
59 82
59 84
59 90
59 92
59 99
59 100
59 107
59 109
60 61
60 62
60 65
60 67
60 71
60 76
60 79
60 80
60 84
60 88
60 90
60 98
60 101
60 102
60 105
61 63
61 66
61 69
61 78
61 79
61 80
61 83
61 84
61 102
61 104
62 63
62 66
62 67
62 70
62 74
62 76
62 80
62 81
62 83
62 91
62 92
62 95
62 100
62 101
62 106
62 107
62 109
63 65
63 69
63 75
63 76
63 79
63 81
63 82
63 85
63 86
63 91
63 98
63 99
63 108
64 65
64 68
64 75
64 76
64 78
64 86
64 96
64 109
65 69
65 71
65 79
65 81
65 85
65 87
65 94
65 96
65 97
65 102
66 73
66 74
66 75
66 76
66 80
66 86
66 88
66 89
66 91
66 92
66 94
66 100
66 101
67 70
67 71
67 79
67 81
67 83
67 85
67 86
67 90
67 100
67 103
67 104
68 69
68 73
68 76
68 83
68 84
68 87
68 88
68 90
68 98
68 100
68 101
68 103
68 105
68 108
68 109
69 72
69 76
69 79
69 82
69 86
69 87
69 88
69 91
69 92
69 93
69 95
69 96
69 97
69 98
69 99
69 101
69 108
70 71
70 72
70 73
70 79
70 80
70 81
70 85
70 87
70 88
70 89
70 90
70 91
70 94
70 96
70 100
70 101
70 103
70 107
71 74
71 78
71 79
71 87
71 89
71 91
71 93
71 98
71 101
72 79
72 80
72 83
72 85
72 86
72 87
72 89
72 92
72 98
72 99
72 105
72 108
73 75
73 76
73 77
73 80
73 81
73 86
73 87
73 88
73 94
73 97
73 101
73 102
73 103
73 108
73 109
74 75
74 78
74 80
74 81
74 86
74 87
74 98
74 99
74 101
74 108
75 83
75 89
75 90
75 97
75 104
75 106
75 107
75 108
76 83
76 84
76 93
76 104
76 105
76 106
76 109
77 78
77 81
77 82
77 84
77 87
77 93
77 95
77 105
77 109
78 81
78 83
78 85
78 88
78 91
78 93
78 96
78 97
78 98
78 101
78 103
78 104
78 109
79 83
79 84
79 85
79 86
79 90
79 92
79 98
79 103
79 104
79 108
80 81
80 85
80 89
80 94
80 99
80 100
80 107
81 82
81 83
81 85
81 89
81 90
81 93
81 94
81 96
81 98
81 99
81 100
81 106
81 108
81 109
82 87
82 88
82 89
82 90
82 100
82 102
82 105
83 86
83 87
83 90
83 92
83 95
83 96
83 97
83 98
83 99
83 102
83 103
83 105
83 106
84 87
84 89
84 91
84 92
84 93
84 98
84 101
84 104
84 106
85 86
85 87
85 93
85 99
85 102
85 107
86 91
86 97
86 98
86 99
86 106
86 109
87 88
87 89
87 93
87 103
87 107
88 95
88 97
88 101
88 104
89 90
89 92
89 93
89 101
89 108
90 91
90 92
90 95
90 105
90 108
91 92
91 94
91 99
91 100
92 93
92 95
92 99
92 101
92 104
92 105
93 94
93 100
93 105
93 107
94 99
94 101
94 102
94 103
94 104
94 109
95 96
95 101
96 105
96 106
97 102
97 106
97 108
98 103
98 104
98 106
99 101
99 104
99 105
99 108
100 101
100 105
100 108
101 103
101 106
101 107
102 105
102 107
103 106
103 107
104 109
105 106
105 107
107 108
43 75 27 4 90 8 44 82 99 96 31 16 76 9 103 59
80 26 36 14 64 84 106 61 56 45 109 73 13 92 2 88
40 11 81 50 38 101 49 52 7 102 20 17 54 65 79 57
6 70 67 69 62 108 12 18 68 35 94 85 1 74 47 15
28 23 39 3 10 93 97 78 83 55 29 25 5 77 32 48
86 107 19 95 60 46 33 71 0 66 87 51 98 72 105 21
58 24 41 104 63 91 22 30 37 100 34 53 42 89
