130
4167
5
4.49
35.73
22.54
72.52
78.71
0 1
0 3
0 4
0 7
0 8
0 9
0 10
0 12
0 13
0 14
0 20
0 23
0 24
0 27
0 29
0 30
0 31
0 32
0 33
0 34
0 35
0 37
0 39
0 40
0 42
0 45
0 47
0 48
0 50
0 52
0 53
0 54
0 56
0 57
0 58
0 60
0 63
0 64
0 67
0 68
0 70
0 71
0 72
0 73
0 76
0 77
0 78
0 81
0 82
0 85
0 86
0 87
0 89
0 91
0 92
0 93
0 94
0 98
0 100
0 102
0 106
0 107
0 111
0 113
0 115
0 116
0 117
0 118
0 127
0 129
1 5
1 8
1 9
1 14
1 17
1 18
1 19
1 20
1 21
1 22
1 23
1 26
1 27
1 28
1 30
1 32
1 33
1 35
1 36
1 38
1 39
1 41
1 42
1 44
1 46
1 48
1 49
1 51
1 52
1 53
1 55
1 56
1 63
1 67
1 68
1 72
1 73
1 75
1 77
1 78
1 82
1 87
1 91
1 92
1 93
1 95
1 98
1 103
1 106
1 108
1 109
1 110
1 111
1 112
1 113
1 114
1 115
1 117
1 118
1 121
1 124
1 125
1 129
2 5
2 6
2 9
2 11
2 14
2 17
2 20
2 21
2 23
2 27
2 28
2 32
2 34
2 41
2 42
2 45
2 53
2 56
2 57
2 60
2 63
2 64
2 65
2 66
2 67
2 68
2 75
2 77
2 84
2 86
2 87
2 90
2 91
2 93
2 95
2 100
2 101
2 103
2 104
2 106
2 108
2 110
2 111
2 114
2 115
2 116
2 117
2 120
2 121
2 122
2 124
2 125
2 129
3 4
3 6
3 8
3 9
3 14
3 15
3 17
3 19
3 20
3 22
3 24
3 25
3 26
3 27
3 29
3 31
3 32
3 33
3 34
3 35
3 37
3 40
3 41
3 44
3 45
3 46
3 49
3 52
3 53
3 57
3 58
3 59
3 60
3 63
3 64
3 66
3 68
3 69
3 70
3 71
3 72
3 74
3 75
3 77
3 79
3 80
3 83
3 84
3 85
3 90
3 91
3 94
3 95
3 98
3 101
3 105
3 106
3 107
3 108
3 111
3 112
3 113
3 114
3 115
3 117
3 120
3 121
3 124
3 128
3 129
4 5
4 7
4 10
4 11
4 12
4 16
4 18
4 19
4 21
4 25
4 26
4 27
4 28
4 29
4 30
4 31
4 33
4 36
4 39
4 41
4 43
4 45
4 46
4 48
4 50
4 54
4 57
4 59
4 60
4 62
4 63
4 64
4 67
4 68
4 72
4 73
4 74
4 75
4 77
4 78
4 79
4 83
4 86
4 87
4 91
4 92
4 94
4 95
4 96
4 98
4 99
4 100
4 103
4 105
4 106
4 107
4 108
4 109
4 113
4 114
4 118
4 119
4 120
4 123
4 124
4 127
4 129
5 6
5 7
5 8
5 11
5 13
5 15
5 16
5 17
5 18
5 24
5 25
5 26
5 27
5 28
5 29
5 32
5 34
5 35
5 36
5 37
5 40
5 41
5 46
5 54
5 55
5 61
5 62
5 63
5 64
5 65
5 67
5 68
5 70
5 71
5 72
5 73
5 75
5 78
5 82
5 83
5 85
5 87
5 88
5 89
5 93
5 96
5 99
5 100
5 102
5 103
5 104
5 105
5 106
5 107
5 108
5 109
5 111
5 112
5 117
5 118
5 121
5 123
5 124
6 7
6 8
6 9
6 10
6 11
6 14
6 15
6 16
6 17
6 18
6 20
6 23
6 24
6 31
6 33
6 34
6 36
6 38
6 39
6 41
6 43
6 46
6 47
6 53
6 54
6 55
6 56
6 57
6 58
6 63
6 64
6 67
6 68
6 69
6 70
6 71
6 72
6 73
6 74
6 76
6 78
6 79
6 85
6 88
6 90
6 91
6 93
6 97
6 98
6 100
6 101
6 103
6 104
6 105
6 106
6 108
6 110
6 116
6 120
6 124
6 125
6 126
6 127
7 8
7 9
7 15
7 16
7 18
7 20
7 21
7 22
7 25
7 28
7 32
7 33
7 35
7 36
7 42
7 43
7 44
7 51
7 56
7 58
7 59
7 60
7 61
7 62
7 66
7 67
7 69
7 72
7 73
7 76
7 78
7 79
7 80
7 81
7 82
7 83
7 87
7 88
7 89
7 90
7 92
7 93
7 97
7 98
7 99
7 101
7 102
7 104
7 106
7 107
7 111
7 112
7 114
7 116
7 117
7 120
7 121
7 125
8 10
8 11
8 12
8 14
8 18
8 19
8 20
8 24
8 25
8 26
8 29
8 30
8 31
8 32
8 33
8 39
8 40
8 41
8 43
8 44
8 45
8 46
8 52
8 55
8 57
8 60
8 62
8 63
8 65
8 66
8 67
8 68
8 69
8 70
8 71
8 72
8 73
8 75
8 76
8 78
8 80
8 81
8 83
8 87
8 88
8 91
8 92
8 95
8 97
8 98
8 99
8 100
8 104
8 107
8 109
8 113
8 116
8 117
8 118
8 119
8 121
8 126
8 127
8 129
9 10
9 11
9 12
9 13
9 15
9 17
9 18
9 20
9 21
9 22
9 23
9 26
9 27
9 28
9 29
9 30
9 33
9 36
9 37
9 38
9 40
9 41
9 42
9 44
9 45
9 46
9 47
9 48
9 49
9 50
9 52
9 56
9 58
9 59
9 61
9 64
9 65
9 68
9 69
9 70
9 74
9 76
9 77
9 84
9 85
9 87
9 89
9 91
9 94
9 96
9 99
9 102
9 104
9 105
9 106
9 107
9 108
9 110
9 112
9 116
9 117
9 119
9 120
9 123
9 129
10 12
10 13
10 15
10 17
10 19
10 24
10 26
10 27
10 31
10 36
10 42
10 44
10 45
10 46
10 49
10 50
10 52
10 53
10 54
10 60
10 61
10 62
10 63
10 65
10 67
10 70
10 75
10 76
10 77
10 78
10 82
10 83
10 86
10 89
10 91
10 94
10 96
10 99
10 101
10 104
10 106
10 107
10 108
10 112
10 113
10 116
10 118
10 119
10 122
10 124
10 126
10 127
10 128
10 129
11 12
11 15
11 20
11 24
11 27
11 28
11 29
11 31
11 32
11 34
11 35
11 38
11 42
11 44
11 46
11 47
11 48
11 50
11 53
11 56
11 57
11 58
11 59
11 61
11 64
11 65
11 66
11 69
11 70
11 71
11 75
11 77
11 81
11 82
11 85
11 86
11 87
11 90
11 91
11 93
11 94
11 95
11 97
11 101
11 103
11 106
11 107
11 108
11 110
11 111
11 114
11 117
11 118
11 120
11 122
11 124
11 127
11 128
11 129
12 14
12 15
12 16
12 17
12 21
12 23
12 27
12 29
12 32
12 34
12 39
12 42
12 43
12 44
12 46
12 47
12 53
12 54
12 56
12 57
12 59
12 60
12 61
12 62
12 63
12 64
12 66
12 67
12 68
12 71
12 73
12 74
12 76
12 77
12 79
12 81
12 82
12 85
12 88
12 90
12 91
12 93
12 95
12 97
12 98
12 102
12 106
12 107
12 108
12 110
12 112
12 113
12 114
12 115
12 119
12 121
12 122
12 123
12 125
12 126
12 127
12 128
12 129
13 17
13 19
13 23
13 24
13 27
13 28
13 29
13 30
13 31
13 32
13 38
13 40
13 42
13 44
13 46
13 48
13 49
13 50
13 51
13 52
13 53
13 54
13 59
13 60
13 61
13 64
13 65
13 66
13 67
13 68
13 69
13 71
13 72
13 73
13 76
13 77
13 78
13 79
13 80
13 88
13 90
13 91
13 96
13 101
13 102
13 107
13 111
13 112
13 113
13 115
13 116
13 117
13 119
13 120
13 122
13 123
13 125
13 126
13 128
14 20
14 21
14 25
14 26
14 29
14 31
14 33
14 34
14 35
14 36
14 37
14 41
14 43
14 45
14 48
14 49
14 56
14 57
14 60
14 62
14 63
14 68
14 72
14 74
14 78
14 80
14 87
14 88
14 89
14 90
14 97
14 99
14 100
14 101
14 103
14 105
14 106
14 113
14 114
14 115
14 116
14 119
14 120
14 121
14 124
14 127
14 128
14 129
15 16
15 23
15 24
15 25
15 26
15 28
15 29
15 31
15 33
15 37
15 38
15 40
15 44
15 45
15 46
15 47
15 48
15 49
15 50
15 51
15 54
15 58
15 60
15 64
15 65
15 67
15 68
15 72
15 73
15 75
15 77
15 79
15 80
15 81
15 82
15 85
15 86
15 87
15 88
15 90
15 92
15 93
15 96
15 97
15 99
15 102
15 106
15 108
15 109
15 110
15 111
15 112
15 114
15 115
15 118
15 120
15 121
15 122
15 123
15 126
15 128
16 20
16 22
16 24
16 26
16 28
16 29
16 30
16 32
16 34
16 36
16 38
16 40
16 42
16 43
16 44
16 46
16 47
16 48
16 49
16 50
16 51
16 53
16 57
16 60
16 61
16 62
16 65
16 66
16 67
16 69
16 75
16 77
16 82
16 86
16 87
16 92
16 93
16 100
16 101
16 102
16 103
16 105
16 106
16 111
16 112
16 113
16 114
16 115
16 117
16 119
16 124
16 126
17 18
17 19
17 20
17 21
17 22
17 23
17 24
17 25
17 28
17 32
17 35
17 43
17 46
17 49
17 50
17 53
17 55
17 58
17 59
17 60
17 65
17 67
17 68
17 69
17 70
17 72
17 73
17 74
17 76
17 77
17 78
17 81
17 84
17 85
17 86
17 87
17 88
17 91
17 92
17 93
17 95
17 97
17 98
17 100
17 102
17 105
17 107
17 108
17 109
17 112
17 117
17 118
17 119
17 120
17 124
17 127
18 19
18 20
18 23
18 24
18 25
18 26
18 28
18 29
18 30
18 31
18 33
18 35
18 36
18 38
18 41
18 42
18 43
18 44
18 46
18 50
18 52
18 58
18 60
18 61
18 63
18 64
18 66
18 67
18 68
18 69
18 74
18 75
18 78
18 83
18 84
18 85
18 87
18 89
18 91
18 92
18 93
18 95
18 96
18 104
18 105
18 106
18 107
18 109
18 110
18 112
18 114
18 119
18 123
19 20
19 22
19 23
19 28
19 30
19 32
19 38
19 39
19 41
19 47
19 48
19 49
19 54
19 55
19 56
19 57
19 58
19 60
19 64
19 65
19 68
19 69
19 73
19 77
19 78
19 81
19 84
19 86
19 89
19 91
19 93
19 94
19 95
19 96
19 97
19 98
19 100
19 104
19 105
19 107
19 110
19 112
19 114
19 115
19 119
19 120
19 124
19 126
19 128
19 129
20 21
20 24
20 28
20 29
20 31
20 32
20 33
20 38
20 39
20 41
20 42
20 44
20 52
20 53
20 55
20 57
20 58
20 60
20 62
20 63
20 65
20 66
20 67
20 69
20 71
20 74
20 77
20 78
20 82
20 85
20 87
20 88
20 89
20 97
20 99
20 102
20 103
20 106
20 109
20 110
20 111
20 113
20 114
20 116
20 117
20 118
20 120
20 121
20 122
20 123
20 126
20 128
20 129
21 23
21 24
21 27
21 30
21 32
21 33
21 37
21 38
21 41
21 43
21 44
21 47
21 48
21 49
21 51
21 59
21 61
21 62
21 63
21 64
21 65
21 66
21 71
21 77
21 82
21 83
21 84
21 85
21 86
21 90
21 93
21 99
21 103
21 106
21 107
21 108
21 109
21 110
21 114
21 115
21 120
21 121
21 123
21 124
21 127
22 24
22 26
22 28
22 29
22 30
22 33
22 35
22 36
22 37
22 38
22 39
22 41
22 43
22 48
22 50
22 55
22 57
22 59
22 60
22 63
22 64
22 66
22 67
22 72
22 73
22 74
22 75
22 76
22 77
22 78
22 79
22 83
22 84
22 85
22 86
22 87
22 88
22 89
22 93
22 94
22 97
22 98
22 103
22 107
22 108
22 109
22 110
22 111
22 112
22 113
22 114
22 115
22 118
22 121
22 122
22 125
22 127
22 128
22 129
23 25
23 28
23 29
23 32
23 35
23 44
23 45
23 47
23 50
23 55
23 56
23 58
23 59
23 61
23 63
23 67
23 68
23 71
23 72
23 75
23 76
23 77
23 79
23 80
23 83
23 87
23 88
23 89
23 91
23 92
23 93
23 94
23 95
23 97
23 98
23 101
23 103
23 106
23 109
23 113
23 117
23 118
23 119
23 121
23 122
23 123
23 125
23 126
23 128
23 129
24 25
24 26
24 27
24 28
24 29
24 32
24 33
24 34
24 36
24 37
24 38
24 39
24 40
24 44
24 46
24 50
24 55
24 56
24 62
24 68
24 70
24 71
24 72
24 73
24 74
24 76
24 79
24 82
24 84
24 85
24 92
24 93
24 95
24 97
24 99
24 100
24 101
24 102
24 105
24 106
24 110
24 111
24 112
24 117
24 118
24 120
24 122
24 125
24 128
25 27
25 28
25 32
25 33
25 34
25 35
25 40
25 44
25 46
25 47
25 48
25 49
25 50
25 51
25 54
25 56
25 62
25 63
25 64
25 68
25 69
25 72
25 74
25 76
25 77
25 79
25 80
25 81
25 83
25 86
25 87
25 88
25 89
25 92
25 94
25 96
25 97
25 98
25 99
25 100
25 103
25 105
25 106
25 110
25 111
25 113
25 114
25 115
25 116
25 120
25 123
25 124
25 126
25 127
25 128
26 28
26 29
26 30
26 32
26 35
26 36
26 38
26 41
26 42
26 46
26 50
26 54
26 56
26 57
26 58
26 59
26 60
26 61
26 62
26 65
26 66
26 67
26 68
26 69
26 74
26 76
26 77
26 78
26 80
26 81
26 82
26 84
26 86
26 87
26 88
26 92
26 93
26 94
26 97
26 100
26 101
26 102
26 107
26 108
26 109
26 110
26 115
26 118
26 119
26 120
26 121
26 122
26 123
26 124
26 126
26 127
26 128
27 29
27 31
27 33
27 36
27 37
27 38
27 39
27 41
27 45
27 47
27 48
27 49
27 50
27 51
27 52
27 53
27 58
27 59
27 62
27 63
27 64
27 65
27 67
27 68
27 70
27 71
27 72
27 76
27 77
27 82
27 84
27 85
27 86
27 90
27 91
27 94
27 99
27 101
27 102
27 105
27 106
27 107
27 110
27 113
27 117
27 121
27 123
27 124
27 126
27 128
27 129
28 29
28 30
28 32
28 33
28 37
28 38
28 39
28 43
28 48
28 52
28 55
28 59
28 61
28 65
28 66
28 68
28 70
28 71
28 72
28 73
28 75
28 76
28 78
28 81
28 82
28 83
28 84
28 88
28 89
28 90
28 91
28 92
28 95
28 96
28 98
28 100
28 102
28 103
28 105
28 110
28 111
28 112
28 114
28 119
28 121
28 127
28 129
29 30
29 31
29 35
29 36
29 37
29 38
29 39
29 40
29 41
29 42
29 45
29 47
29 48
29 50
29 53
29 54
29 58
29 59
29 64
29 66
29 67
29 69
29 71
29 72
29 73
29 75
29 77
29 80
29 81
29 82
29 86
29 88
29 93
29 95
29 96
29 97
29 99
29 104
29 105
29 109
29 112
29 113
29 115
29 120
29 126
29 129
30 31
30 35
30 37
30 38
30 40
30 41
30 43
30 44
30 46
30 48
30 49
30 51
30 55
30 58
30 61
30 64
30 65
30 66
30 80
30 81
30 82
30 86
30 89
30 90
30 95
30 98
30 101
30 102
30 103
30 105
30 107
30 108
30 109
30 112
30 114
30 115
30 118
30 120
30 122
30 124
30 126
30 128
30 129
31 37
31 38
31 39
31 40
31 43
31 44
31 45
31 47
31 51
31 52
31 54
31 55
31 56
31 58
31 60
31 61
31 62
31 64
31 66
31 68
31 70
31 71
31 72
31 73
31 74
31 75
31 76
31 77
31 80
31 83
31 85
31 89
31 90
31 92
31 93
31 94
31 97
31 103
31 109
31 113
31 114
31 115
31 116
31 117
31 119
31 124
31 125
32 35
32 36
32 38
32 39
32 40
32 41
32 42
32 44
32 45
32 46
32 48
32 49
32 56
32 57
32 61
32 62
32 63
32 67
32 69
32 76
32 78
32 79
32 82
32 83
32 85
32 87
32 88
32 89
32 91
32 92
32 93
32 97
32 100
32 101
32 102
32 103
32 108
32 109
32 110
32 111
32 112
32 113
32 115
32 116
32 118
32 119
32 122
32 123
32 125
32 127
32 129
33 35
33 36
33 37
33 39
33 41
33 43
33 44
33 46
33 47
33 48
33 52
33 54
33 55
33 56
33 57
33 58
33 59
33 63
33 64
33 65
33 66
33 68
33 69
33 70
33 74
33 75
33 78
33 79
33 80
33 81
33 82
33 83
33 84
33 85
33 90
33 94
33 95
33 97
33 98
33 99
33 100
33 102
33 103
33 105
33 110
33 111
33 112
33 114
33 115
33 116
33 117
33 118
33 121
33 123
33 127
33 128
34 36
34 37
34 38
34 43
34 44
34 45
34 46
34 47
34 48
34 50
34 52
34 54
34 55
34 56
34 61
34 62
34 65
34 67
34 71
34 76
34 77
34 78
34 79
34 80
34 82
34 84
34 86
34 88
34 89
34 92
34 94
34 95
34 98
34 100
34 108
34 109
34 115
34 116
34 120
34 121
34 122
34 123
34 127
34 128
34 129
35 38
35 40
35 42
35 43
35 45
35 47
35 48
35 50
35 52
35 55
35 56
35 57
35 58
35 61
35 62
35 64
35 65
35 66
35 68
35 70
35 71
35 76
35 77
35 80
35 82
35 84
35 85
35 86
35 87
35 89
35 90
35 91
35 92
35 93
35 94
35 97
35 98
35 100
35 101
35 102
35 104
35 108
35 112
35 116
35 118
35 120
35 121
35 125
35 126
35 127
35 128
35 129
36 37
36 39
36 47
36 49
36 50
36 51
36 52
36 53
36 55
36 57
36 59
36 61
36 63
36 65
36 66
36 68
36 69
36 76
36 82
36 87
36 88
36 89
36 91
36 93
36 96
36 98
36 99
36 103
36 104
36 106
36 107
36 108
36 109
36 113
36 115
36 116
36 120
36 121
36 124
36 125
36 127
36 129
37 38
37 40
37 41
37 44
37 46
37 49
37 50
37 54
37 57
37 58
37 59
37 60
37 61
37 63
37 64
37 65
37 66
37 67
37 69
37 71
37 72
37 74
37 75
37 76
37 81
37 84
37 85
37 86
37 88
37 89
37 90
37 91
37 92
37 95
37 96
37 97
37 99
37 100
37 103
37 104
37 105
37 108
37 109
37 113
37 114
37 117
37 118
37 119
37 120
37 121
37 125
37 126
37 129
38 39
38 40
38 42
38 43
38 44
38 46
38 47
38 48
38 50
38 51
38 52
38 53
38 54
38 55
38 56
38 57
38 60
38 61
38 64
38 66
38 67
38 68
38 69
38 72
38 74
38 75
38 76
38 77
38 86
38 87
38 88
38 89
38 90
38 91
38 92
38 94
38 97
38 99
38 102
38 104
38 106
38 107
38 108
38 109
38 111
38 116
38 117
38 118
38 123
38 124
38 126
38 128
38 129
39 40
39 41
39 42
39 44
39 46
39 47
39 48
39 52
39 56
39 57
39 59
39 63
39 65
39 68
39 71
39 74
39 75
39 77
39 79
39 81
39 82
39 84
39 86
39 93
39 94
39 95
39 96
39 99
39 100
39 106
39 107
39 109
39 112
39 115
39 116
39 117
39 119
39 120
39 123
39 124
39 125
39 126
39 128
39 129
40 45
40 46
40 48
40 50
40 51
40 55
40 56
40 57
40 58
40 61
40 62
40 65
40 71
40 72
40 76
40 82
40 83
40 84
40 86
40 89
40 95
40 96
40 97
40 98
40 100
40 101
40 102
40 107
40 115
40 117
40 120
40 121
40 123
40 126
40 127
40 129
41 44
41 47
41 48
41 49
41 50
41 51
41 53
41 54
41 58
41 60
41 61
41 71
41 72
41 75
41 76
41 77
41 79
41 83
41 86
41 88
41 97
41 100
41 101
41 103
41 104
41 106
41 108
41 109
41 110
41 111
41 112
41 113
41 115
41 117
41 120
41 122
41 123
41 128
42 43
42 46
42 47
42 48
42 49
42 50
42 51
42 56
42 57
42 58
42 60
42 61
42 62
42 64
42 66
42 67
42 72
42 73
42 75
42 76
42 78
42 79
42 81
42 82
42 85
42 87
42 90
42 98
42 100
42 101
42 102
42 105
42 106
42 113
42 114
42 115
42 116
42 117
42 119
42 121
42 122
42 126
42 127
42 128
42 129
43 44
43 47
43 49
43 50
43 52
43 53
43 54
43 57
43 62
43 65
43 68
43 70
43 72
43 73
43 74
43 75
43 76
43 82
43 83
43 85
43 90
43 91
43 92
43 93
43 96
43 97
43 98
43 103
43 105
43 106
43 107
43 109
43 112
43 114
43 115
43 119
43 120
43 121
43 124
43 125
43 126
43 128
43 129
44 45
44 46
44 48
44 49
44 51
44 52
44 57
44 58
44 61
44 65
44 67
44 68
44 69
44 72
44 73
44 76
44 82
44 83
44 84
44 85
44 86
44 87
44 90
44 91
44 94
44 97
44 98
44 101
44 103
44 106
44 114
44 116
44 117
44 119
44 120
44 121
44 123
44 125
44 129
45 46
45 47
45 48
45 50
45 51
45 54
45 57
45 58
45 63
45 65
45 66
45 68
45 69
45 70
45 72
45 73
45 74
45 76
45 80
45 82
45 83
45 86
45 87
45 88
45 90
45 92
45 98
45 99
45 104
45 106
45 107
45 108
45 109
45 113
45 114
45 118
45 119
45 121
45 122
45 123
45 124
45 125
45 126
45 127
46 47
46 52
46 53
46 55
46 56
46 57
46 59
46 61
46 62
46 65
46 66
46 67
46 69
46 71
46 72
46 73
46 74
46 75
46 78
46 80
46 85
46 87
46 88
46 89
46 92
46 94
46 95
46 96
46 99
46 100
46 103
46 104
46 105
46 106
46 109
46 111
46 112
46 113
46 114
46 117
46 118
46 119
46 123
46 124
46 125
46 126
46 127
46 129
47 48
47 49
47 51
47 52
47 54
47 56
47 57
47 58
47 61
47 62
47 65
47 69
47 74
47 75
47 76
47 77
47 78
47 80
47 81
47 84
47 86
47 89
47 90
47 91
47 92
47 94
47 96
47 98
47 99
47 100
47 101
47 102
47 103
47 108
47 109
47 114
47 119
47 120
47 123
47 124
47 126
47 129
48 50
48 51
48 54
48 55
48 56
48 57
48 58
48 59
48 60
48 62
48 63
48 65
48 67
48 69
48 71
48 74
48 76
48 78
48 79
48 80
48 84
48 88
48 89
48 90
48 91
48 94
48 95
48 96
48 97
48 99
48 100
48 101
48 102
48 106
48 108
48 109
48 114
48 117
48 118
48 120
48 122
48 123
48 129
49 50
49 51
49 52
49 53
49 54
49 57
49 59
49 62
49 63
49 64
49 65
49 66
49 69
49 72
49 73
49 74
49 75
49 79
49 81
49 82
49 85
49 87
49 88
49 91
49 93
49 94
49 96
49 97
49 105
49 106
49 107
49 110
49 111
49 113
49 116
49 119
49 122
49 123
49 125
49 128
49 129
50 58
50 60
50 63
50 64
50 65
50 66
50 69
50 71
50 75
50 78
50 80
50 82
50 87
50 90
50 91
50 92
50 93
50 95
50 97
50 99
50 100
50 103
50 104
50 105
50 106
50 110
50 111
50 112
50 117
50 118
50 119
50 120
50 121
50 122
50 129
51 52
51 53
51 55
51 57
51 58
51 59
51 60
51 63
51 66
51 70
51 71
51 72
51 73
51 75
51 77
51 79
51 81
51 82
51 87
51 90
51 91
51 92
51 100
51 101
51 102
51 105
51 111
51 117
51 119
51 120
51 121
51 123
51 124
51 126
51 127
51 128
52 54
52 55
52 56
52 58
52 59
52 61
52 62
52 65
52 66
52 68
52 69
52 71
52 73
52 75
52 78
52 81
52 82
52 84
52 87
52 90
52 91
52 93
52 102
52 104
52 107
52 109
52 110
52 111
52 112
52 113
52 117
52 118
52 120
52 129
53 54
53 55
53 58
53 61
53 65
53 67
53 68
53 69
53 70
53 72
53 73
53 80
53 82
53 83
53 85
53 87
53 88
53 89
53 91
53 92
53 93
53 94
53 97
53 99
53 101
53 106
53 107
53 109
53 111
53 112
53 116
53 117
53 125
53 126
53 127
53 128
53 129
54 59
54 62
54 67
54 68
54 69
54 70
54 77
54 79
54 81
54 82
54 89
54 93
54 94
54 98
54 102
54 103
54 104
54 105
54 107
54 108
54 110
54 120
54 121
54 123
54 126
54 129
55 60
55 64
55 65
55 67
55 68
55 69
55 70
55 72
55 73
55 74
55 75
55 78
55 79
55 80
55 81
55 83
55 84
55 85
55 88
55 89
55 92
55 93
55 94
55 98
55 99
55 102
55 103
55 104
55 105
55 107
55 108
55 112
55 113
55 116
55 120
55 123
55 124
55 126
55 128
56 58
56 59
56 61
56 63
56 65
56 69
56 72
56 73
56 77
56 78
56 79
56 82
56 84
56 86
56 94
56 97
56 98
56 101
56 103
56 104
56 105
56 106
56 107
56 108
56 109
56 110
56 111
56 112
56 113
56 115
56 119
56 120
56 122
56 123
56 128
56 129
57 59
57 61
57 62
57 63
57 66
57 67
57 70
57 71
57 73
57 74
57 75
57 76
57 77
57 78
57 80
57 81
57 82
57 83
57 85
57 86
57 87
57 89
57 91
57 93
57 94
57 96
57 97
57 98
57 104
57 106
57 109
57 110
57 113
57 119
57 123
57 125
57 127
57 129
58 60
58 61
58 63
58 66
58 68
58 78
58 79
58 80
58 81
58 82
58 83
58 84
58 85
58 86
58 87
58 88
58 89
58 92
58 94
58 95
58 98
58 101
58 102
58 104
58 107
58 109
58 111
58 112
58 113
58 114
58 118
58 119
58 120
58 121
58 124
58 125
59 60
59 61
59 62
59 64
59 65
59 66
59 68
59 71
59 75
59 76
59 77
59 78
59 79
59 80
59 81
59 83
59 85
59 87
59 88
59 89
59 91
59 92
59 96
59 98
59 100
59 101
59 102
59 103
59 104
59 105
59 109
59 111
59 112
59 119
59 120
59 122
59 123
59 124
59 126
59 128
59 129
60 62
60 63
60 65
60 69
60 70
60 71
60 72
60 73
60 76
60 77
60 78
60 80
60 81
60 82
60 85
60 88
60 92
60 93
60 94
60 97
60 100
60 103
60 105
60 110
60 111
60 113
60 114
60 118
60 121
60 122
60 123
60 125
60 126
60 127
60 129
61 62
61 67
61 69
61 71
61 73
61 74
61 78
61 79
61 83
61 84
61 86
61 87
61 89
61 91
61 92
61 93
61 94
61 95
61 105
61 108
61 109
61 110
61 113
61 114
61 115
61 116
61 117
61 119
61 121
61 122
61 123
61 124
61 125
61 126
61 127
61 128
61 129
62 64
62 66
62 67
62 69
62 70
62 71
62 74
62 76
62 77
62 78
62 79
62 80
62 82
62 85
62 86
62 89
62 91
62 92
62 93
62 95
62 96
62 100
62 102
62 104
62 105
62 106
62 113
62 117
62 122
62 124
62 129
63 64
63 65
63 66
63 67
63 69
63 74
63 75
63 77
63 80
63 81
63 82
63 87
63 89
63 90
63 92
63 94
63 95
63 99
63 102
63 103
63 104
63 105
63 107
63 108
63 111
63 116
63 117
63 119
63 120
63 121
63 122
63 123
63 124
63 126
63 127
63 128
64 65
64 67
64 70
64 74
64 75
64 76
64 79
64 80
64 82
64 85
64 86
64 87
64 88
64 89
64 95
64 101
64 102
64 103
64 104
64 108
64 109
64 110
64 112
64 116
64 118
64 120
64 121
64 124
64 125
64 128
64 129
65 66
65 67
65 68
65 71
65 75
65 76
65 78
65 79
65 83
65 86
65 87
65 88
65 91
65 92
65 94
65 96
65 97
65 100
65 101
65 102
65 104
65 106
65 109
65 110
65 111
65 115
65 116
65 117
65 122
65 123
65 124
65 126
65 129
66 68
66 69
66 70
66 71
66 72
66 73
66 75
66 76
66 78
66 81
66 83
66 85
66 86
66 89
66 90
66 91
66 97
66 99
66 102
66 104
66 107
66 110
66 111
66 112
66 113
66 115
66 117
66 120
66 124
66 127
66 129
67 69
67 70
67 75
67 78
67 79
67 81
67 84
67 90
67 91
67 95
67 96
67 97
67 98
67 99
67 100
67 101
67 102
67 103
67 105
67 114
67 116
67 117
67 118
67 121
67 122
67 123
67 124
67 129
68 69
68 70
68 75
68 77
68 79
68 80
68 82
68 85
68 87
68 88
68 89
68 90
68 91
68 94
68 97
68 98
68 101
68 105
68 107
68 108
68 109
68 111
68 112
68 113
68 116
68 118
68 119
68 120
68 122
68 123
68 124
68 128
68 129
69 71
69 76
69 77
69 78
69 82
69 83
69 84
69 85
69 87
69 90
69 93
69 96
69 97
69 98
69 99
69 100
69 101
69 107
69 109
69 110
69 111
69 113
69 117
69 119
69 120
69 121
69 124
69 125
69 126
69 129
70 71
70 72
70 75
70 76
70 77
70 81
70 85
70 86
70 88
70 89
70 92
70 93
70 95
70 96
70 98
70 101
70 103
70 105
70 107
70 108
70 109
70 111
70 114
70 115
70 116
70 120
70 121
70 123
70 126
70 127
70 128
70 129
71 72
71 73
71 75
71 76
71 78
71 80
71 81
71 82
71 84
71 88
71 89
71 90
71 92
71 94
71 97
71 100
71 102
71 103
71 105
71 106
71 107
71 109
71 110
71 111
71 114
71 115
71 119
71 121
71 122
71 123
71 124
71 125
71 127
72 74
72 76
72 77
72 79
72 82
72 84
72 85
72 86
72 89
72 94
72 96
72 99
72 102
72 103
72 107
72 110
72 111
72 112
72 113
72 116
72 119
72 120
72 122
72 123
72 125
72 126
72 129
73 74
73 75
73 76
73 80
73 81
73 82
73 84
73 85
73 92
73 94
73 95
73 96
73 98
73 99
73 102
73 105
73 106
73 111
73 113
73 118
73 119
73 121
73 124
73 128
73 129
74 75
74 76
74 79
74 80
74 82
74 83
74 85
74 86
74 87
74 91
74 92
74 96
74 98
74 106
74 107
74 109
74 111
74 112
74 113
74 114
74 115
74 117
74 119
74 122
74 126
75 76
75 81
75 83
75 85
75 88
75 92
75 93
75 95
75 97
75 98
75 100
75 101
75 102
75 103
75 104
75 106
75 107
75 110
75 111
75 117
75 118
75 119
75 124
75 125
75 126
75 127
75 128
76 77
76 78
76 83
76 85
76 90
76 92
76 95
76 97
76 98
76 101
76 102
76 105
76 107
76 108
76 109
76 110
76 112
76 117
76 119
76 120
76 121
76 122
76 123
76 125
77 78
77 79
77 88
77 92
77 95
77 103
77 105
77 109
77 113
77 115
77 116
77 117
77 120
77 122
77 124
77 125
77 126
77 129
78 80
78 83
78 86
78 87
78 88
78 89
78 90
78 92
78 96
78 99
78 101
78 102
78 104
78 105
78 106
78 107
78 108
78 109
78 110
78 111
78 112
78 114
78 115
78 117
78 118
78 119
78 123
78 124
78 126
78 127
78 129
79 80
79 81
79 82
79 83
79 86
79 92
79 93
79 96
79 97
79 98
79 99
79 101
79 102
79 104
79 105
79 109
79 110
79 112
79 114
79 115
79 116
79 125
79 126
79 127
79 129
80 81
80 84
80 85
80 87
80 88
80 90
80 91
80 92
80 95
80 98
80 99
80 100
80 102
80 103
80 106
80 107
80 108
80 109
80 110
80 116
80 118
80 119
80 128
81 82
81 84
81 86
81 88
81 89
81 91
81 92
81 95
81 97
81 98
81 99
81 100
81 101
81 103
81 104
81 106
81 107
81 112
81 114
81 116
81 117
81 120
81 121
81 123
81 125
81 126
81 127
81 128
82 86
82 90
82 91
82 92
82 95
82 96
82 97
82 98
82 106
82 108
82 110
82 112
82 113
82 115
82 118
82 119
82 120
82 121
82 129
83 84
83 86
83 87
83 88
83 89
83 90
83 94
83 96
83 100
83 101
83 103
83 105
83 106
83 110
83 111
83 112
83 113
83 114
83 115
83 123
83 124
83 125
83 126
83 128
83 129
84 86
84 87
84 88
84 93
84 94
84 95
84 98
84 99
84 104
84 105
84 106
84 108
84 109
84 112
84 113
84 114
84 116
84 119
84 120
84 121
84 122
84 124
84 129
85 88
85 91
85 93
85 99
85 102
85 103
85 106
85 108
85 109
85 111
85 112
85 113
85 114
85 115
85 116
85 117
85 118
85 121
85 122
85 123
85 124
86 87
86 88
86 89
86 92
86 94
86 95
86 98
86 100
86 103
86 104
86 108
86 116
86 118
86 119
86 121
86 125
86 126
86 128
87 89
87 95
87 96
87 98
87 100
87 102
87 105
87 106
87 108
87 109
87 110
87 111
87 112
87 114
87 115
87 116
87 117
87 122
87 126
87 127
87 129
88 89
88 90
88 91
88 92
88 93
88 98
88 99
88 100
88 103
88 104
88 106
88 108
88 111
88 113
88 114
88 115
88 116
88 117
88 118
88 119
88 120
88 121
88 122
88 123
88 124
88 126
88 127
88 128
88 129
89 90
89 91
89 94
89 95
89 96
89 97
89 98
89 100
89 105
89 106
89 107
89 109
89 111
89 112
89 117
89 118
89 120
89 121
89 123
89 124
89 125
89 126
90 91
90 93
90 95
90 97
90 99
90 102
90 104
90 105
90 106
90 108
90 111
90 113
90 115
90 118
90 119
90 124
90 125
90 127
91 92
91 98
91 101
91 102
91 103
91 104
91 105
91 108
91 112
91 113
91 114
91 117
91 118
91 119
91 123
91 124
91 125
91 126
91 127
91 129
92 93
92 94
92 96
92 99
92 102
92 103
92 104
92 108
92 110
92 113
92 115
92 118
92 119
92 121
92 123
92 125
92 127
92 128
93 95
93 102
93 103
93 104
93 106
93 108
93 110
93 118
93 119
93 121
93 122
93 123
93 124
93 125
93 126
93 129
94 95
94 101
94 102
94 103
94 104
94 105
94 106
94 107
94 108
94 110
94 113
94 115
94 117
94 119
94 121
94 124
94 126
94 128
95 96
95 97
95 100
95 101
95 102
95 107
95 108
95 111
95 114
95 116
95 118
95 121
95 122
95 123
95 125
95 127
96 99
96 100
96 101
96 102
96 103
96 105
96 106
96 107
96 109
96 113
96 115
96 116
96 120
96 124
96 125
96 128
97 98
97 102
97 103
97 109
97 110
97 111
97 112
97 113
97 115
97 117
97 118
97 120
97 121
97 125
98 99
98 100
98 104
98 107
98 108
98 109
98 111
98 112
98 114
98 116
98 117
98 118
98 119
98 121
98 124
98 126
98 129
99 100
99 102
99 103
99 106
99 107
99 109
99 111
99 114
99 121
99 123
99 126
99 127
100 101
100 102
100 103
100 104
100 105
100 108
100 110
100 112
100 114
100 116
100 118
100 120
100 121
100 124
101 103
101 105
101 106
101 109
101 112
101 115
101 117
101 119
101 121
101 123
101 128
102 103
102 104
102 105
102 107
102 110
102 111
102 112
102 113
102 116
102 118
102 119
102 124
102 126
102 127
102 128
102 129
103 104
103 106
103 108
103 112
103 119
103 121
103 122
103 125
103 126
103 128
103 129
104 105
104 106
104 107
104 108
104 109
104 112
104 113
104 115
104 116
104 118
104 120
104 121
104 122
104 126
104 129
105 108
105 110
105 114
105 115
105 118
105 119
105 121
105 124
105 126
106 107
106 109
106 110
106 111
106 113
106 115
106 117
106 119
106 120
106 121
106 123
106 124
106 126
106 128
107 108
107 113
107 118
107 119
107 120
107 124
107 125
107 126
107 127
107 128
107 129
108 110
108 111
108 114
108 115
108 118
108 119
108 121
108 123
108 125
108 127
109 110
109 111
109 112
109 114
109 115
109 117
109 118
109 120
109 124
109 125
109 126
109 127
109 128
110 112
110 115
110 116
110 120
110 121
110 124
110 125
110 126
110 127
110 129
111 112
111 116
111 119
111 121
111 123
111 126
111 127
111 128
111 129
112 114
112 115
112 117
112 118
112 121
112 125
112 126
112 127
113 114
113 117
113 119
113 121
113 123
113 125
113 127
114 115
114 118
114 124
114 125
114 127
115 117
115 119
115 120
115 121
115 123
115 126
115 128
116 117
116 118
116 119
116 120
116 121
116 123
116 125
116 128
117 118
117 120
117 121
117 122
117 123
117 124
117 125
117 126
117 129
118 120
118 122
118 124
118 127
118 129
119 120
119 123
119 124
119 126
119 128
120 121
120 124
120 127
120 128
121 122
121 125
122 123
122 124
122 127
122 129
123 124
123 126
124 125
125 126
125 127
126 128
127 128
127 129
15 12 25 66 109 20 75 48 112 1 47 4 105 39 92 95 98 113 49 89 7 97 74 115 33 54 57 10 82 110 84 59
19 129 21 13 124 40 120 73 71 85 2 70 87 28 122 30 93 50 72 6 117 0 126 14 107 17 36 44 118 41 63 119
42 26 3 11 123 9 76 60 103 106 27 128 83 61 34 38 102 22 101 100 35 94 111 51 65 31 91 52 127 58 79 99
69 108 23 46 86 5 104 62 68 32 116 43 37 88 78 16 24 125 53 80 64 81 77 18 55 8 67 90 45 121 56 29
96 114
