140
1926
5
50.49
89.18
19.22
57.08
79.07
0 6
0 7
0 9
0 10
0 18
0 21
0 30
0 35
0 37
0 45
0 48
0 54
0 57
0 71
0 73
0 82
0 86
0 92
0 93
0 112
0 114
0 117
0 133
0 139
1 3
1 5
1 11
1 12
1 18
1 24
1 26
1 36
1 39
1 40
1 42
1 44
1 48
1 52
1 58
1 59
1 60
1 61
1 62
1 64
1 65
1 67
1 70
1 73
1 75
1 81
1 84
1 88
1 94
1 95
1 114
1 138
2 6
2 12
2 14
2 15
2 17
2 26
2 33
2 39
2 47
2 48
2 53
2 54
2 60
2 68
2 70
2 73
2 79
2 83
2 85
2 87
2 109
2 110
2 116
2 129
3 5
3 6
3 7
3 8
3 9
3 10
3 13
3 31
3 34
3 37
3 38
3 44
3 58
3 59
3 71
3 73
3 74
3 77
3 79
3 81
3 82
3 91
3 93
3 94
3 99
3 101
3 103
3 106
3 107
3 112
3 115
3 116
3 117
3 123
3 136
3 139
4 17
4 27
4 29
4 31
4 40
4 44
4 46
4 47
4 48
4 60
4 64
4 67
4 88
4 89
4 97
4 99
4 100
4 106
4 113
4 116
4 117
4 118
4 119
4 125
4 126
4 127
4 134
4 138
5 21
5 25
5 30
5 34
5 40
5 45
5 52
5 58
5 59
5 67
5 71
5 74
5 79
5 86
5 94
5 103
5 109
5 111
5 113
5 127
5 128
6 7
6 12
6 21
6 34
6 35
6 43
6 53
6 56
6 59
6 64
6 79
6 83
6 84
6 91
6 98
6 101
6 109
6 114
6 117
6 124
6 126
6 138
7 8
7 11
7 13
7 19
7 21
7 22
7 26
7 27
7 33
7 37
7 40
7 42
7 45
7 53
7 55
7 63
7 67
7 70
7 71
7 76
7 78
7 79
7 80
7 81
7 82
7 91
7 97
7 100
7 106
7 117
7 120
7 125
7 128
7 131
8 20
8 26
8 35
8 36
8 38
8 40
8 46
8 48
8 66
8 67
8 69
8 70
8 72
8 74
8 77
8 80
8 83
8 89
8 99
8 102
8 106
8 111
8 128
8 131
8 138
9 11
9 13
9 14
9 22
9 28
9 30
9 32
9 34
9 37
9 41
9 45
9 51
9 52
9 57
9 59
9 70
9 71
9 73
9 76
9 83
9 88
9 99
9 102
9 107
9 111
9 117
9 123
9 126
9 137
10 11
10 15
10 24
10 28
10 31
10 32
10 33
10 34
10 43
10 45
10 53
10 55
10 87
10 93
10 94
10 97
10 99
10 100
10 101
10 106
10 116
10 122
10 123
10 135
11 20
11 22
11 23
11 24
11 35
11 37
11 42
11 43
11 46
11 49
11 53
11 61
11 65
11 66
11 78
11 79
11 85
11 86
11 89
11 92
11 93
11 94
11 99
11 104
11 121
11 135
12 22
12 23
12 27
12 28
12 29
12 32
12 35
12 42
12 45
12 46
12 55
12 56
12 62
12 68
12 70
12 77
12 81
12 87
12 90
12 96
12 99
12 103
12 107
12 110
12 128
12 134
12 138
13 22
13 25
13 28
13 57
13 59
13 64
13 71
13 73
13 87
13 92
13 93
13 116
13 119
13 129
13 133
14 17
14 22
14 23
14 47
14 55
14 63
14 74
14 79
14 84
14 90
14 92
14 99
14 101
14 106
14 107
14 111
14 112
14 125
14 126
15 24
15 29
15 33
15 58
15 59
15 62
15 65
15 71
15 92
15 101
15 135
16 22
16 28
16 32
16 38
16 41
16 42
16 50
16 55
16 64
16 77
16 81
16 96
16 98
16 101
16 109
16 117
16 118
16 122
17 19
17 39
17 44
17 46
17 47
17 50
17 61
17 65
17 70
17 71
17 72
17 73
17 79
17 83
17 85
17 90
17 104
17 109
17 115
17 118
17 130
17 135
18 26
18 31
18 35
18 41
18 48
18 50
18 53
18 64
18 66
18 71
18 77
18 79
18 84
18 110
18 114
18 117
18 118
18 124
19 20
19 21
19 22
19 26
19 36
19 42
19 45
19 51
19 52
19 72
19 85
19 86
19 88
19 89
19 108
19 117
19 119
19 120
19 127
19 132
19 134
20 29
20 33
20 35
20 39
20 40
20 42
20 52
20 63
20 65
20 79
20 80
20 82
20 83
20 84
20 90
20 93
20 98
20 100
20 101
20 105
20 113
20 115
20 116
20 118
20 120
20 133
20 134
21 22
21 25
21 38
21 45
21 54
21 56
21 63
21 69
21 74
21 75
21 77
21 78
21 83
21 88
21 89
21 90
21 91
21 97
21 98
21 106
21 115
21 123
21 130
22 24
22 25
22 30
22 34
22 43
22 45
22 58
22 62
22 76
22 77
22 78
22 79
22 81
22 84
22 85
22 86
22 87
22 90
22 94
22 97
22 98
22 112
22 126
22 128
22 129
22 132
22 136
23 34
23 40
23 47
23 61
23 66
23 68
23 69
23 75
23 80
23 98
23 99
23 103
23 106
23 115
23 119
23 122
23 123
23 126
23 130
23 135
23 137
23 138
24 31
24 46
24 52
24 59
24 65
24 66
24 67
24 71
24 74
24 75
24 79
24 83
24 88
24 97
24 122
24 128
24 133
25 26
25 31
25 40
25 41
25 42
25 43
25 45
25 48
25 50
25 55
25 57
25 64
25 67
25 70
25 77
25 81
25 83
25 84
25 85
25 94
25 98
25 102
25 109
25 122
25 125
25 130
26 36
26 39
26 42
26 45
26 46
26 47
26 58
26 73
26 79
26 86
26 95
26 97
26 100
26 104
26 111
26 118
26 119
26 122
26 131
26 132
26 138
27 32
27 37
27 47
27 54
27 57
27 70
27 74
27 78
27 91
27 94
27 97
27 99
27 103
27 108
27 118
27 125
27 137
27 138
28 29
28 32
28 33
28 39
28 43
28 57
28 59
28 62
28 63
28 67
28 68
28 69
28 72
28 79
28 81
28 94
28 96
28 99
28 101
28 108
28 121
28 127
28 134
28 136
29 30
29 42
29 56
29 62
29 64
29 67
29 68
29 69
29 89
29 99
29 113
29 114
29 115
29 118
29 122
29 126
29 135
30 37
30 38
30 40
30 49
30 56
30 67
30 69
30 71
30 72
30 74
30 77
30 78
30 80
30 93
30 96
30 110
30 116
30 117
30 120
30 125
30 130
30 132
30 136
30 139
31 38
31 43
31 44
31 45
31 53
31 54
31 59
31 62
31 68
31 71
31 72
31 74
31 82
31 83
31 84
31 87
31 96
31 98
31 99
31 102
31 105
31 111
31 113
31 114
31 116
31 122
31 125
31 126
31 127
31 129
31 131
31 139
32 44
32 59
32 61
32 81
32 86
32 91
32 92
32 100
32 101
32 105
32 106
32 108
32 111
32 124
32 126
32 131
32 139
33 35
33 39
33 41
33 45
33 50
33 53
33 59
33 63
33 64
33 71
33 96
33 97
33 100
33 104
33 105
33 112
33 121
33 130
33 135
33 138
34 48
34 52
34 53
34 60
34 61
34 65
34 66
34 78
34 86
34 88
34 96
34 101
34 109
34 110
34 111
34 112
34 115
34 121
34 126
34 130
34 131
34 136
34 137
34 139
35 36
35 44
35 45
35 67
35 71
35 74
35 77
35 80
35 81
35 86
35 97
35 101
35 107
35 109
35 118
35 120
35 125
35 126
35 128
35 136
35 137
35 138
36 38
36 43
36 46
36 50
36 54
36 56
36 58
36 60
36 61
36 69
36 91
36 94
36 95
36 97
36 99
36 103
36 104
36 105
36 109
36 111
36 112
36 113
36 124
36 127
36 132
37 49
37 58
37 70
37 83
37 85
37 88
37 92
37 106
37 107
37 109
37 111
37 123
37 133
37 134
37 135
37 136
38 43
38 44
38 52
38 56
38 59
38 63
38 64
38 69
38 78
38 79
38 85
38 89
38 95
38 108
38 115
38 129
38 137
39 40
39 41
39 46
39 49
39 54
39 59
39 62
39 64
39 69
39 79
39 80
39 84
39 100
39 104
39 110
39 111
39 113
39 115
39 124
39 126
39 139
40 41
40 43
40 45
40 54
40 56
40 64
40 68
40 72
40 79
40 85
40 90
40 94
40 97
40 100
40 112
40 119
40 121
40 123
40 125
40 131
40 134
40 138
40 139
41 42
41 43
41 45
41 55
41 67
41 76
41 86
41 88
41 92
41 94
41 95
41 101
41 105
41 106
41 112
41 114
41 115
41 116
41 122
41 139
42 54
42 57
42 66
42 68
42 78
42 80
42 84
42 93
42 102
42 105
42 109
42 118
42 131
43 45
43 50
43 51
43 56
43 57
43 58
43 61
43 66
43 68
43 81
43 88
43 90
43 94
43 95
43 101
43 103
43 107
43 114
43 123
43 125
43 131
44 49
44 50
44 51
44 66
44 75
44 76
44 80
44 83
44 84
44 89
44 92
44 99
44 100
44 108
44 109
44 113
44 119
44 122
44 127
44 129
44 130
44 131
44 133
45 47
45 48
45 60
45 62
45 69
45 89
45 92
45 93
45 99
45 110
45 112
45 113
45 116
45 118
45 125
45 127
45 128
45 130
46 48
46 51
46 53
46 60
46 62
46 71
46 72
46 87
46 89
46 91
46 95
46 97
46 98
46 103
46 104
46 112
46 120
46 128
47 53
47 56
47 57
47 58
47 61
47 63
47 68
47 71
47 79
47 83
47 92
47 93
47 95
47 96
47 100
47 102
47 103
47 110
47 113
47 115
47 118
47 121
47 123
47 124
47 133
47 135
48 56
48 59
48 61
48 63
48 66
48 70
48 78
48 81
48 98
48 99
48 103
48 105
48 109
48 125
48 126
48 128
48 132
48 133
48 138
49 51
49 60
49 65
49 69
49 70
49 71
49 81
49 86
49 88
49 91
49 92
49 99
49 100
49 107
49 114
49 115
49 117
49 124
50 55
50 61
50 66
50 68
50 69
50 78
50 79
50 83
50 86
50 87
50 88
50 89
50 95
50 97
50 101
50 103
50 111
50 113
50 116
50 122
50 124
50 128
50 132
51 71
51 72
51 73
51 76
51 77
51 80
51 88
51 89
51 92
51 97
51 98
51 102
51 106
51 109
51 111
51 112
51 120
51 121
51 129
51 132
52 53
52 57
52 61
52 63
52 64
52 69
52 73
52 87
52 88
52 89
52 90
52 96
52 98
52 100
52 104
52 110
52 111
52 113
52 121
52 126
52 127
52 130
52 132
53 60
53 64
53 66
53 69
53 77
53 79
53 81
53 84
53 87
53 88
53 99
53 103
53 107
53 109
53 113
53 119
54 57
54 59
54 70
54 72
54 74
54 76
54 84
54 86
54 90
54 100
54 102
54 110
54 112
54 116
54 118
54 124
54 127
54 137
55 72
55 73
55 78
55 82
55 87
55 92
55 98
55 104
55 110
55 116
55 117
56 64
56 74
56 78
56 80
56 84
56 89
56 90
56 92
56 96
56 97
56 114
56 121
56 135
56 138
57 68
57 70
57 72
57 81
57 83
57 86
57 91
57 98
57 103
57 108
57 114
58 62
58 64
58 66
58 70
58 77
58 83
58 86
58 94
58 103
58 104
58 108
58 110
58 118
58 127
58 132
58 139
59 61
59 67
59 68
59 70
59 81
59 82
59 84
59 89
59 94
59 105
59 116
59 117
59 119
59 127
59 133
59 138
60 62
60 66
60 67
60 68
60 69
60 70
60 73
60 74
60 76
60 77
60 80
60 84
60 85
60 88
60 93
60 99
60 118
60 124
61 78
61 81
61 83
61 87
61 91
61 96
61 107
61 110
61 119
61 120
61 121
61 129
61 132
62 72
62 85
62 86
62 94
62 97
62 110
62 115
62 116
62 119
62 138
63 64
63 70
63 76
63 78
63 81
63 83
63 84
63 97
63 104
63 111
63 123
63 126
63 128
63 134
63 135
64 66
64 68
64 69
64 77
64 91
64 95
64 108
64 111
64 112
64 128
64 129
64 131
64 132
65 69
65 74
65 75
65 78
65 84
65 92
65 94
65 103
65 108
65 111
65 112
65 123
65 125
65 139
66 67
66 75
66 76
66 81
66 89
66 91
66 105
66 114
66 115
66 129
66 134
67 75
67 78
67 79
67 83
67 99
67 106
67 111
67 114
67 119
67 120
67 121
67 123
67 125
67 129
67 138
68 75
68 77
68 80
68 81
68 84
68 90
68 94
68 95
68 102
68 104
68 109
68 122
68 124
68 126
69 71
69 80
69 84
69 86
69 93
69 97
69 103
69 107
69 108
69 109
69 110
69 112
69 116
69 122
69 129
69 131
69 132
69 137
70 73
70 87
70 93
70 97
70 101
70 102
70 108
70 113
70 118
70 120
70 123
70 129
70 130
70 131
70 134
71 72
71 80
71 82
71 83
71 84
71 90
71 95
71 103
71 112
71 116
72 75
72 76
72 78
72 79
72 80
72 84
72 87
72 93
72 96
72 100
72 101
72 103
72 104
72 106
72 111
72 116
72 117
72 121
72 132
72 137
72 139
73 80
73 81
73 85
73 88
73 97
73 123
73 134
74 78
74 80
74 83
74 86
74 96
74 98
74 102
74 103
74 105
74 109
74 118
74 124
74 127
74 128
74 138
75 76
75 80
75 81
75 86
75 90
75 120
75 123
75 131
75 132
75 133
75 134
76 80
76 82
76 83
76 84
76 92
76 98
76 120
76 131
76 132
76 139
77 78
77 80
77 87
77 88
77 91
77 92
77 99
77 103
77 104
77 121
77 122
77 125
77 126
77 129
77 132
78 84
78 91
78 98
78 99
78 117
78 119
78 136
79 83
79 85
79 91
79 95
79 96
79 110
79 114
79 122
79 124
79 138
80 86
80 93
80 95
80 97
80 100
80 101
80 103
80 106
80 115
80 116
80 122
80 125
80 130
80 131
81 84
81 93
81 95
81 105
81 107
81 109
81 113
81 114
81 115
81 116
81 121
81 122
81 124
81 127
81 130
81 131
81 138
82 83
82 85
82 87
82 90
82 91
82 92
82 93
82 104
82 108
82 109
82 110
82 112
82 113
82 117
82 123
82 124
82 127
82 131
82 134
82 136
83 93
83 97
83 103
83 126
83 129
83 135
83 138
84 86
84 87
84 92
84 94
84 95
84 109
84 122
84 130
84 131
84 137
85 90
85 95
85 100
85 101
85 105
85 111
85 114
85 126
85 132
86 87
86 92
86 94
86 95
86 97
86 102
86 105
86 109
86 127
86 129
86 134
86 138
87 89
87 94
87 97
87 98
87 108
87 116
87 118
87 119
87 124
87 127
87 131
87 139
88 92
88 107
88 110
88 114
88 120
88 128
88 132
88 136
88 139
89 90
89 94
89 95
89 112
89 121
89 122
89 129
89 139
90 96
90 97
90 115
90 117
90 129
90 130
90 131
90 135
90 136
90 137
90 138
91 93
91 95
91 101
91 102
91 119
91 122
91 126
91 134
91 136
92 105
92 111
92 113
92 123
92 127
92 128
92 134
92 136
93 97
93 99
93 103
93 104
93 110
93 115
93 123
93 128
93 129
93 133
93 138
94 99
94 102
94 112
94 125
94 133
94 135
95 96
95 103
95 106
95 109
95 115
95 116
95 123
95 127
95 128
95 129
95 130
95 133
95 134
96 98
96 104
96 107
96 113
96 117
96 118
96 120
96 127
96 133
96 135
96 136
97 98
97 100
97 109
97 112
97 123
97 130
97 131
97 134
97 135
98 100
98 108
98 127
98 135
99 103
99 106
99 107
99 114
99 119
99 127
99 130
99 133
99 134
99 135
99 138
100 101
100 102
100 119
100 131
100 134
101 105
101 106
101 110
101 116
101 117
101 118
101 120
101 122
101 132
101 134
101 136
102 104
102 109
102 111
102 112
102 115
102 120
102 130
102 134
103 104
103 113
103 121
103 129
103 133
103 138
104 105
104 110
104 114
104 126
104 127
104 132
104 133
104 139
105 106
105 113
105 114
105 121
105 132
106 109
106 110
106 117
106 125
106 128
107 108
107 113
107 117
107 118
107 121
107 129
108 111
108 112
108 117
108 119
108 121
108 125
108 133
108 136
108 138
109 110
109 114
109 115
109 117
109 120
109 128
109 130
109 131
109 139
110 111
110 116
110 124
110 135
111 115
111 121
111 125
111 128
111 131
111 135
111 138
112 113
112 125
112 128
112 134
113 114
113 115
113 116
113 118
113 123
113 130
113 136
113 139
114 116
114 123
114 127
114 130
114 139
115 127
115 128
115 130
115 134
115 135
115 139
116 120
116 122
116 124
116 125
116 134
116 136
117 118
117 119
117 120
117 123
117 124
117 126
117 127
117 129
117 130
118 123
118 124
118 126
118 130
118 132
118 138
119 120
119 132
119 134
120 123
120 126
120 127
120 128
120 129
120 133
120 135
121 129
122 124
122 128
122 129
123 131
123 133
123 134
123 139
124 129
125 130
125 132
125 136
126 129
126 131
126 137
127 133
127 136
127 138
128 131
128 135
128 137
128 139
129 130
130 131
130 134
130 135
131 133
132 135
133 138
134 139
135 138
135 139
138 139
103 122 53 85 91 123 114 27 41 104 40 86 50 73 58 139 75 60 34 115 87 77 109 14 105 119 138 8
126 54 11 102 100 118 43 66 42 16 56 137 3 128 62 78 29 72 92 26 59 117 69 95 46 125 25 19
110 49 99 61 20 131 18 70 108 76 32 45 89 68 71 22 15 93 63 44 4 5 28 97 80 2 90 135
79 55 39 111 13 81 0 52 65 7 31 74 106 57 124 24 136 82 30 84 134 127 12 47 48 120 23 133
21 35 121 129 38 113 88 36 132 9 6 51 10 94 17 116 107 37 1 101 96 83 67 98 33 130 64 112
