150
3317
7
76.75
33.78
38.25
80.93
6.98
66.81
76.51
0 2
0 13
0 17
0 18
0 20
0 21
0 33
0 34
0 39
0 42
0 43
0 53
0 55
0 65
0 67
0 69
0 72
0 75
0 76
0 78
0 80
0 93
0 96
0 100
0 105
0 110
0 113
0 116
0 118
0 130
0 134
0 136
0 138
0 140
0 143
0 147
1 2
1 3
1 12
1 13
1 16
1 18
1 21
1 28
1 30
1 38
1 40
1 45
1 50
1 53
1 57
1 61
1 64
1 67
1 73
1 74
1 75
1 77
1 82
1 87
1 89
1 94
1 95
1 100
1 101
1 104
1 105
1 107
1 108
1 112
1 115
1 117
1 118
1 123
1 124
1 127
1 131
1 133
1 135
1 138
1 139
1 149
2 4
2 9
2 15
2 23
2 24
2 26
2 27
2 30
2 37
2 46
2 54
2 56
2 58
2 61
2 62
2 63
2 66
2 70
2 72
2 73
2 74
2 79
2 82
2 86
2 89
2 95
2 101
2 102
2 103
2 107
2 108
2 113
2 121
2 128
2 129
2 130
2 136
2 139
2 141
3 4
3 6
3 14
3 27
3 32
3 33
3 35
3 42
3 45
3 47
3 49
3 57
3 64
3 65
3 72
3 75
3 92
3 96
3 99
3 100
3 103
3 104
3 106
3 115
3 116
3 119
3 120
3 126
3 130
3 133
3 135
3 140
3 143
4 7
4 12
4 15
4 18
4 24
4 25
4 30
4 34
4 35
4 40
4 42
4 45
4 49
4 51
4 59
4 60
4 66
4 67
4 70
4 73
4 74
4 81
4 82
4 85
4 86
4 90
4 98
4 99
4 102
4 107
4 114
4 116
4 119
4 128
4 131
4 132
4 139
4 148
4 149
5 6
5 9
5 10
5 15
5 16
5 18
5 20
5 22
5 23
5 24
5 27
5 35
5 37
5 39
5 42
5 43
5 44
5 46
5 50
5 61
5 62
5 74
5 76
5 77
5 79
5 80
5 82
5 83
5 84
5 87
5 90
5 92
5 93
5 95
5 97
5 98
5 101
5 105
5 111
5 117
5 118
5 122
5 124
5 126
5 129
5 133
5 134
5 135
5 141
5 146
5 147
6 9
6 12
6 14
6 22
6 23
6 24
6 32
6 33
6 35
6 36
6 37
6 38
6 39
6 45
6 49
6 51
6 64
6 65
6 70
6 71
6 73
6 78
6 79
6 82
6 87
6 90
6 93
6 96
6 97
6 101
6 120
6 121
6 123
6 126
6 129
6 131
6 135
6 139
6 142
6 143
6 148
7 12
7 17
7 21
7 26
7 29
7 33
7 34
7 35
7 36
7 43
7 45
7 49
7 54
7 55
7 59
7 60
7 64
7 67
7 70
7 73
7 74
7 75
7 81
7 84
7 86
7 88
7 89
7 90
7 93
7 100
7 103
7 106
7 112
7 114
7 116
7 117
7 118
7 120
7 123
7 125
7 128
7 132
7 136
7 137
7 141
7 142
7 149
8 12
8 16
8 18
8 24
8 29
8 33
8 37
8 40
8 45
8 50
8 53
8 58
8 66
8 67
8 68
8 76
8 80
8 83
8 90
8 92
8 102
8 104
8 107
8 111
8 116
8 126
8 128
8 140
8 141
8 146
9 10
9 11
9 15
9 16
9 22
9 24
9 25
9 26
9 27
9 32
9 34
9 38
9 48
9 50
9 60
9 61
9 64
9 66
9 67
9 72
9 74
9 79
9 80
9 84
9 85
9 89
9 90
9 95
9 97
9 98
9 99
9 100
9 104
9 107
9 110
9 112
9 113
9 114
9 120
9 123
9 124
9 125
9 126
9 127
9 132
9 140
9 142
10 16
10 17
10 24
10 30
10 31
10 32
10 42
10 43
10 46
10 47
10 48
10 51
10 52
10 54
10 55
10 56
10 57
10 58
10 59
10 62
10 68
10 69
10 71
10 74
10 75
10 77
10 79
10 84
10 89
10 91
10 99
10 101
10 110
10 113
10 117
10 120
10 124
10 125
10 126
10 127
10 131
10 134
10 138
10 140
10 141
10 143
10 145
11 13
11 14
11 21
11 29
11 30
11 33
11 38
11 39
11 50
11 51
11 54
11 57
11 59
11 62
11 69
11 78
11 80
11 81
11 82
11 84
11 86
11 87
11 89
11 93
11 96
11 98
11 100
11 101
11 103
11 114
11 115
11 118
11 127
11 129
11 131
11 134
11 147
11 148
12 14
12 18
12 19
12 20
12 25
12 26
12 29
12 30
12 40
12 44
12 46
12 54
12 55
12 64
12 68
12 69
12 71
12 73
12 75
12 77
12 81
12 83
12 84
12 90
12 93
12 94
12 99
12 109
12 110
12 113
12 118
12 119
12 122
12 128
12 130
12 138
12 140
12 141
12 144
12 148
13 14
13 17
13 21
13 22
13 24
13 28
13 33
13 36
13 38
13 41
13 47
13 48
13 50
13 54
13 60
13 61
13 63
13 65
13 66
13 67
13 68
13 69
13 70
13 74
13 75
13 76
13 77
13 79
13 83
13 84
13 85
13 93
13 94
13 103
13 104
13 106
13 107
13 110
13 111
13 112
13 113
13 114
13 119
13 123
13 125
13 129
13 130
13 132
13 134
13 137
13 138
13 141
13 144
14 19
14 20
14 25
14 26
14 27
14 29
14 35
14 47
14 48
14 50
14 54
14 68
14 70
14 74
14 75
14 76
14 82
14 83
14 84
14 85
14 86
14 93
14 100
14 106
14 109
14 110
14 111
14 113
14 115
14 116
14 117
14 119
14 126
14 134
14 135
14 139
14 141
14 144
14 147
14 148
14 149
15 16
15 17
15 18
15 21
15 25
15 27
15 31
15 39
15 49
15 52
15 53
15 54
15 60
15 61
15 63
15 72
15 79
15 83
15 94
15 96
15 98
15 103
15 106
15 107
15 109
15 110
15 115
15 117
15 124
15 126
15 135
15 138
15 145
15 147
16 17
16 23
16 28
16 36
16 38
16 49
16 50
16 54
16 57
16 58
16 62
16 66
16 68
16 70
16 73
16 86
16 87
16 89
16 90
16 91
16 93
16 99
16 100
16 104
16 105
16 114
16 115
16 116
16 119
16 125
16 127
16 138
16 139
16 141
16 142
16 149
17 18
17 21
17 23
17 25
17 26
17 30
17 31
17 33
17 34
17 36
17 38
17 41
17 43
17 49
17 57
17 68
17 76
17 78
17 80
17 88
17 92
17 94
17 100
17 101
17 103
17 104
17 105
17 110
17 113
17 114
17 116
17 118
17 123
17 125
17 127
17 128
17 129
17 139
17 140
17 146
17 149
18 32
18 35
18 37
18 41
18 50
18 59
18 69
18 71
18 81
18 83
18 84
18 86
18 87
18 88
18 89
18 95
18 98
18 101
18 102
18 104
18 106
18 109
18 113
18 114
18 121
18 126
18 136
18 138
18 140
18 142
18 144
18 146
19 21
19 23
19 24
19 25
19 28
19 30
19 31
19 33
19 36
19 38
19 40
19 41
19 43
19 44
19 48
19 51
19 52
19 54
19 71
19 79
19 80
19 81
19 98
19 100
19 107
19 108
19 112
19 123
19 124
19 130
19 131
19 135
19 137
19 138
19 141
19 144
19 145
19 146
20 21
20 23
20 28
20 29
20 31
20 32
20 34
20 35
20 36
20 40
20 42
20 47
20 54
20 63
20 70
20 73
20 75
20 77
20 78
20 85
20 87
20 92
20 95
20 99
20 100
20 108
20 111
20 113
20 115
20 118
20 119
20 123
20 126
20 131
20 134
20 137
20 141
20 142
20 144
20 145
20 149
21 22
21 23
21 32
21 38
21 39
21 49
21 51
21 53
21 54
21 55
21 56
21 61
21 64
21 65
21 72
21 73
21 74
21 80
21 95
21 96
21 97
21 114
21 117
21 122
21 127
21 131
21 133
21 134
21 140
21 141
21 142
21 147
22 30
22 31
22 33
22 34
22 42
22 48
22 53
22 56
22 58
22 61
22 63
22 66
22 69
22 77
22 82
22 84
22 90
22 91
22 98
22 99
22 100
22 108
22 115
22 116
22 117
22 127
22 130
22 133
22 139
22 141
22 144
22 147
22 149
23 44
23 48
23 49
23 54
23 58
23 59
23 62
23 63
23 66
23 68
23 69
23 70
23 75
23 77
23 78
23 80
23 81
23 84
23 97
23 98
23 104
23 106
23 109
23 111
23 114
23 116
23 118
23 119
23 120
23 121
23 123
23 125
23 128
23 141
23 148
24 29
24 31
24 34
24 45
24 49
24 52
24 61
24 64
24 68
24 69
24 72
24 79
24 84
24 85
24 86
24 87
24 88
24 89
24 91
24 93
24 94
24 95
24 99
24 100
24 101
24 102
24 112
24 113
24 122
24 123
24 125
24 126
24 129
24 132
24 133
24 135
24 138
24 143
24 149
25 26
25 27
25 36
25 41
25 44
25 45
25 47
25 48
25 50
25 52
25 57
25 60
25 63
25 69
25 70
25 77
25 79
25 82
25 87
25 89
25 90
25 91
25 94
25 96
25 99
25 112
25 115
25 119
25 120
25 122
25 123
25 125
25 126
25 131
25 134
25 136
25 137
25 141
25 143
25 144
25 148
26 29
26 31
26 32
26 39
26 47
26 48
26 55
26 62
26 64
26 68
26 70
26 71
26 74
26 76
26 79
26 80
26 82
26 86
26 90
26 93
26 94
26 95
26 96
26 99
26 100
26 102
26 103
26 104
26 107
26 110
26 112
26 114
26 120
26 125
26 128
26 137
26 140
26 143
26 144
26 146
26 147
27 29
27 30
27 35
27 37
27 38
27 40
27 41
27 43
27 47
27 52
27 60
27 62
27 65
27 68
27 75
27 76
27 77
27 78
27 83
27 85
27 94
27 100
27 111
27 114
27 116
27 118
27 120
27 121
27 128
27 129
27 134
27 135
27 141
27 144
27 147
27 149
28 34
28 36
28 37
28 39
28 41
28 49
28 55
28 56
28 58
28 60
28 68
28 90
28 93
28 95
28 96
28 102
28 103
28 104
28 109
28 110
28 111
28 113
28 114
28 116
28 117
28 122
28 131
28 133
28 135
28 136
28 138
28 142
29 32
29 36
29 43
29 45
29 49
29 53
29 57
29 62
29 67
29 71
29 72
29 75
29 83
29 85
29 88
29 93
29 94
29 95
29 100
29 105
29 108
29 109
29 110
29 112
29 119
29 121
29 122
29 129
29 139
30 34
30 35
30 36
30 38
30 39
30 43
30 44
30 47
30 56
30 66
30 68
30 71
30 86
30 87
30 89
30 90
30 96
30 101
30 112
30 117
30 121
30 124
30 126
30 128
30 130
30 132
30 134
30 137
30 138
30 139
30 140
30 142
30 146
30 147
31 32
31 33
31 37
31 39
31 43
31 47
31 50
31 56
31 59
31 62
31 71
31 74
31 75
31 78
31 81
31 83
31 85
31 86
31 94
31 95
31 97
31 99
31 104
31 105
31 111
31 116
31 125
31 131
31 135
31 136
31 137
31 141
31 142
31 144
31 145
32 34
32 37
32 38
32 39
32 41
32 42
32 43
32 48
32 49
32 53
32 56
32 59
32 68
32 70
32 72
32 74
32 84
32 89
32 92
32 94
32 95
32 96
32 98
32 103
32 104
32 105
32 110
32 112
32 113
32 121
32 122
32 126
32 129
32 130
32 135
32 136
32 145
32 146
33 34
33 36
33 41
33 49
33 50
33 54
33 55
33 60
33 62
33 71
33 72
33 74
33 81
33 83
33 87
33 92
33 94
33 95
33 96
33 101
33 104
33 105
33 108
33 110
33 113
33 120
33 125
33 126
33 127
33 133
33 138
33 142
33 145
34 54
34 57
34 58
34 60
34 61
34 64
34 69
34 74
34 75
34 78
34 79
34 81
34 83
34 88
34 89
34 91
34 92
34 99
34 100
34 104
34 106
34 111
34 112
34 113
34 115
34 117
34 121
34 123
34 127
34 128
34 133
34 134
34 135
34 137
34 139
34 142
34 146
35 36
35 37
35 41
35 43
35 44
35 45
35 47
35 52
35 61
35 62
35 63
35 64
35 69
35 73
35 78
35 79
35 80
35 82
35 83
35 87
35 89
35 93
35 94
35 98
35 109
35 110
35 111
35 113
35 117
35 123
35 125
35 132
35 134
35 135
35 143
35 145
35 149
36 38
36 40
36 53
36 56
36 59
36 67
36 74
36 75
36 78
36 87
36 90
36 93
36 96
36 97
36 103
36 105
36 107
36 109
36 110
36 123
36 124
36 125
36 128
36 129
36 133
36 134
36 135
36 136
36 138
36 143
36 146
36 147
37 40
37 42
37 48
37 49
37 58
37 59
37 60
37 61
37 64
37 65
37 73
37 81
37 82
37 83
37 88
37 93
37 95
37 99
37 100
37 101
37 102
37 110
37 112
37 113
37 120
37 121
37 123
37 127
37 132
37 133
37 135
37 137
37 139
37 140
37 141
37 145
37 148
37 149
38 39
38 41
38 43
38 48
38 52
38 59
38 62
38 65
38 73
38 74
38 81
38 83
38 93
38 100
38 103
38 106
38 110
38 114
38 120
38 121
38 125
38 127
38 128
38 130
38 133
38 134
38 142
38 146
38 149
39 40
39 42
39 44
39 49
39 54
39 58
39 60
39 62
39 64
39 65
39 67
39 68
39 69
39 70
39 72
39 75
39 79
39 86
39 97
39 98
39 101
39 102
39 104
39 108
39 111
39 113
39 114
39 116
39 117
39 121
39 122
39 124
39 128
39 129
39 131
39 135
39 140
39 145
39 146
39 149
40 42
40 43
40 49
40 50
40 54
40 56
40 57
40 58
40 70
40 77
40 79
40 87
40 93
40 95
40 99
40 100
40 101
40 103
40 108
40 109
40 112
40 113
40 116
40 117
40 122
40 125
40 126
40 128
40 144
40 146
40 149
41 46
41 50
41 52
41 54
41 55
41 58
41 61
41 64
41 65
41 69
41 70
41 74
41 75
41 79
41 80
41 81
41 82
41 88
41 90
41 91
41 92
41 93
41 94
41 96
41 97
41 100
41 103
41 106
41 111
41 112
41 114
41 120
41 127
41 128
41 130
41 132
41 134
41 139
41 145
41 147
42 50
42 51
42 52
42 53
42 55
42 59
42 60
42 67
42 69
42 73
42 76
42 78
42 93
42 94
42 105
42 106
42 114
42 117
42 118
42 123
42 125
42 127
42 133
42 135
42 136
42 139
42 140
42 144
43 44
43 46
43 47
43 50
43 58
43 61
43 63
43 67
43 70
43 74
43 75
43 77
43 78
43 82
43 83
43 84
43 85
43 87
43 89
43 91
43 94
43 95
43 97
43 99
43 103
43 104
43 105
43 110
43 111
43 114
43 115
43 118
43 119
43 120
43 123
43 124
43 132
43 136
43 138
43 139
43 144
43 145
43 149
44 46
44 57
44 58
44 59
44 60
44 68
44 72
44 86
44 95
44 97
44 105
44 112
44 113
44 114
44 117
44 119
44 120
44 121
44 129
44 132
44 136
44 138
44 140
44 142
44 147
44 148
45 48
45 49
45 52
45 54
45 55
45 59
45 64
45 66
45 69
45 73
45 76
45 77
45 78
45 86
45 87
45 88
45 89
45 92
45 94
45 96
45 103
45 106
45 109
45 112
45 126
45 127
45 130
45 135
45 141
45 145
45 146
45 147
46 50
46 64
46 66
46 68
46 71
46 73
46 79
46 82
46 87
46 90
46 92
46 93
46 99
46 103
46 105
46 113
46 115
46 119
46 122
46 123
46 124
46 126
46 128
46 131
46 137
46 140
46 142
46 143
46 145
46 146
47 50
47 51
47 58
47 60
47 64
47 67
47 70
47 72
47 79
47 80
47 81
47 85
47 86
47 87
47 89
47 95
47 96
47 100
47 101
47 102
47 106
47 107
47 119
47 120
47 121
47 122
47 130
47 132
47 135
47 136
47 137
47 144
47 148
48 50
48 54
48 56
48 60
48 61
48 62
48 63
48 67
48 70
48 81
48 84
48 93
48 95
48 98
48 99
48 102
48 104
48 112
48 118
48 120
48 128
48 130
48 136
48 141
48 142
48 143
48 146
48 148
49 50
49 51
49 52
49 55
49 56
49 58
49 61
49 67
49 75
49 76
49 79
49 84
49 89
49 91
49 93
49 94
49 95
49 96
49 98
49 100
49 102
49 110
49 111
49 115
49 116
49 117
49 125
49 127
49 129
49 130
49 133
49 134
49 137
49 138
49 146
49 148
50 54
50 56
50 57
50 59
50 64
50 65
50 66
50 68
50 71
50 73
50 77
50 83
50 84
50 90
50 93
50 94
50 95
50 99
50 105
50 107
50 114
50 118
50 119
50 124
50 125
50 126
50 131
50 133
50 136
50 137
50 138
50 140
50 141
50 144
51 52
51 53
51 54
51 56
51 63
51 68
51 70
51 71
51 79
51 80
51 82
51 86
51 87
51 91
51 93
51 94
51 96
51 103
51 109
51 111
51 113
51 117
51 122
51 123
51 126
51 127
51 131
51 132
51 137
51 140
51 146
51 149
52 53
52 58
52 62
52 66
52 68
52 69
52 73
52 76
52 77
52 85
52 87
52 88
52 89
52 90
52 91
52 94
52 95
52 102
52 108
52 113
52 116
52 124
52 129
52 130
52 134
52 135
52 137
52 146
53 56
53 59
53 60
53 65
53 67
53 69
53 70
53 79
53 80
53 92
53 93
53 94
53 97
53 98
53 103
53 104
53 107
53 111
53 118
53 121
53 131
53 134
53 136
54 59
54 64
54 67
54 68
54 71
54 74
54 78
54 79
54 81
54 84
54 86
54 97
54 99
54 109
54 113
54 114
54 116
54 119
54 123
54 124
54 125
54 129
54 135
54 137
54 140
54 142
54 146
54 149
55 57
55 58
55 68
55 71
55 85
55 88
55 93
55 94
55 95
55 96
55 103
55 109
55 117
55 120
55 127
55 132
55 134
55 135
55 146
55 147
55 148
56 58
56 59
56 61
56 62
56 66
56 70
56 72
56 73
56 74
56 82
56 84
56 85
56 90
56 91
56 94
56 96
56 99
56 100
56 103
56 104
56 106
56 107
56 115
56 117
56 121
56 124
56 127
56 128
56 131
56 134
56 135
56 137
56 142
56 145
56 146
57 59
57 68
57 77
57 78
57 79
57 87
57 91
57 97
57 102
57 108
57 110
57 111
57 118
57 119
57 127
57 135
57 137
57 144
57 147
58 60
58 63
58 68
58 74
58 75
58 76
58 82
58 85
58 86
58 88
58 91
58 94
58 95
58 100
58 103
58 110
58 121
58 122
58 123
58 124
58 127
58 130
58 132
58 142
58 145
59 60
59 64
59 68
59 70
59 71
59 72
59 78
59 79
59 81
59 86
59 93
59 97
59 101
59 106
59 107
59 108
59 111
59 117
59 118
59 120
59 122
59 126
59 127
59 128
59 129
59 130
59 133
59 134
59 137
59 139
59 142
59 145
59 147
60 61
60 62
60 65
60 68
60 71
60 83
60 84
60 87
60 88
60 89
60 90
60 92
60 93
60 94
60 97
60 104
60 107
60 109
60 110
60 112
60 115
60 130
60 142
60 144
60 146
61 62
61 63
61 76
61 77
61 79
61 80
61 88
61 92
61 93
61 94
61 97
61 101
61 102
61 103
61 105
61 112
61 114
61 115
61 118
61 119
61 122
61 124
61 126
61 129
61 136
61 139
61 140
61 141
62 65
62 71
62 73
62 77
62 83
62 88
62 94
62 95
62 97
62 99
62 100
62 102
62 103
62 106
62 109
62 113
62 117
62 118
62 119
62 124
62 126
62 127
62 129
62 130
62 137
62 138
62 141
63 66
63 73
63 76
63 77
63 78
63 88
63 91
63 93
63 98
63 99
63 100
63 102
63 107
63 122
63 130
63 132
63 133
63 136
63 141
64 65
64 69
64 70
64 72
64 73
64 76
64 79
64 83
64 88
64 91
64 94
64 99
64 100
64 103
64 107
64 110
64 114
64 118
64 119
64 121
64 125
64 126
64 128
64 129
64 132
64 139
64 146
64 147
65 71
65 76
65 77
65 81
65 84
65 88
65 89
65 90
65 91
65 93
65 99
65 101
65 103
65 111
65 121
65 122
65 132
65 135
65 139
65 142
66 67
66 68
66 69
66 70
66 74
66 75
66 76
66 81
66 87
66 91
66 96
66 97
66 100
66 109
66 117
66 119
66 122
66 123
66 125
66 129
66 130
66 131
66 134
66 141
66 142
67 82
67 86
67 87
67 90
67 92
67 93
67 95
67 96
67 98
67 99
67 103
67 105
67 107
67 114
67 115
67 120
67 122
67 124
67 129
67 130
67 131
67 132
67 133
67 136
67 138
67 143
67 146
68 70
68 72
68 76
68 80
68 83
68 84
68 92
68 94
68 100
68 101
68 102
68 103
68 104
68 105
68 111
68 114
68 115
68 117
68 121
68 125
68 128
68 131
68 132
68 139
68 145
68 149
69 70
69 76
69 79
69 81
69 85
69 87
69 91
69 93
69 95
69 97
69 105
69 109
69 110
69 114
69 118
69 120
69 121
69 131
69 133
69 135
69 137
69 139
69 140
69 141
69 145
69 146
69 147
70 75
70 78
70 79
70 82
70 85
70 88
70 91
70 93
70 96
70 97
70 98
70 99
70 101
70 105
70 110
70 111
70 113
70 115
70 117
70 119
70 121
70 124
70 135
70 136
70 138
70 139
70 140
70 142
70 146
71 75
71 81
71 82
71 83
71 89
71 94
71 95
71 105
71 107
71 109
71 116
71 117
71 119
71 124
71 132
71 134
71 139
71 143
71 144
71 149
72 74
72 77
72 80
72 85
72 89
72 90
72 95
72 96
72 99
72 107
72 110
72 111
72 113
72 116
72 121
72 124
72 127
72 129
72 131
72 133
72 136
72 137
72 140
72 145
73 76
73 78
73 80
73 85
73 92
73 94
73 103
73 106
73 108
73 109
73 112
73 113
73 115
73 121
73 129
73 130
73 134
73 138
73 145
73 146
74 75
74 79
74 84
74 87
74 88
74 89
74 92
74 93
74 97
74 98
74 99
74 100
74 105
74 108
74 116
74 120
74 123
74 125
74 128
74 130
74 133
74 134
74 141
74 142
75 80
75 86
75 87
75 88
75 94
75 103
75 108
75 109
75 111
75 117
75 119
75 123
75 124
75 142
75 147
76 77
76 82
76 96
76 98
76 100
76 105
76 106
76 107
76 110
76 111
76 114
76 117
76 123
76 127
76 128
76 130
76 131
76 132
76 134
76 144
76 148
77 78
77 85
77 100
77 102
77 106
77 107
77 115
77 116
77 118
77 123
77 126
77 127
77 129
77 132
77 135
77 139
77 140
77 141
77 143
77 144
77 147
77 148
78 79
78 81
78 84
78 94
78 95
78 96
78 97
78 99
78 102
78 103
78 106
78 109
78 111
78 119
78 123
78 127
78 128
78 131
78 133
78 135
78 136
78 141
78 148
79 80
79 84
79 87
79 94
79 96
79 98
79 101
79 106
79 109
79 115
79 120
79 125
79 137
79 146
79 149
80 82
80 83
80 88
80 91
80 94
80 96
80 99
80 102
80 105
80 106
80 107
80 110
80 115
80 116
80 120
80 121
80 122
80 125
80 127
80 128
80 129
80 132
80 134
80 142
80 147
81 86
81 87
81 90
81 94
81 95
81 106
81 113
81 116
81 120
81 124
81 126
81 129
81 132
81 133
81 134
81 139
81 140
81 141
81 147
82 88
82 89
82 92
82 100
82 103
82 104
82 105
82 113
82 114
82 115
82 121
82 130
82 137
82 139
82 145
82 146
82 148
82 149
83 88
83 91
83 92
83 95
83 100
83 110
83 116
83 118
83 119
83 120
83 121
83 122
83 123
83 124
83 128
83 131
83 132
83 133
83 137
83 141
83 142
83 143
83 144
84 85
84 94
84 97
84 98
84 100
84 107
84 118
84 120
84 122
84 124
84 126
84 133
84 140
84 143
85 88
85 90
85 93
85 97
85 98
85 102
85 103
85 110
85 113
85 114
85 124
85 125
85 128
85 136
85 137
85 141
85 142
86 87
86 94
86 96
86 98
86 102
86 103
86 104
86 114
86 117
86 129
86 132
86 136
86 138
86 143
86 145
87 91
87 93
87 97
87 100
87 102
87 106
87 109
87 114
87 118
87 119
87 126
87 132
87 134
87 138
87 141
87 145
87 147
88 92
88 97
88 98
88 99
88 100
88 102
88 107
88 109
88 110
88 112
88 116
88 119
88 120
88 122
88 128
88 129
88 131
88 133
88 136
88 137
88 138
88 139
88 141
88 145
88 147
88 148
89 91
89 96
89 99
89 100
89 104
89 106
89 112
89 118
89 127
89 129
89 131
89 135
89 136
89 139
89 142
89 144
89 149
90 94
90 95
90 97
90 101
90 104
90 106
90 111
90 113
90 114
90 115
90 120
90 125
90 127
90 131
90 132
90 134
90 136
90 137
90 140
90 143
90 145
90 148
91 94
91 97
91 98
91 102
91 105
91 106
91 108
91 110
91 118
91 119
91 126
91 128
91 129
91 131
91 133
91 136
91 137
91 144
91 145
91 146
91 149
92 93
92 104
92 105
92 109
92 110
92 111
92 112
92 115
92 117
92 120
92 122
92 125
92 126
92 127
92 129
92 131
92 133
92 135
92 138
92 142
92 143
92 145
93 94
93 96
93 98
93 99
93 101
93 102
93 105
93 107
93 108
93 109
93 112
93 118
93 123
93 138
93 145
93 149
94 95
94 98
94 99
94 103
94 104
94 107
94 110
94 111
94 117
94 119
94 123
94 124
94 126
94 127
94 129
94 135
94 137
94 141
94 142
94 147
94 149
95 107
95 108
95 110
95 111
95 112
95 113
95 120
95 121
95 127
95 135
95 137
95 140
95 142
95 144
96 100
96 103
96 106
96 107
96 121
96 122
96 124
96 129
96 131
96 132
96 134
96 136
96 139
96 143
96 148
96 149
97 101
97 102
97 110
97 111
97 115
97 116
97 122
97 123
97 124
97 126
97 127
97 128
97 137
97 138
97 139
97 142
98 100
98 102
98 105
98 106
98 107
98 108
98 109
98 112
98 120
98 121
98 135
98 142
98 145
98 149
99 102
99 109
99 116
99 117
99 121
99 122
99 124
99 125
99 126
99 133
99 136
99 138
99 142
99 145
99 147
99 149
100 104
100 105
100 107
100 113
100 120
100 121
100 129
100 130
100 134
100 138
100 139
100 147
101 104
101 115
101 126
101 127
101 130
101 131
101 137
101 142
101 144
101 146
101 147
101 148
101 149
102 103
102 106
102 109
102 111
102 112
102 115
102 117
102 123
102 128
102 139
102 141
102 142
102 145
102 146
102 149
103 104
103 108
103 112
103 114
103 115
103 118
103 124
103 129
103 133
103 136
103 143
103 146
103 148
104 110
104 111
104 120
104 121
104 130
104 138
104 141
104 142
104 143
104 144
104 146
105 116
105 119
105 126
105 131
105 133
105 148
106 107
106 109
106 114
106 115
106 116
106 120
106 122
106 123
106 125
106 128
106 131
106 139
106 145
106 147
107 108
107 109
107 112
107 113
107 115
107 118
107 123
107 124
107 135
107 142
107 147
108 110
108 112
108 116
108 117
108 127
108 129
108 133
108 134
108 137
108 139
108 140
108 148
109 112
109 118
109 120
109 122
109 130
109 131
109 135
109 136
109 137
109 139
109 141
109 145
110 113
110 114
110 116
110 119
110 121
110 125
110 127
110 133
110 138
110 139
110 140
110 142
110 144
110 146
110 147
110 148
110 149
111 112
111 116
111 117
111 126
111 128
111 133
111 134
111 135
111 138
111 142
111 144
111 147
111 148
112 113
112 116
112 119
112 127
112 129
112 132
112 139
112 141
112 143
112 144
112 146
112 147
113 114
113 115
113 117
113 118
113 119
113 125
113 131
113 133
113 136
113 137
113 138
113 140
113 146
114 118
114 120
114 126
114 135
114 140
114 143
114 145
114 147
115 117
115 118
115 121
115 122
115 123
115 127
115 128
115 129
115 130
115 135
115 136
115 137
115 142
116 118
116 122
116 137
116 138
116 140
116 142
116 148
117 120
117 122
117 125
117 126
117 127
117 131
117 140
117 146
117 147
117 148
118 120
118 124
118 126
118 137
118 139
118 142
118 145
118 147
119 120
119 128
119 134
119 140
119 142
120 122
120 124
120 127
120 130
120 133
120 137
120 144
120 145
120 146
120 147
120 149
121 122
121 129
121 130
121 135
121 136
121 138
121 139
121 140
121 142
121 143
121 146
122 125
122 128
122 132
122 133
122 140
122 144
122 146
123 124
123 126
123 130
123 133
123 134
123 136
123 139
123 142
123 143
123 145
123 149
124 125
124 133
124 135
124 136
124 139
124 143
124 149
125 128
125 130
125 132
125 135
125 138
125 145
125 146
125 147
125 149
126 127
126 130
126 134
126 141
126 147
126 149
127 134
127 137
127 140
127 145
128 129
128 133
128 138
128 144
128 145
128 147
128 148
128 149
129 136
129 144
130 134
130 138
130 143
131 132
131 133
131 136
131 138
131 140
131 142
131 144
131 149
132 134
132 135
132 139
132 140
132 143
132 145
132 146
132 148
133 137
133 138
133 139
133 141
133 143
133 144
133 149
134 135
134 139
135 138
135 141
135 142
135 143
135 147
135 149
136 137
136 143
136 147
136 149
137 139
137 140
137 147
137 148
137 149
138 149
139 141
139 145
139 146
140 144
141 143
141 145
142 147
142 149
143 146
143 147
145 147
146 149
15 114 50 42 123 149 8 37 5 46 47 1 29 21 93 72 110 90 129 26 130 32
34 109 58 20 17 41 124 99 142 118 49 112 56 22 45 12 64 43 116 27 52 30
108 79 115 139 61 63 122 83 71 40 88 89 144 87 111 138 76 73 98 148 95 131
117 132 19 96 55 24 9 25 140 104 54 85 128 11 97 10 107 38 59 62 143 75
120 35 16 81 137 106 51 74 53 82 69 84 86 135 100 119 13 136 33 113 7 4
6 3 102 23 18 78 103 57 101 145 68 77 2 94 141 36 31 146 91 39 44 28
133 67 127 0 105 134 121 147 70 125 92 66 65 126 60 14 48 80
