110
2406
7
44.23
85.43
62.4
16.46
24.91
61.16
91.76
0 2
0 9
0 16
0 17
0 22
0 23
0 24
0 25
0 32
0 33
0 35
0 38
0 39
0 46
0 47
0 49
0 51
0 52
0 53
0 54
0 55
0 56
0 57
0 58
0 60
0 61
0 62
0 63
0 66
0 67
0 69
0 70
0 72
0 73
0 78
0 79
0 80
0 83
0 84
0 85
0 87
0 88
0 91
0 96
0 98
0 99
0 100
0 101
0 102
0 103
0 105
0 107
1 3
1 4
1 6
1 13
1 15
1 16
1 19
1 31
1 35
1 43
1 49
1 51
1 52
1 53
1 54
1 55
1 57
1 60
1 63
1 64
1 66
1 67
1 70
1 71
1 73
1 79
1 86
1 89
1 91
1 92
1 93
1 99
1 101
1 102
1 103
1 104
1 108
1 109
2 3
2 8
2 19
2 20
2 23
2 25
2 26
2 29
2 32
2 37
2 40
2 42
2 48
2 49
2 54
2 55
2 56
2 58
2 59
2 63
2 64
2 65
2 66
2 67
2 75
2 78
2 83
2 88
2 92
2 93
2 98
2 99
2 100
2 101
2 102
2 103
2 106
2 109
3 8
3 10
3 11
3 15
3 16
3 21
3 23
3 25
3 28
3 30
3 31
3 43
3 44
3 45
3 49
3 50
3 51
3 52
3 54
3 64
3 68
3 72
3 74
3 81
3 82
3 86
3 87
3 91
3 93
3 94
3 95
3 100
3 102
3 104
3 106
4 5
4 9
4 10
4 14
4 16
4 17
4 24
4 28
4 29
4 33
4 35
4 36
4 40
4 41
4 43
4 46
4 55
4 57
4 61
4 62
4 68
4 71
4 77
4 78
4 79
4 82
4 83
4 84
4 90
4 94
4 97
4 98
4 99
4 102
4 105
4 109
5 6
5 8
5 12
5 13
5 14
5 15
5 16
5 20
5 23
5 24
5 25
5 34
5 43
5 44
5 49
5 51
5 53
5 57
5 58
5 59
5 63
5 66
5 67
5 69
5 70
5 73
5 75
5 77
5 78
5 80
5 81
5 82
5 84
5 85
5 87
5 88
5 89
5 90
5 93
5 94
5 99
5 107
5 108
5 109
6 8
6 10
6 12
6 17
6 21
6 26
6 27
6 31
6 34
6 35
6 38
6 40
6 41
6 42
6 43
6 47
6 50
6 53
6 54
6 57
6 58
6 59
6 64
6 69
6 70
6 73
6 76
6 80
6 81
6 82
6 85
6 87
6 88
6 92
6 93
6 102
6 105
6 106
6 107
6 108
6 109
7 9
7 10
7 12
7 14
7 15
7 16
7 19
7 25
7 29
7 31
7 33
7 35
7 43
7 46
7 53
7 54
7 55
7 57
7 58
7 59
7 60
7 61
7 63
7 66
7 69
7 71
7 82
7 83
7 84
7 94
7 100
7 103
7 104
7 105
7 109
8 9
8 12
8 15
8 24
8 25
8 30
8 34
8 36
8 38
8 41
8 45
8 47
8 49
8 58
8 62
8 63
8 68
8 72
8 76
8 77
8 79
8 82
8 83
8 85
8 86
8 87
8 90
8 91
8 93
8 95
8 102
8 104
8 107
9 11
9 15
9 18
9 21
9 25
9 26
9 29
9 35
9 37
9 38
9 44
9 48
9 50
9 59
9 64
9 65
9 66
9 68
9 70
9 71
9 73
9 74
9 75
9 81
9 82
9 83
9 84
9 86
9 89
9 92
9 93
9 94
9 96
9 97
9 98
9 100
9 104
9 106
9 109
10 12
10 14
10 17
10 18
10 19
10 21
10 22
10 29
10 31
10 33
10 37
10 38
10 39
10 41
10 42
10 46
10 48
10 50
10 58
10 60
10 61
10 62
10 63
10 64
10 65
10 66
10 67
10 68
10 70
10 71
10 73
10 77
10 78
10 79
10 83
10 84
10 85
10 87
10 92
10 93
10 95
10 96
10 97
10 100
10 102
10 104
10 105
10 106
10 107
10 108
10 109
11 15
11 21
11 23
11 26
11 27
11 28
11 29
11 30
11 32
11 33
11 37
11 41
11 42
11 43
11 46
11 49
11 51
11 52
11 57
11 61
11 62
11 63
11 65
11 67
11 68
11 72
11 75
11 78
11 79
11 84
11 88
11 89
11 90
11 91
11 97
11 98
11 103
11 104
11 106
11 107
12 17
12 18
12 19
12 23
12 24
12 26
12 29
12 32
12 34
12 35
12 37
12 39
12 45
12 47
12 48
12 50
12 51
12 54
12 56
12 57
12 59
12 60
12 63
12 64
12 65
12 66
12 68
12 69
12 74
12 77
12 79
12 80
12 85
12 87
12 92
12 93
12 94
12 95
12 98
12 100
12 101
12 106
12 109
13 14
13 19
13 23
13 26
13 27
13 28
13 29
13 32
13 33
13 42
13 43
13 44
13 45
13 48
13 49
13 50
13 51
13 52
13 55
13 59
13 60
13 61
13 65
13 71
13 72
13 76
13 77
13 78
13 79
13 81
13 82
13 84
13 88
13 89
13 92
13 94
13 97
13 100
13 104
13 108
14 15
14 17
14 19
14 21
14 22
14 23
14 28
14 31
14 35
14 38
14 40
14 41
14 50
14 56
14 57
14 61
14 62
14 64
14 65
14 71
14 72
14 73
14 74
14 77
14 80
14 82
14 86
14 88
14 91
14 93
14 94
14 99
14 101
14 102
14 103
14 104
14 106
15 16
15 17
15 22
15 23
15 26
15 27
15 28
15 32
15 43
15 46
15 48
15 50
15 54
15 56
15 57
15 58
15 67
15 68
15 80
15 82
15 84
15 87
15 88
15 91
15 94
15 96
15 99
15 102
15 105
15 107
15 108
15 109
16 21
16 25
16 28
16 29
16 31
16 32
16 34
16 35
16 38
16 41
16 42
16 44
16 45
16 46
16 48
16 58
16 59
16 65
16 67
16 68
16 69
16 72
16 77
16 78
16 85
16 88
16 89
16 90
16 92
16 96
16 99
16 100
16 105
16 107
17 21
17 26
17 27
17 30
17 31
17 34
17 39
17 43
17 45
17 46
17 47
17 48
17 50
17 52
17 53
17 58
17 60
17 64
17 65
17 68
17 69
17 70
17 75
17 76
17 78
17 79
17 81
17 83
17 84
17 88
17 94
17 98
17 99
17 100
17 101
17 102
17 103
17 104
17 107
17 108
18 20
18 22
18 25
18 26
18 31
18 33
18 34
18 38
18 39
18 40
18 46
18 47
18 49
18 50
18 52
18 56
18 57
18 60
18 66
18 71
18 73
18 75
18 76
18 77
18 80
18 81
18 82
18 85
18 88
18 89
18 90
18 94
18 95
18 96
18 102
18 105
18 106
19 20
19 23
19 24
19 29
19 30
19 31
19 37
19 40
19 43
19 44
19 45
19 47
19 49
19 50
19 51
19 54
19 58
19 60
19 61
19 63
19 64
19 65
19 74
19 77
19 82
19 86
19 88
19 91
19 93
19 94
19 95
19 96
19 97
19 98
19 105
19 106
19 107
19 109
20 22
20 28
20 34
20 35
20 36
20 39
20 44
20 45
20 48
20 51
20 52
20 56
20 58
20 59
20 60
20 62
20 67
20 72
20 77
20 81
20 82
20 83
20 85
20 89
20 94
20 95
20 97
20 99
20 101
20 102
20 103
20 104
20 107
20 108
21 23
21 26
21 30
21 31
21 32
21 33
21 47
21 51
21 52
21 54
21 55
21 56
21 59
21 60
21 65
21 66
21 67
21 70
21 71
21 72
21 73
21 76
21 78
21 79
21 84
21 95
21 96
21 97
21 99
21 100
21 103
21 104
21 109
22 24
22 28
22 33
22 34
22 35
22 37
22 40
22 43
22 45
22 46
22 48
22 50
22 52
22 55
22 56
22 58
22 60
22 67
22 68
22 71
22 72
22 74
22 75
22 77
22 81
22 83
22 85
22 93
22 100
22 102
22 106
22 107
22 109
23 24
23 25
23 26
23 29
23 30
23 37
23 41
23 44
23 45
23 47
23 49
23 50
23 51
23 52
23 53
23 55
23 57
23 58
23 59
23 62
23 63
23 65
23 67
23 68
23 69
23 70
23 72
23 73
23 82
23 87
23 90
23 92
23 94
23 95
23 98
23 100
23 102
23 104
23 107
23 109
24 26
24 28
24 33
24 35
24 39
24 42
24 43
24 46
24 47
24 48
24 49
24 50
24 51
24 52
24 58
24 60
24 61
24 65
24 68
24 69
24 73
24 76
24 78
24 82
24 83
24 84
24 90
24 91
24 92
24 95
24 97
24 102
24 104
24 105
24 106
25 29
25 32
25 33
25 34
25 37
25 38
25 39
25 43
25 44
25 46
25 48
25 52
25 58
25 60
25 61
25 62
25 63
25 66
25 67
25 70
25 71
25 73
25 74
25 77
25 85
25 92
25 94
25 95
25 96
25 97
25 102
25 103
25 107
25 109
26 31
26 37
26 38
26 41
26 42
26 43
26 49
26 52
26 54
26 57
26 58
26 60
26 61
26 65
26 66
26 67
26 70
26 71
26 72
26 78
26 79
26 82
26 83
26 85
26 89
26 90
26 91
26 92
26 94
26 95
26 100
26 101
26 102
26 104
26 106
26 107
26 109
27 29
27 31
27 32
27 34
27 36
27 39
27 43
27 44
27 46
27 47
27 49
27 50
27 56
27 58
27 59
27 62
27 63
27 64
27 66
27 67
27 68
27 70
27 73
27 74
27 78
27 79
27 80
27 83
27 84
27 85
27 86
27 88
27 92
27 98
27 99
27 101
27 102
27 103
27 104
27 106
27 107
27 108
28 30
28 36
28 37
28 39
28 48
28 49
28 50
28 53
28 55
28 59
28 64
28 67
28 68
28 70
28 73
28 77
28 81
28 82
28 83
28 88
28 93
28 94
28 95
28 100
28 102
28 103
28 105
28 108
28 109
29 30
29 31
29 32
29 33
29 36
29 38
29 46
29 48
29 51
29 53
29 56
29 57
29 58
29 59
29 60
29 61
29 63
29 65
29 66
29 69
29 70
29 72
29 74
29 75
29 77
29 80
29 83
29 85
29 89
29 90
29 91
29 96
29 102
29 103
29 106
30 35
30 41
30 43
30 47
30 48
30 55
30 59
30 63
30 64
30 67
30 69
30 74
30 77
30 79
30 84
30 85
30 87
30 88
30 89
30 92
30 96
30 97
30 98
30 99
30 106
31 33
31 35
31 36
31 39
31 40
31 41
31 42
31 43
31 45
31 47
31 48
31 50
31 52
31 54
31 56
31 57
31 59
31 61
31 63
31 64
31 65
31 67
31 68
31 71
31 75
31 80
31 81
31 82
31 85
31 90
31 94
31 96
31 97
31 99
31 101
31 105
31 106
32 33
32 34
32 40
32 46
32 47
32 49
32 50
32 54
32 58
32 60
32 63
32 64
32 66
32 69
32 71
32 76
32 82
32 83
32 84
32 92
32 95
32 97
32 98
32 102
32 103
32 107
32 109
33 34
33 35
33 37
33 39
33 41
33 43
33 45
33 50
33 51
33 54
33 57
33 64
33 66
33 77
33 78
33 80
33 83
33 85
33 87
33 88
33 90
33 91
33 92
33 93
33 94
33 98
33 100
33 101
33 102
33 103
33 104
34 39
34 41
34 43
34 45
34 46
34 48
34 50
34 52
34 55
34 56
34 57
34 58
34 60
34 61
34 62
34 64
34 73
34 76
34 84
34 88
34 92
34 99
34 101
34 103
34 105
34 108
34 109
35 37
35 39
35 41
35 46
35 47
35 48
35 49
35 50
35 54
35 55
35 56
35 58
35 59
35 64
35 66
35 70
35 72
35 76
35 83
35 85
35 89
35 91
35 92
35 93
35 94
35 96
35 97
35 98
35 101
35 102
35 104
35 107
35 108
36 38
36 43
36 44
36 45
36 47
36 48
36 49
36 50
36 51
36 52
36 53
36 55
36 61
36 62
36 68
36 70
36 72
36 73
36 77
36 80
36 82
36 83
36 84
36 85
36 86
36 87
36 90
36 91
36 92
36 101
36 103
36 105
36 107
36 109
37 39
37 43
37 44
37 50
37 52
37 54
37 58
37 65
37 68
37 69
37 76
37 77
37 78
37 79
37 81
37 82
37 84
37 86
37 87
37 90
37 92
37 93
37 95
37 98
37 103
37 106
37 107
37 108
38 48
38 51
38 52
38 54
38 56
38 57
38 61
38 63
38 64
38 68
38 69
38 70
38 71
38 74
38 75
38 76
38 79
38 80
38 81
38 83
38 84
38 85
38 89
38 93
38 95
38 97
38 98
38 100
38 101
38 104
38 105
38 106
38 107
39 42
39 43
39 44
39 48
39 50
39 51
39 53
39 59
39 62
39 63
39 67
39 68
39 69
39 73
39 74
39 76
39 84
39 86
39 89
39 90
39 92
39 96
39 97
39 105
39 106
39 107
40 42
40 47
40 50
40 57
40 58
40 61
40 63
40 67
40 68
40 71
40 72
40 74
40 76
40 79
40 84
40 87
40 89
40 90
40 91
40 94
40 95
40 96
40 97
40 98
40 101
40 104
40 107
41 43
41 44
41 48
41 49
41 57
41 58
41 59
41 60
41 64
41 65
41 73
41 75
41 76
41 81
41 82
41 85
41 88
41 90
41 92
41 94
41 97
41 98
41 99
41 103
41 105
41 107
41 109
42 46
42 51
42 52
42 55
42 58
42 60
42 63
42 65
42 71
42 74
42 77
42 80
42 81
42 84
42 87
42 88
42 90
42 91
42 95
42 98
42 100
42 104
42 108
42 109
43 44
43 45
43 46
43 50
43 51
43 54
43 55
43 56
43 57
43 60
43 64
43 72
43 74
43 75
43 77
43 78
43 80
43 82
43 83
43 84
43 85
43 86
43 89
43 92
43 94
43 95
43 98
43 101
43 103
43 109
44 45
44 47
44 49
44 53
44 55
44 57
44 61
44 65
44 69
44 71
44 76
44 77
44 80
44 83
44 87
44 89
44 91
44 93
44 94
44 101
44 106
44 107
44 109
45 50
45 51
45 53
45 55
45 56
45 58
45 60
45 63
45 64
45 65
45 66
45 67
45 70
45 71
45 73
45 74
45 75
45 81
45 82
45 84
45 85
45 87
45 90
45 95
45 96
45 97
45 102
45 104
45 109
46 49
46 50
46 51
46 54
46 59
46 63
46 64
46 69
46 70
46 72
46 75
46 76
46 78
46 87
46 89
46 93
46 94
46 96
46 98
46 101
46 102
46 105
46 106
46 107
46 108
47 50
47 52
47 59
47 67
47 72
47 75
47 77
47 82
47 90
47 92
47 93
47 96
47 99
47 102
47 103
47 104
47 107
47 108
48 50
48 52
48 53
48 58
48 59
48 60
48 62
48 63
48 65
48 68
48 69
48 73
48 75
48 79
48 85
48 86
48 96
48 99
48 102
48 103
48 106
48 109
49 54
49 59
49 64
49 65
49 68
49 69
49 70
49 75
49 76
49 77
49 79
49 81
49 82
49 84
49 85
49 86
49 94
49 96
49 98
49 99
49 101
49 103
49 104
50 52
50 53
50 62
50 63
50 64
50 65
50 68
50 69
50 73
50 74
50 76
50 77
50 78
50 82
50 83
50 84
50 85
50 90
50 94
50 95
50 97
50 103
50 104
50 106
50 108
51 53
51 60
51 61
51 62
51 67
51 77
51 80
51 81
51 83
51 86
51 88
51 89
51 90
51 91
51 96
51 97
51 98
51 99
51 100
51 103
51 104
51 106
51 109
52 53
52 61
52 62
52 63
52 64
52 65
52 66
52 68
52 69
52 73
52 77
52 85
52 86
52 87
52 97
52 101
52 102
52 105
53 56
53 58
53 61
53 64
53 65
53 69
53 70
53 71
53 80
53 82
53 83
53 88
53 91
53 96
53 97
53 101
53 102
53 103
53 104
53 105
53 107
53 109
54 56
54 57
54 58
54 59
54 61
54 63
54 66
54 69
54 70
54 72
54 73
54 74
54 75
54 76
54 81
54 91
54 94
54 96
54 97
54 99
54 103
54 104
55 56
55 59
55 61
55 64
55 68
55 75
55 76
55 79
55 80
55 84
55 89
55 91
55 92
55 95
55 103
55 104
55 106
55 107
56 58
56 59
56 60
56 61
56 62
56 64
56 66
56 71
56 72
56 76
56 78
56 81
56 84
56 90
56 91
56 92
56 93
56 94
56 97
56 98
56 99
56 101
56 102
56 107
57 58
57 59
57 61
57 68
57 70
57 72
57 73
57 75
57 76
57 77
57 82
57 87
57 91
57 93
57 94
57 98
57 100
57 101
57 104
57 106
57 109
58 66
58 67
58 68
58 71
58 72
58 75
58 76
58 78
58 83
58 85
58 86
58 88
58 89
58 92
58 94
58 95
58 97
58 98
58 100
58 103
58 104
58 109
59 60
59 62
59 64
59 65
59 66
59 68
59 69
59 71
59 72
59 73
59 74
59 75
59 76
59 79
59 83
59 84
59 85
59 90
59 92
59 93
59 94
59 97
59 98
59 101
59 104
59 105
59 108
59 109
60 61
60 63
60 65
60 67
60 68
60 70
60 71
60 73
60 76
60 77
60 78
60 84
60 85
60 88
60 92
60 95
60 98
60 101
60 104
60 108
60 109
61 62
61 64
61 70
61 74
61 76
61 80
61 82
61 83
61 85
61 87
61 92
61 97
61 101
61 103
61 104
62 69
62 70
62 71
62 75
62 76
62 80
62 83
62 84
62 85
62 86
62 87
62 89
62 91
62 92
62 93
62 96
62 100
62 102
62 103
62 104
63 65
63 66
63 68
63 69
63 73
63 79
63 81
63 85
63 87
63 89
63 92
63 97
63 99
63 100
63 104
63 106
64 66
64 67
64 69
64 71
64 72
64 73
64 78
64 79
64 84
64 86
64 87
64 94
64 96
64 102
64 103
64 104
65 66
65 67
65 68
65 69
65 70
65 71
65 73
65 80
65 81
65 82
65 83
65 89
65 92
65 95
65 104
65 107
65 108
66 67
66 68
66 69
66 72
66 73
66 77
66 78
66 80
66 85
66 87
66 92
66 93
66 95
66 97
66 98
66 101
66 103
66 104
66 105
66 106
66 107
67 69
67 70
67 71
67 72
67 73
67 75
67 78
67 82
67 84
67 86
67 90
67 92
67 93
67 96
67 97
67 99
67 100
67 101
67 104
67 108
68 69
68 70
68 71
68 73
68 74
68 75
68 76
68 78
68 82
68 84
68 85
68 86
68 94
68 95
68 99
68 102
68 103
68 104
68 106
69 71
69 72
69 76
69 79
69 81
69 85
69 87
69 88
69 89
69 91
69 96
69 98
69 99
69 100
69 102
69 105
70 73
70 76
70 77
70 78
70 80
70 82
70 83
70 89
70 92
70 93
70 94
70 95
70 97
70 99
70 100
70 102
70 104
70 105
70 108
71 72
71 78
71 79
71 81
71 82
71 86
71 88
71 89
71 92
71 95
71 98
71 99
71 103
71 106
71 107
72 73
72 74
72 76
72 80
72 90
72 91
72 94
72 96
72 97
72 104
72 105
72 106
72 107
72 109
73 78
73 79
73 81
73 85
73 86
73 87
73 89
73 93
73 101
73 104
73 105
73 106
74 75
74 76
74 77
74 78
74 80
74 82
74 83
74 84
74 88
74 90
74 94
74 96
74 97
74 99
74 102
74 105
74 107
74 109
75 76
75 78
75 80
75 83
75 84
75 86
75 89
75 90
75 95
75 96
75 98
75 100
75 101
75 103
75 104
75 105
75 106
75 108
75 109
76 77
76 78
76 79
76 83
76 84
76 85
76 88
76 89
76 93
76 95
76 97
76 100
76 104
76 106
76 109
77 80
77 87
77 94
77 98
77 100
77 101
77 102
77 104
77 105
78 80
78 81
78 82
78 84
78 86
78 89
78 91
78 94
78 95
78 96
78 97
78 100
78 105
78 109
79 80
79 84
79 85
79 89
79 92
79 94
79 106
79 107
79 108
80 82
80 83
80 88
80 89
80 93
80 95
80 98
80 104
80 106
80 108
81 82
81 83
81 84
81 86
81 87
81 90
81 91
81 93
81 96
81 101
81 102
81 103
81 104
81 107
81 108
82 84
82 86
82 87
82 89
82 93
82 94
82 96
82 99
82 103
82 104
82 106
82 107
82 108
83 86
83 87
83 90
83 93
83 96
83 97
83 103
84 89
84 90
84 91
84 94
84 100
84 104
84 107
85 91
85 92
85 96
85 101
85 102
85 105
85 109
86 87
86 88
86 93
86 94
86 95
86 96
86 97
86 104
86 106
86 107
86 109
87 89
87 91
87 94
87 97
87 101
87 102
87 103
87 104
87 106
87 107
88 90
88 94
88 95
88 99
88 106
88 107
89 95
89 96
89 98
89 101
89 103
89 106
90 91
90 97
90 99
90 101
90 102
90 103
90 105
91 93
91 95
91 96
91 97
91 101
91 104
91 105
91 106
91 107
91 109
92 93
92 99
92 107
92 108
93 94
93 95
93 96
93 97
93 99
93 100
93 103
93 104
93 105
93 106
93 108
94 99
94 102
94 104
94 106
94 109
95 96
95 97
95 98
95 102
95 103
95 104
95 108
96 97
96 98
96 99
96 101
96 104
96 107
97 100
97 101
97 102
97 103
97 108
97 109
98 100
98 101
98 104
98 106
98 108
98 109
99 100
99 103
99 104
99 105
99 107
99 109
100 101
100 104
100 108
101 107
102 103
102 105
102 108
103 107
104 105
104 108
105 106
106 108
107 109
108 109
40 31 15 28 72 2 38 103 18 9 79 76 84 25 88 101
41 91 87 86 20 89 71 42 58 106 12 5 44 16 61 94
100 49 80 109 108 92 62 13 82 30 37 27 55 56 73 48
7 10 47 19 70 77 74 22 67 1 104 57 95 54 51 23
102 26 85 24 4 46 45 83 59 50 65 64 96 32 75 107
68 63 81 33 60 69 11 93 99 39 43 35 98 21 78 66
90 14 6 8 36 0 29 34 97 53 17 105 3 52
