180
1601
10
17.73
42.99
79.48
59.83
62.62
39.31
5.67
30.49
27.28
20.29
0 1
0 7
0 13
0 16
0 27
0 28
0 37
0 38
0 52
0 59
0 67
0 77
0 92
0 98
0 111
0 115
0 118
0 154
0 160
0 170
0 175
0 178
1 5
1 10
1 13
1 24
1 37
1 51
1 69
1 74
1 82
1 91
1 92
1 93
1 97
1 115
1 124
1 129
1 136
1 141
1 154
1 163
1 179
2 18
2 32
2 40
2 62
2 64
2 84
2 85
2 94
2 102
2 116
2 124
2 143
2 150
2 151
2 153
2 161
2 165
2 167
2 179
3 6
3 21
3 23
3 29
3 34
3 35
3 44
3 47
3 55
3 59
3 85
3 89
3 128
3 129
3 137
3 152
3 170
3 172
3 176
4 15
4 23
4 42
4 54
4 93
4 99
4 102
4 111
4 113
4 114
4 128
4 147
4 178
5 19
5 25
5 30
5 42
5 59
5 62
5 72
5 73
5 75
5 76
5 82
5 91
5 108
5 135
5 141
5 143
5 147
5 175
5 178
6 25
6 31
6 36
6 37
6 51
6 59
6 61
6 74
6 78
6 92
6 99
6 105
6 114
6 134
6 140
6 149
6 150
6 162
6 169
6 171
6 172
6 177
6 178
7 16
7 41
7 44
7 54
7 55
7 60
7 66
7 69
7 71
7 91
7 104
7 117
7 119
7 129
7 148
7 166
8 16
8 21
8 27
8 33
8 38
8 59
8 60
8 71
8 87
8 88
8 89
8 100
8 101
8 109
8 110
8 121
8 123
8 128
8 143
8 153
8 157
9 17
9 25
9 27
9 31
9 35
9 42
9 46
9 57
9 88
9 101
9 103
9 139
9 146
9 150
9 154
9 173
10 35
10 51
10 67
10 71
10 72
10 95
10 107
10 114
10 137
10 152
10 155
10 157
10 158
10 160
10 175
11 18
11 51
11 56
11 60
11 64
11 70
11 75
11 77
11 94
11 116
11 117
11 118
11 119
11 138
11 178
12 18
12 20
12 28
12 47
12 51
12 64
12 70
12 77
12 81
12 97
12 107
12 125
12 140
12 143
12 145
12 150
12 154
12 164
13 32
13 44
13 57
13 59
13 61
13 64
13 65
13 80
13 106
13 107
13 111
13 115
13 138
13 165
13 169
14 17
14 30
14 31
14 45
14 55
14 69
14 98
14 133
14 142
14 147
14 161
14 167
14 169
15 22
15 26
15 79
15 82
15 97
15 104
15 118
15 121
15 122
15 125
15 126
15 135
15 157
15 168
15 178
16 32
16 55
16 63
16 66
16 76
16 79
16 81
16 88
16 104
16 109
16 124
16 154
16 156
16 166
16 170
17 27
17 38
17 43
17 54
17 63
17 64
17 66
17 83
17 144
17 179
18 21
18 35
18 47
18 51
18 56
18 60
18 79
18 81
18 94
18 96
18 102
18 104
18 115
18 129
18 149
18 155
18 165
19 36
19 47
19 49
19 53
19 55
19 56
19 74
19 76
19 93
19 112
19 136
19 137
19 144
19 149
19 173
20 22
20 31
20 42
20 67
20 76
20 80
20 89
20 116
20 124
20 131
21 34
21 36
21 86
21 100
21 102
21 105
21 110
21 117
21 124
21 134
21 139
21 141
21 144
21 156
22 24
22 27
22 32
22 34
22 40
22 64
22 69
22 94
22 95
22 109
22 121
22 130
22 145
22 151
22 155
22 169
23 39
23 46
23 47
23 60
23 63
23 73
23 81
23 94
23 96
23 98
23 108
23 119
23 135
23 141
23 142
23 157
23 158
23 163
23 165
23 173
23 177
24 31
24 42
24 54
24 63
24 64
24 66
24 78
24 85
24 92
24 93
24 106
24 109
24 119
24 145
24 150
24 167
25 26
25 30
25 35
25 49
25 85
25 93
25 113
25 116
25 136
25 156
25 165
25 168
26 35
26 55
26 58
26 61
26 64
26 76
26 80
26 108
26 128
26 134
26 155
26 161
26 174
27 29
27 32
27 41
27 49
27 50
27 56
27 66
27 79
27 83
27 86
27 88
27 89
27 99
27 101
27 109
27 117
27 119
27 121
27 122
27 126
27 141
27 143
27 151
27 155
27 157
28 33
28 39
28 57
28 58
28 69
28 70
28 76
28 81
28 84
28 89
28 101
28 165
29 33
29 35
29 38
29 45
29 52
29 90
29 95
29 97
29 99
29 100
29 102
29 112
29 113
29 132
29 135
29 143
29 144
29 145
29 166
29 170
29 172
29 174
29 179
30 44
30 53
30 57
30 61
30 63
30 79
30 100
30 109
30 111
30 113
30 122
30 126
30 136
30 146
30 149
30 151
30 164
30 168
30 174
31 39
31 44
31 66
31 68
31 75
31 76
31 81
31 106
31 108
31 110
31 123
31 145
31 147
31 151
31 153
31 156
31 178
32 38
32 40
32 51
32 78
32 80
32 84
32 93
32 99
32 109
32 121
32 133
32 136
32 139
32 140
32 162
32 165
33 37
33 72
33 81
33 93
33 108
33 110
33 117
33 128
33 131
33 136
33 139
33 140
33 142
33 147
33 148
33 154
33 168
33 176
34 40
34 41
34 47
34 60
34 67
34 78
34 80
34 115
34 123
34 132
34 138
34 144
34 147
34 156
34 163
34 172
34 175
34 176
35 55
35 67
35 69
35 81
35 114
35 125
35 137
35 144
35 148
35 158
35 163
35 164
35 177
36 48
36 61
36 77
36 82
36 86
36 93
36 108
36 117
36 132
36 133
36 150
36 168
36 170
36 172
37 41
37 60
37 65
37 70
37 90
37 104
37 112
37 131
37 145
37 150
37 154
37 156
37 165
37 171
38 41
38 50
38 52
38 62
38 63
38 66
38 67
38 70
38 77
38 78
38 87
38 92
38 101
38 111
38 118
38 136
38 137
38 143
38 145
38 147
38 148
38 150
38 165
39 40
39 61
39 64
39 67
39 73
39 75
39 90
39 99
39 104
39 146
39 155
39 157
39 161
39 179
40 42
40 46
40 47
40 53
40 62
40 64
40 66
40 81
40 99
40 106
40 123
40 131
40 138
40 154
40 170
40 173
40 177
40 178
41 56
41 71
41 72
41 75
41 78
41 88
41 107
41 121
41 130
41 138
41 147
41 159
41 175
42 50
42 55
42 61
42 63
42 68
42 70
42 77
42 103
42 117
42 118
42 126
42 156
43 48
43 49
43 53
43 68
43 80
43 84
43 86
43 89
43 104
43 109
43 110
43 124
43 127
43 128
43 129
43 142
43 161
43 175
44 50
44 69
44 80
44 125
44 127
44 137
45 50
45 58
45 63
45 80
45 86
45 90
45 92
45 96
45 97
45 107
45 117
45 122
45 135
45 138
45 152
45 155
46 65
46 66
46 72
46 77
46 90
46 96
46 99
46 105
46 123
46 133
46 137
46 150
46 159
46 166
46 169
47 49
47 73
47 82
47 92
47 112
47 121
47 125
47 138
47 157
47 164
47 167
48 51
48 54
48 55
48 60
48 102
48 134
48 150
48 155
48 158
48 159
48 160
49 58
49 61
49 75
49 84
49 89
49 95
49 96
49 97
49 104
49 105
49 110
49 111
49 122
49 130
49 139
49 149
49 151
49 167
50 53
50 59
50 69
50 70
50 81
50 93
50 103
50 108
50 123
50 124
50 126
50 128
50 135
50 146
50 148
50 153
50 163
50 167
50 178
51 61
51 65
51 69
51 77
51 81
51 82
51 109
51 113
51 117
51 127
51 130
51 133
51 138
51 159
51 177
52 58
52 59
52 72
52 74
52 89
52 91
52 98
52 103
52 107
52 108
52 115
52 141
52 152
52 178
53 54
53 59
53 70
53 105
53 124
53 128
53 162
53 170
53 176
54 61
54 67
54 85
54 89
54 109
54 123
54 138
54 153
54 173
55 63
55 69
55 89
55 103
55 107
55 119
55 136
55 145
55 148
55 155
55 169
55 178
56 57
56 61
56 79
56 90
56 98
56 101
56 102
56 113
56 121
56 128
56 138
56 146
56 149
56 158
56 160
56 172
57 71
57 76
57 79
57 106
57 115
57 119
57 121
57 132
57 140
57 152
57 174
58 70
58 78
58 79
58 82
58 86
58 94
58 112
58 118
58 133
58 140
58 148
58 149
58 159
58 172
58 173
59 61
59 66
59 67
59 85
59 100
59 114
59 116
59 125
59 135
59 171
59 175
59 176
60 66
60 68
60 72
60 84
60 98
60 127
60 146
60 151
60 160
61 90
61 95
61 99
61 105
61 109
61 114
61 117
61 141
61 147
61 160
61 165
61 169
62 66
62 77
62 88
62 98
62 99
62 112
62 117
62 123
62 128
62 130
62 133
62 136
62 148
62 157
62 159
62 161
63 64
63 73
63 104
63 135
63 153
63 157
63 159
63 170
63 175
64 85
64 88
64 92
64 96
64 103
64 110
64 116
64 119
64 122
64 135
64 143
64 155
64 156
64 163
64 172
65 70
65 99
65 117
65 125
65 147
65 153
65 162
65 168
66 102
66 108
66 124
66 127
66 137
66 173
67 74
67 95
67 105
67 113
67 120
67 127
67 133
67 134
67 159
67 165
67 169
68 78
68 92
68 112
68 134
68 142
68 158
68 160
68 164
68 165
68 172
69 72
69 74
69 79
69 83
69 89
69 95
69 112
69 114
69 127
69 135
69 145
69 147
69 149
69 174
69 175
69 177
70 101
70 109
70 113
70 114
70 119
70 120
70 127
70 131
71 95
71 114
71 129
71 132
71 135
71 152
72 80
72 89
72 97
72 103
72 125
72 128
72 132
72 145
72 151
72 163
72 165
72 179
73 82
73 95
73 108
73 131
73 132
73 160
74 90
74 103
74 108
74 137
74 142
74 144
74 150
74 171
74 175
75 78
75 80
75 90
75 95
75 99
75 107
75 127
75 142
75 171
75 174
75 175
76 78
76 86
76 97
76 98
76 102
76 108
76 110
76 113
76 118
76 125
76 128
76 129
76 131
76 135
76 140
76 154
76 165
76 179
77 83
77 85
77 101
77 140
77 146
77 154
77 173
78 82
78 91
78 93
78 98
78 110
78 115
78 124
78 131
78 140
78 153
78 154
78 179
79 81
79 93
79 155
79 160
79 162
79 175
80 87
80 111
80 114
80 135
80 142
81 86
81 104
81 116
81 142
81 143
81 145
81 155
81 164
81 165
81 174
82 92
82 95
82 101
82 134
82 174
83 104
83 130
83 132
83 138
83 145
83 152
83 156
83 179
84 99
84 111
84 114
84 116
84 117
84 169
84 172
85 95
85 100
85 103
85 116
85 144
85 145
85 148
85 151
85 152
86 100
86 107
86 110
86 118
86 124
86 132
86 147
86 166
87 112
87 135
87 147
87 151
87 163
87 170
88 96
88 102
88 105
88 130
88 141
88 146
88 152
88 154
88 157
88 176
89 90
89 91
89 98
89 103
89 107
89 123
89 135
89 145
89 150
89 174
89 176
89 178
90 98
90 102
90 113
90 119
90 125
90 130
90 139
90 148
90 162
91 114
91 116
91 134
91 143
91 151
91 179
92 96
92 100
92 104
92 117
92 134
92 135
92 146
92 159
93 96
93 105
93 137
93 150
93 153
93 154
93 170
93 174
93 179
94 98
94 106
94 116
94 118
94 119
94 126
94 145
94 154
94 164
94 166
94 175
95 103
95 107
95 132
95 150
95 152
95 162
96 128
96 138
96 142
96 147
96 154
96 176
97 117
97 121
97 124
97 131
97 162
97 176
98 112
98 115
98 116
98 122
98 129
98 137
98 148
98 166
98 173
98 176
99 101
99 105
99 124
99 153
99 159
99 166
99 171
100 103
100 107
100 117
100 129
100 138
100 150
100 152
100 160
100 164
100 174
101 154
101 163
102 118
102 131
102 135
102 152
102 153
102 158
102 163
102 170
102 174
102 175
103 110
103 123
103 127
103 128
103 136
103 144
103 150
103 161
103 162
103 177
104 116
104 137
104 138
104 141
104 143
104 146
104 169
104 174
104 179
105 107
105 128
105 146
105 153
105 159
105 172
106 108
106 119
106 137
106 144
106 151
106 152
106 158
106 161
106 171
107 108
107 136
107 139
107 150
108 125
108 129
108 141
108 145
108 151
108 161
108 162
108 171
108 175
109 113
109 116
109 117
109 135
109 152
109 157
109 158
109 161
109 172
110 122
110 139
110 162
110 167
111 125
111 128
111 156
111 159
111 160
111 166
111 177
112 118
112 121
112 150
112 160
113 116
113 155
113 156
113 168
114 122
114 161
114 163
114 179
115 116
115 131
115 136
115 146
115 148
115 149
115 152
115 154
115 160
116 121
116 141
116 152
116 155
116 171
116 174
116 178
117 135
117 149
118 136
118 140
118 141
118 142
118 144
118 166
118 179
119 130
119 151
119 175
119 179
120 121
120 128
120 132
120 134
120 138
120 150
120 155
121 141
121 154
121 155
121 177
122 134
122 145
122 149
122 151
122 155
122 165
123 146
123 148
123 149
123 152
123 163
123 166
123 170
123 171
123 176
124 127
124 133
124 148
124 163
125 137
125 139
125 140
125 147
125 160
126 131
126 134
126 137
126 145
126 153
126 170
126 171
127 148
127 152
127 173
128 133
128 143
128 147
128 148
128 150
128 165
128 174
128 177
129 160
129 162
129 169
129 172
130 131
130 140
130 152
130 159
130 161
130 163
130 165
130 168
131 143
131 169
131 179
132 155
132 173
133 141
133 172
134 136
134 137
134 139
134 146
134 171
135 154
135 168
135 179
136 138
136 140
136 164
137 138
137 141
137 155
137 169
137 174
137 178
138 147
139 143
139 148
139 155
140 156
140 167
140 170
141 145
141 150
141 162
141 166
141 177
141 178
142 147
142 160
142 165
143 151
143 156
143 175
144 149
144 167
144 170
144 176
145 156
145 162
145 165
145 173
145 179
146 153
146 165
146 179
147 152
147 159
147 172
148 151
148 156
148 166
148 170
148 175
149 155
150 156
150 159
150 160
150 161
150 172
150 174
151 161
151 163
151 175
152 154
152 162
152 166
153 179
154 172
155 157
155 167
156 170
156 171
156 177
157 176
157 178
158 172
158 173
158 175
160 172
161 174
162 168
162 170
162 172
163 165
163 169
164 170
165 170
166 167
166 173
166 177
167 168
167 178
168 169
170 179
172 178
174 175
80 32 88 59 30 173 10 163 164 148 128 74 133 130 73 76 70 121
155 162 132 159 40 54 141 136 168 79 107 57 172 109 25 118 68 43
160 112 9 63 34 21 15 12 115 11 22 56 98 13 47 42 45 28
99 149 90 20 33 53 97 101 62 135 23 104 103 124 174 156 58 29
111 78 75 83 157 46 7 38 175 110 154 17 122 138 60 137 81 94
8 152 150 64 169 39 123 119 134 16 4 31 147 91 49 170 61 65
131 82 66 177 48 102 69 19 50 5 36 108 178 2 153 84 26 55
117 41 52 176 100 105 165 72 129 167 106 116 96 35 77 144 146 142
126 143 86 145 14 89 85 140 51 171 6 120 114 71 1 87 3 24
27 158 179 92 127 44 67 166 161 93 0 125 113 151 18 37 95 139
