110
2401
5
72.16
86.89
40.76
71.39
80.73
0 1
0 2
0 4
0 10
0 13
0 21
0 22
0 23
0 24
0 26
0 27
0 28
0 29
0 34
0 38
0 42
0 43
0 44
0 46
0 49
0 51
0 52
0 55
0 56
0 58
0 62
0 63
0 65
0 66
0 69
0 71
0 72
0 73
0 76
0 77
0 81
0 83
0 87
0 90
0 92
0 93
0 94
0 97
0 100
0 101
0 104
0 105
0 106
0 108
0 109
1 4
1 5
1 8
1 10
1 11
1 14
1 16
1 20
1 22
1 23
1 27
1 28
1 30
1 32
1 34
1 36
1 37
1 38
1 43
1 45
1 46
1 49
1 50
1 53
1 58
1 59
1 60
1 66
1 67
1 68
1 78
1 80
1 81
1 82
1 84
1 85
1 86
1 87
1 89
1 90
1 97
1 99
1 102
1 108
2 3
2 4
2 8
2 12
2 13
2 15
2 16
2 21
2 22
2 23
2 24
2 26
2 27
2 28
2 32
2 33
2 36
2 37
2 38
2 40
2 42
2 44
2 47
2 48
2 50
2 51
2 56
2 57
2 58
2 59
2 61
2 65
2 68
2 70
2 73
2 76
2 82
2 84
2 85
2 87
2 91
2 94
2 97
2 100
2 105
2 109
3 4
3 8
3 9
3 12
3 13
3 14
3 15
3 18
3 22
3 23
3 29
3 33
3 36
3 38
3 41
3 44
3 45
3 47
3 51
3 52
3 53
3 56
3 57
3 59
3 61
3 63
3 67
3 68
3 71
3 76
3 78
3 79
3 83
3 85
3 87
3 90
3 93
3 94
3 98
3 99
3 102
3 108
4 5
4 9
4 10
4 13
4 16
4 19
4 21
4 28
4 30
4 32
4 34
4 39
4 42
4 47
4 48
4 49
4 50
4 54
4 57
4 58
4 64
4 65
4 66
4 68
4 70
4 73
4 80
4 81
4 86
4 88
4 89
4 96
4 97
4 100
4 105
4 106
4 107
4 108
5 8
5 13
5 15
5 19
5 20
5 24
5 25
5 26
5 27
5 29
5 39
5 42
5 46
5 48
5 52
5 55
5 58
5 59
5 60
5 62
5 64
5 67
5 69
5 72
5 73
5 77
5 78
5 80
5 82
5 84
5 86
5 96
5 97
5 102
6 7
6 10
6 16
6 17
6 20
6 21
6 27
6 28
6 32
6 36
6 38
6 41
6 44
6 50
6 52
6 55
6 57
6 58
6 67
6 68
6 74
6 76
6 78
6 80
6 91
6 98
6 99
6 100
6 101
6 105
6 108
7 8
7 10
7 12
7 14
7 23
7 24
7 25
7 30
7 33
7 36
7 37
7 38
7 39
7 40
7 46
7 48
7 53
7 54
7 57
7 59
7 63
7 67
7 71
7 73
7 74
7 77
7 78
7 80
7 82
7 85
7 90
7 97
7 103
7 105
7 109
8 9
8 14
8 19
8 22
8 23
8 24
8 31
8 33
8 35
8 37
8 38
8 39
8 40
8 43
8 47
8 48
8 49
8 50
8 54
8 56
8 57
8 58
8 62
8 64
8 68
8 69
8 71
8 73
8 74
8 78
8 79
8 80
8 81
8 83
8 84
8 86
8 89
8 93
8 99
8 101
8 102
8 103
8 107
9 11
9 14
9 15
9 19
9 20
9 24
9 25
9 27
9 28
9 30
9 32
9 36
9 38
9 39
9 40
9 42
9 43
9 45
9 46
9 47
9 54
9 61
9 64
9 65
9 66
9 74
9 76
9 81
9 83
9 84
9 85
9 88
9 92
9 94
9 99
9 101
9 105
9 108
9 109
10 12
10 13
10 15
10 17
10 21
10 23
10 26
10 28
10 31
10 33
10 34
10 41
10 43
10 44
10 46
10 49
10 56
10 59
10 60
10 64
10 68
10 69
10 70
10 71
10 74
10 75
10 78
10 79
10 81
10 82
10 85
10 86
10 93
10 94
10 96
10 98
10 99
10 102
10 105
11 13
11 14
11 16
11 17
11 18
11 20
11 22
11 24
11 26
11 27
11 29
11 30
11 32
11 34
11 37
11 38
11 44
11 46
11 48
11 50
11 53
11 57
11 58
11 60
11 64
11 73
11 75
11 77
11 82
11 83
11 84
11 88
11 91
11 93
11 94
11 95
11 97
11 99
11 102
11 104
11 105
11 106
11 107
11 109
12 14
12 15
12 16
12 21
12 22
12 23
12 26
12 30
12 31
12 32
12 33
12 45
12 51
12 52
12 57
12 59
12 61
12 62
12 63
12 69
12 74
12 76
12 79
12 84
12 89
12 91
12 95
12 98
12 102
12 106
12 107
12 109
13 14
13 17
13 19
13 22
13 23
13 24
13 27
13 28
13 32
13 34
13 35
13 37
13 40
13 41
13 44
13 45
13 47
13 48
13 52
13 55
13 56
13 59
13 65
13 66
13 67
13 70
13 72
13 74
13 76
13 78
13 79
13 83
13 88
13 92
13 93
13 94
13 96
13 97
13 101
13 103
13 104
13 107
13 108
13 109
14 17
14 20
14 21
14 25
14 26
14 29
14 30
14 35
14 41
14 48
14 50
14 52
14 53
14 55
14 56
14 58
14 60
14 61
14 64
14 66
14 67
14 70
14 71
14 73
14 74
14 80
14 81
14 85
14 99
14 104
14 106
14 107
15 18
15 23
15 26
15 27
15 30
15 32
15 34
15 35
15 38
15 40
15 45
15 54
15 55
15 56
15 57
15 58
15 59
15 66
15 68
15 72
15 74
15 75
15 76
15 77
15 78
15 80
15 81
15 82
15 85
15 87
15 91
15 94
15 95
15 96
15 98
15 107
15 108
15 109
16 17
16 18
16 19
16 20
16 23
16 24
16 25
16 26
16 31
16 34
16 37
16 39
16 41
16 42
16 45
16 46
16 50
16 51
16 52
16 57
16 58
16 66
16 69
16 71
16 74
16 76
16 79
16 80
16 82
16 86
16 88
16 89
16 90
16 91
16 93
16 95
16 97
16 100
16 102
16 105
17 22
17 24
17 30
17 32
17 37
17 38
17 40
17 44
17 47
17 51
17 52
17 53
17 55
17 56
17 60
17 63
17 65
17 66
17 72
17 73
17 75
17 76
17 77
17 79
17 81
17 83
17 84
17 85
17 86
17 89
17 90
17 93
17 95
17 96
17 99
17 100
17 101
17 106
18 23
18 24
18 28
18 31
18 34
18 35
18 36
18 37
18 38
18 39
18 42
18 43
18 44
18 47
18 50
18 56
18 60
18 65
18 68
18 72
18 76
18 77
18 78
18 79
18 80
18 82
18 84
18 85
18 88
18 93
18 94
18 95
18 98
18 102
18 103
18 106
18 107
18 108
18 109
19 21
19 22
19 23
19 28
19 31
19 32
19 35
19 41
19 45
19 46
19 47
19 50
19 52
19 56
19 59
19 60
19 65
19 67
19 69
19 71
19 72
19 78
19 82
19 84
19 89
19 90
19 91
19 96
19 97
19 102
19 104
19 105
19 106
19 108
20 23
20 28
20 36
20 37
20 38
20 44
20 46
20 50
20 51
20 54
20 57
20 59
20 64
20 65
20 70
20 73
20 74
20 83
20 84
20 88
20 89
20 91
20 92
20 97
20 98
20 100
20 101
20 103
20 105
20 106
20 109
21 22
21 23
21 28
21 31
21 33
21 37
21 40
21 41
21 42
21 46
21 47
21 48
21 56
21 57
21 58
21 61
21 63
21 66
21 67
21 68
21 74
21 77
21 78
21 81
21 85
21 86
21 91
21 92
21 95
21 96
21 99
21 101
21 103
21 105
21 107
21 108
22 25
22 30
22 31
22 32
22 34
22 36
22 39
22 40
22 41
22 42
22 45
22 46
22 49
22 53
22 54
22 55
22 57
22 59
22 61
22 65
22 69
22 72
22 74
22 75
22 76
22 81
22 84
22 89
22 96
22 98
22 99
22 103
22 105
22 108
22 109
23 24
23 25
23 28
23 33
23 34
23 43
23 44
23 45
23 46
23 49
23 52
23 53
23 55
23 65
23 67
23 68
23 69
23 70
23 71
23 73
23 79
23 80
23 81
23 82
23 84
23 87
23 89
23 90
23 91
23 93
23 95
23 96
23 97
23 99
23 102
23 103
23 104
24 26
24 28
24 31
24 32
24 35
24 37
24 38
24 43
24 44
24 45
24 47
24 50
24 51
24 53
24 55
24 57
24 59
24 61
24 63
24 64
24 66
24 68
24 73
24 76
24 80
24 84
24 86
24 87
24 88
24 90
24 91
24 92
24 93
24 94
24 95
24 96
24 101
24 103
24 104
24 106
25 28
25 30
25 33
25 34
25 35
25 41
25 44
25 45
25 46
25 48
25 51
25 57
25 58
25 59
25 63
25 65
25 66
25 67
25 68
25 72
25 75
25 76
25 78
25 79
25 80
25 83
25 85
25 86
25 88
25 89
25 93
25 94
25 97
25 99
25 101
25 102
25 104
25 105
25 106
25 109
26 29
26 32
26 33
26 34
26 45
26 50
26 51
26 52
26 55
26 56
26 58
26 60
26 62
26 63
26 64
26 65
26 66
26 69
26 77
26 82
26 85
26 87
26 89
26 92
26 94
26 95
26 97
26 100
26 103
26 104
26 108
27 29
27 31
27 32
27 33
27 38
27 39
27 40
27 44
27 48
27 50
27 54
27 57
27 60
27 63
27 64
27 65
27 70
27 71
27 72
27 78
27 79
27 81
27 83
27 87
27 89
27 91
27 93
27 100
27 103
27 106
27 108
28 31
28 32
28 34
28 38
28 39
28 42
28 48
28 49
28 54
28 57
28 62
28 63
28 66
28 68
28 69
28 71
28 72
28 75
28 77
28 85
28 89
28 90
28 91
28 93
28 97
28 98
28 99
28 105
28 106
28 108
29 30
29 31
29 34
29 35
29 36
29 38
29 40
29 43
29 45
29 50
29 51
29 53
29 54
29 56
29 57
29 63
29 65
29 66
29 72
29 76
29 78
29 80
29 81
29 82
29 83
29 90
29 95
29 96
29 99
29 101
29 102
29 107
29 109
30 32
30 33
30 34
30 37
30 39
30 40
30 46
30 49
30 51
30 53
30 55
30 56
30 57
30 59
30 63
30 70
30 72
30 74
30 75
30 78
30 81
30 83
30 85
30 89
30 90
30 91
30 93
30 94
30 95
30 98
30 100
30 101
30 102
30 103
30 105
31 32
31 33
31 34
31 35
31 44
31 46
31 47
31 48
31 50
31 51
31 52
31 53
31 54
31 58
31 60
31 61
31 64
31 66
31 67
31 68
31 71
31 72
31 76
31 83
31 86
31 87
31 89
31 91
31 96
31 101
31 103
31 104
31 107
32 36
32 38
32 39
32 42
32 47
32 48
32 49
32 50
32 53
32 54
32 55
32 57
32 59
32 62
32 67
32 69
32 70
32 77
32 78
32 81
32 84
32 85
32 93
32 95
32 96
32 98
32 99
32 100
32 102
32 109
33 35
33 36
33 38
33 39
33 46
33 51
33 53
33 56
33 62
33 64
33 67
33 68
33 73
33 77
33 78
33 81
33 83
33 88
33 89
33 92
33 94
33 96
33 97
33 98
33 100
33 101
33 105
33 107
34 35
34 39
34 40
34 43
34 45
34 46
34 48
34 50
34 51
34 54
34 59
34 60
34 63
34 66
34 67
34 69
34 71
34 73
34 76
34 78
34 79
34 80
34 81
34 82
34 83
34 84
34 85
34 87
34 89
34 90
34 94
34 98
34 104
34 105
34 106
34 108
35 36
35 40
35 41
35 43
35 44
35 45
35 48
35 49
35 54
35 57
35 60
35 61
35 62
35 64
35 68
35 72
35 74
35 77
35 80
35 81
35 84
35 86
35 87
35 89
35 90
35 92
35 99
35 103
35 108
36 40
36 41
36 42
36 44
36 45
36 46
36 47
36 52
36 55
36 57
36 58
36 63
36 65
36 67
36 68
36 72
36 74
36 75
36 77
36 80
36 81
36 82
36 83
36 84
36 85
36 86
36 90
36 91
36 98
36 99
36 100
36 105
36 106
36 109
37 38
37 39
37 41
37 42
37 43
37 44
37 48
37 54
37 55
37 61
37 62
37 71
37 73
37 76
37 82
37 84
37 86
37 88
37 90
37 92
37 94
37 97
37 99
37 100
37 101
37 103
37 105
37 106
37 107
38 42
38 43
38 45
38 48
38 50
38 52
38 53
38 57
38 59
38 62
38 63
38 64
38 67
38 70
38 72
38 74
38 75
38 77
38 78
38 79
38 81
38 82
38 83
38 84
38 86
38 88
38 92
38 93
38 94
38 96
38 99
38 106
38 107
39 42
39 43
39 46
39 47
39 50
39 52
39 53
39 54
39 56
39 58
39 60
39 61
39 65
39 67
39 72
39 73
39 76
39 78
39 82
39 84
39 86
39 87
39 88
39 90
39 92
39 93
39 96
39 97
39 101
39 103
39 104
40 41
40 44
40 46
40 47
40 49
40 52
40 53
40 54
40 55
40 69
40 72
40 78
40 80
40 81
40 85
40 88
40 89
40 90
40 91
40 97
40 99
40 104
41 49
41 50
41 52
41 54
41 56
41 57
41 58
41 59
41 62
41 64
41 66
41 67
41 68
41 69
41 74
41 76
41 79
41 80
41 89
41 92
41 100
41 102
41 105
41 107
42 53
42 58
42 60
42 61
42 62
42 63
42 65
42 67
42 71
42 72
42 73
42 82
42 83
42 85
42 86
42 87
42 88
42 92
42 93
42 97
42 99
42 104
42 106
42 109
43 46
43 49
43 50
43 52
43 53
43 56
43 61
43 66
43 67
43 71
43 73
43 74
43 76
43 77
43 82
43 85
43 86
43 87
43 89
43 91
43 92
43 94
43 97
43 98
43 99
43 102
43 103
43 104
44 52
44 55
44 64
44 67
44 73
44 76
44 77
44 79
44 81
44 87
44 88
44 89
44 90
44 91
44 94
44 95
44 96
44 98
44 99
44 101
44 103
44 104
44 105
45 46
45 49
45 51
45 53
45 56
45 59
45 62
45 67
45 69
45 70
45 71
45 75
45 76
45 78
45 81
45 83
45 86
45 87
45 90
45 91
45 92
45 97
45 98
45 99
45 100
45 102
45 104
45 108
45 109
46 47
46 59
46 62
46 64
46 72
46 73
46 75
46 76
46 79
46 80
46 82
46 83
46 94
46 97
46 99
46 100
46 102
46 105
46 106
46 108
47 49
47 52
47 54
47 58
47 60
47 62
47 63
47 64
47 72
47 75
47 77
47 78
47 79
47 83
47 84
47 85
47 87
47 88
47 96
47 98
47 100
47 103
47 109
48 52
48 55
48 56
48 57
48 61
48 68
48 74
48 75
48 77
48 79
48 81
48 82
48 83
48 84
48 85
48 86
48 88
48 89
48 91
48 92
48 95
48 99
48 106
48 107
48 108
48 109
49 53
49 58
49 62
49 65
49 66
49 69
49 70
49 71
49 73
49 77
49 78
49 79
49 80
49 86
49 88
49 89
49 91
49 95
49 96
49 97
49 101
49 107
49 109
50 54
50 56
50 57
50 65
50 67
50 68
50 69
50 72
50 73
50 74
50 77
50 78
50 79
50 84
50 89
50 90
50 92
50 93
50 99
50 100
50 101
50 102
50 103
50 104
50 108
51 52
51 54
51 58
51 60
51 61
51 66
51 67
51 71
51 73
51 75
51 76
51 77
51 78
51 81
51 83
51 91
51 94
51 95
51 99
51 106
51 107
51 109
52 55
52 56
52 59
52 60
52 64
52 66
52 67
52 71
52 73
52 75
52 77
52 83
52 84
52 86
52 88
52 89
52 91
52 95
52 96
52 97
52 104
53 58
53 59
53 61
53 62
53 64
53 66
53 67
53 79
53 81
53 85
53 86
53 87
53 89
53 90
53 92
53 93
53 97
53 98
53 99
53 101
53 106
53 109
54 55
54 61
54 65
54 68
54 76
54 80
54 86
54 87
54 88
54 89
54 90
54 92
54 93
54 97
54 98
54 101
54 102
54 105
54 108
54 109
55 57
55 61
55 62
55 63
55 65
55 66
55 68
55 72
55 73
55 74
55 81
55 83
55 84
55 88
55 90
55 91
55 95
55 96
55 103
55 104
55 109
56 57
56 63
56 71
56 77
56 81
56 83
56 87
56 90
56 92
56 94
56 96
56 97
56 102
56 106
56 107
57 59
57 63
57 64
57 67
57 70
57 72
57 75
57 76
57 83
57 84
57 87
57 88
57 91
57 96
57 98
57 100
57 102
57 108
58 65
58 67
58 72
58 73
58 75
58 76
58 79
58 82
58 84
58 86
58 88
58 89
58 94
58 95
58 96
58 97
58 99
58 102
58 103
58 104
58 105
58 108
59 60
59 63
59 64
59 65
59 72
59 73
59 75
59 78
59 79
59 81
59 82
59 85
59 86
59 87
59 88
59 90
59 91
59 92
59 96
59 97
59 100
59 101
59 103
60 61
60 74
60 75
60 77
60 80
60 83
60 86
60 87
60 88
60 91
60 92
60 93
60 95
60 101
60 103
60 106
61 64
61 65
61 66
61 72
61 81
61 83
61 88
61 89
61 92
61 93
61 94
61 97
61 99
61 100
61 104
61 105
61 106
61 107
61 108
62 66
62 68
62 70
62 72
62 78
62 79
62 80
62 82
62 85
62 87
62 88
62 89
62 92
62 94
62 99
62 101
62 104
62 105
63 69
63 70
63 72
63 74
63 75
63 78
63 81
63 84
63 87
63 91
63 92
63 93
63 94
63 96
63 103
63 104
63 105
63 108
64 66
64 67
64 71
64 81
64 82
64 83
64 84
64 85
64 89
64 94
64 96
64 101
64 102
64 103
65 66
65 67
65 72
65 76
65 78
65 82
65 83
65 84
65 86
65 89
65 92
65 94
65 97
65 98
65 100
65 102
65 104
65 106
65 107
66 68
66 69
66 70
66 71
66 74
66 78
66 79
66 80
66 82
66 84
66 89
66 91
66 92
66 94
66 99
66 100
66 103
66 106
66 108
67 71
67 74
67 76
67 77
67 82
67 83
67 84
67 85
67 86
67 87
67 89
67 92
67 93
67 98
67 99
67 100
67 102
67 103
67 107
68 69
68 70
68 72
68 77
68 79
68 80
68 81
68 82
68 84
68 85
68 86
68 91
68 93
68 95
68 99
68 109
69 74
69 81
69 82
69 83
69 84
69 86
69 90
69 91
69 93
69 98
69 99
69 106
69 107
69 108
69 109
70 71
70 72
70 74
70 78
70 80
70 82
70 87
70 88
70 89
70 91
70 92
70 93
70 94
70 100
70 101
70 105
70 109
71 73
71 74
71 76
71 77
71 78
71 82
71 83
71 89
71 90
71 91
71 94
71 100
71 106
71 107
71 108
72 75
72 76
72 77
72 80
72 83
72 87
72 88
72 90
72 92
72 95
72 96
72 97
72 99
72 100
72 102
72 103
72 104
72 109
73 76
73 77
73 80
73 81
73 86
73 90
73 91
73 93
73 98
73 100
73 101
73 104
73 108
73 109
74 76
74 77
74 78
74 80
74 86
74 87
74 94
74 103
74 106
74 107
74 109
75 76
75 78
75 80
75 81
75 84
75 86
75 90
75 93
75 97
75 99
75 106
75 107
75 108
76 80
76 81
76 82
76 87
76 88
76 91
76 93
76 94
76 95
76 98
76 99
76 100
76 101
76 104
76 107
76 108
77 78
77 81
77 85
77 86
77 87
77 93
77 98
77 99
77 103
77 105
77 106
77 109
78 80
78 83
78 85
78 86
78 87
78 88
78 89
78 91
78 92
78 93
78 95
78 103
78 105
78 108
79 83
79 87
79 89
79 92
79 96
79 98
79 99
79 102
79 105
79 106
79 108
79 109
80 86
80 88
80 89
80 92
80 93
80 94
80 95
80 96
80 99
80 104
80 106
80 109
81 83
81 85
81 87
81 88
81 89
81 90
81 91
81 93
81 95
81 97
81 103
81 109
82 86
82 87
82 91
82 92
82 93
82 96
82 98
82 100
82 102
82 103
82 104
82 106
83 84
83 85
83 88
83 89
83 90
83 91
83 93
83 98
83 100
83 101
83 102
83 103
83 104
83 105
83 107
84 87
84 89
84 92
84 93
84 94
84 95
84 96
84 97
84 98
84 101
84 102
84 103
84 105
84 108
85 92
85 95
85 101
85 102
85 103
85 105
86 88
86 89
86 92
86 95
86 97
86 98
86 99
86 101
86 103
86 107
86 108
86 109
87 88
87 89
87 90
87 94
87 101
87 102
88 92
88 93
88 96
88 98
88 99
88 104
88 106
88 108
89 92
89 94
89 95
89 98
89 100
89 101
89 102
89 104
90 91
90 93
90 96
90 99
90 105
90 107
90 108
90 109
91 96
91 101
91 102
91 103
91 107
91 108
92 96
92 97
92 99
92 100
92 102
92 104
93 95
93 97
93 100
93 104
93 109
94 95
94 96
94 97
94 98
94 101
94 104
94 105
94 107
94 108
94 109
95 96
95 99
95 101
95 102
95 107
95 109
96 97
96 98
96 99
96 103
96 106
96 109
97 98
97 99
97 101
97 102
97 103
97 104
97 107
97 108
97 109
98 99
98 102
98 103
98 104
98 106
98 108
98 109
99 101
99 102
99 105
99 106
99 107
100 102
100 103
100 107
100 109
101 102
101 103
101 104
101 106
101 109
102 107
103 104
103 106
103 108
104 109
105 108
106 108
106 109
108 109
22 101 55 42 74 72 25 58 8 93 70 15 11 45 23 39 100 83 35 14 38 84 94 68 97 37 88
5 46 33 41 47 27 50 52 106 76 4 43 82 78 18 98 79 73 0 56 24 9 80 91 32 30 26
36 86 57 102 28 59 81 92 40 63 1 7 89 61 109 3 95 90 10 96 104 87 66 44 69 48 71
51 19 75 85 16 108 103 62 6 54 2 105 20 107 12 67 49 64 21 29 60 34 65 17 77 53 31
99 13
