160
3856
20
62.03
76.95
39.79
81.07
55.38
38.43
33.5
63.57
93.58
3.41
73.81
99.3
32.49
14.92
14.68
59.63
8.11
45.77
10.07
57.61
0 1
0 3
0 9
0 13
0 17
0 20
0 23
0 25
0 28
0 32
0 33
0 35
0 38
0 41
0 47
0 50
0 52
0 60
0 61
0 64
0 74
0 75
0 80
0 82
0 87
0 88
0 94
0 95
0 104
0 105
0 110
0 114
0 118
0 123
0 126
0 131
0 132
0 133
0 134
0 137
0 142
0 144
0 146
0 147
0 150
0 152
0 157
0 158
1 5
1 7
1 10
1 11
1 12
1 14
1 16
1 21
1 23
1 29
1 30
1 33
1 42
1 44
1 49
1 61
1 64
1 66
1 67
1 69
1 72
1 73
1 74
1 77
1 85
1 86
1 88
1 89
1 91
1 96
1 98
1 99
1 103
1 107
1 108
1 112
1 116
1 118
1 119
1 122
1 124
1 128
1 129
1 132
1 134
1 135
1 138
1 140
1 144
1 146
1 149
1 154
1 155
1 157
1 159
2 8
2 12
2 14
2 16
2 19
2 22
2 32
2 37
2 40
2 41
2 49
2 60
2 67
2 71
2 72
2 79
2 90
2 95
2 103
2 105
2 111
2 120
2 121
2 123
2 126
2 130
2 136
2 137
2 138
2 143
2 145
2 153
2 154
2 156
2 158
3 5
3 9
3 12
3 24
3 25
3 27
3 29
3 38
3 39
3 43
3 47
3 53
3 55
3 56
3 58
3 67
3 68
3 69
3 74
3 77
3 83
3 87
3 88
3 100
3 104
3 106
3 107
3 112
3 114
3 120
3 127
3 128
3 131
3 135
3 136
3 137
3 139
3 142
3 143
3 145
3 149
3 150
3 152
3 153
3 155
3 156
4 9
4 13
4 15
4 17
4 21
4 22
4 27
4 28
4 36
4 37
4 48
4 69
4 70
4 72
4 81
4 83
4 87
4 91
4 94
4 95
4 97
4 99
4 102
4 103
4 105
4 106
4 111
4 114
4 115
4 117
4 120
4 125
4 126
4 135
4 136
4 139
4 140
4 141
4 149
4 151
4 152
4 157
4 158
5 6
5 13
5 14
5 15
5 17
5 21
5 23
5 29
5 30
5 32
5 33
5 34
5 42
5 45
5 46
5 49
5 56
5 57
5 59
5 61
5 65
5 67
5 70
5 71
5 73
5 77
5 80
5 82
5 84
5 85
5 92
5 94
5 99
5 103
5 107
5 109
5 111
5 116
5 119
5 122
5 128
5 131
5 138
5 150
5 153
5 155
5 156
6 7
6 10
6 19
6 20
6 23
6 28
6 29
6 31
6 33
6 34
6 37
6 39
6 40
6 41
6 42
6 46
6 55
6 61
6 67
6 68
6 69
6 78
6 80
6 89
6 91
6 92
6 93
6 97
6 104
6 106
6 111
6 112
6 123
6 128
6 131
6 132
6 136
6 138
6 144
6 145
6 156
6 157
6 159
7 9
7 13
7 15
7 16
7 17
7 23
7 24
7 26
7 30
7 32
7 34
7 35
7 37
7 53
7 59
7 61
7 65
7 67
7 71
7 75
7 78
7 79
7 80
7 84
7 93
7 100
7 102
7 105
7 106
7 108
7 112
7 114
7 115
7 117
7 125
7 127
7 129
7 133
7 135
7 136
7 138
7 142
7 145
7 146
7 153
7 155
8 12
8 14
8 15
8 18
8 19
8 20
8 23
8 27
8 41
8 43
8 49
8 54
8 61
8 64
8 65
8 68
8 70
8 72
8 73
8 74
8 79
8 81
8 87
8 88
8 94
8 99
8 105
8 107
8 109
8 115
8 117
8 123
8 125
8 127
8 132
8 133
8 137
8 138
8 140
8 142
8 149
8 150
8 151
8 159
9 11
9 12
9 17
9 19
9 20
9 21
9 24
9 28
9 29
9 31
9 40
9 43
9 44
9 49
9 51
9 55
9 58
9 59
9 60
9 61
9 62
9 63
9 64
9 65
9 66
9 69
9 77
9 78
9 79
9 80
9 87
9 97
9 100
9 101
9 102
9 104
9 106
9 116
9 122
9 124
9 127
9 133
9 144
9 145
9 146
9 147
9 152
9 156
10 11
10 13
10 14
10 16
10 17
10 18
10 19
10 22
10 27
10 32
10 33
10 34
10 37
10 42
10 43
10 52
10 58
10 61
10 63
10 70
10 73
10 74
10 77
10 80
10 87
10 89
10 92
10 93
10 94
10 95
10 96
10 101
10 104
10 106
10 108
10 109
10 110
10 113
10 114
10 115
10 116
10 117
10 119
10 120
10 121
10 125
10 126
10 129
10 130
10 133
10 135
10 137
10 141
10 142
10 144
10 145
10 148
10 156
11 12
11 15
11 16
11 17
11 19
11 26
11 27
11 33
11 34
11 35
11 38
11 39
11 42
11 46
11 47
11 51
11 53
11 54
11 55
11 59
11 60
11 62
11 65
11 67
11 68
11 69
11 70
11 72
11 74
11 79
11 83
11 86
11 88
11 92
11 96
11 101
11 102
11 105
11 107
11 109
11 110
11 112
11 114
11 115
11 116
11 127
11 130
11 134
11 142
11 145
11 153
12 14
12 16
12 22
12 24
12 28
12 31
12 33
12 36
12 37
12 41
12 46
12 49
12 53
12 55
12 57
12 59
12 64
12 65
12 66
12 67
12 69
12 71
12 76
12 79
12 81
12 84
12 91
12 92
12 95
12 97
12 99
12 103
12 106
12 112
12 114
12 115
12 116
12 117
12 120
12 129
12 131
12 133
12 135
12 136
12 142
12 145
12 146
12 147
12 150
12 156
12 159
13 15
13 19
13 22
13 26
13 31
13 37
13 39
13 43
13 45
13 46
13 47
13 48
13 54
13 57
13 60
13 62
13 64
13 65
13 70
13 73
13 78
13 79
13 82
13 87
13 91
13 93
13 102
13 103
13 108
13 115
13 122
13 125
13 127
13 128
13 130
13 132
13 133
13 146
13 151
13 154
13 156
13 157
14 15
14 17
14 20
14 28
14 32
14 34
14 35
14 36
14 42
14 43
14 49
14 52
14 56
14 61
14 64
14 65
14 66
14 69
14 73
14 78
14 84
14 92
14 94
14 97
14 98
14 101
14 103
14 109
14 110
14 112
14 121
14 123
14 134
14 135
14 138
14 139
14 140
14 142
14 144
14 146
14 147
14 152
14 157
15 23
15 25
15 30
15 36
15 39
15 42
15 43
15 44
15 51
15 52
15 54
15 57
15 61
15 64
15 69
15 71
15 74
15 77
15 81
15 82
15 84
15 86
15 88
15 92
15 101
15 104
15 110
15 113
15 116
15 117
15 122
15 123
15 124
15 125
15 128
15 130
15 140
15 144
15 151
15 152
15 155
15 158
15 159
16 18
16 25
16 29
16 31
16 34
16 39
16 43
16 45
16 47
16 48
16 49
16 51
16 52
16 60
16 67
16 69
16 81
16 84
16 85
16 89
16 92
16 93
16 102
16 106
16 108
16 111
16 116
16 121
16 124
16 125
16 127
16 128
16 131
16 132
16 135
16 136
16 144
16 147
16 149
16 150
16 156
16 157
16 158
16 159
17 20
17 22
17 23
17 29
17 33
17 36
17 42
17 48
17 49
17 52
17 55
17 58
17 59
17 65
17 66
17 68
17 70
17 72
17 75
17 76
17 81
17 83
17 86
17 87
17 88
17 93
17 96
17 99
17 102
17 106
17 107
17 112
17 124
17 127
17 133
17 142
17 145
17 149
17 150
17 155
17 158
18 19
18 25
18 27
18 30
18 31
18 32
18 33
18 34
18 35
18 41
18 44
18 46
18 50
18 51
18 59
18 64
18 65
18 72
18 74
18 79
18 80
18 81
18 87
18 89
18 94
18 96
18 97
18 98
18 99
18 105
18 116
18 117
18 125
18 128
18 129
18 135
18 141
18 148
18 150
18 152
19 23
19 24
19 26
19 28
19 29
19 31
19 37
19 38
19 39
19 41
19 46
19 48
19 50
19 56
19 58
19 59
19 65
19 67
19 69
19 70
19 73
19 81
19 86
19 93
19 94
19 96
19 99
19 105
19 106
19 108
19 114
19 115
19 117
19 118
19 121
19 122
19 126
19 130
19 134
19 138
19 140
19 141
19 144
19 150
19 154
19 156
20 26
20 27
20 33
20 39
20 44
20 49
20 52
20 54
20 56
20 57
20 59
20 61
20 62
20 64
20 67
20 68
20 69
20 70
20 71
20 72
20 74
20 76
20 78
20 80
20 85
20 86
20 87
20 95
20 98
20 101
20 105
20 115
20 116
20 124
20 129
20 131
20 136
20 137
20 139
20 140
20 143
20 146
20 147
20 153
20 157
21 23
21 26
21 31
21 33
21 36
21 41
21 42
21 43
21 44
21 48
21 52
21 57
21 59
21 64
21 70
21 71
21 74
21 75
21 78
21 83
21 85
21 86
21 87
21 89
21 92
21 95
21 98
21 103
21 104
21 105
21 111
21 114
21 117
21 122
21 128
21 133
21 137
21 138
21 142
21 143
21 144
21 148
21 149
21 152
21 153
21 154
21 157
22 23
22 24
22 26
22 31
22 34
22 41
22 43
22 44
22 45
22 49
22 52
22 55
22 61
22 71
22 73
22 81
22 82
22 83
22 85
22 86
22 88
22 96
22 103
22 108
22 110
22 112
22 118
22 120
22 121
22 123
22 129
22 132
22 136
22 138
22 149
22 154
23 26
23 30
23 32
23 34
23 35
23 36
23 41
23 43
23 44
23 47
23 49
23 50
23 56
23 58
23 63
23 67
23 69
23 70
23 72
23 77
23 78
23 80
23 88
23 89
23 90
23 91
23 93
23 94
23 96
23 97
23 98
23 103
23 111
23 112
23 115
23 123
23 126
23 129
23 133
23 134
23 136
23 143
23 144
23 147
23 148
23 150
23 151
23 155
23 156
24 25
24 40
24 46
24 55
24 56
24 61
24 63
24 65
24 72
24 77
24 85
24 91
24 92
24 95
24 99
24 100
24 104
24 113
24 115
24 116
24 120
24 125
24 126
24 127
24 129
24 131
24 133
24 134
24 135
24 138
24 141
24 142
24 144
24 148
24 150
24 151
25 36
25 44
25 45
25 49
25 52
25 56
25 58
25 60
25 61
25 67
25 74
25 76
25 77
25 78
25 81
25 83
25 96
25 97
25 105
25 112
25 115
25 120
25 122
25 123
25 125
25 127
25 128
25 133
25 134
25 138
25 139
25 144
25 147
25 153
25 154
25 155
26 28
26 30
26 32
26 33
26 35
26 37
26 39
26 41
26 42
26 44
26 50
26 52
26 55
26 56
26 59
26 60
26 62
26 64
26 74
26 75
26 79
26 81
26 86
26 91
26 96
26 97
26 100
26 103
26 104
26 110
26 124
26 127
26 128
26 131
26 133
26 138
26 140
26 144
26 145
26 148
26 152
26 154
26 155
27 28
27 29
27 30
27 31
27 32
27 33
27 34
27 36
27 37
27 39
27 46
27 49
27 52
27 53
27 54
27 56
27 59
27 61
27 64
27 72
27 78
27 83
27 91
27 94
27 99
27 102
27 105
27 109
27 112
27 115
27 121
27 124
27 125
27 128
27 130
27 131
27 132
27 135
27 137
27 138
27 139
27 147
27 148
27 152
27 155
27 157
28 30
28 31
28 34
28 38
28 42
28 45
28 46
28 47
28 49
28 52
28 54
28 55
28 57
28 59
28 62
28 64
28 66
28 70
28 71
28 72
28 74
28 76
28 78
28 80
28 82
28 83
28 90
28 93
28 96
28 100
28 103
28 104
28 106
28 109
28 110
28 113
28 117
28 119
28 128
28 133
28 136
28 141
28 149
28 152
28 154
28 156
29 30
29 39
29 41
29 43
29 44
29 45
29 51
29 53
29 55
29 61
29 65
29 66
29 71
29 73
29 77
29 81
29 87
29 88
29 90
29 91
29 94
29 96
29 100
29 102
29 104
29 107
29 108
29 109
29 110
29 114
29 115
29 116
29 117
29 118
29 125
29 132
29 135
29 137
29 138
29 139
29 147
29 149
29 150
29 152
29 156
29 157
29 159
30 37
30 41
30 43
30 45
30 48
30 50
30 52
30 56
30 62
30 66
30 69
30 74
30 83
30 84
30 90
30 93
30 94
30 97
30 101
30 104
30 128
30 129
30 134
30 138
30 140
30 143
30 144
30 146
30 147
30 149
30 156
31 37
31 40
31 41
31 42
31 44
31 47
31 48
31 55
31 63
31 64
31 65
31 66
31 68
31 70
31 72
31 77
31 86
31 90
31 91
31 95
31 98
31 101
31 109
31 110
31 117
31 119
31 121
31 127
31 134
31 150
31 153
31 155
31 156
32 35
32 36
32 42
32 49
32 60
32 63
32 65
32 66
32 70
32 72
32 76
32 79
32 81
32 82
32 84
32 85
32 86
32 87
32 91
32 100
32 107
32 108
32 111
32 112
32 117
32 122
32 125
32 134
32 135
32 141
32 142
32 143
32 145
32 147
32 149
32 155
32 156
33 36
33 40
33 41
33 43
33 45
33 46
33 51
33 55
33 58
33 61
33 62
33 65
33 67
33 69
33 71
33 75
33 76
33 77
33 78
33 80
33 85
33 86
33 87
33 92
33 93
33 96
33 97
33 98
33 101
33 107
33 113
33 116
33 117
33 118
33 121
33 127
33 128
33 129
33 131
33 133
33 134
33 135
33 138
33 140
33 141
33 144
33 146
33 147
33 156
34 38
34 40
34 45
34 47
34 50
34 52
34 53
34 57
34 60
34 62
34 69
34 70
34 75
34 76
34 77
34 78
34 81
34 83
34 88
34 90
34 96
34 104
34 109
34 111
34 113
34 119
34 121
34 129
34 130
34 139
34 145
34 156
35 36
35 40
35 44
35 45
35 48
35 53
35 58
35 59
35 61
35 63
35 66
35 71
35 72
35 75
35 76
35 80
35 88
35 90
35 94
35 98
35 102
35 107
35 110
35 111
35 113
35 119
35 120
35 122
35 123
35 128
35 129
35 134
35 143
35 145
35 146
35 147
35 148
35 151
35 153
35 157
35 158
35 159
36 40
36 43
36 45
36 48
36 49
36 50
36 51
36 65
36 66
36 70
36 71
36 73
36 75
36 77
36 83
36 84
36 87
36 88
36 90
36 92
36 98
36 104
36 106
36 114
36 116
36 121
36 122
36 124
36 125
36 128
36 131
36 132
36 134
36 135
36 136
36 137
36 138
36 143
36 147
36 149
36 153
36 154
36 159
37 39
37 41
37 42
37 49
37 53
37 56
37 60
37 65
37 67
37 69
37 83
37 84
37 85
37 90
37 99
37 101
37 106
37 108
37 116
37 117
37 119
37 122
37 123
37 126
37 131
37 133
37 137
37 152
37 157
37 158
37 159
38 39
38 48
38 53
38 55
38 60
38 61
38 63
38 65
38 66
38 72
38 75
38 78
38 79
38 82
38 83
38 84
38 86
38 88
38 92
38 95
38 98
38 101
38 106
38 107
38 108
38 109
38 111
38 112
38 113
38 117
38 118
38 121
38 129
38 133
38 137
38 139
38 141
38 142
38 144
38 146
38 148
38 149
38 152
38 153
38 157
38 158
39 53
39 64
39 71
39 76
39 79
39 82
39 87
39 89
39 92
39 93
39 96
39 107
39 114
39 115
39 123
39 133
39 135
39 137
39 143
39 147
39 148
39 149
39 156
40 42
40 45
40 46
40 52
40 55
40 57
40 61
40 62
40 63
40 66
40 68
40 70
40 74
40 75
40 84
40 87
40 94
40 101
40 102
40 110
40 111
40 113
40 114
40 128
40 139
40 143
40 144
40 152
40 154
40 159
41 42
41 43
41 51
41 55
41 57
41 64
41 72
41 73
41 75
41 80
41 81
41 84
41 89
41 91
41 92
41 93
41 97
41 99
41 108
41 114
41 117
41 118
41 120
41 122
41 128
41 130
41 136
41 138
41 139
41 153
41 154
41 158
42 43
42 44
42 47
42 66
42 73
42 75
42 84
42 87
42 89
42 98
42 104
42 109
42 110
42 112
42 113
42 117
42 118
42 119
42 120
42 125
42 131
42 136
42 138
42 139
42 142
42 143
42 145
42 146
42 147
42 149
42 150
42 155
42 157
43 44
43 49
43 51
43 55
43 58
43 65
43 66
43 68
43 73
43 76
43 77
43 78
43 80
43 82
43 83
43 84
43 86
43 89
43 92
43 96
43 97
43 104
43 106
43 107
43 108
43 113
43 115
43 120
43 121
43 122
43 129
43 132
43 134
43 135
43 143
43 146
43 147
43 150
43 151
43 157
43 159
44 45
44 48
44 51
44 55
44 58
44 59
44 61
44 62
44 66
44 72
44 73
44 76
44 78
44 80
44 81
44 85
44 87
44 89
44 94
44 104
44 105
44 107
44 110
44 111
44 118
44 122
44 123
44 125
44 127
44 129
44 133
44 139
44 141
44 142
44 148
44 150
44 158
45 46
45 49
45 58
45 59
45 64
45 70
45 72
45 83
45 84
45 88
45 90
45 92
45 94
45 102
45 107
45 110
45 114
45 115
45 119
45 120
45 121
45 127
45 131
45 132
45 137
45 139
45 145
45 153
45 155
45 159
46 47
46 49
46 51
46 52
46 53
46 56
46 57
46 59
46 60
46 61
46 62
46 63
46 66
46 68
46 69
46 73
46 75
46 82
46 90
46 93
46 99
46 101
46 104
46 106
46 116
46 118
46 120
46 126
46 127
46 132
46 135
46 141
46 147
46 148
46 150
46 151
46 152
46 155
46 158
47 50
47 51
47 54
47 57
47 60
47 61
47 63
47 64
47 65
47 67
47 69
47 72
47 76
47 77
47 80
47 82
47 85
47 87
47 89
47 90
47 92
47 93
47 97
47 101
47 106
47 108
47 110
47 116
47 117
47 122
47 123
47 131
47 133
47 134
47 135
47 136
47 137
47 141
47 142
47 146
47 147
47 153
47 155
48 51
48 52
48 54
48 55
48 56
48 58
48 59
48 65
48 66
48 69
48 70
48 76
48 77
48 80
48 83
48 89
48 93
48 97
48 100
48 101
48 105
48 108
48 114
48 115
48 117
48 123
48 125
48 133
48 136
48 140
48 143
48 152
49 50
49 52
49 57
49 62
49 63
49 64
49 67
49 72
49 83
49 86
49 88
49 91
49 97
49 99
49 101
49 102
49 107
49 112
49 124
49 129
49 139
49 142
49 145
49 146
49 149
50 51
50 56
50 57
50 61
50 64
50 69
50 75
50 76
50 77
50 78
50 79
50 81
50 83
50 84
50 89
50 99
50 100
50 105
50 106
50 107
50 112
50 113
50 117
50 118
50 132
50 133
50 136
50 151
51 53
51 59
51 66
51 67
51 75
51 85
51 86
51 89
51 98
51 102
51 114
51 115
51 122
51 124
51 125
51 126
51 127
51 129
51 136
51 141
51 147
51 148
51 149
51 151
51 153
51 154
51 155
51 158
51 159
52 56
52 57
52 64
52 69
52 70
52 73
52 88
52 91
52 98
52 99
52 101
52 102
52 118
52 120
52 121
52 124
52 125
52 130
52 131
52 140
52 144
52 146
52 150
52 151
52 154
52 157
52 158
53 55
53 57
53 58
53 60
53 66
53 71
53 73
53 74
53 78
53 93
53 94
53 97
53 100
53 107
53 116
53 118
53 120
53 127
53 131
53 135
53 137
53 140
53 144
53 145
53 148
53 151
53 152
53 156
53 158
54 63
54 68
54 71
54 73
54 74
54 77
54 79
54 80
54 85
54 99
54 104
54 110
54 112
54 114
54 117
54 119
54 125
54 129
54 133
54 140
54 143
54 144
54 147
54 148
54 150
54 152
54 154
54 157
55 56
55 61
55 62
55 63
55 65
55 67
55 69
55 77
55 81
55 83
55 84
55 87
55 90
55 93
55 97
55 101
55 103
55 104
55 105
55 110
55 113
55 115
55 123
55 128
55 129
55 131
55 133
55 137
55 142
55 143
55 148
55 152
55 155
55 159
56 58
56 59
56 61
56 65
56 69
56 71
56 74
56 76
56 78
56 79
56 83
56 84
56 85
56 92
56 102
56 103
56 104
56 105
56 110
56 120
56 124
56 127
56 129
56 133
56 138
56 149
56 152
56 154
56 155
56 157
56 158
57 62
57 67
57 68
57 69
57 73
57 75
57 76
57 77
57 78
57 80
57 81
57 85
57 86
57 105
57 107
57 113
57 114
57 119
57 120
57 122
57 123
57 124
57 127
57 128
57 132
57 133
57 137
57 139
57 141
57 147
57 148
57 151
57 152
57 154
57 155
57 158
58 63
58 65
58 70
58 71
58 72
58 74
58 75
58 81
58 82
58 85
58 87
58 93
58 95
58 100
58 106
58 107
58 108
58 110
58 112
58 114
58 115
58 116
58 119
58 120
58 123
58 127
58 133
58 142
58 143
58 146
59 60
59 61
59 63
59 72
59 75
59 77
59 83
59 86
59 90
59 93
59 96
59 100
59 102
59 111
59 114
59 119
59 122
59 124
59 125
59 126
59 128
59 132
59 141
59 145
59 146
59 148
59 154
59 157
60 64
60 65
60 68
60 69
60 70
60 71
60 74
60 79
60 81
60 85
60 88
60 95
60 97
60 100
60 110
60 111
60 113
60 114
60 118
60 122
60 130
60 136
60 137
60 139
60 151
60 152
60 155
60 157
61 63
61 64
61 65
61 70
61 74
61 75
61 78
61 80
61 93
61 96
61 97
61 100
61 104
61 105
61 108
61 110
61 113
61 129
61 133
61 144
61 148
61 150
61 152
61 153
61 157
62 65
62 67
62 70
62 71
62 73
62 79
62 80
62 85
62 86
62 91
62 93
62 103
62 106
62 107
62 110
62 122
62 125
62 129
62 131
62 136
62 137
62 138
62 148
62 149
62 150
62 152
62 153
63 64
63 67
63 73
63 74
63 75
63 76
63 78
63 85
63 86
63 89
63 90
63 93
63 108
63 109
63 112
63 126
63 127
63 128
63 130
63 131
63 135
63 136
63 137
63 139
63 147
63 154
63 157
63 158
64 67
64 71
64 75
64 80
64 85
64 87
64 90
64 91
64 94
64 96
64 104
64 106
64 107
64 110
64 111
64 116
64 127
64 135
64 136
64 137
64 139
64 141
64 145
64 146
64 151
64 155
64 159
65 70
65 72
65 73
65 74
65 76
65 77
65 79
65 81
65 84
65 89
65 90
65 91
65 92
65 95
65 98
65 99
65 109
65 110
65 114
65 120
65 123
65 124
65 130
65 132
65 141
65 143
65 146
65 150
65 152
65 155
65 158
66 69
66 76
66 79
66 85
66 86
66 92
66 93
66 95
66 96
66 98
66 101
66 102
66 103
66 104
66 109
66 110
66 114
66 115
66 120
66 126
66 128
66 130
66 133
66 134
66 138
66 140
66 145
66 147
66 148
66 150
66 151
66 153
66 157
66 158
66 159
67 69
67 75
67 82
67 92
67 93
67 94
67 96
67 100
67 107
67 109
67 113
67 119
67 121
67 122
67 124
67 125
67 126
67 127
67 130
67 132
67 133
67 134
67 136
67 143
67 147
67 149
68 73
68 74
68 76
68 77
68 79
68 83
68 84
68 86
68 92
68 94
68 97
68 99
68 100
68 101
68 104
68 105
68 109
68 111
68 114
68 116
68 117
68 119
68 121
68 129
68 131
68 133
68 137
68 140
68 147
68 148
68 151
68 152
68 156
68 159
69 71
69 72
69 76
69 78
69 81
69 83
69 84
69 85
69 86
69 88
69 89
69 93
69 94
69 98
69 114
69 120
69 125
69 127
69 128
69 131
69 134
69 135
69 137
69 138
69 143
69 146
69 155
69 157
69 158
69 159
70 71
70 74
70 86
70 87
70 89
70 100
70 101
70 102
70 103
70 108
70 109
70 110
70 114
70 120
70 122
70 128
70 129
70 130
70 133
70 135
70 137
70 139
70 144
70 149
70 152
70 154
70 158
71 80
71 81
71 84
71 95
71 100
71 102
71 104
71 108
71 111
71 120
71 122
71 124
71 125
71 131
71 132
71 133
71 134
71 136
71 137
71 140
71 141
71 142
71 149
71 151
71 152
71 154
71 156
71 157
71 158
72 78
72 79
72 83
72 84
72 86
72 87
72 88
72 90
72 91
72 92
72 94
72 101
72 106
72 107
72 111
72 112
72 116
72 120
72 122
72 128
72 131
72 141
72 142
72 147
72 156
72 157
73 75
73 77
73 79
73 81
73 91
73 92
73 98
73 101
73 102
73 104
73 105
73 111
73 117
73 118
73 119
73 122
73 123
73 126
73 134
73 137
73 139
73 144
73 146
73 149
73 151
73 152
73 154
74 75
74 76
74 78
74 80
74 83
74 84
74 85
74 90
74 91
74 92
74 93
74 94
74 95
74 98
74 99
74 102
74 104
74 105
74 111
74 114
74 118
74 122
74 125
74 131
74 132
74 134
74 135
74 136
74 141
74 144
74 146
74 148
74 153
74 154
74 156
75 78
75 79
75 86
75 95
75 98
75 103
75 104
75 114
75 115
75 119
75 127
75 131
75 135
75 141
75 144
75 154
75 155
75 158
76 81
76 82
76 83
76 89
76 90
76 93
76 94
76 96
76 97
76 102
76 111
76 116
76 120
76 125
76 127
76 128
76 130
76 131
76 133
76 135
76 138
76 140
76 142
76 144
76 146
76 151
76 152
76 155
76 156
76 158
77 78
77 80
77 91
77 94
77 98
77 106
77 108
77 111
77 116
77 117
77 125
77 129
77 133
77 134
77 136
77 140
77 141
77 144
77 145
77 146
77 151
77 156
78 82
78 83
78 86
78 89
78 95
78 98
78 106
78 109
78 113
78 114
78 116
78 119
78 120
78 123
78 124
78 130
78 132
78 137
78 138
78 139
78 140
78 144
78 145
78 146
78 149
78 151
78 152
78 154
78 158
79 86
79 94
79 100
79 101
79 106
79 109
79 116
79 119
79 120
79 124
79 133
79 135
79 136
79 138
79 140
79 144
79 145
79 150
79 152
79 159
80 81
80 83
80 88
80 91
80 94
80 99
80 102
80 103
80 107
80 110
80 122
80 126
80 127
80 133
80 135
80 142
80 145
80 149
80 151
80 152
80 157
81 83
81 85
81 86
81 88
81 89
81 101
81 102
81 105
81 107
81 108
81 109
81 134
81 135
81 138
81 139
81 141
81 142
81 148
81 154
81 155
81 158
82 83
82 85
82 86
82 96
82 98
82 104
82 105
82 121
82 122
82 126
82 128
82 133
82 134
82 135
82 138
82 141
82 142
82 143
82 152
82 153
83 84
83 87
83 88
83 90
83 93
83 104
83 105
83 106
83 113
83 123
83 126
83 131
83 136
83 139
83 140
83 141
83 144
83 145
83 149
83 152
83 155
84 86
84 87
84 88
84 91
84 92
84 104
84 108
84 112
84 124
84 127
84 128
84 129
84 130
84 136
84 137
84 143
84 148
84 150
84 156
85 89
85 97
85 101
85 105
85 106
85 107
85 108
85 117
85 120
85 129
85 134
85 137
85 140
85 145
85 157
86 87
86 90
86 91
86 92
86 93
86 97
86 102
86 104
86 106
86 109
86 112
86 114
86 116
86 117
86 118
86 120
86 124
86 126
86 130
86 134
86 144
86 145
86 146
86 148
86 149
86 156
87 88
87 92
87 94
87 98
87 99
87 107
87 113
87 114
87 115
87 116
87 117
87 121
87 123
87 124
87 126
87 128
87 133
87 139
87 140
87 141
87 142
87 143
87 144
87 153
87 159
88 90
88 96
88 101
88 106
88 112
88 116
88 122
88 124
88 126
88 130
88 131
88 132
88 140
88 147
88 148
88 153
89 90
89 92
89 93
89 96
89 98
89 102
89 113
89 116
89 130
89 133
89 135
89 138
89 140
89 141
89 144
89 147
89 155
89 157
90 92
90 94
90 95
90 101
90 102
90 103
90 105
90 106
90 121
90 124
90 125
90 128
90 130
90 134
90 136
90 139
90 142
90 147
90 148
90 151
90 152
90 153
91 98
91 100
91 101
91 107
91 109
91 113
91 118
91 121
91 122
91 126
91 128
91 131
91 133
91 135
91 137
91 152
91 154
91 156
92 97
92 103
92 107
92 109
92 110
92 111
92 114
92 118
92 119
92 120
92 124
92 125
92 126
92 128
92 130
92 132
92 137
92 140
92 142
92 145
92 146
92 149
92 157
92 158
93 94
93 95
93 96
93 97
93 98
93 103
93 105
93 106
93 108
93 111
93 118
93 119
93 123
93 130
93 134
93 137
93 138
93 143
93 152
93 158
93 159
94 95
94 97
94 98
94 102
94 109
94 113
94 115
94 119
94 121
94 126
94 129
94 130
94 131
94 132
94 138
94 143
94 144
94 145
94 148
94 150
94 155
94 156
95 104
95 110
95 113
95 119
95 121
95 126
95 131
95 137
95 142
95 143
95 149
95 150
95 154
95 156
95 157
96 97
96 99
96 106
96 111
96 114
96 116
96 125
96 130
96 132
96 138
96 142
96 148
96 156
96 157
96 158
97 101
97 103
97 105
97 109
97 110
97 114
97 118
97 126
97 128
97 131
97 135
97 137
97 140
97 145
97 154
97 159
98 100
98 101
98 102
98 108
98 109
98 110
98 111
98 112
98 113
98 115
98 119
98 121
98 130
98 133
98 137
98 141
98 145
98 147
98 148
98 149
98 154
98 158
98 159
99 101
99 105
99 110
99 113
99 114
99 118
99 119
99 124
99 127
99 132
99 133
99 138
99 141
99 152
99 156
99 158
99 159
100 101
100 105
100 113
100 115
100 121
100 130
100 131
100 134
100 139
100 142
100 143
100 145
100 147
100 150
100 156
101 102
101 103
101 104
101 106
101 107
101 112
101 114
101 116
101 123
101 130
101 144
101 145
101 146
101 147
101 152
101 153
101 155
101 159
102 105
102 109
102 112
102 126
102 128
102 133
102 136
102 137
102 141
102 145
102 153
102 154
102 157
102 158
102 159
103 106
103 111
103 115
103 120
103 123
103 124
103 125
103 126
103 128
103 130
103 131
103 139
103 141
103 143
103 154
104 108
104 111
104 112
104 121
104 125
104 128
104 132
104 135
104 136
104 139
104 140
104 146
104 150
104 152
104 153
104 155
104 157
104 159
105 107
105 108
105 110
105 112
105 117
105 118
105 123
105 124
105 126
105 128
105 129
105 131
105 132
105 145
105 147
105 148
105 155
105 156
105 157
106 109
106 118
106 120
106 121
106 125
106 126
106 136
106 140
106 141
106 143
106 146
106 147
106 148
106 152
106 153
106 154
106 156
107 113
107 115
107 125
107 128
107 136
107 137
107 142
107 146
107 147
107 149
107 157
108 115
108 123
108 126
108 128
108 129
108 132
108 135
108 139
108 140
108 141
108 145
108 146
108 147
108 153
109 116
109 117
109 123
109 125
109 129
109 130
109 135
109 137
109 138
109 140
109 143
109 145
109 146
109 149
109 154
109 155
110 111
110 112
110 120
110 129
110 131
110 132
110 136
110 142
110 149
110 151
110 154
110 156
110 157
110 158
110 159
111 113
111 114
111 121
111 123
111 125
111 128
111 131
111 135
111 138
111 141
111 145
111 150
111 154
111 157
111 158
112 120
112 124
112 127
112 133
112 134
112 137
112 138
112 145
112 146
112 150
112 156
112 157
113 116
113 118
113 122
113 126
113 129
113 130
113 133
113 135
113 139
113 141
113 146
113 148
113 155
113 157
113 158
113 159
114 119
114 120
114 121
114 122
114 125
114 129
114 131
114 134
114 136
114 139
114 141
114 148
114 150
114 153
114 156
114 158
114 159
115 116
115 117
115 119
115 121
115 122
115 127
115 133
115 135
115 141
115 143
115 144
115 145
115 146
115 147
115 149
115 150
115 153
115 154
116 118
116 119
116 123
116 124
116 125
116 127
116 131
116 135
116 136
116 139
116 143
116 144
116 147
116 154
117 118
117 120
117 132
117 136
117 140
117 143
117 148
117 156
117 159
118 127
118 128
118 131
118 136
118 137
118 138
118 147
118 153
118 156
118 157
118 158
118 159
119 123
119 128
119 129
119 142
119 146
119 147
119 148
119 150
119 151
119 152
119 153
119 154
119 156
120 121
120 125
120 127
120 128
120 130
120 132
120 133
120 142
120 149
120 154
120 155
120 156
120 157
120 158
121 124
121 129
121 131
121 132
121 134
121 135
121 138
121 146
121 147
121 151
121 159
122 126
122 130
122 134
122 137
122 143
122 146
122 147
122 149
122 153
122 157
123 127
123 131
123 134
123 142
123 144
123 145
123 149
123 156
123 158
124 125
124 127
124 128
124 129
124 135
124 136
124 137
124 139
124 145
124 150
124 155
124 158
124 159
125 126
125 134
125 135
125 138
125 141
125 143
125 146
125 149
125 151
125 152
125 155
125 156
125 157
125 158
126 130
126 131
126 133
126 135
126 138
126 139
126 140
126 144
126 147
126 148
126 152
126 154
126 158
127 132
127 133
127 134
127 138
127 140
127 141
127 142
127 144
127 156
127 157
128 129
128 134
128 135
128 136
128 137
128 138
128 147
128 150
128 155
128 156
128 158
129 135
129 138
129 139
129 142
129 146
129 149
129 155
129 156
129 159
130 134
130 138
130 139
130 140
130 145
130 146
130 147
130 150
130 152
130 155
130 158
130 159
131 132
131 134
131 137
131 140
131 142
131 144
131 147
131 149
131 150
131 151
131 154
131 156
131 157
132 133
132 141
132 145
132 148
132 150
132 155
132 158
133 135
133 140
133 144
133 145
133 148
133 152
133 155
133 158
133 159
134 138
134 140
134 145
134 147
134 148
134 155
135 136
135 137
135 140
135 143
135 149
135 150
135 157
135 159
136 137
136 141
136 142
136 143
136 150
136 152
136 154
136 155
137 142
137 144
137 145
137 148
137 149
137 156
138 139
138 140
138 142
138 154
138 155
138 156
138 159
139 140
139 146
139 156
139 157
139 159
140 144
140 147
140 149
140 150
140 151
140 153
140 158
140 159
141 144
141 148
141 151
141 155
141 156
142 143
142 151
142 154
143 145
143 149
143 155
143 157
143 159
144 145
144 146
144 153
144 156
144 157
145 150
145 152
145 153
145 155
145 156
145 158
146 157
146 159
147 155
147 159
148 153
148 155
148 156
148 158
149 150
149 154
149 155
150 151
150 157
151 155
151 157
151 159
152 158
153 157
153 158
153 159
154 156
154 159
155 156
155 157
155 158
156 159
158 159
48 91 55 152 18 25 42 67
118 14 46 54 51 45 153 30
119 78 35 155 19 110 96 156
87 6 89 40 101 120 114 159
136 144 29 0 94 99 71 139
8 44 4 2 140 154 145 52
107 130 32 85 17 23 127 28
137 9 21 134 103 93 92 37
50 5 73 142 61 34 105 132
60 64 116 84 47 56 63 15
10 49 106 77 151 86 7 117
113 3 13 157 102 124 150 58
111 66 41 108 90 104 11 38
126 24 75 69 68 82 146 27
128 76 79 80 135 88 100 59
149 20 31 39 141 121 148 83
16 138 26 129 12 36 143 74
95 123 109 33 97 1 112 147
43 72 158 125 81 57 98 62
22 122 70 65 115 53 131 133
