200
11930
5
16.95
37.11
11.54
42.23
90.64
0 3
0 4
0 6
0 7
0 8
0 9
0 10
0 11
0 12
0 13
0 15
0 18
0 21
0 22
0 24
0 25
0 27
0 28
0 35
0 36
0 37
0 38
0 40
0 41
0 42
0 43
0 46
0 47
0 50
0 52
0 53
0 54
0 55
0 56
0 58
0 59
0 60
0 61
0 62
0 64
0 66
0 67
0 69
0 70
0 72
0 76
0 77
0 78
0 79
0 80
0 81
0 82
0 85
0 86
0 90
0 92
0 93
0 94
0 98
0 99
0 101
0 102
0 107
0 109
0 113
0 114
0 115
0 116
0 117
0 118
0 121
0 123
0 125
0 126
0 128
0 129
0 130
0 131
0 132
0 133
0 134
0 135
0 136
0 137
0 138
0 139
0 140
0 141
0 142
0 144
0 145
0 146
0 147
0 148
0 150
0 151
0 152
0 153
0 155
0 158
0 159
0 160
0 161
0 162
0 163
0 164
0 165
0 168
0 170
0 172
0 173
0 175
0 177
0 179
0 180
0 181
0 182
0 183
0 184
0 188
0 191
0 192
0 193
0 195
0 197
0 198
0 199
1 2
1 3
1 5
1 6
1 7
1 8
1 9
1 13
1 14
1 16
1 17
1 18
1 19
1 20
1 21
1 23
1 24
1 26
1 29
1 31
1 32
1 34
1 38
1 39
1 40
1 41
1 42
1 46
1 50
1 54
1 55
1 56
1 57
1 62
1 63
1 66
1 68
1 69
1 70
1 72
1 73
1 76
1 77
1 79
1 80
1 81
1 82
1 83
1 85
1 86
1 88
1 89
1 90
1 91
1 93
1 94
1 95
1 96
1 97
1 98
1 99
1 100
1 102
1 105
1 108
1 109
1 110
1 114
1 116
1 117
1 120
1 122
1 126
1 127
1 128
1 129
1 130
1 131
1 132
1 133
1 134
1 136
1 137
1 138
1 139
1 140
1 143
1 145
1 147
1 148
1 149
1 151
1 152
1 156
1 158
1 160
1 161
1 162
1 165
1 166
1 167
1 168
1 169
1 171
1 172
1 173
1 174
1 175
1 176
1 177
1 178
1 181
1 184
1 185
1 186
1 187
1 188
1 189
1 190
1 192
1 193
1 195
1 197
1 199
2 5
2 7
2 8
2 9
2 11
2 12
2 13
2 17
2 18
2 19
2 21
2 24
2 25
2 26
2 28
2 29
2 30
2 31
2 32
2 33
2 35
2 36
2 37
2 38
2 39
2 40
2 41
2 42
2 45
2 46
2 48
2 52
2 53
2 54
2 55
2 56
2 58
2 59
2 60
2 61
2 62
2 63
2 64
2 67
2 68
2 69
2 70
2 72
2 73
2 75
2 76
2 79
2 80
2 84
2 85
2 87
2 88
2 89
2 90
2 91
2 92
2 93
2 94
2 97
2 98
2 100
2 101
2 102
2 104
2 105
2 107
2 108
2 109
2 110
2 111
2 114
2 117
2 118
2 119
2 121
2 122
2 123
2 124
2 127
2 128
2 129
2 132
2 135
2 136
2 137
2 143
2 144
2 145
2 147
2 148
2 149
2 150
2 152
2 153
2 154
2 156
2 158
2 159
2 160
2 161
2 162
2 164
2 167
2 168
2 171
2 173
2 175
2 176
2 177
2 178
2 179
2 180
2 181
2 182
2 183
2 185
2 186
2 188
2 189
2 193
2 194
2 195
2 196
2 197
2 199
3 4
3 6
3 7
3 8
3 9
3 10
3 11
3 13
3 15
3 17
3 18
3 20
3 21
3 22
3 23
3 24
3 25
3 28
3 29
3 30
3 31
3 37
3 38
3 40
3 41
3 42
3 45
3 46
3 47
3 48
3 50
3 51
3 55
3 57
3 58
3 59
3 60
3 61
3 64
3 65
3 67
3 69
3 70
3 71
3 72
3 73
3 74
3 75
3 77
3 78
3 79
3 81
3 84
3 85
3 87
3 88
3 90
3 93
3 95
3 97
3 100
3 101
3 102
3 103
3 104
3 106
3 107
3 109
3 111
3 112
3 113
3 114
3 118
3 119
3 120
3 122
3 124
3 125
3 126
3 128
3 129
3 130
3 131
3 133
3 134
3 136
3 137
3 139
3 140
3 141
3 142
3 147
3 148
3 149
3 150
3 151
3 152
3 155
3 156
3 157
3 158
3 159
3 160
3 161
3 165
3 166
3 167
3 169
3 171
3 173
3 174
3 178
3 179
3 181
3 182
3 183
3 185
3 188
3 190
3 191
3 192
3 194
3 195
3 196
3 199
4 5
4 6
4 8
4 9
4 10
4 14
4 15
4 16
4 17
4 19
4 20
4 23
4 24
4 26
4 27
4 32
4 34
4 36
4 37
4 38
4 42
4 44
4 45
4 47
4 50
4 51
4 53
4 54
4 56
4 57
4 58
4 59
4 60
4 63
4 67
4 69
4 72
4 74
4 80
4 82
4 84
4 86
4 87
4 88
4 90
4 91
4 93
4 94
4 95
4 97
4 98
4 100
4 102
4 103
4 105
4 106
4 107
4 108
4 109
4 111
4 112
4 113
4 115
4 116
4 117
4 118
4 119
4 121
4 124
4 126
4 127
4 129
4 130
4 132
4 133
4 135
4 136
4 137
4 138
4 139
4 140
4 142
4 146
4 147
4 148
4 149
4 151
4 154
4 156
4 157
4 158
4 160
4 162
4 163
4 164
4 165
4 168
4 169
4 170
4 171
4 172
4 176
4 177
4 178
4 180
4 181
4 182
4 186
4 187
4 188
4 189
4 191
4 192
4 194
4 198
5 7
5 8
5 9
5 10
5 12
5 13
5 14
5 15
5 16
5 18
5 22
5 24
5 25
5 26
5 27
5 30
5 34
5 35
5 36
5 38
5 39
5 40
5 41
5 42
5 44
5 45
5 46
5 47
5 50
5 53
5 54
5 55
5 56
5 60
5 61
5 62
5 63
5 64
5 65
5 68
5 70
5 72
5 73
5 75
5 76
5 77
5 78
5 80
5 81
5 84
5 85
5 87
5 89
5 93
5 94
5 95
5 96
5 97
5 99
5 101
5 103
5 104
5 105
5 107
5 108
5 110
5 111
5 115
5 116
5 117
5 118
5 123
5 124
5 126
5 127
5 131
5 133
5 134
5 135
5 136
5 138
5 139
5 141
5 143
5 145
5 146
5 147
5 148
5 149
5 150
5 151
5 152
5 153
5 155
5 157
5 158
5 160
5 163
5 164
5 166
5 167
5 171
5 172
5 174
5 175
5 176
5 177
5 178
5 179
5 180
5 183
5 184
5 187
5 189
5 190
5 191
5 192
5 193
5 194
5 196
5 199
6 8
6 10
6 12
6 13
6 14
6 15
6 16
6 17
6 18
6 19
6 20
6 22
6 23
6 24
6 25
6 26
6 27
6 29
6 30
6 31
6 32
6 33
6 34
6 35
6 36
6 37
6 40
6 41
6 43
6 44
6 46
6 48
6 50
6 51
6 52
6 53
6 55
6 57
6 58
6 60
6 61
6 63
6 64
6 65
6 66
6 67
6 69
6 71
6 73
6 74
6 75
6 76
6 83
6 84
6 85
6 86
6 87
6 88
6 91
6 92
6 94
6 96
6 97
6 99
6 100
6 103
6 104
6 107
6 108
6 109
6 112
6 114
6 115
6 118
6 119
6 121
6 122
6 123
6 125
6 126
6 127
6 129
6 131
6 132
6 135
6 137
6 138
6 139
6 140
6 141
6 144
6 145
6 148
6 151
6 152
6 153
6 156
6 158
6 161
6 162
6 165
6 166
6 167
6 169
6 172
6 173
6 174
6 175
6 176
6 177
6 179
6 180
6 181
6 182
6 183
6 184
6 186
6 187
6 190
6 193
6 194
6 195
6 197
7 8
7 9
7 11
7 12
7 13
7 15
7 18
7 19
7 23
7 24
7 25
7 26
7 27
7 29
7 34
7 35
7 37
7 38
7 39
7 42
7 45
7 47
7 51
7 55
7 56
7 58
7 59
7 60
7 62
7 63
7 64
7 66
7 67
7 68
7 69
7 70
7 72
7 73
7 75
7 77
7 78
7 79
7 80
7 82
7 83
7 84
7 85
7 90
7 91
7 93
7 94
7 97
7 98
7 99
7 100
7 101
7 104
7 108
7 110
7 112
7 116
7 117
7 120
7 121
7 122
7 123
7 126
7 127
7 129
7 131
7 132
7 133
7 135
7 137
7 138
7 142
7 144
7 147
7 148
7 149
7 150
7 151
7 152
7 153
7 157
7 158
7 162
7 163
7 164
7 166
7 167
7 168
7 169
7 171
7 173
7 174
7 175
7 176
7 177
7 179
7 181
7 182
7 183
7 187
7 188
7 189
7 196
7 197
7 198
7 199
8 11
8 12
8 13
8 16
8 17
8 19
8 20
8 21
8 23
8 24
8 26
8 27
8 28
8 29
8 34
8 39
8 40
8 41
8 44
8 45
8 47
8 49
8 53
8 55
8 57
8 58
8 59
8 60
8 61
8 62
8 63
8 64
8 68
8 69
8 70
8 73
8 74
8 76
8 77
8 79
8 80
8 83
8 84
8 85
8 86
8 88
8 89
8 90
8 93
8 94
8 97
8 100
8 101
8 102
8 103
8 104
8 105
8 106
8 107
8 108
8 109
8 110
8 111
8 112
8 114
8 115
8 118
8 119
8 121
8 123
8 124
8 125
8 126
8 128
8 129
8 130
8 133
8 135
8 136
8 137
8 138
8 139
8 140
8 141
8 145
8 147
8 148
8 151
8 152
8 153
8 155
8 156
8 157
8 159
8 160
8 162
8 167
8 169
8 170
8 171
8 172
8 174
8 175
8 177
8 181
8 182
8 183
8 184
8 186
8 187
8 190
8 193
8 194
8 197
8 198
8 199
9 10
9 11
9 12
9 13
9 14
9 15
9 16
9 17
9 18
9 21
9 22
9 24
9 25
9 26
9 27
9 29
9 31
9 32
9 33
9 40
9 41
9 42
9 43
9 44
9 45
9 47
9 49
9 50
9 52
9 53
9 55
9 56
9 60
9 61
9 62
9 63
9 64
9 65
9 68
9 69
9 70
9 71
9 72
9 74
9 75
9 76
9 82
9 85
9 86
9 87
9 91
9 93
9 94
9 100
9 101
9 102
9 103
9 105
9 107
9 108
9 110
9 111
9 112
9 114
9 116
9 119
9 121
9 122
9 124
9 125
9 126
9 131
9 132
9 134
9 137
9 138
9 139
9 140
9 141
9 146
9 149
9 150
9 153
9 155
9 156
9 157
9 158
9 159
9 162
9 165
9 166
9 168
9 169
9 170
9 171
9 173
9 175
9 177
9 178
9 180
9 181
9 183
9 184
9 185
9 186
9 188
9 190
9 191
9 192
9 195
9 197
9 198
10 11
10 13
10 15
10 17
10 18
10 19
10 20
10 21
10 24
10 25
10 27
10 28
10 29
10 30
10 32
10 33
10 34
10 35
10 36
10 38
10 39
10 41
10 45
10 46
10 48
10 49
10 51
10 53
10 54
10 55
10 56
10 57
10 58
10 60
10 61
10 62
10 65
10 66
10 67
10 69
10 70
10 71
10 72
10 74
10 75
10 78
10 79
10 80
10 82
10 84
10 85
10 86
10 87
10 89
10 90
10 91
10 95
10 98
10 100
10 101
10 102
10 103
10 104
10 105
10 106
10 107
10 109
10 110
10 114
10 115
10 116
10 121
10 125
10 127
10 129
10 131
10 132
10 133
10 134
10 135
10 136
10 140
10 141
10 145
10 147
10 148
10 149
10 150
10 151
10 152
10 153
10 154
10 155
10 157
10 158
10 160
10 161
10 162
10 163
10 166
10 167
10 168
10 169
10 171
10 172
10 173
10 174
10 175
10 176
10 177
10 179
10 180
10 181
10 182
10 183
10 184
10 186
10 187
10 190
10 192
10 193
10 194
10 196
10 199
11 12
11 16
11 18
11 19
11 21
11 22
11 25
11 26
11 27
11 29
11 30
11 31
11 34
11 35
11 36
11 38
11 40
11 41
11 42
11 43
11 45
11 46
11 47
11 48
11 51
11 56
11 57
11 61
11 63
11 64
11 66
11 68
11 69
11 70
11 71
11 74
11 76
11 79
11 81
11 82
11 83
11 85
11 86
11 87
11 89
11 94
11 95
11 97
11 100
11 103
11 105
11 106
11 108
11 109
11 112
11 113
11 116
11 117
11 119
11 121
11 122
11 123
11 125
11 127
11 129
11 130
11 131
11 133
11 134
11 135
11 136
11 137
11 138
11 141
11 144
11 145
11 147
11 149
11 153
11 154
11 157
11 158
11 159
11 161
11 163
11 164
11 165
11 168
11 170
11 171
11 172
11 173
11 174
11 176
11 179
11 181
11 182
11 183
11 184
11 185
11 186
11 189
11 190
11 191
11 193
11 194
11 195
11 196
11 197
11 198
12 13
12 14
12 15
12 16
12 18
12 19
12 20
12 22
12 23
12 24
12 26
12 27
12 30
12 32
12 34
12 37
12 39
12 41
12 44
12 48
12 50
12 51
12 52
12 53
12 56
12 57
12 58
12 61
12 63
12 64
12 65
12 66
12 67
12 68
12 70
12 71
12 74
12 76
12 77
12 78
12 79
12 80
12 81
12 86
12 87
12 89
12 91
12 92
12 93
12 94
12 95
12 96
12 97
12 98
12 99
12 100
12 101
12 102
12 104
12 105
12 106
12 107
12 110
12 117
12 118
12 119
12 120
12 121
12 122
12 125
12 127
12 128
12 129
12 131
12 132
12 133
12 134
12 135
12 137
12 139
12 140
12 141
12 142
12 144
12 146
12 147
12 148
12 149
12 150
12 151
12 152
12 153
12 155
12 157
12 158
12 159
12 160
12 161
12 162
12 163
12 164
12 165
12 166
12 167
12 168
12 169
12 171
12 172
12 173
12 174
12 176
12 177
12 178
12 184
12 185
12 186
12 188
12 190
12 193
12 194
12 195
12 197
12 199
13 15
13 16
13 19
13 21
13 22
13 24
13 26
13 27
13 28
13 29
13 32
13 34
13 36
13 37
13 38
13 39
13 40
13 41
13 42
13 43
13 45
13 46
13 47
13 53
13 56
13 57
13 58
13 59
13 60
13 63
13 64
13 65
13 67
13 68
13 70
13 73
13 74
13 75
13 76
13 78
13 79
13 81
13 84
13 86
13 89
13 90
13 93
13 94
13 96
13 97
13 100
13 103
13 104
13 108
13 109
13 110
13 112
13 113
13 114
13 116
13 118
13 119
13 121
13 122
13 126
13 128
13 130
13 131
13 132
13 133
13 134
13 135
13 136
13 138
13 139
13 140
13 141
13 144
13 147
13 149
13 150
13 151
13 152
13 153
13 155
13 156
13 157
13 159
13 161
13 164
13 165
13 167
13 168
13 169
13 170
13 174
13 175
13 176
13 178
13 179
13 180
13 181
13 182
13 183
13 184
13 185
13 188
13 189
13 190
13 191
13 192
13 194
13 196
13 199
14 15
14 16
14 21
14 22
14 23
14 25
14 30
14 31
14 32
14 37
14 39
14 40
14 43
14 45
14 47
14 48
14 49
14 50
14 51
14 52
14 53
14 54
14 57
14 58
14 59
14 61
14 62
14 63
14 64
14 66
14 68
14 70
14 74
14 76
14 77
14 78
14 79
14 80
14 81
14 84
14 86
14 88
14 90
14 91
14 92
14 94
14 95
14 96
14 97
14 98
14 100
14 102
14 103
14 105
14 106
14 108
14 109
14 111
14 114
14 115
14 116
14 117
14 118
14 120
14 122
14 126
14 128
14 129
14 130
14 131
14 132
14 133
14 134
14 136
14 137
14 138
14 140
14 142
14 144
14 145
14 147
14 149
14 150
14 152
14 153
14 154
14 155
14 157
14 158
14 159
14 162
14 164
14 165
14 167
14 168
14 169
14 170
14 171
14 174
14 177
14 178
14 179
14 180
14 182
14 187
14 188
14 191
14 192
14 193
14 195
14 196
14 197
15 18
15 21
15 22
15 23
15 25
15 27
15 29
15 32
15 34
15 36
15 38
15 40
15 42
15 44
15 45
15 46
15 47
15 50
15 51
15 52
15 54
15 55
15 57
15 60
15 62
15 63
15 64
15 65
15 68
15 70
15 72
15 73
15 74
15 77
15 79
15 80
15 82
15 83
15 85
15 86
15 87
15 88
15 89
15 92
15 93
15 94
15 95
15 97
15 98
15 99
15 100
15 102
15 103
15 104
15 106
15 108
15 111
15 113
15 114
15 115
15 118
15 119
15 121
15 124
15 128
15 133
15 134
15 135
15 137
15 138
15 140
15 143
15 146
15 147
15 149
15 150
15 153
15 154
15 155
15 157
15 158
15 161
15 162
15 163
15 165
15 167
15 168
15 169
15 171
15 173
15 174
15 175
15 176
15 177
15 178
15 180
15 181
15 183
15 184
15 185
15 186
15 187
15 188
15 189
15 192
15 194
15 195
15 196
15 197
15 198
15 199
16 21
16 23
16 26
16 27
16 28
16 31
16 32
16 33
16 34
16 35
16 37
16 38
16 39
16 42
16 43
16 44
16 45
16 46
16 48
16 51
16 53
16 55
16 56
16 57
16 59
16 60
16 61
16 62
16 63
16 65
16 66
16 74
16 75
16 77
16 78
16 79
16 80
16 81
16 82
16 83
16 84
16 86
16 89
16 91
16 92
16 94
16 101
16 102
16 103
16 104
16 106
16 107
16 108
16 109
16 110
16 114
16 115
16 117
16 118
16 119
16 120
16 121
16 123
16 124
16 125
16 126
16 127
16 128
16 131
16 132
16 133
16 134
16 135
16 137
16 138
16 139
16 140
16 141
16 144
16 145
16 146
16 147
16 148
16 149
16 150
16 151
16 152
16 154
16 155
16 156
16 158
16 159
16 162
16 164
16 165
16 166
16 168
16 169
16 170
16 171
16 172
16 173
16 174
16 177
16 178
16 179
16 181
16 182
16 183
16 185
16 187
16 188
16 192
16 193
16 194
16 195
16 197
16 198
17 18
17 20
17 23
17 25
17 26
17 27
17 28
17 29
17 30
17 31
17 32
17 35
17 37
17 38
17 39
17 41
17 45
17 46
17 48
17 50
17 51
17 55
17 57
17 58
17 59
17 60
17 61
17 62
17 64
17 65
17 66
17 67
17 68
17 69
17 71
17 72
17 75
17 76
17 77
17 78
17 83
17 86
17 87
17 88
17 89
17 91
17 94
17 95
17 96
17 97
17 98
17 100
17 101
17 102
17 103
17 105
17 106
17 107
17 108
17 110
17 111
17 112
17 114
17 115
17 119
17 122
17 124
17 125
17 126
17 127
17 130
17 132
17 133
17 134
17 135
17 136
17 137
17 141
17 142
17 143
17 144
17 146
17 147
17 148
17 150
17 151
17 152
17 153
17 154
17 155
17 156
17 159
17 161
17 162
17 164
17 165
17 168
17 169
17 170
17 173
17 175
17 179
17 180
17 181
17 185
17 186
17 191
17 195
17 196
17 197
17 199
18 19
18 20
18 21
18 22
18 23
18 24
18 25
18 26
18 27
18 28
18 29
18 30
18 32
18 33
18 34
18 36
18 37
18 38
18 39
18 40
18 41
18 42
18 43
18 44
18 45
18 46
18 47
18 48
18 49
18 50
18 51
18 53
18 54
18 57
18 58
18 59
18 61
18 64
18 65
18 66
18 67
18 71
18 79
18 82
18 83
18 84
18 86
18 89
18 90
18 92
18 93
18 94
18 99
18 101
18 102
18 104
18 105
18 108
18 110
18 111
18 117
18 118
18 120
18 121
18 122
18 123
18 125
18 127
18 128
18 129
18 131
18 132
18 136
18 137
18 139
18 141
18 143
18 144
18 146
18 149
18 150
18 152
18 154
18 157
18 158
18 160
18 161
18 165
18 166
18 167
18 171
18 172
18 173
18 174
18 175
18 178
18 179
18 180
18 181
18 183
18 184
18 185
18 190
18 191
18 192
18 193
18 194
18 195
18 199
19 20
19 21
19 22
19 26
19 28
19 31
19 32
19 33
19 36
19 38
19 39
19 40
19 41
19 44
19 46
19 48
19 49
19 52
19 53
19 55
19 56
19 57
19 58
19 59
19 61
19 62
19 68
19 71
19 73
19 74
19 76
19 77
19 81
19 82
19 83
19 84
19 86
19 90
19 91
19 93
19 94
19 95
19 96
19 98
19 102
19 103
19 105
19 109
19 110
19 111
19 113
19 116
19 117
19 119
19 123
19 124
19 125
19 127
19 128
19 129
19 130
19 134
19 135
19 136
19 138
19 141
19 142
19 144
19 150
19 152
19 155
19 156
19 159
19 160
19 161
19 164
19 165
19 166
19 168
19 171
19 172
19 174
19 176
19 179
19 180
19 182
19 184
19 185
19 187
19 189
19 190
19 191
19 192
19 193
19 194
19 196
19 197
19 198
19 199
20 21
20 24
20 25
20 26
20 28
20 32
20 33
20 35
20 38
20 39
20 40
20 42
20 44
20 45
20 46
20 50
20 52
20 53
20 56
20 57
20 58
20 59
20 60
20 61
20 65
20 67
20 70
20 72
20 74
20 76
20 78
20 79
20 80
20 81
20 82
20 83
20 84
20 85
20 86
20 87
20 88
20 89
20 92
20 94
20 95
20 96
20 97
20 98
20 100
20 101
20 104
20 107
20 108
20 111
20 112
20 113
20 114
20 115
20 116
20 117
20 118
20 119
20 120
20 122
20 123
20 126
20 129
20 130
20 131
20 132
20 134
20 135
20 137
20 139
20 140
20 141
20 142
20 143
20 146
20 148
20 149
20 150
20 151
20 152
20 153
20 154
20 158
20 159
20 162
20 163
20 165
20 169
20 171
20 172
20 173
20 174
20 176
20 177
20 178
20 179
20 182
20 183
20 185
20 186
20 189
20 191
20 192
20 195
20 197
20 198
20 199
21 22
21 23
21 25
21 26
21 28
21 29
21 30
21 33
21 36
21 37
21 38
21 40
21 41
21 42
21 46
21 48
21 49
21 53
21 56
21 58
21 59
21 60
21 61
21 62
21 63
21 64
21 65
21 66
21 68
21 69
21 70
21 72
21 73
21 74
21 75
21 77
21 78
21 79
21 80
21 82
21 85
21 86
21 88
21 89
21 91
21 93
21 94
21 95
21 97
21 100
21 101
21 102
21 103
21 104
21 105
21 106
21 107
21 112
21 113
21 116
21 117
21 118
21 121
21 122
21 124
21 125
21 126
21 128
21 129
21 130
21 131
21 134
21 135
21 136
21 138
21 139
21 141
21 143
21 145
21 146
21 147
21 149
21 150
21 155
21 156
21 157
21 161
21 163
21 164
21 167
21 168
21 170
21 171
21 172
21 173
21 174
21 175
21 178
21 180
21 181
21 182
21 183
21 186
21 187
21 189
21 190
21 193
21 195
21 196
21 198
21 199
22 26
22 27
22 30
22 32
22 34
22 35
22 36
22 37
22 38
22 39
22 40
22 47
22 49
22 50
22 51
22 52
22 53
22 54
22 57
22 58
22 60
22 61
22 63
22 65
22 66
22 68
22 71
22 73
22 74
22 75
22 76
22 78
22 79
22 80
22 83
22 84
22 85
22 86
22 87
22 88
22 89
22 93
22 95
22 96
22 97
22 102
22 103
22 104
22 105
22 106
22 107
22 110
22 111
22 114
22 115
22 116
22 117
22 122
22 126
22 128
22 129
22 130
22 131
22 132
22 134
22 136
22 137
22 138
22 139
22 140
22 141
22 142
22 144
22 145
22 148
22 149
22 151
22 152
22 155
22 156
22 159
22 160
22 161
22 163
22 165
22 166
22 167
22 170
22 171
22 176
22 178
22 181
22 182
22 184
22 185
22 187
22 190
22 191
22 193
22 194
22 196
22 197
22 198
23 24
23 25
23 27
23 29
23 31
23 35
23 36
23 37
23 38
23 39
23 40
23 41
23 42
23 43
23 44
23 45
23 47
23 49
23 51
23 52
23 53
23 54
23 55
23 56
23 57
23 61
23 62
23 63
23 64
23 67
23 68
23 70
23 72
23 73
23 74
23 75
23 77
23 78
23 81
23 82
23 83
23 84
23 85
23 86
23 88
23 89
23 90
23 93
23 94
23 96
23 97
23 98
23 99
23 101
23 103
23 104
23 106
23 112
23 113
23 114
23 115
23 116
23 117
23 118
23 120
23 123
23 124
23 125
23 126
23 128
23 129
23 131
23 132
23 133
23 134
23 136
23 141
23 144
23 145
23 146
23 147
23 148
23 149
23 150
23 151
23 152
23 153
23 154
23 155
23 158
23 159
23 160
23 161
23 162
23 164
23 165
23 166
23 167
23 168
23 169
23 172
23 174
23 175
23 178
23 180
23 181
23 182
23 183
23 188
23 189
23 190
23 191
23 192
23 197
23 198
24 28
24 34
24 36
24 37
24 39
24 43
24 45
24 47
24 49
24 50
24 51
24 53
24 54
24 57
24 58
24 59
24 60
24 61
24 66
24 67
24 72
24 73
24 74
24 75
24 76
24 77
24 87
24 89
24 90
24 91
24 93
24 94
24 95
24 96
24 97
24 98
24 99
24 101
24 103
24 104
24 108
24 109
24 110
24 113
24 114
24 115
24 117
24 118
24 119
24 121
24 122
24 123
24 124
24 127
24 129
24 132
24 135
24 136
24 139
24 142
24 143
24 145
24 146
24 149
24 150
24 155
24 156
24 159
24 160
24 164
24 165
24 166
24 168
24 169
24 175
24 176
24 177
24 178
24 179
24 181
24 182
24 184
24 188
24 189
24 190
24 191
24 192
24 193
24 194
24 195
24 196
25 26
25 28
25 30
25 31
25 32
25 33
25 34
25 35
25 36
25 37
25 38
25 40
25 41
25 44
25 46
25 53
25 54
25 56
25 57
25 58
25 59
25 60
25 62
25 63
25 64
25 66
25 67
25 68
25 70
25 71
25 72
25 73
25 74
25 76
25 77
25 79
25 80
25 81
25 83
25 84
25 85
25 87
25 89
25 90
25 92
25 94
25 96
25 98
25 99
25 100
25 102
25 103
25 105
25 106
25 107
25 108
25 109
25 112
25 113
25 115
25 116
25 117
25 118
25 119
25 120
25 121
25 122
25 123
25 124
25 126
25 127
25 130
25 133
25 135
25 136
25 141
25 142
25 144
25 145
25 146
25 147
25 148
25 150
25 152
25 153
25 155
25 156
25 158
25 160
25 164
25 165
25 166
25 167
25 168
25 169
25 170
25 171
25 172
25 174
25 175
25 177
25 178
25 179
25 182
25 183
25 185
25 188
25 189
25 190
25 191
25 193
25 194
25 195
25 196
25 197
25 198
26 34
26 36
26 37
26 41
26 42
26 43
26 45
26 48
26 49
26 50
26 52
26 53
26 54
26 56
26 57
26 59
26 61
26 64
26 65
26 67
26 68
26 70
26 71
26 72
26 73
26 75
26 76
26 78
26 79
26 84
26 85
26 86
26 87
26 88
26 89
26 93
26 94
26 95
26 97
26 99
26 101
26 102
26 103
26 104
26 105
26 106
26 108
26 110
26 112
26 115
26 116
26 118
26 119
26 120
26 122
26 124
26 125
26 126
26 129
26 130
26 133
26 134
26 135
26 137
26 138
26 142
26 145
26 147
26 148
26 149
26 150
26 151
26 155
26 157
26 158
26 159
26 160
26 161
26 163
26 165
26 166
26 167
26 168
26 171
26 172
26 173
26 177
26 179
26 180
26 181
26 182
26 183
26 184
26 185
26 187
26 188
26 189
26 190
26 192
26 193
26 196
26 197
27 29
27 31
27 33
27 34
27 36
27 37
27 39
27 40
27 43
27 44
27 49
27 50
27 51
27 53
27 54
27 61
27 62
27 63
27 64
27 65
27 67
27 68
27 69
27 70
27 72
27 76
27 78
27 81
27 82
27 86
27 87
27 89
27 92
27 93
27 97
27 98
27 99
27 100
27 101
27 106
27 107
27 108
27 110
27 111
27 113
27 114
27 115
27 116
27 118
27 119
27 120
27 121
27 123
27 124
27 125
27 127
27 128
27 129
27 130
27 131
27 135
27 136
27 137
27 138
27 139
27 140
27 141
27 143
27 144
27 146
27 147
27 148
27 149
27 150
27 152
27 155
27 158
27 162
27 163
27 165
27 166
27 168
27 169
27 170
27 171
27 174
27 175
27 177
27 178
27 181
27 182
27 183
27 184
27 187
27 189
27 190
27 191
27 192
27 194
27 196
27 197
27 198
28 29
28 33
28 36
28 38
28 39
28 40
28 41
28 43
28 44
28 46
28 48
28 50
28 51
28 54
28 55
28 57
28 58
28 61
28 66
28 68
28 70
28 71
28 72
28 73
28 75
28 77
28 79
28 80
28 82
28 83
28 84
28 85
28 86
28 87
28 88
28 89
28 90
28 92
28 93
28 95
28 98
28 99
28 102
28 105
28 108
28 109
28 110
28 111
28 112
28 113
28 116
28 117
28 119
28 120
28 121
28 122
28 123
28 125
28 126
28 127
28 128
28 131
28 135
28 136
28 142
28 143
28 146
28 148
28 149
28 151
28 152
28 153
28 154
28 156
28 158
28 161
28 163
28 164
28 165
28 166
28 167
28 169
28 174
28 175
28 176
28 178
28 179
28 181
28 185
28 188
28 189
28 191
28 192
28 193
28 194
28 195
28 199
29 32
29 33
29 35
29 36
29 38
29 39
29 40
29 42
29 43
29 45
29 48
29 49
29 51
29 54
29 55
29 56
29 57
29 58
29 59
29 61
29 64
29 65
29 68
29 69
29 71
29 72
29 73
29 74
29 75
29 76
29 78
29 81
29 84
29 86
29 87
29 90
29 91
29 92
29 93
29 94
29 95
29 96
29 98
29 101
29 104
29 105
29 107
29 110
29 111
29 112
29 113
29 116
29 117
29 119
29 120
29 121
29 124
29 126
29 127
29 130
29 133
29 135
29 136
29 141
29 142
29 144
29 150
29 152
29 153
29 154
29 156
29 161
29 162
29 163
29 165
29 166
29 168
29 171
29 173
29 174
29 177
29 180
29 181
29 183
29 184
29 186
29 187
29 188
29 189
29 193
29 196
29 197
29 198
29 199
30 35
30 37
30 39
30 40
30 42
30 43
30 46
30 47
30 48
30 49
30 50
30 52
30 54
30 56
30 57
30 58
30 59
30 60
30 62
30 63
30 64
30 66
30 67
30 70
30 73
30 74
30 75
30 76
30 77
30 80
30 85
30 86
30 87
30 88
30 90
30 91
30 92
30 93
30 95
30 96
30 99
30 101
30 102
30 103
30 104
30 108
30 109
30 110
30 111
30 113
30 114
30 115
30 116
30 119
30 122
30 124
30 126
30 128
30 129
30 130
30 131
30 133
30 135
30 138
30 139
30 141
30 143
30 144
30 145
30 146
30 148
30 149
30 150
30 151
30 153
30 154
30 155
30 156
30 157
30 159
30 160
30 164
30 165
30 166
30 169
30 170
30 173
30 174
30 176
30 177
30 178
30 179
30 180
30 181
30 184
30 186
30 187
30 188
30 189
30 193
30 194
30 195
30 196
30 197
30 198
30 199
31 32
31 36
31 37
31 40
31 41
31 43
31 44
31 45
31 47
31 48
31 49
31 50
31 51
31 56
31 58
31 59
31 60
31 63
31 64
31 65
31 66
31 68
31 70
31 72
31 74
31 77
31 80
31 81
31 82
31 83
31 85
31 87
31 88
31 89
31 90
31 91
31 92
31 95
31 97
31 99
31 101
31 102
31 103
31 105
31 108
31 109
31 110
31 111
31 112
31 113
31 117
31 118
31 119
31 122
31 123
31 124
31 126
31 127
31 128
31 129
31 130
31 131
31 135
31 136
31 137
31 138
31 139
31 140
31 145
31 149
31 150
31 151
31 153
31 156
31 158
31 161
31 162
31 163
31 164
31 166
31 168
31 169
31 170
31 172
31 173
31 174
31 176
31 178
31 179
31 180
31 182
31 183
31 184
31 185
31 188
31 189
31 190
31 191
31 193
31 194
31 195
31 199
32 33
32 36
32 38
32 39
32 41
32 42
32 43
32 44
32 45
32 47
32 48
32 49
32 52
32 54
32 61
32 62
32 64
32 65
32 66
32 70
32 71
32 72
32 73
32 76
32 77
32 78
32 79
32 82
32 86
32 87
32 90
32 91
32 93
32 94
32 95
32 99
32 100
32 101
32 102
32 106
32 107
32 108
32 109
32 112
32 113
32 114
32 115
32 116
32 117
32 118
32 119
32 120
32 121
32 124
32 125
32 126
32 130
32 132
32 133
32 134
32 137
32 138
32 139
32 141
32 146
32 147
32 148
32 154
32 156
32 157
32 158
32 159
32 160
32 163
32 165
32 167
32 168
32 169
32 172
32 173
32 176
32 177
32 178
32 179
32 180
32 182
32 183
32 184
32 185
32 186
32 188
32 189
32 192
32 194
32 195
32 197
32 199
33 34
33 39
33 40
33 41
33 42
33 44
33 45
33 46
33 48
33 49
33 50
33 51
33 53
33 55
33 58
33 59
33 61
33 67
33 69
33 70
33 71
33 72
33 74
33 75
33 76
33 78
33 79
33 80
33 81
33 84
33 86
33 88
33 89
33 90
33 95
33 98
33 100
33 102
33 103
33 104
33 105
33 106
33 107
33 109
33 111
33 112
33 113
33 114
33 115
33 119
33 122
33 123
33 124
33 125
33 126
33 130
33 132
33 134
33 135
33 136
33 138
33 139
33 140
33 141
33 142
33 145
33 149
33 150
33 152
33 153
33 154
33 155
33 157
33 158
33 159
33 160
33 162
33 163
33 166
33 168
33 169
33 170
33 172
33 173
33 175
33 176
33 177
33 178
33 180
33 181
33 185
33 186
33 188
33 197
33 198
33 199
34 35
34 37
34 38
34 39
34 40
34 42
34 44
34 46
34 47
34 49
34 54
34 56
34 57
34 58
34 62
34 63
34 64
34 67
34 68
34 69
34 70
34 71
34 74
34 76
34 78
34 81
34 82
34 83
34 84
34 86
34 87
34 88
34 91
34 93
34 94
34 95
34 96
34 97
34 99
34 102
34 104
34 105
34 108
34 109
34 111
34 112
34 113
34 114
34 115
34 116
34 117
34 120
34 121
34 123
34 124
34 127
34 128
34 130
34 131
34 133
34 134
34 140
34 141
34 143
34 144
34 145
34 146
34 148
34 151
34 155
34 156
34 158
34 159
34 162
34 165
34 166
34 167
34 169
34 170
34 172
34 173
34 175
34 176
34 177
34 178
34 180
34 184
34 185
34 186
34 188
34 189
34 191
34 192
34 193
34 194
34 195
34 196
34 199
35 37
35 38
35 39
35 41
35 44
35 45
35 46
35 48
35 50
35 51
35 52
35 54
35 55
35 58
35 59
35 60
35 63
35 64
35 65
35 67
35 69
35 74
35 76
35 77
35 79
35 80
35 84
35 85
35 86
35 87
35 88
35 90
35 91
35 96
35 98
35 99
35 102
35 103
35 105
35 106
35 108
35 110
35 111
35 113
35 115
35 116
35 117
35 118
35 119
35 120
35 122
35 123
35 124
35 125
35 126
35 128
35 129
35 131
35 133
35 134
35 136
35 137
35 138
35 140
35 141
35 143
35 145
35 146
35 149
35 150
35 155
35 156
35 158
35 160
35 161
35 162
35 163
35 164
35 165
35 167
35 168
35 171
35 172
35 175
35 178
35 180
35 181
35 183
35 184
35 185
35 186
35 187
35 190
35 195
35 196
35 197
35 199
36 39
36 43
36 47
36 48
36 52
36 54
36 56
36 57
36 58
36 59
36 60
36 61
36 63
36 65
36 66
36 67
36 68
36 69
36 72
36 74
36 75
36 78
36 79
36 80
36 81
36 86
36 87
36 88
36 89
36 90
36 95
36 96
36 99
36 100
36 102
36 103
36 104
36 106
36 107
36 109
36 111
36 114
36 115
36 117
36 119
36 120
36 122
36 123
36 124
36 125
36 126
36 127
36 128
36 129
36 130
36 135
36 138
36 139
36 143
36 144
36 145
36 146
36 148
36 149
36 150
36 151
36 152
36 157
36 159
36 160
36 161
36 165
36 166
36 167
36 168
36 171
36 172
36 173
36 175
36 176
36 177
36 178
36 179
36 180
36 183
36 186
36 187
36 190
36 191
36 194
36 195
36 196
36 197
37 38
37 39
37 41
37 42
37 44
37 45
37 48
37 50
37 52
37 53
37 55
37 56
37 59
37 60
37 61
37 62
37 63
37 64
37 66
37 68
37 70
37 72
37 74
37 75
37 76
37 78
37 79
37 81
37 83
37 84
37 85
37 90
37 94
37 96
37 98
37 99
37 101
37 103
37 106
37 107
37 109
37 110
37 111
37 112
37 113
37 115
37 120
37 121
37 123
37 124
37 125
37 126
37 127
37 130
37 131
37 136
37 140
37 142
37 144
37 145
37 146
37 147
37 148
37 149
37 151
37 157
37 159
37 162
37 163
37 164
37 168
37 170
37 171
37 172
37 173
37 174
37 176
37 177
37 180
37 181
37 182
37 183
37 185
37 186
37 191
37 193
37 195
37 196
37 197
37 198
38 39
38 42
38 44
38 45
38 46
38 48
38 49
38 50
38 51
38 52
38 53
38 54
38 55
38 56
38 57
38 60
38 61
38 62
38 66
38 67
38 68
38 69
38 72
38 73
38 74
38 75
38 76
38 78
38 79
38 80
38 82
38 83
38 85
38 86
38 89
38 90
38 91
38 92
38 93
38 97
38 99
38 100
38 102
38 103
38 106
38 107
38 108
38 109
38 111
38 112
38 113
38 114
38 115
38 117
38 119
38 120
38 122
38 123
38 125
38 126
38 127
38 129
38 131
38 135
38 137
38 138
38 139
38 142
38 143
38 145
38 147
38 149
38 150
38 152
38 153
38 154
38 155
38 156
38 158
38 159
38 160
38 161
38 162
38 163
38 164
38 165
38 166
38 167
38 168
38 169
38 173
38 175
38 179
38 181
38 185
38 188
38 192
38 193
38 195
38 196
38 197
38 198
38 199
39 40
39 41
39 44
39 45
39 46
39 49
39 50
39 51
39 53
39 54
39 56
39 57
39 58
39 59
39 60
39 62
39 63
39 64
39 65
39 71
39 73
39 74
39 77
39 78
39 80
39 81
39 82
39 83
39 84
39 85
39 89
39 92
39 94
39 96
39 98
39 99
39 102
39 104
39 105
39 106
39 110
39 111
39 112
39 114
39 115
39 117
39 118
39 119
39 120
39 123
39 124
39 125
39 126
39 129
39 130
39 131
39 132
39 133
39 135
39 137
39 141
39 143
39 144
39 146
39 150
39 153
39 154
39 155
39 158
39 159
39 160
39 162
39 168
39 169
39 173
39 175
39 176
39 177
39 178
39 179
39 181
39 183
39 185
39 186
39 188
39 189
39 190
39 191
39 193
39 196
39 197
39 199
40 41
40 42
40 44
40 45
40 46
40 47
40 50
40 52
40 57
40 59
40 60
40 65
40 66
40 68
40 70
40 71
40 74
40 76
40 77
40 78
40 80
40 81
40 82
40 83
40 84
40 85
40 86
40 87
40 89
40 91
40 92
40 93
40 94
40 95
40 99
40 100
40 102
40 104
40 106
40 110
40 111
40 115
40 116
40 117
40 118
40 119
40 121
40 125
40 126
40 127
40 128
40 130
40 131
40 132
40 135
40 137
40 139
40 141
40 142
40 143
40 144
40 145
40 146
40 148
40 150
40 154
40 155
40 157
40 158
40 160
40 162
40 163
40 164
40 166
40 167
40 168
40 170
40 174
40 175
40 177
40 178
40 179
40 180
40 181
40 183
40 184
40 185
40 186
40 187
40 188
40 190
40 191
40 192
40 194
40 195
40 196
40 197
40 198
40 199
41 44
41 45
41 49
41 52
41 53
41 55
41 57
41 58
41 59
41 60
41 61
41 62
41 65
41 66
41 68
41 70
41 75
41 76
41 78
41 79
41 82
41 83
41 85
41 86
41 87
41 88
41 89
41 90
41 95
41 97
41 100
41 101
41 102
41 103
41 107
41 108
41 109
41 110
41 115
41 116
41 117
41 119
41 120
41 123
41 124
41 125
41 128
41 131
41 132
41 134
41 135
41 138
41 141
41 143
41 144
41 145
41 147
41 149
41 150
41 151
41 152
41 154
41 155
41 157
41 158
41 159
41 161
41 162
41 164
41 165
41 166
41 168
41 172
41 173
41 176
41 180
41 181
41 182
41 186
41 187
41 189
41 191
41 192
41 193
41 194
41 195
41 197
41 198
41 199
42 43
42 44
42 47
42 50
42 51
42 52
42 54
42 55
42 57
42 60
42 61
42 64
42 66
42 69
42 71
42 74
42 75
42 76
42 78
42 80
42 81
42 84
42 85
42 86
42 87
42 88
42 91
42 93
42 95
42 102
42 104
42 106
42 107
42 108
42 110
42 111
42 112
42 113
42 114
42 117
42 118
42 120
42 121
42 126
42 127
42 129
42 130
42 131
42 132
42 136
42 137
42 139
42 141
42 143
42 144
42 145
42 147
42 148
42 150
42 153
42 155
42 158
42 163
42 166
42 168
42 170
42 171
42 174
42 175
42 176
42 177
42 179
42 180
42 181
42 182
42 185
42 186
42 187
42 188
42 189
42 190
42 191
42 192
42 194
42 195
42 196
42 198
43 45
43 48
43 49
43 50
43 51
43 52
43 55
43 56
43 57
43 59
43 60
43 62
43 65
43 66
43 67
43 68
43 69
43 70
43 71
43 75
43 76
43 77
43 78
43 80
43 82
43 83
43 84
43 89
43 90
43 91
43 92
43 93
43 94
43 95
43 96
43 99
43 100
43 102
43 103
43 105
43 107
43 108
43 109
43 110
43 111
43 112
43 113
43 114
43 115
43 116
43 120
43 121
43 122
43 126
43 127
43 128
43 129
43 130
43 133
43 134
43 135
43 138
43 143
43 144
43 145
43 146
43 147
43 149
43 150
43 152
43 153
43 154
43 155
43 156
43 157
43 160
43 165
43 168
43 170
43 171
43 172
43 173
43 175
43 176
43 178
43 182
43 183
43 184
43 185
43 187
43 188
43 191
43 192
43 193
43 194
43 195
43 196
43 199
44 49
44 51
44 52
44 56
44 58
44 61
44 62
44 63
44 64
44 66
44 67
44 69
44 72
44 73
44 75
44 77
44 78
44 80
44 83
44 84
44 89
44 92
44 93
44 94
44 96
44 98
44 100
44 102
44 103
44 106
44 107
44 108
44 110
44 111
44 112
44 116
44 117
44 119
44 121
44 122
44 124
44 125
44 126
44 130
44 131
44 132
44 133
44 134
44 135
44 139
44 140
44 141
44 143
44 144
44 145
44 146
44 147
44 148
44 150
44 151
44 153
44 155
44 156
44 158
44 159
44 161
44 163
44 166
44 170
44 172
44 173
44 174
44 175
44 177
44 179
44 180
44 183
44 184
44 186
44 188
44 189
44 190
44 192
44 195
44 196
44 198
45 46
45 47
45 49
45 50
45 52
45 53
45 54
45 55
45 56
45 58
45 60
45 62
45 64
45 65
45 66
45 67
45 69
45 70
45 71
45 72
45 73
45 74
45 75
45 77
45 78
45 79
45 82
45 83
45 84
45 85
45 87
45 89
45 91
45 93
45 94
45 95
45 97
45 98
45 99
45 100
45 101
45 102
45 104
45 105
45 107
45 108
45 109
45 110
45 112
45 113
45 115
45 117
45 118
45 119
45 122
45 125
45 126
45 128
45 131
45 132
45 133
45 134
45 135
45 140
45 141
45 142
45 143
45 146
45 147
45 148
45 150
45 151
45 154
45 156
45 157
45 159
45 161
45 162
45 165
45 167
45 170
45 171
45 173
45 174
45 176
45 177
45 178
45 182
45 183
45 184
45 185
45 186
45 187
45 188
45 189
45 190
45 191
45 192
45 193
45 194
45 196
45 197
46 48
46 49
46 50
46 51
46 52
46 53
46 55
46 57
46 58
46 59
46 65
46 66
46 67
46 68
46 70
46 71
46 72
46 74
46 75
46 76
46 77
46 78
46 79
46 85
46 86
46 87
46 91
46 92
46 95
46 96
46 97
46 98
46 99
46 101
46 102
46 103
46 104
46 105
46 106
46 111
46 114
46 115
46 116
46 118
46 119
46 120
46 121
46 123
46 125
46 126
46 127
46 128
46 130
46 131
46 132
46 136
46 137
46 138
46 140
46 142
46 143
46 144
46 146
46 148
46 149
46 153
46 156
46 158
46 159
46 163
46 164
46 165
46 166
46 170
46 172
46 173
46 174
46 175
46 178
46 180
46 181
46 182
46 184
46 185
46 190
46 191
46 192
46 194
46 196
46 197
47 48
47 50
47 51
47 52
47 53
47 56
47 57
47 58
47 59
47 61
47 62
47 63
47 64
47 67
47 68
47 69
47 70
47 72
47 73
47 74
47 76
47 77
47 78
47 79
47 81
47 82
47 84
47 85
47 86
47 89
47 91
47 92
47 94
47 97
47 98
47 100
47 102
47 103
47 104
47 105
47 107
47 108
47 111
47 113
47 114
47 116
47 118
47 119
47 121
47 125
47 126
47 127
47 129
47 130
47 133
47 135
47 136
47 137
47 138
47 140
47 141
47 142
47 143
47 144
47 147
47 149
47 155
47 157
47 158
47 159
47 161
47 162
47 163
47 166
47 167
47 168
47 170
47 171
47 172
47 173
47 174
47 175
47 179
47 183
47 184
47 185
47 187
47 189
47 190
47 191
47 192
47 193
47 195
47 196
47 197
47 198
47 199
48 49
48 50
48 53
48 54
48 55
48 57
48 63
48 65
48 66
48 67
48 70
48 72
48 73
48 75
48 76
48 79
48 80
48 82
48 83
48 86
48 87
48 89
48 91
48 92
48 94
48 95
48 96
48 97
48 98
48 99
48 100
48 101
48 102
48 103
48 106
48 108
48 113
48 115
48 117
48 119
48 121
48 122
48 124
48 125
48 126
48 128
48 131
48 133
48 137
48 138
48 139
48 140
48 141
48 142
48 143
48 144
48 146
48 147
48 148
48 149
48 152
48 153
48 154
48 155
48 156
48 157
48 158
48 159
48 160
48 162
48 166
48 167
48 170
48 172
48 174
48 175
48 177
48 178
48 179
48 180
48 181
48 183
48 184
48 185
48 187
48 188
48 191
48 194
48 196
48 197
48 199
49 50
49 52
49 53
49 54
49 55
49 57
49 63
49 64
49 66
49 68
49 69
49 70
49 73
49 76
49 77
49 78
49 80
49 81
49 83
49 84
49 85
49 86
49 87
49 88
49 89
49 91
49 94
49 95
49 98
49 99
49 100
49 101
49 105
49 107
49 108
49 109
49 111
49 112
49 113
49 114
49 115
49 117
49 119
49 123
49 124
49 125
49 127
49 129
49 130
49 131
49 132
49 133
49 135
49 136
49 138
49 141
49 144
49 146
49 147
49 149
49 151
49 152
49 153
49 154
49 155
49 156
49 159
49 162
49 164
49 165
49 166
49 167
49 168
49 169
49 172
49 175
49 180
49 182
49 183
49 184
49 185
49 187
49 188
49 189
49 190
49 191
49 193
49 195
49 197
49 198
49 199
50 53
50 57
50 58
50 60
50 61
50 65
50 66
50 68
50 70
50 72
50 73
50 74
50 75
50 78
50 79
50 80
50 81
50 83
50 84
50 85
50 86
50 87
50 90
50 92
50 94
50 96
50 98
50 99
50 100
50 102
50 103
50 104
50 106
50 107
50 109
50 113
50 115
50 118
50 119
50 121
50 125
50 126
50 128
50 129
50 130
50 132
50 134
50 135
50 139
50 140
50 141
50 144
50 145
50 146
50 147
50 149
50 150
50 152
50 153
50 155
50 156
50 157
50 158
50 160
50 162
50 163
50 165
50 166
50 168
50 169
50 170
50 171
50 175
50 176
50 177
50 179
50 182
50 184
50 186
50 187
50 188
50 190
50 191
50 192
50 193
50 195
50 196
50 199
51 52
51 53
51 54
51 57
51 58
51 61
51 64
51 67
51 68
51 71
51 72
51 73
51 75
51 76
51 78
51 79
51 81
51 84
51 85
51 86
51 88
51 89
51 91
51 92
51 93
51 95
51 96
51 102
51 104
51 105
51 106
51 107
51 108
51 111
51 115
51 117
51 118
51 119
51 120
51 121
51 122
51 123
51 124
51 126
51 127
51 128
51 131
51 132
51 134
51 135
51 139
51 140
51 141
51 142
51 146
51 148
51 149
51 150
51 151
51 153
51 155
51 156
51 158
51 160
51 161
51 163
51 165
51 166
51 167
51 169
51 172
51 173
51 174
51 175
51 176
51 177
51 178
51 181
51 182
51 184
51 187
51 188
51 189
51 190
51 193
51 194
51 197
52 54
52 55
52 57
52 58
52 59
52 61
52 62
52 64
52 65
52 66
52 69
52 70
52 72
52 76
52 77
52 78
52 79
52 81
52 82
52 83
52 84
52 85
52 86
52 89
52 90
52 91
52 92
52 93
52 94
52 95
52 97
52 98
52 100
52 102
52 103
52 107
52 109
52 112
52 114
52 117
52 118
52 119
52 120
52 122
52 123
52 124
52 125
52 127
52 128
52 130
52 131
52 132
52 134
52 135
52 138
52 139
52 140
52 141
52 142
52 143
52 144
52 145
52 146
52 148
52 149
52 150
52 151
52 154
52 158
52 159
52 162
52 163
52 164
52 165
52 168
52 170
52 171
52 172
52 173
52 174
52 175
52 176
52 177
52 178
52 179
52 180
52 184
52 185
52 186
52 187
52 188
52 190
52 191
52 192
52 193
52 194
52 197
52 198
52 199
53 56
53 57
53 59
53 60
53 64
53 65
53 70
53 73
53 76
53 77
53 78
53 79
53 82
53 83
53 85
53 86
53 88
53 89
53 92
53 95
53 97
53 98
53 99
53 100
53 101
53 103
53 104
53 107
53 109
53 111
53 113
53 115
53 116
53 117
53 118
53 119
53 121
53 124
53 125
53 126
53 127
53 128
53 129
53 130
53 133
53 134
53 136
53 139
53 141
53 144
53 145
53 147
53 148
53 149
53 150
53 151
53 154
53 156
53 157
53 160
53 162
53 163
53 166
53 168
53 170
53 171
53 172
53 177
53 178
53 182
53 185
53 186
53 187
53 190
53 191
53 192
53 193
53 194
53 197
53 199
54 55
54 56
54 57
54 58
54 60
54 62
54 63
54 64
54 66
54 67
54 69
54 70
54 72
54 76
54 81
54 82
54 83
54 84
54 87
54 89
54 91
54 93
54 94
54 95
54 98
54 99
54 102
54 104
54 105
54 107
54 108
54 109
54 112
54 114
54 115
54 116
54 118
54 120
54 121
54 122
54 125
54 127
54 128
54 129
54 130
54 131
54 132
54 134
54 135
54 136
54 139
54 140
54 141
54 143
54 144
54 145
54 146
54 149
54 150
54 151
54 152
54 161
54 162
54 164
54 166
54 168
54 169
54 170
54 171
54 174
54 175
54 183
54 184
54 189
54 190
54 192
54 196
54 197
54 198
54 199
55 56
55 57
55 58
55 59
55 60
55 62
55 63
55 64
55 65
55 68
55 69
55 70
55 71
55 73
55 74
55 75
55 76
55 77
55 79
55 81
55 83
55 88
55 90
55 91
55 95
55 96
55 97
55 99
55 101
55 110
55 112
55 113
55 114
55 116
55 117
55 118
55 119
55 120
55 121
55 125
55 126
55 127
55 129
55 133
55 136
55 137
55 138
55 139
55 143
55 144
55 145
55 150
55 152
55 153
55 156
55 158
55 162
55 164
55 165
55 166
55 167
55 169
55 170
55 171
55 172
55 174
55 175
55 176
55 178
55 182
55 183
55 187
55 190
55 191
55 193
55 199
56 59
56 60
56 63
56 64
56 65
56 67
56 69
56 71
56 72
56 73
56 75
56 80
56 81
56 85
56 87
56 88
56 89
56 91
56 93
56 95
56 97
56 100
56 101
56 102
56 103
56 104
56 105
56 106
56 107
56 110
56 111
56 114
56 115
56 117
56 118
56 119
56 120
56 123
56 125
56 126
56 127
56 128
56 130
56 133
56 135
56 140
56 142
56 144
56 145
56 148
56 149
56 151
56 154
56 155
56 158
56 159
56 161
56 167
56 168
56 171
56 172
56 175
56 176
56 180
56 181
56 182
56 183
56 185
56 186
56 189
56 191
56 192
56 193
56 194
56 195
56 196
56 197
56 198
56 199
57 59
57 60
57 61
57 62
57 64
57 65
57 67
57 69
57 70
57 72
57 73
57 77
57 79
57 81
57 82
57 85
57 87
57 88
57 90
57 91
57 93
57 94
57 97
57 101
57 102
57 103
57 104
57 105
57 110
57 111
57 112
57 113
57 115
57 116
57 117
57 118
57 119
57 120
57 121
57 122
57 123
57 124
57 125
57 126
57 127
57 128
57 129
57 131
57 133
57 136
57 138
57 139
57 142
57 143
57 145
57 149
57 152
57 153
57 154
57 155
57 159
57 162
57 163
57 164
57 166
57 168
57 170
57 171
57 172
57 173
57 176
57 177
57 179
57 181
57 182
57 183
57 184
57 187
57 189
57 190
57 191
57 195
57 196
57 197
57 198
58 60
58 61
58 63
58 65
58 66
58 68
58 71
58 72
58 73
58 74
58 76
58 77
58 78
58 79
58 82
58 84
58 85
58 86
58 87
58 88
58 89
58 91
58 93
58 94
58 95
58 96
58 97
58 98
58 99
58 101
58 102
58 105
58 106
58 107
58 108
58 111
58 112
58 113
58 114
58 115
58 117
58 120
58 121
58 122
58 123
58 124
58 125
58 126
58 127
58 129
58 130
58 132
58 134
58 135
58 136
58 138
58 141
58 142
58 144
58 145
58 146
58 147
58 149
58 152
58 155
58 156
58 157
58 160
58 161
58 162
58 165
58 169
58 170
58 171
58 173
58 174
58 177
58 178
58 179
58 181
58 182
58 184
58 189
58 190
58 191
58 192
58 196
58 197
58 198
58 199
59 60
59 61
59 62
59 64
59 65
59 68
59 70
59 71
59 72
59 73
59 75
59 77
59 79
59 82
59 83
59 85
59 87
59 88
59 89
59 90
59 93
59 94
59 95
59 97
59 98
59 100
59 101
59 104
59 107
59 108
59 109
59 110
59 112
59 113
59 114
59 116
59 117
59 118
59 119
59 120
59 121
59 122
59 124
59 126
59 127
59 130
59 133
59 135
59 137
59 138
59 139
59 140
59 141
59 144
59 147
59 148
59 151
59 152
59 154
59 156
59 157
59 158
59 160
59 163
59 164
59 166
59 167
59 168
59 169
59 171
59 176
59 179
59 181
59 182
59 186
59 188
59 194
59 195
59 197
59 198
60 61
60 62
60 63
60 64
60 65
60 66
60 67
60 69
60 70
60 72
60 74
60 75
60 77
60 79
60 81
60 83
60 84
60 85
60 87
60 88
60 89
60 90
60 92
60 93
60 95
60 97
60 100
60 102
60 104
60 109
60 110
60 111
60 112
60 116
60 117
60 118
60 119
60 123
60 126
60 127
60 128
60 131
60 132
60 134
60 135
60 137
60 139
60 140
60 143
60 144
60 149
60 152
60 153
60 155
60 157
60 159
60 161
60 162
60 163
60 164
60 165
60 166
60 167
60 168
60 173
60 175
60 176
60 178
60 182
60 183
60 184
60 185
60 186
60 187
60 190
60 191
60 192
60 193
60 195
60 196
60 199
61 63
61 65
61 66
61 67
61 69
61 70
61 73
61 74
61 75
61 78
61 79
61 83
61 84
61 85
61 86
61 90
61 91
61 92
61 93
61 94
61 95
61 97
61 100
61 101
61 103
61 104
61 105
61 107
61 109
61 110
61 111
61 112
61 113
61 114
61 116
61 118
61 119
61 120
61 122
61 124
61 126
61 128
61 129
61 133
61 136
61 137
61 138
61 139
61 142
61 143
61 145
61 146
61 147
61 148
61 149
61 150
61 152
61 153
61 155
61 157
61 160
61 162
61 167
61 170
61 171
61 173
61 174
61 175
61 176
61 177
61 180
61 181
61 182
61 183
61 184
61 186
61 188
61 189
61 191
61 192
61 194
61 195
61 196
61 199
62 63
62 64
62 65
62 67
62 70
62 74
62 75
62 76
62 77
62 79
62 80
62 82
62 83
62 86
62 87
62 88
62 89
62 92
62 93
62 94
62 95
62 97
62 98
62 100
62 102
62 107
62 109
62 111
62 112
62 114
62 116
62 118
62 119
62 120
62 121
62 126
62 128
62 129
62 130
62 132
62 133
62 134
62 137
62 138
62 139
62 140
62 141
62 143
62 146
62 148
62 149
62 150
62 155
62 156
62 157
62 158
62 159
62 161
62 162
62 168
62 170
62 171
62 172
62 176
62 178
62 179
62 180
62 181
62 184
62 185
62 186
62 187
62 189
62 192
62 193
62 194
62 195
62 196
62 197
62 199
63 64
63 66
63 68
63 71
63 79
63 81
63 82
63 84
63 85
63 91
63 92
63 93
63 95
63 96
63 99
63 101
63 102
63 103
63 104
63 105
63 107
63 109
63 112
63 113
63 114
63 115
63 116
63 118
63 119
63 121
63 122
63 126
63 127
63 128
63 129
63 130
63 131
63 132
63 133
63 134
63 135
63 136
63 138
63 139
63 141
63 142
63 143
63 145
63 147
63 151
63 152
63 153
63 154
63 159
63 160
63 164
63 167
63 168
63 169
63 172
63 174
63 175
63 177
63 179
63 182
63 185
63 186
63 187
63 189
63 190
63 191
63 196
63 197
63 198
63 199
64 65
64 66
64 69
64 71
64 73
64 77
64 79
64 80
64 83
64 84
64 85
64 86
64 87
64 88
64 92
64 94
64 95
64 96
64 97
64 98
64 102
64 103
64 105
64 106
64 107
64 109
64 112
64 114
64 120
64 127
64 131
64 132
64 133
64 136
64 138
64 144
64 145
64 146
64 148
64 149
64 153
64 160
64 161
64 162
64 163
64 164
64 166
64 167
64 168
64 171
64 172
64 173
64 174
64 175
64 177
64 179
64 180
64 181
64 183
64 184
64 185
64 186
64 187
64 188
64 190
64 191
64 192
64 193
64 194
64 195
64 196
64 197
64 198
64 199
65 66
65 69
65 70
65 73
65 74
65 75
65 76
65 77
65 78
65 84
65 87
65 89
65 90
65 91
65 97
65 98
65 100
65 101
65 102
65 103
65 105
65 106
65 109
65 111
65 113
65 116
65 118
65 119
65 120
65 124
65 126
65 128
65 129
65 132
65 133
65 134
65 136
65 137
65 140
65 141
65 142
65 144
65 148
65 152
65 155
65 156
65 157
65 158
65 160
65 162
65 163
65 164
65 166
65 169
65 170
65 178
65 180
65 181
65 183
65 184
65 186
65 187
65 189
65 190
65 192
65 194
65 195
65 196
65 197
65 198
65 199
66 68
66 69
66 71
66 72
66 77
66 78
66 80
66 81
66 82
66 84
66 86
66 88
66 90
66 92
66 93
66 94
66 97
66 99
66 102
66 103
66 104
66 106
66 108
66 109
66 110
66 111
66 113
66 114
66 115
66 116
66 117
66 118
66 119
66 120
66 121
66 123
66 125
66 127
66 130
66 131
66 132
66 135
66 136
66 137
66 141
66 146
66 149
66 150
66 151
66 153
66 154
66 155
66 157
66 159
66 161
66 163
66 165
66 166
66 168
66 171
66 172
66 173
66 175
66 177
66 178
66 179
66 180
66 184
66 186
66 190
66 191
66 192
66 193
66 194
66 195
66 196
66 198
67 68
67 69
67 70
67 71
67 72
67 74
67 75
67 76
67 77
67 78
67 79
67 80
67 82
67 87
67 88
67 89
67 90
67 91
67 92
67 94
67 95
67 96
67 97
67 98
67 99
67 101
67 102
67 103
67 104
67 105
67 107
67 108
67 109
67 110
67 111
67 112
67 113
67 114
67 115
67 116
67 120
67 121
67 122
67 125
67 126
67 127
67 130
67 131
67 133
67 134
67 135
67 136
67 138
67 139
67 140
67 143
67 144
67 145
67 146
67 147
67 148
67 149
67 152
67 153
67 156
67 157
67 158
67 160
67 161
67 162
67 164
67 167
67 168
67 169
67 172
67 173
67 174
67 176
67 180
67 183
67 184
67 185
67 186
67 187
67 188
67 189
67 192
67 193
67 196
67 198
68 71
68 72
68 73
68 76
68 78
68 80
68 82
68 83
68 85
68 86
68 91
68 92
68 93
68 96
68 99
68 101
68 102
68 103
68 105
68 106
68 107
68 110
68 111
68 113
68 114
68 115
68 116
68 117
68 118
68 119
68 120
68 121
68 122
68 123
68 124
68 125
68 131
68 132
68 133
68 134
68 136
68 137
68 138
68 140
68 142
68 143
68 144
68 145
68 149
68 150
68 152
68 153
68 156
68 158
68 160
68 162
68 165
68 167
68 168
68 169
68 170
68 171
68 172
68 175
68 177
68 178
68 179
68 183
68 184
68 185
68 187
68 188
68 189
68 190
68 192
68 193
68 199
69 70
69 72
69 73
69 74
69 76
69 77
69 78
69 79
69 82
69 83
69 84
69 87
69 90
69 93
69 94
69 95
69 96
69 97
69 98
69 100
69 102
69 104
69 105
69 109
69 110
69 111
69 113
69 118
69 120
69 123
69 124
69 126
69 127
69 129
69 131
69 132
69 133
69 134
69 135
69 139
69 141
69 143
69 146
69 149
69 151
69 152
69 153
69 156
69 157
69 158
69 162
69 164
69 165
69 169
69 171
69 174
69 176
69 178
69 179
69 180
69 181
69 183
69 185
69 187
69 188
69 189
69 190
69 191
69 192
69 193
69 194
69 195
69 196
70 71
70 72
70 76
70 77
70 78
70 79
70 80
70 81
70 82
70 83
70 85
70 86
70 87
70 88
70 89
70 90
70 93
70 94
70 96
70 99
70 100
70 101
70 102
70 105
70 107
70 108
70 109
70 110
70 112
70 114
70 115
70 116
70 118
70 119
70 121
70 124
70 125
70 126
70 127
70 129
70 130
70 131
70 132
70 133
70 134
70 135
70 136
70 137
70 139
70 140
70 142
70 145
70 147
70 148
70 149
70 152
70 153
70 155
70 156
70 157
70 158
70 162
70 163
70 166
70 168
70 170
70 171
70 173
70 175
70 178
70 179
70 184
70 186
70 188
70 189
70 194
70 195
70 197
70 198
71 72
71 74
71 75
71 76
71 78
71 79
71 81
71 83
71 84
71 85
71 86
71 87
71 88
71 89
71 91
71 92
71 95
71 100
71 101
71 102
71 103
71 105
71 106
71 110
71 112
71 113
71 114
71 115
71 118
71 120
71 123
71 125
71 129
71 130
71 132
71 135
71 141
71 144
71 145
71 146
71 150
71 151
71 152
71 154
71 157
71 158
71 159
71 161
71 163
71 165
71 166
71 167
71 168
71 169
71 171
71 172
71 173
71 178
71 182
71 183
71 184
71 186
71 188
71 189
71 190
71 191
71 192
71 193
71 195
71 197
72 73
72 74
72 75
72 76
72 77
72 81
72 82
72 83
72 84
72 86
72 87
72 89
72 90
72 91
72 92
72 94
72 95
72 97
72 100
72 103
72 104
72 105
72 108
72 109
72 114
72 115
72 116
72 119
72 121
72 122
72 123
72 125
72 127
72 131
72 133
72 138
72 139
72 140
72 141
72 142
72 143
72 144
72 145
72 146
72 149
72 150
72 151
72 153
72 154
72 155
72 156
72 157
72 158
72 161
72 165
72 166
72 168
72 169
72 171
72 172
72 173
72 174
72 175
72 176
72 178
72 180
72 182
72 183
72 185
72 186
72 187
72 193
72 194
72 196
72 197
72 198
73 74
73 75
73 76
73 77
73 79
73 80
73 81
73 83
73 84
73 85
73 88
73 89
73 90
73 91
73 94
73 97
73 98
73 99
73 100
73 101
73 102
73 103
73 105
73 106
73 108
73 112
73 115
73 118
73 119
73 120
73 121
73 122
73 124
73 126
73 127
73 128
73 129
73 134
73 137
73 138
73 140
73 142
73 143
73 145
73 146
73 151
73 153
73 154
73 158
73 160
73 161
73 163
73 166
73 167
73 168
73 169
73 171
73 172
73 174
73 179
73 180
73 182
73 183
73 184
73 185
73 186
73 188
73 192
73 194
73 195
73 196
73 197
73 198
74 75
74 77
74 78
74 79
74 82
74 84
74 85
74 87
74 88
74 91
74 93
74 94
74 95
74 96
74 97
74 99
74 100
74 102
74 105
74 107
74 109
74 110
74 113
74 115
74 116
74 118
74 120
74 122
74 124
74 126
74 127
74 128
74 129
74 131
74 132
74 134
74 135
74 137
74 138
74 141
74 142
74 143
74 144
74 146
74 147
74 149
74 150
74 151
74 152
74 153
74 154
74 155
74 156
74 157
74 158
74 161
74 162
74 163
74 166
74 168
74 170
74 171
74 172
74 174
74 175
74 176
74 179
74 181
74 182
74 183
74 186
74 189
74 191
74 192
74 193
74 195
74 196
74 199
75 78
75 79
75 81
75 84
75 85
75 86
75 87
75 88
75 93
75 94
75 95
75 96
75 97
75 99
75 100
75 101
75 104
75 105
75 106
75 107
75 109
75 110
75 111
75 112
75 114
75 116
75 117
75 118
75 120
75 122
75 125
75 126
75 127
75 128
75 130
75 131
75 132
75 133
75 135
75 136
75 137
75 138
75 139
75 140
75 141
75 144
75 145
75 146
75 149
75 150
75 153
75 154
75 155
75 156
75 157
75 158
75 159
75 161
75 162
75 165
75 167
75 169
75 170
75 171
75 172
75 175
75 176
75 178
75 181
75 182
75 185
75 186
75 188
75 189
75 191
75 192
75 193
75 194
75 195
75 196
75 197
76 81
76 82
76 84
76 85
76 88
76 89
76 90
76 91
76 92
76 93
76 94
76 95
76 96
76 97
76 98
76 100
76 101
76 104
76 105
76 108
76 111
76 112
76 113
76 114
76 115
76 116
76 118
76 119
76 120
76 121
76 124
76 125
76 126
76 128
76 129
76 130
76 131
76 132
76 134
76 135
76 136
76 137
76 139
76 141
76 144
76 145
76 150
76 154
76 155
76 157
76 158
76 159
76 161
76 163
76 164
76 166
76 167
76 168
76 169
76 170
76 171
76 172
76 173
76 174
76 175
76 176
76 177
76 178
76 179
76 180
76 181
76 183
76 184
76 185
76 187
76 188
76 190
76 191
76 192
76 196
76 197
76 199
77 78
77 79
77 81
77 84
77 86
77 87
77 89
77 93
77 96
77 97
77 100
77 104
77 105
77 106
77 107
77 108
77 109
77 110
77 112
77 113
77 114
77 116
77 117
77 119
77 120
77 121
77 122
77 124
77 126
77 127
77 128
77 129
77 130
77 131
77 132
77 133
77 134
77 137
77 138
77 139
77 141
77 142
77 144
77 145
77 146
77 147
77 148
77 149
77 152
77 153
77 154
77 155
77 157
77 159
77 160
77 167
77 168
77 169
77 170
77 171
77 172
77 174
77 176
77 177
77 178
77 179
77 180
77 182
77 183
77 187
77 188
77 189
77 191
77 195
77 196
77 199
78 79
78 81
78 84
78 85
78 86
78 90
78 91
78 92
78 93
78 94
78 95
78 97
78 101
78 102
78 103
78 104
78 105
78 108
78 109
78 110
78 118
78 119
78 120
78 121
78 124
78 125
78 129
78 132
78 133
78 138
78 139
78 140
78 141
78 143
78 144
78 146
78 148
78 151
78 152
78 153
78 155
78 157
78 159
78 160
78 161
78 164
78 165
78 166
78 169
78 171
78 172
78 173
78 176
78 177
78 178
78 183
78 184
78 186
78 187
78 188
78 189
78 190
78 191
78 194
78 195
78 197
79 81
79 83
79 86
79 89
79 90
79 93
79 97
79 98
79 99
79 101
79 102
79 103
79 104
79 105
79 106
79 107
79 108
79 113
79 115
79 116
79 121
79 122
79 123
79 124
79 125
79 127
79 128
79 130
79 131
79 132
79 133
79 134
79 135
79 136
79 139
79 140
79 141
79 142
79 143
79 144
79 145
79 146
79 148
79 149
79 150
79 155
79 156
79 157
79 158
79 159
79 162
79 163
79 164
79 165
79 166
79 167
79 168
79 170
79 173
79 174
79 176
79 177
79 178
79 179
79 181
79 182
79 183
79 184
79 185
79 186
79 187
79 188
79 189
79 190
79 193
80 83
80 84
80 85
80 86
80 88
80 89
80 95
80 99
80 100
80 102
80 103
80 106
80 107
80 110
80 113
80 116
80 117
80 118
80 119
80 122
80 123
80 124
80 127
80 132
80 135
80 136
80 141
80 142
80 143
80 145
80 146
80 149
80 150
80 152
80 155
80 156
80 157
80 159
80 160
80 162
80 165
80 166
80 167
80 169
80 171
80 174
80 175
80 176
80 179
80 180
80 181
80 186
80 189
80 190
80 191
80 192
80 193
80 196
80 197
80 198
80 199
81 85
81 86
81 88
81 89
81 90
81 92
81 94
81 96
81 97
81 98
81 99
81 102
81 103
81 104
81 105
81 106
81 108
81 109
81 110
81 111
81 112
81 113
81 115
81 120
81 121
81 124
81 126
81 127
81 130
81 133
81 134
81 135
81 138
81 139
81 142
81 144
81 147
81 149
81 151
81 157
81 158
81 159
81 160
81 162
81 164
81 166
81 167
81 168
81 169
81 171
81 172
81 173
81 174
81 179
81 180
81 181
81 183
81 185
81 186
81 187
81 189
81 190
81 191
81 192
81 197
81 199
82 83
82 86
82 87
82 89
82 90
82 91
82 92
82 94
82 98
82 99
82 101
82 104
82 105
82 107
82 108
82 112
82 113
82 114
82 115
82 116
82 117
82 118
82 120
82 121
82 122
82 123
82 126
82 127
82 128
82 132
82 133
82 137
82 138
82 141
82 143
82 144
82 145
82 148
82 149
82 151
82 155
82 160
82 162
82 163
82 167
82 170
82 173
82 174
82 175
82 176
82 178
82 179
82 181
82 182
82 183
82 184
82 187
82 188
82 189
82 191
82 192
82 195
82 196
82 197
83 87
83 88
83 89
83 92
83 94
83 96
83 98
83 100
83 110
83 111
83 112
83 113
83 115
83 116
83 117
83 118
83 119
83 122
83 123
83 125
83 128
83 129
83 130
83 134
83 135
83 137
83 139
83 142
83 144
83 149
83 150
83 151
83 152
83 153
83 154
83 155
83 157
83 158
83 161
83 162
83 163
83 164
83 165
83 166
83 167
83 168
83 169
83 170
83 172
83 173
83 174
83 175
83 177
83 178
83 182
83 184
83 188
83 189
83 190
83 191
83 192
83 194
83 196
83 197
83 198
83 199
84 87
84 88
84 89
84 92
84 93
84 95
84 96
84 98
84 99
84 100
84 102
84 104
84 107
84 108
84 109
84 110
84 111
84 114
84 115
84 117
84 118
84 119
84 120
84 122
84 124
84 129
84 130
84 135
84 136
84 137
84 138
84 139
84 140
84 141
84 142
84 143
84 146
84 147
84 148
84 149
84 150
84 151
84 152
84 153
84 154
84 155
84 157
84 159
84 160
84 161
84 164
84 165
84 166
84 169
84 170
84 171
84 172
84 173
84 175
84 176
84 177
84 178
84 179
84 183
84 185
84 186
84 189
84 190
84 192
84 193
84 195
84 196
84 197
84 199
85 86
85 88
85 90
85 93
85 94
85 95
85 97
85 99
85 101
85 103
85 104
85 105
85 106
85 107
85 108
85 109
85 112
85 113
85 114
85 115
85 119
85 120
85 121
85 122
85 123
85 125
85 127
85 130
85 131
85 132
85 134
85 135
85 136
85 137
85 138
85 143
85 146
85 148
85 152
85 153
85 155
85 157
85 158
85 161
85 162
85 164
85 165
85 168
85 170
85 171
85 172
85 174
85 175
85 176
85 177
85 180
85 181
85 183
85 186
85 187
85 188
85 192
85 194
85 196
85 198
86 88
86 90
86 92
86 93
86 96
86 97
86 98
86 99
86 103
86 104
86 105
86 106
86 108
86 109
86 111
86 112
86 113
86 118
86 121
86 123
86 124
86 125
86 126
86 128
86 131
86 132
86 133
86 135
86 136
86 137
86 138
86 139
86 141
86 142
86 143
86 146
86 148
86 150
86 153
86 154
86 156
86 157
86 159
86 160
86 161
86 167
86 171
86 173
86 174
86 175
86 176
86 178
86 180
86 181
86 182
86 184
86 185
86 187
86 188
86 191
86 193
86 194
86 196
86 197
86 198
87 88
87 89
87 91
87 92
87 94
87 95
87 97
87 99
87 100
87 102
87 104
87 105
87 106
87 109
87 112
87 113
87 114
87 115
87 116
87 119
87 123
87 125
87 127
87 130
87 136
87 138
87 139
87 141
87 145
87 146
87 150
87 152
87 154
87 155
87 156
87 157
87 158
87 161
87 163
87 164
87 165
87 166
87 167
87 168
87 169
87 170
87 172
87 174
87 175
87 176
87 179
87 180
87 181
87 184
87 187
87 188
87 189
87 192
87 193
87 194
87 198
88 89
88 96
88 99
88 100
88 101
88 105
88 106
88 107
88 112
88 113
88 114
88 115
88 116
88 118
88 119
88 122
88 123
88 125
88 126
88 127
88 129
88 134
88 136
88 137
88 140
88 141
88 143
88 144
88 145
88 146
88 147
88 149
88 150
88 157
88 159
88 161
88 162
88 163
88 164
88 165
88 166
88 173
88 178
88 180
88 181
88 183
88 184
88 186
88 188
88 189
88 190
88 192
88 193
88 194
88 195
88 196
88 197
88 198
88 199
89 90
89 91
89 92
89 93
89 94
89 95
89 97
89 99
89 100
89 102
89 103
89 106
89 107
89 108
89 109
89 110
89 114
89 117
89 119
89 120
89 121
89 124
89 126
89 128
89 130
89 131
89 132
89 133
89 135
89 136
89 138
89 140
89 144
89 146
89 152
89 153
89 155
89 158
89 159
89 163
89 164
89 165
89 166
89 167
89 169
89 172
89 173
89 174
89 178
89 179
89 181
89 184
89 185
89 188
89 190
89 191
89 194
89 195
89 199
90 91
90 92
90 93
90 95
90 96
90 99
90 101
90 103
90 105
90 107
90 108
90 110
90 111
90 112
90 116
90 117
90 118
90 119
90 120
90 121
90 122
90 125
90 129
90 131
90 135
90 136
90 137
90 138
90 139
90 140
90 141
90 142
90 143
90 144
90 145
90 146
90 147
90 150
90 151
90 153
90 154
90 157
90 158
90 159
90 161
90 162
90 163
90 164
90 165
90 166
90 168
90 169
90 170
90 171
90 172
90 174
90 176
90 177
90 179
90 181
90 182
90 183
90 185
90 186
90 189
90 191
90 192
90 194
90 195
90 196
91 92
91 93
91 94
91 95
91 97
91 99
91 100
91 101
91 102
91 103
91 104
91 105
91 106
91 107
91 108
91 109
91 110
91 111
91 113
91 114
91 116
91 117
91 118
91 120
91 121
91 122
91 123
91 124
91 125
91 126
91 127
91 128
91 129
91 131
91 133
91 135
91 136
91 137
91 140
91 141
91 142
91 144
91 148
91 150
91 151
91 153
91 157
91 158
91 161
91 164
91 165
91 166
91 169
91 170
91 171
91 172
91 173
91 175
91 176
91 178
91 179
91 180
91 181
91 182
91 183
91 184
91 185
91 186
91 188
91 189
91 191
91 192
91 193
91 194
91 197
91 199
92 94
92 95
92 96
92 98
92 99
92 100
92 101
92 102
92 103
92 104
92 105
92 106
92 107
92 108
92 111
92 112
92 114
92 116
92 117
92 118
92 119
92 120
92 121
92 122
92 125
92 126
92 127
92 128
92 129
92 130
92 131
92 132
92 133
92 135
92 138
92 139
92 141
92 143
92 145
92 147
92 149
92 151
92 152
92 153
92 157
92 158
92 159
92 160
92 161
92 162
92 163
92 165
92 166
92 167
92 168
92 170
92 172
92 173
92 175
92 176
92 177
92 178
92 179
92 180
92 182
92 185
92 186
92 189
92 190
92 191
92 192
92 193
92 194
92 198
92 199
93 95
93 101
93 102
93 104
93 105
93 108
93 110
93 111
93 112
93 113
93 114
93 115
93 116
93 117
93 118
93 119
93 120
93 122
93 123
93 126
93 127
93 129
93 132
93 134
93 135
93 136
93 137
93 144
93 145
93 147
93 148
93 149
93 150
93 151
93 153
93 154
93 157
93 158
93 159
93 160
93 161
93 163
93 164
93 165
93 166
93 167
93 169
93 172
93 174
93 175
93 176
93 177
93 181
93 183
93 184
93 186
93 187
93 191
93 192
93 193
93 197
93 198
94 95
94 98
94 100
94 101
94 103
94 104
94 107
94 108
94 109
94 111
94 112
94 114
94 116
94 117
94 118
94 119
94 121
94 122
94 125
94 132
94 133
94 134
94 135
94 138
94 139
94 142
94 147
94 148
94 149
94 150
94 151
94 153
94 154
94 156
94 157
94 160
94 161
94 164
94 165
94 166
94 168
94 170
94 171
94 172
94 173
94 174
94 175
94 176
94 177
94 182
94 185
94 186
94 187
94 191
94 192
94 193
94 194
94 195
94 198
95 98
95 99
95 102
95 105
95 107
95 108
95 109
95 110
95 111
95 113
95 114
95 115
95 117
95 119
95 120
95 122
95 125
95 126
95 129
95 131
95 133
95 134
95 136
95 137
95 138
95 139
95 140
95 141
95 143
95 144
95 145
95 146
95 148
95 152
95 153
95 154
95 155
95 156
95 157
95 158
95 159
95 160
95 167
95 168
95 169
95 170
95 173
95 177
95 178
95 179
95 181
95 182
95 183
95 185
95 186
95 187
95 189
95 192
95 193
95 194
95 196
95 197
95 198
95 199
96 97
96 98
96 99
96 100
96 102
96 103
96 105
96 107
96 108
96 112
96 113
96 114
96 115
96 116
96 117
96 118
96 119
96 122
96 123
96 124
96 125
96 126
96 128
96 129
96 130
96 131
96 134
96 135
96 137
96 138
96 139
96 141
96 142
96 144
96 146
96 148
96 151
96 152
96 153
96 156
96 157
96 158
96 160
96 161
96 162
96 164
96 165
96 166
96 170
96 172
96 173
96 175
96 176
96 177
96 179
96 180
96 181
96 182
96 183
96 185
96 186
96 190
96 193
96 196
96 197
96 198
96 199
97 99
97 102
97 104
97 105
97 106
97 107
97 108
97 109
97 110
97 111
97 114
97 115
97 116
97 120
97 124
97 128
97 129
97 130
97 134
97 135
97 137
97 139
97 140
97 144
97 146
97 148
97 151
97 152
97 153
97 154
97 156
97 157
97 158
97 159
97 161
97 162
97 165
97 166
97 171
97 172
97 173
97 176
97 177
97 179
97 180
97 184
97 185
97 186
97 187
97 189
97 190
97 193
97 194
97 195
97 196
97 197
97 198
98 102
98 103
98 105
98 106
98 108
98 109
98 110
98 112
98 116
98 118
98 121
98 122
98 124
98 125
98 126
98 127
98 129
98 131
98 132
98 133
98 135
98 136
98 140
98 144
98 145
98 149
98 150
98 151
98 152
98 154
98 155
98 156
98 157
98 158
98 160
98 162
98 167
98 169
98 171
98 173
98 174
98 177
98 178
98 182
98 184
98 185
98 187
98 188
98 190
98 192
98 196
98 197
98 198
99 100
99 102
99 103
99 104
99 106
99 107
99 108
99 109
99 110
99 111
99 113
99 114
99 115
99 117
99 118
99 119
99 122
99 124
99 126
99 127
99 129
99 130
99 131
99 132
99 133
99 134
99 137
99 138
99 141
99 142
99 143
99 144
99 145
99 147
99 148
99 149
99 150
99 152
99 153
99 154
99 160
99 161
99 164
99 166
99 169
99 173
99 176
99 177
99 179
99 180
99 181
99 182
99 184
99 185
99 186
99 187
99 189
99 191
99 192
99 193
99 195
99 196
99 197
99 198
100 101
100 102
100 103
100 105
100 107
100 109
100 112
100 113
100 116
100 118
100 120
100 121
100 122
100 124
100 125
100 126
100 128
100 129
100 130
100 131
100 132
100 134
100 136
100 137
100 140
100 142
100 143
100 145
100 146
100 147
100 150
100 151
100 152
100 153
100 154
100 155
100 156
100 157
100 160
100 162
100 163
100 164
100 166
100 167
100 168
100 169
100 170
100 171
100 172
100 174
100 175
100 176
100 177
100 179
100 182
100 184
100 185
100 186
100 187
100 190
100 191
100 193
100 194
100 196
100 198
100 199
101 104
101 105
101 108
101 109
101 110
101 111
101 112
101 114
101 116
101 117
101 120
101 121
101 122
101 123
101 124
101 125
101 126
101 129
101 130
101 132
101 133
101 135
101 138
101 140
101 143
101 144
101 145
101 146
101 149
101 150
101 151
101 152
101 153
101 154
101 158
101 163
101 164
101 166
101 169
101 170
101 171
101 172
101 174
101 178
101 180
101 182
101 185
101 187
101 188
101 190
101 192
101 193
101 194
101 195
101 199
102 104
102 106
102 107
102 108
102 109
102 111
102 112
102 113
102 115
102 116
102 118
102 119
102 123
102 126
102 127
102 128
102 131
102 134
102 135
102 136
102 137
102 139
102 140
102 142
102 145
102 146
102 147
102 148
102 149
102 150
102 151
102 152
102 154
102 155
102 156
102 157
102 159
102 160
102 162
102 163
102 164
102 166
102 167
102 169
102 170
102 171
102 174
102 175
102 176
102 177
102 178
102 179
102 180
102 181
102 182
102 183
102 186
102 189
102 191
102 193
102 196
102 198
102 199
103 105
103 106
103 107
103 108
103 109
103 112
103 113
103 115
103 116
103 117
103 118
103 119
103 121
103 124
103 126
103 127
103 130
103 131
103 132
103 135
103 136
103 138
103 139
103 141
103 142
103 144
103 146
103 148
103 149
103 150
103 152
103 153
103 154
103 155
103 157
103 158
103 159
103 160
103 163
103 164
103 167
103 172
103 173
103 175
103 177
103 179
103 181
103 183
103 185
103 186
103 188
103 189
103 191
103 194
103 195
103 197
103 198
103 199
104 105
104 110
104 111
104 112
104 115
104 116
104 117
104 119
104 120
104 121
104 122
104 123
104 125
104 126
104 127
104 130
104 131
104 132
104 133
104 135
104 137
104 138
104 139
104 141
104 142
104 143
104 145
104 146
104 147
104 148
104 150
104 151
104 154
104 158
104 160
104 162
104 163
104 167
104 169
104 170
104 173
104 174
104 175
104 176
104 178
104 181
104 182
104 183
104 185
104 186
104 189
104 190
104 191
104 192
104 193
104 194
104 195
104 196
104 199
105 106
105 108
105 110
105 111
105 112
105 114
105 115
105 117
105 118
105 120
105 122
105 123
105 124
105 125
105 126
105 127
105 128
105 129
105 131
105 134
105 137
105 138
105 139
105 140
105 141
105 142
105 143
105 144
105 145
105 147
105 148
105 149
105 151
105 152
105 153
105 157
105 158
105 160
105 161
105 165
105 166
105 167
105 168
105 169
105 170
105 171
105 173
105 174
105 176
105 177
105 178
105 180
105 181
105 183
105 185
105 188
105 189
105 190
105 192
105 193
105 194
105 195
105 196
105 197
105 199
106 107
106 108
106 111
106 112
106 114
106 116
106 118
106 119
106 120
106 123
106 125
106 126
106 128
106 131
106 135
106 137
106 139
106 140
106 142
106 145
106 147
106 149
106 151
106 152
106 155
106 157
106 158
106 163
106 164
106 165
106 166
106 167
106 169
106 172
106 173
106 174
106 175
106 178
106 179
106 181
106 182
106 183
106 184
106 185
106 186
106 188
106 189
106 193
106 194
106 195
106 196
106 197
107 109
107 111
107 112
107 113
107 114
107 115
107 117
107 118
107 119
107 121
107 122
107 123
107 124
107 125
107 127
107 128
107 131
107 133
107 134
107 135
107 136
107 138
107 143
107 146
107 147
107 148
107 149
107 150
107 152
107 153
107 154
107 155
107 159
107 160
107 164
107 165
107 170
107 171
107 174
107 175
107 177
107 178
107 179
107 180
107 181
107 182
107 185
107 186
107 187
107 189
107 191
107 192
107 193
107 194
107 195
107 198
108 109
108 111
108 112
108 113
108 114
108 115
108 116
108 117
108 119
108 124
108 126
108 128
108 132
108 135
108 137
108 138
108 139
108 140
108 141
108 142
108 143
108 145
108 148
108 149
108 150
108 151
108 153
108 154
108 155
108 156
108 157
108 158
108 159
108 160
108 162
108 163
108 165
108 166
108 167
108 168
108 169
108 170
108 171
108 173
108 175
108 176
108 177
108 178
108 180
108 181
108 182
108 183
108 184
108 185
108 186
108 188
108 189
108 192
108 193
108 196
108 199
109 110
109 111
109 112
109 113
109 116
109 117
109 118
109 119
109 120
109 121
109 122
109 123
109 124
109 126
109 127
109 128
109 129
109 131
109 132
109 133
109 135
109 138
109 140
109 141
109 142
109 143
109 144
109 145
109 149
109 151
109 153
109 154
109 156
109 158
109 159
109 162
109 163
109 165
109 166
109 168
109 169
109 170
109 176
109 177
109 180
109 182
109 183
109 184
109 187
109 188
109 190
109 191
109 192
109 193
109 195
109 196
109 198
109 199
110 112
110 113
110 114
110 115
110 116
110 117
110 118
110 119
110 120
110 122
110 123
110 125
110 126
110 128
110 129
110 130
110 131
110 132
110 134
110 135
110 136
110 141
110 144
110 145
110 147
110 148
110 149
110 150
110 153
110 154
110 156
110 157
110 160
110 163
110 164
110 165
110 166
110 169
110 170
110 173
110 175
110 176
110 177
110 178
110 179
110 180
110 181
110 182
110 183
110 186
110 187
110 188
110 190
110 191
110 193
110 195
110 198
111 115
111 116
111 119
111 120
111 122
111 124
111 125
111 127
111 129
111 131
111 132
111 134
111 135
111 138
111 140
111 142
111 144
111 146
111 148
111 150
111 152
111 153
111 154
111 156
111 157
111 158
111 162
111 163
111 164
111 167
111 168
111 169
111 170
111 172
111 173
111 174
111 175
111 176
111 177
111 179
111 181
111 183
111 184
111 186
111 187
111 188
111 189
111 190
111 191
111 192
111 195
111 196
111 197
112 114
112 115
112 117
112 118
112 119
112 120
112 122
112 123
112 124
112 128
112 130
112 133
112 135
112 136
112 137
112 141
112 142
112 148
112 149
112 152
112 153
112 157
112 158
112 160
112 161
112 164
112 165
112 166
112 169
112 170
112 171
112 173
112 174
112 175
112 176
112 177
112 178
112 179
112 182
112 187
112 190
112 191
112 193
112 195
112 196
112 198
113 114
113 115
113 116
113 118
113 119
113 121
113 127
113 130
113 139
113 141
113 142
113 143
113 144
113 145
113 149
113 150
113 151
113 156
113 159
113 161
113 165
113 166
113 167
113 168
113 170
113 172
113 174
113 177
113 181
113 182
113 183
113 184
113 187
113 189
113 190
113 191
113 192
113 194
113 195
113 196
113 198
113 199
114 115
114 118
114 119
114 120
114 121
114 122
114 125
114 129
114 131
114 132
114 133
114 135
114 136
114 137
114 138
114 139
114 142
114 143
114 145
114 146
114 147
114 148
114 149
114 151
114 152
114 153
114 154
114 156
114 157
114 158
114 159
114 160
114 161
114 164
114 165
114 166
114 167
114 168
114 169
114 171
114 176
114 177
114 180
114 181
114 182
114 183
114 184
114 185
114 187
114 188
114 189
114 191
114 192
114 193
114 194
114 195
114 199
115 117
115 119
115 120
115 123
115 125
115 126
115 131
115 132
115 133
115 134
115 135
115 137
115 138
115 140
115 142
115 143
115 144
115 145
115 146
115 147
115 149
115 152
115 153
115 156
115 160
115 162
115 163
115 165
115 167
115 168
115 172
115 173
115 175
115 176
115 178
115 179
115 180
115 183
115 184
115 186
115 187
115 188
115 189
115 190
115 191
115 192
115 194
115 195
115 198
116 117
116 118
116 119
116 120
116 121
116 122
116 123
116 124
116 125
116 127
116 128
116 129
116 130
116 132
116 133
116 134
116 136
116 137
116 139
116 140
116 141
116 142
116 143
116 145
116 148
116 149
116 151
116 152
116 153
116 154
116 156
116 158
116 160
116 162
116 164
116 165
116 170
116 172
116 173
116 175
116 177
116 179
116 180
116 181
116 182
116 185
116 186
116 187
116 188
116 189
116 190
116 191
116 195
116 198
116 199
117 119
117 124
117 125
117 127
117 130
117 131
117 132
117 136
117 138
117 139
117 141
117 143
117 144
117 145
117 148
117 149
117 152
117 155
117 157
117 158
117 163
117 164
117 165
117 167
117 168
117 172
117 173
117 175
117 176
117 177
117 178
117 182
117 183
117 184
117 185
117 189
117 190
117 191
117 192
117 197
117 198
118 119
118 120
118 121
118 124
118 127
118 129
118 130
118 134
118 136
118 137
118 139
118 140
118 141
118 144
118 146
118 147
118 148
118 150
118 152
118 153
118 156
118 157
118 159
118 160
118 161
118 164
118 165
118 166
118 169
118 170
118 171
118 174
118 176
118 178
118 180
118 181
118 183
118 184
118 185
118 189
118 190
118 191
118 192
118 196
118 197
118 198
118 199
119 120
119 121
119 122
119 123
119 124
119 125
119 126
119 127
119 130
119 131
119 133
119 137
119 138
119 139
119 142
119 143
119 145
119 146
119 148
119 149
119 150
119 152
119 153
119 157
119 158
119 162
119 163
119 165
119 166
119 167
119 168
119 169
119 173
119 174
119 175
119 179
119 180
119 181
119 182
119 183
119 185
119 187
119 189
119 190
119 191
119 192
119 193
119 194
119 195
119 197
119 198
120 122
120 125
120 127
120 128
120 129
120 131
120 133
120 134
120 135
120 136
120 137
120 138
120 139
120 140
120 141
120 142
120 144
120 145
120 147
120 148
120 150
120 154
120 155
120 156
120 158
120 163
120 164
120 167
120 171
120 174
120 175
120 176
120 177
120 179
120 182
120 183
120 184
120 185
120 188
120 191
120 194
120 195
120 196
120 198
120 199
121 126
121 128
121 130
121 132
121 133
121 134
121 135
121 136
121 138
121 140
121 141
121 143
121 145
121 147
121 152
121 153
121 154
121 155
121 156
121 157
121 160
121 161
121 163
121 164
121 169
121 170
121 171
121 172
121 173
121 174
121 176
121 177
121 178
121 179
121 180
121 183
121 184
121 187
121 188
121 189
121 190
121 191
121 192
121 196
122 123
122 124
122 125
122 127
122 131
122 132
122 133
122 135
122 136
122 137
122 141
122 142
122 144
122 145
122 146
122 147
122 149
122 150
122 151
122 155
122 157
122 159
122 162
122 166
122 167
122 169
122 171
122 172
122 173
122 175
122 178
122 181
122 182
122 183
122 184
122 185
122 186
122 188
122 190
122 192
122 193
122 198
123 124
123 125
123 127
123 128
123 129
123 130
123 131
123 133
123 134
123 135
123 136
123 137
123 138
123 139
123 141
123 142
123 143
123 147
123 148
123 149
123 151
123 152
123 155
123 156
123 160
123 161
123 163
123 165
123 166
123 167
123 168
123 169
123 171
123 172
123 173
123 174
123 176
123 177
123 178
123 180
123 182
123 183
123 185
123 186
123 187
123 191
123 194
123 195
123 196
123 197
124 125
124 126
124 128
124 131
124 133
124 134
124 135
124 137
124 138
124 140
124 141
124 142
124 143
124 144
124 147
124 148
124 149
124 151
124 152
124 153
124 154
124 157
124 158
124 161
124 162
124 163
124 164
124 165
124 166
124 167
124 169
124 170
124 172
124 173
124 174
124 178
124 179
124 180
124 181
124 187
124 188
124 189
124 191
124 192
124 198
124 199
125 126
125 127
125 128
125 133
125 134
125 137
125 139
125 140
125 141
125 143
125 145
125 146
125 147
125 148
125 149
125 150
125 153
125 156
125 159
125 160
125 163
125 164
125 165
125 166
125 167
125 170
125 172
125 175
125 176
125 177
125 179
125 181
125 182
125 183
125 184
125 186
125 187
125 188
125 189
125 190
125 194
125 195
125 197
125 198
125 199
126 127
126 130
126 131
126 132
126 133
126 134
126 135
126 136
126 137
126 138
126 139
126 143
126 144
126 145
126 147
126 150
126 153
126 154
126 155
126 156
126 157
126 159
126 160
126 164
126 167
126 169
126 170
126 171
126 172
126 173
126 174
126 175
126 176
126 179
126 180
126 181
126 183
126 184
126 185
126 186
126 187
126 192
126 193
126 195
126 197
127 131
127 132
127 133
127 134
127 137
127 138
127 139
127 140
127 143
127 144
127 145
127 146
127 148
127 150
127 151
127 152
127 153
127 158
127 160
127 162
127 163
127 164
127 166
127 167
127 169
127 173
127 175
127 176
127 178
127 179
127 182
127 183
127 184
127 187
127 191
127 193
127 196
127 197
127 198
128 129
128 130
128 131
128 136
128 138
128 140
128 142
128 144
128 145
128 148
128 149
128 153
128 154
128 155
128 156
128 158
128 159
128 160
128 161
128 162
128 163
128 164
128 165
128 166
128 167
128 168
128 169
128 170
128 175
128 177
128 178
128 179
128 180
128 181
128 182
128 183
128 184
128 185
128 186
128 187
128 189
128 191
128 193
128 194
128 195
128 197
128 199
129 132
129 133
129 139
129 142
129 143
129 145
129 146
129 148
129 149
129 150
129 153
129 155
129 156
129 158
129 160
129 161
129 163
129 165
129 166
129 168
129 169
129 170
129 172
129 174
129 176
129 177
129 178
129 183
129 184
129 185
129 186
129 189
129 190
129 191
129 192
129 193
129 195
129 196
129 198
130 131
130 133
130 134
130 135
130 138
130 142
130 145
130 146
130 147
130 148
130 150
130 152
130 155
130 156
130 157
130 160
130 162
130 164
130 165
130 167
130 169
130 170
130 171
130 172
130 173
130 174
130 175
130 176
130 178
130 183
130 188
130 189
130 190
130 191
130 192
130 194
130 195
130 196
130 197
130 199
131 132
131 133
131 136
131 139
131 142
131 143
131 145
131 146
131 147
131 151
131 154
131 157
131 160
131 161
131 162
131 166
131 167
131 168
131 169
131 170
131 171
131 172
131 173
131 174
131 175
131 176
131 177
131 178
131 181
131 187
131 188
131 189
131 190
131 191
131 192
131 193
131 194
131 195
131 197
131 198
131 199
132 133
132 134
132 136
132 137
132 138
132 140
132 141
132 142
132 144
132 146
132 148
132 151
132 152
132 153
132 154
132 155
132 156
132 158
132 159
132 160
132 161
132 163
132 164
132 165
132 168
132 169
132 171
132 173
132 175
132 176
132 177
132 179
132 181
132 183
132 184
132 185
132 186
132 187
132 188
132 190
132 193
132 196
132 199
133 134
133 136
133 137
133 138
133 139
133 140
133 142
133 144
133 146
133 150
133 155
133 157
133 159
133 160
133 161
133 162
133 163
133 165
133 166
133 167
133 168
133 169
133 171
133 173
133 176
133 177
133 179
133 182
133 186
133 187
133 188
133 190
133 191
133 193
133 194
133 195
133 198
133 199
134 136
134 139
134 142
134 143
134 144
134 145
134 146
134 147
134 148
134 150
134 153
134 154
134 155
134 156
134 158
134 159
134 160
134 161
134 162
134 164
134 166
134 167
134 169
134 171
134 173
134 174
134 175
134 176
134 177
134 178
134 181
134 183
134 185
134 187
134 188
134 191
134 192
134 193
134 195
134 196
134 198
134 199
135 136
135 137
135 138
135 142
135 145
135 147
135 148
135 151
135 152
135 153
135 154
135 155
135 156
135 157
135 158
135 160
135 161
135 162
135 166
135 171
135 172
135 175
135 177
135 178
135 180
135 181
135 182
135 184
135 185
135 186
135 187
135 192
135 193
135 195
135 196
135 197
135 198
135 199
136 138
136 140
136 141
136 143
136 144
136 145
136 147
136 148
136 150
136 151
136 152
136 153
136 155
136 156
136 157
136 163
136 164
136 165
136 168
136 170
136 172
136 173
136 174
136 176
136 179
136 180
136 181
136 182
136 184
136 185
136 186
136 187
136 189
136 192
136 193
136 195
136 196
136 197
136 198
137 138
137 139
137 141
137 142
137 144
137 145
137 148
137 149
137 151
137 154
137 158
137 159
137 160
137 162
137 163
137 166
137 168
137 169
137 171
137 174
137 175
137 176
137 177
137 178
137 180
137 181
137 184
137 186
137 187
137 188
137 189
137 191
137 192
137 196
137 197
137 199
138 139
138 142
138 143
138 144
138 146
138 147
138 149
138 151
138 153
138 155
138 157
138 158
138 160
138 163
138 164
138 165
138 167
138 168
138 172
138 173
138 178
138 179
138 181
138 182
138 183
138 185
138 189
138 190
138 193
138 194
138 197
138 198
138 199
139 140
139 141
139 142
139 143
139 144
139 145
139 149
139 151
139 152
139 156
139 157
139 160
139 161
139 166
139 169
139 171
139 172
139 173
139 174
139 175
139 176
139 177
139 181
139 182
139 183
139 186
139 187
139 188
139 189
139 191
139 193
139 194
139 195
139 196
139 197
139 198
139 199
140 143
140 145
140 146
140 147
140 153
140 156
140 159
140 163
140 164
140 166
140 167
140 170
140 171
140 172
140 173
140 174
140 175
140 176
140 183
140 185
140 186
140 187
140 188
140 189
140 191
140 193
140 194
140 195
140 196
140 197
140 198
140 199
141 142
141 143
141 145
141 146
141 147
141 148
141 150
141 152
141 153
141 154
141 155
141 157
141 159
141 160
141 161
141 162
141 163
141 164
141 166
141 167
141 168
141 169
141 170
141 171
141 172
141 175
141 176
141 177
141 178
141 179
141 180
141 181
141 182
141 183
141 184
141 186
141 187
141 189
141 190
141 191
141 196
141 197
142 143
142 144
142 145
142 147
142 150
142 152
142 154
142 155
142 156
142 157
142 158
142 159
142 162
142 164
142 165
142 166
142 167
142 168
142 170
142 173
142 174
142 175
142 176
142 177
142 178
142 179
142 180
142 181
142 182
142 183
142 184
142 185
142 188
142 189
142 190
142 192
142 193
142 195
142 196
142 197
142 199
143 145
143 146
143 147
143 148
143 151
143 152
143 154
143 156
143 158
143 163
143 164
143 165
143 166
143 167
143 168
143 171
143 172
143 174
143 175
143 176
143 177
143 178
143 179
143 184
143 185
143 186
143 187
143 188
143 189
143 192
143 193
143 197
143 199
144 145
144 147
144 148
144 149
144 150
144 151
144 152
144 153
144 154
144 155
144 156
144 157
144 158
144 159
144 160
144 161
144 162
144 164
144 165
144 166
144 168
144 169
144 171
144 173
144 174
144 176
144 177
144 178
144 179
144 180
144 181
144 182
144 183
144 185
144 186
144 190
144 191
144 192
144 193
144 195
144 196
144 198
145 147
145 148
145 150
145 154
145 155
145 156
145 158
145 160
145 162
145 163
145 165
145 172
145 176
145 177
145 178
145 180
145 181
145 185
145 186
145 190
145 195
145 196
145 198
146 147
146 149
146 150
146 152
146 153
146 154
146 155
146 157
146 158
146 160
146 161
146 162
146 163
146 164
146 165
146 166
146 170
146 171
146 172
146 173
146 175
146 177
146 178
146 179
146 181
146 182
146 183
146 184
146 185
146 187
146 191
146 192
146 193
146 194
146 196
146 197
146 198
147 148
147 150
147 152
147 153
147 154
147 156
147 157
147 161
147 162
147 163
147 168
147 169
147 170
147 171
147 175
147 177
147 179
147 180
147 181
147 182
147 184
147 186
147 187
147 189
147 190
147 191
147 192
147 194
147 195
147 196
147 197
147 198
147 199
148 149
148 152
148 153
148 155
148 158
148 160
148 161
148 162
148 163
148 165
148 171
148 172
148 173
148 176
148 178
148 179
148 180
148 181
148 182
148 183
148 184
148 185
148 186
148 187
148 188
148 189
148 190
148 191
148 192
148 194
148 198
149 150
149 151
149 153
149 154
149 156
149 157
149 158
149 160
149 162
149 164
149 166
149 169
149 171
149 172
149 173
149 175
149 176
149 177
149 179
149 180
149 181
149 182
149 184
149 185
149 187
149 189
149 191
149 192
149 193
149 196
149 198
150 151
150 152
150 153
150 154
150 161
150 162
150 163
150 165
150 169
150 170
150 171
150 172
150 173
150 175
150 177
150 178
150 181
150 183
150 184
150 185
150 187
150 188
150 192
150 193
150 194
150 196
151 152
151 153
151 154
151 156
151 159
151 161
151 162
151 165
151 167
151 168
151 169
151 170
151 171
151 172
151 174
151 175
151 176
151 177
151 179
151 180
151 182
151 183
151 186
151 189
151 191
151 192
151 197
151 199
152 153
152 154
152 156
152 157
152 160
152 161
152 163
152 164
152 165
152 166
152 171
152 172
152 173
152 177
152 178
152 179
152 180
152 181
152 183
152 184
152 187
152 188
152 191
152 192
152 193
152 194
152 195
152 196
152 197
152 198
153 155
153 156
153 158
153 160
153 161
153 162
153 163
153 164
153 166
153 167
153 168
153 169
153 170
153 171
153 172
153 174
153 176
153 178
153 179
153 180
153 185
153 188
153 190
153 191
153 192
153 193
153 196
153 199
154 155
154 157
154 158
154 160
154 161
154 164
154 166
154 168
154 169
154 170
154 172
154 174
154 175
154 178
154 179
154 184
154 185
154 186
154 191
154 192
154 193
154 194
154 195
154 196
154 197
154 198
154 199
155 156
155 158
155 162
155 165
155 168
155 169
155 170
155 171
155 172
155 173
155 174
155 176
155 177
155 180
155 181
155 182
155 183
155 186
155 187
155 194
155 196
155 197
155 199
156 160
156 161
156 163
156 164
156 166
156 167
156 168
156 171
156 172
156 173
156 174
156 177
156 178
156 180
156 181
156 182
156 184
156 188
156 189
156 193
156 194
156 195
156 196
156 197
156 199
157 159
157 161
157 162
157 163
157 165
157 166
157 170
157 171
157 174
157 175
157 179
157 180
157 181
157 182
157 184
157 187
157 189
157 190
157 191
157 193
157 194
157 195
157 196
157 199
158 160
158 162
158 164
158 165
158 166
158 167
158 168
158 169
158 170
158 172
158 173
158 175
158 176
158 178
158 179
158 181
158 182
158 186
158 187
158 188
158 191
158 194
158 195
158 196
158 199
159 160
159 163
159 164
159 165
159 167
159 173
159 176
159 177
159 179
159 180
159 183
159 186
159 188
159 190
159 192
159 193
159 194
159 195
159 197
159 199
160 162
160 163
160 166
160 167
160 169
160 170
160 171
160 172
160 175
160 176
160 177
160 178
160 184
160 185
160 187
160 188
160 189
160 191
160 192
160 193
160 194
160 195
160 197
161 162
161 163
161 165
161 166
161 167
161 168
161 169
161 170
161 171
161 173
161 176
161 177
161 178
161 179
161 180
161 182
161 183
161 186
161 187
161 189
161 190
161 191
161 192
161 194
161 196
161 197
161 198
161 199
162 164
162 166
162 167
162 171
162 172
162 173
162 176
162 177
162 179
162 180
162 181
162 182
162 183
162 185
162 186
162 189
162 191
162 194
162 195
162 197
162 198
162 199
163 168
163 171
163 173
163 175
163 177
163 178
163 179
163 180
163 181
163 182
163 184
163 185
163 187
163 189
163 190
163 194
163 195
163 197
164 165
164 168
164 172
164 174
164 175
164 176
164 177
164 179
164 181
164 182
164 184
164 185
164 186
164 187
164 190
164 191
164 192
164 195
164 198
165 167
165 168
165 169
165 171
165 172
165 173
165 174
165 178
165 180
165 181
165 186
165 188
165 189
165 190
165 191
165 194
165 195
165 196
165 197
165 199
166 167
166 168
166 169
166 170
166 173
166 175
166 179
166 180
166 182
166 184
166 186
166 187
166 193
166 194
166 196
166 197
166 198
166 199
167 169
167 171
167 172
167 173
167 175
167 177
167 179
167 181
167 183
167 184
167 185
167 186
167 189
167 192
167 193
167 194
167 199
168 169
168 170
168 172
168 174
168 177
168 178
168 179
168 180
168 182
168 184
168 186
168 187
168 188
168 191
168 192
168 193
168 194
168 195
168 197
168 199
169 172
169 173
169 176
169 177
169 178
169 179
169 180
169 181
169 183
169 185
169 186
169 190
169 192
169 193
169 195
169 197
170 172
170 173
170 176
170 177
170 178
170 179
170 181
170 189
170 194
170 195
170 197
170 198
171 172
171 178
171 179
171 182
171 183
171 184
171 186
171 191
171 193
171 196
171 197
171 198
172 173
172 176
172 177
172 178
172 181
172 183
172 186
172 188
172 189
172 191
172 192
172 194
172 196
172 199
173 174
173 177
173 178
173 180
173 181
173 182
173 183
173 184
173 186
173 187
173 189
173 191
173 192
173 193
173 194
173 195
173 196
173 197
174 178
174 179
174 180
174 181
174 182
174 183
174 184
174 185
174 186
174 187
174 189
174 190
174 191
174 193
174 199
175 176
175 177
175 178
175 180
175 181
175 184
175 186
175 187
175 189
175 190
175 193
175 197
175 198
176 180
176 184
176 185
176 186
176 187
176 188
176 190
176 191
176 192
176 193
176 195
176 197
176 198
176 199
177 181
177 182
177 183
177 184
177 185
177 186
177 187
177 189
177 190
177 192
177 195
177 196
177 198
177 199
178 179
178 181
178 183
178 185
178 186
178 187
178 189
178 190
178 197
178 198
178 199
179 180
179 181
179 182
179 183
179 184
179 185
179 186
179 187
179 188
179 189
179 198
179 199
180 181
180 182
180 183
180 185
180 186
180 188
180 189
180 190
180 192
180 193
180 198
180 199
181 182
181 185
181 186
181 187
181 188
181 189
181 191
181 192
181 193
181 195
181 196
181 197
181 199
182 187
182 188
182 190
182 191
182 193
182 194
182 196
182 197
182 198
183 184
183 185
183 187
183 190
183 193
183 195
183 196
183 197
183 198
183 199
184 185
184 186
184 187
184 188
184 189
184 191
184 192
184 193
184 194
184 195
184 196
184 197
184 198
185 186
185 189
185 192
185 193
185 194
185 198
186 187
186 188
186 189
186 190
186 191
186 192
186 193
186 196
186 198
186 199
187 188
187 190
187 191
187 192
187 193
187 194
187 196
187 197
187 198
187 199
188 189
188 190
188 194
188 196
188 197
188 198
188 199
189 190
189 191
189 192
189 195
189 197
189 198
190 191
190 192
190 194
190 195
190 198
190 199
191 193
191 195
191 196
191 199
192 196
192 198
192 199
193 194
193 195
193 196
193 197
193 199
194 195
194 197
194 198
194 199
195 198
195 199
196 198
196 199
197 198
197 199
181 12 101 63 35 46 111 11 28 116 71 134 178 189 25 89 41 148 92 93 108 187 159 81 48 137 141 125 157 142 170 70 21 180 131 49 114 83 174 1
110 113 120 162 154 68 64 128 56 156 8 6 91 133 186 14 27 84 0 151 175 183 72 146 85 158 98 173 100 88 127 24 172 62 139 143 169 66 177 30
53 161 145 80 104 191 79 57 140 188 94 196 176 17 13 65 44 119 22 52 109 96 150 37 192 182 55 34 179 82 2 31 18 54 198 184 29 59 164 122
132 67 20 152 194 58 95 167 77 69 7 43 149 130 115 185 10 51 126 23 124 163 90 190 136 36 78 47 197 9 112 195 166 165 50 147 87 105 153 135
103 3 15 19 168 26 199 106 16 121 99 160 4 42 45 74 75 76 155 40 39 86 193 73 144 123 118 61 32 97 171 38 138 5 117 129 107 33 102 60
