200
9982
20
84.26
80.18
33.76
39.73
59.87
38.51
68.37
47.27
83.95
41.39
60.04
2.5
71.45
36.39
49.58
29.55
65.75
26.69
64.62
24.62
0 3
0 9
0 10
0 13
0 14
0 16
0 17
0 19
0 20
0 23
0 26
0 27
0 29
0 30
0 31
0 32
0 34
0 35
0 36
0 38
0 41
0 42
0 43
0 45
0 46
0 47
0 50
0 57
0 58
0 59
0 60
0 62
0 64
0 65
0 66
0 69
0 70
0 73
0 74
0 75
0 78
0 79
0 81
0 82
0 84
0 86
0 87
0 88
0 96
0 99
0 101
0 102
0 104
0 108
0 109
0 110
0 112
0 114
0 116
0 117
0 120
0 122
0 126
0 127
0 129
0 131
0 132
0 134
0 135
0 138
0 139
0 140
0 142
0 143
0 144
0 146
0 147
0 149
0 151
0 158
0 164
0 165
0 167
0 169
0 170
0 171
0 172
0 174
0 177
0 178
0 179
0 182
0 183
0 184
0 185
0 186
0 187
0 188
0 190
0 192
0 193
0 194
0 196
0 198
0 199
1 3
1 7
1 8
1 18
1 20
1 24
1 25
1 26
1 29
1 30
1 33
1 37
1 44
1 45
1 46
1 48
1 52
1 54
1 57
1 59
1 63
1 64
1 67
1 69
1 71
1 72
1 73
1 74
1 77
1 79
1 82
1 86
1 88
1 90
1 91
1 92
1 95
1 97
1 100
1 101
1 104
1 107
1 109
1 113
1 115
1 116
1 118
1 119
1 126
1 131
1 133
1 134
1 135
1 137
1 138
1 139
1 143
1 146
1 148
1 149
1 150
1 152
1 155
1 157
1 158
1 160
1 162
1 163
1 167
1 168
1 169
1 170
1 171
1 172
1 173
1 175
1 176
1 177
1 178
1 180
1 182
1 183
1 184
1 185
1 186
1 188
1 189
1 192
1 196
1 197
1 199
2 4
2 6
2 7
2 9
2 10
2 12
2 17
2 18
2 19
2 20
2 22
2 26
2 27
2 29
2 32
2 33
2 35
2 36
2 41
2 42
2 44
2 45
2 47
2 48
2 50
2 52
2 53
2 55
2 63
2 65
2 66
2 70
2 71
2 72
2 73
2 74
2 77
2 78
2 79
2 83
2 84
2 87
2 88
2 89
2 90
2 93
2 98
2 100
2 102
2 107
2 109
2 110
2 111
2 114
2 115
2 116
2 118
2 119
2 123
2 124
2 125
2 126
2 129
2 130
2 132
2 134
2 136
2 137
2 140
2 141
2 142
2 149
2 151
2 152
2 154
2 159
2 161
2 163
2 164
2 166
2 168
2 169
2 170
2 171
2 172
2 173
2 175
2 178
2 180
2 181
2 182
2 183
2 188
2 190
2 194
3 4
3 5
3 10
3 11
3 13
3 14
3 15
3 16
3 18
3 19
3 20
3 21
3 22
3 25
3 26
3 27
3 28
3 29
3 31
3 33
3 35
3 36
3 39
3 42
3 44
3 45
3 46
3 47
3 48
3 49
3 51
3 56
3 59
3 60
3 62
3 66
3 68
3 70
3 72
3 73
3 79
3 81
3 82
3 84
3 86
3 87
3 91
3 93
3 95
3 96
3 99
3 103
3 105
3 106
3 108
3 111
3 114
3 115
3 117
3 119
3 120
3 122
3 124
3 126
3 130
3 131
3 132
3 135
3 136
3 137
3 143
3 145
3 147
3 149
3 152
3 153
3 156
3 157
3 158
3 160
3 162
3 165
3 167
3 168
3 172
3 174
3 176
3 177
3 179
3 180
3 182
3 184
3 187
3 189
3 190
3 192
3 193
3 198
4 6
4 9
4 14
4 17
4 20
4 21
4 24
4 29
4 30
4 32
4 34
4 35
4 36
4 40
4 42
4 43
4 44
4 45
4 46
4 49
4 52
4 53
4 55
4 56
4 57
4 58
4 59
4 61
4 63
4 64
4 65
4 69
4 70
4 75
4 79
4 80
4 83
4 84
4 90
4 94
4 95
4 96
4 98
4 104
4 106
4 107
4 110
4 111
4 112
4 115
4 117
4 118
4 120
4 121
4 122
4 124
4 125
4 126
4 128
4 129
4 131
4 132
4 133
4 136
4 138
4 140
4 141
4 142
4 143
4 144
4 145
4 150
4 151
4 154
4 156
4 158
4 159
4 160
4 161
4 162
4 164
4 166
4 170
4 175
4 176
4 179
4 180
4 181
4 187
4 188
4 189
4 190
4 191
4 192
4 193
4 194
4 195
4 196
4 197
4 198
5 8
5 10
5 11
5 14
5 16
5 17
5 18
5 24
5 28
5 32
5 33
5 35
5 37
5 38
5 39
5 40
5 43
5 45
5 46
5 47
5 49
5 50
5 52
5 53
5 54
5 55
5 57
5 58
5 62
5 65
5 66
5 70
5 72
5 74
5 75
5 79
5 80
5 81
5 82
5 84
5 85
5 86
5 88
5 89
5 90
5 91
5 94
5 95
5 97
5 98
5 99
5 100
5 103
5 104
5 105
5 107
5 110
5 111
5 115
5 116
5 119
5 120
5 121
5 123
5 125
5 126
5 133
5 135
5 136
5 137
5 138
5 140
5 142
5 144
5 147
5 148
5 149
5 151
5 152
5 153
5 155
5 156
5 159
5 160
5 164
5 165
5 166
5 167
5 168
5 169
5 170
5 173
5 175
5 177
5 180
5 181
5 182
5 186
5 187
5 188
5 196
6 13
6 15
6 17
6 20
6 23
6 26
6 27
6 28
6 29
6 30
6 37
6 38
6 40
6 43
6 44
6 45
6 51
6 52
6 53
6 55
6 56
6 57
6 63
6 64
6 65
6 71
6 72
6 75
6 76
6 78
6 79
6 82
6 85
6 87
6 88
6 89
6 91
6 92
6 94
6 96
6 97
6 98
6 101
6 103
6 104
6 105
6 106
6 108
6 110
6 111
6 112
6 113
6 114
6 115
6 118
6 119
6 120
6 124
6 125
6 129
6 130
6 131
6 132
6 133
6 136
6 137
6 138
6 140
6 141
6 142
6 143
6 144
6 146
6 147
6 149
6 152
6 156
6 159
6 160
6 161
6 164
6 165
6 166
6 167
6 169
6 170
6 172
6 174
6 175
6 176
6 177
6 178
6 179
6 181
6 184
6 185
6 187
6 192
6 194
6 195
6 198
6 199
7 8
7 9
7 14
7 15
7 16
7 19
7 20
7 23
7 24
7 26
7 30
7 32
7 33
7 34
7 35
7 36
7 37
7 38
7 42
7 45
7 46
7 47
7 48
7 49
7 53
7 54
7 56
7 57
7 58
7 62
7 63
7 64
7 66
7 68
7 69
7 70
7 74
7 76
7 77
7 78
7 79
7 80
7 85
7 86
7 90
7 91
7 93
7 96
7 97
7 100
7 102
7 103
7 104
7 107
7 108
7 111
7 112
7 115
7 116
7 117
7 118
7 123
7 125
7 126
7 128
7 129
7 130
7 131
7 133
7 134
7 135
7 136
7 138
7 139
7 140
7 141
7 142
7 149
7 155
7 157
7 158
7 162
7 163
7 164
7 169
7 170
7 173
7 174
7 175
7 178
7 179
7 180
7 181
7 184
7 185
7 186
7 193
7 194
7 195
8 9
8 11
8 12
8 13
8 14
8 15
8 16
8 17
8 18
8 19
8 22
8 23
8 24
8 29
8 32
8 34
8 37
8 39
8 40
8 41
8 42
8 45
8 46
8 52
8 54
8 58
8 59
8 63
8 64
8 65
8 66
8 67
8 69
8 70
8 71
8 72
8 75
8 76
8 77
8 84
8 85
8 86
8 87
8 88
8 89
8 91
8 93
8 95
8 96
8 97
8 98
8 99
8 100
8 102
8 103
8 104
8 105
8 106
8 109
8 111
8 112
8 115
8 116
8 117
8 118
8 121
8 122
8 130
8 131
8 133
8 134
8 136
8 137
8 139
8 140
8 142
8 145
8 146
8 149
8 153
8 154
8 155
8 158
8 161
8 165
8 167
8 170
8 173
8 174
8 182
8 184
8 187
8 188
8 191
8 194
8 197
9 10
9 12
9 13
9 15
9 18
9 19
9 24
9 25
9 26
9 27
9 30
9 32
9 33
9 36
9 37
9 40
9 42
9 43
9 46
9 48
9 50
9 52
9 53
9 54
9 55
9 58
9 63
9 64
9 65
9 68
9 69
9 70
9 72
9 73
9 77
9 78
9 81
9 82
9 85
9 86
9 87
9 88
9 91
9 92
9 93
9 96
9 97
9 99
9 100
9 105
9 106
9 108
9 109
9 110
9 113
9 114
9 115
9 116
9 117
9 119
9 121
9 124
9 125
9 127
9 131
9 132
9 134
9 135
9 136
9 139
9 140
9 144
9 149
9 151
9 152
9 153
9 156
9 161
9 162
9 163
9 164
9 166
9 168
9 171
9 172
9 173
9 174
9 180
9 181
9 182
9 185
9 188
9 190
9 191
9 192
9 193
9 196
10 12
10 15
10 16
10 19
10 22
10 23
10 29
10 31
10 32
10 33
10 34
10 37
10 39
10 40
10 42
10 45
10 46
10 50
10 53
10 56
10 57
10 60
10 61
10 63
10 65
10 66
10 67
10 70
10 71
10 77
10 80
10 82
10 83
10 84
10 85
10 86
10 88
10 89
10 91
10 92
10 93
10 95
10 96
10 98
10 100
10 101
10 102
10 105
10 107
10 111
10 113
10 117
10 118
10 119
10 120
10 122
10 126
10 129
10 130
10 134
10 137
10 138
10 139
10 141
10 142
10 144
10 146
10 147
10 152
10 153
10 154
10 155
10 156
10 161
10 162
10 164
10 165
10 166
10 167
10 170
10 175
10 177
10 182
10 183
10 184
10 185
10 186
10 187
10 190
10 191
10 192
10 197
11 15
11 16
11 19
11 20
11 21
11 22
11 23
11 29
11 30
11 31
11 32
11 33
11 35
11 38
11 40
11 43
11 44
11 46
11 47
11 49
11 50
11 51
11 53
11 58
11 59
11 62
11 63
11 66
11 67
11 68
11 71
11 72
11 74
11 76
11 78
11 80
11 81
11 83
11 84
11 88
11 89
11 92
11 94
11 97
11 102
11 103
11 105
11 108
11 109
11 112
11 114
11 115
11 117
11 118
11 119
11 121
11 124
11 125
11 128
11 131
11 132
11 134
11 137
11 139
11 143
11 144
11 146
11 149
11 151
11 152
11 153
11 154
11 155
11 157
11 159
11 161
11 162
11 163
11 165
11 167
11 169
11 172
11 174
11 175
11 176
11 177
11 178
11 179
11 182
11 184
11 188
11 192
11 193
11 194
11 195
11 197
12 13
12 14
12 17
12 18
12 19
12 20
12 21
12 22
12 23
12 24
12 26
12 28
12 32
12 36
12 37
12 40
12 41
12 42
12 43
12 48
12 51
12 52
12 53
12 57
12 59
12 61
12 62
12 65
12 68
12 70
12 71
12 72
12 75
12 77
12 78
12 79
12 80
12 87
12 90
12 91
12 92
12 94
12 95
12 96
12 97
12 98
12 99
12 100
12 101
12 103
12 106
12 110
12 112
12 113
12 116
12 122
12 126
12 128
12 129
12 133
12 135
12 137
12 138
12 140
12 144
12 147
12 149
12 151
12 153
12 158
12 160
12 162
12 163
12 164
12 165
12 167
12 168
12 173
12 175
12 176
12 177
12 179
12 181
12 183
12 185
12 186
12 188
12 189
12 193
12 194
12 198
13 14
13 17
13 18
13 20
13 23
13 24
13 30
13 31
13 32
13 33
13 34
13 36
13 38
13 42
13 45
13 46
13 48
13 49
13 50
13 51
13 55
13 57
13 58
13 60
13 62
13 64
13 66
13 68
13 71
13 72
13 73
13 74
13 75
13 76
13 78
13 80
13 83
13 85
13 86
13 90
13 91
13 92
13 93
13 97
13 98
13 99
13 100
13 101
13 104
13 105
13 107
13 108
13 110
13 111
13 113
13 114
13 115
13 119
13 121
13 122
13 123
13 127
13 134
13 136
13 140
13 141
13 143
13 144
13 147
13 148
13 150
13 155
13 156
13 159
13 164
13 165
13 166
13 167
13 168
13 170
13 171
13 172
13 174
13 177
13 180
13 185
13 188
13 191
13 194
13 197
14 15
14 17
14 18
14 23
14 24
14 27
14 28
14 29
14 30
14 31
14 35
14 39
14 40
14 41
14 43
14 44
14 46
14 47
14 48
14 49
14 50
14 54
14 55
14 65
14 66
14 67
14 68
14 74
14 78
14 80
14 81
14 82
14 83
14 84
14 85
14 86
14 90
14 91
14 93
14 94
14 96
14 98
14 99
14 100
14 102
14 103
14 106
14 110
14 116
14 118
14 119
14 120
14 122
14 123
14 124
14 127
14 128
14 133
14 134
14 136
14 137
14 138
14 139
14 144
14 146
14 147
14 148
14 149
14 151
14 153
14 155
14 157
14 158
14 162
14 164
14 167
14 169
14 170
14 174
14 177
14 178
14 185
14 186
14 190
14 191
14 192
14 193
14 196
14 197
15 16
15 17
15 18
15 19
15 22
15 23
15 24
15 26
15 27
15 30
15 31
15 33
15 35
15 41
15 42
15 43
15 47
15 49
15 50
15 51
15 53
15 54
15 57
15 58
15 61
15 63
15 67
15 68
15 69
15 70
15 71
15 72
15 74
15 76
15 78
15 80
15 82
15 83
15 85
15 87
15 88
15 90
15 92
15 93
15 94
15 95
15 96
15 97
15 99
15 100
15 101
15 102
15 103
15 104
15 105
15 106
15 107
15 108
15 111
15 117
15 120
15 122
15 123
15 125
15 127
15 128
15 130
15 132
15 134
15 135
15 137
15 138
15 141
15 142
15 143
15 144
15 145
15 147
15 148
15 149
15 150
15 151
15 153
15 154
15 156
15 157
15 159
15 160
15 162
15 164
15 165
15 171
15 175
15 178
15 182
15 189
15 190
15 191
15 194
15 195
15 196
15 197
16 19
16 20
16 21
16 22
16 23
16 26
16 27
16 28
16 29
16 30
16 31
16 34
16 36
16 40
16 42
16 45
16 46
16 48
16 49
16 50
16 51
16 52
16 55
16 56
16 58
16 61
16 62
16 65
16 71
16 76
16 77
16 78
16 79
16 81
16 87
16 89
16 91
16 93
16 95
16 98
16 99
16 101
16 104
16 112
16 113
16 114
16 115
16 119
16 120
16 121
16 123
16 124
16 126
16 127
16 131
16 134
16 135
16 138
16 140
16 144
16 147
16 148
16 151
16 154
16 156
16 158
16 159
16 160
16 162
16 165
16 167
16 168
16 170
16 171
16 174
16 176
16 182
16 184
16 185
16 187
16 188
16 189
16 190
16 191
16 192
16 193
16 195
16 198
17 22
17 25
17 27
17 28
17 31
17 32
17 33
17 34
17 35
17 39
17 40
17 43
17 44
17 46
17 47
17 48
17 51
17 63
17 67
17 69
17 71
17 73
17 77
17 79
17 80
17 81
17 84
17 86
17 87
17 88
17 89
17 91
17 92
17 93
17 97
17 98
17 100
17 101
17 102
17 103
17 109
17 111
17 112
17 115
17 116
17 119
17 120
17 121
17 122
17 125
17 126
17 129
17 134
17 136
17 138
17 139
17 140
17 145
17 146
17 147
17 148
17 149
17 150
17 151
17 152
17 153
17 156
17 158
17 162
17 164
17 166
17 167
17 169
17 172
17 174
17 175
17 177
17 181
17 182
17 184
17 186
17 188
17 189
17 191
17 192
17 194
17 198
17 199
18 19
18 23
18 26
18 29
18 33
18 40
18 43
18 44
18 46
18 47
18 48
18 50
18 51
18 52
18 53
18 55
18 57
18 63
18 65
18 66
18 67
18 68
18 70
18 75
18 80
18 83
18 84
18 86
18 87
18 88
18 90
18 94
18 95
18 96
18 100
18 101
18 104
18 105
18 106
18 107
18 109
18 110
18 111
18 118
18 119
18 120
18 122
18 123
18 124
18 126
18 127
18 130
18 131
18 134
18 136
18 138
18 140
18 143
18 145
18 149
18 150
18 153
18 156
18 160
18 161
18 164
18 167
18 168
18 170
18 174
18 175
18 176
18 178
18 179
18 181
18 185
18 191
18 192
18 193
18 195
18 196
18 198
19 21
19 22
19 23
19 24
19 25
19 27
19 28
19 29
19 30
19 31
19 37
19 39
19 42
19 43
19 44
19 45
19 46
19 52
19 53
19 56
19 57
19 58
19 59
19 60
19 62
19 63
19 65
19 66
19 70
19 72
19 74
19 75
19 76
19 77
19 80
19 81
19 83
19 84
19 86
19 87
19 90
19 91
19 92
19 96
19 100
19 101
19 102
19 103
19 105
19 106
19 111
19 112
19 113
19 114
19 117
19 119
19 120
19 126
19 128
19 132
19 133
19 136
19 139
19 141
19 143
19 144
19 145
19 146
19 153
19 154
19 157
19 158
19 159
19 160
19 162
19 163
19 164
19 169
19 170
19 176
19 177
19 178
19 183
19 186
19 191
19 193
19 194
19 196
19 197
19 198
19 199
20 22
20 23
20 24
20 29
20 31
20 33
20 41
20 45
20 46
20 48
20 50
20 52
20 55
20 56
20 59
20 61
20 62
20 68
20 70
20 71
20 72
20 76
20 77
20 79
20 84
20 86
20 87
20 90
20 91
20 100
20 103
20 105
20 107
20 108
20 113
20 114
20 115
20 117
20 118
20 121
20 122
20 127
20 128
20 132
20 135
20 136
20 144
20 145
20 146
20 147
20 149
20 151
20 152
20 156
20 157
20 159
20 160
20 162
20 163
20 165
20 168
20 169
20 173
20 174
20 175
20 176
20 178
20 182
20 184
20 185
20 187
20 188
20 190
20 191
20 192
20 193
20 194
20 195
20 196
20 199
21 27
21 28
21 31
21 32
21 33
21 34
21 37
21 38
21 47
21 48
21 51
21 54
21 56
21 57
21 61
21 64
21 65
21 66
21 67
21 69
21 70
21 71
21 72
21 73
21 74
21 78
21 80
21 83
21 85
21 86
21 87
21 88
21 89
21 90
21 91
21 92
21 95
21 100
21 101
21 102
21 103
21 105
21 106
21 107
21 111
21 112
21 117
21 118
21 119
21 120
21 121
21 123
21 127
21 128
21 129
21 132
21 133
21 136
21 138
21 139
21 141
21 143
21 145
21 149
21 150
21 151
21 155
21 156
21 157
21 159
21 160
21 161
21 163
21 168
21 169
21 170
21 171
21 172
21 173
21 175
21 176
21 178
21 179
21 180
21 186
21 188
21 191
21 192
21 193
21 194
21 195
21 196
21 197
21 198
22 25
22 34
22 36
22 37
22 41
22 42
22 48
22 49
22 52
22 54
22 55
22 58
22 60
22 62
22 64
22 66
22 68
22 74
22 76
22 77
22 81
22 83
22 84
22 85
22 88
22 91
22 93
22 94
22 96
22 106
22 107
22 108
22 113
22 115
22 117
22 119
22 120
22 122
22 125
22 126
22 128
22 135
22 136
22 138
22 139
22 141
22 142
22 143
22 144
22 147
22 148
22 149
22 150
22 153
22 154
22 156
22 160
22 161
22 163
22 164
22 166
22 174
22 175
22 176
22 182
22 183
22 184
22 187
22 189
22 190
22 191
22 193
22 195
22 196
22 199
23 32
23 33
23 36
23 37
23 38
23 39
23 41
23 42
23 43
23 44
23 45
23 47
23 49
23 50
23 51
23 55
23 56
23 57
23 58
23 59
23 63
23 65
23 66
23 67
23 72
23 73
23 78
23 80
23 81
23 84
23 85
23 86
23 87
23 88
23 89
23 98
23 99
23 101
23 103
23 104
23 106
23 109
23 114
23 115
23 116
23 118
23 119
23 120
23 123
23 126
23 133
23 134
23 137
23 138
23 140
23 141
23 143
23 144
23 150
23 156
23 161
23 164
23 165
23 166
23 168
23 170
23 172
23 174
23 175
23 178
23 180
23 181
23 187
23 189
23 190
23 192
23 194
23 195
23 196
23 199
24 25
24 26
24 27
24 29
24 31
24 32
24 33
24 35
24 36
24 42
24 44
24 47
24 48
24 52
24 53
24 54
24 55
24 56
24 57
24 60
24 62
24 66
24 67
24 68
24 71
24 76
24 78
24 80
24 82
24 83
24 91
24 92
24 93
24 94
24 95
24 100
24 102
24 103
24 104
24 105
24 106
24 107
24 109
24 110
24 111
24 113
24 115
24 116
24 117
24 118
24 123
24 125
24 128
24 130
24 131
24 132
24 133
24 134
24 135
24 136
24 137
24 138
24 139
24 142
24 145
24 147
24 148
24 150
24 152
24 153
24 155
24 156
24 157
24 158
24 162
24 163
24 165
24 166
24 168
24 170
24 171
24 175
24 176
24 179
24 180
24 183
24 184
24 188
24 191
24 193
24 194
24 196
24 198
24 199
25 28
25 30
25 32
25 33
25 34
25 36
25 37
25 38
25 40
25 42
25 44
25 48
25 49
25 52
25 54
25 55
25 56
25 63
25 65
25 66
25 69
25 70
25 71
25 75
25 78
25 79
25 80
25 83
25 84
25 86
25 87
25 88
25 90
25 92
25 95
25 98
25 100
25 102
25 103
25 104
25 105
25 106
25 108
25 109
25 110
25 114
25 116
25 118
25 119
25 121
25 122
25 123
25 124
25 125
25 126
25 127
25 129
25 130
25 131
25 132
25 135
25 136
25 137
25 139
25 140
25 141
25 144
25 145
25 146
25 147
25 148
25 152
25 156
25 157
25 161
25 163
25 166
25 168
25 169
25 171
25 173
25 174
25 175
25 176
25 177
25 180
25 181
25 182
25 183
25 185
25 187
25 188
25 189
25 190
25 194
25 195
25 196
25 197
25 198
26 28
26 29
26 32
26 36
26 37
26 39
26 40
26 41
26 42
26 43
26 44
26 48
26 50
26 54
26 55
26 57
26 59
26 60
26 62
26 65
26 67
26 69
26 71
26 72
26 73
26 74
26 75
26 76
26 77
26 83
26 84
26 85
26 86
26 95
26 96
26 97
26 98
26 99
26 100
26 103
26 107
26 108
26 109
26 111
26 112
26 115
26 116
26 119
26 120
26 121
26 123
26 125
26 126
26 130
26 132
26 134
26 141
26 142
26 143
26 145
26 146
26 148
26 149
26 154
26 157
26 158
26 162
26 163
26 164
26 166
26 167
26 173
26 175
26 177
26 181
26 182
26 185
26 186
26 187
26 190
26 192
26 194
26 195
26 196
26 197
27 29
27 30
27 31
27 32
27 34
27 37
27 38
27 41
27 42
27 46
27 48
27 49
27 51
27 54
27 55
27 57
27 61
27 63
27 64
27 66
27 73
27 74
27 77
27 78
27 79
27 82
27 83
27 85
27 88
27 89
27 91
27 95
27 102
27 107
27 111
27 113
27 115
27 117
27 120
27 122
27 123
27 127
27 128
27 129
27 130
27 134
27 136
27 139
27 140
27 141
27 142
27 144
27 145
27 148
27 149
27 153
27 154
27 156
27 161
27 166
27 171
27 173
27 175
27 176
27 179
27 181
27 182
27 185
27 187
27 189
27 194
27 196
27 198
27 199
28 30
28 32
28 34
28 38
28 39
28 42
28 43
28 44
28 45
28 47
28 49
28 50
28 54
28 56
28 60
28 62
28 63
28 64
28 66
28 69
28 70
28 71
28 73
28 75
28 76
28 77
28 78
28 79
28 82
28 84
28 86
28 92
28 94
28 95
28 96
28 97
28 98
28 100
28 101
28 105
28 108
28 109
28 110
28 114
28 115
28 116
28 118
28 119
28 121
28 122
28 124
28 125
28 132
28 133
28 136
28 137
28 138
28 139
28 140
28 141
28 143
28 146
28 147
28 149
28 150
28 151
28 152
28 153
28 159
28 160
28 162
28 163
28 164
28 165
28 166
28 168
28 169
28 170
28 171
28 172
28 175
28 177
28 178
28 181
28 185
28 186
28 191
28 196
28 197
28 198
29 30
29 31
29 32
29 33
29 38
29 39
29 43
29 45
29 46
29 47
29 49
29 50
29 55
29 58
29 60
29 61
29 64
29 65
29 67
29 68
29 71
29 73
29 74
29 75
29 76
29 79
29 80
29 81
29 92
29 94
29 95
29 98
29 101
29 103
29 105
29 107
29 109
29 110
29 112
29 113
29 115
29 116
29 124
29 125
29 126
29 128
29 131
29 133
29 134
29 136
29 140
29 141
29 143
29 144
29 146
29 150
29 151
29 152
29 153
29 157
29 160
29 166
29 169
29 170
29 171
29 177
29 178
29 179
29 180
29 181
29 183
29 186
29 188
29 189
29 191
29 192
29 193
29 195
29 197
29 198
29 199
30 32
30 33
30 34
30 35
30 36
30 37
30 42
30 44
30 46
30 47
30 48
30 49
30 50
30 52
30 54
30 57
30 59
30 60
30 62
30 63
30 64
30 65
30 66
30 67
30 69
30 70
30 71
30 73
30 74
30 75
30 77
30 79
30 81
30 82
30 83
30 85
30 86
30 87
30 89
30 93
30 94
30 95
30 96
30 97
30 100
30 103
30 106
30 108
30 109
30 110
30 114
30 115
30 118
30 119
30 120
30 122
30 123
30 124
30 125
30 126
30 128
30 130
30 131
30 132
30 133
30 135
30 136
30 141
30 143
30 147
30 149
30 150
30 152
30 153
30 154
30 155
30 162
30 163
30 164
30 165
30 167
30 168
30 172
30 173
30 174
30 175
30 178
30 179
30 182
30 183
30 185
30 186
30 187
30 189
30 190
30 194
30 197
30 198
30 199
31 32
31 34
31 40
31 43
31 45
31 50
31 52
31 56
31 58
31 61
31 63
31 66
31 67
31 68
31 69
31 70
31 72
31 73
31 75
31 76
31 79
31 80
31 81
31 82
31 83
31 84
31 86
31 88
31 90
31 91
31 93
31 96
31 97
31 98
31 99
31 100
31 101
31 102
31 103
31 104
31 107
31 110
31 112
31 113
31 115
31 116
31 117
31 118
31 119
31 122
31 123
31 124
31 127
31 128
31 129
31 130
31 131
31 132
31 133
31 137
31 143
31 144
31 145
31 147
31 148
31 151
31 152
31 153
31 155
31 157
31 158
31 159
31 160
31 162
31 167
31 170
31 172
31 173
31 174
31 176
31 177
31 179
31 180
31 181
31 182
31 183
31 184
31 193
31 197
31 199
32 35
32 38
32 41
32 42
32 43
32 49
32 52
32 57
32 58
32 60
32 61
32 62
32 63
32 65
32 66
32 72
32 76
32 77
32 78
32 80
32 83
32 86
32 87
32 88
32 89
32 92
32 93
32 95
32 96
32 98
32 99
32 101
32 104
32 105
32 106
32 109
32 111
32 113
32 114
32 117
32 118
32 119
32 125
32 126
32 127
32 130
32 132
32 133
32 134
32 135
32 136
32 141
32 145
32 147
32 150
32 151
32 152
32 153
32 155
32 157
32 158
32 159
32 161
32 164
32 166
32 168
32 171
32 173
32 178
32 179
32 180
32 181
32 182
32 185
32 186
32 188
32 194
32 196
32 198
33 34
33 35
33 36
33 37
33 38
33 39
33 40
33 44
33 48
33 49
33 51
33 52
33 54
33 56
33 58
33 59
33 61
33 62
33 64
33 67
33 68
33 69
33 70
33 71
33 73
33 74
33 75
33 76
33 77
33 78
33 80
33 81
33 84
33 90
33 91
33 93
33 94
33 95
33 96
33 100
33 102
33 103
33 104
33 105
33 108
33 109
33 112
33 113
33 114
33 116
33 120
33 121
33 122
33 123
33 124
33 125
33 126
33 127
33 128
33 129
33 130
33 133
33 136
33 138
33 139
33 140
33 141
33 144
33 145
33 146
33 147
33 148
33 149
33 150
33 151
33 153
33 158
33 160
33 161
33 162
33 163
33 164
33 170
33 172
33 173
33 174
33 182
33 183
33 185
33 187
33 188
33 190
33 191
33 192
33 193
33 197
33 198
33 199
34 36
34 37
34 40
34 41
34 42
34 43
34 44
34 45
34 46
34 48
34 49
34 52
34 53
34 55
34 58
34 59
34 60
34 63
34 64
34 65
34 66
34 69
34 70
34 71
34 73
34 75
34 78
34 79
34 84
34 85
34 86
34 87
34 89
34 91
34 92
34 94
34 95
34 98
34 99
34 102
34 103
34 105
34 106
34 108
34 110
34 116
34 117
34 119
34 120
34 123
34 127
34 129
34 130
34 132
34 134
34 135
34 137
34 138
34 139
34 140
34 141
34 143
34 144
34 146
34 147
34 148
34 149
34 150
34 153
34 155
34 159
34 161
34 162
34 165
34 168
34 169
34 176
34 178
34 179
34 181
34 183
34 184
34 185
34 190
34 191
34 192
34 193
34 197
34 198
35 36
35 37
35 38
35 41
35 42
35 45
35 48
35 51
35 54
35 55
35 56
35 57
35 58
35 65
35 69
35 70
35 71
35 72
35 75
35 76
35 77
35 78
35 80
35 81
35 83
35 85
35 89
35 90
35 91
35 93
35 94
35 95
35 98
35 104
35 107
35 109
35 110
35 112
35 113
35 114
35 116
35 119
35 120
35 121
35 122
35 123
35 126
35 127
35 132
35 133
35 134
35 135
35 137
35 140
35 142
35 143
35 144
35 145
35 148
35 149
35 153
35 155
35 156
35 158
35 159
35 160
35 165
35 166
35 167
35 171
35 173
35 175
35 176
35 177
35 179
35 180
35 184
35 185
35 187
35 192
35 193
35 194
35 195
35 196
35 198
36 37
36 40
36 43
36 46
36 47
36 48
36 50
36 52
36 59
36 60
36 61
36 62
36 64
36 65
36 66
36 67
36 69
36 70
36 71
36 75
36 78
36 81
36 84
36 86
36 90
36 91
36 92
36 93
36 95
36 100
36 102
36 104
36 106
36 108
36 111
36 117
36 121
36 123
36 124
36 125
36 126
36 127
36 128
36 130
36 132
36 133
36 134
36 136
36 137
36 141
36 142
36 144
36 145
36 147
36 148
36 149
36 150
36 153
36 154
36 157
36 158
36 161
36 163
36 166
36 167
36 172
36 173
36 177
36 178
36 181
36 184
36 185
36 187
36 188
36 189
36 190
36 191
36 193
36 195
36 196
36 197
37 38
37 39
37 40
37 42
37 43
37 44
37 45
37 46
37 47
37 48
37 50
37 53
37 55
37 56
37 57
37 58
37 59
37 60
37 65
37 66
37 67
37 69
37 70
37 74
37 78
37 80
37 81
37 82
37 86
37 89
37 90
37 91
37 93
37 94
37 95
37 96
37 97
37 103
37 104
37 107
37 108
37 109
37 112
37 115
37 118
37 120
37 123
37 124
37 125
37 127
37 128
37 129
37 134
37 135
37 136
37 138
37 139
37 140
37 141
37 142
37 143
37 144
37 147
37 148
37 150
37 151
37 152
37 153
37 154
37 155
37 159
37 167
37 168
37 171
37 174
37 178
37 179
37 182
37 184
37 189
37 192
37 193
37 195
37 196
37 199
38 40
38 45
38 47
38 49
38 51
38 52
38 57
38 59
38 60
38 63
38 64
38 66
38 68
38 69
38 70
38 71
38 72
38 74
38 81
38 83
38 86
38 88
38 89
38 91
38 92
38 94
38 95
38 96
38 100
38 101
38 104
38 107
38 109
38 110
38 111
38 114
38 115
38 117
38 118
38 120
38 121
38 122
38 123
38 124
38 125
38 126
38 128
38 134
38 138
38 139
38 142
38 144
38 149
38 151
38 152
38 154
38 156
38 157
38 160
38 163
38 165
38 167
38 169
38 170
38 172
38 173
38 174
38 178
38 181
38 182
38 183
38 185
38 186
38 187
38 190
38 191
38 192
38 193
38 195
38 197
39 40
39 41
39 43
39 45
39 48
39 50
39 51
39 55
39 56
39 57
39 58
39 60
39 61
39 62
39 66
39 67
39 69
39 72
39 75
39 77
39 80
39 81
39 82
39 83
39 84
39 85
39 86
39 88
39 91
39 92
39 93
39 94
39 96
39 98
39 99
39 100
39 102
39 104
39 106
39 107
39 109
39 111
39 113
39 114
39 116
39 120
39 121
39 123
39 125
39 127
39 128
39 130
39 131
39 132
39 135
39 136
39 138
39 140
39 141
39 145
39 146
39 150
39 151
39 154
39 155
39 157
39 159
39 160
39 162
39 165
39 166
39 167
39 169
39 170
39 171
39 172
39 173
39 174
39 178
39 181
39 183
39 186
39 187
39 189
39 190
39 195
39 197
40 42
40 43
40 45
40 47
40 48
40 49
40 52
40 54
40 55
40 56
40 58
40 60
40 61
40 62
40 64
40 66
40 67
40 68
40 69
40 70
40 71
40 74
40 78
40 79
40 81
40 82
40 84
40 86
40 88
40 89
40 90
40 91
40 92
40 94
40 96
40 97
40 99
40 103
40 104
40 109
40 110
40 112
40 115
40 117
40 118
40 120
40 122
40 125
40 126
40 132
40 133
40 137
40 139
40 140
40 144
40 147
40 150
40 152
40 153
40 155
40 156
40 159
40 161
40 162
40 164
40 165
40 167
40 170
40 171
40 173
40 174
40 177
40 178
40 179
40 180
40 181
40 182
40 185
40 186
40 188
40 191
40 195
40 198
40 199
41 42
41 43
41 45
41 46
41 47
41 48
41 53
41 54
41 55
41 58
41 59
41 60
41 61
41 63
41 64
41 65
41 67
41 70
41 71
41 72
41 73
41 74
41 76
41 79
41 84
41 87
41 92
41 98
41 100
41 101
41 102
41 103
41 105
41 108
41 109
41 112
41 116
41 119
41 120
41 124
41 125
41 127
41 129
41 131
41 134
41 135
41 136
41 137
41 138
41 139
41 143
41 147
41 151
41 152
41 154
41 159
41 160
41 161
41 166
41 167
41 168
41 172
41 173
41 179
41 180
41 184
41 186
41 187
41 188
41 191
41 196
41 198
42 44
42 45
42 46
42 47
42 48
42 49
42 51
42 52
42 55
42 56
42 57
42 58
42 59
42 62
42 63
42 66
42 67
42 68
42 78
42 79
42 80
42 81
42 86
42 87
42 88
42 89
42 92
42 93
42 94
42 95
42 96
42 98
42 99
42 101
42 104
42 105
42 106
42 107
42 109
42 110
42 113
42 117
42 119
42 123
42 124
42 125
42 127
42 132
42 133
42 134
42 136
42 138
42 139
42 140
42 145
42 149
42 150
42 151
42 153
42 155
42 161
42 165
42 169
42 175
42 176
42 177
42 178
42 179
42 180
42 181
42 182
42 183
42 184
42 185
42 187
42 190
42 191
42 193
42 196
42 198
42 199
43 44
43 46
43 48
43 51
43 53
43 54
43 56
43 57
43 59
43 62
43 65
43 68
43 69
43 70
43 73
43 74
43 75
43 76
43 78
43 79
43 84
43 87
43 88
43 90
43 91
43 92
43 93
43 94
43 95
43 97
43 98
43 100
43 103
43 104
43 105
43 106
43 110
43 113
43 114
43 115
43 117
43 118
43 122
43 123
43 125
43 127
43 129
43 132
43 134
43 137
43 139
43 148
43 150
43 151
43 152
43 154
43 156
43 157
43 158
43 163
43 165
43 166
43 167
43 168
43 169
43 170
43 173
43 174
43 175
43 177
43 178
43 180
43 182
43 183
43 184
43 185
43 186
43 187
44 48
44 50
44 55
44 57
44 58
44 59
44 60
44 66
44 67
44 68
44 69
44 70
44 71
44 72
44 77
44 78
44 79
44 80
44 81
44 83
44 85
44 86
44 87
44 88
44 89
44 90
44 91
44 93
44 98
44 101
44 104
44 107
44 108
44 110
44 111
44 112
44 114
44 117
44 118
44 122
44 124
44 127
44 129
44 131
44 132
44 133
44 135
44 139
44 141
44 144
44 145
44 146
44 149
44 151
44 152
44 154
44 156
44 158
44 159
44 160
44 161
44 164
44 165
44 166
44 168
44 171
44 172
44 174
44 176
44 178
44 179
44 180
44 183
44 186
44 187
44 188
44 190
44 191
44 192
44 194
44 195
44 196
44 197
44 198
45 46
45 47
45 49
45 50
45 51
45 54
45 55
45 56
45 59
45 60
45 65
45 71
45 72
45 74
45 77
45 79
45 80
45 82
45 83
45 85
45 88
45 89
45 91
45 92
45 94
45 95
45 96
45 98
45 99
45 100
45 102
45 103
45 106
45 107
45 108
45 109
45 110
45 111
45 113
45 115
45 116
45 118
45 119
45 121
45 122
45 123
45 124
45 126
45 127
45 129
45 131
45 132
45 134
45 135
45 137
45 141
45 142
45 143
45 154
45 155
45 156
45 157
45 159
45 161
45 162
45 163
45 165
45 168
45 170
45 172
45 174
45 176
45 177
45 182
45 186
45 193
45 194
45 195
45 196
45 197
45 199
46 47
46 48
46 49
46 50
46 51
46 52
46 54
46 55
46 57
46 58
46 59
46 63
46 65
46 67
46 68
46 70
46 71
46 74
46 75
46 77
46 78
46 79
46 80
46 81
46 82
46 83
46 85
46 87
46 94
46 96
46 102
46 104
46 105
46 106
46 107
46 108
46 110
46 113
46 114
46 115
46 118
46 119
46 120
46 121
46 124
46 125
46 126
46 127
46 129
46 130
46 132
46 133
46 134
46 135
46 136
46 138
46 139
46 142
46 144
46 145
46 146
46 147
46 148
46 149
46 150
46 151
46 156
46 162
46 164
46 165
46 166
46 168
46 173
46 174
46 175
46 179
46 180
46 182
46 183
46 185
46 186
46 187
46 189
46 193
46 194
46 195
47 48
47 50
47 53
47 54
47 55
47 56
47 57
47 58
47 65
47 68
47 69
47 70
47 72
47 74
47 76
47 77
47 78
47 80
47 81
47 82
47 83
47 85
47 88
47 90
47 93
47 94
47 97
47 98
47 99
47 102
47 103
47 104
47 108
47 110
47 111
47 115
47 116
47 120
47 122
47 123
47 125
47 129
47 130
47 132
47 133
47 134
47 140
47 141
47 142
47 147
47 148
47 155
47 158
47 160
47 168
47 170
47 171
47 172
47 173
47 176
47 178
47 179
47 181
47 183
47 189
47 190
47 193
47 196
47 197
47 198
47 199
48 49
48 52
48 54
48 57
48 58
48 60
48 64
48 67
48 68
48 69
48 70
48 72
48 73
48 75
48 76
48 79
48 80
48 84
48 85
48 87
48 88
48 89
48 90
48 91
48 92
48 94
48 97
48 98
48 100
48 102
48 103
48 107
48 108
48 110
48 111
48 118
48 119
48 121
48 122
48 123
48 124
48 125
48 126
48 130
48 132
48 134
48 135
48 140
48 141
48 142
48 143
48 146
48 150
48 152
48 153
48 157
48 159
48 161
48 162
48 163
48 165
48 166
48 169
48 171
48 173
48 174
48 176
48 179
48 180
48 181
48 183
48 185
48 187
48 188
48 189
48 191
48 193
48 194
48 195
49 50
49 51
49 57
49 58
49 59
49 60
49 61
49 63
49 64
49 65
49 69
49 70
49 71
49 72
49 76
49 78
49 79
49 81
49 82
49 83
49 84
49 87
49 90
49 91
49 92
49 93
49 94
49 95
49 96
49 97
49 99
49 103
49 105
49 109
49 110
49 111
49 114
49 115
49 116
49 117
49 118
49 121
49 122
49 123
49 124
49 126
49 127
49 131
49 133
49 134
49 137
49 140
49 145
49 146
49 147
49 152
49 153
49 159
49 160
49 167
49 168
49 169
49 171
49 174
49 175
49 180
49 181
49 183
49 185
49 188
49 192
49 194
49 195
49 196
49 197
49 198
49 199
50 52
50 54
50 56
50 57
50 58
50 59
50 61
50 63
50 66
50 68
50 69
50 70
50 71
50 72
50 73
50 75
50 77
50 79
50 80
50 84
50 85
50 86
50 87
50 88
50 90
50 91
50 92
50 93
50 94
50 98
50 101
50 102
50 103
50 106
50 108
50 109
50 112
50 113
50 115
50 118
50 120
50 121
50 123
50 125
50 127
50 128
50 131
50 133
50 134
50 135
50 136
50 137
50 139
50 146
50 150
50 152
50 154
50 158
50 159
50 162
50 163
50 164
50 167
50 168
50 169
50 171
50 172
50 174
50 176
50 177
50 180
50 181
50 182
50 183
50 184
50 187
50 191
50 193
50 194
50 197
50 198
51 54
51 57
51 58
51 60
51 64
51 67
51 70
51 71
51 72
51 73
51 76
51 77
51 78
51 80
51 81
51 84
51 86
51 89
51 92
51 95
51 96
51 98
51 99
51 100
51 105
51 108
51 110
51 111
51 112
51 114
51 115
51 116
51 118
51 120
51 121
51 123
51 126
51 130
51 131
51 133
51 135
51 136
51 137
51 138
51 139
51 140
51 142
51 143
51 144
51 145
51 146
51 147
51 148
51 149
51 152
51 153
51 156
51 157
51 158
51 159
51 164
51 166
51 168
51 170
51 171
51 173
51 175
51 177
51 180
51 181
51 182
51 183
51 189
51 192
51 193
51 194
51 196
51 197
51 198
51 199
52 53
52 57
52 59
52 62
52 63
52 64
52 66
52 68
52 73
52 76
52 77
52 78
52 80
52 81
52 84
52 85
52 87
52 90
52 92
52 94
52 95
52 96
52 97
52 99
52 100
52 101
52 102
52 103
52 109
52 111
52 112
52 115
52 116
52 120
52 121
52 122
52 126
52 127
52 130
52 131
52 138
52 141
52 142
52 144
52 146
52 147
52 148
52 150
52 153
52 154
52 155
52 159
52 160
52 161
52 163
52 166
52 169
52 170
52 171
52 172
52 175
52 177
52 180
52 182
52 183
52 186
52 188
52 189
52 190
52 191
52 192
52 193
52 194
52 196
52 197
53 54
53 55
53 56
53 57
53 58
53 59
53 60
53 62
53 66
53 67
53 70
53 73
53 74
53 78
53 83
53 87
53 90
53 92
53 93
53 96
53 99
53 100
53 101
53 102
53 103
53 104
53 107
53 108
53 111
53 112
53 113
53 114
53 117
53 118
53 119
53 121
53 122
53 125
53 129
53 135
53 140
53 141
53 143
53 144
53 149
53 150
53 151
53 154
53 155
53 157
53 161
53 164
53 166
53 167
53 168
53 169
53 171
53 173
53 174
53 175
53 176
53 177
53 181
53 182
53 183
53 184
53 186
53 187
53 188
53 189
53 191
53 192
53 193
53 195
53 196
53 197
54 55
54 56
54 57
54 59
54 62
54 65
54 66
54 67
54 69
54 72
54 74
54 75
54 77
54 81
54 83
54 85
54 86
54 88
54 89
54 91
54 93
54 94
54 95
54 96
54 98
54 99
54 101
54 102
54 103
54 104
54 105
54 107
54 108
54 111
54 114
54 117
54 118
54 121
54 122
54 126
54 129
54 130
54 131
54 135
54 136
54 137
54 138
54 139
54 141
54 142
54 143
54 145
54 146
54 147
54 148
54 149
54 150
54 151
54 153
54 154
54 155
54 156
54 157
54 160
54 162
54 165
54 171
54 174
54 177
54 179
54 180
54 183
54 189
54 191
54 195
55 57
55 58
55 61
55 63
55 65
55 66
55 72
55 74
55 75
55 77
55 80
55 87
55 88
55 90
55 91
55 97
55 98
55 100
55 102
55 103
55 105
55 108
55 109
55 112
55 115
55 119
55 120
55 121
55 122
55 127
55 128
55 132
55 133
55 134
55 136
55 140
55 142
55 143
55 145
55 148
55 149
55 151
55 152
55 153
55 154
55 155
55 156
55 159
55 162
55 164
55 166
55 168
55 170
55 172
55 174
55 176
55 181
55 183
55 184
55 187
55 190
55 191
55 193
55 194
55 198
56 61
56 63
56 66
56 67
56 75
56 77
56 80
56 81
56 82
56 86
56 90
56 95
56 96
56 97
56 99
56 100
56 104
56 105
56 106
56 108
56 110
56 112
56 115
56 116
56 122
56 123
56 124
56 127
56 128
56 132
56 134
56 135
56 136
56 137
56 138
56 141
56 144
56 145
56 146
56 153
56 154
56 156
56 158
56 159
56 160
56 161
56 163
56 165
56 168
56 169
56 170
56 171
56 175
56 176
56 177
56 178
56 179
56 183
56 184
56 185
56 186
56 188
56 189
56 190
56 191
56 193
56 195
56 198
56 199
57 59
57 62
57 63
57 67
57 68
57 71
57 73
57 76
57 77
57 78
57 79
57 83
57 84
57 85
57 87
57 88
57 89
57 91
57 93
57 95
57 96
57 97
57 99
57 100
57 101
57 103
57 106
57 107
57 108
57 109
57 115
57 118
57 120
57 123
57 128
57 129
57 130
57 131
57 133
57 134
57 136
57 137
57 141
57 142
57 144
57 146
57 149
57 151
57 152
57 153
57 159
57 160
57 162
57 163
57 164
57 165
57 166
57 167
57 168
57 172
57 173
57 174
57 175
57 177
57 180
57 182
57 183
57 188
57 194
57 195
57 199
58 59
58 60
58 63
58 64
58 65
58 66
58 68
58 69
58 70
58 71
58 72
58 76
58 79
58 82
58 83
58 90
58 92
58 93
58 96
58 97
58 98
58 100
58 101
58 105
58 108
58 109
58 110
58 114
58 115
58 116
58 122
58 123
58 124
58 126
58 127
58 128
58 130
58 131
58 132
58 137
58 138
58 139
58 140
58 143
58 144
58 145
58 146
58 148
58 151
58 152
58 153
58 155
58 156
58 159
58 160
58 162
58 168
58 172
58 174
58 175
58 176
58 177
58 180
58 181
58 183
58 184
58 185
58 186
58 188
58 190
58 194
58 199
59 63
59 64
59 65
59 71
59 74
59 77
59 78
59 86
59 87
59 90
59 92
59 96
59 98
59 99
59 101
59 102
59 103
59 104
59 105
59 106
59 107
59 108
59 110
59 111
59 114
59 115
59 119
59 120
59 121
59 123
59 125
59 130
59 131
59 134
59 139
59 142
59 145
59 147
59 150
59 154
59 156
59 157
59 158
59 159
59 161
59 163
59 164
59 165
59 167
59 179
59 183
59 184
59 186
59 188
59 191
59 193
59 195
60 61
60 62
60 63
60 64
60 65
60 67
60 68
60 71
60 72
60 73
60 76
60 79
60 80
60 81
60 86
60 93
60 94
60 96
60 99
60 100
60 108
60 109
60 112
60 114
60 115
60 118
60 120
60 126
60 130
60 135
60 138
60 140
60 142
60 143
60 144
60 147
60 152
60 154
60 156
60 159
60 161
60 167
60 168
60 169
60 170
60 172
60 174
60 176
60 178
60 182
60 183
60 184
60 187
60 188
60 189
60 191
60 192
60 193
60 194
60 196
61 62
61 63
61 64
61 68
61 71
61 72
61 75
61 76
61 77
61 81
61 82
61 83
61 85
61 87
61 88
61 91
61 94
61 95
61 97
61 98
61 99
61 102
61 103
61 107
61 108
61 109
61 111
61 112
61 114
61 116
61 118
61 120
61 123
61 125
61 126
61 129
61 130
61 136
61 138
61 139
61 140
61 144
61 147
61 149
61 152
61 154
61 155
61 157
61 161
61 165
61 172
61 173
61 174
61 175
61 177
61 179
61 180
61 181
61 184
61 185
61 186
61 190
61 192
61 195
61 196
62 63
62 64
62 65
62 67
62 69
62 75
62 76
62 78
62 79
62 80
62 81
62 82
62 84
62 85
62 86
62 87
62 89
62 90
62 92
62 94
62 98
62 99
62 104
62 105
62 106
62 107
62 108
62 110
62 113
62 114
62 115
62 118
62 119
62 121
62 122
62 123
62 124
62 125
62 129
62 133
62 134
62 135
62 136
62 138
62 139
62 142
62 143
62 144
62 147
62 148
62 152
62 155
62 156
62 158
62 159
62 160
62 161
62 163
62 166
62 168
62 169
62 171
62 177
62 181
62 183
62 184
62 186
62 189
62 195
62 197
63 64
63 66
63 67
63 74
63 75
63 78
63 82
63 83
63 92
63 93
63 95
63 96
63 97
63 98
63 100
63 101
63 103
63 104
63 105
63 106
63 108
63 109
63 110
63 111
63 114
63 115
63 116
63 118
63 119
63 120
63 121
63 128
63 129
63 133
63 134
63 140
63 142
63 143
63 145
63 149
63 150
63 152
63 153
63 154
63 155
63 159
63 161
63 162
63 163
63 164
63 165
63 166
63 169
63 170
63 173
63 174
63 175
63 177
63 179
63 180
63 181
63 182
63 184
63 186
63 189
63 190
63 191
63 195
63 197
64 65
64 67
64 70
64 73
64 75
64 76
64 78
64 80
64 82
64 85
64 87
64 89
64 91
64 92
64 94
64 95
64 96
64 97
64 99
64 101
64 103
64 104
64 106
64 109
64 110
64 113
64 114
64 115
64 116
64 118
64 122
64 123
64 124
64 126
64 129
64 130
64 132
64 133
64 139
64 142
64 144
64 145
64 148
64 150
64 153
64 155
64 159
64 161
64 162
64 163
64 164
64 166
64 167
64 169
64 173
64 175
64 176
64 178
64 179
64 182
64 186
64 187
64 189
64 192
64 193
64 197
64 198
64 199
65 66
65 67
65 68
65 70
65 72
65 73
65 74
65 76
65 77
65 78
65 79
65 82
65 84
65 85
65 89
65 90
65 94
65 95
65 96
65 97
65 99
65 100
65 101
65 102
65 105
65 109
65 110
65 111
65 112
65 114
65 115
65 116
65 117
65 118
65 120
65 122
65 123
65 125
65 128
65 130
65 133
65 135
65 138
65 139
65 142
65 144
65 146
65 148
65 150
65 151
65 152
65 153
65 154
65 158
65 159
65 164
65 165
65 167
65 169
65 172
65 176
65 180
65 184
65 186
65 189
65 191
65 192
65 193
65 194
65 197
65 198
66 67
66 68
66 69
66 72
66 74
66 77
66 78
66 83
66 84
66 86
66 87
66 88
66 90
66 93
66 94
66 98
66 100
66 103
66 104
66 108
66 109
66 110
66 112
66 113
66 114
66 115
66 116
66 118
66 120
66 121
66 124
66 125
66 126
66 128
66 130
66 131
66 132
66 133
66 134
66 135
66 137
66 139
66 140
66 143
66 151
66 154
66 155
66 157
66 158
66 161
66 164
66 165
66 166
66 167
66 168
66 169
66 170
66 171
66 174
66 177
66 178
66 179
66 181
66 182
66 185
66 188
66 189
66 190
66 191
66 192
66 193
66 194
66 198
66 199
67 68
67 73
67 74
67 77
67 78
67 80
67 81
67 83
67 89
67 90
67 93
67 94
67 96
67 97
67 98
67 99
67 101
67 102
67 104
67 107
67 108
67 110
67 111
67 113
67 114
67 115
67 117
67 118
67 119
67 122
67 125
67 128
67 137
67 139
67 141
67 143
67 144
67 146
67 147
67 151
67 152
67 153
67 155
67 156
67 157
67 158
67 159
67 161
67 164
67 165
67 166
67 167
67 171
67 173
67 174
67 175
67 177
67 178
67 183
67 186
67 187
67 188
67 189
67 191
67 195
67 196
67 198
68 72
68 73
68 79
68 80
68 82
68 85
68 86
68 87
68 88
68 93
68 95
68 96
68 97
68 103
68 105
68 106
68 107
68 112
68 114
68 115
68 118
68 119
68 121
68 123
68 125
68 126
68 127
68 128
68 129
68 130
68 133
68 134
68 135
68 139
68 140
68 142
68 148
68 155
68 157
68 159
68 162
68 163
68 164
68 167
68 168
68 170
68 171
68 172
68 175
68 176
68 182
68 184
68 186
68 187
68 189
68 190
68 193
68 195
68 199
69 70
69 73
69 74
69 77
69 78
69 79
69 82
69 83
69 86
69 87
69 88
69 89
69 90
69 98
69 100
69 101
69 102
69 103
69 104
69 107
69 114
69 115
69 116
69 117
69 118
69 122
69 123
69 125
69 127
69 128
69 129
69 131
69 132
69 133
69 134
69 138
69 139
69 141
69 142
69 143
69 144
69 145
69 146
69 147
69 150
69 151
69 152
69 153
69 155
69 156
69 158
69 159
69 160
69 161
69 163
69 164
69 166
69 167
69 171
69 172
69 174
69 176
69 178
69 179
69 181
69 182
69 183
69 186
69 187
69 190
69 191
69 193
69 194
69 195
69 196
69 197
69 198
69 199
70 71
70 72
70 77
70 80
70 81
70 82
70 84
70 86
70 87
70 92
70 98
70 99
70 101
70 102
70 103
70 105
70 107
70 108
70 115
70 118
70 120
70 123
70 126
70 127
70 130
70 136
70 137
70 140
70 141
70 142
70 143
70 145
70 146
70 147
70 148
70 149
70 150
70 151
70 152
70 153
70 155
70 158
70 165
70 166
70 167
70 168
70 170
70 171
70 172
70 173
70 174
70 175
70 177
70 181
70 182
70 186
70 187
70 188
70 192
70 194
70 196
70 197
70 199
71 73
71 74
71 76
71 89
71 90
71 95
71 96
71 101
71 105
71 107
71 113
71 114
71 122
71 123
71 125
71 127
71 128
71 129
71 131
71 134
71 135
71 136
71 138
71 143
71 144
71 146
71 148
71 149
71 150
71 152
71 154
71 156
71 157
71 158
71 160
71 161
71 165
71 167
71 169
71 171
71 177
71 179
71 180
71 182
71 184
71 185
71 186
71 187
71 190
71 191
71 192
71 194
71 195
71 196
71 198
72 73
72 76
72 77
72 78
72 81
72 85
72 86
72 88
72 89
72 90
72 94
72 101
72 102
72 105
72 106
72 109
72 110
72 111
72 114
72 115
72 117
72 118
72 121
72 122
72 125
72 127
72 128
72 131
72 137
72 138
72 142
72 145
72 148
72 149
72 150
72 151
72 154
72 156
72 160
72 161
72 162
72 163
72 166
72 169
72 170
72 172
72 177
72 179
72 180
72 182
72 184
72 186
72 187
72 188
72 192
72 199
73 76
73 77
73 81
73 84
73 87
73 88
73 90
73 91
73 92
73 94
73 95
73 96
73 97
73 99
73 100
73 101
73 107
73 109
73 110
73 111
73 112
73 114
73 116
73 117
73 118
73 122
73 126
73 128
73 130
73 133
73 135
73 136
73 138
73 141
73 142
73 143
73 144
73 145
73 148
73 149
73 151
73 152
73 154
73 155
73 158
73 159
73 160
73 161
73 163
73 164
73 165
73 169
73 170
73 175
73 183
73 184
73 189
73 192
73 194
74 75
74 78
74 80
74 84
74 86
74 89
74 90
74 94
74 95
74 98
74 100
74 101
74 102
74 103
74 105
74 106
74 107
74 111
74 113
74 117
74 120
74 121
74 122
74 124
74 125
74 127
74 129
74 131
74 132
74 133
74 137
74 139
74 140
74 142
74 145
74 146
74 147
74 149
74 150
74 151
74 153
74 154
74 155
74 156
74 158
74 160
74 163
74 164
74 167
74 170
74 174
74 176
74 178
74 180
74 182
74 184
74 187
74 190
74 191
74 193
74 195
74 197
75 79
75 80
75 81
75 82
75 83
75 84
75 85
75 86
75 87
75 90
75 91
75 92
75 93
75 95
75 96
75 97
75 98
75 100
75 102
75 103
75 104
75 105
75 106
75 110
75 112
75 118
75 119
75 120
75 121
75 124
75 125
75 126
75 127
75 128
75 129
75 131
75 134
75 135
75 138
75 139
75 142
75 143
75 147
75 149
75 150
75 151
75 152
75 153
75 154
75 155
75 158
75 159
75 160
75 162
75 163
75 164
75 166
75 167
75 170
75 171
75 174
75 175
75 176
75 179
75 180
75 187
75 195
76 80
76 83
76 84
76 85
76 86
76 87
76 92
76 99
76 102
76 103
76 105
76 106
76 112
76 113
76 114
76 115
76 116
76 117
76 121
76 123
76 126
76 129
76 133
76 135
76 137
76 140
76 141
76 144
76 146
76 152
76 154
76 157
76 158
76 161
76 163
76 164
76 166
76 168
76 169
76 175
76 177
76 179
76 181
76 182
76 184
76 185
76 189
76 193
76 194
76 195
76 196
76 197
76 199
77 78
77 81
77 82
77 83
77 84
77 86
77 88
77 91
77 94
77 97
77 98
77 99
77 102
77 105
77 106
77 108
77 109
77 110
77 112
77 116
77 117
77 118
77 119
77 120
77 122
77 123
77 124
77 125
77 128
77 130
77 132
77 134
77 136
77 137
77 140
77 142
77 146
77 147
77 149
77 152
77 154
77 156
77 158
77 159
77 161
77 162
77 164
77 165
77 166
77 167
77 169
77 175
77 178
77 183
77 184
77 186
77 189
77 190
77 191
77 192
77 194
77 197
77 199
78 84
78 86
78 90
78 91
78 92
78 93
78 94
78 95
78 97
78 98
78 100
78 101
78 102
78 103
78 104
78 105
78 106
78 110
78 112
78 113
78 114
78 116
78 118
78 124
78 126
78 132
78 135
78 137
78 141
78 142
78 146
78 150
78 151
78 152
78 153
78 154
78 156
78 158
78 159
78 161
78 162
78 164
78 165
78 166
78 167
78 168
78 169
78 171
78 173
78 174
78 175
78 178
78 180
78 181
78 185
78 186
78 188
78 190
78 191
78 193
78 194
78 199
79 80
79 82
79 83
79 84
79 85
79 86
79 87
79 88
79 89
79 90
79 93
79 94
79 95
79 97
79 98
79 99
79 100
79 101
79 104
79 105
79 106
79 107
79 108
79 109
79 111
79 112
79 114
79 115
79 116
79 117
79 119
79 121
79 125
79 127
79 128
79 129
79 131
79 132
79 133
79 135
79 136
79 137
79 138
79 139
79 141
79 146
79 148
79 150
79 153
79 154
79 158
79 161
79 171
79 174
79 175
79 176
79 177
79 179
79 181
79 182
79 183
79 186
79 187
79 190
79 191
79 192
79 198
80 85
80 86
80 88
80 94
80 96
80 97
80 98
80 99
80 104
80 105
80 107
80 109
80 113
80 115
80 125
80 126
80 133
80 134
80 136
80 138
80 140
80 141
80 142
80 143
80 146
80 148
80 150
80 154
80 156
80 157
80 159
80 161
80 163
80 166
80 167
80 168
80 170
80 172
80 174
80 178
80 179
80 180
80 181
80 182
80 188
80 189
80 193
80 194
80 195
80 198
80 199
81 82
81 83
81 84
81 86
81 87
81 88
81 89
81 94
81 95
81 97
81 99
81 104
81 108
81 109
81 110
81 111
81 114
81 120
81 121
81 122
81 124
81 126
81 127
81 128
81 130
81 134
81 135
81 137
81 138
81 139
81 141
81 142
81 143
81 145
81 146
81 147
81 150
81 152
81 154
81 155
81 156
81 158
81 159
81 160
81 163
81 166
81 167
81 168
81 169
81 170
81 171
81 173
81 183
81 184
81 186
81 188
81 191
81 192
81 193
81 194
81 195
81 196
81 197
82 83
82 85
82 86
82 87
82 91
82 95
82 96
82 99
82 100
82 101
82 102
82 104
82 108
82 109
82 110
82 111
82 115
82 117
82 119
82 120
82 122
82 124
82 127
82 128
82 129
82 130
82 134
82 137
82 139
82 142
82 143
82 146
82 149
82 150
82 153
82 155
82 156
82 157
82 158
82 159
82 162
82 163
82 164
82 165
82 166
82 167
82 169
82 172
82 173
82 175
82 176
82 177
82 179
82 181
82 182
82 183
82 184
82 189
82 190
82 194
82 195
82 196
82 198
83 87
83 91
83 93
83 94
83 95
83 97
83 100
83 101
83 102
83 103
83 105
83 107
83 108
83 109
83 111
83 113
83 119
83 120
83 121
83 123
83 125
83 126
83 127
83 131
83 134
83 140
83 143
83 144
83 146
83 148
83 149
83 151
83 152
83 153
83 155
83 156
83 157
83 158
83 159
83 160
83 162
83 164
83 165
83 167
83 174
83 176
83 180
83 181
83 183
83 184
83 185
83 186
83 187
83 188
83 191
83 192
83 196
83 198
83 199
84 85
84 87
84 89
84 90
84 92
84 93
84 94
84 95
84 96
84 97
84 98
84 99
84 100
84 101
84 103
84 105
84 106
84 107
84 108
84 109
84 110
84 115
84 117
84 121
84 123
84 126
84 129
84 130
84 134
84 135
84 136
84 144
84 150
84 155
84 158
84 164
84 165
84 166
84 167
84 168
84 174
84 175
84 177
84 178
84 182
84 184
84 186
84 193
84 196
84 198
85 90
85 91
85 93
85 98
85 100
85 101
85 102
85 103
85 104
85 108
85 113
85 115
85 120
85 123
85 124
85 125
85 126
85 131
85 133
85 134
85 137
85 139
85 141
85 144
85 146
85 149
85 150
85 153
85 154
85 156
85 157
85 158
85 163
85 165
85 168
85 169
85 172
85 175
85 179
85 180
85 181
85 183
85 185
85 187
85 193
85 194
85 195
85 196
85 198
86 88
86 89
86 90
86 94
86 99
86 102
86 104
86 105
86 107
86 109
86 110
86 111
86 112
86 113
86 115
86 116
86 122
86 124
86 131
86 132
86 134
86 139
86 140
86 143
86 144
86 145
86 149
86 151
86 155
86 156
86 157
86 160
86 162
86 163
86 164
86 165
86 168
86 172
86 174
86 175
86 176
86 177
86 178
86 180
86 182
86 184
86 185
86 186
86 189
86 191
86 192
86 193
86 195
86 197
86 198
86 199
87 88
87 90
87 91
87 92
87 100
87 104
87 106
87 107
87 108
87 115
87 116
87 117
87 119
87 120
87 121
87 122
87 123
87 124
87 125
87 126
87 130
87 132
87 133
87 134
87 135
87 136
87 137
87 139
87 140
87 141
87 143
87 146
87 147
87 149
87 151
87 153
87 157
87 158
87 159
87 161
87 163
87 164
87 165
87 166
87 173
87 178
87 179
87 180
87 181
87 183
87 184
87 185
87 186
87 188
87 189
87 191
87 195
87 196
87 197
87 198
88 89
88 90
88 91
88 95
88 97
88 98
88 99
88 100
88 101
88 106
88 108
88 109
88 110
88 112
88 113
88 115
88 116
88 120
88 121
88 124
88 127
88 132
88 137
88 139
88 140
88 141
88 142
88 143
88 144
88 145
88 146
88 147
88 151
88 155
88 158
88 159
88 162
88 167
88 168
88 171
88 172
88 173
88 176
88 177
88 181
88 183
88 184
88 186
88 188
88 189
88 191
88 192
88 195
88 197
88 199
89 91
89 93
89 94
89 95
89 100
89 101
89 105
89 106
89 107
89 108
89 111
89 112
89 118
89 121
89 124
89 126
89 127
89 128
89 129
89 134
89 135
89 136
89 140
89 141
89 144
89 145
89 152
89 153
89 155
89 157
89 159
89 160
89 163
89 164
89 165
89 167
89 170
89 172
89 174
89 175
89 177
89 179
89 180
89 182
89 183
89 185
89 190
89 191
89 192
89 195
89 197
89 198
89 199
90 92
90 95
90 96
90 98
90 100
90 101
90 111
90 113
90 114
90 115
90 117
90 118
90 121
90 122
90 125
90 127
90 130
90 135
90 137
90 138
90 140
90 141
90 143
90 145
90 146
90 147
90 148
90 154
90 155
90 158
90 159
90 162
90 163
90 165
90 166
90 168
90 170
90 172
90 175
90 176
90 178
90 181
90 184
90 187
90 193
90 199
91 97
91 98
91 100
91 102
91 104
91 106
91 107
91 109
91 111
91 112
91 115
91 116
91 117
91 118
91 120
91 123
91 125
91 126
91 129
91 132
91 133
91 135
91 136
91 137
91 140
91 144
91 146
91 147
91 148
91 150
91 151
91 152
91 153
91 154
91 156
91 158
91 160
91 161
91 165
91 172
91 173
91 174
91 176
91 177
91 178
91 182
91 186
91 187
91 188
91 189
91 193
91 197
91 198
92 94
92 95
92 97
92 99
92 101
92 102
92 105
92 112
92 115
92 118
92 120
92 121
92 122
92 123
92 126
92 127
92 128
92 129
92 131
92 134
92 135
92 136
92 138
92 140
92 143
92 144
92 145
92 146
92 147
92 148
92 149
92 151
92 155
92 156
92 157
92 161
92 162
92 163
92 164
92 165
92 168
92 169
92 171
92 172
92 175
92 177
92 181
92 182
92 183
92 184
92 185
92 186
92 187
92 188
92 189
92 190
92 191
92 192
92 193
92 195
92 197
92 198
93 94
93 99
93 100
93 101
93 107
93 109
93 113
93 116
93 117
93 118
93 119
93 122
93 124
93 126
93 128
93 129
93 130
93 134
93 140
93 142
93 143
93 144
93 145
93 146
93 154
93 157
93 158
93 159
93 160
93 162
93 163
93 164
93 171
93 175
93 176
93 178
93 181
93 185
93 186
93 187
93 189
93 192
93 193
93 195
93 196
93 198
93 199
94 95
94 96
94 98
94 99
94 100
94 101
94 103
94 104
94 105
94 106
94 107
94 108
94 109
94 111
94 115
94 118
94 119
94 120
94 121
94 123
94 124
94 125
94 127
94 129
94 130
94 132
94 133
94 138
94 139
94 142
94 146
94 147
94 148
94 149
94 155
94 156
94 158
94 159
94 161
94 162
94 163
94 164
94 165
94 167
94 170
94 171
94 172
94 173
94 178
94 179
94 184
94 185
94 186
94 187
94 189
94 190
94 192
94 193
94 194
94 197
94 198
94 199
95 98
95 99
95 100
95 101
95 103
95 105
95 107
95 109
95 111
95 112
95 114
95 115
95 116
95 119
95 122
95 123
95 124
95 126
95 127
95 128
95 130
95 134
95 135
95 137
95 138
95 139
95 141
95 147
95 149
95 150
95 151
95 154
95 155
95 156
95 159
95 160
95 163
95 165
95 167
95 169
95 171
95 174
95 179
95 181
95 182
95 183
95 184
95 185
95 187
95 188
95 189
95 190
95 191
95 194
95 195
95 198
95 199
96 97
96 101
96 102
96 103
96 104
96 111
96 114
96 116
96 120
96 122
96 125
96 127
96 129
96 130
96 135
96 137
96 139
96 142
96 146
96 148
96 149
96 151
96 152
96 153
96 155
96 157
96 164
96 167
96 168
96 172
96 173
96 175
96 180
96 182
96 183
96 184
96 190
96 191
96 193
96 196
96 199
97 98
97 99
97 101
97 102
97 104
97 106
97 107
97 108
97 110
97 115
97 116
97 119
97 122
97 124
97 125
97 131
97 134
97 135
97 136
97 137
97 141
97 143
97 144
97 145
97 149
97 150
97 153
97 154
97 157
97 158
97 159
97 160
97 161
97 164
97 165
97 168
97 170
97 171
97 173
97 174
97 179
97 180
97 183
97 188
97 189
97 190
97 192
97 193
97 194
97 197
98 102
98 106
98 107
98 108
98 109
98 110
98 111
98 114
98 115
98 117
98 119
98 120
98 121
98 122
98 123
98 125
98 127
98 128
98 132
98 137
98 138
98 142
98 143
98 144
98 145
98 146
98 152
98 154
98 155
98 160
98 162
98 164
98 165
98 168
98 169
98 170
98 172
98 173
98 179
98 180
98 182
98 183
98 185
98 188
98 189
98 194
98 195
98 198
99 104
99 105
99 108
99 109
99 110
99 112
99 114
99 115
99 117
99 118
99 119
99 121
99 122
99 125
99 127
99 134
99 137
99 142
99 145
99 146
99 148
99 149
99 150
99 153
99 155
99 156
99 157
99 158
99 159
99 161
99 162
99 164
99 167
99 168
99 170
99 171
99 173
99 175
99 177
99 178
99 179
99 180
99 182
99 184
99 185
99 186
99 190
99 191
99 192
99 193
99 198
100 101
100 102
100 104
100 105
100 113
100 115
100 116
100 118
100 121
100 122
100 123
100 128
100 130
100 131
100 133
100 136
100 140
100 141
100 143
100 145
100 146
100 147
100 148
100 149
100 155
100 159
100 163
100 164
100 168
100 169
100 171
100 172
100 173
100 174
100 175
100 179
100 182
100 183
100 184
100 185
100 187
100 188
100 191
100 194
100 195
100 197
101 102
101 105
101 106
101 107
101 109
101 112
101 114
101 115
101 116
101 117
101 118
101 119
101 122
101 123
101 124
101 128
101 130
101 131
101 132
101 135
101 136
101 139
101 141
101 142
101 143
101 146
101 150
101 152
101 154
101 155
101 158
101 164
101 165
101 166
101 170
101 174
101 175
101 177
101 179
101 180
101 185
101 186
101 187
101 188
101 189
101 193
101 195
101 196
101 197
102 104
102 105
102 106
102 107
102 108
102 110
102 114
102 117
102 120
102 121
102 122
102 123
102 124
102 125
102 126
102 127
102 129
102 130
102 131
102 132
102 133
102 136
102 137
102 140
102 141
102 143
102 145
102 150
102 153
102 154
102 155
102 157
102 158
102 159
102 161
102 164
102 168
102 169
102 170
102 171
102 172
102 173
102 174
102 175
102 177
102 181
102 182
102 183
102 186
102 190
102 192
102 193
102 194
102 195
102 197
102 198
103 104
103 107
103 108
103 112
103 114
103 115
103 116
103 117
103 118
103 120
103 124
103 125
103 126
103 128
103 134
103 136
103 137
103 139
103 140
103 141
103 142
103 147
103 150
103 152
103 155
103 156
103 159
103 160
103 161
103 163
103 164
103 169
103 170
103 172
103 173
103 174
103 175
103 176
103 181
103 182
103 183
103 184
103 185
103 189
103 190
103 191
103 193
103 194
103 195
103 196
103 197
103 198
103 199
104 105
104 109
104 110
104 111
104 113
104 114
104 115
104 117
104 118
104 119
104 123
104 125
104 126
104 127
104 132
104 134
104 136
104 137
104 139
104 140
104 141
104 143
104 144
104 147
104 148
104 150
104 155
104 156
104 158
104 159
104 164
104 168
104 170
104 176
104 178
104 182
104 183
104 184
104 186
104 187
104 190
104 191
104 193
104 197
105 106
105 114
105 115
105 117
105 122
105 125
105 126
105 127
105 129
105 132
105 137
105 140
105 142
105 144
105 148
105 151
105 152
105 155
105 160
105 162
105 168
105 170
105 171
105 172
105 173
105 179
105 182
105 184
105 185
105 187
105 188
105 189
105 190
106 107
106 108
106 109
106 111
106 115
106 118
106 119
106 122
106 123
106 124
106 126
106 127
106 128
106 129
106 130
106 131
106 132
106 135
106 136
106 138
106 141
106 142
106 143
106 145
106 146
106 148
106 151
106 153
106 154
106 155
106 158
106 160
106 162
106 164
106 165
106 166
106 170
106 171
106 173
106 174
106 178
106 181
106 184
106 189
106 190
106 191
106 193
106 194
106 196
106 197
107 110
107 111
107 113
107 114
107 116
107 118
107 119
107 120
107 122
107 124
107 125
107 126
107 128
107 129
107 130
107 131
107 132
107 134
107 136
107 138
107 139
107 140
107 142
107 143
107 152
107 153
107 158
107 159
107 161
107 163
107 169
107 171
107 172
107 173
107 175
107 176
107 177
107 179
107 181
107 183
107 186
107 191
107 192
107 193
107 194
107 196
107 197
107 199
108 109
108 113
108 114
108 115
108 117
108 119
108 120
108 121
108 123
108 128
108 132
108 133
108 134
108 135
108 137
108 139
108 140
108 144
108 146
108 147
108 148
108 149
108 153
108 157
108 159
108 160
108 162
108 163
108 165
108 167
108 169
108 170
108 173
108 174
108 176
108 177
108 181
108 184
108 185
108 186
108 187
108 188
108 192
108 193
108 199
109 110
109 113
109 114
109 119
109 121
109 123
109 126
109 127
109 128
109 129
109 130
109 134
109 136
109 138
109 139
109 140
109 142
109 146
109 147
109 148
109 149
109 153
109 155
109 160
109 165
109 167
109 169
109 172
109 173
109 177
109 178
109 179
109 182
109 185
109 188
109 190
109 192
109 197
109 199
110 113
110 115
110 116
110 118
110 119
110 120
110 121
110 123
110 124
110 127
110 129
110 130
110 131
110 134
110 135
110 136
110 140
110 141
110 144
110 145
110 150
110 153
110 154
110 161
110 163
110 165
110 166
110 167
110 168
110 170
110 171
110 173
110 174
110 175
110 177
110 179
110 180
110 182
110 184
110 186
110 190
110 191
110 193
110 194
110 196
111 112
111 117
111 119
111 120
111 121
111 122
111 130
111 133
111 134
111 135
111 137
111 139
111 142
111 152
111 154
111 156
111 158
111 160
111 162
111 163
111 164
111 165
111 166
111 167
111 170
111 174
111 176
111 177
111 178
111 179
111 180
111 181
111 182
111 184
111 185
111 187
111 188
111 190
111 192
111 193
111 195
112 113
112 114
112 115
112 120
112 122
112 123
112 125
112 126
112 128
112 129
112 130
112 134
112 139
112 140
112 141
112 142
112 143
112 144
112 146
112 147
112 149
112 150
112 151
112 152
112 155
112 156
112 157
112 158
112 161
112 163
112 165
112 169
112 170
112 171
112 173
112 177
112 179
112 181
112 182
112 183
112 184
112 186
112 189
112 192
112 194
112 195
112 197
112 198
112 199
113 116
113 117
113 119
113 121
113 129
113 130
113 132
113 133
113 136
113 138
113 142
113 144
113 145
113 146
113 147
113 150
113 151
113 152
113 153
113 154
113 155
113 156
113 158
113 159
113 161
113 162
113 167
113 168
113 172
113 173
113 174
113 175
113 177
113 178
113 179
113 180
113 181
113 182
113 183
113 184
113 186
113 187
113 190
113 192
113 195
113 197
113 198
114 115
114 116
114 120
114 121
114 122
114 123
114 124
114 127
114 130
114 131
114 133
114 135
114 136
114 137
114 138
114 139
114 143
114 146
114 152
114 154
114 157
114 159
114 161
114 162
114 163
114 164
114 165
114 166
114 167
114 168
114 174
114 175
114 177
114 178
114 179
114 180
114 181
114 182
114 183
114 184
114 189
114 190
114 191
114 192
114 195
114 197
114 198
115 117
115 120
115 123
115 124
115 129
115 131
115 132
115 133
115 134
115 136
115 137
115 138
115 139
115 140
115 142
115 146
115 148
115 149
115 153
115 155
115 156
115 159
115 161
115 163
115 164
115 168
115 169
115 170
115 171
115 174
115 175
115 176
115 177
115 183
115 186
115 188
115 189
115 190
115 191
115 194
115 196
115 197
115 198
116 117
116 118
116 119
116 121
116 122
116 124
116 130
116 131
116 133
116 135
116 137
116 141
116 142
116 144
116 145
116 147
116 150
116 151
116 153
116 156
116 157
116 158
116 161
116 162
116 163
116 165
116 166
116 167
116 175
116 181
116 182
116 183
116 184
116 185
116 186
116 188
116 192
116 193
116 194
116 196
117 120
117 121
117 123
117 124
117 125
117 127
117 132
117 134
117 135
117 136
117 141
117 142
117 143
117 144
117 145
117 147
117 148
117 150
117 154
117 155
117 156
117 159
117 160
117 161
117 162
117 164
117 167
117 168
117 169
117 170
117 175
117 176
117 177
117 180
117 182
117 183
117 184
117 186
117 188
117 190
117 191
117 195
117 196
117 199
118 119
118 120
118 121
118 122
118 123
118 124
118 130
118 131
118 133
118 134
118 135
118 137
118 141
118 142
118 144
118 145
118 147
118 150
118 151
118 152
118 153
118 154
118 155
118 158
118 159
118 160
118 161
118 166
118 170
118 172
118 174
118 175
118 176
118 179
118 181
118 182
118 183
118 185
118 186
118 187
118 189
118 190
118 192
118 196
119 121
119 123
119 124
119 125
119 131
119 133
119 135
119 143
119 146
119 147
119 150
119 151
119 155
119 157
119 159
119 160
119 161
119 162
119 163
119 164
119 165
119 170
119 174
119 175
119 177
119 178
119 179
119 180
119 185
119 186
119 187
119 192
119 193
119 194
119 195
119 196
119 198
119 199
120 125
120 126
120 129
120 130
120 132
120 133
120 134
120 138
120 140
120 141
120 143
120 144
120 145
120 146
120 147
120 150
120 154
120 155
120 160
120 162
120 165
120 166
120 167
120 168
120 172
120 175
120 176
120 181
120 183
120 186
120 188
120 193
120 196
120 197
120 198
121 122
121 125
121 127
121 128
121 131
121 134
121 135
121 137
121 138
121 139
121 141
121 144
121 146
121 153
121 157
121 160
121 161
121 162
121 163
121 166
121 168
121 170
121 171
121 172
121 180
121 181
121 184
121 187
121 188
121 190
121 195
122 125
122 126
122 127
122 128
122 130
122 133
122 134
122 135
122 136
122 138
122 139
122 140
122 142
122 143
122 144
122 147
122 148
122 149
122 152
122 159
122 160
122 161
122 163
122 164
122 166
122 167
122 168
122 169
122 170
122 171
122 172
122 173
122 179
122 180
122 181
122 183
122 185
122 187
122 189
122 190
122 191
122 192
122 196
122 197
122 198
123 124
123 125
123 126
123 128
123 129
123 130
123 131
123 132
123 135
123 136
123 137
123 139
123 141
123 143
123 144
123 150
123 154
123 157
123 158
123 161
123 162
123 163
123 166
123 167
123 168
123 170
123 174
123 175
123 177
123 178
123 180
123 182
123 183
123 184
123 187
123 189
123 190
123 193
123 194
123 195
123 196
124 126
124 127
124 128
124 131
124 136
124 138
124 140
124 145
124 146
124 147
124 149
124 150
124 153
124 156
124 158
124 160
124 162
124 163
124 164
124 165
124 166
124 175
124 176
124 178
124 180
124 181
124 182
124 183
124 184
124 185
124 186
124 187
124 188
124 191
124 192
124 194
124 195
124 196
124 197
125 127
125 129
125 132
125 133
125 134
125 140
125 145
125 146
125 149
125 152
125 153
125 158
125 163
125 165
125 168
125 169
125 170
125 174
125 176
125 178
125 179
125 180
125 182
125 183
125 186
125 188
125 191
125 194
125 195
125 196
125 197
126 127
126 130
126 131
126 132
126 133
126 134
126 136
126 138
126 139
126 141
126 142
126 143
126 144
126 145
126 146
126 149
126 150
126 152
126 153
126 154
126 155
126 162
126 163
126 165
126 166
126 167
126 168
126 172
126 173
126 174
126 175
126 181
126 182
126 184
126 188
126 189
126 191
126 192
127 129
127 132
127 133
127 136
127 141
127 142
127 143
127 144
127 145
127 147
127 150
127 151
127 152
127 153
127 154
127 158
127 159
127 165
127 166
127 168
127 169
127 170
127 171
127 173
127 175
127 176
127 177
127 178
127 179
127 181
127 182
127 184
127 187
127 188
127 191
127 192
127 193
127 197
127 198
128 130
128 132
128 133
128 134
128 135
128 136
128 138
128 139
128 140
128 141
128 142
128 143
128 146
128 147
128 151
128 152
128 155
128 158
128 159
128 161
128 162
128 164
128 166
128 168
128 169
128 172
128 174
128 176
128 178
128 179
128 184
128 185
128 193
128 197
128 198
129 131
129 132
129 133
129 134
129 136
129 139
129 141
129 144
129 148
129 149
129 151
129 153
129 154
129 157
129 158
129 160
129 162
129 163
129 167
129 171
129 178
129 179
129 180
129 181
129 182
129 184
129 187
129 188
129 189
129 190
129 191
129 194
129 196
129 197
129 198
129 199
130 131
130 133
130 135
130 137
130 138
130 140
130 141
130 146
130 148
130 149
130 150
130 151
130 153
130 154
130 157
130 164
130 165
130 166
130 167
130 168
130 169
130 170
130 171
130 173
130 174
130 175
130 176
130 178
130 180
130 184
130 185
130 187
130 188
130 191
130 192
130 193
130 195
130 196
130 197
130 198
130 199
131 133
131 134
131 139
131 140
131 143
131 144
131 145
131 150
131 151
131 153
131 155
131 156
131 159
131 161
131 162
131 166
131 167
131 168
131 170
131 171
131 172
131 174
131 176
131 180
131 186
131 188
131 189
131 190
131 191
131 193
131 194
131 196
131 197
132 134
132 135
132 137
132 139
132 141
132 143
132 144
132 146
132 147
132 149
132 154
132 157
132 158
132 160
132 161
132 162
132 163
132 165
132 167
132 169
132 170
132 171
132 172
132 176
132 180
132 184
132 185
132 187
132 188
132 189
132 191
132 193
132 195
132 196
132 198
133 134
133 135
133 136
133 138
133 139
133 142
133 144
133 145
133 149
133 151
133 153
133 154
133 156
133 159
133 162
133 163
133 164
133 165
133 166
133 167
133 168
133 169
133 170
133 171
133 173
133 175
133 176
133 177
133 178
133 179
133 183
133 189
133 191
133 193
133 198
134 136
134 137
134 138
134 139
134 140
134 141
134 142
134 144
134 145
134 146
134 148
134 149
134 157
134 159
134 160
134 164
134 168
134 169
134 170
134 172
134 174
134 176
134 177
134 180
134 181
134 183
134 184
134 185
134 187
134 189
134 192
134 193
134 194
134 195
134 199
135 136
135 137
135 138
135 139
135 141
135 144
135 145
135 147
135 148
135 149
135 150
135 152
135 153
135 157
135 160
135 161
135 163
135 164
135 166
135 171
135 172
135 173
135 180
135 185
135 187
135 189
135 191
135 192
135 196
135 199
136 142
136 143
136 145
136 148
136 149
136 154
136 155
136 158
136 159
136 160
136 162
136 164
136 165
136 170
136 171
136 173
136 174
136 175
136 176
136 177
136 180
136 182
136 185
136 188
136 194
136 196
137 138
137 139
137 140
137 143
137 147
137 148
137 151
137 152
137 153
137 157
137 159
137 161
137 164
137 168
137 171
137 172
137 174
137 175
137 176
137 178
137 182
137 188
137 189
137 190
137 194
137 195
137 199
138 143
138 144
138 146
138 147
138 148
138 149
138 151
138 153
138 154
138 155
138 157
138 158
138 161
138 166
138 167
138 169
138 170
138 171
138 175
138 176
138 181
138 187
138 188
138 190
138 194
138 196
138 198
139 142
139 148
139 153
139 155
139 159
139 161
139 162
139 163
139 164
139 165
139 166
139 168
139 169
139 170
139 176
139 179
139 180
139 181
139 186
139 188
139 189
139 191
139 193
139 195
139 196
139 197
140 143
140 146
140 147
140 153
140 154
140 156
140 157
140 158
140 159
140 160
140 161
140 162
140 163
140 164
140 165
140 166
140 168
140 169
140 171
140 173
140 174
140 175
140 179
140 181
140 182
140 184
140 185
140 188
140 190
140 191
140 194
140 199
141 142
141 146
141 147
141 148
141 152
141 153
141 156
141 160
141 162
141 164
141 165
141 166
141 169
141 172
141 174
141 176
141 177
141 178
141 179
141 180
141 182
141 183
141 185
141 187
141 192
141 193
141 194
142 145
142 147
142 151
142 153
142 158
142 168
142 171
142 172
142 173
142 174
142 176
142 177
142 178
142 180
142 181
142 182
142 187
142 188
142 189
142 190
142 192
142 193
142 194
142 196
142 198
143 144
143 145
143 147
143 150
143 152
143 153
143 158
143 161
143 164
143 165
143 166
143 167
143 172
143 174
143 178
143 179
143 180
143 182
143 183
143 184
143 188
143 190
143 191
143 192
143 193
143 195
143 198
143 199
144 148
144 149
144 150
144 152
144 153
144 154
144 156
144 160
144 163
144 164
144 165
144 166
144 168
144 170
144 173
144 174
144 175
144 176
144 178
144 181
144 182
144 183
144 184
144 186
144 188
144 190
144 191
144 194
144 196
144 197
144 198
145 147
145 148
145 150
145 151
145 152
145 155
145 156
145 160
145 163
145 165
145 167
145 170
145 172
145 173
145 176
145 178
145 179
145 180
145 184
145 185
145 187
145 190
145 191
145 196
145 199
146 147
146 148
146 150
146 151
146 152
146 154
146 155
146 159
146 161
146 163
146 164
146 165
146 167
146 168
146 169
146 170
146 172
146 175
146 177
146 181
146 182
146 184
146 185
146 187
146 190
146 191
146 192
146 196
146 198
146 199
147 152
147 153
147 154
147 155
147 157
147 158
147 160
147 162
147 163
147 165
147 166
147 168
147 170
147 171
147 174
147 176
147 178
147 180
147 182
147 185
147 189
147 195
147 197
147 199
148 149
148 150
148 152
148 153
148 154
148 155
148 157
148 162
148 163
148 165
148 166
148 169
148 170
148 171
148 173
148 179
148 181
148 183
148 184
148 186
148 188
148 189
148 193
148 196
148 197
148 198
149 150
149 151
149 153
149 154
149 155
149 156
149 158
149 159
149 162
149 163
149 164
149 166
149 169
149 170
149 171
149 172
149 173
149 174
149 176
149 179
149 180
149 182
149 186
149 187
149 189
149 192
149 194
149 195
149 196
149 198
149 199
150 152
150 153
150 154
150 156
150 157
150 159
150 162
150 163
150 165
150 167
150 168
150 170
150 171
150 172
150 174
150 177
150 179
150 183
150 186
150 187
150 189
150 191
150 194
151 152
151 154
151 155
151 156
151 159
151 160
151 161
151 162
151 167
151 173
151 175
151 176
151 178
151 180
151 181
151 182
151 183
151 185
151 186
151 189
151 191
151 192
151 193
151 194
151 195
151 197
151 198
151 199
152 153
152 155
152 156
152 157
152 158
152 159
152 161
152 163
152 164
152 167
152 168
152 169
152 170
152 172
152 173
152 174
152 175
152 179
152 180
152 181
152 183
152 184
152 185
152 186
152 187
152 188
152 189
152 196
152 199
153 155
153 156
153 163
153 164
153 166
153 167
153 170
153 171
153 172
153 175
153 178
153 179
153 181
153 182
153 186
153 191
153 193
153 195
153 198
154 155
154 156
154 158
154 160
154 161
154 162
154 163
154 166
154 170
154 174
154 178
154 179
154 180
154 181
154 182
154 185
154 186
154 187
154 188
154 189
154 193
154 194
154 195
154 196
154 199
155 156
155 157
155 158
155 159
155 160
155 161
155 162
155 163
155 164
155 167
155 169
155 173
155 175
155 176
155 177
155 178
155 180
155 183
155 184
155 185
155 186
155 190
155 191
155 195
155 196
155 198
155 199
156 158
156 160
156 163
156 164
156 166
156 167
156 173
156 174
156 175
156 177
156 179
156 181
156 182
156 185
156 186
156 189
156 191
156 193
156 194
156 197
156 198
156 199
157 158
157 159
157 161
157 162
157 164
157 167
157 172
157 174
157 177
157 179
157 180
157 181
157 182
157 183
157 184
157 185
157 187
157 189
157 192
157 193
157 196
157 197
157 198
158 159
158 161
158 163
158 165
158 167
158 168
158 170
158 171
158 173
158 175
158 179
158 183
158 186
158 187
158 188
158 190
158 192
158 195
158 198
159 160
159 161
159 162
159 163
159 164
159 165
159 171
159 173
159 180
159 182
159 183
159 187
159 188
159 189
159 191
159 194
159 197
159 198
160 162
160 164
160 165
160 166
160 168
160 169
160 172
160 175
160 176
160 179
160 180
160 181
160 185
160 186
160 187
160 189
160 194
160 195
160 199
161 162
161 163
161 165
161 167
161 170
161 174
161 178
161 182
161 185
161 187
161 190
161 191
161 193
161 194
161 195
161 196
161 197
161 198
161 199
162 168
162 171
162 172
162 173
162 174
162 176
162 178
162 184
162 185
162 186
162 187
162 188
162 190
162 198
162 199
163 170
163 172
163 173
163 177
163 178
163 180
163 184
163 185
163 186
163 187
163 191
163 192
163 193
163 195
163 197
163 198
164 166
164 169
164 170
164 174
164 176
164 177
164 179
164 180
164 182
164 183
164 186
164 187
164 189
164 191
164 192
164 194
164 195
164 196
164 197
164 199
165 167
165 168
165 169
165 170
165 172
165 173
165 177
165 178
165 180
165 183
165 185
165 189
165 190
165 192
165 196
165 199
166 169
166 174
166 178
166 179
166 181
166 183
166 185
166 190
166 192
166 193
166 194
166 195
166 196
166 198
167 168
167 170
167 171
167 172
167 173
167 174
167 175
167 176
167 177
167 180
167 181
167 182
167 185
167 188
167 191
167 192
167 195
167 197
167 199
168 169
168 177
168 181
168 182
168 183
168 184
168 185
168 186
168 187
168 188
168 189
168 190
168 193
168 195
168 198
169 171
169 172
169 175
169 177
169 178
169 182
169 183
169 185
169 186
169 187
169 188
169 190
169 191
169 192
169 194
169 195
169 196
169 197
169 199
170 171
170 175
170 177
170 181
170 182
170 184
170 185
170 186
170 187
170 189
170 191
170 192
170 195
171 172
171 173
171 174
171 175
171 176
171 180
171 181
171 185
171 186
171 187
171 188
171 193
171 195
171 196
171 197
171 198
171 199
172 174
172 177
172 179
172 181
172 183
172 184
172 185
172 188
172 189
172 192
172 193
172 196
172 197
172 199
173 174
173 177
173 178
173 179
173 181
173 182
173 183
173 184
173 185
173 189
173 190
173 191
173 194
173 195
173 196
173 199
174 178
174 179
174 180
174 181
174 182
174 183
174 185
174 186
174 188
174 189
174 191
174 192
174 197
174 198
175 177
175 179
175 187
175 189
175 190
175 193
175 194
175 198
175 199
176 177
176 178
176 179
176 180
176 181
176 183
176 184
176 186
176 188
176 190
176 192
176 197
176 199
177 183
177 184
177 185
177 186
177 187
177 189
177 190
177 191
177 192
177 194
177 199
178 180
178 182
178 183
178 186
178 187
178 188
178 189
178 192
178 195
178 197
178 198
179 180
179 184
179 189
179 192
179 193
179 196
179 198
180 182
180 185
180 187
180 193
180 196
180 199
181 182
181 183
181 184
181 186
181 188
181 193
181 196
181 197
181 199
182 183
182 184
182 185
182 186
182 187
182 188
182 191
182 194
182 195
182 197
182 198
183 185
183 188
183 190
183 192
183 193
183 196
183 197
183 199
184 186
184 188
184 191
184 195
184 197
184 199
185 186
185 192
185 193
185 194
185 195
185 199
186 187
186 189
186 191
186 193
186 198
186 199
187 188
187 189
187 191
187 193
187 194
187 195
187 199
188 189
188 190
188 193
188 195
188 197
188 198
188 199
189 190
189 192
189 193
189 199
190 191
190 192
190 195
190 199
191 192
191 195
191 199
192 193
192 194
192 197
193 194
193 195
193 196
193 198
194 195
194 197
194 199
195 196
196 198
196 199
198 199
90 102 84 80 189 150 170 123 35 55
36 0 131 79 155 113 180 183 76 104
37 156 115 8 166 101 1 177 154 81
169 64 143 20 134 6 53 181 3 105
199 42 68 137 106 100 56 110 196 152
87 120 97 18 149 178 95 190 73 60
167 141 139 191 125 75 78 133 144 118
77 52 142 187 85 72 136 22 197 112
59 98 127 122 161 192 151 162 171 13
119 103 138 17 31 24 70 188 43 5
114 39 124 33 145 82 117 175 12 11
193 172 132 44 159 65 173 109 160 23
116 14 128 184 185 32 7 182 157 165
48 66 153 148 41 61 71 69 146 74
93 130 179 135 158 34 46 27 164 49
121 51 38 29 4 19 45 91 10 94
195 86 147 15 168 83 198 40 111 176
67 99 16 26 88 126 89 28 96 63
163 54 129 47 107 62 50 21 58 140
2 9 92 57 194 25 186 108 30 174
