200
11881
7
3.03
24.61
98.08
90.57
82.38
81.22
54.56
0 1
0 2
0 4
0 5
0 6
0 7
0 8
0 11
0 12
0 13
0 14
0 17
0 19
0 20
0 21
0 22
0 24
0 25
0 26
0 29
0 30
0 32
0 33
0 34
0 35
0 36
0 37
0 42
0 44
0 47
0 48
0 49
0 51
0 52
0 53
0 54
0 55
0 56
0 57
0 58
0 60
0 61
0 62
0 63
0 64
0 66
0 68
0 70
0 71
0 72
0 75
0 76
0 77
0 78
0 80
0 82
0 83
0 84
0 85
0 86
0 87
0 90
0 91
0 92
0 93
0 94
0 95
0 99
0 100
0 101
0 103
0 104
0 105
0 106
0 107
0 108
0 109
0 111
0 114
0 116
0 117
0 118
0 121
0 122
0 127
0 128
0 129
0 130
0 131
0 135
0 140
0 141
0 142
0 143
0 144
0 145
0 146
0 152
0 153
0 155
0 157
0 159
0 160
0 161
0 162
0 163
0 169
0 170
0 173
0 174
0 175
0 176
0 177
0 178
0 179
0 182
0 188
0 189
0 190
0 192
0 193
0 194
0 195
0 196
0 197
0 199
1 2
1 3
1 6
1 7
1 8
1 9
1 11
1 12
1 14
1 15
1 16
1 17
1 18
1 21
1 23
1 25
1 26
1 27
1 28
1 29
1 30
1 31
1 32
1 33
1 41
1 42
1 43
1 44
1 45
1 46
1 48
1 49
1 51
1 52
1 54
1 55
1 57
1 60
1 63
1 64
1 65
1 66
1 67
1 68
1 70
1 71
1 73
1 74
1 76
1 80
1 81
1 82
1 83
1 85
1 89
1 90
1 93
1 94
1 95
1 96
1 97
1 98
1 102
1 103
1 105
1 106
1 108
1 109
1 110
1 111
1 113
1 116
1 117
1 118
1 119
1 120
1 122
1 123
1 124
1 125
1 129
1 130
1 132
1 133
1 135
1 136
1 137
1 138
1 139
1 140
1 141
1 142
1 143
1 144
1 145
1 146
1 148
1 149
1 150
1 152
1 153
1 154
1 155
1 156
1 158
1 159
1 160
1 163
1 164
1 167
1 168
1 172
1 173
1 177
1 178
1 180
1 181
1 183
1 184
1 185
1 186
1 187
1 188
1 189
1 191
1 192
1 193
1 196
1 198
1 199
2 5
2 7
2 9
2 11
2 12
2 15
2 16
2 17
2 18
2 19
2 20
2 22
2 23
2 28
2 29
2 31
2 33
2 38
2 39
2 40
2 42
2 44
2 46
2 48
2 49
2 50
2 52
2 53
2 57
2 60
2 62
2 63
2 64
2 65
2 66
2 67
2 69
2 70
2 72
2 74
2 76
2 80
2 81
2 82
2 84
2 89
2 94
2 95
2 97
2 98
2 100
2 101
2 102
2 103
2 104
2 106
2 107
2 108
2 112
2 113
2 114
2 117
2 118
2 119
2 122
2 123
2 124
2 125
2 128
2 129
2 130
2 133
2 135
2 137
2 138
2 140
2 142
2 145
2 147
2 148
2 149
2 152
2 153
2 159
2 160
2 161
2 163
2 165
2 166
2 167
2 169
2 170
2 172
2 173
2 174
2 175
2 177
2 179
2 180
2 181
2 182
2 183
2 185
2 190
2 192
2 193
2 194
2 195
2 196
2 197
3 4
3 6
3 7
3 8
3 10
3 11
3 15
3 16
3 18
3 19
3 21
3 22
3 23
3 25
3 26
3 27
3 29
3 30
3 31
3 32
3 33
3 35
3 37
3 38
3 40
3 41
3 42
3 44
3 47
3 48
3 49
3 51
3 53
3 56
3 57
3 60
3 61
3 62
3 63
3 64
3 65
3 66
3 67
3 68
3 69
3 71
3 72
3 73
3 74
3 75
3 76
3 77
3 78
3 79
3 83
3 86
3 92
3 93
3 96
3 97
3 100
3 101
3 102
3 106
3 107
3 110
3 111
3 112
3 114
3 116
3 117
3 119
3 122
3 123
3 124
3 125
3 126
3 128
3 130
3 131
3 132
3 133
3 135
3 136
3 137
3 139
3 140
3 141
3 143
3 147
3 148
3 149
3 150
3 151
3 155
3 158
3 159
3 161
3 162
3 164
3 165
3 166
3 168
3 169
3 170
3 172
3 174
3 176
3 179
3 180
3 185
3 186
3 187
3 192
3 197
3 199
4 5
4 6
4 9
4 10
4 11
4 12
4 15
4 17
4 19
4 20
4 21
4 22
4 23
4 25
4 27
4 28
4 29
4 30
4 31
4 37
4 38
4 42
4 44
4 46
4 47
4 48
4 51
4 52
4 56
4 57
4 59
4 63
4 65
4 67
4 69
4 70
4 71
4 73
4 74
4 75
4 76
4 80
4 82
4 83
4 84
4 86
4 87
4 88
4 89
4 91
4 92
4 93
4 95
4 96
4 97
4 99
4 100
4 103
4 104
4 106
4 107
4 114
4 116
4 118
4 120
4 121
4 122
4 126
4 127
4 128
4 131
4 133
4 134
4 137
4 140
4 145
4 147
4 152
4 155
4 156
4 159
4 161
4 162
4 164
4 167
4 168
4 170
4 171
4 172
4 174
4 176
4 177
4 179
4 180
4 181
4 184
4 185
4 186
4 187
4 188
4 189
4 190
4 195
4 196
4 198
4 199
5 7
5 8
5 10
5 12
5 13
5 15
5 16
5 17
5 18
5 19
5 20
5 21
5 22
5 25
5 26
5 27
5 30
5 31
5 35
5 36
5 37
5 38
5 39
5 41
5 42
5 44
5 45
5 46
5 50
5 53
5 54
5 55
5 56
5 57
5 58
5 60
5 61
5 65
5 67
5 69
5 71
5 72
5 75
5 77
5 78
5 79
5 80
5 81
5 82
5 84
5 85
5 87
5 89
5 93
5 95
5 96
5 98
5 100
5 102
5 103
5 104
5 105
5 106
5 108
5 109
5 110
5 111
5 115
5 116
5 117
5 118
5 119
5 120
5 121
5 122
5 124
5 128
5 129
5 130
5 131
5 132
5 138
5 139
5 144
5 145
5 146
5 147
5 148
5 149
5 150
5 151
5 152
5 153
5 155
5 156
5 157
5 158
5 159
5 160
5 162
5 163
5 164
5 165
5 166
5 168
5 169
5 170
5 171
5 175
5 176
5 178
5 179
5 180
5 183
5 184
5 186
5 192
5 193
5 195
5 197
5 198
5 199
6 7
6 8
6 9
6 10
6 11
6 12
6 13
6 15
6 16
6 20
6 21
6 23
6 24
6 25
6 28
6 30
6 33
6 35
6 37
6 38
6 40
6 41
6 43
6 45
6 46
6 48
6 53
6 54
6 56
6 57
6 59
6 60
6 61
6 62
6 65
6 68
6 69
6 70
6 71
6 72
6 73
6 74
6 75
6 76
6 77
6 78
6 79
6 81
6 82
6 83
6 84
6 85
6 86
6 88
6 89
6 91
6 92
6 93
6 94
6 95
6 97
6 98
6 99
6 101
6 102
6 104
6 106
6 107
6 108
6 109
6 110
6 111
6 113
6 116
6 117
6 118
6 119
6 120
6 121
6 122
6 124
6 125
6 127
6 128
6 132
6 133
6 138
6 139
6 140
6 141
6 142
6 145
6 146
6 149
6 152
6 153
6 154
6 155
6 156
6 159
6 160
6 161
6 162
6 163
6 164
6 166
6 171
6 172
6 173
6 174
6 177
6 178
6 181
6 182
6 183
6 184
6 185
6 186
6 191
6 192
6 194
6 195
6 196
6 198
6 199
7 8
7 9
7 11
7 13
7 14
7 15
7 16
7 17
7 18
7 19
7 20
7 23
7 25
7 26
7 27
7 29
7 30
7 32
7 33
7 34
7 35
7 36
7 37
7 38
7 40
7 41
7 43
7 45
7 46
7 50
7 52
7 55
7 58
7 61
7 62
7 63
7 64
7 66
7 67
7 68
7 70
7 72
7 73
7 79
7 80
7 81
7 83
7 84
7 85
7 86
7 89
7 91
7 92
7 97
7 98
7 100
7 101
7 102
7 104
7 106
7 107
7 109
7 112
7 113
7 115
7 116
7 117
7 118
7 120
7 122
7 123
7 124
7 125
7 126
7 127
7 128
7 129
7 130
7 132
7 134
7 135
7 137
7 139
7 143
7 145
7 146
7 147
7 148
7 153
7 154
7 157
7 158
7 159
7 161
7 162
7 163
7 166
7 167
7 169
7 171
7 172
7 173
7 175
7 178
7 179
7 185
7 187
7 188
7 189
7 193
7 194
7 195
7 196
7 199
8 9
8 12
8 13
8 16
8 17
8 18
8 20
8 24
8 25
8 26
8 28
8 33
8 35
8 36
8 37
8 38
8 39
8 40
8 41
8 42
8 45
8 46
8 47
8 48
8 49
8 52
8 54
8 56
8 57
8 59
8 61
8 63
8 65
8 67
8 68
8 71
8 73
8 77
8 79
8 80
8 81
8 83
8 84
8 85
8 88
8 90
8 91
8 92
8 93
8 94
8 97
8 98
8 99
8 100
8 102
8 103
8 104
8 105
8 106
8 107
8 108
8 109
8 110
8 116
8 117
8 118
8 119
8 120
8 123
8 125
8 127
8 128
8 130
8 131
8 132
8 136
8 137
8 138
8 139
8 140
8 141
8 144
8 146
8 148
8 149
8 152
8 159
8 160
8 163
8 169
8 170
8 172
8 173
8 174
8 175
8 176
8 177
8 179
8 181
8 182
8 183
8 185
8 186
8 190
8 191
8 192
8 194
8 195
8 196
8 199
9 10
9 11
9 12
9 16
9 18
9 19
9 21
9 23
9 27
9 30
9 31
9 32
9 34
9 36
9 37
9 40
9 41
9 42
9 47
9 49
9 50
9 51
9 52
9 56
9 57
9 59
9 61
9 62
9 63
9 65
9 66
9 69
9 71
9 72
9 73
9 76
9 78
9 81
9 82
9 85
9 86
9 87
9 88
9 89
9 90
9 91
9 92
9 93
9 95
9 97
9 98
9 99
9 100
9 102
9 103
9 104
9 105
9 106
9 108
9 109
9 111
9 112
9 113
9 114
9 117
9 118
9 119
9 120
9 121
9 122
9 123
9 125
9 126
9 128
9 129
9 130
9 132
9 134
9 135
9 137
9 138
9 141
9 144
9 145
9 146
9 148
9 149
9 151
9 153
9 154
9 156
9 158
9 159
9 161
9 162
9 163
9 167
9 169
9 172
9 176
9 178
9 183
9 185
9 187
9 191
9 193
9 195
9 196
9 199
10 11
10 12
10 18
10 19
10 20
10 21
10 24
10 27
10 29
10 30
10 32
10 35
10 38
10 39
10 40
10 42
10 47
10 48
10 50
10 51
10 52
10 55
10 57
10 58
10 59
10 60
10 63
10 64
10 67
10 68
10 70
10 73
10 75
10 77
10 80
10 83
10 84
10 85
10 87
10 88
10 89
10 90
10 91
10 92
10 94
10 95
10 98
10 100
10 102
10 104
10 107
10 108
10 109
10 111
10 112
10 113
10 114
10 117
10 118
10 120
10 121
10 122
10 123
10 124
10 125
10 127
10 129
10 130
10 131
10 133
10 135
10 137
10 138
10 139
10 140
10 142
10 145
10 146
10 148
10 149
10 153
10 154
10 155
10 157
10 158
10 160
10 161
10 162
10 163
10 165
10 166
10 167
10 168
10 170
10 171
10 173
10 174
10 177
10 178
10 179
10 181
10 182
10 183
10 184
10 187
10 188
10 191
10 193
10 194
10 196
10 198
10 199
11 12
11 16
11 17
11 19
11 20
11 21
11 24
11 25
11 26
11 28
11 33
11 34
11 35
11 36
11 38
11 39
11 40
11 42
11 43
11 45
11 47
11 49
11 50
11 52
11 53
11 54
11 55
11 56
11 57
11 58
11 59
11 60
11 61
11 62
11 63
11 64
11 71
11 72
11 74
11 75
11 76
11 77
11 79
11 80
11 81
11 82
11 84
11 85
11 87
11 88
11 89
11 90
11 91
11 92
11 96
11 97
11 98
11 101
11 102
11 104
11 106
11 107
11 109
11 110
11 111
11 113
11 114
11 116
11 119
11 121
11 122
11 123
11 125
11 126
11 130
11 131
11 132
11 134
11 136
11 137
11 139
11 140
11 142
11 143
11 145
11 148
11 149
11 150
11 151
11 152
11 153
11 154
11 157
11 158
11 159
11 160
11 161
11 162
11 163
11 164
11 165
11 167
11 169
11 171
11 172
11 175
11 177
11 179
11 180
11 182
11 185
11 186
11 187
11 192
11 193
11 194
11 195
11 196
11 197
11 198
11 199
12 14
12 17
12 18
12 19
12 20
12 21
12 22
12 23
12 24
12 25
12 30
12 33
12 35
12 36
12 37
12 41
12 44
12 45
12 50
12 51
12 52
12 53
12 57
12 58
12 59
12 60
12 61
12 65
12 66
12 67
12 69
12 70
12 73
12 77
12 80
12 82
12 83
12 85
12 86
12 87
12 89
12 90
12 91
12 94
12 95
12 96
12 101
12 104
12 105
12 106
12 109
12 110
12 111
12 112
12 113
12 115
12 117
12 118
12 121
12 123
12 124
12 126
12 128
12 130
12 131
12 132
12 135
12 137
12 139
12 141
12 142
12 144
12 147
12 149
12 152
12 153
12 159
12 162
12 163
12 164
12 166
12 168
12 171
12 172
12 173
12 176
12 177
12 178
12 182
12 183
12 184
12 186
12 187
12 189
12 191
12 195
12 196
12 199
13 14
13 15
13 16
13 21
13 25
13 28
13 29
13 32
13 34
13 36
13 37
13 38
13 40
13 41
13 43
13 44
13 45
13 47
13 48
13 49
13 50
13 51
13 52
13 53
13 54
13 55
13 56
13 57
13 58
13 61
13 64
13 65
13 67
13 69
13 72
13 73
13 74
13 75
13 76
13 77
13 78
13 81
13 82
13 83
13 84
13 89
13 90
13 91
13 94
13 95
13 99
13 100
13 102
13 106
13 107
13 108
13 111
13 112
13 116
13 117
13 119
13 120
13 122
13 123
13 124
13 127
13 128
13 130
13 131
13 132
13 134
13 135
13 136
13 138
13 139
13 140
13 143
13 144
13 145
13 146
13 147
13 148
13 150
13 151
13 153
13 154
13 155
13 156
13 157
13 158
13 160
13 161
13 162
13 163
13 165
13 167
13 168
13 169
13 171
13 172
13 173
13 174
13 175
13 177
13 178
13 179
13 180
13 181
13 182
13 183
13 184
13 185
13 187
13 189
13 190
13 191
13 192
13 193
13 194
13 195
13 197
13 198
13 199
14 17
14 19
14 21
14 27
14 29
14 34
14 37
14 38
14 39
14 40
14 42
14 45
14 46
14 47
14 51
14 53
14 54
14 56
14 57
14 59
14 64
14 66
14 68
14 69
14 71
14 72
14 73
14 74
14 75
14 79
14 81
14 82
14 84
14 85
14 86
14 89
14 90
14 93
14 94
14 95
14 96
14 98
14 99
14 101
14 102
14 106
14 107
14 108
14 109
14 112
14 117
14 121
14 122
14 123
14 125
14 126
14 127
14 128
14 129
14 130
14 132
14 133
14 134
14 135
14 137
14 138
14 140
14 142
14 143
14 144
14 145
14 146
14 147
14 148
14 150
14 153
14 154
14 156
14 157
14 158
14 160
14 163
14 165
14 166
14 167
14 168
14 170
14 171
14 172
14 173
14 174
14 175
14 176
14 179
14 180
14 181
14 183
14 187
14 188
14 190
14 193
14 196
14 197
14 199
15 16
15 17
15 18
15 21
15 26
15 27
15 29
15 30
15 31
15 32
15 33
15 35
15 37
15 38
15 42
15 44
15 45
15 46
15 47
15 48
15 50
15 52
15 53
15 54
15 56
15 57
15 58
15 60
15 61
15 63
15 64
15 65
15 68
15 69
15 70
15 72
15 73
15 74
15 75
15 80
15 83
15 84
15 86
15 88
15 89
15 91
15 92
15 93
15 95
15 97
15 98
15 99
15 100
15 101
15 102
15 103
15 106
15 107
15 109
15 111
15 112
15 113
15 114
15 115
15 118
15 119
15 122
15 125
15 127
15 128
15 131
15 132
15 134
15 135
15 139
15 140
15 142
15 143
15 144
15 145
15 147
15 148
15 151
15 152
15 154
15 155
15 157
15 159
15 160
15 161
15 162
15 165
15 166
15 168
15 169
15 170
15 171
15 172
15 173
15 174
15 176
15 178
15 179
15 181
15 186
15 188
15 189
15 191
15 192
15 193
15 194
15 195
15 198
15 199
16 18
16 19
16 23
16 24
16 25
16 26
16 32
16 33
16 34
16 35
16 39
16 40
16 42
16 43
16 44
16 45
16 48
16 50
16 51
16 52
16 54
16 56
16 59
16 61
16 67
16 68
16 71
16 74
16 75
16 76
16 77
16 80
16 81
16 83
16 84
16 85
16 87
16 88
16 89
16 90
16 94
16 95
16 96
16 97
16 99
16 100
16 101
16 102
16 105
16 107
16 109
16 110
16 112
16 113
16 114
16 115
16 116
16 117
16 118
16 121
16 122
16 124
16 126
16 128
16 129
16 131
16 132
16 133
16 136
16 137
16 139
16 140
16 142
16 143
16 144
16 145
16 148
16 150
16 154
16 157
16 158
16 162
16 164
16 167
16 169
16 170
16 171
16 172
16 173
16 175
16 176
16 181
16 182
16 183
16 184
16 187
16 193
16 197
16 199
17 19
17 20
17 21
17 23
17 24
17 28
17 29
17 31
17 32
17 33
17 35
17 36
17 40
17 42
17 44
17 45
17 47
17 48
17 49
17 50
17 54
17 55
17 57
17 60
17 62
17 64
17 65
17 66
17 68
17 71
17 72
17 73
17 76
17 77
17 78
17 79
17 80
17 81
17 82
17 83
17 84
17 88
17 89
17 91
17 92
17 94
17 99
17 100
17 101
17 102
17 105
17 106
17 107
17 109
17 111
17 112
17 115
17 116
17 117
17 118
17 120
17 121
17 124
17 125
17 126
17 131
17 132
17 134
17 136
17 138
17 139
17 140
17 141
17 142
17 147
17 148
17 150
17 152
17 153
17 154
17 155
17 156
17 157
17 159
17 160
17 161
17 162
17 163
17 164
17 165
17 166
17 167
17 168
17 169
17 171
17 172
17 176
17 177
17 178
17 179
17 180
17 183
17 185
17 186
17 187
17 188
17 189
17 190
17 191
17 192
17 193
17 194
17 195
17 196
17 197
17 198
18 19
18 20
18 23
18 24
18 26
18 27
18 29
18 31
18 32
18 33
18 34
18 35
18 36
18 37
18 38
18 39
18 40
18 41
18 44
18 45
18 49
18 50
18 51
18 52
18 53
18 55
18 56
18 57
18 58
18 61
18 62
18 63
18 64
18 65
18 66
18 67
18 68
18 74
18 75
18 77
18 78
18 81
18 84
18 85
18 86
18 89
18 93
18 94
18 96
18 99
18 100
18 101
18 102
18 104
18 105
18 107
18 109
18 114
18 115
18 118
18 120
18 121
18 122
18 123
18 125
18 126
18 128
18 131
18 134
18 144
18 147
18 148
18 149
18 151
18 153
18 154
18 156
18 158
18 159
18 163
18 164
18 165
18 166
18 167
18 168
18 169
18 171
18 172
18 173
18 174
18 175
18 176
18 177
18 178
18 179
18 180
18 181
18 184
18 187
18 189
18 190
18 191
18 192
18 193
18 198
18 199
19 20
19 21
19 24
19 25
19 26
19 27
19 28
19 31
19 35
19 36
19 37
19 38
19 42
19 45
19 50
19 51
19 52
19 54
19 55
19 56
19 59
19 62
19 63
19 64
19 65
19 66
19 67
19 68
19 70
19 72
19 74
19 75
19 76
19 77
19 78
19 79
19 80
19 81
19 82
19 83
19 85
19 91
19 92
19 93
19 94
19 96
19 97
19 100
19 101
19 104
19 105
19 108
19 111
19 112
19 113
19 114
19 116
19 120
19 123
19 124
19 126
19 128
19 129
19 133
19 136
19 137
19 138
19 139
19 140
19 142
19 143
19 145
19 146
19 150
19 151
19 155
19 158
19 164
19 166
19 169
19 171
19 172
19 173
19 176
19 178
19 181
19 182
19 184
19 186
19 188
19 189
19 190
19 193
19 194
19 195
19 197
19 199
20 22
20 23
20 24
20 25
20 26
20 27
20 30
20 31
20 32
20 33
20 34
20 36
20 37
20 38
20 39
20 40
20 44
20 47
20 49
20 51
20 53
20 55
20 57
20 58
20 59
20 61
20 62
20 63
20 67
20 68
20 69
20 71
20 74
20 76
20 77
20 78
20 80
20 87
20 92
20 93
20 94
20 95
20 97
20 104
20 105
20 106
20 107
20 108
20 109
20 111
20 112
20 113
20 116
20 117
20 119
20 120
20 126
20 127
20 128
20 130
20 132
20 133
20 134
20 140
20 141
20 144
20 145
20 146
20 147
20 148
20 150
20 152
20 154
20 160
20 162
20 163
20 164
20 165
20 166
20 167
20 168
20 172
20 175
20 179
20 181
20 182
20 183
20 185
20 186
20 189
20 190
20 191
20 192
20 194
20 199
21 22
21 26
21 27
21 29
21 32
21 33
21 34
21 35
21 36
21 41
21 42
21 43
21 45
21 46
21 47
21 48
21 49
21 50
21 51
21 52
21 54
21 57
21 60
21 63
21 64
21 65
21 68
21 69
21 70
21 71
21 72
21 73
21 74
21 75
21 77
21 78
21 79
21 80
21 82
21 83
21 85
21 86
21 87
21 88
21 90
21 92
21 94
21 98
21 103
21 104
21 105
21 107
21 108
21 109
21 110
21 112
21 113
21 114
21 119
21 120
21 121
21 122
21 124
21 125
21 129
21 130
21 132
21 134
21 136
21 137
21 138
21 142
21 143
21 147
21 151
21 152
21 153
21 155
21 156
21 160
21 161
21 164
21 166
21 167
21 168
21 170
21 171
21 172
21 173
21 174
21 175
21 178
21 180
21 181
21 186
21 187
21 189
21 190
21 191
21 192
21 193
21 195
21 197
21 199
22 23
22 26
22 27
22 28
22 29
22 33
22 37
22 38
22 39
22 40
22 41
22 42
22 43
22 45
22 47
22 48
22 49
22 51
22 52
22 53
22 55
22 57
22 59
22 60
22 62
22 64
22 66
22 69
22 70
22 71
22 72
22 74
22 75
22 77
22 78
22 80
22 81
22 83
22 84
22 86
22 87
22 88
22 89
22 92
22 93
22 97
22 98
22 99
22 100
22 102
22 104
22 105
22 110
22 112
22 113
22 118
22 119
22 121
22 123
22 124
22 126
22 128
22 129
22 130
22 131
22 133
22 134
22 135
22 137
22 138
22 139
22 140
22 141
22 142
22 143
22 144
22 146
22 147
22 149
22 150
22 151
22 152
22 153
22 155
22 156
22 157
22 158
22 159
22 160
22 163
22 166
22 168
22 170
22 171
22 172
22 173
22 174
22 175
22 176
22 177
22 178
22 179
22 180
22 181
22 183
22 184
22 185
22 187
22 189
22 191
22 192
22 195
22 196
22 198
22 199
23 28
23 30
23 32
23 33
23 34
23 36
23 37
23 38
23 39
23 41
23 42
23 43
23 44
23 45
23 47
23 50
23 51
23 52
23 53
23 54
23 57
23 58
23 61
23 62
23 63
23 64
23 65
23 66
23 68
23 69
23 70
23 72
23 73
23 75
23 76
23 77
23 78
23 79
23 81
23 84
23 85
23 86
23 89
23 90
23 91
23 93
23 94
23 95
23 96
23 97
23 98
23 99
23 101
23 102
23 105
23 107
23 108
23 109
23 110
23 111
23 113
23 114
23 115
23 121
23 122
23 123
23 125
23 126
23 130
23 131
23 132
23 133
23 135
23 136
23 140
23 141
23 145
23 148
23 150
23 152
23 153
23 154
23 156
23 157
23 159
23 160
23 162
23 163
23 164
23 165
23 166
23 171
23 173
23 174
23 175
23 176
23 177
23 178
23 180
23 181
23 182
23 184
23 185
23 187
23 189
23 190
23 191
23 193
23 195
23 197
23 199
24 25
24 26
24 27
24 28
24 29
24 31
24 33
24 36
24 37
24 38
24 40
24 41
24 43
24 44
24 45
24 46
24 48
24 49
24 50
24 52
24 53
24 54
24 56
24 57
24 58
24 59
24 61
24 64
24 65
24 66
24 67
24 69
24 70
24 71
24 73
24 74
24 75
24 76
24 80
24 82
24 83
24 86
24 88
24 91
24 92
24 93
24 94
24 95
24 96
24 98
24 99
24 101
24 102
24 103
24 106
24 107
24 108
24 109
24 110
24 111
24 114
24 115
24 116
24 118
24 120
24 122
24 123
24 124
24 125
24 126
24 128
24 130
24 131
24 133
24 134
24 135
24 136
24 137
24 138
24 139
24 141
24 144
24 146
24 147
24 150
24 152
24 159
24 160
24 161
24 162
24 163
24 164
24 169
24 173
24 176
24 177
24 178
24 179
24 180
24 183
24 185
24 186
24 188
24 189
24 191
24 193
24 195
24 196
24 197
24 199
25 29
25 30
25 32
25 33
25 34
25 35
25 37
25 40
25 41
25 42
25 44
25 45
25 46
25 47
25 49
25 50
25 51
25 52
25 53
25 55
25 56
25 59
25 60
25 62
25 63
25 64
25 65
25 68
25 69
25 70
25 71
25 72
25 74
25 75
25 77
25 78
25 81
25 82
25 85
25 91
25 92
25 96
25 98
25 99
25 100
25 101
25 103
25 104
25 105
25 106
25 108
25 109
25 110
25 112
25 113
25 114
25 115
25 116
25 122
25 126
25 130
25 132
25 134
25 136
25 137
25 140
25 142
25 143
25 146
25 149
25 151
25 152
25 153
25 155
25 156
25 158
25 159
25 160
25 164
25 165
25 166
25 171
25 173
25 177
25 178
25 181
25 182
25 185
25 188
25 189
25 191
25 192
25 194
25 195
25 196
25 197
25 199
26 27
26 28
26 29
26 30
26 31
26 33
26 35
26 36
26 37
26 38
26 40
26 41
26 43
26 44
26 45
26 46
26 47
26 49
26 50
26 51
26 55
26 57
26 58
26 60
26 63
26 68
26 70
26 71
26 72
26 75
26 79
26 83
26 84
26 85
26 86
26 87
26 89
26 90
26 91
26 92
26 95
26 96
26 97
26 98
26 100
26 102
26 103
26 104
26 105
26 108
26 111
26 113
26 114
26 117
26 118
26 120
26 122
26 124
26 126
26 127
26 129
26 130
26 132
26 134
26 135
26 138
26 141
26 142
26 144
26 147
26 148
26 151
26 154
26 155
26 156
26 159
26 160
26 161
26 165
26 168
26 169
26 170
26 172
26 173
26 176
26 178
26 179
26 180
26 183
26 185
26 186
26 188
26 189
26 190
26 192
26 194
26 195
26 196
27 29
27 30
27 32
27 34
27 35
27 39
27 42
27 43
27 48
27 49
27 52
27 53
27 54
27 55
27 56
27 57
27 58
27 60
27 62
27 64
27 67
27 69
27 70
27 72
27 74
27 76
27 78
27 82
27 83
27 85
27 88
27 89
27 90
27 92
27 93
27 94
27 95
27 96
27 98
27 99
27 100
27 102
27 103
27 108
27 110
27 112
27 113
27 114
27 115
27 117
27 118
27 119
27 121
27 125
27 126
27 127
27 128
27 129
27 130
27 134
27 135
27 136
27 137
27 138
27 139
27 141
27 142
27 144
27 145
27 146
27 147
27 148
27 149
27 150
27 153
27 154
27 155
27 156
27 158
27 159
27 160
27 161
27 164
27 167
27 168
27 169
27 170
27 171
27 173
27 175
27 178
27 179
27 182
27 187
27 188
27 189
27 190
27 191
27 193
27 194
27 195
27 197
27 198
28 31
28 33
28 36
28 37
28 38
28 39
28 41
28 42
28 43
28 44
28 45
28 47
28 50
28 51
28 53
28 57
28 58
28 60
28 61
28 62
28 64
28 71
28 74
28 75
28 78
28 80
28 84
28 86
28 87
28 88
28 89
28 91
28 92
28 93
28 94
28 95
28 96
28 99
28 101
28 102
28 106
28 107
28 109
28 110
28 111
28 112
28 114
28 120
28 122
28 123
28 124
28 127
28 128
28 129
28 131
28 135
28 136
28 137
28 138
28 140
28 143
28 144
28 145
28 146
28 148
28 153
28 154
28 155
28 157
28 158
28 159
28 160
28 165
28 166
28 168
28 169
28 170
28 171
28 172
28 174
28 176
28 178
28 179
28 181
28 182
28 184
28 186
28 187
28 189
28 190
28 192
28 194
28 195
28 197
28 199
29 32
29 33
29 37
29 38
29 39
29 41
29 42
29 44
29 46
29 48
29 51
29 53
29 54
29 55
29 57
29 58
29 59
29 62
29 63
29 64
29 66
29 67
29 71
29 74
29 76
29 77
29 78
29 79
29 80
29 82
29 84
29 85
29 86
29 87
29 88
29 89
29 91
29 92
29 93
29 94
29 97
29 99
29 104
29 109
29 113
29 115
29 116
29 117
29 118
29 121
29 122
29 124
29 125
29 127
29 128
29 131
29 132
29 135
29 137
29 138
29 139
29 141
29 142
29 147
29 149
29 150
29 151
29 152
29 153
29 154
29 155
29 156
29 161
29 162
29 165
29 166
29 167
29 168
29 169
29 170
29 171
29 172
29 173
29 176
29 179
29 181
29 182
29 185
29 188
29 190
29 191
29 192
29 194
29 195
29 199
30 31
30 32
30 34
30 35
30 37
30 39
30 40
30 42
30 45
30 47
30 49
30 52
30 53
30 54
30 55
30 56
30 57
30 58
30 60
30 61
30 62
30 64
30 66
30 67
30 69
30 70
30 71
30 73
30 74
30 76
30 77
30 78
30 81
30 82
30 83
30 85
30 86
30 87
30 89
30 90
30 91
30 92
30 93
30 94
30 95
30 97
30 99
30 100
30 101
30 102
30 108
30 110
30 111
30 112
30 116
30 118
30 120
30 122
30 124
30 125
30 126
30 127
30 128
30 134
30 135
30 138
30 140
30 143
30 144
30 146
30 152
30 153
30 154
30 155
30 158
30 159
30 160
30 162
30 164
30 165
30 167
30 168
30 172
30 174
30 177
30 182
30 187
30 189
30 191
30 193
30 194
30 196
30 197
30 198
31 32
31 33
31 34
31 35
31 36
31 37
31 38
31 39
31 40
31 41
31 44
31 45
31 50
31 51
31 52
31 53
31 54
31 55
31 56
31 59
31 62
31 63
31 64
31 65
31 67
31 68
31 69
31 70
31 71
31 72
31 73
31 79
31 80
31 81
31 84
31 85
31 86
31 87
31 88
31 93
31 95
31 96
31 97
31 100
31 101
31 104
31 105
31 106
31 107
31 108
31 111
31 112
31 113
31 114
31 115
31 116
31 118
31 119
31 121
31 122
31 123
31 124
31 128
31 129
31 130
31 131
31 132
31 133
31 134
31 135
31 136
31 138
31 140
31 141
31 143
31 145
31 146
31 147
31 148
31 150
31 151
31 152
31 153
31 155
31 156
31 157
31 160
31 162
31 163
31 166
31 167
31 169
31 170
31 172
31 173
31 175
31 176
31 177
31 178
31 180
31 181
31 182
31 184
31 186
31 191
31 192
31 195
31 196
31 197
31 199
32 33
32 34
32 35
32 36
32 37
32 38
32 39
32 40
32 41
32 43
32 45
32 46
32 47
32 48
32 50
32 52
32 53
32 54
32 55
32 57
32 58
32 60
32 61
32 63
32 64
32 68
32 70
32 72
32 73
32 77
32 79
32 80
32 82
32 83
32 84
32 86
32 87
32 90
32 91
32 92
32 94
32 95
32 98
32 99
32 102
32 104
32 105
32 107
32 109
32 111
32 113
32 114
32 118
32 119
32 120
32 121
32 122
32 123
32 124
32 125
32 126
32 128
32 129
32 132
32 134
32 135
32 136
32 137
32 138
32 139
32 140
32 142
32 146
32 150
32 151
32 152
32 153
32 156
32 158
32 159
32 160
32 161
32 165
32 166
32 167
32 168
32 169
32 175
32 176
32 177
32 179
32 182
32 183
32 185
32 186
32 187
32 188
32 191
32 192
32 196
33 37
33 38
33 39
33 42
33 45
33 47
33 49
33 56
33 57
33 58
33 60
33 61
33 62
33 65
33 66
33 68
33 69
33 70
33 71
33 72
33 73
33 75
33 77
33 78
33 81
33 83
33 84
33 86
33 87
33 91
33 92
33 99
33 101
33 103
33 104
33 106
33 109
33 110
33 111
33 112
33 113
33 114
33 117
33 118
33 119
33 121
33 123
33 124
33 125
33 126
33 127
33 129
33 130
33 131
33 136
33 138
33 140
33 141
33 142
33 144
33 145
33 147
33 148
33 149
33 150
33 152
33 153
33 154
33 155
33 156
33 157
33 158
33 159
33 161
33 162
33 163
33 164
33 165
33 166
33 167
33 168
33 169
33 170
33 171
33 175
33 176
33 178
33 180
33 181
33 182
33 183
33 187
33 188
33 191
33 193
33 195
33 196
33 197
33 198
34 35
34 37
34 39
34 43
34 44
34 45
34 48
34 50
34 51
34 54
34 55
34 57
34 58
34 60
34 62
34 65
34 67
34 70
34 71
34 72
34 73
34 74
34 75
34 76
34 77
34 79
34 81
34 82
34 83
34 84
34 85
34 86
34 88
34 90
34 93
34 97
34 98
34 103
34 104
34 105
34 108
34 109
34 112
34 113
34 114
34 115
34 116
34 117
34 118
34 124
34 125
34 126
34 128
34 132
34 133
34 135
34 136
34 137
34 138
34 140
34 141
34 142
34 143
34 144
34 145
34 146
34 147
34 148
34 149
34 153
34 156
34 158
34 159
34 160
34 162
34 163
34 164
34 165
34 167
34 168
34 169
34 171
34 173
34 175
34 176
34 177
34 178
34 179
34 181
34 182
34 184
34 186
34 187
34 188
34 190
34 191
34 192
34 195
34 196
34 199
35 36
35 37
35 38
35 39
35 41
35 44
35 45
35 46
35 47
35 49
35 50
35 51
35 52
35 53
35 56
35 61
35 64
35 65
35 67
35 69
35 71
35 72
35 78
35 79
35 80
35 82
35 83
35 84
35 86
35 88
35 89
35 90
35 92
35 94
35 96
35 97
35 98
35 99
35 100
35 101
35 102
35 106
35 107
35 110
35 111
35 113
35 117
35 118
35 119
35 120
35 121
35 122
35 124
35 127
35 130
35 131
35 133
35 137
35 139
35 140
35 141
35 145
35 149
35 151
35 152
35 153
35 156
35 157
35 160
35 161
35 162
35 164
35 165
35 166
35 169
35 170
35 172
35 173
35 175
35 176
35 178
35 181
35 185
35 186
35 188
35 189
35 190
35 191
35 192
35 193
35 195
35 196
35 199
36 38
36 40
36 41
36 42
36 43
36 44
36 45
36 46
36 49
36 52
36 53
36 54
36 57
36 59
36 61
36 66
36 67
36 73
36 74
36 77
36 78
36 81
36 83
36 87
36 92
36 94
36 96
36 97
36 98
36 100
36 101
36 103
36 105
36 106
36 109
36 112
36 113
36 114
36 116
36 118
36 119
36 120
36 121
36 122
36 123
36 127
36 128
36 129
36 130
36 131
36 136
36 137
36 139
36 140
36 141
36 142
36 143
36 144
36 145
36 146
36 147
36 149
36 151
36 159
36 160
36 163
36 164
36 165
36 166
36 168
36 169
36 170
36 171
36 172
36 173
36 174
36 175
36 177
36 178
36 180
36 181
36 185
36 186
36 187
36 188
36 189
36 191
36 193
36 194
36 195
36 196
36 199
37 39
37 41
37 42
37 43
37 45
37 46
37 47
37 49
37 52
37 54
37 55
37 56
37 57
37 59
37 60
37 61
37 64
37 65
37 66
37 67
37 68
37 69
37 73
37 76
37 79
37 80
37 84
37 87
37 89
37 90
37 91
37 92
37 93
37 94
37 95
37 96
37 97
37 98
37 99
37 100
37 102
37 103
37 104
37 106
37 108
37 109
37 110
37 111
37 113
37 116
37 117
37 121
37 122
37 124
37 126
37 127
37 128
37 129
37 130
37 131
37 134
37 135
37 136
37 137
37 138
37 139
37 140
37 142
37 143
37 144
37 145
37 146
37 148
37 150
37 153
37 158
37 159
37 160
37 163
37 166
37 167
37 168
37 169
37 172
37 173
37 175
37 176
37 177
37 185
37 186
37 187
37 188
37 189
37 192
37 193
37 195
37 197
37 198
38 39
38 41
38 42
38 43
38 44
38 46
38 48
38 49
38 50
38 51
38 52
38 56
38 57
38 60
38 61
38 62
38 65
38 66
38 67
38 69
38 70
38 72
38 73
38 76
38 77
38 81
38 83
38 86
38 87
38 89
38 91
38 92
38 93
38 96
38 97
38 98
38 101
38 105
38 106
38 107
38 109
38 110
38 113
38 115
38 116
38 117
38 118
38 120
38 121
38 124
38 125
38 126
38 127
38 128
38 130
38 131
38 132
38 134
38 135
38 137
38 138
38 139
38 140
38 141
38 142
38 143
38 144
38 145
38 146
38 147
38 148
38 150
38 151
38 152
38 155
38 156
38 157
38 158
38 159
38 161
38 163
38 165
38 169
38 171
38 172
38 173
38 174
38 175
38 177
38 178
38 179
38 180
38 181
38 185
38 186
38 188
38 189
38 190
38 192
38 194
38 195
38 197
38 199
39 41
39 43
39 44
39 47
39 48
39 51
39 52
39 53
39 55
39 59
39 60
39 62
39 63
39 64
39 65
39 66
39 69
39 70
39 71
39 72
39 73
39 75
39 76
39 78
39 79
39 80
39 81
39 82
39 83
39 85
39 86
39 88
39 89
39 91
39 92
39 93
39 96
39 97
39 99
39 100
39 102
39 104
39 105
39 107
39 108
39 109
39 112
39 114
39 118
39 119
39 122
39 123
39 124
39 125
39 126
39 127
39 128
39 130
39 134
39 137
39 138
39 139
39 143
39 144
39 145
39 146
39 147
39 148
39 149
39 150
39 151
39 153
39 155
39 159
39 160
39 162
39 164
39 165
39 167
39 169
39 170
39 173
39 174
39 177
39 178
39 179
39 180
39 182
39 183
39 185
39 186
39 187
39 189
39 191
39 192
39 193
39 194
39 199
40 43
40 44
40 45
40 47
40 48
40 51
40 52
40 54
40 55
40 56
40 57
40 59
40 60
40 61
40 62
40 63
40 64
40 66
40 69
40 71
40 73
40 74
40 79
40 80
40 81
40 83
40 85
40 86
40 88
40 89
40 90
40 92
40 93
40 100
40 101
40 104
40 107
40 108
40 111
40 112
40 113
40 117
40 120
40 121
40 122
40 123
40 129
40 130
40 131
40 132
40 134
40 136
40 137
40 138
40 139
40 143
40 145
40 146
40 147
40 151
40 157
40 159
40 160
40 161
40 164
40 166
40 169
40 171
40 172
40 174
40 175
40 176
40 179
40 180
40 182
40 183
40 184
40 185
40 188
40 189
40 190
40 192
40 193
40 194
40 195
40 197
40 198
40 199
41 42
41 43
41 44
41 45
41 48
41 49
41 52
41 54
41 55
41 56
41 57
41 58
41 61
41 62
41 63
41 65
41 66
41 67
41 68
41 70
41 71
41 72
41 73
41 74
41 76
41 77
41 83
41 85
41 90
41 91
41 93
41 95
41 97
41 99
41 104
41 106
41 107
41 108
41 109
41 113
41 114
41 116
41 118
41 119
41 120
41 125
41 126
41 127
41 128
41 132
41 133
41 135
41 136
41 137
41 138
41 140
41 141
41 142
41 145
41 146
41 147
41 149
41 150
41 151
41 152
41 153
41 155
41 156
41 157
41 158
41 159
41 160
41 162
41 163
41 164
41 166
41 168
41 173
41 174
41 175
41 176
41 177
41 178
41 179
41 180
41 184
41 185
41 186
41 189
41 190
41 191
41 192
41 193
41 194
41 195
41 196
41 199
42 43
42 44
42 46
42 50
42 51
42 52
42 55
42 56
42 57
42 58
42 59
42 60
42 61
42 62
42 63
42 64
42 65
42 66
42 67
42 68
42 69
42 70
42 71
42 72
42 73
42 74
42 77
42 79
42 81
42 84
42 85
42 86
42 89
42 90
42 91
42 92
42 93
42 94
42 96
42 97
42 98
42 99
42 102
42 105
42 106
42 107
42 109
42 112
42 113
42 117
42 118
42 119
42 120
42 123
42 128
42 129
42 131
42 132
42 134
42 136
42 137
42 138
42 139
42 140
42 141
42 142
42 143
42 144
42 146
42 147
42 149
42 150
42 151
42 152
42 156
42 158
42 159
42 161
42 162
42 163
42 164
42 166
42 167
42 168
42 169
42 170
42 171
42 172
42 175
42 176
42 180
42 181
42 182
42 184
42 185
42 186
42 187
42 189
42 190
42 191
42 193
42 194
42 195
42 196
42 197
42 198
42 199
43 44
43 46
43 47
43 49
43 51
43 52
43 53
43 55
43 56
43 58
43 59
43 60
43 61
43 62
43 63
43 65
43 67
43 73
43 75
43 76
43 77
43 81
43 82
43 83
43 85
43 87
43 91
43 92
43 93
43 95
43 96
43 97
43 98
43 99
43 102
43 103
43 104
43 105
43 106
43 108
43 110
43 112
43 113
43 115
43 116
43 117
43 119
43 122
43 123
43 126
43 129
43 132
43 133
43 134
43 136
43 139
43 140
43 141
43 142
43 143
43 144
43 145
43 146
43 149
43 150
43 151
43 152
43 153
43 154
43 155
43 156
43 159
43 160
43 161
43 164
43 165
43 167
43 168
43 169
43 170
43 174
43 175
43 176
43 180
43 182
43 184
43 185
43 187
43 188
43 190
43 192
43 193
43 194
43 195
43 196
43 198
43 199
44 45
44 46
44 49
44 51
44 52
44 54
44 55
44 56
44 57
44 59
44 61
44 63
44 65
44 66
44 68
44 69
44 70
44 74
44 76
44 78
44 80
44 81
44 82
44 83
44 86
44 87
44 89
44 90
44 92
44 94
44 96
44 97
44 98
44 99
44 100
44 102
44 103
44 104
44 108
44 111
44 113
44 114
44 116
44 120
44 123
44 124
44 127
44 132
44 135
44 136
44 137
44 138
44 141
44 142
44 143
44 147
44 148
44 149
44 151
44 152
44 153
44 154
44 158
44 161
44 163
44 165
44 167
44 168
44 169
44 170
44 173
44 175
44 177
44 179
44 180
44 181
44 184
44 186
44 187
44 188
44 191
44 192
44 193
44 194
44 199
45 47
45 48
45 49
45 50
45 51
45 52
45 57
45 61
45 62
45 63
45 64
45 67
45 69
45 71
45 72
45 73
45 75
45 78
45 80
45 81
45 82
45 83
45 84
45 85
45 88
45 89
45 91
45 93
45 94
45 95
45 96
45 99
45 100
45 101
45 102
45 103
45 104
45 106
45 107
45 108
45 109
45 111
45 112
45 113
45 114
45 116
45 117
45 118
45 119
45 121
45 122
45 123
45 124
45 125
45 127
45 128
45 129
45 130
45 133
45 134
45 136
45 144
45 146
45 147
45 149
45 150
45 153
45 154
45 155
45 156
45 157
45 161
45 162
45 163
45 164
45 166
45 167
45 168
45 173
45 174
45 177
45 178
45 179
45 180
45 182
45 183
45 185
45 187
45 188
45 190
45 192
45 196
45 199
46 47
46 52
46 53
46 55
46 57
46 58
46 60
46 63
46 64
46 65
46 68
46 72
46 74
46 75
46 76
46 77
46 78
46 79
46 80
46 81
46 84
46 87
46 88
46 89
46 91
46 92
46 93
46 94
46 95
46 96
46 99
46 100
46 101
46 103
46 104
46 105
46 110
46 111
46 113
46 120
46 121
46 125
46 126
46 127
46 130
46 132
46 134
46 137
46 139
46 140
46 141
46 142
46 143
46 144
46 146
46 147
46 149
46 151
46 152
46 153
46 155
46 156
46 158
46 159
46 162
46 163
46 166
46 168
46 170
46 171
46 172
46 173
46 175
46 178
46 179
46 180
46 184
46 188
46 190
46 191
46 193
46 196
46 198
47 50
47 51
47 55
47 61
47 62
47 64
47 65
47 66
47 68
47 69
47 70
47 71
47 72
47 73
47 74
47 75
47 76
47 77
47 79
47 80
47 81
47 82
47 83
47 84
47 89
47 90
47 91
47 92
47 94
47 95
47 96
47 98
47 99
47 100
47 102
47 105
47 110
47 111
47 112
47 113
47 114
47 115
47 118
47 119
47 120
47 121
47 122
47 125
47 128
47 129
47 130
47 131
47 132
47 136
47 137
47 138
47 140
47 141
47 142
47 145
47 146
47 147
47 149
47 150
47 151
47 153
47 156
47 157
47 158
47 159
47 160
47 161
47 165
47 166
47 168
47 169
47 170
47 171
47 172
47 174
47 175
47 176
47 177
47 178
47 179
47 180
47 183
47 185
47 186
47 187
47 188
47 189
47 191
47 193
47 194
47 197
48 50
48 51
48 52
48 53
48 54
48 55
48 57
48 60
48 61
48 62
48 63
48 64
48 65
48 66
48 69
48 70
48 71
48 72
48 74
48 78
48 79
48 80
48 81
48 85
48 86
48 87
48 88
48 91
48 92
48 93
48 95
48 98
48 101
48 105
48 106
48 107
48 108
48 110
48 111
48 113
48 115
48 118
48 120
48 121
48 122
48 124
48 125
48 126
48 127
48 128
48 129
48 131
48 132
48 134
48 137
48 139
48 141
48 142
48 143
48 149
48 150
48 153
48 157
48 158
48 159
48 161
48 162
48 163
48 166
48 167
48 169
48 171
48 172
48 175
48 176
48 178
48 179
48 180
48 181
48 184
48 185
48 186
48 188
48 192
48 193
48 194
48 196
48 197
49 51
49 53
49 54
49 56
49 58
49 61
49 64
49 65
49 66
49 67
49 69
49 70
49 73
49 77
49 78
49 79
49 80
49 82
49 85
49 86
49 87
49 90
49 91
49 93
49 96
49 99
49 100
49 101
49 102
49 104
49 105
49 107
49 108
49 110
49 112
49 113
49 114
49 115
49 116
49 118
49 121
49 122
49 128
49 129
49 130
49 133
49 135
49 137
49 138
49 142
49 143
49 144
49 147
49 148
49 149
49 151
49 152
49 153
49 154
49 155
49 158
49 159
49 165
49 170
49 173
49 174
49 175
49 177
49 178
49 180
49 181
49 182
49 184
49 185
49 188
49 189
49 190
49 197
49 198
49 199
50 53
50 54
50 55
50 56
50 58
50 59
50 60
50 61
50 62
50 63
50 65
50 66
50 67
50 69
50 71
50 74
50 77
50 80
50 81
50 84
50 85
50 87
50 88
50 90
50 91
50 93
50 94
50 95
50 96
50 98
50 100
50 101
50 102
50 103
50 104
50 105
50 108
50 109
50 111
50 115
50 116
50 117
50 119
50 120
50 122
50 123
50 126
50 128
50 131
50 132
50 137
50 139
50 140
50 142
50 144
50 146
50 150
50 151
50 152
50 153
50 154
50 158
50 161
50 162
50 163
50 164
50 166
50 170
50 171
50 172
50 173
50 175
50 177
50 178
50 180
50 181
50 182
50 183
50 187
50 188
50 189
50 191
50 194
50 195
50 197
51 52
51 54
51 55
51 57
51 59
51 61
51 65
51 66
51 68
51 70
51 71
51 73
51 76
51 77
51 80
51 81
51 82
51 83
51 85
51 86
51 89
51 90
51 92
51 94
51 100
51 101
51 102
51 104
51 108
51 109
51 110
51 111
51 113
51 116
51 117
51 118
51 119
51 121
51 124
51 125
51 127
51 128
51 129
51 130
51 133
51 134
51 135
51 136
51 137
51 138
51 139
51 140
51 141
51 142
51 143
51 145
51 148
51 149
51 150
51 155
51 158
51 159
51 161
51 162
51 164
51 165
51 166
51 167
51 168
51 169
51 174
51 175
51 179
51 180
51 183
51 184
51 185
51 186
51 188
51 190
51 191
51 192
51 194
51 195
51 196
51 197
52 53
52 55
52 57
52 58
52 59
52 60
52 61
52 62
52 67
52 68
52 70
52 71
52 72
52 74
52 75
52 76
52 77
52 79
52 80
52 82
52 83
52 85
52 86
52 87
52 93
52 96
52 97
52 98
52 99
52 100
52 101
52 102
52 103
52 104
52 105
52 107
52 109
52 112
52 113
52 114
52 115
52 116
52 118
52 119
52 122
52 125
52 126
52 129
52 132
52 135
52 136
52 138
52 139
52 140
52 141
52 143
52 144
52 145
52 146
52 147
52 149
52 150
52 151
52 152
52 155
52 156
52 158
52 160
52 161
52 162
52 163
52 165
52 166
52 171
52 175
52 179
52 180
52 181
52 185
52 186
52 187
52 189
52 191
52 195
52 198
52 199
53 55
53 56
53 58
53 60
53 62
53 63
53 64
53 65
53 67
53 68
53 70
53 71
53 73
53 74
53 75
53 76
53 77
53 78
53 80
53 81
53 82
53 85
53 86
53 87
53 89
53 91
53 92
53 93
53 95
53 96
53 97
53 98
53 99
53 101
53 102
53 103
53 105
53 108
53 110
53 111
53 115
53 116
53 117
53 118
53 119
53 120
53 122
53 123
53 125
53 126
53 127
53 130
53 133
53 134
53 135
53 137
53 138
53 139
53 141
53 142
53 144
53 146
53 148
53 149
53 151
53 155
53 156
53 157
53 158
53 159
53 160
53 161
53 165
53 167
53 172
53 175
53 177
53 178
53 179
53 181
53 182
53 183
53 184
53 185
53 186
53 190
53 192
53 193
53 194
53 196
54 55
54 57
54 59
54 60
54 61
54 62
54 65
54 68
54 70
54 71
54 72
54 73
54 74
54 75
54 77
54 78
54 81
54 82
54 83
54 84
54 85
54 86
54 88
54 90
54 91
54 92
54 94
54 96
54 98
54 100
54 102
54 103
54 106
54 107
54 109
54 112
54 116
54 117
54 118
54 119
54 121
54 122
54 123
54 124
54 126
54 129
54 130
54 131
54 136
54 138
54 141
54 142
54 145
54 147
54 149
54 150
54 151
54 155
54 156
54 157
54 159
54 161
54 162
54 163
54 165
54 167
54 169
54 170
54 174
54 175
54 180
54 181
54 182
54 183
54 185
54 186
54 189
54 193
54 196
54 198
55 56
55 61
55 62
55 63
55 64
55 68
55 69
55 70
55 72
55 74
55 76
55 78
55 80
55 81
55 82
55 83
55 84
55 85
55 86
55 88
55 89
55 91
55 92
55 93
55 94
55 95
55 96
55 99
55 102
55 103
55 104
55 109
55 110
55 111
55 114
55 115
55 116
55 117
55 118
55 120
55 122
55 123
55 124
55 126
55 128
55 129
55 131
55 133
55 134
55 143
55 144
55 145
55 147
55 149
55 150
55 151
55 152
55 154
55 155
55 157
55 159
55 160
55 161
55 164
55 165
55 166
55 167
55 168
55 170
55 172
55 176
55 177
55 179
55 181
55 182
55 185
55 186
55 187
55 188
55 189
55 190
55 193
55 194
55 195
55 197
55 199
56 58
56 60
56 63
56 64
56 66
56 67
56 68
56 70
56 71
56 73
56 74
56 75
56 76
56 77
56 79
56 81
56 85
56 87
56 88
56 89
56 90
56 91
56 96
56 98
56 99
56 102
56 104
56 105
56 106
56 107
56 110
56 112
56 113
56 115
56 116
56 117
56 118
56 120
56 122
56 123
56 127
56 128
56 130
56 131
56 132
56 134
56 135
56 138
56 139
56 143
56 147
56 148
56 150
56 154
56 156
56 157
56 158
56 160
56 162
56 166
56 167
56 172
56 173
56 175
56 177
56 178
56 179
56 182
56 183
56 184
56 186
56 188
56 189
56 190
56 192
56 193
56 195
56 196
56 199
57 58
57 59
57 61
57 62
57 66
57 67
57 68
57 70
57 71
57 73
57 75
57 77
57 80
57 81
57 84
57 86
57 88
57 91
57 92
57 93
57 100
57 101
57 103
57 106
57 108
57 109
57 110
57 113
57 115
57 116
57 117
57 118
57 119
57 120
57 121
57 124
57 125
57 127
57 129
57 130
57 131
57 134
57 135
57 136
57 137
57 139
57 140
57 141
57 143
57 149
57 150
57 154
57 156
57 158
57 159
57 161
57 162
57 163
57 164
57 167
57 169
57 170
57 171
57 172
57 178
57 179
57 180
57 181
57 182
57 183
57 185
57 186
57 187
57 188
57 189
57 190
57 191
57 192
57 193
57 194
57 195
57 197
57 198
57 199
58 59
58 60
58 63
58 65
58 66
58 69
58 72
58 73
58 74
58 75
58 76
58 80
58 81
58 82
58 83
58 84
58 85
58 87
58 90
58 92
58 93
58 94
58 95
58 96
58 100
58 102
58 104
58 105
58 107
58 110
58 113
58 114
58 115
58 119
58 120
58 124
58 125
58 126
58 127
58 128
58 130
58 131
58 133
58 135
58 136
58 137
58 140
58 143
58 144
58 145
58 147
58 150
58 152
58 154
58 155
58 158
58 159
58 161
58 163
58 167
58 168
58 171
58 173
58 174
58 175
58 178
58 179
58 180
58 182
58 183
58 184
58 186
58 190
58 191
58 193
58 194
59 60
59 61
59 63
59 64
59 66
59 67
59 68
59 69
59 71
59 72
59 73
59 76
59 77
59 78
59 79
59 80
59 81
59 82
59 85
59 86
59 88
59 90
59 91
59 95
59 96
59 97
59 102
59 105
59 106
59 109
59 113
59 115
59 116
59 118
59 121
59 122
59 125
59 126
59 127
59 130
59 131
59 133
59 134
59 135
59 137
59 138
59 139
59 140
59 142
59 143
59 145
59 146
59 148
59 149
59 153
59 154
59 155
59 158
59 160
59 161
59 162
59 163
59 164
59 165
59 166
59 167
59 172
59 174
59 175
59 177
59 179
59 180
59 181
59 184
59 185
59 189
59 191
59 192
59 193
59 194
59 195
59 197
59 198
60 62
60 63
60 64
60 65
60 66
60 67
60 68
60 69
60 70
60 74
60 76
60 77
60 81
60 82
60 83
60 84
60 85
60 86
60 87
60 89
60 90
60 91
60 92
60 95
60 96
60 97
60 98
60 99
60 100
60 101
60 102
60 104
60 107
60 108
60 113
60 114
60 116
60 118
60 119
60 120
60 121
60 122
60 125
60 127
60 128
60 129
60 130
60 131
60 133
60 134
60 135
60 139
60 140
60 141
60 143
60 144
60 145
60 146
60 147
60 148
60 149
60 152
60 153
60 154
60 155
60 156
60 157
60 158
60 159
60 165
60 166
60 169
60 170
60 171
60 172
60 173
60 175
60 177
60 178
60 181
60 184
60 188
60 189
60 191
60 192
60 193
60 194
60 197
60 198
61 62
61 64
61 65
61 66
61 68
61 69
61 70
61 71
61 72
61 73
61 74
61 78
61 80
61 83
61 84
61 85
61 86
61 87
61 89
61 90
61 97
61 98
61 100
61 102
61 103
61 105
61 109
61 110
61 112
61 115
61 117
61 119
61 120
61 121
61 122
61 125
61 126
61 128
61 130
61 132
61 134
61 135
61 137
61 140
61 141
61 142
61 143
61 144
61 146
61 149
61 150
61 154
61 156
61 157
61 159
61 162
61 164
61 165
61 166
61 169
61 170
61 171
61 174
61 175
61 177
61 178
61 179
61 181
61 182
61 183
61 186
61 188
61 190
61 192
61 194
61 195
61 198
61 199
62 64
62 65
62 66
62 67
62 68
62 70
62 71
62 74
62 75
62 76
62 77
62 79
62 81
62 82
62 84
62 88
62 89
62 90
62 91
62 92
62 94
62 95
62 96
62 100
62 102
62 105
62 106
62 107
62 108
62 110
62 111
62 112
62 113
62 115
62 116
62 117
62 118
62 119
62 120
62 121
62 122
62 125
62 127
62 130
62 133
62 134
62 136
62 141
62 142
62 143
62 144
62 145
62 146
62 147
62 149
62 151
62 153
62 156
62 158
62 159
62 160
62 161
62 162
62 164
62 165
62 168
62 170
62 171
62 178
62 179
62 180
62 182
62 183
62 184
62 187
62 189
62 193
62 196
62 198
62 199
63 65
63 67
63 68
63 71
63 72
63 73
63 75
63 76
63 81
63 93
63 94
63 95
63 96
63 97
63 99
63 101
63 103
63 104
63 106
63 109
63 110
63 111
63 112
63 114
63 115
63 116
63 117
63 119
63 123
63 125
63 128
63 129
63 132
63 133
63 135
63 137
63 142
63 143
63 144
63 145
63 146
63 148
63 149
63 150
63 151
63 152
63 153
63 155
63 159
63 161
63 162
63 163
63 164
63 167
63 168
63 169
63 171
63 174
63 176
63 181
63 182
63 183
63 186
63 187
63 188
63 189
63 190
63 191
63 192
63 193
63 195
63 196
63 197
63 198
64 65
64 68
64 70
64 71
64 75
64 79
64 80
64 81
64 87
64 88
64 89
64 90
64 91
64 93
64 94
64 97
64 98
64 99
64 100
64 101
64 102
64 103
64 104
64 105
64 106
64 108
64 110
64 111
64 113
64 114
64 117
64 121
64 122
64 124
64 125
64 128
64 129
64 131
64 132
64 133
64 135
64 136
64 137
64 142
64 144
64 145
64 146
64 147
64 148
64 150
64 151
64 153
64 154
64 155
64 158
64 159
64 161
64 162
64 164
64 167
64 168
64 169
64 170
64 171
64 177
64 179
64 180
64 181
64 182
64 184
64 185
64 186
64 189
64 191
64 192
64 195
64 198
65 66
65 67
65 68
65 69
65 70
65 71
65 72
65 73
65 76
65 78
65 80
65 81
65 82
65 83
65 84
65 85
65 87
65 91
65 92
65 94
65 95
65 96
65 97
65 98
65 99
65 100
65 101
65 102
65 103
65 104
65 106
65 108
65 111
65 113
65 116
65 117
65 118
65 120
65 123
65 124
65 125
65 127
65 131
65 132
65 135
65 137
65 138
65 140
65 141
65 142
65 144
65 147
65 148
65 149
65 151
65 155
65 156
65 157
65 159
65 160
65 164
65 170
65 171
65 172
65 173
65 176
65 179
65 180
65 182
65 188
65 189
65 190
65 198
65 199
66 67
66 68
66 69
66 70
66 71
66 72
66 73
66 74
66 75
66 81
66 82
66 84
66 85
66 86
66 87
66 88
66 90
66 93
66 94
66 97
66 98
66 103
66 105
66 106
66 107
66 111
66 114
66 117
66 118
66 119
66 120
66 121
66 122
66 123
66 124
66 126
66 129
66 130
66 132
66 134
66 137
66 139
66 140
66 141
66 144
66 145
66 147
66 148
66 149
66 151
66 152
66 154
66 155
66 162
66 164
66 172
66 173
66 174
66 175
66 176
66 177
66 179
66 180
66 182
66 184
66 187
66 188
66 190
66 192
66 197
66 198
66 199
67 68
67 70
67 71
67 73
67 75
67 76
67 78
67 79
67 81
67 82
67 83
67 84
67 85
67 87
67 88
67 89
67 90
67 92
67 94
67 96
67 97
67 98
67 100
67 102
67 106
67 108
67 109
67 110
67 111
67 113
67 114
67 115
67 116
67 117
67 118
67 119
67 121
67 123
67 124
67 126
67 127
67 128
67 129
67 130
67 131
67 132
67 133
67 134
67 137
67 138
67 139
67 141
67 142
67 144
67 145
67 146
67 147
67 150
67 151
67 152
67 153
67 154
67 155
67 156
67 159
67 160
67 162
67 163
67 167
67 168
67 169
67 170
67 171
67 172
67 173
67 174
67 176
67 178
67 180
67 181
67 183
67 184
67 187
67 188
67 190
67 191
67 193
67 194
67 195
67 196
67 197
67 198
67 199
68 70
68 71
68 72
68 73
68 75
68 76
68 78
68 81
68 83
68 85
68 86
68 88
68 90
68 91
68 92
68 93
68 94
68 95
68 96
68 98
68 100
68 101
68 102
68 109
68 114
68 116
68 117
68 118
68 119
68 126
68 128
68 129
68 130
68 131
68 134
68 135
68 136
68 137
68 138
68 139
68 140
68 142
68 144
68 147
68 151
68 152
68 153
68 154
68 156
68 158
68 159
68 160
68 161
68 162
68 163
68 166
68 167
68 168
68 170
68 172
68 174
68 176
68 180
68 184
68 186
68 188
68 189
68 192
68 195
68 197
68 198
69 70
69 71
69 72
69 73
69 74
69 76
69 77
69 78
69 80
69 84
69 85
69 86
69 87
69 89
69 92
69 95
69 97
69 99
69 103
69 104
69 107
69 109
69 111
69 112
69 113
69 116
69 119
69 121
69 122
69 124
69 126
69 128
69 129
69 130
69 131
69 132
69 133
69 135
69 136
69 137
69 139
69 140
69 141
69 142
69 143
69 145
69 146
69 147
69 148
69 152
69 153
69 154
69 156
69 157
69 158
69 159
69 161
69 162
69 163
69 165
69 167
69 170
69 171
69 172
69 174
69 175
69 176
69 177
69 178
69 179
69 182
69 184
69 186
69 187
69 188
69 190
69 191
69 192
69 194
69 198
69 199
70 71
70 72
70 73
70 75
70 76
70 78
70 79
70 80
70 81
70 82
70 84
70 85
70 86
70 88
70 91
70 92
70 94
70 98
70 99
70 100
70 103
70 104
70 105
70 106
70 107
70 108
70 110
70 111
70 112
70 116
70 117
70 122
70 123
70 124
70 125
70 126
70 128
70 129
70 132
70 133
70 134
70 135
70 136
70 138
70 139
70 144
70 146
70 147
70 148
70 151
70 152
70 154
70 156
70 157
70 158
70 159
70 160
70 161
70 162
70 165
70 168
70 169
70 171
70 172
70 173
70 176
70 180
70 181
70 182
70 183
70 185
70 186
70 188
70 189
70 190
70 193
70 195
70 196
70 197
70 198
71 72
71 75
71 77
71 78
71 80
71 81
71 83
71 84
71 85
71 87
71 89
71 90
71 92
71 95
71 96
71 98
71 99
71 100
71 105
71 108
71 109
71 110
71 111
71 112
71 113
71 117
71 118
71 119
71 121
71 122
71 123
71 124
71 127
71 129
71 130
71 131
71 132
71 133
71 135
71 137
71 138
71 140
71 141
71 142
71 143
71 144
71 146
71 147
71 148
71 150
71 151
71 156
71 159
71 160
71 165
71 166
71 167
71 169
71 170
71 171
71 172
71 173
71 174
71 176
71 177
71 178
71 179
71 182
71 183
71 184
71 185
71 186
71 187
71 191
71 194
71 195
71 198
72 74
72 80
72 81
72 82
72 83
72 86
72 87
72 88
72 89
72 90
72 92
72 93
72 94
72 95
72 96
72 97
72 98
72 104
72 107
72 109
72 110
72 112
72 113
72 114
72 115
72 116
72 118
72 123
72 124
72 125
72 126
72 128
72 129
72 131
72 133
72 134
72 135
72 137
72 139
72 140
72 141
72 143
72 144
72 145
72 146
72 147
72 148
72 149
72 150
72 152
72 154
72 157
72 161
72 162
72 166
72 167
72 168
72 169
72 172
72 175
72 176
72 178
72 180
72 182
72 183
72 184
72 185
72 186
72 187
72 189
72 190
72 191
72 192
72 193
72 195
72 196
72 197
72 199
73 75
73 76
73 80
73 81
73 83
73 84
73 86
73 90
73 91
73 92
73 93
73 94
73 95
73 96
73 99
73 101
73 103
73 104
73 105
73 106
73 107
73 108
73 112
73 114
73 115
73 117
73 119
73 121
73 122
73 124
73 127
73 128
73 129
73 133
73 135
73 136
73 137
73 138
73 139
73 140
73 141
73 143
73 144
73 146
73 147
73 149
73 150
73 155
73 156
73 157
73 158
73 161
73 162
73 164
73 166
73 169
73 171
73 172
73 173
73 175
73 176
73 178
73 179
73 181
73 187
73 189
73 190
73 191
73 192
73 193
73 195
73 196
73 197
73 198
73 199
74 77
74 79
74 80
74 84
74 86
74 87
74 88
74 91
74 92
74 96
74 97
74 98
74 99
74 100
74 101
74 102
74 105
74 106
74 109
74 110
74 111
74 112
74 113
74 117
74 120
74 121
74 122
74 124
74 125
74 128
74 129
74 130
74 132
74 134
74 137
74 138
74 139
74 140
74 141
74 142
74 144
74 146
74 147
74 148
74 149
74 151
74 152
74 153
74 154
74 156
74 157
74 158
74 159
74 160
74 162
74 163
74 164
74 165
74 166
74 169
74 171
74 174
74 176
74 177
74 178
74 179
74 180
74 182
74 184
74 186
74 187
74 188
74 189
74 190
74 191
74 193
74 196
74 197
74 198
74 199
75 76
75 77
75 80
75 81
75 84
75 87
75 88
75 89
75 92
75 93
75 94
75 95
75 97
75 99
75 100
75 102
75 103
75 106
75 107
75 108
75 109
75 113
75 114
75 116
75 117
75 119
75 122
75 123
75 125
75 126
75 127
75 129
75 131
75 132
75 133
75 134
75 135
75 136
75 137
75 138
75 139
75 140
75 141
75 142
75 143
75 146
75 147
75 150
75 151
75 154
75 155
75 156
75 157
75 160
75 162
75 164
75 165
75 170
75 171
75 172
75 173
75 175
75 176
75 177
75 178
75 179
75 180
75 181
75 182
75 183
75 184
75 186
75 188
75 192
75 195
75 196
75 197
75 198
76 77
76 78
76 79
76 80
76 81
76 82
76 83
76 84
76 85
76 86
76 88
76 91
76 92
76 96
76 97
76 99
76 101
76 103
76 104
76 105
76 107
76 108
76 109
76 111
76 112
76 114
76 118
76 120
76 121
76 123
76 125
76 126
76 128
76 129
76 131
76 132
76 134
76 135
76 136
76 137
76 139
76 141
76 142
76 146
76 147
76 148
76 149
76 150
76 153
76 154
76 155
76 156
76 158
76 159
76 163
76 164
76 167
76 168
76 170
76 171
76 172
76 173
76 175
76 177
76 178
76 179
76 180
76 181
76 183
76 185
76 187
76 188
76 189
76 190
76 195
76 196
77 78
77 80
77 81
77 83
77 84
77 85
77 87
77 88
77 89
77 91
77 92
77 93
77 96
77 99
77 100
77 101
77 102
77 103
77 104
77 105
77 107
77 109
77 110
77 112
77 117
77 118
77 119
77 120
77 123
77 124
77 125
77 127
77 129
77 130
77 133
77 139
77 141
77 143
77 144
77 145
77 146
77 147
77 148
77 149
77 151
77 154
77 156
77 157
77 158
77 160
77 164
77 165
77 168
77 169
77 170
77 172
77 173
77 179
77 180
77 181
77 183
77 184
77 185
77 187
77 188
77 189
77 191
77 192
77 194
77 195
77 197
77 198
77 199
78 79
78 80
78 82
78 83
78 85
78 88
78 90
78 92
78 93
78 94
78 95
78 97
78 100
78 104
78 105
78 106
78 107
78 110
78 111
78 114
78 118
78 119
78 120
78 122
78 123
78 124
78 126
78 127
78 128
78 131
78 132
78 135
78 136
78 138
78 139
78 140
78 141
78 142
78 143
78 144
78 147
78 152
78 153
78 154
78 157
78 158
78 160
78 161
78 164
78 165
78 166
78 167
78 169
78 172
78 173
78 174
78 175
78 176
78 177
78 178
78 180
78 181
78 182
78 184
78 185
78 186
78 187
78 188
78 189
78 190
78 191
78 192
78 193
78 195
78 197
78 199
79 81
79 83
79 86
79 87
79 89
79 90
79 92
79 94
79 95
79 97
79 98
79 99
79 100
79 103
79 104
79 105
79 106
79 107
79 108
79 109
79 111
79 112
79 114
79 116
79 117
79 118
79 119
79 120
79 121
79 122
79 123
79 124
79 125
79 126
79 127
79 128
79 129
79 131
79 132
79 133
79 134
79 136
79 137
79 138
79 140
79 143
79 146
79 153
79 154
79 155
79 156
79 157
79 158
79 159
79 160
79 161
79 164
79 165
79 166
79 168
79 169
79 170
79 171
79 174
79 175
79 177
79 180
79 181
79 182
79 183
79 184
79 186
79 188
79 190
79 192
79 194
79 195
79 196
79 198
79 199
80 81
80 82
80 83
80 85
80 87
80 90
80 94
80 96
80 99
80 101
80 102
80 103
80 106
80 111
80 112
80 113
80 114
80 115
80 116
80 117
80 118
80 120
80 122
80 123
80 127
80 129
80 131
80 132
80 133
80 135
80 137
80 138
80 140
80 141
80 142
80 144
80 145
80 146
80 147
80 148
80 149
80 150
80 151
80 153
80 154
80 158
80 160
80 161
80 162
80 163
80 165
80 166
80 167
80 175
80 176
80 177
80 178
80 179
80 180
80 181
80 182
80 184
80 185
80 187
80 192
80 193
80 196
81 82
81 83
81 84
81 86
81 87
81 88
81 89
81 90
81 93
81 95
81 96
81 97
81 99
81 101
81 102
81 105
81 106
81 107
81 109
81 110
81 113
81 115
81 116
81 118
81 119
81 125
81 127
81 128
81 129
81 130
81 132
81 133
81 134
81 136
81 138
81 139
81 140
81 146
81 148
81 149
81 151
81 152
81 153
81 154
81 155
81 160
81 161
81 162
81 163
81 164
81 165
81 166
81 167
81 168
81 169
81 170
81 173
81 174
81 175
81 176
81 177
81 179
81 180
81 181
81 182
81 183
81 184
81 186
81 188
81 189
81 191
81 192
81 193
81 194
81 195
81 196
81 197
81 198
81 199
82 83
82 84
82 85
82 86
82 87
82 88
82 90
82 93
82 95
82 96
82 97
82 98
82 99
82 103
82 104
82 105
82 106
82 108
82 110
82 111
82 112
82 113
82 115
82 117
82 118
82 119
82 120
82 123
82 124
82 125
82 126
82 127
82 128
82 131
82 132
82 133
82 134
82 135
82 137
82 139
82 141
82 142
82 143
82 144
82 145
82 146
82 148
82 150
82 151
82 153
82 154
82 157
82 159
82 161
82 163
82 166
82 167
82 168
82 169
82 172
82 173
82 176
82 177
82 179
82 180
82 181
82 182
82 183
82 185
82 186
82 187
82 188
82 189
82 192
82 194
82 195
82 197
83 84
83 88
83 89
83 90
83 91
83 92
83 93
83 94
83 95
83 96
83 97
83 100
83 101
83 104
83 106
83 107
83 110
83 111
83 115
83 116
83 117
83 118
83 120
83 124
83 126
83 127
83 130
83 131
83 132
83 133
83 134
83 136
83 137
83 138
83 139
83 140
83 141
83 146
83 147
83 151
83 152
83 153
83 154
83 156
83 157
83 158
83 159
83 160
83 161
83 163
83 164
83 165
83 166
83 167
83 168
83 174
83 177
83 178
83 179
83 180
83 181
83 183
83 184
83 185
83 186
83 189
83 190
83 191
83 193
83 194
83 195
83 197
83 199
84 85
84 86
84 87
84 88
84 89
84 95
84 96
84 99
84 100
84 102
84 103
84 104
84 106
84 109
84 110
84 111
84 114
84 115
84 116
84 118
84 119
84 121
84 123
84 124
84 125
84 127
84 129
84 133
84 134
84 136
84 137
84 138
84 142
84 143
84 146
84 147
84 149
84 151
84 152
84 154
84 155
84 156
84 157
84 158
84 159
84 161
84 164
84 165
84 169
84 172
84 175
84 176
84 177
84 178
84 179
84 180
84 181
84 182
84 183
84 185
84 187
84 188
84 189
84 190
84 192
84 193
85 86
85 87
85 88
85 90
85 91
85 95
85 96
85 97
85 102
85 104
85 106
85 109
85 111
85 113
85 116
85 117
85 118
85 119
85 120
85 121
85 122
85 123
85 125
85 126
85 127
85 128
85 129
85 130
85 131
85 132
85 133
85 135
85 137
85 138
85 139
85 140
85 141
85 143
85 144
85 145
85 147
85 150
85 151
85 152
85 153
85 154
85 157
85 160
85 161
85 162
85 164
85 166
85 167
85 168
85 169
85 170
85 171
85 173
85 174
85 175
85 176
85 177
85 178
85 180
85 181
85 182
85 183
85 184
85 185
85 186
85 187
85 188
85 190
85 191
85 193
85 195
85 196
85 197
86 91
86 92
86 93
86 94
86 96
86 98
86 100
86 101
86 102
86 104
86 107
86 108
86 109
86 110
86 111
86 112
86 115
86 116
86 117
86 120
86 121
86 123
86 125
86 126
86 127
86 130
86 131
86 132
86 134
86 135
86 137
86 140
86 142
86 144
86 145
86 146
86 148
86 149
86 151
86 152
86 153
86 158
86 160
86 161
86 164
86 165
86 167
86 168
86 169
86 170
86 171
86 174
86 175
86 176
86 177
86 181
86 183
86 184
86 186
86 187
86 191
86 192
86 194
86 196
86 197
87 89
87 91
87 92
87 93
87 95
87 99
87 100
87 101
87 102
87 105
87 106
87 109
87 110
87 112
87 113
87 115
87 118
87 119
87 121
87 122
87 124
87 127
87 128
87 130
87 132
87 133
87 136
87 137
87 138
87 141
87 142
87 143
87 144
87 145
87 146
87 148
87 150
87 151
87 152
87 153
87 154
87 155
87 157
87 158
87 159
87 160
87 162
87 165
87 166
87 168
87 169
87 170
87 171
87 174
87 175
87 176
87 177
87 178
87 180
87 181
87 182
87 183
87 184
87 185
87 187
87 188
87 189
87 190
87 191
87 192
87 193
87 194
87 195
87 196
87 197
87 198
87 199
88 89
88 91
88 94
88 97
88 98
88 100
88 101
88 106
88 109
88 110
88 112
88 113
88 114
88 117
88 119
88 120
88 121
88 122
88 123
88 125
88 127
88 129
88 130
88 132
88 133
88 134
88 135
88 136
88 137
88 138
88 139
88 141
88 143
88 144
88 145
88 148
88 149
88 150
88 152
88 153
88 154
88 155
88 156
88 157
88 158
88 161
88 163
88 167
88 168
88 169
88 172
88 173
88 174
88 175
88 177
88 178
88 180
88 182
88 183
88 184
88 186
88 187
88 190
88 192
88 197
88 198
88 199
89 92
89 94
89 95
89 97
89 100
89 102
89 103
89 104
89 105
89 107
89 109
89 110
89 111
89 112
89 114
89 115
89 116
89 117
89 118
89 119
89 125
89 126
89 127
89 128
89 133
89 137
89 138
89 139
89 140
89 141
89 142
89 143
89 144
89 145
89 147
89 150
89 154
89 155
89 157
89 158
89 159
89 161
89 162
89 163
89 165
89 166
89 168
89 169
89 172
89 173
89 174
89 176
89 177
89 180
89 181
89 182
89 183
89 185
89 186
89 188
89 189
89 190
89 191
89 192
89 195
89 199
90 91
90 93
90 94
90 97
90 98
90 99
90 100
90 101
90 105
90 106
90 107
90 108
90 111
90 114
90 115
90 116
90 117
90 119
90 123
90 125
90 126
90 127
90 128
90 131
90 132
90 134
90 135
90 136
90 137
90 140
90 142
90 143
90 144
90 146
90 150
90 153
90 156
90 157
90 158
90 159
90 160
90 163
90 165
90 167
90 168
90 169
90 170
90 172
90 174
90 175
90 179
90 180
90 181
90 182
90 183
90 184
90 186
90 187
90 188
90 189
90 190
90 191
90 192
90 193
90 197
90 198
90 199
91 92
91 93
91 94
91 95
91 96
91 98
91 99
91 100
91 101
91 102
91 104
91 105
91 106
91 107
91 109
91 110
91 115
91 121
91 122
91 124
91 127
91 128
91 129
91 131
91 132
91 133
91 134
91 136
91 137
91 138
91 141
91 142
91 144
91 146
91 148
91 149
91 151
91 152
91 153
91 154
91 158
91 163
91 164
91 165
91 168
91 170
91 171
91 176
91 177
91 178
91 180
91 181
91 182
91 186
91 188
91 190
91 191
91 194
91 196
91 198
92 93
92 95
92 99
92 100
92 102
92 103
92 104
92 105
92 107
92 108
92 109
92 110
92 111
92 115
92 116
92 117
92 118
92 119
92 121
92 122
92 123
92 124
92 126
92 128
92 129
92 131
92 132
92 134
92 136
92 137
92 139
92 140
92 141
92 144
92 146
92 147
92 148
92 150
92 153
92 154
92 155
92 156
92 158
92 159
92 160
92 161
92 162
92 163
92 164
92 165
92 166
92 167
92 168
92 169
92 171
92 172
92 174
92 175
92 177
92 181
92 182
92 183
92 184
92 186
92 189
92 191
92 192
92 196
92 197
92 198
92 199
93 94
93 95
93 97
93 99
93 100
93 106
93 107
93 108
93 111
93 112
93 115
93 118
93 119
93 122
93 123
93 125
93 126
93 127
93 129
93 130
93 131
93 132
93 133
93 134
93 135
93 136
93 137
93 138
93 139
93 140
93 142
93 143
93 146
93 154
93 155
93 156
93 158
93 159
93 160
93 161
93 164
93 167
93 169
93 172
93 174
93 175
93 176
93 178
93 179
93 181
93 182
93 184
93 186
93 188
93 189
93 190
93 193
93 195
93 196
93 198
93 199
94 98
94 101
94 104
94 105
94 109
94 111
94 113
94 118
94 119
94 120
94 121
94 123
94 124
94 125
94 127
94 128
94 129
94 131
94 134
94 135
94 136
94 138
94 139
94 141
94 145
94 146
94 148
94 150
94 151
94 153
94 154
94 155
94 156
94 157
94 158
94 161
94 162
94 163
94 165
94 167
94 168
94 170
94 171
94 172
94 173
94 174
94 175
94 178
94 179
94 180
94 182
94 183
94 185
94 187
94 188
94 189
94 191
94 193
94 194
94 195
94 197
94 198
95 98
95 99
95 102
95 103
95 106
95 108
95 109
95 110
95 111
95 113
95 114
95 115
95 116
95 117
95 118
95 119
95 123
95 124
95 125
95 126
95 128
95 130
95 132
95 133
95 135
95 136
95 137
95 138
95 141
95 142
95 143
95 144
95 145
95 146
95 147
95 148
95 149
95 150
95 151
95 152
95 154
95 156
95 157
95 160
95 161
95 163
95 165
95 169
95 171
95 172
95 173
95 174
95 175
95 176
95 177
95 179
95 181
95 182
95 183
95 187
95 188
95 189
95 190
95 192
95 194
95 195
95 197
95 198
95 199
96 97
96 98
96 100
96 104
96 105
96 106
96 107
96 108
96 109
96 110
96 113
96 114
96 116
96 117
96 118
96 124
96 125
96 127
96 128
96 129
96 130
96 131
96 132
96 134
96 135
96 136
96 141
96 142
96 144
96 145
96 146
96 150
96 152
96 153
96 155
96 157
96 158
96 161
96 162
96 166
96 167
96 168
96 170
96 172
96 173
96 175
96 177
96 179
96 182
96 185
96 186
96 191
96 195
96 196
96 197
97 98
97 99
97 100
97 101
97 102
97 103
97 106
97 110
97 112
97 114
97 119
97 120
97 121
97 126
97 127
97 128
97 130
97 131
97 132
97 134
97 136
97 137
97 139
97 140
97 141
97 143
97 144
97 145
97 147
97 148
97 149
97 151
97 153
97 154
97 156
97 157
97 159
97 161
97 163
97 164
97 165
97 166
97 167
97 170
97 175
97 180
97 181
97 183
97 189
97 190
97 192
97 194
97 196
97 199
98 100
98 102
98 103
98 105
98 108
98 109
98 110
98 111
98 112
98 113
98 114
98 115
98 117
98 119
98 121
98 124
98 125
98 126
98 128
98 129
98 130
98 131
98 132
98 133
98 136
98 137
98 139
98 140
98 142
98 143
98 146
98 147
98 150
98 152
98 156
98 157
98 158
98 161
98 163
98 166
98 169
98 171
98 172
98 178
98 179
98 184
98 185
98 186
98 187
98 188
98 191
98 192
98 193
98 195
98 196
98 198
98 199
99 100
99 102
99 104
99 109
99 110
99 116
99 118
99 119
99 121
99 122
99 123
99 124
99 125
99 126
99 127
99 128
99 129
99 130
99 133
99 135
99 136
99 137
99 139
99 141
99 143
99 144
99 146
99 147
99 148
99 149
99 150
99 151
99 152
99 153
99 154
99 155
99 156
99 157
99 159
99 160
99 161
99 164
99 165
99 168
99 171
99 174
99 181
99 182
99 184
99 189
99 191
99 192
99 193
99 195
99 196
99 197
99 198
100 101
100 102
100 104
100 105
100 106
100 107
100 110
100 111
100 112
100 114
100 115
100 116
100 117
100 118
100 120
100 122
100 125
100 127
100 128
100 129
100 130
100 131
100 132
100 134
100 135
100 136
100 137
100 138
100 139
100 140
100 141
100 145
100 148
100 151
100 157
100 158
100 160
100 161
100 162
100 164
100 165
100 166
100 168
100 169
100 170
100 173
100 175
100 177
100 178
100 180
100 181
100 182
100 183
100 187
100 189
100 190
100 191
100 192
100 194
100 197
100 199
101 102
101 104
101 105
101 106
101 107
101 108
101 110
101 111
101 113
101 114
101 115
101 116
101 117
101 118
101 120
101 121
101 122
101 123
101 124
101 125
101 128
101 129
101 130
101 132
101 135
101 136
101 138
101 139
101 140
101 142
101 145
101 146
101 147
101 148
101 151
101 153
101 155
101 156
101 159
101 160
101 161
101 162
101 165
101 166
101 167
101 169
101 171
101 172
101 174
101 176
101 178
101 180
101 181
101 182
101 185
101 186
101 187
101 188
101 192
101 193
101 195
101 196
101 197
101 198
102 103
102 104
102 105
102 106
102 107
102 108
102 109
102 110
102 111
102 112
102 113
102 114
102 115
102 116
102 120
102 121
102 123
102 125
102 126
102 128
102 130
102 131
102 133
102 134
102 136
102 137
102 138
102 141
102 142
102 145
102 148
102 149
102 151
102 152
102 154
102 155
102 156
102 157
102 158
102 159
102 160
102 161
102 162
102 163
102 166
102 167
102 168
102 169
102 171
102 172
102 173
102 174
102 175
102 176
102 178
102 180
102 181
102 182
102 184
102 185
102 187
102 189
102 190
102 193
102 194
102 195
102 197
102 198
103 104
103 105
103 106
103 107
103 108
103 112
103 113
103 115
103 119
103 120
103 122
103 124
103 125
103 126
103 131
103 132
103 133
103 134
103 135
103 136
103 137
103 138
103 141
103 142
103 143
103 145
103 147
103 149
103 150
103 152
103 153
103 154
103 156
103 157
103 160
103 161
103 163
103 164
103 170
103 171
103 172
103 174
103 176
103 177
103 178
103 180
103 181
103 183
103 186
103 188
103 189
103 190
103 191
103 193
103 195
103 196
103 197
103 198
103 199
104 107
104 108
104 112
104 113
104 116
104 117
104 118
104 120
104 121
104 122
104 124
104 125
104 127
104 128
104 129
104 130
104 132
104 133
104 134
104 137
104 139
104 141
104 142
104 143
104 145
104 146
104 147
104 148
104 149
104 151
104 154
104 155
104 156
104 157
104 159
104 161
104 162
104 163
104 166
104 169
104 171
104 173
104 174
104 175
104 176
104 177
104 178
104 179
104 180
104 181
104 182
104 184
104 185
104 186
104 187
104 188
104 190
104 191
104 192
104 194
104 195
104 198
105 107
105 108
105 109
105 110
105 111
105 112
105 113
105 115
105 117
105 120
105 123
105 124
105 125
105 126
105 127
105 129
105 130
105 131
105 132
105 134
105 135
105 137
105 139
105 141
105 142
105 143
105 144
105 146
105 147
105 148
105 151
105 152
105 153
105 154
105 156
105 160
105 161
105 163
105 164
105 167
105 168
105 169
105 172
105 174
105 178
105 179
105 180
105 183
105 184
105 185
105 186
105 187
105 189
105 190
105 191
105 192
105 194
105 198
105 199
106 107
106 109
106 111
106 112
106 113
106 114
106 118
106 120
106 122
106 123
106 124
106 126
106 127
106 130
106 133
106 134
106 136
106 137
106 138
106 139
106 140
106 141
106 142
106 143
106 144
106 145
106 146
106 148
106 149
106 155
106 156
106 158
106 159
106 162
106 163
106 168
106 170
106 176
106 177
106 178
106 183
106 184
106 185
106 186
106 187
106 189
106 194
106 196
106 197
106 198
106 199
107 110
107 112
107 113
107 114
107 116
107 117
107 119
107 121
107 123
107 124
107 125
107 126
107 128
107 131
107 132
107 133
107 134
107 137
107 138
107 143
107 144
107 146
107 148
107 151
107 153
107 154
107 157
107 160
107 163
107 165
107 167
107 168
107 170
107 171
107 174
107 176
107 177
107 178
107 179
107 182
107 183
107 184
107 190
107 191
107 192
107 193
107 195
107 198
107 199
108 113
108 114
108 117
108 118
108 119
108 120
108 122
108 123
108 125
108 127
108 128
108 132
108 133
108 134
108 135
108 136
108 137
108 138
108 140
108 141
108 142
108 143
108 146
108 147
108 149
108 150
108 155
108 156
108 157
108 160
108 162
108 165
108 166
108 167
108 169
108 171
108 173
108 177
108 178
108 179
108 180
108 182
108 183
108 185
108 187
108 189
108 191
108 194
108 195
108 196
108 197
108 198
108 199
109 111
109 115
109 116
109 117
109 119
109 123
109 124
109 125
109 126
109 128
109 130
109 132
109 135
109 137
109 141
109 143
109 145
109 147
109 148
109 149
109 153
109 154
109 155
109 157
109 159
109 160
109 162
109 165
109 167
109 168
109 169
109 170
109 171
109 172
109 173
109 174
109 175
109 176
109 178
109 181
109 184
109 186
109 194
109 198
109 199
110 111
110 115
110 117
110 120
110 122
110 123
110 124
110 126
110 127
110 128
110 132
110 133
110 134
110 135
110 136
110 137
110 138
110 144
110 146
110 148
110 152
110 153
110 154
110 155
110 156
110 157
110 159
110 161
110 162
110 164
110 165
110 166
110 167
110 168
110 170
110 171
110 172
110 173
110 179
110 182
110 184
110 188
110 189
110 191
110 192
110 195
110 196
110 197
110 198
111 113
111 116
111 117
111 119
111 124
111 125
111 127
111 128
111 130
111 131
111 134
111 137
111 138
111 139
111 141
111 142
111 143
111 146
111 147
111 148
111 153
111 154
111 156
111 157
111 158
111 159
111 160
111 161
111 163
111 165
111 166
111 167
111 169
111 172
111 173
111 177
111 179
111 180
111 183
111 184
111 185
111 186
111 188
111 189
111 191
111 192
111 193
111 195
111 196
112 113
112 114
112 115
112 116
112 117
112 123
112 125
112 126
112 127
112 128
112 129
112 130
112 132
112 133
112 134
112 138
112 139
112 140
112 141
112 145
112 146
112 149
112 150
112 153
112 155
112 157
112 160
112 161
112 162
112 164
112 165
112 168
112 169
112 172
112 174
112 175
112 176
112 178
112 179
112 182
112 184
112 186
112 188
112 189
112 190
112 191
112 194
112 195
112 197
112 198
112 199
113 114
113 115
113 116
113 117
113 118
113 120
113 121
113 123
113 124
113 126
113 128
113 129
113 130
113 131
113 133
113 134
113 135
113 137
113 138
113 140
113 142
113 143
113 144
113 146
113 147
113 148
113 149
113 150
113 151
113 155
113 157
113 161
113 162
113 163
113 166
113 167
113 168
113 171
113 172
113 178
113 180
113 181
113 183
113 185
113 187
113 188
113 189
113 190
113 191
113 192
113 193
113 194
113 196
113 197
113 198
113 199
114 115
114 120
114 121
114 122
114 124
114 125
114 126
114 127
114 128
114 129
114 130
114 131
114 132
114 133
114 134
114 136
114 137
114 140
114 144
114 146
114 148
114 149
114 151
114 152
114 154
114 156
114 157
114 159
114 160
114 161
114 163
114 165
114 166
114 167
114 168
114 169
114 170
114 174
114 175
114 177
114 179
114 180
114 181
114 182
114 184
114 185
114 186
114 189
114 190
114 193
114 194
114 195
114 198
115 117
115 118
115 119
115 120
115 122
115 125
115 128
115 129
115 130
115 131
115 133
115 136
115 139
115 140
115 142
115 143
115 145
115 146
115 148
115 149
115 150
115 153
115 154
115 155
115 159
115 160
115 161
115 162
115 165
115 166
115 167
115 168
115 169
115 170
115 171
115 172
115 173
115 174
115 175
115 178
115 179
115 180
115 183
115 184
115 186
115 188
115 192
115 193
116 117
116 118
116 119
116 121
116 124
116 128
116 129
116 132
116 133
116 135
116 137
116 145
116 147
116 149
116 150
116 151
116 152
116 153
116 155
116 156
116 158
116 161
116 162
116 163
116 165
116 166
116 168
116 170
116 172
116 173
116 174
116 175
116 177
116 178
116 179
116 180
116 181
116 182
116 184
116 185
116 188
116 190
116 191
116 192
116 193
116 194
116 195
116 196
116 198
117 119
117 120
117 121
117 123
117 124
117 127
117 129
117 130
117 131
117 132
117 133
117 136
117 140
117 141
117 142
117 144
117 145
117 147
117 148
117 150
117 151
117 154
117 159
117 160
117 161
117 163
117 164
117 166
117 168
117 170
117 171
117 175
117 177
117 179
117 180
117 182
117 185
117 186
117 188
117 189
117 191
117 192
117 193
117 194
117 195
117 196
117 198
118 119
118 121
118 122
118 125
118 128
118 129
118 130
118 132
118 133
118 134
118 135
118 138
118 139
118 141
118 142
118 144
118 146
118 147
118 148
118 149
118 153
118 155
118 156
118 157
118 159
118 160
118 161
118 162
118 163
118 165
118 166
118 167
118 168
118 169
118 170
118 171
118 173
118 174
118 177
118 179
118 180
118 181
118 183
118 184
118 186
118 189
118 190
118 191
118 192
118 193
118 194
118 195
118 197
118 198
118 199
119 121
119 122
119 129
119 130
119 131
119 132
119 134
119 135
119 136
119 137
119 139
119 141
119 142
119 143
119 145
119 146
119 147
119 148
119 149
119 151
119 152
119 153
119 154
119 159
119 160
119 161
119 162
119 165
119 167
119 169
119 170
119 171
119 172
119 173
119 175
119 178
119 180
119 181
119 182
119 183
119 185
119 188
119 190
119 192
119 193
119 194
119 195
119 196
119 197
119 198
119 199
120 121
120 123
120 127
120 129
120 130
120 131
120 132
120 133
120 134
120 136
120 137
120 138
120 139
120 140
120 141
120 142
120 143
120 144
120 146
120 148
120 149
120 152
120 153
120 155
120 156
120 161
120 162
120 163
120 164
120 165
120 171
120 174
120 178
120 180
120 183
120 184
120 185
120 186
120 187
120 189
120 191
120 192
120 193
120 195
120 197
120 198
121 122
121 124
121 125
121 126
121 127
121 129
121 133
121 134
121 136
121 137
121 141
121 144
121 145
121 146
121 148
121 149
121 150
121 152
121 154
121 156
121 157
121 158
121 160
121 162
121 164
121 166
121 167
121 168
121 170
121 172
121 173
121 174
121 175
121 177
121 179
121 180
121 181
121 182
121 188
121 189
121 190
121 192
121 193
121 195
121 197
121 199
122 124
122 126
122 127
122 128
122 131
122 133
122 134
122 135
122 139
122 140
122 141
122 143
122 144
122 145
122 146
122 147
122 149
122 151
122 152
122 154
122 156
122 158
122 160
122 161
122 162
122 163
122 166
122 167
122 169
122 170
122 171
122 172
122 174
122 175
122 176
122 177
122 178
122 179
122 182
122 184
122 185
122 188
122 190
122 192
122 193
122 194
122 195
123 125
123 126
123 127
123 137
123 139
123 142
123 143
123 147
123 149
123 151
123 157
123 158
123 164
123 165
123 166
123 168
123 169
123 170
123 172
123 173
123 174
123 175
123 176
123 177
123 179
123 181
123 185
123 188
123 189
123 190
123 193
123 194
123 195
123 196
123 197
123 198
124 126
124 127
124 128
124 129
124 130
124 131
124 132
124 135
124 136
124 137
124 139
124 140
124 141
124 143
124 144
124 145
124 146
124 147
124 148
124 149
124 150
124 154
124 161
124 162
124 163
124 165
124 167
124 171
124 172
124 173
124 174
124 175
124 176
124 177
124 179
124 182
124 183
124 186
124 187
124 189
124 190
124 192
124 194
124 196
124 197
124 198
124 199
125 127
125 129
125 132
125 134
125 136
125 137
125 138
125 139
125 141
125 143
125 144
125 145
125 146
125 147
125 149
125 151
125 152
125 156
125 158
125 159
125 160
125 162
125 163
125 165
125 166
125 167
125 169
125 174
125 175
125 176
125 177
125 178
125 180
125 181
125 184
125 185
125 187
125 188
125 191
125 192
125 193
125 197
125 198
126 128
126 129
126 130
126 131
126 132
126 134
126 137
126 138
126 139
126 140
126 141
126 143
126 144
126 145
126 148
126 149
126 150
126 153
126 157
126 160
126 161
126 162
126 163
126 164
126 165
126 166
126 167
126 168
126 170
126 173
126 174
126 175
126 176
126 177
126 179
126 183
126 184
126 186
126 187
126 189
126 190
126 191
126 192
126 193
126 199
127 130
127 132
127 133
127 134
127 135
127 137
127 138
127 141
127 142
127 144
127 145
127 148
127 150
127 153
127 155
127 156
127 157
127 160
127 163
127 164
127 165
127 167
127 168
127 169
127 171
127 173
127 177
127 178
127 181
127 187
127 191
127 193
127 194
127 195
127 199
128 130
128 132
128 133
128 137
128 138
128 139
128 140
128 142
128 143
128 144
128 145
128 149
128 150
128 152
128 154
128 155
128 157
128 159
128 160
128 161
128 163
128 165
128 166
128 167
128 168
128 170
128 171
128 172
128 177
128 178
128 179
128 180
128 182
128 185
128 186
128 189
128 191
128 193
128 195
128 196
128 199
129 130
129 131
129 132
129 134
129 136
129 139
129 140
129 142
129 143
129 144
129 147
129 148
129 149
129 150
129 151
129 153
129 155
129 156
129 161
129 163
129 165
129 167
129 168
129 169
129 172
129 173
129 174
129 176
129 180
129 182
129 183
129 184
129 185
129 188
129 190
129 193
129 194
129 195
129 196
129 197
129 198
129 199
130 131
130 133
130 134
130 135
130 136
130 138
130 140
130 141
130 143
130 144
130 145
130 146
130 147
130 148
130 149
130 150
130 151
130 153
130 154
130 155
130 156
130 157
130 161
130 162
130 163
130 164
130 165
130 166
130 168
130 173
130 175
130 176
130 179
130 180
130 186
130 187
130 188
130 189
130 190
130 191
130 193
130 194
130 195
130 197
131 132
131 134
131 135
131 137
131 138
131 139
131 140
131 143
131 146
131 147
131 149
131 152
131 153
131 155
131 156
131 157
131 160
131 163
131 165
131 166
131 167
131 169
131 170
131 172
131 173
131 175
131 177
131 178
131 179
131 180
131 182
131 183
131 184
131 187
131 190
131 191
131 193
131 194
131 195
131 196
131 198
131 199
132 133
132 134
132 135
132 137
132 140
132 141
132 143
132 144
132 147
132 150
132 153
132 154
132 156
132 160
132 161
132 163
132 164
132 165
132 166
132 167
132 168
132 169
132 170
132 171
132 172
132 175
132 178
132 179
132 185
132 186
132 187
132 189
132 191
132 193
132 194
132 195
132 196
132 197
132 198
133 134
133 135
133 136
133 138
133 141
133 142
133 144
133 146
133 149
133 150
133 151
133 152
133 154
133 156
133 157
133 158
133 159
133 161
133 165
133 166
133 168
133 169
133 171
133 173
133 174
133 175
133 180
133 181
133 182
133 183
133 186
133 187
133 189
133 190
133 191
133 192
133 194
133 196
133 198
133 199
134 136
134 138
134 142
134 143
134 144
134 146
134 148
134 152
134 155
134 157
134 158
134 161
134 162
134 164
134 165
134 167
134 168
134 170
134 171
134 172
134 173
134 175
134 176
134 177
134 178
134 179
134 180
134 181
134 183
134 184
134 185
134 186
134 188
134 190
134 191
134 194
134 195
134 196
135 136
135 138
135 139
135 140
135 141
135 142
135 146
135 147
135 148
135 151
135 155
135 156
135 159
135 162
135 163
135 165
135 166
135 167
135 168
135 169
135 172
135 173
135 174
135 176
135 177
135 178
135 180
135 182
135 183
135 185
135 186
135 187
135 188
135 189
135 191
135 192
135 194
135 196
135 199
136 137
136 138
136 140
136 142
136 143
136 144
136 146
136 147
136 148
136 149
136 150
136 151
136 153
136 156
136 157
136 159
136 160
136 161
136 163
136 164
136 165
136 166
136 167
136 169
136 171
136 172
136 174
136 175
136 176
136 177
136 178
136 179
136 180
136 181
136 182
136 183
136 184
136 186
136 187
136 189
136 190
136 191
136 192
136 195
136 197
136 199
137 138
137 139
137 140
137 141
137 142
137 143
137 144
137 145
137 146
137 151
137 153
137 154
137 156
137 157
137 158
137 160
137 162
137 163
137 164
137 165
137 166
137 167
137 168
137 169
137 170
137 171
137 172
137 173
137 175
137 177
137 178
137 179
137 183
137 184
137 185
137 187
137 188
137 189
137 191
137 196
137 198
138 140
138 141
138 142
138 143
138 145
138 147
138 149
138 151
138 153
138 154
138 156
138 158
138 159
138 160
138 161
138 163
138 164
138 167
138 168
138 169
138 171
138 174
138 175
138 177
138 178
138 181
138 182
138 183
138 184
138 187
138 188
138 191
138 193
138 194
138 195
138 198
139 140
139 142
139 144
139 145
139 146
139 148
139 149
139 151
139 153
139 154
139 155
139 157
139 158
139 159
139 160
139 161
139 162
139 163
139 164
139 165
139 166
139 168
139 172
139 173
139 174
139 175
139 176
139 177
139 178
139 179
139 182
139 184
139 187
139 188
139 189
139 190
139 191
139 193
139 194
139 195
140 141
140 142
140 145
140 147
140 148
140 149
140 150
140 151
140 152
140 153
140 154
140 155
140 156
140 159
140 165
140 168
140 170
140 171
140 172
140 173
140 174
140 175
140 177
140 178
140 179
140 180
140 181
140 182
140 183
140 185
140 187
140 188
140 189
140 190
140 193
140 195
140 196
140 198
140 199
141 142
141 143
141 144
141 146
141 150
141 151
141 152
141 154
141 157
141 158
141 159
141 161
141 162
141 163
141 166
141 167
141 169
141 170
141 171
141 172
141 178
141 181
141 182
141 183
141 184
141 185
141 187
141 188
141 189
141 190
141 191
141 192
141 193
141 195
141 196
141 198
141 199
142 143
142 144
142 145
142 146
142 147
142 148
142 152
142 155
142 157
142 158
142 159
142 160
142 162
142 163
142 164
142 169
142 170
142 171
142 172
142 173
142 174
142 175
142 176
142 177
142 178
142 181
142 182
142 183
142 186
142 187
142 189
142 190
142 191
142 192
142 193
142 194
142 196
142 199
143 144
143 145
143 146
143 150
143 151
143 152
143 153
143 155
143 156
143 157
143 158
143 159
143 161
143 162
143 165
143 166
143 167
143 168
143 169
143 172
143 173
143 174
143 176
143 177
143 178
143 181
143 182
143 184
143 185
143 186
143 187
143 189
143 190
143 191
143 194
143 195
143 196
143 197
143 198
144 145
144 146
144 147
144 148
144 149
144 151
144 152
144 153
144 154
144 155
144 156
144 158
144 161
144 162
144 163
144 164
144 165
144 167
144 168
144 169
144 170
144 171
144 172
144 174
144 176
144 178
144 179
144 180
144 181
144 183
144 184
144 185
144 186
144 187
144 188
144 190
144 191
144 193
144 194
144 195
144 196
144 197
145 146
145 148
145 149
145 150
145 151
145 153
145 156
145 157
145 160
145 162
145 164
145 165
145 166
145 167
145 168
145 172
145 176
145 177
145 178
145 179
145 182
145 183
145 184
145 185
145 187
145 188
145 189
145 190
145 193
145 195
145 196
145 199
146 149
146 150
146 151
146 152
146 155
146 156
146 161
146 162
146 163
146 165
146 167
146 169
146 171
146 172
146 174
146 176
146 179
146 182
146 183
146 185
146 186
146 187
146 191
146 193
146 195
146 197
146 198
146 199
147 149
147 150
147 156
147 157
147 162
147 166
147 169
147 170
147 174
147 175
147 176
147 178
147 179
147 180
147 181
147 183
147 184
147 185
147 186
147 188
147 189
147 190
147 192
147 193
147 195
147 196
147 198
147 199
148 149
148 151
148 154
148 159
148 160
148 161
148 162
148 163
148 164
148 167
148 169
148 171
148 172
148 174
148 176
148 177
148 178
148 179
148 181
148 186
148 189
148 190
148 191
148 192
148 193
148 194
148 195
148 197
148 198
148 199
149 151
149 155
149 156
149 158
149 161
149 162
149 163
149 164
149 165
149 167
149 169
149 170
149 171
149 172
149 173
149 174
149 175
149 177
149 180
149 183
149 184
149 185
149 186
149 189
149 190
149 191
149 192
149 194
149 195
149 197
149 198
149 199
150 151
150 152
150 153
150 154
150 155
150 159
150 160
150 161
150 162
150 163
150 165
150 167
150 172
150 173
150 174
150 175
150 178
150 179
150 180
150 181
150 186
150 188
150 189
150 190
150 192
150 194
150 195
150 196
150 198
150 199
151 152
151 153
151 156
151 157
151 159
151 160
151 162
151 163
151 164
151 165
151 167
151 172
151 173
151 176
151 180
151 181
151 182
151 183
151 184
151 185
151 186
151 188
151 189
151 191
151 192
151 193
151 195
151 197
151 198
152 155
152 157
152 158
152 160
152 161
152 162
152 166
152 167
152 168
152 169
152 170
152 175
152 176
152 180
152 182
152 184
152 186
152 187
152 188
152 190
152 192
152 193
152 194
152 195
152 197
152 199
153 154
153 156
153 157
153 159
153 160
153 161
153 164
153 166
153 167
153 168
153 169
153 170
153 172
153 173
153 174
153 176
153 177
153 178
153 180
153 181
153 183
153 185
153 188
153 189
153 190
153 191
153 194
153 196
153 197
153 198
154 158
154 160
154 161
154 162
154 165
154 166
154 167
154 171
154 172
154 173
154 176
154 177
154 178
154 181
154 183
154 184
154 185
154 186
154 187
154 188
154 189
154 190
154 191
154 195
154 197
154 198
155 156
155 158
155 160
155 162
155 163
155 164
155 165
155 167
155 169
155 170
155 171
155 174
155 175
155 176
155 177
155 178
155 179
155 180
155 181
155 182
155 184
155 185
155 186
155 190
155 191
155 192
155 193
155 196
155 198
156 157
156 158
156 167
156 172
156 173
156 175
156 176
156 177
156 178
156 179
156 181
156 182
156 183
156 186
156 187
156 190
156 191
156 192
156 194
156 195
156 196
156 197
156 199
157 158
157 162
157 163
157 166
157 167
157 170
157 176
157 180
157 182
157 185
157 186
157 188
157 189
157 191
157 192
157 194
157 195
157 196
157 198
157 199
158 159
158 160
158 162
158 164
158 166
158 168
158 169
158 170
158 171
158 173
158 180
158 182
158 183
158 184
158 186
158 187
158 190
158 191
158 193
158 195
158 196
158 197
159 161
159 162
159 163
159 165
159 166
159 169
159 170
159 171
159 172
159 173
159 175
159 178
159 179
159 180
159 181
159 182
159 184
159 185
159 186
159 189
159 190
159 192
159 196
159 197
160 161
160 162
160 163
160 164
160 166
160 169
160 170
160 171
160 173
160 177
160 178
160 179
160 180
160 181
160 182
160 183
160 184
160 186
160 188
160 189
160 190
160 191
160 192
160 194
160 195
160 196
160 197
160 198
160 199
161 162
161 163
161 165
161 167
161 168
161 169
161 170
161 171
161 172
161 173
161 175
161 176
161 177
161 179
161 180
161 181
161 183
161 185
161 186
161 187
161 190
161 191
161 194
161 198
161 199
162 163
162 164
162 165
162 166
162 167
162 170
162 173
162 178
162 180
162 184
162 186
162 187
162 189
162 193
162 194
162 195
162 198
162 199
163 164
163 165
163 166
163 167
163 168
163 169
163 176
163 178
163 180
163 184
163 185
163 186
163 190
163 191
163 193
163 195
163 196
163 197
163 198
163 199
164 166
164 167
164 168
164 169
164 173
164 175
164 177
164 178
164 179
164 180
164 181
164 185
164 186
164 189
164 190
164 195
164 197
165 167
165 168
165 169
165 171
165 173
165 174
165 175
165 176
165 177
165 179
165 183
165 184
165 190
165 191
165 192
165 193
165 194
165 197
165 198
166 167
166 170
166 171
166 172
166 174
166 175
166 176
166 179
166 180
166 181
166 182
166 185
166 189
166 190
166 192
166 193
166 194
166 195
166 197
166 198
166 199
167 169
167 170
167 172
167 173
167 175
167 177
167 181
167 183
167 184
167 185
167 186
167 188
167 189
167 190
167 191
167 195
167 196
167 198
168 169
168 170
168 172
168 177
168 180
168 183
168 184
168 185
168 187
168 188
168 189
168 193
168 194
168 195
169 170
169 171
169 175
169 176
169 178
169 181
169 182
169 183
169 184
169 188
169 189
169 192
169 193
169 194
169 196
169 197
169 198
170 172
170 176
170 177
170 179
170 181
170 184
170 186
170 188
170 189
170 191
170 193
170 196
170 197
170 198
170 199
171 174
171 176
171 177
171 178
171 179
171 180
171 181
171 182
171 183
171 185
171 186
171 190
171 191
171 192
171 193
171 194
172 173
172 174
172 176
172 177
172 178
172 179
172 180
172 183
172 184
172 186
172 189
172 190
172 192
172 194
172 196
172 197
172 198
173 176
173 177
173 178
173 183
173 184
173 186
173 187
173 188
173 189
173 190
173 193
173 196
173 198
173 199
174 175
174 176
174 178
174 181
174 182
174 183
174 187
174 190
174 191
174 192
174 196
174 197
174 198
174 199
175 177
175 180
175 181
175 182
175 183
175 186
175 187
175 188
175 190
175 191
175 194
175 195
175 196
175 197
175 198
176 177
176 178
176 179
176 180
176 181
176 183
176 184
176 186
176 190
176 192
176 193
176 194
176 195
176 196
177 180
177 182
177 183
177 185
177 187
177 190
177 192
177 196
177 197
177 199
178 179
178 180
178 181
178 184
178 185
178 187
178 188
178 189
178 190
178 192
178 193
178 195
178 199
179 180
179 181
179 183
179 184
179 186
179 187
179 188
179 189
179 190
179 192
179 193
179 194
179 196
179 197
179 198
179 199
180 182
180 183
180 188
180 189
180 190
180 191
180 192
180 194
180 195
180 196
180 197
181 182
181 183
181 184
181 185
181 186
181 187
181 189
181 191
181 192
181 194
181 197
181 198
181 199
182 184
182 186
182 187
182 189
182 191
182 192
182 194
182 199
183 184
183 185
183 186
183 187
183 188
183 191
183 193
183 196
183 197
183 199
184 185
184 186
184 188
184 190
184 191
184 195
184 196
184 197
184 198
185 186
185 187
185 191
185 192
185 193
185 194
185 195
185 197
185 199
186 190
186 192
186 194
186 195
186 196
187 188
187 189
187 191
187 192
187 193
187 194
187 197
187 199
188 190
188 191
188 195
188 196
188 197
188 198
188 199
189 192
189 193
189 194
189 195
189 199
190 191
190 193
190 194
190 195
190 197
190 198
191 192
191 193
191 194
191 195
191 196
191 197
191 198
191 199
192 193
192 194
192 196
192 197
192 198
192 199
193 194
193 196
193 197
193 198
193 199
194 197
195 197
195 198
195 199
197 198
198 199
194 113 159 58 27 69 56 77 174 15 8 158 6 172 132 76 191 39 57 10 147 182 68 44 164 53 183 190 48 122
23 21 165 85 98 67 73 129 173 179 123 22 90 32 137 1 46 124 199 51 171 7 131 41 52 144 97 104 149 155
107 197 138 29 38 63 87 84 146 72 74 4 198 13 64 161 31 78 5 133 26 49 128 103 91 170 70 37 55 43
118 120 35 143 126 139 42 130 50 3 20 60 18 16 117 108 83 66 157 95 115 135 54 153 160 33 168 86 136 14
186 100 11 59 141 92 154 175 176 34 17 119 110 181 134 105 196 151 62 167 189 19 71 142 163 187 88 156 148 125
9 40 188 93 177 111 150 169 28 61 185 152 80 106 79 184 75 192 81 195 166 89 2 47 193 114 94 45 65 30
96 162 25 109 24 178 140 99 127 12 82 102 101 121 36 112 180 0 145 116
