200
6045
7
75.61
80.3
85.45
18.14
41.71
66.74
2.16
0 7
0 9
0 13
0 15
0 16
0 18
0 19
0 21
0 22
0 25
0 28
0 29
0 32
0 33
0 37
0 40
0 45
0 50
0 52
0 57
0 60
0 64
0 66
0 68
0 81
0 90
0 98
0 100
0 103
0 107
0 109
0 111
0 112
0 118
0 121
0 122
0 123
0 124
0 144
0 147
0 149
0 150
0 154
0 160
0 161
0 165
0 175
0 181
0 183
0 189
0 190
0 192
0 193
0 195
0 197
0 198
0 199
1 6
1 10
1 19
1 26
1 29
1 42
1 48
1 49
1 50
1 58
1 64
1 66
1 70
1 71
1 79
1 84
1 85
1 87
1 91
1 92
1 93
1 95
1 97
1 103
1 104
1 106
1 108
1 113
1 117
1 118
1 122
1 124
1 126
1 133
1 134
1 143
1 147
1 153
1 157
1 165
1 168
1 175
1 180
1 183
1 185
1 186
1 188
1 190
1 192
1 193
1 195
1 198
2 24
2 29
2 30
2 32
2 37
2 40
2 47
2 50
2 51
2 52
2 53
2 54
2 57
2 60
2 62
2 64
2 66
2 67
2 75
2 76
2 77
2 84
2 85
2 91
2 99
2 103
2 109
2 113
2 114
2 115
2 118
2 122
2 129
2 130
2 131
2 133
2 138
2 143
2 145
2 148
2 150
2 151
2 152
2 157
2 160
2 163
2 164
2 167
2 168
2 173
2 181
2 188
2 189
2 190
2 193
2 194
2 195
2 196
3 9
3 17
3 18
3 30
3 32
3 40
3 42
3 43
3 45
3 47
3 55
3 69
3 78
3 79
3 80
3 85
3 86
3 89
3 90
3 93
3 102
3 110
3 113
3 116
3 120
3 121
3 126
3 129
3 131
3 135
3 136
3 137
3 140
3 141
3 152
3 161
3 168
3 174
3 177
3 187
3 188
3 190
3 195
3 198
3 199
4 11
4 15
4 26
4 29
4 32
4 40
4 48
4 49
4 50
4 51
4 68
4 69
4 71
4 75
4 76
4 78
4 79
4 84
4 90
4 91
4 94
4 96
4 98
4 109
4 111
4 114
4 116
4 118
4 121
4 126
4 127
4 129
4 130
4 131
4 133
4 139
4 145
4 146
4 148
4 151
4 154
4 165
4 168
4 170
4 172
4 174
4 182
4 185
4 186
4 189
4 190
4 194
4 195
4 196
4 197
4 199
5 7
5 11
5 13
5 16
5 17
5 19
5 23
5 25
5 26
5 28
5 29
5 31
5 32
5 35
5 38
5 40
5 43
5 49
5 51
5 55
5 59
5 60
5 77
5 79
5 81
5 87
5 90
5 94
5 96
5 97
5 98
5 99
5 103
5 107
5 108
5 113
5 117
5 121
5 122
5 134
5 138
5 141
5 146
5 147
5 151
5 154
5 155
5 162
5 164
5 167
5 168
5 170
5 176
5 186
5 189
5 192
5 194
5 196
5 199
6 11
6 12
6 13
6 19
6 22
6 29
6 30
6 33
6 35
6 39
6 45
6 48
6 50
6 58
6 59
6 62
6 63
6 73
6 75
6 77
6 78
6 80
6 91
6 98
6 100
6 104
6 107
6 113
6 116
6 119
6 129
6 130
6 131
6 134
6 137
6 142
6 143
6 145
6 146
6 148
6 153
6 164
6 165
6 174
6 176
6 177
6 188
6 190
6 191
6 197
7 11
7 17
7 21
7 23
7 26
7 31
7 38
7 41
7 42
7 45
7 47
7 49
7 51
7 56
7 59
7 61
7 64
7 70
7 73
7 74
7 84
7 87
7 89
7 90
7 93
7 95
7 96
7 100
7 101
7 102
7 105
7 111
7 112
7 114
7 117
7 122
7 123
7 125
7 131
7 133
7 136
7 155
7 156
7 160
7 170
7 171
7 173
7 174
7 180
7 182
7 184
7 188
7 189
7 194
7 196
7 198
8 9
8 10
8 17
8 27
8 30
8 31
8 32
8 35
8 39
8 43
8 48
8 52
8 54
8 55
8 56
8 57
8 60
8 61
8 63
8 64
8 66
8 67
8 68
8 71
8 72
8 74
8 77
8 79
8 80
8 81
8 84
8 85
8 89
8 93
8 96
8 97
8 99
8 102
8 104
8 105
8 106
8 121
8 123
8 126
8 132
8 135
8 138
8 142
8 145
8 148
8 150
8 153
8 154
8 157
8 164
8 168
8 173
8 174
8 177
8 183
8 184
8 186
8 187
8 189
8 190
8 191
8 192
8 193
8 195
8 196
8 199
9 15
9 16
9 19
9 20
9 22
9 27
9 28
9 32
9 36
9 41
9 51
9 56
9 59
9 67
9 68
9 70
9 74
9 76
9 82
9 83
9 89
9 90
9 91
9 98
9 99
9 102
9 108
9 112
9 123
9 126
9 128
9 130
9 133
9 140
9 153
9 162
9 168
9 170
9 177
9 178
9 180
9 181
9 187
9 188
9 192
9 193
9 197
9 199
10 11
10 13
10 15
10 21
10 22
10 29
10 32
10 33
10 34
10 36
10 38
10 40
10 41
10 48
10 49
10 51
10 53
10 55
10 56
10 59
10 62
10 64
10 69
10 74
10 76
10 81
10 86
10 87
10 89
10 90
10 91
10 93
10 94
10 97
10 100
10 102
10 111
10 113
10 114
10 115
10 129
10 131
10 139
10 140
10 148
10 149
10 153
10 155
10 156
10 159
10 161
10 162
10 163
10 165
10 167
10 168
10 171
10 173
10 176
10 177
10 184
10 192
10 194
10 197
11 14
11 15
11 17
11 18
11 28
11 31
11 33
11 34
11 35
11 37
11 39
11 45
11 53
11 54
11 59
11 62
11 67
11 72
11 73
11 75
11 77
11 79
11 81
11 85
11 86
11 95
11 97
11 98
11 100
11 110
11 113
11 115
11 117
11 119
11 120
11 127
11 130
11 134
11 137
11 140
11 142
11 144
11 148
11 151
11 156
11 157
11 158
11 159
11 166
11 168
11 169
11 174
11 180
11 183
11 184
11 185
11 193
11 195
11 198
12 14
12 15
12 17
12 18
12 20
12 22
12 23
12 24
12 30
12 32
12 33
12 34
12 40
12 42
12 43
12 48
12 53
12 54
12 55
12 56
12 57
12 65
12 66
12 67
12 71
12 72
12 74
12 78
12 79
12 82
12 84
12 92
12 93
12 100
12 101
12 105
12 108
12 109
12 111
12 116
12 123
12 124
12 127
12 128
12 130
12 131
12 134
12 135
12 136
12 138
12 139
12 149
12 152
12 154
12 156
12 157
12 159
12 160
12 163
12 166
12 167
12 171
12 172
12 181
12 182
12 186
12 189
12 191
12 195
13 18
13 20
13 21
13 22
13 26
13 28
13 29
13 30
13 41
13 46
13 47
13 49
13 52
13 53
13 54
13 57
13 61
13 62
13 65
13 68
13 72
13 74
13 75
13 78
13 81
13 86
13 87
13 91
13 93
13 99
13 100
13 102
13 112
13 117
13 121
13 123
13 125
13 128
13 129
13 130
13 132
13 133
13 138
13 149
13 151
13 153
13 155
13 156
13 160
13 162
13 166
13 170
13 173
13 179
13 182
13 186
13 187
13 189
13 191
13 192
13 193
13 197
13 198
13 199
14 15
14 19
14 20
14 22
14 25
14 26
14 29
14 32
14 34
14 49
14 51
14 52
14 56
14 69
14 73
14 74
14 80
14 86
14 88
14 89
14 90
14 99
14 102
14 104
14 106
14 109
14 115
14 121
14 127
14 131
14 132
14 133
14 138
14 141
14 143
14 144
14 147
14 148
14 152
14 156
14 160
14 161
14 166
14 171
14 174
14 175
14 176
14 178
14 179
14 184
14 185
14 187
14 189
14 190
14 192
14 194
15 24
15 25
15 26
15 29
15 31
15 36
15 37
15 40
15 44
15 47
15 49
15 52
15 53
15 59
15 60
15 64
15 66
15 67
15 68
15 71
15 72
15 74
15 75
15 79
15 80
15 81
15 82
15 83
15 84
15 85
15 88
15 94
15 97
15 101
15 103
15 105
15 106
15 110
15 111
15 124
15 129
15 132
15 134
15 135
15 136
15 137
15 141
15 146
15 147
15 152
15 154
15 157
15 158
15 168
15 171
15 177
15 179
15 181
15 186
15 189
15 192
15 194
16 21
16 22
16 27
16 31
16 34
16 49
16 53
16 59
16 70
16 71
16 72
16 74
16 75
16 78
16 79
16 91
16 95
16 96
16 100
16 106
16 107
16 112
16 113
16 115
16 117
16 118
16 121
16 122
16 124
16 129
16 130
16 136
16 137
16 138
16 142
16 148
16 149
16 150
16 151
16 155
16 156
16 158
16 159
16 163
16 165
16 167
16 169
16 173
16 174
16 181
16 183
16 190
16 194
16 196
16 199
17 18
17 20
17 23
17 25
17 26
17 35
17 36
17 41
17 42
17 43
17 54
17 57
17 58
17 59
17 65
17 66
17 67
17 68
17 72
17 75
17 77
17 81
17 82
17 83
17 86
17 87
17 88
17 91
17 105
17 106
17 110
17 119
17 122
17 133
17 134
17 135
17 136
17 137
17 138
17 145
17 146
17 149
17 153
17 159
17 162
17 166
17 169
17 174
17 176
17 180
17 182
17 186
17 191
17 194
17 195
17 198
18 22
18 23
18 25
18 29
18 31
18 34
18 36
18 44
18 45
18 46
18 49
18 50
18 51
18 52
18 55
18 56
18 58
18 59
18 62
18 68
18 71
18 76
18 79
18 80
18 84
18 87
18 92
18 95
18 96
18 102
18 104
18 105
18 106
18 108
18 112
18 114
18 118
18 120
18 121
18 126
18 127
18 130
18 133
18 134
18 136
18 140
18 142
18 148
18 150
18 151
18 163
18 166
18 167
18 169
18 171
18 174
18 175
18 176
18 180
18 181
18 182
18 183
18 187
18 188
18 195
19 21
19 25
19 29
19 37
19 41
19 43
19 44
19 54
19 60
19 61
19 66
19 69
19 77
19 79
19 86
19 87
19 89
19 91
19 97
19 105
19 110
19 112
19 114
19 117
19 118
19 119
19 120
19 125
19 130
19 131
19 134
19 135
19 137
19 138
19 139
19 146
19 148
19 150
19 154
19 155
19 160
19 161
19 163
19 167
19 169
19 170
19 174
19 177
19 182
19 183
19 185
19 186
19 195
19 199
20 24
20 25
20 26
20 28
20 30
20 31
20 35
20 37
20 38
20 40
20 45
20 47
20 50
20 51
20 52
20 54
20 55
20 67
20 68
20 73
20 74
20 76
20 78
20 80
20 81
20 86
20 87
20 91
20 98
20 101
20 102
20 103
20 104
20 108
20 109
20 110
20 118
20 123
20 126
20 128
20 134
20 136
20 137
20 149
20 152
20 153
20 158
20 165
20 174
20 175
20 179
20 180
20 183
20 190
20 196
20 198
21 32
21 33
21 35
21 42
21 43
21 47
21 49
21 51
21 55
21 62
21 65
21 66
21 68
21 69
21 72
21 74
21 75
21 79
21 85
21 87
21 88
21 91
21 97
21 98
21 103
21 104
21 108
21 112
21 116
21 117
21 120
21 124
21 125
21 127
21 128
21 132
21 134
21 136
21 139
21 151
21 152
21 153
21 154
21 155
21 159
21 161
21 163
21 164
21 167
21 174
21 177
21 182
21 183
21 188
21 198
22 23
22 32
22 36
22 40
22 42
22 43
22 48
22 51
22 54
22 56
22 61
22 65
22 67
22 71
22 72
22 73
22 75
22 77
22 78
22 81
22 82
22 94
22 96
22 101
22 102
22 104
22 109
22 114
22 119
22 123
22 124
22 128
22 136
22 141
22 142
22 144
22 153
22 154
22 161
22 163
22 170
22 172
22 174
22 175
22 178
22 179
22 180
22 183
22 188
22 189
22 196
22 199
23 24
23 26
23 27
23 32
23 33
23 35
23 36
23 40
23 41
23 42
23 43
23 45
23 46
23 52
23 55
23 58
23 59
23 65
23 68
23 71
23 76
23 83
23 86
23 95
23 96
23 98
23 100
23 104
23 105
23 108
23 111
23 114
23 115
23 117
23 119
23 120
23 125
23 135
23 137
23 138
23 144
23 147
23 153
23 154
23 158
23 159
23 169
23 170
23 173
23 180
23 181
23 182
23 183
23 185
23 186
23 192
23 195
23 197
23 199
24 29
24 32
24 36
24 39
24 40
24 44
24 45
24 50
24 51
24 52
24 55
24 56
24 59
24 60
24 61
24 63
24 66
24 67
24 68
24 73
24 75
24 77
24 83
24 84
24 87
24 90
24 93
24 95
24 97
24 105
24 108
24 110
24 114
24 115
24 118
24 119
24 120
24 127
24 129
24 132
24 133
24 136
24 139
24 140
24 142
24 143
24 152
24 153
24 155
24 165
24 166
24 169
24 171
24 174
24 176
24 178
24 184
24 186
24 187
24 195
24 199
25 26
25 29
25 30
25 32
25 33
25 35
25 38
25 48
25 51
25 53
25 54
25 60
25 61
25 62
25 63
25 64
25 65
25 66
25 71
25 72
25 76
25 81
25 83
25 85
25 86
25 88
25 90
25 93
25 95
25 101
25 102
25 108
25 111
25 114
25 120
25 121
25 122
25 125
25 126
25 129
25 131
25 136
25 139
25 140
25 146
25 148
25 151
25 158
25 162
25 167
25 168
25 169
25 171
25 175
25 177
25 183
25 185
25 186
25 190
25 194
25 196
25 197
26 28
26 32
26 33
26 37
26 44
26 46
26 49
26 51
26 56
26 57
26 59
26 60
26 66
26 67
26 69
26 70
26 71
26 74
26 75
26 77
26 82
26 89
26 95
26 98
26 104
26 105
26 108
26 119
26 129
26 130
26 131
26 132
26 135
26 139
26 141
26 142
26 144
26 148
26 152
26 154
26 157
26 158
26 160
26 161
26 163
26 166
26 170
26 172
26 173
26 177
26 183
26 185
26 186
26 190
27 30
27 33
27 35
27 36
27 38
27 46
27 47
27 49
27 57
27 59
27 61
27 62
27 68
27 71
27 76
27 77
27 79
27 89
27 91
27 92
27 95
27 96
27 97
27 100
27 101
27 103
27 107
27 109
27 110
27 111
27 112
27 114
27 115
27 119
27 122
27 125
27 128
27 129
27 130
27 134
27 142
27 143
27 148
27 149
27 151
27 152
27 158
27 165
27 173
27 175
27 176
27 180
27 182
27 185
27 186
27 193
27 194
27 199
28 33
28 35
28 40
28 41
28 52
28 58
28 59
28 73
28 77
28 80
28 86
28 91
28 92
28 93
28 98
28 102
28 103
28 107
28 110
28 111
28 117
28 118
28 123
28 125
28 126
28 130
28 140
28 142
28 144
28 146
28 159
28 161
28 163
28 164
28 167
28 170
28 171
28 172
28 173
28 174
28 178
28 179
28 181
28 186
28 188
28 195
28 198
28 199
29 41
29 48
29 52
29 53
29 55
29 56
29 59
29 64
29 66
29 72
29 74
29 76
29 81
29 82
29 85
29 89
29 90
29 91
29 92
29 96
29 99
29 104
29 108
29 111
29 114
29 117
29 119
29 124
29 125
29 126
29 127
29 128
29 134
29 136
29 141
29 142
29 154
29 156
29 164
29 176
29 177
29 178
29 184
29 192
29 195
29 198
30 31
30 33
30 34
30 36
30 40
30 46
30 48
30 50
30 57
30 58
30 62
30 67
30 69
30 71
30 73
30 75
30 83
30 96
30 97
30 104
30 111
30 114
30 115
30 116
30 118
30 124
30 126
30 127
30 133
30 137
30 145
30 148
30 158
30 164
30 169
30 170
30 173
30 176
30 179
30 181
30 183
30 186
31 32
31 34
31 36
31 38
31 42
31 45
31 54
31 58
31 60
31 61
31 64
31 67
31 70
31 71
31 73
31 74
31 75
31 76
31 78
31 85
31 87
31 88
31 95
31 102
31 108
31 111
31 112
31 116
31 117
31 118
31 127
31 129
31 130
31 131
31 141
31 151
31 152
31 153
31 154
31 155
31 157
31 158
31 162
31 163
31 165
31 167
31 178
31 180
31 182
31 186
31 189
31 191
31 193
31 196
32 33
32 36
32 44
32 48
32 51
32 52
32 57
32 61
32 70
32 74
32 80
32 82
32 87
32 96
32 98
32 104
32 106
32 114
32 115
32 116
32 126
32 128
32 130
32 136
32 138
32 140
32 146
32 150
32 151
32 152
32 154
32 159
32 163
32 164
32 167
32 169
32 171
32 176
32 177
32 181
32 182
32 191
32 192
32 193
32 194
33 39
33 40
33 44
33 45
33 47
33 51
33 52
33 57
33 58
33 67
33 71
33 74
33 75
33 79
33 83
33 85
33 88
33 90
33 91
33 94
33 96
33 100
33 109
33 112
33 113
33 115
33 125
33 127
33 132
33 133
33 135
33 136
33 137
33 139
33 145
33 153
33 155
33 156
33 159
33 160
33 163
33 164
33 168
33 176
33 177
33 182
33 186
33 190
33 196
33 197
33 199
34 42
34 47
34 50
34 51
34 54
34 55
34 57
34 60
34 61
34 65
34 70
34 78
34 80
34 81
34 83
34 88
34 96
34 102
34 103
34 106
34 108
34 118
34 125
34 126
34 142
34 147
34 148
34 162
34 163
34 166
34 167
34 168
34 175
34 176
34 196
35 40
35 41
35 43
35 45
35 46
35 50
35 52
35 53
35 55
35 58
35 60
35 64
35 66
35 67
35 71
35 73
35 76
35 84
35 86
35 89
35 98
35 99
35 108
35 109
35 112
35 114
35 115
35 117
35 119
35 122
35 132
35 134
35 136
35 138
35 144
35 146
35 154
35 156
35 157
35 158
35 159
35 165
35 168
35 170
35 175
35 176
35 184
35 185
35 189
35 190
35 192
35 195
36 39
36 43
36 44
36 48
36 50
36 52
36 53
36 55
36 58
36 60
36 61
36 75
36 81
36 85
36 86
36 88
36 96
36 98
36 102
36 108
36 113
36 117
36 121
36 125
36 135
36 140
36 141
36 142
36 148
36 150
36 151
36 152
36 160
36 166
36 170
36 171
36 174
36 176
36 183
36 185
36 188
36 189
36 194
36 195
37 42
37 45
37 47
37 51
37 56
37 58
37 62
37 65
37 66
37 68
37 70
37 76
37 82
37 85
37 88
37 91
37 94
37 95
37 96
37 98
37 103
37 105
37 108
37 114
37 117
37 120
37 122
37 123
37 125
37 127
37 132
37 136
37 146
37 153
37 157
37 160
37 163
37 166
37 167
37 170
37 171
37 174
37 175
37 178
37 182
37 192
37 194
37 196
37 197
37 198
37 199
38 40
38 46
38 48
38 50
38 53
38 56
38 59
38 60
38 63
38 66
38 68
38 73
38 74
38 76
38 77
38 78
38 79
38 85
38 86
38 88
38 89
38 91
38 96
38 98
38 101
38 102
38 104
38 107
38 110
38 111
38 113
38 118
38 122
38 129
38 135
38 136
38 138
38 140
38 141
38 144
38 147
38 150
38 156
38 161
38 162
38 164
38 165
38 166
38 168
38 169
38 171
38 172
38 173
38 177
38 179
38 180
38 184
38 186
38 187
38 189
38 192
38 193
38 194
38 196
39 44
39 45
39 46
39 50
39 53
39 56
39 59
39 61
39 75
39 78
39 83
39 88
39 90
39 93
39 94
39 95
39 96
39 98
39 101
39 103
39 104
39 105
39 106
39 113
39 114
39 117
39 122
39 127
39 131
39 132
39 137
39 138
39 141
39 143
39 144
39 148
39 151
39 153
39 160
39 164
39 167
39 168
39 172
39 173
39 184
39 185
39 192
39 194
39 196
39 198
39 199
40 46
40 47
40 50
40 53
40 54
40 59
40 60
40 62
40 63
40 66
40 75
40 78
40 82
40 88
40 91
40 97
40 100
40 101
40 104
40 105
40 106
40 108
40 118
40 122
40 123
40 125
40 127
40 132
40 135
40 136
40 137
40 146
40 147
40 165
40 175
40 180
40 185
40 186
40 187
40 188
40 191
40 194
40 196
40 197
40 198
40 199
41 42
41 45
41 47
41 53
41 56
41 63
41 66
41 68
41 69
41 71
41 73
41 77
41 79
41 80
41 81
41 83
41 87
41 91
41 92
41 99
41 108
41 109
41 110
41 112
41 115
41 117
41 121
41 126
41 128
41 129
41 131
41 139
41 140
41 141
41 142
41 144
41 149
41 151
41 152
41 155
41 157
41 158
41 163
41 165
41 170
41 172
41 173
41 175
41 176
41 178
41 185
41 198
41 199
42 46
42 48
42 50
42 54
42 59
42 60
42 64
42 65
42 66
42 67
42 68
42 70
42 71
42 73
42 74
42 76
42 83
42 87
42 90
42 99
42 101
42 106
42 111
42 112
42 113
42 114
42 115
42 116
42 117
42 122
42 127
42 129
42 130
42 140
42 142
42 146
42 149
42 152
42 155
42 156
42 158
42 165
42 167
42 168
42 169
42 170
42 172
42 181
42 187
42 188
42 190
42 192
42 193
42 194
43 47
43 50
43 56
43 64
43 68
43 73
43 78
43 81
43 83
43 84
43 85
43 87
43 88
43 99
43 106
43 108
43 117
43 118
43 120
43 121
43 125
43 127
43 133
43 146
43 150
43 164
43 165
43 166
43 168
43 170
43 171
43 172
43 173
43 179
43 182
43 189
43 198
43 199
44 46
44 47
44 48
44 49
44 55
44 56
44 57
44 60
44 63
44 66
44 69
44 70
44 72
44 78
44 97
44 99
44 103
44 114
44 124
44 126
44 128
44 129
44 132
44 137
44 143
44 144
44 147
44 150
44 155
44 167
44 172
44 182
44 183
44 192
45 47
45 48
45 55
45 60
45 66
45 69
45 74
45 79
45 81
45 86
45 87
45 90
45 93
45 96
45 98
45 99
45 101
45 102
45 103
45 107
45 109
45 111
45 112
45 115
45 117
45 121
45 122
45 125
45 129
45 130
45 131
45 133
45 147
45 148
45 150
45 153
45 154
45 165
45 166
45 170
45 174
45 179
45 180
45 181
45 183
45 184
45 186
45 188
45 193
46 52
46 53
46 57
46 60
46 73
46 78
46 80
46 82
46 85
46 89
46 91
46 94
46 99
46 100
46 106
46 111
46 118
46 119
46 120
46 123
46 125
46 139
46 142
46 152
46 160
46 166
46 172
46 173
46 174
46 175
46 176
46 177
46 178
46 179
46 186
46 190
46 193
46 196
47 49
47 50
47 51
47 59
47 66
47 67
47 72
47 74
47 80
47 81
47 88
47 90
47 98
47 104
47 105
47 117
47 122
47 124
47 126
47 127
47 129
47 132
47 134
47 136
47 137
47 138
47 141
47 148
47 159
47 162
47 164
47 169
47 172
47 174
47 175
47 177
47 180
47 187
47 189
47 193
47 194
47 196
48 49
48 55
48 57
48 58
48 61
48 65
48 71
48 76
48 81
48 82
48 89
48 90
48 92
48 93
48 96
48 98
48 117
48 118
48 119
48 127
48 129
48 132
48 134
48 138
48 148
48 160
48 161
48 162
48 163
48 165
48 168
48 169
48 175
48 177
48 179
48 180
48 181
48 184
48 189
48 191
48 194
48 196
48 199
49 53
49 54
49 58
49 60
49 65
49 66
49 67
49 76
49 82
49 88
49 89
49 96
49 97
49 100
49 109
49 111
49 121
49 123
49 124
49 126
49 127
49 132
49 143
49 145
49 148
49 150
49 157
49 164
49 166
49 167
49 177
49 178
49 181
49 183
49 184
49 191
49 199
50 55
50 57
50 58
50 59
50 62
50 63
50 64
50 67
50 69
50 70
50 74
50 75
50 80
50 81
50 89
50 94
50 101
50 103
50 105
50 113
50 114
50 115
50 118
50 122
50 125
50 126
50 134
50 135
50 136
50 139
50 147
50 149
50 153
50 156
50 165
50 169
50 170
50 173
50 174
50 175
50 181
50 183
50 189
50 195
51 57
51 59
51 62
51 66
51 70
51 73
51 75
51 76
51 80
51 84
51 87
51 94
51 101
51 107
51 117
51 118
51 119
51 122
51 123
51 124
51 127
51 128
51 131
51 135
51 138
51 140
51 142
51 147
51 148
51 149
51 151
51 154
51 163
51 164
51 167
51 172
51 173
51 175
51 178
51 179
51 180
51 184
51 186
51 188
51 192
51 193
51 199
52 54
52 56
52 62
52 63
52 65
52 68
52 71
52 72
52 74
52 83
52 87
52 96
52 97
52 102
52 104
52 107
52 112
52 114
52 115
52 117
52 118
52 123
52 124
52 125
52 128
52 129
52 132
52 135
52 139
52 149
52 150
52 154
52 155
52 162
52 163
52 167
52 168
52 179
52 186
52 195
52 196
52 198
53 56
53 57
53 67
53 74
53 75
53 77
53 79
53 87
53 88
53 92
53 93
53 99
53 107
53 109
53 120
53 124
53 126
53 128
53 131
53 136
53 137
53 138
53 143
53 144
53 147
53 148
53 150
53 160
53 162
53 163
53 164
53 165
53 166
53 168
53 183
53 184
53 185
53 190
53 194
54 55
54 60
54 68
54 72
54 76
54 83
54 84
54 89
54 96
54 109
54 112
54 114
54 124
54 130
54 131
54 132
54 133
54 141
54 143
54 144
54 146
54 147
54 165
54 171
54 174
54 177
54 179
54 181
54 186
54 188
54 194
54 195
54 196
54 198
54 199
55 59
55 64
55 69
55 73
55 75
55 76
55 77
55 79
55 84
55 87
55 89
55 92
55 94
55 95
55 97
55 98
55 105
55 107
55 108
55 110
55 111
55 113
55 117
55 124
55 126
55 127
55 129
55 131
55 135
55 137
55 140
55 141
55 143
55 144
55 145
55 150
55 152
55 153
55 154
55 155
55 157
55 159
55 161
55 162
55 164
55 165
55 168
55 169
55 171
55 177
55 181
55 185
55 192
55 196
55 197
55 198
56 58
56 71
56 72
56 74
56 75
56 76
56 80
56 86
56 88
56 89
56 93
56 98
56 101
56 102
56 105
56 106
56 108
56 110
56 111
56 114
56 117
56 120
56 127
56 130
56 132
56 144
56 148
56 149
56 151
56 158
56 164
56 166
56 167
56 168
56 176
56 180
56 184
56 186
56 189
56 190
56 191
56 196
56 198
56 199
57 68
57 69
57 72
57 75
57 77
57 81
57 82
57 84
57 88
57 90
57 93
57 94
57 95
57 98
57 102
57 105
57 111
57 112
57 115
57 117
57 120
57 130
57 131
57 132
57 134
57 136
57 138
57 140
57 148
57 152
57 153
57 155
57 160
57 162
57 163
57 167
57 173
57 185
57 187
57 190
57 197
57 199
58 62
58 64
58 68
58 71
58 74
58 79
58 85
58 89
58 91
58 93
58 95
58 97
58 100
58 103
58 104
58 114
58 116
58 117
58 125
58 130
58 132
58 133
58 143
58 154
58 159
58 162
58 164
58 169
58 171
58 174
58 178
58 190
58 192
58 195
58 197
59 60
59 64
59 66
59 70
59 73
59 75
59 76
59 78
59 84
59 86
59 87
59 89
59 94
59 97
59 101
59 104
59 105
59 108
59 110
59 116
59 117
59 123
59 128
59 131
59 132
59 133
59 136
59 139
59 140
59 150
59 154
59 157
59 158
59 159
59 160
59 161
59 163
59 165
59 166
59 170
59 173
59 175
59 178
59 185
59 186
59 187
59 188
59 192
59 195
59 196
59 199
60 66
60 75
60 76
60 77
60 78
60 82
60 94
60 96
60 98
60 105
60 110
60 117
60 118
60 120
60 121
60 123
60 124
60 125
60 126
60 127
60 128
60 131
60 132
60 134
60 142
60 145
60 146
60 151
60 156
60 158
60 161
60 162
60 165
60 169
60 175
60 178
60 180
60 183
60 187
60 188
60 194
60 196
60 199
61 62
61 68
61 76
61 81
61 83
61 96
61 98
61 104
61 105
61 117
61 121
61 130
61 133
61 137
61 139
61 141
61 142
61 146
61 147
61 150
61 154
61 156
61 161
61 164
61 165
61 170
61 171
61 173
61 185
61 191
61 193
61 199
62 63
62 76
62 81
62 82
62 84
62 85
62 86
62 87
62 88
62 90
62 91
62 92
62 95
62 99
62 102
62 106
62 109
62 118
62 123
62 127
62 129
62 131
62 132
62 133
62 134
62 135
62 142
62 145
62 149
62 151
62 160
62 163
62 164
62 166
62 168
62 170
62 173
62 174
62 176
62 178
62 181
62 186
62 188
62 190
62 192
62 194
62 195
62 196
62 197
62 198
62 199
63 68
63 71
63 74
63 75
63 77
63 78
63 80
63 84
63 86
63 87
63 90
63 93
63 95
63 99
63 101
63 104
63 106
63 112
63 114
63 115
63 122
63 123
63 127
63 130
63 149
63 150
63 152
63 156
63 160
63 161
63 164
63 169
63 170
63 171
63 172
63 173
63 175
63 176
63 177
63 182
63 187
63 188
63 189
63 190
63 191
63 195
63 198
63 199
64 65
64 66
64 67
64 70
64 74
64 75
64 76
64 79
64 84
64 86
64 87
64 90
64 91
64 92
64 94
64 96
64 100
64 108
64 112
64 117
64 122
64 123
64 127
64 129
64 137
64 141
64 147
64 149
64 153
64 156
64 157
64 158
64 162
64 166
64 167
64 172
64 173
64 178
64 183
64 186
64 188
64 189
64 192
64 193
64 195
64 198
65 66
65 70
65 75
65 81
65 87
65 88
65 91
65 92
65 93
65 109
65 110
65 112
65 113
65 114
65 118
65 120
65 132
65 135
65 137
65 138
65 141
65 145
65 147
65 150
65 154
65 155
65 157
65 158
65 161
65 171
65 174
65 176
65 178
65 181
65 184
65 185
65 186
65 189
65 192
65 194
65 195
65 199
66 68
66 74
66 82
66 86
66 87
66 88
66 90
66 91
66 93
66 95
66 96
66 101
66 102
66 116
66 120
66 122
66 123
66 124
66 125
66 128
66 131
66 134
66 137
66 140
66 146
66 148
66 152
66 153
66 156
66 158
66 160
66 163
66 164
66 170
66 173
66 175
66 176
66 180
66 181
66 183
66 186
66 188
66 190
66 191
66 197
66 199
67 69
67 70
67 75
67 77
67 87
67 92
67 93
67 94
67 100
67 105
67 106
67 108
67 114
67 116
67 117
67 118
67 120
67 124
67 126
67 128
67 132
67 133
67 134
67 135
67 136
67 145
67 146
67 148
67 149
67 150
67 151
67 171
67 172
67 174
67 179
67 182
67 187
67 192
67 193
67 195
68 71
68 72
68 76
68 85
68 86
68 91
68 92
68 97
68 103
68 107
68 108
68 111
68 121
68 125
68 127
68 131
68 132
68 133
68 136
68 149
68 152
68 153
68 156
68 157
68 161
68 162
68 164
68 169
68 170
68 172
68 175
68 176
68 180
68 186
68 190
68 191
68 193
68 197
69 74
69 77
69 79
69 80
69 82
69 84
69 95
69 99
69 105
69 107
69 108
69 114
69 120
69 121
69 122
69 125
69 132
69 135
69 137
69 139
69 141
69 142
69 144
69 152
69 157
69 158
69 159
69 162
69 166
69 167
69 176
69 179
69 183
69 184
69 186
69 187
69 189
69 196
69 197
70 71
70 76
70 79
70 82
70 84
70 87
70 89
70 98
70 99
70 103
70 105
70 106
70 107
70 108
70 112
70 113
70 114
70 117
70 119
70 121
70 126
70 139
70 143
70 150
70 151
70 156
70 166
70 169
70 175
70 176
70 179
70 181
70 188
70 190
70 195
70 197
70 199
71 72
71 77
71 78
71 79
71 84
71 89
71 90
71 92
71 95
71 98
71 101
71 102
71 103
71 104
71 110
71 114
71 115
71 116
71 118
71 122
71 127
71 128
71 132
71 139
71 145
71 146
71 153
71 158
71 159
71 165
71 170
71 171
71 174
71 177
71 179
71 180
71 183
71 190
71 192
71 197
72 73
72 74
72 75
72 77
72 83
72 84
72 85
72 87
72 89
72 91
72 92
72 94
72 95
72 102
72 104
72 107
72 109
72 110
72 112
72 115
72 118
72 120
72 126
72 135
72 138
72 139
72 143
72 144
72 150
72 154
72 156
72 157
72 158
72 160
72 162
72 164
72 165
72 166
72 170
72 175
72 182
72 185
72 187
72 189
72 193
72 199
73 75
73 80
73 81
73 84
73 86
73 89
73 92
73 94
73 95
73 98
73 101
73 102
73 104
73 106
73 107
73 109
73 113
73 117
73 126
73 128
73 129
73 130
73 131
73 135
73 136
73 142
73 146
73 149
73 155
73 156
73 159
73 167
73 169
73 170
73 172
73 173
73 176
73 180
73 181
73 182
73 185
73 187
73 189
73 192
73 195
73 196
73 197
73 198
74 75
74 76
74 81
74 82
74 85
74 88
74 91
74 92
74 93
74 94
74 96
74 107
74 108
74 115
74 116
74 118
74 119
74 120
74 121
74 126
74 128
74 131
74 132
74 138
74 152
74 160
74 161
74 164
74 169
74 172
74 173
74 177
74 178
74 179
74 182
74 187
74 191
74 192
74 193
74 194
74 198
75 76
75 80
75 84
75 85
75 89
75 92
75 95
75 99
75 100
75 103
75 111
75 114
75 116
75 121
75 125
75 132
75 136
75 144
75 146
75 151
75 152
75 158
75 162
75 166
75 167
75 169
75 170
75 171
75 172
75 173
75 176
75 180
75 181
75 182
75 185
75 189
75 193
75 195
76 92
76 93
76 94
76 96
76 100
76 101
76 112
76 117
76 127
76 131
76 139
76 140
76 145
76 148
76 150
76 160
76 161
76 162
76 163
76 165
76 173
76 175
76 176
76 179
76 181
76 184
76 190
76 191
76 195
76 197
77 78
77 81
77 82
77 84
77 86
77 91
77 92
77 93
77 96
77 97
77 98
77 99
77 100
77 102
77 103
77 107
77 108
77 112
77 114
77 116
77 118
77 119
77 121
77 126
77 127
77 128
77 131
77 139
77 141
77 142
77 145
77 146
77 155
77 161
77 169
77 178
77 182
77 187
77 189
77 190
77 193
77 194
77 199
78 79
78 80
78 83
78 84
78 88
78 95
78 97
78 99
78 100
78 101
78 106
78 107
78 112
78 126
78 129
78 131
78 132
78 134
78 138
78 139
78 142
78 143
78 144
78 146
78 147
78 148
78 151
78 155
78 158
78 164
78 168
78 176
78 179
78 181
78 184
78 191
78 193
79 81
79 82
79 91
79 93
79 94
79 96
79 100
79 115
79 121
79 124
79 125
79 131
79 132
79 134
79 135
79 141
79 142
79 143
79 145
79 150
79 154
79 155
79 157
79 159
79 162
79 163
79 166
79 174
79 176
79 177
79 178
79 183
79 186
79 189
79 195
79 197
80 88
80 92
80 96
80 97
80 98
80 99
80 107
80 109
80 112
80 114
80 121
80 122
80 132
80 136
80 140
80 141
80 142
80 143
80 145
80 149
80 159
80 163
80 165
80 168
80 179
80 180
80 181
80 182
80 191
80 193
80 194
80 196
80 197
80 198
81 84
81 91
81 97
81 98
81 99
81 104
81 105
81 106
81 107
81 108
81 109
81 112
81 113
81 114
81 117
81 124
81 126
81 129
81 139
81 148
81 155
81 157
81 159
81 160
81 162
81 164
81 165
81 166
81 167
81 169
81 173
81 179
81 180
81 184
81 185
81 188
81 199
82 85
82 92
82 93
82 94
82 97
82 99
82 102
82 104
82 105
82 108
82 114
82 115
82 133
82 134
82 140
82 145
82 146
82 147
82 150
82 151
82 154
82 157
82 158
82 163
82 168
82 176
82 179
82 184
82 185
82 186
82 194
82 195
82 196
82 198
82 199
83 85
83 86
83 87
83 89
83 90
83 91
83 92
83 93
83 104
83 107
83 109
83 110
83 114
83 119
83 127
83 128
83 132
83 136
83 140
83 144
83 150
83 153
83 154
83 155
83 159
83 161
83 167
83 172
83 180
83 181
83 183
83 186
83 190
83 191
83 197
83 198
84 85
84 86
84 88
84 90
84 95
84 96
84 97
84 98
84 102
84 104
84 108
84 110
84 111
84 119
84 124
84 125
84 130
84 132
84 134
84 139
84 150
84 152
84 155
84 158
84 159
84 160
84 172
84 174
84 175
84 179
85 99
85 102
85 104
85 106
85 108
85 113
85 115
85 116
85 125
85 129
85 132
85 133
85 134
85 138
85 139
85 140
85 142
85 143
85 146
85 149
85 150
85 153
85 158
85 163
85 165
85 166
85 175
85 176
85 179
85 180
85 186
85 188
85 191
85 192
85 196
85 197
85 199
86 87
86 88
86 90
86 93
86 96
86 100
86 104
86 107
86 110
86 112
86 113
86 115
86 123
86 129
86 136
86 139
86 140
86 145
86 147
86 149
86 158
86 163
86 171
86 172
86 174
86 181
86 182
86 186
86 191
86 195
87 88
87 90
87 95
87 96
87 114
87 115
87 121
87 125
87 126
87 128
87 130
87 134
87 141
87 143
87 145
87 149
87 150
87 154
87 155
87 158
87 161
87 162
87 163
87 164
87 168
87 171
87 176
87 180
87 188
87 194
88 95
88 98
88 99
88 100
88 106
88 117
88 123
88 127
88 130
88 133
88 137
88 142
88 145
88 146
88 152
88 153
88 154
88 159
88 161
88 166
88 170
88 173
88 177
88 178
88 180
88 193
88 196
88 197
89 90
89 92
89 93
89 94
89 95
89 97
89 108
89 115
89 119
89 123
89 127
89 128
89 131
89 132
89 142
89 145
89 147
89 152
89 153
89 158
89 161
89 162
89 163
89 165
89 166
89 172
89 173
89 177
89 181
89 183
89 186
89 187
89 188
89 191
90 91
90 94
90 95
90 97
90 99
90 103
90 105
90 106
90 108
90 114
90 115
90 117
90 123
90 125
90 127
90 133
90 137
90 139
90 148
90 149
90 152
90 153
90 156
90 162
90 169
90 172
90 174
90 178
90 181
90 186
90 188
90 189
90 191
90 193
90 197
91 93
91 98
91 99
91 100
91 102
91 104
91 110
91 111
91 112
91 115
91 117
91 118
91 120
91 121
91 123
91 128
91 129
91 131
91 136
91 138
91 144
91 149
91 152
91 153
91 157
91 159
91 160
91 165
91 166
91 168
91 170
91 172
91 173
91 174
91 177
91 179
91 180
91 183
91 185
91 186
91 188
91 189
91 191
91 192
91 198
92 94
92 95
92 101
92 102
92 103
92 106
92 108
92 112
92 113
92 117
92 121
92 123
92 124
92 126
92 127
92 128
92 129
92 130
92 131
92 134
92 141
92 147
92 149
92 150
92 159
92 167
92 171
92 172
92 175
92 178
92 179
92 184
92 185
92 186
92 188
92 193
92 199
93 96
93 97
93 98
93 103
93 120
93 122
93 126
93 127
93 137
93 139
93 145
93 153
93 155
93 157
93 159
93 165
93 168
93 170
93 175
93 179
93 180
93 181
93 183
93 184
93 186
93 189
93 194
93 195
93 196
93 197
93 198
93 199
94 96
94 99
94 100
94 108
94 110
94 111
94 115
94 117
94 118
94 123
94 128
94 129
94 134
94 138
94 143
94 147
94 150
94 151
94 154
94 162
94 163
94 164
94 165
94 168
94 169
94 177
94 179
94 180
94 181
94 182
94 185
94 187
94 188
94 191
94 198
95 98
95 101
95 114
95 116
95 119
95 121
95 122
95 131
95 132
95 133
95 134
95 139
95 140
95 143
95 144
95 145
95 149
95 153
95 164
95 167
95 171
95 172
95 176
95 181
95 184
95 189
95 195
95 197
95 198
95 199
96 98
96 103
96 104
96 111
96 112
96 122
96 127
96 128
96 131
96 132
96 138
96 140
96 142
96 146
96 148
96 153
96 157
96 159
96 161
96 163
96 166
96 168
96 172
96 173
96 175
96 177
96 179
96 180
96 181
96 183
96 185
96 187
96 190
96 193
96 194
96 196
97 100
97 105
97 106
97 108
97 113
97 121
97 125
97 126
97 127
97 130
97 149
97 151
97 159
97 162
97 163
97 164
97 171
97 174
97 184
97 186
97 188
97 193
97 194
97 197
98 108
98 116
98 123
98 124
98 130
98 132
98 139
98 140
98 144
98 148
98 153
98 154
98 156
98 160
98 165
98 166
98 168
98 171
98 172
98 175
98 177
98 180
98 182
98 185
98 189
98 192
99 103
99 110
99 113
99 117
99 118
99 119
99 120
99 124
99 125
99 127
99 130
99 138
99 150
99 155
99 160
99 166
99 167
99 170
99 174
99 176
99 181
99 182
99 186
99 190
99 191
99 195
99 196
100 114
100 115
100 116
100 121
100 123
100 129
100 134
100 141
100 142
100 146
100 156
100 162
100 168
100 171
100 173
100 174
100 179
100 181
100 184
100 187
100 195
101 102
101 103
101 105
101 107
101 110
101 112
101 113
101 117
101 118
101 121
101 123
101 125
101 126
101 130
101 131
101 132
101 133
101 137
101 138
101 143
101 144
101 148
101 150
101 159
101 160
101 161
101 164
101 165
101 167
101 169
101 173
101 174
101 175
101 176
101 180
101 184
101 187
101 188
101 189
101 190
101 193
102 103
102 104
102 109
102 111
102 115
102 118
102 119
102 120
102 124
102 126
102 127
102 131
102 135
102 136
102 138
102 140
102 143
102 146
102 148
102 155
102 161
102 162
102 164
102 165
102 169
102 178
102 179
102 186
102 194
102 196
102 197
102 198
103 104
103 107
103 111
103 115
103 118
103 123
103 130
103 132
103 134
103 144
103 145
103 147
103 150
103 151
103 154
103 156
103 161
103 166
103 167
103 168
103 170
103 172
103 173
103 174
103 182
103 183
103 184
103 185
103 186
103 188
103 194
104 108
104 109
104 111
104 112
104 114
104 115
104 118
104 119
104 123
104 124
104 131
104 133
104 136
104 137
104 144
104 154
104 155
104 166
104 167
104 168
104 169
104 175
104 177
104 178
104 182
104 184
104 185
104 190
104 196
105 109
105 115
105 116
105 121
105 124
105 127
105 133
105 136
105 138
105 141
105 142
105 149
105 151
105 154
105 160
105 161
105 167
105 168
105 170
105 173
105 174
105 176
105 178
105 186
105 188
105 189
105 193
105 195
105 198
105 199
106 107
106 109
106 111
106 113
106 118
106 119
106 120
106 121
106 124
106 125
106 126
106 127
106 131
106 133
106 134
106 136
106 137
106 139
106 146
106 150
106 151
106 155
106 156
106 159
106 165
106 168
106 174
106 179
106 182
106 183
106 184
106 192
106 193
106 194
106 195
106 196
106 199
107 110
107 114
107 116
107 118
107 119
107 120
107 122
107 124
107 125
107 126
107 130
107 136
107 137
107 140
107 144
107 148
107 152
107 153
107 161
107 165
107 170
107 173
107 178
107 180
107 183
107 187
107 188
107 197
108 112
108 113
108 118
108 121
108 122
108 124
108 125
108 127
108 134
108 136
108 142
108 144
108 146
108 147
108 148
108 152
108 161
108 162
108 163
108 164
108 165
108 166
108 168
108 170
108 175
108 177
108 179
108 189
108 190
108 192
108 196
108 198
108 199
109 113
109 116
109 117
109 118
109 119
109 121
109 123
109 124
109 133
109 138
109 140
109 142
109 146
109 147
109 149
109 152
109 156
109 161
109 162
109 163
109 164
109 165
109 166
109 171
109 179
109 183
109 191
109 195
109 197
110 115
110 116
110 117
110 121
110 122
110 124
110 126
110 127
110 131
110 137
110 143
110 146
110 153
110 156
110 164
110 174
110 177
110 178
110 182
110 184
110 187
110 192
110 193
110 195
110 197
111 113
111 125
111 127
111 130
111 132
111 133
111 135
111 139
111 140
111 142
111 147
111 151
111 153
111 154
111 155
111 163
111 164
111 165
111 169
111 171
111 173
111 177
111 178
111 179
111 180
111 182
111 183
111 184
111 185
111 188
111 194
111 195
111 196
111 199
112 113
112 114
112 125
112 126
112 127
112 128
112 129
112 131
112 132
112 134
112 142
112 144
112 146
112 149
112 155
112 156
112 157
112 158
112 159
112 160
112 162
112 166
112 167
112 168
112 175
112 176
112 177
112 184
112 185
112 191
112 194
112 197
113 116
113 118
113 126
113 131
113 132
113 135
113 136
113 137
113 138
113 145
113 147
113 148
113 151
113 153
113 154
113 158
113 159
113 162
113 167
113 169
113 171
113 173
113 177
113 185
113 187
113 189
113 190
113 194
113 195
114 116
114 117
114 120
114 123
114 124
114 135
114 137
114 140
114 142
114 144
114 151
114 154
114 156
114 169
114 170
114 172
114 175
114 176
114 177
114 180
114 183
114 187
114 192
114 199
115 117
115 120
115 125
115 133
115 134
115 137
115 141
115 142
115 148
115 152
115 156
115 159
115 162
115 165
115 172
115 175
115 176
115 181
115 188
115 191
115 192
115 198
115 199
116 118
116 128
116 131
116 135
116 136
116 137
116 139
116 144
116 150
116 157
116 162
116 165
116 174
116 175
116 181
116 183
116 191
116 198
116 199
117 126
117 131
117 132
117 135
117 138
117 140
117 143
117 154
117 158
117 163
117 169
117 177
117 178
117 186
117 189
117 197
118 119
118 126
118 131
118 136
118 137
118 141
118 142
118 144
118 145
118 147
118 149
118 161
118 162
118 166
118 167
118 169
118 170
118 171
118 175
118 177
118 183
118 184
118 193
118 194
118 198
118 199
119 120
119 125
119 136
119 139
119 144
119 150
119 151
119 152
119 159
119 163
119 165
119 170
119 172
119 173
119 177
119 184
119 188
119 189
119 195
119 196
120 125
120 126
120 133
120 134
120 135
120 138
120 141
120 145
120 156
120 159
120 164
120 166
120 170
120 172
120 173
120 174
120 175
120 183
120 195
120 199
121 122
121 125
121 128
121 137
121 138
121 142
121 146
121 147
121 152
121 157
121 158
121 159
121 160
121 161
121 162
121 167
121 168
121 170
121 172
121 188
121 193
121 198
122 124
122 125
122 131
122 132
122 135
122 136
122 140
122 141
122 146
122 150
122 152
122 161
122 169
122 170
122 171
122 172
122 173
122 178
122 179
122 181
122 189
122 194
122 196
122 198
123 126
123 127
123 132
123 133
123 134
123 140
123 141
123 158
123 165
123 166
123 167
123 171
123 174
123 177
123 180
123 182
123 184
123 191
123 194
123 198
124 126
124 129
124 136
124 137
124 140
124 141
124 145
124 146
124 151
124 154
124 159
124 160
124 161
124 174
124 180
124 187
124 188
124 194
125 128
125 129
125 132
125 135
125 137
125 140
125 142
125 154
125 156
125 159
125 161
125 162
125 164
125 168
125 172
125 176
125 178
125 179
125 181
125 188
125 191
125 192
125 196
125 199
126 127
126 132
126 134
126 138
126 145
126 154
126 155
126 162
126 170
126 172
126 174
126 175
126 179
126 181
126 182
126 183
126 185
126 186
126 187
126 188
126 194
126 195
126 197
126 199
127 131
127 134
127 142
127 145
127 148
127 149
127 151
127 165
127 168
127 174
127 177
127 183
127 184
127 187
127 188
127 189
127 194
127 196
128 134
128 140
128 142
128 144
128 145
128 149
128 151
128 153
128 156
128 159
128 172
128 176
128 177
128 180
128 182
128 192
128 193
128 195
128 197
128 199
129 132
129 134
129 135
129 136
129 145
129 146
129 147
129 149
129 150
129 154
129 158
129 162
129 163
129 164
129 166
129 170
129 172
129 175
129 176
129 177
129 183
129 191
129 194
130 133
130 139
130 141
130 150
130 155
130 156
130 170
130 175
130 182
130 183
130 187
130 189
130 191
130 193
130 196
130 197
131 133
131 134
131 137
131 146
131 147
131 148
131 149
131 151
131 157
131 159
131 161
131 165
131 166
131 167
131 172
131 176
131 178
131 179
131 184
131 185
131 190
131 195
131 196
131 199
132 136
132 142
132 143
132 150
132 151
132 154
132 162
132 163
132 164
132 167
132 168
132 172
132 179
132 180
132 196
132 198
133 135
133 140
133 147
133 150
133 151
133 155
133 160
133 161
133 162
133 163
133 164
133 166
133 169
133 170
133 177
133 184
133 185
133 187
133 189
133 192
133 198
134 140
134 141
134 147
134 149
134 153
134 155
134 157
134 167
134 169
134 170
134 172
134 176
134 177
134 178
134 181
134 184
134 185
134 187
134 188
134 195
134 197
134 198
135 144
135 147
135 156
135 157
135 158
135 160
135 164
135 165
135 167
135 171
135 172
135 175
135 178
135 179
135 180
135 182
135 183
135 186
135 187
135 192
135 195
135 197
135 198
135 199
136 139
136 142
136 143
136 152
136 160
136 163
136 166
136 170
136 176
136 178
136 179
136 182
136 184
136 189
136 190
136 192
136 194
136 195
137 140
137 142
137 144
137 146
137 150
137 154
137 155
137 159
137 165
137 166
137 167
137 183
137 184
137 187
137 189
137 190
137 191
137 193
137 194
138 145
138 149
138 150
138 151
138 155
138 162
138 174
138 184
138 186
138 187
138 188
138 199
139 144
139 147
139 150
139 155
139 156
139 157
139 160
139 164
139 172
139 174
139 175
139 176
139 178
139 184
139 192
139 193
139 196
140 141
140 144
140 146
140 148
140 152
140 155
140 157
140 160
140 161
140 163
140 165
140 169
140 175
140 178
140 182
140 183
140 192
140 193
141 143
141 146
141 151
141 159
141 160
141 161
141 162
141 163
141 164
141 165
141 171
141 172
141 175
141 177
141 178
141 180
141 181
141 184
141 189
141 198
141 199
142 146
142 148
142 151
142 152
142 153
142 156
142 165
142 166
142 169
142 171
142 172
142 175
142 177
142 185
142 187
142 191
142 195
142 198
142 199
143 146
143 147
143 149
143 151
143 153
143 155
143 156
143 160
143 167
143 168
143 172
143 173
143 177
143 179
143 184
143 187
143 190
143 192
143 193
144 148
144 150
144 158
144 164
144 165
144 167
144 168
144 173
144 174
144 178
144 181
144 195
145 146
145 149
145 152
145 154
145 164
145 167
145 168
145 173
145 178
145 184
145 185
145 186
145 190
145 192
145 196
145 197
146 151
146 155
146 159
146 164
146 166
146 167
146 171
146 172
146 174
146 176
146 177
146 178
146 183
146 187
146 190
146 191
146 192
146 196
146 198
147 149
147 151
147 152
147 154
147 156
147 161
147 162
147 165
147 166
147 167
147 170
147 174
147 178
147 184
147 187
147 190
147 199
148 153
148 156
148 167
148 168
148 181
148 182
148 184
148 185
148 198
149 153
149 154
149 159
149 169
149 170
149 171
149 174
149 176
149 185
149 188
149 189
149 191
149 196
149 197
150 151
150 155
150 156
150 157
150 160
150 161
150 162
150 164
150 166
150 170
150 172
150 177
150 178
150 183
150 193
150 196
150 198
151 152
151 154
151 156
151 161
151 164
151 167
151 168
151 171
151 172
151 178
151 182
151 183
151 190
151 192
151 195
152 153
152 154
152 164
152 165
152 169
152 171
152 181
152 182
152 190
152 192
153 154
153 156
153 159
153 161
153 170
153 171
153 179
153 181
153 183
153 184
153 189
153 190
153 191
153 193
153 195
153 198
153 199
154 156
154 158
154 160
154 164
154 171
154 172
154 175
154 177
154 183
154 184
154 185
154 189
154 190
154 199
155 156
155 159
155 161
155 162
155 165
155 177
155 178
155 180
155 183
155 188
155 189
155 190
155 197
156 157
156 159
156 163
156 166
156 167
156 177
156 178
156 179
156 180
156 181
156 182
156 184
156 188
156 190
156 196
157 164
157 172
157 173
157 174
157 175
157 176
157 183
157 185
157 192
157 198
158 161
158 164
158 166
158 172
158 176
158 177
158 178
158 180
158 183
158 187
158 190
158 193
158 194
158 196
158 197
158 198
159 160
159 163
159 164
159 174
159 176
159 177
159 184
159 185
159 188
159 193
159 199
160 165
160 170
160 173
160 175
160 178
160 192
160 193
161 162
161 163
161 167
161 168
161 171
161 180
161 184
161 185
161 186
161 188
161 190
161 191
161 194
161 195
162 167
162 177
162 181
162 182
162 187
162 188
162 193
162 197
163 164
163 169
163 178
163 179
163 180
163 184
163 190
163 192
163 194
163 195
163 196
163 197
163 198
163 199
164 167
164 174
164 175
164 182
164 183
164 185
164 188
164 196
165 166
165 167
165 168
165 169
165 170
165 173
165 179
165 181
165 183
165 186
165 188
165 195
165 198
166 170
166 174
166 175
166 180
166 184
166 191
166 199
167 172
167 173
167 174
167 175
167 187
167 192
167 194
167 195
167 196
167 197
168 170
168 174
168 176
168 178
168 181
168 183
168 184
168 188
168 189
168 192
168 196
168 197
169 172
169 174
169 183
169 187
169 190
169 192
169 195
169 198
169 199
170 179
170 184
170 187
170 193
171 173
171 181
171 182
171 183
171 188
171 190
171 192
171 199
172 177
172 178
172 181
172 182
172 191
172 196
172 197
172 199
173 179
173 180
173 185
173 197
174 176
174 178
174 182
174 186
174 187
174 189
174 191
174 192
174 193
174 199
175 177
175 179
175 180
175 186
175 190
175 192
175 196
175 198
176 177
176 180
176 188
176 189
176 190
176 191
176 192
176 193
176 196
176 199
177 179
177 180
177 183
177 184
177 192
177 196
178 179
178 181
178 186
178 187
178 189
178 190
178 191
178 193
178 197
179 180
179 183
179 184
179 185
179 186
179 189
179 191
179 198
180 182
180 184
180 191
180 192
180 194
180 198
181 184
181 186
181 192
181 194
181 196
181 199
182 189
182 195
182 198
183 184
183 187
183 192
183 196
184 187
184 189
184 190
185 189
185 191
185 192
185 193
185 194
185 195
185 196
185 198
186 187
186 188
186 189
186 192
186 193
186 197
187 191
187 194
187 199
188 189
188 190
188 193
188 198
189 190
189 192
189 196
190 192
190 194
190 196
190 197
191 194
191 199
192 194
192 198
192 199
193 198
194 197
194 198
194 199
197 198
197 199
94 100 132 130 17 149 66 53 189 186 162 49 119 180 135 85 14 8 90 141 187 19 12 173 69 16 106 45 96 194
26 163 68 91 67 178 4 129 60 190 56 35 198 30 179 168 80 20 79 43 37 95 93 2 147 191 73 0 98 10
101 3 88 57 24 117 188 64 75 158 157 42 71 193 51 183 161 128 59 18 15 9 33 175 144 114 89 151 116 83
145 65 142 184 38 131 77 47 99 55 125 124 40 169 167 97 113 192 152 118 136 25 62 61 82 121 177 199 74 5
46 164 29 140 153 181 48 109 155 11 23 154 52 41 28 32 81 133 165 148 160 105 110 1 174 137 159 54 115 27
72 39 127 107 70 104 7 87 134 13 111 86 102 182 196 112 63 50 185 146 195 31 139 176 21 34 78 84 120 122
170 150 22 172 156 76 92 36 197 44 171 138 126 6 123 143 103 108 58 166
