200
9890
4
75.07
96.79
21.6
24.77
0 5
0 7
0 9
0 10
0 12
0 13
0 16
0 17
0 18
0 26
0 28
0 31
0 33
0 34
0 35
0 37
0 40
0 42
0 45
0 47
0 49
0 50
0 52
0 54
0 57
0 60
0 62
0 63
0 65
0 68
0 72
0 74
0 76
0 78
0 83
0 87
0 89
0 90
0 92
0 94
0 95
0 98
0 99
0 100
0 101
0 102
0 104
0 105
0 106
0 107
0 108
0 109
0 113
0 115
0 116
0 117
0 120
0 124
0 126
0 128
0 129
0 131
0 133
0 134
0 135
0 138
0 139
0 142
0 143
0 145
0 148
0 149
0 152
0 155
0 156
0 157
0 159
0 161
0 162
0 165
0 168
0 170
0 172
0 174
0 178
0 179
0 182
0 183
0 184
0 185
0 189
0 191
0 192
0 194
0 195
0 197
1 3
1 4
1 6
1 7
1 10
1 11
1 13
1 14
1 15
1 16
1 18
1 20
1 23
1 24
1 26
1 28
1 30
1 31
1 32
1 35
1 40
1 43
1 44
1 47
1 50
1 54
1 55
1 56
1 58
1 60
1 61
1 62
1 63
1 64
1 66
1 67
1 68
1 69
1 70
1 72
1 75
1 80
1 84
1 85
1 87
1 88
1 89
1 90
1 98
1 100
1 104
1 105
1 107
1 108
1 110
1 111
1 112
1 114
1 117
1 119
1 121
1 123
1 124
1 126
1 131
1 133
1 135
1 136
1 137
1 139
1 143
1 146
1 148
1 150
1 152
1 154
1 156
1 159
1 161
1 162
1 165
1 166
1 168
1 169
1 171
1 174
1 175
1 176
1 177
1 179
1 180
1 181
1 183
1 184
1 185
1 188
1 189
1 190
1 191
1 195
1 198
2 4
2 5
2 6
2 9
2 10
2 11
2 13
2 17
2 18
2 21
2 22
2 23
2 26
2 27
2 30
2 31
2 35
2 37
2 38
2 44
2 45
2 47
2 48
2 50
2 51
2 52
2 55
2 56
2 57
2 60
2 65
2 67
2 69
2 71
2 72
2 76
2 77
2 78
2 82
2 83
2 84
2 86
2 88
2 91
2 92
2 97
2 98
2 99
2 100
2 104
2 105
2 106
2 108
2 110
2 113
2 114
2 116
2 118
2 120
2 121
2 122
2 123
2 124
2 126
2 129
2 135
2 136
2 137
2 138
2 140
2 144
2 148
2 149
2 151
2 155
2 158
2 160
2 162
2 163
2 167
2 171
2 172
2 173
2 175
2 176
2 177
2 191
2 194
2 196
2 197
2 198
2 199
3 4
3 11
3 12
3 14
3 15
3 16
3 20
3 21
3 22
3 23
3 25
3 26
3 27
3 28
3 32
3 33
3 36
3 38
3 42
3 44
3 49
3 53
3 55
3 56
3 59
3 60
3 64
3 66
3 69
3 70
3 71
3 74
3 75
3 76
3 80
3 82
3 85
3 90
3 91
3 94
3 98
3 102
3 103
3 104
3 107
3 110
3 113
3 115
3 117
3 118
3 121
3 123
3 126
3 127
3 129
3 131
3 133
3 134
3 135
3 136
3 138
3 139
3 140
3 143
3 144
3 145
3 148
3 149
3 153
3 156
3 157
3 159
3 161
3 162
3 165
3 167
3 168
3 169
3 171
3 172
3 174
3 179
3 180
3 181
3 183
3 184
3 185
3 187
3 188
3 189
3 190
3 191
3 192
3 193
3 194
3 196
3 198
4 5
4 8
4 9
4 10
4 12
4 15
4 17
4 18
4 23
4 26
4 27
4 29
4 31
4 32
4 35
4 38
4 39
4 40
4 42
4 43
4 45
4 47
4 48
4 49
4 50
4 51
4 52
4 53
4 54
4 56
4 62
4 63
4 68
4 70
4 73
4 75
4 77
4 78
4 81
4 84
4 87
4 91
4 94
4 95
4 96
4 99
4 101
4 102
4 106
4 108
4 109
4 110
4 113
4 114
4 116
4 117
4 118
4 119
4 120
4 123
4 124
4 126
4 127
4 131
4 132
4 133
4 135
4 136
4 137
4 139
4 141
4 142
4 143
4 144
4 146
4 150
4 151
4 152
4 153
4 155
4 156
4 158
4 159
4 160
4 165
4 166
4 169
4 170
4 172
4 173
4 176
4 178
4 179
4 181
4 182
4 183
4 186
4 188
4 193
4 194
4 195
4 196
4 198
5 6
5 7
5 10
5 12
5 13
5 15
5 18
5 19
5 21
5 23
5 25
5 28
5 31
5 32
5 36
5 37
5 42
5 43
5 44
5 46
5 49
5 50
5 51
5 54
5 59
5 61
5 63
5 66
5 67
5 73
5 74
5 78
5 82
5 83
5 84
5 86
5 87
5 88
5 91
5 93
5 95
5 99
5 100
5 102
5 104
5 105
5 106
5 109
5 111
5 112
5 114
5 116
5 119
5 120
5 122
5 123
5 124
5 125
5 127
5 128
5 131
5 132
5 133
5 134
5 135
5 136
5 139
5 142
5 143
5 144
5 148
5 151
5 153
5 155
5 156
5 157
5 158
5 159
5 161
5 165
5 167
5 168
5 172
5 175
5 179
5 183
5 187
5 189
5 191
5 195
5 196
5 198
6 8
6 9
6 11
6 13
6 15
6 16
6 20
6 21
6 22
6 24
6 25
6 28
6 29
6 33
6 34
6 35
6 37
6 38
6 41
6 43
6 45
6 48
6 50
6 51
6 54
6 55
6 58
6 61
6 63
6 67
6 68
6 71
6 74
6 75
6 76
6 77
6 78
6 79
6 80
6 81
6 82
6 83
6 84
6 85
6 86
6 88
6 89
6 91
6 93
6 104
6 105
6 106
6 108
6 109
6 111
6 112
6 115
6 117
6 119
6 120
6 121
6 125
6 126
6 128
6 129
6 132
6 137
6 139
6 140
6 141
6 142
6 143
6 145
6 147
6 148
6 149
6 150
6 153
6 154
6 161
6 162
6 163
6 164
6 167
6 168
6 169
6 170
6 171
6 174
6 177
6 179
6 181
6 182
6 184
6 187
6 189
6 192
6 193
6 194
6 197
6 198
7 12
7 14
7 15
7 16
7 21
7 22
7 23
7 29
7 30
7 31
7 32
7 33
7 34
7 36
7 37
7 44
7 45
7 49
7 51
7 52
7 54
7 57
7 58
7 60
7 69
7 72
7 74
7 76
7 77
7 78
7 80
7 81
7 83
7 87
7 88
7 90
7 91
7 92
7 94
7 95
7 97
7 98
7 99
7 101
7 102
7 104
7 105
7 106
7 107
7 109
7 110
7 111
7 117
7 119
7 120
7 127
7 129
7 131
7 132
7 136
7 140
7 141
7 143
7 144
7 146
7 147
7 149
7 150
7 151
7 152
7 153
7 154
7 156
7 157
7 158
7 159
7 163
7 166
7 168
7 170
7 175
7 176
7 177
7 178
7 180
7 182
7 183
7 184
7 188
7 194
7 195
7 196
7 197
7 199
8 9
8 12
8 13
8 15
8 17
8 18
8 19
8 20
8 21
8 23
8 26
8 28
8 31
8 33
8 34
8 35
8 38
8 39
8 41
8 42
8 45
8 48
8 50
8 51
8 52
8 53
8 54
8 55
8 57
8 58
8 59
8 60
8 62
8 64
8 68
8 69
8 70
8 73
8 77
8 78
8 86
8 91
8 92
8 93
8 94
8 99
8 102
8 103
8 104
8 106
8 108
8 109
8 111
8 112
8 113
8 114
8 115
8 118
8 119
8 120
8 121
8 122
8 125
8 126
8 127
8 128
8 130
8 132
8 133
8 134
8 135
8 137
8 139
8 140
8 142
8 144
8 147
8 148
8 149
8 150
8 151
8 152
8 154
8 155
8 158
8 161
8 162
8 165
8 167
8 168
8 172
8 173
8 174
8 175
8 178
8 179
8 182
8 183
8 185
8 186
8 187
8 188
8 189
8 190
8 192
8 195
8 196
8 199
9 11
9 14
9 15
9 17
9 19
9 23
9 26
9 27
9 29
9 31
9 34
9 36
9 37
9 38
9 41
9 42
9 43
9 46
9 47
9 51
9 52
9 55
9 57
9 58
9 61
9 62
9 64
9 65
9 68
9 69
9 71
9 76
9 77
9 79
9 81
9 83
9 84
9 89
9 91
9 92
9 104
9 105
9 106
9 107
9 108
9 111
9 114
9 115
9 116
9 120
9 121
9 125
9 128
9 130
9 132
9 133
9 138
9 144
9 145
9 153
9 154
9 155
9 156
9 157
9 158
9 159
9 161
9 163
9 165
9 166
9 170
9 171
9 172
9 173
9 176
9 177
9 179
9 180
9 182
9 183
9 186
9 192
9 194
9 195
9 198
10 11
10 12
10 16
10 17
10 23
10 24
10 25
10 28
10 29
10 31
10 32
10 33
10 35
10 39
10 40
10 42
10 43
10 46
10 47
10 49
10 54
10 56
10 58
10 59
10 60
10 61
10 62
10 63
10 66
10 67
10 68
10 70
10 71
10 73
10 75
10 77
10 82
10 84
10 88
10 89
10 90
10 94
10 95
10 96
10 98
10 99
10 101
10 102
10 103
10 104
10 108
10 113
10 114
10 115
10 120
10 121
10 122
10 125
10 126
10 127
10 130
10 134
10 137
10 138
10 143
10 145
10 148
10 156
10 157
10 159
10 161
10 164
10 165
10 167
10 168
10 173
10 174
10 176
10 178
10 179
10 183
10 186
10 187
10 189
10 190
10 191
10 192
10 193
10 197
10 198
11 19
11 20
11 21
11 22
11 23
11 26
11 27
11 29
11 31
11 32
11 34
11 35
11 36
11 37
11 38
11 41
11 45
11 46
11 48
11 51
11 53
11 54
11 57
11 60
11 61
11 65
11 66
11 68
11 70
11 71
11 72
11 73
11 76
11 79
11 80
11 83
11 85
11 86
11 93
11 94
11 95
11 98
11 99
11 101
11 102
11 105
11 109
11 110
11 114
11 123
11 124
11 125
11 127
11 128
11 129
11 131
11 133
11 134
11 136
11 137
11 139
11 140
11 141
11 142
11 143
11 145
11 146
11 148
11 149
11 151
11 155
11 156
11 157
11 158
11 159
11 161
11 162
11 163
11 164
11 166
11 168
11 170
11 172
11 173
11 176
11 177
11 178
11 179
11 180
11 181
11 184
11 190
11 192
11 196
11 197
11 198
12 15
12 19
12 23
12 27
12 29
12 32
12 34
12 35
12 36
12 38
12 39
12 41
12 44
12 46
12 47
12 48
12 55
12 56
12 58
12 59
12 60
12 62
12 63
12 64
12 68
12 69
12 72
12 73
12 74
12 75
12 77
12 78
12 81
12 83
12 84
12 87
12 88
12 89
12 95
12 96
12 104
12 106
12 107
12 109
12 110
12 111
12 113
12 114
12 116
12 117
12 118
12 120
12 123
12 126
12 127
12 128
12 134
12 137
12 142
12 143
12 144
12 145
12 146
12 148
12 149
12 151
12 155
12 157
12 160
12 162
12 166
12 171
12 174
12 175
12 176
12 177
12 178
12 179
12 181
12 182
12 183
12 185
12 186
12 187
12 188
12 189
12 192
12 194
13 15
13 16
13 17
13 20
13 21
13 24
13 27
13 28
13 29
13 30
13 31
13 33
13 34
13 35
13 37
13 39
13 42
13 44
13 45
13 46
13 47
13 50
13 53
13 54
13 55
13 57
13 60
13 63
13 69
13 70
13 78
13 81
13 82
13 84
13 86
13 88
13 90
13 93
13 95
13 97
13 98
13 99
13 102
13 105
13 107
13 108
13 109
13 110
13 113
13 114
13 116
13 117
13 118
13 120
13 122
13 127
13 130
13 136
13 138
13 139
13 145
13 147
13 149
13 151
13 153
13 157
13 159
13 160
13 163
13 167
13 168
13 169
13 172
13 176
13 179
13 182
13 186
13 189
13 190
13 191
13 192
13 193
13 194
13 198
13 199
14 15
14 17
14 18
14 21
14 22
14 23
14 25
14 26
14 27
14 28
14 30
14 36
14 38
14 39
14 41
14 43
14 45
14 46
14 48
14 49
14 50
14 51
14 52
14 53
14 55
14 57
14 58
14 59
14 60
14 61
14 62
14 63
14 64
14 66
14 67
14 70
14 72
14 78
14 79
14 80
14 81
14 82
14 83
14 84
14 85
14 86
14 88
14 89
14 90
14 93
14 96
14 98
14 99
14 100
14 102
14 106
14 107
14 108
14 109
14 112
14 116
14 117
14 120
14 121
14 124
14 129
14 130
14 131
14 140
14 143
14 145
14 147
14 148
14 150
14 152
14 156
14 157
14 158
14 159
14 160
14 164
14 165
14 168
14 169
14 171
14 172
14 173
14 176
14 182
14 183
14 184
14 185
14 190
14 191
14 194
14 195
14 196
14 197
15 16
15 18
15 20
15 22
15 23
15 24
15 28
15 31
15 33
15 38
15 39
15 41
15 42
15 45
15 47
15 48
15 49
15 51
15 52
15 53
15 54
15 55
15 56
15 59
15 61
15 63
15 64
15 70
15 71
15 73
15 74
15 75
15 80
15 81
15 83
15 85
15 87
15 92
15 93
15 94
15 95
15 97
15 100
15 102
15 103
15 104
15 105
15 106
15 110
15 112
15 115
15 116
15 122
15 125
15 127
15 130
15 131
15 132
15 133
15 135
15 136
15 137
15 141
15 142
15 144
15 146
15 150
15 151
15 152
15 154
15 155
15 159
15 160
15 161
15 162
15 164
15 169
15 172
15 174
15 175
15 176
15 177
15 178
15 179
15 181
15 188
15 189
15 191
15 192
15 195
15 197
15 198
15 199
16 17
16 19
16 21
16 22
16 23
16 27
16 29
16 30
16 33
16 35
16 36
16 37
16 44
16 47
16 49
16 51
16 55
16 58
16 60
16 62
16 63
16 64
16 68
16 69
16 70
16 72
16 73
16 74
16 75
16 77
16 80
16 83
16 98
16 99
16 104
16 108
16 111
16 115
16 118
16 123
16 132
16 134
16 135
16 142
16 143
16 144
16 145
16 149
16 150
16 152
16 153
16 154
16 155
16 156
16 158
16 159
16 161
16 163
16 164
16 166
16 167
16 168
16 170
16 173
16 175
16 176
16 177
16 179
16 180
16 184
16 187
16 191
16 193
17 20
17 21
17 22
17 23
17 25
17 26
17 27
17 28
17 29
17 30
17 34
17 38
17 40
17 41
17 42
17 44
17 45
17 50
17 51
17 53
17 58
17 62
17 65
17 67
17 69
17 70
17 71
17 77
17 78
17 79
17 82
17 85
17 86
17 87
17 88
17 90
17 91
17 93
17 95
17 97
17 101
17 102
17 105
17 107
17 108
17 110
17 111
17 112
17 114
17 115
17 120
17 121
17 122
17 126
17 128
17 130
17 131
17 134
17 135
17 137
17 139
17 140
17 141
17 143
17 144
17 145
17 146
17 147
17 148
17 152
17 154
17 156
17 157
17 159
17 160
17 163
17 164
17 166
17 167
17 168
17 169
17 170
17 171
17 173
17 174
17 175
17 176
17 177
17 178
17 179
17 180
17 186
17 187
17 188
17 190
18 19
18 20
18 21
18 23
18 24
18 26
18 27
18 28
18 29
18 30
18 31
18 34
18 38
18 39
18 40
18 41
18 42
18 46
18 47
18 48
18 49
18 51
18 54
18 55
18 57
18 59
18 60
18 61
18 62
18 63
18 64
18 65
18 67
18 69
18 72
18 74
18 75
18 76
18 77
18 80
18 82
18 84
18 86
18 87
18 91
18 96
18 97
18 102
18 103
18 104
18 106
18 109
18 114
18 115
18 117
18 118
18 119
18 120
18 121
18 124
18 125
18 127
18 129
18 132
18 133
18 134
18 135
18 137
18 138
18 139
18 141
18 142
18 143
18 144
18 145
18 146
18 148
18 151
18 152
18 158
18 160
18 162
18 163
18 165
18 169
18 176
18 178
18 180
18 182
18 184
18 185
18 186
18 192
18 194
18 195
18 196
19 22
19 24
19 27
19 28
19 29
19 31
19 32
19 35
19 36
19 37
19 39
19 40
19 41
19 45
19 47
19 49
19 50
19 53
19 54
19 55
19 58
19 60
19 61
19 64
19 65
19 67
19 71
19 72
19 73
19 74
19 77
19 78
19 79
19 80
19 81
19 82
19 84
19 85
19 86
19 87
19 88
19 89
19 90
19 92
19 95
19 96
19 97
19 98
19 101
19 102
19 107
19 108
19 110
19 111
19 112
19 113
19 117
19 118
19 120
19 123
19 124
19 127
19 128
19 134
19 135
19 136
19 141
19 142
19 143
19 144
19 146
19 147
19 148
19 150
19 151
19 152
19 154
19 156
19 157
19 158
19 159
19 160
19 161
19 162
19 163
19 165
19 169
19 170
19 171
19 175
19 177
19 178
19 179
19 180
19 182
19 183
19 184
19 185
19 186
19 187
19 188
19 189
19 192
19 195
19 196
19 197
20 21
20 23
20 24
20 25
20 27
20 33
20 34
20 35
20 38
20 41
20 43
20 45
20 47
20 55
20 56
20 58
20 59
20 61
20 62
20 65
20 69
20 70
20 72
20 73
20 75
20 77
20 79
20 80
20 82
20 83
20 86
20 89
20 90
20 91
20 92
20 93
20 94
20 96
20 98
20 102
20 103
20 105
20 106
20 107
20 110
20 112
20 118
20 119
20 120
20 121
20 122
20 124
20 125
20 126
20 127
20 128
20 134
20 135
20 138
20 139
20 140
20 141
20 142
20 143
20 146
20 148
20 149
20 150
20 151
20 152
20 155
20 156
20 159
20 160
20 162
20 166
20 169
20 172
20 173
20 174
20 177
20 178
20 181
20 182
20 183
20 188
20 189
20 191
20 193
20 194
20 197
20 198
21 22
21 23
21 31
21 36
21 37
21 38
21 40
21 44
21 46
21 48
21 49
21 53
21 55
21 56
21 57
21 60
21 62
21 64
21 65
21 66
21 67
21 71
21 73
21 74
21 76
21 77
21 79
21 80
21 81
21 82
21 83
21 89
21 91
21 92
21 95
21 97
21 98
21 99
21 103
21 104
21 105
21 106
21 110
21 112
21 113
21 114
21 115
21 116
21 118
21 119
21 120
21 122
21 123
21 124
21 126
21 131
21 135
21 142
21 144
21 145
21 151
21 152
21 155
21 157
21 158
21 159
21 160
21 161
21 163
21 164
21 165
21 168
21 169
21 171
21 172
21 173
21 176
21 177
21 183
21 185
21 186
21 188
21 192
21 193
21 194
21 195
21 196
21 199
22 27
22 29
22 34
22 35
22 36
22 37
22 38
22 43
22 44
22 50
22 52
22 56
22 59
22 62
22 63
22 64
22 65
22 67
22 72
22 73
22 76
22 81
22 84
22 86
22 89
22 93
22 94
22 95
22 97
22 98
22 99
22 100
22 102
22 105
22 106
22 107
22 110
22 111
22 112
22 114
22 116
22 119
22 122
22 127
22 129
22 130
22 132
22 133
22 136
22 137
22 141
22 142
22 144
22 145
22 146
22 147
22 148
22 152
22 154
22 155
22 159
22 160
22 161
22 165
22 167
22 173
22 175
22 176
22 177
22 178
22 179
22 180
22 182
22 183
22 184
22 186
22 189
22 190
22 193
22 195
22 198
23 24
23 25
23 28
23 30
23 32
23 40
23 42
23 44
23 47
23 48
23 49
23 50
23 51
23 52
23 53
23 58
23 59
23 60
23 64
23 67
23 70
23 72
23 74
23 75
23 76
23 78
23 79
23 80
23 81
23 87
23 88
23 89
23 90
23 92
23 94
23 95
23 96
23 97
23 98
23 99
23 102
23 104
23 108
23 109
23 110
23 113
23 114
23 117
23 119
23 120
23 122
23 125
23 126
23 128
23 130
23 132
23 134
23 139
23 145
23 146
23 147
23 151
23 154
23 155
23 158
23 161
23 163
23 165
23 166
23 168
23 169
23 173
23 174
23 177
23 178
23 179
23 184
23 187
23 188
23 192
23 194
23 199
24 25
24 28
24 30
24 33
24 35
24 39
24 42
24 45
24 46
24 48
24 50
24 52
24 54
24 55
24 63
24 64
24 65
24 72
24 76
24 77
24 79
24 82
24 84
24 87
24 88
24 94
24 96
24 97
24 101
24 102
24 107
24 109
24 110
24 112
24 120
24 122
24 124
24 125
24 126
24 130
24 131
24 133
24 135
24 137
24 138
24 140
24 141
24 145
24 147
24 148
24 149
24 151
24 152
24 154
24 156
24 158
24 160
24 161
24 165
24 166
24 168
24 169
24 170
24 171
24 173
24 175
24 177
24 178
24 179
24 181
24 183
24 185
24 187
24 188
24 189
24 192
24 194
24 195
24 196
24 197
24 199
25 26
25 27
25 28
25 29
25 30
25 31
25 32
25 34
25 35
25 36
25 40
25 41
25 43
25 44
25 45
25 46
25 47
25 48
25 49
25 50
25 51
25 53
25 54
25 57
25 58
25 59
25 60
25 62
25 63
25 64
25 67
25 68
25 69
25 70
25 72
25 73
25 75
25 76
25 78
25 79
25 80
25 82
25 84
25 86
25 87
25 88
25 92
25 99
25 101
25 102
25 111
25 116
25 121
25 122
25 125
25 127
25 128
25 132
25 134
25 136
25 139
25 141
25 145
25 147
25 149
25 150
25 151
25 154
25 157
25 159
25 162
25 164
25 165
25 167
25 169
25 170
25 171
25 172
25 174
25 176
25 179
25 180
25 185
25 186
25 189
25 192
25 197
25 199
26 27
26 33
26 34
26 36
26 39
26 41
26 43
26 44
26 46
26 48
26 51
26 52
26 53
26 54
26 56
26 57
26 58
26 59
26 64
26 66
26 67
26 68
26 73
26 74
26 75
26 77
26 78
26 79
26 81
26 82
26 88
26 89
26 90
26 92
26 93
26 96
26 97
26 99
26 101
26 102
26 105
26 106
26 107
26 108
26 109
26 110
26 111
26 113
26 116
26 117
26 120
26 121
26 124
26 126
26 127
26 128
26 130
26 132
26 133
26 134
26 135
26 136
26 137
26 140
26 141
26 145
26 147
26 149
26 150
26 154
26 157
26 160
26 161
26 162
26 163
26 164
26 167
26 174
26 176
26 179
26 183
26 184
26 189
26 193
26 194
26 195
26 197
27 28
27 29
27 32
27 33
27 35
27 38
27 40
27 41
27 42
27 43
27 44
27 49
27 52
27 55
27 59
27 60
27 61
27 62
27 66
27 69
27 70
27 72
27 73
27 76
27 78
27 79
27 81
27 84
27 85
27 87
27 88
27 89
27 91
27 92
27 93
27 96
27 98
27 100
27 102
27 103
27 104
27 105
27 108
27 109
27 110
27 111
27 113
27 115
27 119
27 120
27 122
27 123
27 124
27 125
27 132
27 134
27 137
27 138
27 139
27 143
27 147
27 148
27 151
27 152
27 153
27 155
27 156
27 158
27 159
27 162
27 163
27 165
27 167
27 168
27 169
27 171
27 174
27 176
27 177
27 179
27 182
27 183
27 184
27 186
27 187
27 188
27 189
27 190
27 192
27 194
28 29
28 31
28 33
28 37
28 38
28 40
28 41
28 45
28 48
28 49
28 50
28 51
28 54
28 55
28 58
28 59
28 60
28 61
28 62
28 63
28 66
28 67
28 70
28 74
28 75
28 79
28 80
28 81
28 83
28 84
28 85
28 87
28 93
28 95
28 96
28 97
28 99
28 100
28 101
28 102
28 103
28 105
28 109
28 110
28 112
28 116
28 117
28 119
28 122
28 124
28 126
28 128
28 129
28 131
28 136
28 137
28 138
28 140
28 141
28 143
28 144
28 145
28 147
28 149
28 154
28 155
28 160
28 162
28 163
28 164
28 167
28 169
28 170
28 171
28 172
28 174
28 176
28 177
28 178
28 179
28 181
28 182
28 183
28 184
28 185
28 186
28 187
28 188
28 192
28 194
28 197
28 198
28 199
29 32
29 33
29 35
29 37
29 39
29 41
29 42
29 44
29 47
29 48
29 51
29 53
29 57
29 58
29 61
29 63
29 65
29 67
29 69
29 71
29 73
29 75
29 78
29 79
29 81
29 82
29 83
29 84
29 87
29 90
29 91
29 92
29 93
29 95
29 96
29 98
29 99
29 100
29 103
29 105
29 106
29 107
29 108
29 109
29 110
29 111
29 112
29 113
29 114
29 115
29 116
29 119
29 121
29 122
29 124
29 126
29 132
29 133
29 135
29 137
29 142
29 145
29 147
29 150
29 151
29 152
29 153
29 156
29 157
29 158
29 161
29 162
29 165
29 167
29 169
29 172
29 173
29 174
29 176
29 179
29 180
29 181
29 183
29 187
29 188
29 192
29 193
29 194
29 195
29 196
29 197
30 36
30 37
30 38
30 39
30 40
30 42
30 43
30 44
30 46
30 47
30 49
30 50
30 56
30 57
30 58
30 60
30 61
30 62
30 64
30 67
30 68
30 69
30 70
30 71
30 72
30 77
30 79
30 80
30 81
30 82
30 83
30 84
30 85
30 86
30 87
30 91
30 93
30 94
30 95
30 97
30 99
30 104
30 105
30 106
30 108
30 109
30 110
30 111
30 112
30 114
30 116
30 117
30 118
30 119
30 121
30 122
30 128
30 129
30 130
30 134
30 135
30 136
30 137
30 138
30 139
30 140
30 143
30 146
30 149
30 152
30 156
30 157
30 159
30 160
30 161
30 164
30 168
30 169
30 171
30 172
30 173
30 174
30 175
30 177
30 179
30 180
30 182
30 183
30 184
30 187
30 188
30 190
30 191
30 194
30 197
30 198
31 34
31 35
31 36
31 37
31 39
31 42
31 50
31 51
31 53
31 54
31 56
31 60
31 61
31 66
31 68
31 69
31 77
31 78
31 79
31 80
31 82
31 84
31 86
31 87
31 88
31 92
31 94
31 96
31 99
31 101
31 102
31 103
31 104
31 105
31 110
31 111
31 112
31 113
31 114
31 120
31 122
31 123
31 125
31 126
31 127
31 129
31 132
31 133
31 135
31 136
31 137
31 142
31 144
31 146
31 147
31 151
31 152
31 154
31 156
31 157
31 158
31 163
31 164
31 165
31 166
31 167
31 169
31 171
31 172
31 173
31 177
31 179
31 180
31 181
31 183
31 186
31 189
31 191
31 193
31 196
31 198
31 199
32 33
32 34
32 35
32 36
32 38
32 45
32 46
32 51
32 54
32 56
32 58
32 72
32 74
32 78
32 79
32 85
32 86
32 87
32 88
32 89
32 92
32 94
32 96
32 97
32 100
32 101
32 104
32 108
32 109
32 110
32 112
32 115
32 117
32 122
32 125
32 127
32 128
32 129
32 130
32 131
32 135
32 137
32 139
32 141
32 142
32 146
32 152
32 153
32 155
32 156
32 158
32 160
32 165
32 166
32 167
32 170
32 175
32 176
32 177
32 182
32 183
32 184
32 185
32 187
32 189
32 190
32 194
32 197
32 198
32 199
33 34
33 35
33 36
33 37
33 38
33 40
33 48
33 51
33 52
33 54
33 55
33 57
33 62
33 67
33 69
33 71
33 74
33 75
33 77
33 79
33 80
33 81
33 83
33 88
33 93
33 94
33 95
33 98
33 101
33 102
33 103
33 104
33 105
33 107
33 108
33 109
33 112
33 114
33 116
33 123
33 125
33 126
33 128
33 129
33 131
33 135
33 137
33 138
33 139
33 140
33 141
33 144
33 147
33 150
33 152
33 153
33 155
33 156
33 158
33 160
33 161
33 167
33 172
33 175
33 176
33 177
33 181
33 184
33 185
33 187
33 191
33 192
33 193
33 194
33 196
34 36
34 37
34 38
34 39
34 42
34 43
34 44
34 45
34 48
34 50
34 51
34 52
34 53
34 54
34 55
34 56
34 57
34 58
34 59
34 61
34 63
34 65
34 66
34 70
34 71
34 72
34 74
34 76
34 78
34 79
34 81
34 82
34 84
34 85
34 86
34 91
34 93
34 95
34 97
34 98
34 99
34 101
34 102
34 103
34 107
34 108
34 112
34 113
34 114
34 115
34 116
34 117
34 118
34 121
34 123
34 124
34 127
34 129
34 132
34 136
34 139
34 142
34 145
34 146
34 148
34 149
34 150
34 151
34 154
34 155
34 157
34 160
34 161
34 164
34 167
34 169
34 170
34 173
34 175
34 178
34 179
34 180
34 181
34 182
34 183
34 184
34 186
34 188
34 189
34 190
34 192
34 194
34 195
34 197
34 198
34 199
35 37
35 42
35 43
35 44
35 46
35 48
35 49
35 50
35 51
35 52
35 53
35 56
35 57
35 58
35 59
35 63
35 64
35 65
35 68
35 69
35 70
35 75
35 76
35 80
35 84
35 86
35 87
35 91
35 93
35 94
35 95
35 96
35 98
35 100
35 101
35 102
35 103
35 104
35 107
35 109
35 110
35 113
35 114
35 115
35 117
35 120
35 121
35 122
35 123
35 125
35 126
35 127
35 132
35 133
35 134
35 135
35 136
35 140
35 141
35 143
35 145
35 147
35 148
35 149
35 150
35 153
35 154
35 155
35 158
35 159
35 162
35 166
35 167
35 168
35 169
35 170
35 171
35 180
35 181
35 182
35 183
35 188
35 190
35 192
35 193
35 195
36 37
36 39
36 42
36 46
36 49
36 50
36 51
36 52
36 53
36 56
36 57
36 60
36 62
36 63
36 64
36 65
36 66
36 67
36 69
36 70
36 71
36 72
36 73
36 76
36 77
36 81
36 82
36 83
36 85
36 88
36 89
36 94
36 95
36 96
36 97
36 98
36 101
36 102
36 104
36 107
36 111
36 115
36 117
36 119
36 120
36 122
36 123
36 124
36 126
36 127
36 129
36 130
36 131
36 132
36 134
36 136
36 137
36 138
36 139
36 141
36 142
36 143
36 145
36 147
36 148
36 150
36 152
36 154
36 155
36 158
36 161
36 164
36 167
36 168
36 170
36 172
36 173
36 176
36 178
36 179
36 183
36 188
36 190
36 193
36 195
36 198
37 38
37 42
37 44
37 45
37 46
37 49
37 51
37 52
37 53
37 54
37 56
37 57
37 58
37 62
37 63
37 65
37 73
37 74
37 75
37 77
37 78
37 82
37 84
37 85
37 88
37 89
37 90
37 92
37 93
37 94
37 97
37 99
37 100
37 103
37 104
37 105
37 106
37 109
37 110
37 111
37 112
37 115
37 116
37 117
37 118
37 120
37 121
37 132
37 133
37 134
37 136
37 137
37 143
37 146
37 149
37 150
37 151
37 152
37 153
37 154
37 155
37 156
37 157
37 158
37 160
37 161
37 162
37 163
37 167
37 168
37 171
37 173
37 174
37 176
37 178
37 179
37 181
37 182
37 183
37 184
37 185
37 186
37 188
37 189
37 190
37 191
37 192
37 193
37 194
37 197
37 199
38 40
38 41
38 42
38 45
38 47
38 50
38 54
38 57
38 58
38 59
38 61
38 62
38 63
38 66
38 69
38 73
38 74
38 75
38 76
38 82
38 83
38 84
38 86
38 90
38 91
38 92
38 96
38 97
38 100
38 102
38 103
38 104
38 110
38 115
38 116
38 117
38 118
38 119
38 120
38 121
38 122
38 124
38 126
38 129
38 130
38 131
38 132
38 135
38 136
38 138
38 140
38 142
38 144
38 145
38 146
38 148
38 150
38 152
38 157
38 158
38 160
38 162
38 163
38 166
38 167
38 169
38 171
38 177
38 180
38 181
38 184
38 188
38 189
38 190
38 192
38 193
38 196
38 197
38 198
39 40
39 42
39 43
39 46
39 47
39 49
39 51
39 52
39 53
39 54
39 56
39 57
39 63
39 64
39 66
39 69
39 72
39 74
39 80
39 81
39 83
39 84
39 86
39 87
39 88
39 89
39 91
39 92
39 93
39 96
39 97
39 98
39 100
39 101
39 105
39 113
39 116
39 117
39 119
39 120
39 123
39 127
39 130
39 134
39 136
39 137
39 139
39 141
39 142
39 143
39 146
39 147
39 149
39 150
39 151
39 156
39 157
39 163
39 164
39 165
39 166
39 172
39 173
39 174
39 176
39 178
39 180
39 181
39 183
39 184
39 185
39 187
39 188
39 190
39 191
39 192
39 194
39 195
39 196
39 197
39 199
40 41
40 42
40 43
40 45
40 49
40 50
40 51
40 52
40 55
40 57
40 58
40 60
40 61
40 62
40 63
40 64
40 66
40 67
40 69
40 70
40 72
40 74
40 75
40 77
40 79
40 81
40 84
40 85
40 86
40 87
40 90
40 95
40 96
40 97
40 98
40 99
40 102
40 103
40 104
40 106
40 109
40 111
40 113
40 117
40 118
40 123
40 133
40 137
40 138
40 140
40 141
40 142
40 144
40 150
40 151
40 153
40 154
40 156
40 158
40 159
40 160
40 161
40 163
40 164
40 165
40 166
40 167
40 169
40 171
40 172
40 174
40 175
40 176
40 178
40 186
40 188
40 189
40 190
40 192
40 195
40 196
40 197
40 199
41 42
41 45
41 46
41 48
41 50
41 52
41 55
41 64
41 65
41 67
41 68
41 70
41 76
41 78
41 81
41 82
41 84
41 86
41 87
41 89
41 94
41 95
41 96
41 99
41 100
41 102
41 103
41 104
41 105
41 109
41 110
41 112
41 114
41 117
41 119
41 121
41 122
41 123
41 124
41 125
41 127
41 128
41 129
41 133
41 135
41 136
41 138
41 139
41 145
41 146
41 147
41 152
41 157
41 161
41 163
41 166
41 168
41 169
41 170
41 172
41 173
41 175
41 176
41 177
41 178
41 179
41 180
41 182
41 183
41 184
41 186
41 187
41 188
41 194
41 195
41 196
41 197
41 199
42 47
42 49
42 50
42 51
42 53
42 55
42 56
42 57
42 61
42 62
42 64
42 67
42 71
42 76
42 77
42 78
42 79
42 81
42 83
42 84
42 85
42 86
42 89
42 92
42 93
42 95
42 96
42 99
42 100
42 101
42 103
42 104
42 107
42 108
42 112
42 114
42 115
42 116
42 117
42 119
42 121
42 125
42 126
42 128
42 129
42 130
42 132
42 133
42 138
42 139
42 142
42 144
42 147
42 148
42 149
42 152
42 153
42 154
42 155
42 157
42 158
42 163
42 164
42 165
42 167
42 171
42 172
42 173
42 178
42 179
42 183
42 184
42 189
42 190
42 191
42 192
42 193
42 194
43 46
43 47
43 49
43 54
43 59
43 60
43 62
43 63
43 66
43 67
43 68
43 69
43 70
43 72
43 73
43 80
43 82
43 86
43 89
43 90
43 91
43 95
43 96
43 97
43 99
43 101
43 102
43 104
43 106
43 107
43 110
43 111
43 112
43 113
43 114
43 115
43 116
43 118
43 119
43 123
43 127
43 128
43 129
43 132
43 133
43 134
43 135
43 136
43 140
43 145
43 146
43 148
43 150
43 153
43 154
43 157
43 158
43 162
43 164
43 166
43 169
43 171
43 172
43 173
43 174
43 175
43 176
43 179
43 180
43 181
43 183
43 187
43 188
43 189
43 190
43 191
43 192
43 196
43 197
43 198
44 46
44 48
44 51
44 57
44 63
44 65
44 68
44 70
44 72
44 75
44 76
44 78
44 82
44 84
44 86
44 87
44 89
44 91
44 92
44 96
44 97
44 101
44 106
44 107
44 110
44 113
44 114
44 115
44 116
44 118
44 119
44 125
44 127
44 129
44 131
44 132
44 139
44 140
44 143
44 144
44 149
44 150
44 153
44 154
44 157
44 158
44 159
44 160
44 161
44 164
44 165
44 167
44 169
44 172
44 174
44 175
44 176
44 177
44 178
44 181
44 182
44 184
44 187
44 188
44 189
44 192
44 193
44 194
44 196
44 198
45 49
45 54
45 56
45 59
45 60
45 61
45 63
45 68
45 69
45 70
45 72
45 73
45 74
45 82
45 83
45 86
45 89
45 91
45 93
45 95
45 98
45 100
45 104
45 106
45 107
45 110
45 113
45 116
45 118
45 126
45 127
45 129
45 130
45 131
45 132
45 133
45 134
45 135
45 138
45 141
45 142
45 143
45 144
45 145
45 150
45 151
45 155
45 156
45 159
45 160
45 161
45 162
45 164
45 165
45 166
45 168
45 172
45 173
45 174
45 176
45 179
45 180
45 181
45 185
45 186
45 189
45 190
45 196
46 48
46 59
46 61
46 66
46 70
46 73
46 75
46 76
46 78
46 79
46 83
46 85
46 88
46 92
46 96
46 97
46 101
46 102
46 103
46 105
46 107
46 108
46 110
46 112
46 113
46 115
46 117
46 118
46 119
46 122
46 124
46 125
46 128
46 130
46 131
46 133
46 135
46 136
46 139
46 140
46 142
46 149
46 152
46 159
46 161
46 164
46 166
46 167
46 170
46 171
46 173
46 174
46 178
46 180
46 181
46 184
46 185
46 188
46 189
46 192
46 193
46 199
47 48
47 49
47 52
47 53
47 54
47 57
47 58
47 59
47 61
47 62
47 63
47 64
47 65
47 68
47 69
47 70
47 71
47 72
47 73
47 75
47 76
47 77
47 79
47 82
47 88
47 89
47 90
47 92
47 93
47 98
47 106
47 108
47 109
47 110
47 111
47 112
47 115
47 119
47 122
47 125
47 127
47 130
47 131
47 133
47 134
47 135
47 136
47 138
47 139
47 140
47 141
47 142
47 143
47 148
47 149
47 153
47 154
47 155
47 156
47 158
47 159
47 160
47 162
47 165
47 167
47 168
47 169
47 172
47 173
47 174
47 175
47 176
47 178
47 179
47 180
47 181
47 184
47 185
47 193
47 195
47 196
47 197
47 199
48 58
48 61
48 64
48 67
48 68
48 69
48 70
48 71
48 72
48 76
48 77
48 80
48 81
48 82
48 84
48 86
48 88
48 89
48 90
48 92
48 93
48 95
48 96
48 100
48 102
48 108
48 109
48 111
48 112
48 114
48 115
48 119
48 120
48 121
48 124
48 128
48 129
48 130
48 132
48 136
48 137
48 138
48 139
48 142
48 144
48 146
48 148
48 149
48 150
48 151
48 155
48 159
48 162
48 163
48 166
48 167
48 169
48 171
48 172
48 174
48 177
48 178
48 179
48 187
48 188
48 189
48 192
48 194
48 197
48 199
49 55
49 56
49 57
49 58
49 62
49 63
49 64
49 65
49 67
49 69
49 70
49 72
49 75
49 76
49 77
49 82
49 83
49 84
49 86
49 87
49 89
49 90
49 92
49 95
49 98
49 99
49 100
49 102
49 106
49 107
49 109
49 110
49 111
49 114
49 127
49 129
49 130
49 131
49 132
49 133
49 136
49 138
49 139
49 141
49 144
49 147
49 148
49 152
49 153
49 156
49 159
49 161
49 162
49 163
49 166
49 167
49 169
49 172
49 174
49 176
49 177
49 178
49 179
49 180
49 181
49 184
49 186
49 190
49 193
49 196
49 198
50 51
50 53
50 55
50 57
50 59
50 62
50 63
50 64
50 65
50 67
50 68
50 71
50 72
50 73
50 74
50 80
50 82
50 86
50 88
50 93
50 94
50 95
50 96
50 97
50 98
50 99
50 102
50 106
50 107
50 108
50 109
50 110
50 111
50 112
50 113
50 117
50 118
50 119
50 123
50 125
50 128
50 131
50 132
50 133
50 136
50 138
50 139
50 140
50 141
50 142
50 143
50 145
50 147
50 152
50 153
50 155
50 156
50 157
50 158
50 159
50 160
50 165
50 167
50 168
50 169
50 170
50 172
50 173
50 174
50 179
50 180
50 183
50 184
50 187
50 189
50 190
50 192
50 194
50 196
50 197
50 198
50 199
51 53
51 57
51 58
51 59
51 60
51 61
51 62
51 63
51 67
51 68
51 69
51 72
51 73
51 74
51 77
51 78
51 79
51 80
51 84
51 87
51 90
51 91
51 92
51 94
51 96
51 97
51 100
51 101
51 103
51 106
51 107
51 108
51 111
51 113
51 114
51 117
51 118
51 120
51 122
51 125
51 131
51 132
51 133
51 134
51 135
51 138
51 139
51 140
51 143
51 144
51 146
51 153
51 154
51 155
51 157
51 159
51 160
51 161
51 163
51 165
51 166
51 169
51 171
51 172
51 175
51 176
51 182
51 183
51 185
51 186
51 187
51 189
51 190
51 192
51 194
51 195
51 196
51 197
51 198
52 58
52 59
52 61
52 63
52 64
52 66
52 67
52 68
52 72
52 73
52 75
52 78
52 79
52 83
52 84
52 88
52 89
52 90
52 91
52 94
52 96
52 99
52 102
52 105
52 107
52 108
52 111
52 112
52 113
52 115
52 118
52 119
52 121
52 123
52 124
52 125
52 128
52 129
52 131
52 132
52 133
52 136
52 143
52 148
52 151
52 153
52 154
52 157
52 158
52 161
52 163
52 166
52 167
52 169
52 170
52 175
52 178
52 181
52 182
52 183
52 184
52 186
52 187
52 191
52 192
52 193
52 196
52 199
53 55
53 56
53 57
53 58
53 59
53 61
53 64
53 65
53 66
53 68
53 69
53 71
53 73
53 74
53 75
53 81
53 82
53 83
53 84
53 86
53 88
53 90
53 92
53 94
53 98
53 100
53 102
53 104
53 109
53 116
53 117
53 118
53 119
53 120
53 123
53 124
53 125
53 127
53 128
53 131
53 136
53 137
53 138
53 139
53 140
53 144
53 145
53 148
53 149
53 153
53 155
53 158
53 163
53 168
53 169
53 170
53 171
53 172
53 173
53 175
53 176
53 178
53 180
53 181
53 182
53 185
53 186
53 187
53 189
53 191
53 192
53 193
53 196
53 197
53 198
54 57
54 58
54 59
54 64
54 65
54 70
54 71
54 73
54 76
54 79
54 80
54 84
54 85
54 88
54 90
54 91
54 93
54 95
54 97
54 98
54 100
54 101
54 102
54 103
54 105
54 108
54 111
54 112
54 113
54 114
54 117
54 120
54 121
54 122
54 123
54 124
54 125
54 126
54 127
54 128
54 132
54 134
54 136
54 138
54 142
54 143
54 146
54 147
54 152
54 154
54 156
54 157
54 159
54 160
54 164
54 165
54 167
54 169
54 171
54 172
54 174
54 176
54 177
54 178
54 179
54 180
54 181
54 182
54 183
54 184
54 185
54 186
54 188
54 189
54 192
54 194
54 196
54 199
55 58
55 61
55 62
55 65
55 70
55 71
55 72
55 73
55 74
55 75
55 76
55 77
55 83
55 85
55 86
55 87
55 88
55 93
55 94
55 96
55 98
55 99
55 100
55 102
55 104
55 105
55 106
55 108
55 110
55 111
55 113
55 118
55 120
55 122
55 123
55 126
55 128
55 130
55 133
55 136
55 137
55 139
55 141
55 142
55 143
55 145
55 146
55 147
55 151
55 152
55 156
55 157
55 158
55 160
55 163
55 164
55 165
55 166
55 168
55 169
55 170
55 171
55 174
55 180
55 181
55 182
55 183
55 185
55 189
55 190
55 194
55 197
56 57
56 58
56 63
56 66
56 68
56 71
56 72
56 77
56 83
56 86
56 88
56 89
56 90
56 91
56 94
56 95
56 96
56 99
56 101
56 104
56 107
56 108
56 109
56 110
56 118
56 119
56 121
56 122
56 123
56 124
56 125
56 129
56 130
56 131
56 132
56 135
56 139
56 143
56 144
56 145
56 146
56 147
56 148
56 149
56 151
56 155
56 158
56 161
56 162
56 167
56 171
56 172
56 174
56 175
56 176
56 178
56 179
56 181
56 183
56 184
56 185
56 186
56 189
56 194
56 195
56 196
57 58
57 61
57 63
57 66
57 68
57 69
57 70
57 71
57 72
57 77
57 78
57 79
57 81
57 83
57 84
57 85
57 88
57 89
57 91
57 92
57 94
57 98
57 100
57 102
57 103
57 104
57 105
57 106
57 107
57 108
57 109
57 113
57 114
57 115
57 118
57 119
57 120
57 121
57 123
57 125
57 126
57 127
57 129
57 133
57 136
57 138
57 141
57 146
57 147
57 148
57 149
57 151
57 155
57 156
57 158
57 159
57 163
57 166
57 167
57 169
57 170
57 173
57 174
57 176
57 177
57 178
57 179
57 184
57 185
57 188
57 189
57 193
57 195
57 196
57 199
58 59
58 60
58 61
58 62
58 66
58 73
58 75
58 76
58 79
58 80
58 81
58 82
58 83
58 85
58 86
58 87
58 93
58 99
58 100
58 102
58 106
58 108
58 112
58 113
58 115
58 118
58 119
58 120
58 122
58 126
58 127
58 128
58 131
58 132
58 135
58 136
58 139
58 143
58 144
58 149
58 151
58 155
58 158
58 159
58 162
58 164
58 165
58 168
58 171
58 172
58 176
58 177
58 188
58 189
58 191
58 192
58 194
58 195
59 61
59 63
59 65
59 66
59 73
59 76
59 77
59 78
59 83
59 85
59 88
59 89
59 91
59 92
59 94
59 96
59 97
59 98
59 99
59 100
59 101
59 102
59 103
59 104
59 105
59 106
59 107
59 112
59 113
59 117
59 119
59 122
59 123
59 127
59 128
59 130
59 132
59 135
59 136
59 137
59 139
59 140
59 141
59 143
59 144
59 147
59 148
59 149
59 152
59 155
59 157
59 160
59 162
59 163
59 167
59 169
59 170
59 172
59 176
59 180
59 181
59 185
59 187
59 189
59 192
59 194
59 195
59 198
60 61
60 62
60 63
60 66
60 67
60 69
60 70
60 74
60 78
60 79
60 80
60 82
60 83
60 84
60 86
60 87
60 88
60 91
60 92
60 93
60 94
60 95
60 97
60 100
60 104
60 107
60 112
60 116
60 117
60 118
60 119
60 122
60 124
60 128
60 130
60 137
60 138
60 139
60 142
60 143
60 144
60 147
60 148
60 150
60 154
60 156
60 158
60 159
60 160
60 161
60 163
60 164
60 165
60 171
60 173
60 174
60 175
60 176
60 177
60 178
60 187
60 190
60 192
60 193
60 196
60 197
60 198
60 199
61 64
61 65
61 66
61 67
61 69
61 72
61 75
61 78
61 79
61 81
61 84
61 86
61 87
61 90
61 91
61 92
61 95
61 97
61 99
61 102
61 106
61 107
61 108
61 112
61 114
61 115
61 116
61 119
61 123
61 124
61 129
61 133
61 134
61 135
61 138
61 140
61 141
61 142
61 143
61 144
61 145
61 147
61 151
61 152
61 153
61 154
61 155
61 156
61 159
61 167
61 169
61 172
61 173
61 176
61 179
61 180
61 183
61 184
61 185
61 186
61 187
61 188
61 189
61 190
61 194
61 195
61 196
61 197
61 198
61 199
62 66
62 67
62 68
62 70
62 71
62 72
62 73
62 75
62 76
62 79
62 82
62 83
62 86
62 89
62 90
62 91
62 92
62 95
62 97
62 98
62 100
62 101
62 102
62 104
62 105
62 109
62 110
62 111
62 112
62 113
62 118
62 119
62 120
62 121
62 122
62 124
62 127
62 133
62 136
62 137
62 138
62 142
62 144
62 145
62 149
62 150
62 151
62 153
62 155
62 158
62 159
62 160
62 162
62 163
62 164
62 166
62 167
62 172
62 174
62 175
62 177
62 179
62 180
62 181
62 182
62 183
62 185
62 187
62 188
62 189
62 190
62 191
62 193
62 195
62 196
63 64
63 66
63 67
63 69
63 71
63 74
63 76
63 77
63 78
63 79
63 80
63 81
63 82
63 84
63 85
63 86
63 89
63 92
63 93
63 97
63 98
63 100
63 103
63 104
63 105
63 108
63 111
63 112
63 113
63 115
63 117
63 118
63 119
63 122
63 123
63 127
63 128
63 131
63 134
63 137
63 138
63 145
63 147
63 148
63 149
63 150
63 152
63 153
63 154
63 155
63 160
63 162
63 165
63 168
63 170
63 175
63 176
63 177
63 178
63 179
63 181
63 182
63 183
63 184
63 185
63 186
63 187
63 190
63 191
63 194
63 196
63 198
63 199
64 65
64 68
64 69
64 70
64 71
64 72
64 73
64 74
64 80
64 82
64 83
64 84
64 85
64 86
64 87
64 89
64 92
64 93
64 95
64 96
64 97
64 98
64 99
64 100
64 102
64 104
64 105
64 106
64 107
64 111
64 115
64 118
64 119
64 120
64 121
64 122
64 123
64 124
64 127
64 128
64 131
64 135
64 136
64 144
64 145
64 146
64 147
64 149
64 152
64 155
64 156
64 157
64 159
64 160
64 162
64 164
64 166
64 168
64 169
64 170
64 173
64 174
64 175
64 177
64 185
64 186
64 187
64 191
64 192
64 193
64 195
64 196
65 69
65 72
65 74
65 75
65 77
65 78
65 80
65 82
65 83
65 84
65 87
65 94
65 97
65 99
65 101
65 102
65 103
65 108
65 110
65 111
65 112
65 114
65 115
65 119
65 123
65 125
65 126
65 127
65 128
65 130
65 131
65 133
65 135
65 136
65 139
65 140
65 141
65 142
65 143
65 144
65 145
65 146
65 147
65 149
65 151
65 153
65 155
65 157
65 158
65 159
65 160
65 162
65 163
65 165
65 166
65 169
65 170
65 172
65 175
65 176
65 177
65 178
65 181
65 182
65 185
65 186
65 188
65 189
65 198
66 67
66 68
66 70
66 71
66 73
66 78
66 79
66 80
66 81
66 83
66 84
66 85
66 86
66 88
66 89
66 90
66 97
66 99
66 100
66 101
66 102
66 103
66 104
66 105
66 106
66 107
66 109
66 112
66 114
66 115
66 117
66 119
66 123
66 125
66 126
66 128
66 129
66 130
66 132
66 136
66 137
66 138
66 139
66 140
66 143
66 145
66 146
66 151
66 152
66 153
66 155
66 156
66 161
66 162
66 163
66 168
66 169
66 171
66 176
66 179
66 181
66 183
66 187
66 188
66 191
66 192
66 194
66 195
66 197
67 69
67 71
67 72
67 75
67 77
67 78
67 79
67 83
67 85
67 86
67 87
67 88
67 90
67 91
67 92
67 93
67 95
67 96
67 97
67 98
67 99
67 100
67 101
67 105
67 106
67 107
67 108
67 112
67 113
67 115
67 116
67 117
67 118
67 120
67 122
67 127
67 128
67 132
67 134
67 137
67 139
67 140
67 141
67 142
67 143
67 145
67 146
67 147
67 148
67 151
67 152
67 153
67 154
67 166
67 169
67 175
67 176
67 181
67 183
67 184
67 187
67 189
67 190
67 192
67 194
67 195
67 196
67 198
68 70
68 71
68 73
68 74
68 75
68 76
68 79
68 80
68 81
68 82
68 83
68 84
68 85
68 87
68 88
68 89
68 96
68 99
68 103
68 106
68 113
68 115
68 122
68 125
68 126
68 129
68 130
68 131
68 132
68 136
68 137
68 147
68 148
68 151
68 154
68 156
68 158
68 159
68 162
68 167
68 169
68 171
68 173
68 174
68 175
68 176
68 179
68 180
68 182
68 183
68 185
68 188
68 191
68 192
68 194
68 196
68 199
69 70
69 71
69 72
69 74
69 75
69 76
69 78
69 80
69 81
69 84
69 85
69 86
69 91
69 92
69 97
69 98
69 99
69 107
69 108
69 109
69 111
69 112
69 113
69 115
69 116
69 117
69 119
69 120
69 121
69 122
69 123
69 129
69 131
69 132
69 137
69 138
69 140
69 143
69 144
69 145
69 146
69 147
69 150
69 153
69 159
69 160
69 162
69 163
69 164
69 165
69 167
69 169
69 170
69 172
69 173
69 174
69 176
69 179
69 180
69 181
69 182
69 183
69 184
69 185
69 187
69 188
69 190
69 191
69 195
69 197
70 73
70 75
70 76
70 78
70 82
70 83
70 84
70 86
70 87
70 89
70 90
70 91
70 92
70 93
70 100
70 102
70 105
70 106
70 107
70 110
70 111
70 113
70 114
70 116
70 118
70 119
70 120
70 122
70 124
70 127
70 130
70 131
70 133
70 137
70 138
70 141
70 142
70 143
70 146
70 147
70 150
70 152
70 153
70 155
70 156
70 157
70 160
70 162
70 163
70 166
70 168
70 169
70 171
70 177
70 178
70 179
70 180
70 186
70 187
70 188
70 189
70 191
70 193
70 195
70 197
70 198
70 199
71 73
71 76
71 77
71 78
71 83
71 86
71 88
71 91
71 93
71 94
71 95
71 97
71 100
71 102
71 103
71 105
71 107
71 109
71 111
71 113
71 114
71 115
71 119
71 120
71 121
71 122
71 125
71 126
71 130
71 134
71 135
71 136
71 137
71 138
71 139
71 140
71 149
71 150
71 153
71 154
71 156
71 158
71 159
71 160
71 163
71 166
71 167
71 170
71 171
71 175
71 176
71 178
71 179
71 180
71 183
71 184
71 185
71 187
71 188
71 189
71 190
71 192
71 193
71 196
71 198
71 199
72 74
72 75
72 76
72 78
72 80
72 81
72 84
72 86
72 87
72 88
72 90
72 92
72 94
72 95
72 97
72 99
72 100
72 101
72 102
72 104
72 107
72 112
72 113
72 116
72 119
72 121
72 123
72 125
72 126
72 127
72 129
72 132
72 134
72 136
72 138
72 142
72 143
72 145
72 147
72 148
72 151
72 153
72 154
72 155
72 158
72 161
72 163
72 164
72 165
72 169
72 170
72 172
72 173
72 174
72 177
72 178
72 179
72 180
72 182
72 183
72 184
72 186
72 188
72 189
72 190
72 191
72 192
72 194
72 196
72 197
73 74
73 75
73 77
73 81
73 85
73 86
73 89
73 90
73 91
73 93
73 94
73 102
73 103
73 105
73 107
73 109
73 111
73 112
73 115
73 116
73 117
73 118
73 120
73 121
73 122
73 125
73 127
73 130
73 131
73 132
73 133
73 135
73 137
73 138
73 142
73 143
73 144
73 148
73 149
73 154
73 156
73 160
73 161
73 162
73 165
73 168
73 170
73 171
73 176
73 177
73 178
73 179
73 180
73 181
73 182
73 187
73 190
73 191
73 192
73 193
73 195
73 196
73 197
73 199
74 77
74 80
74 81
74 82
74 87
74 88
74 90
74 92
74 93
74 94
74 98
74 99
74 100
74 101
74 102
74 105
74 109
74 111
74 112
74 115
74 116
74 118
74 122
74 123
74 124
74 125
74 126
74 130
74 131
74 133
74 135
74 137
74 140
74 141
74 144
74 150
74 151
74 152
74 154
74 156
74 157
74 159
74 177
74 178
74 182
74 184
74 188
74 190
74 192
74 195
74 196
75 76
75 82
75 83
75 86
75 89
75 91
75 92
75 97
75 98
75 100
75 101
75 103
75 106
75 107
75 111
75 113
75 114
75 117
75 119
75 121
75 122
75 130
75 133
75 142
75 145
75 147
75 151
75 152
75 154
75 155
75 157
75 160
75 161
75 163
75 165
75 166
75 168
75 170
75 171
75 174
75 178
75 179
75 182
75 187
75 191
75 192
75 193
75 194
75 196
75 197
76 78
76 86
76 87
76 91
76 92
76 93
76 96
76 97
76 98
76 99
76 100
76 101
76 103
76 104
76 106
76 108
76 111
76 112
76 114
76 115
76 119
76 120
76 121
76 122
76 124
76 126
76 129
76 132
76 134
76 135
76 138
76 142
76 146
76 147
76 150
76 151
76 152
76 153
76 154
76 155
76 160
76 161
76 166
76 167
76 168
76 169
76 173
76 178
76 179
76 182
76 185
76 188
76 189
76 193
76 194
76 196
76 197
76 199
77 78
77 80
77 85
77 86
77 87
77 88
77 89
77 90
77 91
77 93
77 98
77 100
77 101
77 104
77 105
77 106
77 108
77 113
77 114
77 115
77 117
77 119
77 120
77 121
77 122
77 123
77 125
77 126
77 128
77 129
77 135
77 136
77 137
77 138
77 143
77 144
77 145
77 147
77 152
77 154
77 155
77 158
77 161
77 162
77 163
77 168
77 169
77 170
77 171
77 173
77 178
77 179
77 180
77 181
77 182
77 184
77 185
77 187
77 189
77 190
77 191
77 193
77 194
77 197
77 198
78 80
78 81
78 85
78 88
78 89
78 91
78 92
78 93
78 95
78 96
78 99
78 103
78 104
78 107
78 112
78 116
78 117
78 119
78 121
78 123
78 124
78 130
78 131
78 132
78 140
78 141
78 144
78 147
78 149
78 151
78 153
78 154
78 155
78 161
78 162
78 166
78 168
78 170
78 173
78 177
78 181
78 183
78 184
78 185
78 186
78 187
78 188
78 189
78 190
78 192
78 194
78 195
78 198
78 199
79 82
79 83
79 84
79 85
79 87
79 88
79 90
79 92
79 95
79 100
79 101
79 103
79 108
79 109
79 110
79 111
79 113
79 114
79 116
79 117
79 118
79 120
79 126
79 127
79 128
79 129
79 130
79 132
79 136
79 137
79 138
79 140
79 141
79 142
79 143
79 144
79 145
79 146
79 151
79 152
79 153
79 155
79 158
79 159
79 160
79 161
79 162
79 163
79 165
79 168
79 169
79 170
79 174
79 176
79 180
79 181
79 183
79 186
79 188
79 190
79 191
79 197
79 198
79 199
80 82
80 83
80 86
80 87
80 89
80 94
80 97
80 100
80 102
80 108
80 110
80 111
80 116
80 121
80 124
80 126
80 127
80 128
80 129
80 130
80 132
80 133
80 138
80 140
80 141
80 142
80 144
80 145
80 147
80 148
80 149
80 150
80 151
80 154
80 156
80 157
80 160
80 163
80 164
80 165
80 171
80 173
80 174
80 175
80 177
80 178
80 183
80 184
80 185
80 187
80 188
80 189
81 82
81 83
81 86
81 87
81 88
81 89
81 91
81 92
81 94
81 96
81 99
81 100
81 103
81 105
81 106
81 107
81 110
81 112
81 115
81 116
81 117
81 121
81 122
81 125
81 126
81 127
81 128
81 129
81 130
81 131
81 134
81 135
81 136
81 137
81 138
81 139
81 141
81 144
81 145
81 147
81 148
81 149
81 150
81 156
81 157
81 158
81 159
81 160
81 161
81 162
81 163
81 165
81 166
81 167
81 168
81 171
81 176
81 177
81 178
81 179
81 180
81 181
81 184
81 185
81 187
81 189
81 192
81 193
81 195
81 197
81 198
81 199
82 83
82 84
82 85
82 86
82 87
82 92
82 94
82 97
82 107
82 109
82 111
82 118
82 120
82 121
82 126
82 128
82 129
82 131
82 132
82 134
82 135
82 137
82 139
82 141
82 142
82 145
82 146
82 147
82 151
82 152
82 155
82 156
82 158
82 160
82 163
82 165
82 167
82 176
82 178
82 181
82 183
82 184
82 186
82 187
82 188
82 189
82 190
82 191
82 193
82 196
82 197
82 198
82 199
83 91
83 96
83 97
83 98
83 101
83 102
83 107
83 108
83 109
83 110
83 112
83 113
83 115
83 119
83 123
83 127
83 128
83 129
83 132
83 133
83 141
83 144
83 149
83 150
83 151
83 153
83 154
83 155
83 156
83 158
83 160
83 161
83 167
83 168
83 170
83 174
83 175
83 177
83 178
83 179
83 180
83 182
83 184
83 188
83 189
83 193
83 194
83 197
83 199
84 87
84 88
84 90
84 93
84 96
84 97
84 101
84 102
84 104
84 105
84 107
84 108
84 110
84 111
84 114
84 115
84 116
84 118
84 121
84 122
84 123
84 124
84 127
84 128
84 132
84 133
84 139
84 141
84 143
84 145
84 148
84 152
84 155
84 159
84 160
84 166
84 170
84 171
84 174
84 178
84 181
84 183
84 185
84 193
84 194
84 197
84 198
85 87
85 88
85 90
85 94
85 99
85 100
85 102
85 103
85 105
85 108
85 110
85 111
85 112
85 113
85 114
85 115
85 116
85 117
85 122
85 128
85 130
85 132
85 133
85 135
85 140
85 141
85 142
85 144
85 147
85 150
85 152
85 155
85 156
85 158
85 160
85 161
85 164
85 168
85 169
85 170
85 172
85 173
85 176
85 178
85 182
85 183
85 186
85 188
85 189
85 190
85 192
85 193
85 194
85 197
85 198
86 87
86 91
86 93
86 94
86 95
86 98
86 101
86 106
86 110
86 114
86 115
86 116
86 118
86 119
86 128
86 129
86 132
86 136
86 137
86 139
86 140
86 143
86 144
86 146
86 149
86 150
86 151
86 152
86 153
86 155
86 156
86 157
86 159
86 161
86 164
86 167
86 168
86 169
86 170
86 171
86 173
86 176
86 177
86 178
86 179
86 181
86 185
86 186
86 188
86 191
86 192
86 193
86 196
86 197
86 199
87 88
87 89
87 92
87 93
87 98
87 99
87 102
87 103
87 107
87 108
87 110
87 111
87 115
87 116
87 119
87 121
87 125
87 129
87 131
87 136
87 137
87 138
87 139
87 141
87 142
87 143
87 147
87 150
87 152
87 153
87 154
87 155
87 159
87 161
87 162
87 163
87 164
87 167
87 168
87 172
87 176
87 178
87 179
87 183
87 185
87 186
87 187
87 188
87 192
87 194
87 195
87 199
88 89
88 92
88 98
88 100
88 101
88 103
88 104
88 111
88 115
88 118
88 121
88 124
88 125
88 126
88 129
88 130
88 134
88 136
88 137
88 138
88 139
88 140
88 141
88 142
88 152
88 153
88 155
88 158
88 161
88 163
88 165
88 166
88 167
88 173
88 176
88 178
88 181
88 182
88 184
88 187
88 188
88 190
88 191
88 192
88 193
88 195
88 199
89 90
89 91
89 92
89 93
89 94
89 98
89 103
89 105
89 106
89 108
89 111
89 112
89 114
89 115
89 116
89 120
89 121
89 127
89 128
89 130
89 131
89 133
89 134
89 136
89 138
89 139
89 144
89 145
89 146
89 147
89 151
89 152
89 153
89 154
89 157
89 159
89 160
89 162
89 164
89 166
89 170
89 171
89 176
89 178
89 179
89 181
89 184
89 185
89 187
89 190
89 191
89 192
89 193
89 197
90 91
90 92
90 94
90 95
90 97
90 100
90 102
90 103
90 104
90 106
90 107
90 108
90 123
90 124
90 127
90 133
90 134
90 135
90 137
90 138
90 139
90 140
90 141
90 144
90 149
90 150
90 151
90 152
90 155
90 158
90 159
90 162
90 163
90 164
90 165
90 166
90 167
90 168
90 171
90 174
90 175
90 177
90 178
90 179
90 180
90 182
90 187
90 195
90 197
90 198
91 92
91 93
91 94
91 98
91 99
91 101
91 102
91 103
91 104
91 108
91 109
91 110
91 111
91 114
91 116
91 118
91 119
91 120
91 122
91 123
91 124
91 125
91 127
91 130
91 132
91 135
91 136
91 139
91 141
91 142
91 143
91 144
91 145
91 146
91 147
91 149
91 150
91 151
91 153
91 156
91 157
91 165
91 166
91 167
91 171
91 177
91 178
91 179
91 180
91 183
91 184
91 185
91 186
91 188
91 189
91 191
91 192
91 198
91 199
92 93
92 94
92 95
92 96
92 97
92 98
92 102
92 110
92 112
92 115
92 116
92 118
92 122
92 123
92 125
92 126
92 127
92 128
92 134
92 135
92 136
92 139
92 141
92 144
92 147
92 149
92 151
92 156
92 161
92 162
92 163
92 164
92 167
92 170
92 172
92 174
92 177
92 178
92 180
92 182
92 183
92 185
92 188
92 189
92 190
92 191
92 193
92 194
93 94
93 95
93 96
93 97
93 99
93 100
93 102
93 103
93 105
93 107
93 110
93 111
93 112
93 113
93 116
93 117
93 119
93 120
93 121
93 126
93 127
93 128
93 129
93 133
93 134
93 135
93 138
93 140
93 145
93 146
93 149
93 152
93 153
93 156
93 157
93 158
93 159
93 161
93 164
93 165
93 167
93 168
93 171
93 172
93 175
93 176
93 179
93 180
93 184
93 185
93 187
93 189
93 193
93 194
93 195
93 196
94 95
94 97
94 98
94 99
94 100
94 101
94 104
94 107
94 108
94 109
94 111
94 113
94 114
94 115
94 120
94 121
94 122
94 127
94 130
94 131
94 132
94 133
94 135
94 136
94 138
94 139
94 140
94 141
94 142
94 143
94 145
94 146
94 147
94 148
94 149
94 152
94 155
94 157
94 162
94 164
94 166
94 168
94 169
94 170
94 173
94 175
94 178
94 179
94 180
94 182
94 183
94 184
94 185
94 187
94 188
94 193
94 196
94 198
95 96
95 97
95 98
95 101
95 102
95 103
95 105
95 107
95 108
95 109
95 111
95 112
95 116
95 117
95 118
95 119
95 120
95 121
95 122
95 123
95 125
95 126
95 130
95 131
95 133
95 134
95 135
95 137
95 139
95 142
95 145
95 146
95 148
95 149
95 150
95 151
95 156
95 157
95 158
95 165
95 169
95 171
95 174
95 178
95 179
95 180
95 182
95 183
95 185
95 186
95 187
95 188
95 197
95 198
95 199
96 97
96 99
96 101
96 102
96 106
96 107
96 113
96 114
96 116
96 117
96 119
96 120
96 121
96 125
96 126
96 128
96 129
96 130
96 131
96 132
96 133
96 136
96 138
96 142
96 143
96 146
96 149
96 154
96 156
96 157
96 158
96 159
96 160
96 161
96 163
96 164
96 165
96 168
96 169
96 171
96 173
96 174
96 178
96 179
96 181
96 183
96 186
96 188
96 190
96 191
96 192
96 199
97 100
97 104
97 109
97 110
97 113
97 118
97 119
97 120
97 121
97 122
97 126
97 129
97 131
97 132
97 134
97 136
97 138
97 139
97 145
97 146
97 147
97 150
97 152
97 153
97 155
97 156
97 157
97 159
97 162
97 163
97 164
97 166
97 167
97 168
97 169
97 172
97 174
97 175
97 176
97 177
97 178
97 180
97 182
97 185
97 186
97 189
97 190
97 195
97 196
97 197
98 102
98 106
98 107
98 108
98 113
98 114
98 115
98 116
98 118
98 124
98 125
98 126
98 128
98 129
98 130
98 133
98 136
98 137
98 138
98 139
98 140
98 141
98 142
98 143
98 145
98 147
98 149
98 154
98 158
98 159
98 160
98 162
98 163
98 166
98 174
98 176
98 177
98 179
98 181
98 184
98 185
98 186
98 193
98 194
98 196
98 197
99 100
99 101
99 102
99 103
99 106
99 107
99 110
99 111
99 114
99 115
99 117
99 118
99 119
99 123
99 124
99 125
99 126
99 127
99 131
99 133
99 134
99 136
99 138
99 139
99 143
99 144
99 145
99 147
99 149
99 151
99 153
99 157
99 160
99 162
99 164
99 165
99 166
99 168
99 172
99 173
99 174
99 176
99 177
99 180
99 181
99 182
99 186
99 188
99 189
99 191
99 192
99 193
99 194
99 195
99 196
99 197
100 101
100 103
100 105
100 106
100 107
100 115
100 116
100 117
100 118
100 119
100 120
100 121
100 122
100 125
100 127
100 128
100 129
100 133
100 134
100 136
100 137
100 139
100 140
100 143
100 145
100 146
100 150
100 153
100 155
100 158
100 160
100 164
100 165
100 166
100 167
100 169
100 175
100 179
100 182
100 185
100 186
100 187
100 188
100 189
100 190
100 193
100 194
100 195
100 198
101 104
101 105
101 106
101 108
101 112
101 115
101 117
101 118
101 119
101 121
101 123
101 124
101 125
101 126
101 128
101 129
101 131
101 133
101 135
101 136
101 137
101 138
101 140
101 145
101 146
101 149
101 151
101 152
101 153
101 156
101 157
101 158
101 161
101 163
101 164
101 167
101 168
101 170
101 171
101 173
101 174
101 179
101 180
101 181
101 182
101 186
101 190
101 191
101 195
101 197
101 198
101 199
102 103
102 107
102 108
102 112
102 113
102 115
102 116
102 119
102 123
102 125
102 127
102 128
102 129
102 131
102 134
102 135
102 137
102 141
102 142
102 143
102 145
102 151
102 154
102 162
102 163
102 164
102 165
102 166
102 167
102 170
102 171
102 174
102 176
102 178
102 179
102 181
102 183
102 186
102 187
102 193
102 195
102 197
102 198
103 104
103 108
103 112
103 116
103 117
103 118
103 121
103 124
103 129
103 130
103 131
103 133
103 135
103 137
103 140
103 142
103 145
103 149
103 150
103 159
103 161
103 164
103 166
103 167
103 168
103 169
103 174
103 176
103 179
103 180
103 181
103 182
103 184
103 185
103 186
103 190
103 193
103 195
103 196
103 197
103 198
103 199
104 105
104 107
104 109
104 113
104 114
104 116
104 117
104 118
104 120
104 121
104 122
104 124
104 125
104 126
104 127
104 128
104 131
104 132
104 133
104 135
104 141
104 144
104 145
104 147
104 148
104 151
104 152
104 158
104 159
104 160
104 161
104 162
104 164
104 166
104 168
104 169
104 173
104 178
104 179
104 180
104 181
104 183
104 184
104 185
104 186
104 187
104 189
104 191
104 193
104 196
104 199
105 107
105 108
105 109
105 112
105 114
105 116
105 117
105 118
105 119
105 120
105 121
105 124
105 126
105 127
105 129
105 131
105 140
105 141
105 146
105 147
105 149
105 150
105 152
105 155
105 156
105 157
105 160
105 162
105 168
105 169
105 170
105 172
105 174
105 178
105 179
105 184
105 185
105 186
105 187
105 188
105 190
105 191
105 192
105 194
105 197
105 199
106 108
106 109
106 110
106 111
106 115
106 117
106 118
106 123
106 125
106 127
106 131
106 132
106 135
106 137
106 139
106 142
106 146
106 148
106 149
106 150
106 155
106 156
106 157
106 158
106 162
106 164
106 165
106 166
106 168
106 170
106 172
106 175
106 177
106 179
106 180
106 181
106 182
106 183
106 187
106 189
106 192
106 193
106 195
106 199
107 108
107 109
107 111
107 113
107 117
107 118
107 119
107 121
107 122
107 123
107 124
107 125
107 129
107 132
107 133
107 135
107 136
107 140
107 143
107 144
107 145
107 147
107 148
107 150
107 151
107 153
107 154
107 158
107 160
107 164
107 165
107 166
107 169
107 172
107 176
107 180
107 184
107 186
107 187
107 193
107 194
107 195
107 197
107 199
108 110
108 111
108 112
108 114
108 115
108 116
108 118
108 119
108 120
108 122
108 125
108 128
108 130
108 134
108 135
108 137
108 138
108 141
108 146
108 147
108 149
108 150
108 152
108 153
108 155
108 156
108 158
108 159
108 161
108 162
108 164
108 165
108 166
108 167
108 169
108 171
108 173
108 175
108 177
108 178
108 180
108 181
108 182
108 183
108 184
108 186
108 187
108 188
108 189
108 198
108 199
109 111
109 115
109 116
109 118
109 122
109 124
109 125
109 126
109 127
109 128
109 129
109 131
109 132
109 133
109 135
109 136
109 140
109 143
109 148
109 151
109 153
109 154
109 157
109 158
109 160
109 161
109 162
109 163
109 164
109 167
109 168
109 169
109 170
109 171
109 172
109 173
109 174
109 175
109 176
109 178
109 179
109 180
109 181
109 184
109 186
109 191
109 192
109 194
109 196
109 198
110 111
110 112
110 115
110 117
110 118
110 120
110 121
110 122
110 123
110 124
110 125
110 129
110 130
110 132
110 135
110 138
110 139
110 140
110 144
110 145
110 146
110 148
110 150
110 151
110 153
110 154
110 155
110 156
110 157
110 158
110 159
110 163
110 166
110 168
110 169
110 170
110 172
110 174
110 177
110 179
110 180
110 182
110 186
110 189
110 191
110 194
110 197
111 112
111 114
111 115
111 117
111 122
111 123
111 124
111 125
111 126
111 128
111 132
111 134
111 135
111 136
111 138
111 140
111 141
111 143
111 144
111 145
111 147
111 148
111 151
111 152
111 154
111 155
111 158
111 159
111 160
111 161
111 162
111 165
111 166
111 167
111 172
111 174
111 175
111 178
111 181
111 183
111 184
111 187
111 194
111 196
111 198
111 199
112 113
112 117
112 118
112 120
112 122
112 125
112 128
112 129
112 132
112 134
112 136
112 137
112 138
112 139
112 144
112 146
112 148
112 152
112 155
112 157
112 158
112 161
112 162
112 164
112 171
112 172
112 173
112 176
112 179
112 181
112 183
112 184
112 188
112 192
112 193
112 194
112 195
112 196
112 199
113 115
113 116
113 117
113 121
113 123
113 124
113 126
113 128
113 130
113 134
113 137
113 139
113 140
113 141
113 143
113 144
113 145
113 146
113 148
113 149
113 150
113 152
113 153
113 154
113 155
113 156
113 166
113 168
113 170
113 172
113 173
113 176
113 180
113 181
113 183
113 184
113 189
113 190
113 191
113 192
113 193
113 196
113 197
113 198
114 119
114 124
114 129
114 130
114 134
114 139
114 141
114 143
114 145
114 147
114 148
114 149
114 150
114 151
114 152
114 154
114 155
114 156
114 157
114 159
114 161
114 162
114 166
114 168
114 171
114 172
114 174
114 175
114 176
114 177
114 184
114 186
114 187
114 190
114 191
114 192
114 193
114 194
114 196
114 197
115 118
115 120
115 125
115 126
115 128
115 129
115 130
115 132
115 133
115 135
115 136
115 138
115 140
115 141
115 142
115 143
115 148
115 152
115 153
115 157
115 158
115 160
115 161
115 162
115 163
115 164
115 166
115 167
115 168
115 169
115 171
115 173
115 177
115 178
115 179
115 182
115 183
115 184
115 186
115 187
115 188
115 189
115 190
115 193
115 194
115 196
115 197
116 118
116 119
116 124
116 126
116 127
116 130
116 131
116 132
116 133
116 134
116 135
116 136
116 137
116 139
116 143
116 144
116 146
116 147
116 149
116 150
116 152
116 153
116 154
116 158
116 161
116 163
116 164
116 171
116 172
116 173
116 175
116 176
116 177
116 183
116 186
116 187
116 194
116 199
117 118
117 119
117 122
117 124
117 126
117 130
117 131
117 135
117 139
117 140
117 142
117 148
117 150
117 151
117 152
117 154
117 159
117 163
117 165
117 166
117 167
117 168
117 169
117 171
117 173
117 174
117 175
117 176
117 177
117 179
117 182
117 184
117 186
117 187
117 190
117 192
117 193
117 194
117 195
117 197
118 120
118 121
118 123
118 127
118 129
118 130
118 131
118 132
118 133
118 134
118 136
118 137
118 140
118 143
118 144
118 147
118 148
118 149
118 150
118 153
118 154
118 155
118 157
118 158
118 162
118 165
118 168
118 169
118 171
118 172
118 173
118 174
118 175
118 179
118 181
118 183
118 186
118 187
118 188
118 189
118 190
118 192
118 193
118 195
118 196
119 124
119 126
119 128
119 129
119 136
119 138
119 140
119 143
119 144
119 146
119 149
119 154
119 157
119 160
119 163
119 166
119 167
119 168
119 175
119 179
119 184
119 185
119 187
119 197
119 198
120 125
120 128
120 129
120 130
120 131
120 134
120 135
120 142
120 143
120 144
120 148
120 149
120 153
120 155
120 156
120 157
120 158
120 159
120 161
120 162
120 163
120 165
120 167
120 171
120 172
120 173
120 174
120 178
120 182
120 186
120 189
120 190
120 192
120 194
121 124
121 125
121 127
121 128
121 131
121 133
121 134
121 135
121 141
121 143
121 146
121 148
121 150
121 155
121 158
121 159
121 160
121 161
121 162
121 164
121 165
121 167
121 168
121 171
121 172
121 174
121 175
121 177
121 178
121 179
121 182
121 184
121 186
121 189
121 192
121 194
121 195
121 196
121 197
121 198
121 199
122 123
122 124
122 125
122 127
122 128
122 130
122 134
122 136
122 137
122 143
122 144
122 147
122 148
122 152
122 153
122 154
122 156
122 161
122 165
122 167
122 169
122 172
122 173
122 175
122 179
122 181
122 184
122 185
122 186
122 187
122 188
122 189
122 193
122 194
122 196
122 198
123 124
123 129
123 132
123 133
123 134
123 136
123 137
123 138
123 141
123 142
123 144
123 146
123 149
123 151
123 152
123 153
123 154
123 155
123 158
123 159
123 163
123 165
123 169
123 171
123 173
123 174
123 178
123 179
123 187
123 188
123 189
123 190
123 191
123 195
123 196
123 197
123 199
124 125
124 128
124 129
124 130
124 133
124 134
124 137
124 138
124 139
124 141
124 143
124 144
124 145
124 146
124 147
124 149
124 150
124 154
124 155
124 156
124 157
124 158
124 159
124 162
124 163
124 164
124 165
124 166
124 167
124 168
124 169
124 170
124 171
124 172
124 173
124 176
124 179
124 182
124 184
124 185
124 187
124 188
124 189
124 190
124 191
124 192
124 193
124 194
124 198
124 199
125 126
125 128
125 130
125 131
125 132
125 133
125 135
125 137
125 138
125 139
125 141
125 142
125 146
125 152
125 154
125 156
125 157
125 158
125 161
125 162
125 164
125 166
125 169
125 171
125 172
125 178
125 180
125 181
125 182
125 185
125 186
125 189
125 191
125 193
125 195
125 196
125 197
125 198
125 199
126 127
126 130
126 131
126 136
126 137
126 139
126 140
126 141
126 142
126 143
126 144
126 147
126 148
126 151
126 155
126 156
126 157
126 159
126 161
126 162
126 163
126 164
126 165
126 167
126 168
126 170
126 172
126 173
126 175
126 176
126 179
126 180
126 185
126 186
126 188
126 189
126 190
126 191
126 194
126 196
127 129
127 130
127 131
127 132
127 137
127 138
127 142
127 144
127 145
127 146
127 149
127 151
127 155
127 157
127 158
127 160
127 161
127 162
127 164
127 165
127 167
127 168
127 169
127 175
127 176
127 178
127 181
127 185
127 186
127 189
127 190
127 191
127 193
127 196
127 198
127 199
128 129
128 130
128 131
128 132
128 133
128 136
128 137
128 142
128 144
128 145
128 146
128 148
128 151
128 152
128 156
128 157
128 158
128 159
128 160
128 162
128 164
128 167
128 168
128 169
128 171
128 172
128 175
128 178
128 180
128 181
128 182
128 183
128 184
128 185
128 187
128 192
128 193
128 198
128 199
129 130
129 131
129 132
129 138
129 139
129 142
129 145
129 146
129 148
129 150
129 154
129 156
129 157
129 160
129 162
129 165
129 166
129 167
129 168
129 169
129 170
129 174
129 180
129 181
129 184
129 185
129 186
129 188
129 196
129 197
129 198
129 199
130 131
130 133
130 134
130 140
130 142
130 143
130 145
130 146
130 147
130 149
130 150
130 151
130 152
130 157
130 158
130 159
130 160
130 161
130 166
130 167
130 168
130 169
130 174
130 175
130 176
130 178
130 179
130 184
130 189
130 190
130 191
130 193
130 194
130 195
130 198
131 133
131 136
131 138
131 143
131 144
131 145
131 150
131 151
131 155
131 158
131 160
131 164
131 167
131 169
131 170
131 175
131 178
131 179
131 180
131 184
131 185
131 187
131 188
131 189
131 190
131 191
131 192
131 194
131 195
131 196
131 197
131 199
132 134
132 135
132 137
132 139
132 140
132 141
132 143
132 144
132 146
132 147
132 150
132 153
132 155
132 158
132 160
132 162
132 165
132 168
132 170
132 174
132 176
132 178
132 179
132 180
132 181
132 185
132 187
132 188
132 191
132 192
132 194
132 197
132 198
133 134
133 135
133 138
133 145
133 146
133 149
133 150
133 152
133 154
133 158
133 159
133 163
133 168
133 169
133 170
133 171
133 174
133 175
133 177
133 182
133 183
133 185
133 186
133 188
133 189
133 191
133 192
133 193
133 194
133 195
133 196
133 197
133 199
134 138
134 141
134 142
134 143
134 144
134 148
134 149
134 151
134 152
134 153
134 154
134 156
134 159
134 160
134 162
134 165
134 168
134 169
134 171
134 173
134 174
134 175
134 176
134 178
134 179
134 181
134 182
134 185
134 187
134 189
134 193
134 194
134 196
135 136
135 137
135 143
135 144
135 147
135 148
135 150
135 151
135 153
135 154
135 159
135 161
135 164
135 165
135 168
135 173
135 177
135 181
135 182
135 184
135 187
135 188
135 189
135 190
135 191
135 192
135 193
135 195
135 197
135 198
135 199
136 137
136 139
136 140
136 141
136 142
136 147
136 151
136 152
136 153
136 156
136 157
136 159
136 160
136 165
136 166
136 167
136 168
136 169
136 170
136 171
136 172
136 174
136 175
136 176
136 179
136 180
136 182
136 183
136 184
136 186
136 188
136 189
136 192
136 195
136 196
136 198
137 140
137 142
137 145
137 147
137 148
137 149
137 157
137 161
137 165
137 166
137 168
137 169
137 170
137 171
137 172
137 174
137 175
137 179
137 180
137 185
137 188
137 189
137 190
137 192
137 193
137 195
137 196
137 197
138 141
138 142
138 143
138 144
138 145
138 146
138 147
138 158
138 159
138 164
138 167
138 170
138 172
138 173
138 176
138 177
138 183
138 184
138 188
138 189
138 195
138 197
138 199
139 140
139 141
139 142
139 144
139 148
139 151
139 156
139 160
139 161
139 163
139 165
139 167
139 171
139 172
139 178
139 179
139 180
139 181
139 182
139 183
139 185
139 187
139 188
139 189
139 190
139 197
139 199
140 142
140 144
140 148
140 153
140 154
140 155
140 157
140 159
140 160
140 161
140 164
140 165
140 166
140 167
140 168
140 169
140 174
140 176
140 177
140 180
140 184
140 188
140 189
140 190
140 194
140 197
140 199
141 143
141 144
141 146
141 147
141 148
141 149
141 152
141 153
141 156
141 157
141 159
141 161
141 163
141 164
141 167
141 170
141 174
141 175
141 177
141 179
141 180
141 187
141 188
141 189
141 190
141 193
141 194
141 198
142 144
142 146
142 147
142 150
142 153
142 154
142 155
142 160
142 161
142 164
142 165
142 173
142 175
142 176
142 178
142 179
142 180
142 184
142 185
142 186
142 189
142 190
142 191
142 194
142 195
142 196
142 197
142 199
143 144
143 145
143 146
143 147
143 148
143 150
143 154
143 155
143 157
143 162
143 164
143 166
143 168
143 169
143 171
143 175
143 176
143 177
143 181
143 182
143 183
143 184
143 185
143 187
143 190
143 192
143 193
143 196
143 199
144 148
144 152
144 155
144 156
144 157
144 160
144 166
144 171
144 173
144 174
144 176
144 177
144 178
144 179
144 180
144 181
144 185
144 190
144 194
144 195
144 198
144 199
145 150
145 151
145 153
145 154
145 155
145 156
145 157
145 158
145 160
145 163
145 164
145 168
145 169
145 170
145 173
145 177
145 178
145 179
145 181
145 182
145 183
145 185
145 187
145 196
146 147
146 153
146 155
146 156
146 158
146 160
146 162
146 163
146 164
146 166
146 169
146 173
146 174
146 175
146 176
146 178
146 179
146 180
146 181
146 183
146 184
146 188
146 190
146 191
146 193
146 194
146 196
146 198
146 199
147 148
147 150
147 151
147 152
147 153
147 155
147 156
147 158
147 159
147 160
147 161
147 162
147 164
147 165
147 166
147 169
147 172
147 173
147 174
147 175
147 176
147 177
147 180
147 181
147 182
147 189
147 193
147 194
147 195
147 196
148 150
148 151
148 157
148 160
148 161
148 162
148 164
148 165
148 166
148 168
148 169
148 175
148 176
148 182
148 186
148 187
148 188
148 191
148 192
148 195
148 196
148 197
149 150
149 152
149 154
149 155
149 156
149 157
149 158
149 160
149 165
149 166
149 171
149 173
149 176
149 179
149 181
149 183
149 184
149 185
149 189
149 190
149 191
149 197
149 198
149 199
150 152
150 153
150 155
150 156
150 157
150 158
150 159
150 163
150 164
150 168
150 169
150 172
150 174
150 176
150 177
150 178
150 180
150 181
150 186
150 187
150 188
150 190
150 191
150 195
150 196
151 153
151 154
151 156
151 159
151 161
151 163
151 164
151 166
151 167
151 170
151 172
151 173
151 176
151 177
151 178
151 179
151 180
151 181
151 182
151 183
151 184
151 186
151 188
151 189
151 192
151 193
151 194
151 195
151 197
151 198
152 155
152 158
152 160
152 163
152 166
152 168
152 169
152 171
152 172
152 173
152 175
152 177
152 178
152 182
152 183
152 184
152 186
152 187
152 190
152 193
152 194
152 196
152 198
152 199
153 155
153 158
153 164
153 165
153 166
153 167
153 169
153 171
153 173
153 175
153 176
153 177
153 178
153 179
153 181
153 182
153 183
153 185
153 187
153 189
153 191
153 198
154 155
154 157
154 158
154 162
154 164
154 165
154 166
154 168
154 169
154 171
154 173
154 174
154 175
154 178
154 181
154 183
154 185
154 188
154 192
154 193
154 194
154 196
154 197
154 198
155 157
155 159
155 160
155 162
155 165
155 167
155 172
155 174
155 177
155 178
155 179
155 182
155 185
155 187
155 188
155 191
155 192
155 194
155 195
155 199
156 157
156 158
156 159
156 160
156 161
156 162
156 164
156 165
156 166
156 169
156 173
156 176
156 178
156 180
156 184
156 185
156 186
156 188
156 190
156 191
156 192
156 195
156 197
157 158
157 159
157 160
157 161
157 162
157 163
157 164
157 169
157 170
157 171
157 172
157 174
157 175
157 178
157 179
157 181
157 184
157 185
157 187
157 189
157 190
157 191
157 192
157 195
157 196
157 197
158 162
158 163
158 164
158 165
158 167
158 168
158 170
158 171
158 173
158 174
158 175
158 176
158 177
158 180
158 181
158 182
158 183
158 186
158 188
158 190
158 191
158 192
158 193
159 160
159 162
159 163
159 166
159 167
159 170
159 171
159 174
159 178
159 179
159 181
159 183
159 185
159 186
159 187
159 188
159 191
159 195
159 196
159 199
160 161
160 163
160 164
160 165
160 166
160 168
160 169
160 173
160 174
160 177
160 178
160 182
160 183
160 186
160 188
160 189
160 198
160 199
161 163
161 168
161 172
161 177
161 178
161 179
161 182
161 184
161 186
161 187
161 188
161 192
161 193
161 194
161 195
161 196
161 197
162 164
162 166
162 167
162 169
162 170
162 172
162 173
162 181
162 183
162 185
162 188
162 189
162 191
162 196
162 199
163 166
163 168
163 170
163 172
163 176
163 177
163 180
163 183
163 187
163 188
163 189
163 190
163 194
163 196
163 197
164 166
164 167
164 168
164 169
164 170
164 174
164 175
164 178
164 179
164 183
164 187
164 189
164 190
164 191
164 192
164 195
164 196
164 197
164 198
165 166
165 167
165 169
165 171
165 173
165 176
165 179
165 180
165 182
165 183
165 184
165 185
165 186
165 188
165 192
165 196
165 197
165 199
166 170
166 171
166 172
166 173
166 176
166 177
166 179
166 180
166 181
166 185
166 186
166 188
166 189
166 191
166 192
166 195
167 169
167 170
167 171
167 173
167 176
167 178
167 179
167 180
167 182
167 184
167 185
167 188
167 190
167 191
167 192
167 193
167 198
167 199
168 169
168 172
168 173
168 174
168 175
168 178
168 179
168 181
168 182
168 183
168 184
168 185
168 186
168 193
168 195
168 198
169 171
169 175
169 176
169 178
169 179
169 181
169 187
169 190
169 192
169 194
169 195
169 197
169 198
169 199
170 171
170 172
170 174
170 176
170 179
170 180
170 181
170 185
170 187
170 189
170 190
170 193
170 195
170 198
171 172
171 173
171 174
171 177
171 183
171 184
171 187
171 190
171 192
171 193
171 194
171 196
171 197
171 198
172 174
172 175
172 176
172 177
172 178
172 179
172 181
172 184
172 188
172 190
172 193
172 194
172 195
172 197
172 198
173 174
173 175
173 178
173 183
173 185
173 186
173 189
173 190
173 192
173 197
174 175
174 177
174 180
174 181
174 184
174 185
174 186
174 188
174 189
174 193
174 194
174 195
174 196
174 199
175 178
175 181
175 186
175 190
175 191
175 192
175 194
175 195
175 198
175 199
176 183
176 185
176 187
176 189
176 195
176 198
177 178
177 179
177 180
177 181
177 182
177 184
177 185
177 186
177 187
177 190
177 191
177 192
177 195
177 197
177 198
177 199
178 181
178 183
178 185
178 187
178 189
178 190
178 191
178 192
178 194
178 195
178 196
178 199
179 182
179 185
179 186
179 187
179 197
180 181
180 185
180 188
180 190
180 193
180 195
180 197
181 182
181 185
181 186
181 188
181 190
181 192
181 194
181 195
181 196
181 198
181 199
182 187
182 188
182 192
182 193
182 195
182 196
182 198
183 186
183 188
183 189
183 190
183 194
183 195
183 196
184 186
184 188
184 190
184 194
185 187
185 188
185 189
185 197
185 199
186 188
186 189
186 190
186 191
186 192
186 194
186 195
186 196
186 199
187 191
187 192
187 193
187 194
187 195
187 199
188 189
188 192
188 193
188 195
188 196
188 197
188 198
188 199
189 190
189 191
189 192
189 193
189 194
189 195
190 191
190 194
190 195
190 196
190 198
191 193
191 194
191 195
191 196
191 197
191 198
192 193
192 194
192 195
192 196
192 199
193 194
193 197
194 195
194 196
194 197
194 199
195 196
195 199
196 197
198 199
175 183 105 19 40 150 42 23 48 57 98 103 179 196 189 46 159 120 158 33 144 146 114 91 172 51 43 56 87 112 62 180 93 145 49 4 123 63 60 13 2 67 155 161 79 118 124 133 65 156 29 194 170 130 137 75 82 134 160 14
147 80 184 125 12 37 168 178 50 177 164 99 0 84 54 86 101 59 36 70 20 38 53 26 135 126 117 185 197 191 165 139 152 142 41 195 122 35 47 127 173 44 64 11 18 171 128 52 198 96 77 119 106 39 85 1 5 169 16 22
167 92 113 89 143 107 30 100 141 97 88 132 108 157 83 138 140 78 31 61 73 115 110 116 17 34 9 109 187 95 15 25 181 74 190 129 28 153 6 148 102 21 136 45 69 27 90 186 104 188 154 8 192 166 10 55 174 121 149 193
7 32 24 182 162 72 131 94 176 151 111 68 71 3 199 76 66 163 81 58
