200
11823
4
63.06
56.54
20.64
47.83
0 1
0 3
0 4
0 5
0 8
0 10
0 12
0 13
0 14
0 15
0 16
0 22
0 23
0 24
0 25
0 26
0 27
0 29
0 30
0 31
0 32
0 33
0 35
0 36
0 38
0 40
0 42
0 43
0 48
0 49
0 51
0 52
0 54
0 57
0 59
0 60
0 61
0 64
0 65
0 66
0 67
0 68
0 69
0 70
0 71
0 77
0 78
0 80
0 81
0 82
0 83
0 84
0 85
0 86
0 87
0 89
0 90
0 97
0 98
0 101
0 103
0 107
0 108
0 109
0 110
0 111
0 112
0 113
0 114
0 115
0 116
0 118
0 120
0 121
0 122
0 124
0 129
0 130
0 131
0 132
0 133
0 135
0 136
0 138
0 140
0 142
0 143
0 144
0 145
0 146
0 149
0 152
0 153
0 154
0 155
0 156
0 158
0 159
0 160
0 161
0 167
0 171
0 174
0 175
0 176
0 179
0 181
0 182
0 183
0 186
0 189
0 190
0 191
0 195
0 196
0 197
0 199
1 3
1 5
1 6
1 7
1 10
1 11
1 13
1 15
1 16
1 17
1 20
1 23
1 26
1 27
1 28
1 30
1 31
1 33
1 36
1 38
1 39
1 40
1 41
1 42
1 44
1 45
1 50
1 54
1 56
1 57
1 62
1 64
1 68
1 69
1 70
1 71
1 72
1 73
1 75
1 77
1 78
1 79
1 80
1 81
1 82
1 83
1 87
1 88
1 89
1 90
1 91
1 92
1 94
1 95
1 96
1 100
1 103
1 105
1 106
1 108
1 110
1 111
1 112
1 113
1 116
1 119
1 120
1 121
1 122
1 124
1 125
1 129
1 130
1 131
1 132
1 135
1 136
1 138
1 140
1 141
1 143
1 144
1 148
1 149
1 150
1 153
1 154
1 155
1 156
1 158
1 159
1 161
1 163
1 164
1 165
1 166
1 168
1 171
1 172
1 176
1 178
1 179
1 180
1 183
1 184
1 188
1 190
1 193
1 194
1 195
1 197
1 199
2 3
2 5
2 6
2 9
2 10
2 11
2 12
2 16
2 17
2 18
2 19
2 21
2 22
2 23
2 24
2 25
2 26
2 27
2 34
2 35
2 36
2 37
2 38
2 39
2 40
2 41
2 42
2 43
2 44
2 46
2 47
2 50
2 51
2 52
2 53
2 54
2 55
2 56
2 58
2 59
2 62
2 65
2 67
2 70
2 71
2 72
2 73
2 77
2 78
2 79
2 80
2 81
2 84
2 85
2 86
2 88
2 89
2 90
2 91
2 92
2 93
2 94
2 97
2 98
2 100
2 101
2 102
2 103
2 104
2 105
2 107
2 109
2 110
2 111
2 112
2 113
2 114
2 115
2 116
2 117
2 119
2 122
2 125
2 126
2 127
2 131
2 132
2 135
2 136
2 137
2 140
2 141
2 143
2 144
2 145
2 146
2 147
2 148
2 150
2 151
2 152
2 153
2 157
2 158
2 160
2 161
2 162
2 163
2 165
2 166
2 167
2 169
2 171
2 173
2 176
2 177
2 178
2 179
2 180
2 182
2 185
2 187
2 188
2 189
2 190
2 191
2 192
2 195
2 196
2 197
2 198
2 199
3 4
3 5
3 7
3 8
3 9
3 10
3 12
3 14
3 16
3 17
3 18
3 20
3 21
3 23
3 24
3 27
3 29
3 31
3 33
3 34
3 35
3 38
3 39
3 42
3 44
3 45
3 46
3 48
3 49
3 51
3 53
3 56
3 57
3 59
3 61
3 63
3 64
3 66
3 68
3 69
3 70
3 71
3 72
3 75
3 76
3 77
3 78
3 81
3 82
3 83
3 84
3 85
3 86
3 87
3 88
3 91
3 92
3 94
3 95
3 97
3 98
3 99
3 102
3 105
3 106
3 109
3 110
3 111
3 112
3 113
3 115
3 118
3 119
3 121
3 122
3 124
3 125
3 127
3 128
3 129
3 131
3 133
3 134
3 136
3 137
3 138
3 140
3 142
3 145
3 146
3 149
3 150
3 151
3 152
3 155
3 156
3 159
3 160
3 161
3 163
3 164
3 165
3 166
3 167
3 168
3 169
3 170
3 171
3 172
3 173
3 175
3 176
3 178
3 179
3 180
3 181
3 182
3 184
3 185
3 187
3 190
3 191
3 192
3 194
3 195
3 197
3 198
3 199
4 5
4 6
4 7
4 8
4 9
4 12
4 13
4 14
4 15
4 17
4 18
4 19
4 20
4 25
4 26
4 27
4 28
4 29
4 30
4 32
4 38
4 39
4 40
4 42
4 43
4 44
4 45
4 46
4 48
4 49
4 50
4 51
4 53
4 58
4 64
4 67
4 70
4 71
4 73
4 74
4 75
4 76
4 77
4 80
4 84
4 85
4 87
4 91
4 92
4 93
4 94
4 95
4 97
4 99
4 101
4 102
4 103
4 104
4 105
4 106
4 107
4 109
4 112
4 113
4 115
4 117
4 119
4 120
4 122
4 123
4 124
4 125
4 126
4 127
4 128
4 129
4 131
4 132
4 134
4 135
4 143
4 145
4 148
4 149
4 150
4 153
4 154
4 155
4 158
4 159
4 160
4 161
4 163
4 165
4 167
4 171
4 172
4 174
4 175
4 176
4 178
4 179
4 180
4 181
4 182
4 183
4 184
4 185
4 186
4 187
4 188
4 189
4 192
4 193
4 194
4 195
4 196
4 197
4 199
5 6
5 7
5 9
5 12
5 17
5 18
5 20
5 21
5 22
5 23
5 24
5 25
5 26
5 27
5 29
5 30
5 31
5 32
5 33
5 35
5 37
5 40
5 42
5 47
5 49
5 51
5 53
5 55
5 56
5 57
5 58
5 59
5 61
5 62
5 64
5 65
5 66
5 69
5 70
5 71
5 74
5 76
5 77
5 81
5 82
5 84
5 85
5 86
5 87
5 88
5 91
5 92
5 93
5 94
5 96
5 97
5 99
5 100
5 101
5 102
5 105
5 106
5 108
5 109
5 114
5 115
5 117
5 118
5 119
5 120
5 122
5 123
5 124
5 125
5 126
5 127
5 129
5 130
5 131
5 132
5 133
5 136
5 137
5 138
5 139
5 140
5 141
5 143
5 144
5 145
5 146
5 147
5 149
5 151
5 154
5 156
5 157
5 158
5 161
5 162
5 167
5 168
5 170
5 171
5 173
5 174
5 175
5 176
5 180
5 181
5 182
5 183
5 184
5 185
5 186
5 188
5 189
5 191
5 192
5 194
5 196
5 199
6 7
6 8
6 9
6 12
6 13
6 14
6 17
6 18
6 20
6 21
6 22
6 25
6 26
6 28
6 29
6 31
6 33
6 37
6 38
6 39
6 40
6 41
6 45
6 46
6 47
6 48
6 53
6 54
6 55
6 56
6 57
6 58
6 59
6 60
6 62
6 63
6 64
6 66
6 67
6 68
6 70
6 71
6 74
6 76
6 79
6 81
6 82
6 84
6 86
6 87
6 88
6 89
6 90
6 91
6 93
6 94
6 95
6 98
6 100
6 102
6 103
6 104
6 106
6 109
6 110
6 111
6 113
6 114
6 116
6 118
6 122
6 123
6 124
6 126
6 127
6 129
6 130
6 131
6 132
6 133
6 137
6 140
6 141
6 142
6 143
6 146
6 148
6 149
6 150
6 154
6 155
6 159
6 160
6 162
6 163
6 165
6 166
6 170
6 171
6 172
6 174
6 175
6 177
6 178
6 181
6 183
6 184
6 188
6 189
6 190
6 191
6 192
6 193
6 194
6 195
6 196
6 197
6 198
6 199
7 8
7 9
7 10
7 14
7 15
7 17
7 18
7 20
7 21
7 23
7 24
7 25
7 26
7 29
7 31
7 32
7 33
7 34
7 37
7 38
7 41
7 46
7 47
7 49
7 51
7 52
7 53
7 54
7 57
7 59
7 61
7 63
7 64
7 65
7 67
7 68
7 69
7 70
7 75
7 78
7 79
7 80
7 82
7 86
7 87
7 88
7 89
7 90
7 91
7 92
7 94
7 95
7 96
7 97
7 99
7 102
7 103
7 104
7 107
7 108
7 112
7 113
7 114
7 115
7 116
7 117
7 118
7 119
7 120
7 123
7 124
7 127
7 128
7 131
7 134
7 135
7 137
7 138
7 139
7 140
7 142
7 143
7 145
7 153
7 154
7 156
7 158
7 159
7 160
7 161
7 162
7 166
7 168
7 169
7 170
7 171
7 172
7 174
7 175
7 176
7 177
7 178
7 185
7 188
7 189
7 191
7 192
7 193
7 194
7 196
7 198
8 9
8 13
8 14
8 15
8 16
8 19
8 23
8 25
8 29
8 31
8 32
8 33
8 35
8 37
8 38
8 39
8 41
8 44
8 45
8 46
8 47
8 48
8 50
8 51
8 53
8 54
8 56
8 57
8 58
8 59
8 62
8 63
8 64
8 65
8 66
8 67
8 68
8 70
8 72
8 76
8 77
8 78
8 80
8 82
8 83
8 85
8 86
8 87
8 88
8 89
8 90
8 91
8 93
8 96
8 99
8 100
8 101
8 102
8 104
8 107
8 108
8 109
8 110
8 111
8 116
8 117
8 118
8 121
8 125
8 126
8 127
8 131
8 132
8 133
8 135
8 136
8 137
8 138
8 141
8 143
8 144
8 145
8 146
8 147
8 148
8 151
8 153
8 155
8 156
8 157
8 160
8 161
8 162
8 164
8 165
8 166
8 167
8 170
8 171
8 173
8 174
8 175
8 176
8 177
8 178
8 179
8 180
8 182
8 183
8 184
8 185
8 189
8 190
8 192
8 193
8 197
8 198
9 10
9 11
9 13
9 14
9 15
9 17
9 18
9 19
9 22
9 23
9 24
9 25
9 28
9 29
9 31
9 32
9 33
9 35
9 36
9 42
9 46
9 47
9 48
9 49
9 50
9 51
9 52
9 54
9 55
9 56
9 57
9 58
9 63
9 64
9 66
9 67
9 69
9 70
9 73
9 74
9 75
9 76
9 77
9 78
9 79
9 80
9 83
9 86
9 88
9 89
9 90
9 95
9 96
9 100
9 101
9 102
9 103
9 105
9 109
9 110
9 111
9 112
9 114
9 115
9 116
9 118
9 121
9 122
9 123
9 124
9 125
9 126
9 127
9 128
9 130
9 134
9 138
9 140
9 142
9 144
9 147
9 148
9 149
9 153
9 154
9 157
9 158
9 159
9 160
9 161
9 162
9 166
9 170
9 171
9 172
9 181
9 182
9 186
9 187
9 188
9 189
9 191
9 193
9 194
9 196
9 197
10 11
10 12
10 13
10 14
10 15
10 16
10 19
10 20
10 21
10 23
10 25
10 29
10 31
10 32
10 33
10 35
10 38
10 39
10 40
10 41
10 42
10 44
10 45
10 47
10 48
10 49
10 55
10 56
10 58
10 61
10 62
10 64
10 65
10 67
10 70
10 72
10 74
10 76
10 77
10 78
10 79
10 80
10 82
10 83
10 86
10 88
10 90
10 91
10 93
10 94
10 97
10 99
10 100
10 102
10 103
10 106
10 107
10 110
10 112
10 113
10 116
10 117
10 118
10 119
10 122
10 124
10 125
10 127
10 128
10 129
10 130
10 132
10 134
10 135
10 136
10 137
10 138
10 140
10 141
10 144
10 145
10 146
10 147
10 150
10 151
10 157
10 159
10 160
10 162
10 164
10 165
10 167
10 171
10 172
10 174
10 178
10 179
10 180
10 181
10 182
10 183
10 184
10 186
10 189
10 190
10 192
10 193
10 194
10 195
10 196
10 197
10 198
10 199
11 12
11 15
11 16
11 17
11 18
11 20
11 25
11 26
11 28
11 29
11 31
11 32
11 33
11 35
11 37
11 39
11 42
11 43
11 44
11 45
11 46
11 47
11 49
11 51
11 52
11 53
11 55
11 57
11 58
11 61
11 62
11 64
11 67
11 69
11 73
11 75
11 77
11 78
11 79
11 80
11 81
11 82
11 84
11 85
11 86
11 88
11 89
11 90
11 91
11 92
11 93
11 94
11 95
11 97
11 98
11 99
11 101
11 102
11 103
11 105
11 106
11 107
11 110
11 111
11 114
11 116
11 117
11 119
11 121
11 122
11 123
11 125
11 126
11 127
11 128
11 129
11 130
11 131
11 132
11 135
11 136
11 138
11 139
11 140
11 141
11 145
11 146
11 148
11 150
11 151
11 152
11 153
11 159
11 160
11 161
11 164
11 165
11 166
11 167
11 168
11 169
11 171
11 172
11 174
11 179
11 181
11 183
11 185
11 187
11 189
11 192
11 193
11 195
11 196
11 198
11 199
12 15
12 16
12 17
12 18
12 24
12 26
12 28
12 29
12 30
12 31
12 34
12 36
12 37
12 39
12 41
12 42
12 44
12 45
12 47
12 49
12 51
12 53
12 54
12 55
12 56
12 57
12 58
12 62
12 65
12 66
12 67
12 68
12 69
12 70
12 71
12 72
12 73
12 74
12 76
12 77
12 79
12 80
12 81
12 86
12 87
12 91
12 92
12 98
12 99
12 102
12 103
12 104
12 106
12 107
12 108
12 109
12 110
12 111
12 113
12 114
12 115
12 117
12 118
12 119
12 120
12 124
12 132
12 135
12 136
12 137
12 138
12 139
12 140
12 142
12 145
12 146
12 147
12 150
12 152
12 154
12 156
12 158
12 160
12 161
12 162
12 163
12 167
12 168
12 170
12 172
12 175
12 176
12 181
12 184
12 189
12 192
12 195
12 197
12 198
13 14
13 15
13 16
13 17
13 18
13 19
13 20
13 23
13 24
13 26
13 28
13 29
13 30
13 31
13 33
13 34
13 37
13 38
13 39
13 40
13 43
13 45
13 46
13 47
13 50
13 51
13 53
13 56
13 57
13 58
13 59
13 61
13 62
13 63
13 64
13 67
13 70
13 72
13 73
13 75
13 76
13 78
13 80
13 82
13 86
13 89
13 92
13 93
13 94
13 95
13 100
13 102
13 106
13 107
13 109
13 110
13 111
13 112
13 113
13 114
13 115
13 117
13 118
13 119
13 121
13 122
13 127
13 128
13 129
13 135
13 137
13 138
13 139
13 140
13 141
13 143
13 144
13 146
13 148
13 149
13 154
13 155
13 157
13 158
13 160
13 161
13 163
13 164
13 165
13 169
13 170
13 171
13 174
13 175
13 176
13 177
13 178
13 179
13 182
13 183
13 185
13 186
13 188
13 189
13 192
13 193
13 195
13 196
14 15
14 20
14 21
14 22
14 23
14 25
14 26
14 27
14 29
14 30
14 31
14 32
14 34
14 35
14 39
14 41
14 45
14 46
14 47
14 49
14 50
14 52
14 53
14 54
14 56
14 59
14 61
14 62
14 63
14 65
14 67
14 71
14 73
14 74
14 75
14 78
14 80
14 81
14 83
14 84
14 85
14 87
14 88
14 91
14 93
14 94
14 95
14 98
14 101
14 104
14 105
14 106
14 109
14 110
14 112
14 113
14 114
14 115
14 116
14 119
14 120
14 121
14 122
14 123
14 125
14 127
14 128
14 129
14 130
14 131
14 132
14 134
14 135
14 137
14 138
14 140
14 141
14 143
14 144
14 145
14 147
14 149
14 150
14 154
14 155
14 156
14 157
14 158
14 159
14 162
14 163
14 164
14 165
14 167
14 168
14 170
14 171
14 176
14 181
14 183
14 184
14 185
14 187
14 188
14 189
14 190
14 191
14 193
14 194
14 195
14 196
14 197
14 198
14 199
15 16
15 17
15 18
15 19
15 20
15 21
15 22
15 23
15 24
15 26
15 27
15 30
15 31
15 32
15 33
15 34
15 35
15 36
15 37
15 40
15 41
15 42
15 43
15 44
15 45
15 50
15 51
15 53
15 54
15 55
15 56
15 57
15 59
15 61
15 62
15 64
15 68
15 69
15 71
15 81
15 83
15 84
15 85
15 86
15 89
15 90
15 91
15 92
15 93
15 94
15 96
15 97
15 101
15 102
15 104
15 106
15 107
15 108
15 110
15 111
15 112
15 114
15 116
15 118
15 119
15 121
15 123
15 125
15 126
15 127
15 130
15 132
15 133
15 135
15 137
15 138
15 143
15 146
15 147
15 150
15 151
15 153
15 155
15 157
15 158
15 159
15 160
15 162
15 165
15 166
15 167
15 168
15 170
15 172
15 173
15 174
15 175
15 176
15 177
15 178
15 179
15 182
15 185
15 187
15 188
15 189
15 193
15 194
15 195
15 196
15 197
15 198
15 199
16 17
16 19
16 20
16 21
16 22
16 26
16 29
16 32
16 36
16 37
16 40
16 42
16 43
16 44
16 45
16 46
16 50
16 51
16 52
16 53
16 55
16 57
16 58
16 59
16 60
16 61
16 63
16 69
16 70
16 71
16 72
16 76
16 77
16 79
16 80
16 82
16 84
16 86
16 90
16 94
16 95
16 96
16 97
16 99
16 104
16 106
16 107
16 109
16 110
16 112
16 116
16 117
16 119
16 120
16 121
16 122
16 128
16 130
16 132
16 133
16 136
16 139
16 140
16 141
16 142
16 143
16 144
16 148
16 149
16 151
16 152
16 153
16 154
16 155
16 157
16 158
16 160
16 162
16 165
16 166
16 168
16 169
16 170
16 171
16 173
16 174
16 175
16 177
16 178
16 179
16 181
16 183
16 184
16 185
16 187
16 189
16 193
16 194
16 196
16 197
16 198
17 21
17 22
17 23
17 24
17 25
17 28
17 29
17 35
17 36
17 37
17 39
17 41
17 44
17 45
17 48
17 52
17 53
17 54
17 55
17 56
17 57
17 58
17 60
17 61
17 62
17 64
17 65
17 66
17 69
17 70
17 73
17 74
17 76
17 77
17 78
17 79
17 80
17 82
17 83
17 87
17 89
17 90
17 94
17 95
17 101
17 103
17 105
17 106
17 107
17 109
17 112
17 113
17 114
17 116
17 120
17 122
17 123
17 124
17 125
17 126
17 127
17 128
17 129
17 131
17 132
17 133
17 138
17 140
17 143
17 144
17 145
17 147
17 148
17 149
17 150
17 153
17 154
17 158
17 159
17 160
17 161
17 162
17 165
17 166
17 167
17 169
17 170
17 172
17 174
17 177
17 179
17 180
17 181
17 182
17 184
17 185
17 187
17 188
17 190
17 195
17 196
17 198
18 19
18 22
18 24
18 25
18 26
18 28
18 29
18 30
18 33
18 34
18 37
18 38
18 39
18 41
18 42
18 43
18 45
18 47
18 49
18 54
18 56
18 59
18 60
18 61
18 63
18 65
18 66
18 67
18 73
18 75
18 77
18 78
18 80
18 81
18 82
18 83
18 84
18 85
18 86
18 88
18 91
18 93
18 95
18 97
18 98
18 100
18 101
18 102
18 105
18 106
18 107
18 108
18 109
18 110
18 111
18 112
18 117
18 119
18 121
18 122
18 124
18 125
18 126
18 127
18 129
18 132
18 133
18 134
18 137
18 138
18 139
18 140
18 141
18 142
18 144
18 145
18 148
18 150
18 151
18 153
18 154
18 156
18 157
18 158
18 159
18 161
18 163
18 165
18 166
18 167
18 168
18 169
18 171
18 174
18 175
18 176
18 177
18 178
18 179
18 181
18 184
18 187
18 189
18 190
18 191
18 192
18 195
18 196
18 198
18 199
19 20
19 22
19 25
19 27
19 28
19 30
19 35
19 36
19 37
19 38
19 39
19 40
19 43
19 44
19 46
19 47
19 48
19 50
19 51
19 52
19 53
19 55
19 56
19 57
19 59
19 60
19 62
19 63
19 64
19 65
19 69
19 71
19 72
19 73
19 74
19 75
19 77
19 78
19 81
19 82
19 85
19 86
19 89
19 91
19 98
19 99
19 100
19 101
19 102
19 104
19 105
19 106
19 110
19 115
19 116
19 117
19 118
19 119
19 121
19 122
19 123
19 127
19 129
19 130
19 131
19 132
19 133
19 134
19 137
19 138
19 139
19 140
19 141
19 143
19 145
19 146
19 148
19 149
19 157
19 159
19 161
19 165
19 166
19 167
19 168
19 170
19 174
19 175
19 176
19 177
19 179
19 181
19 182
19 183
19 186
19 188
19 194
19 195
19 198
19 199
20 21
20 22
20 23
20 25
20 26
20 28
20 32
20 33
20 35
20 36
20 37
20 38
20 40
20 41
20 42
20 43
20 44
20 45
20 46
20 48
20 52
20 54
20 55
20 56
20 58
20 59
20 61
20 62
20 63
20 65
20 67
20 68
20 69
20 70
20 72
20 76
20 77
20 79
20 80
20 82
20 87
20 88
20 89
20 90
20 91
20 94
20 97
20 98
20 99
20 105
20 106
20 107
20 109
20 111
20 114
20 119
20 120
20 124
20 125
20 126
20 128
20 129
20 130
20 131
20 132
20 133
20 137
20 138
20 139
20 140
20 142
20 143
20 144
20 145
20 147
20 148
20 150
20 151
20 153
20 154
20 155
20 156
20 157
20 158
20 159
20 161
20 162
20 166
20 167
20 168
20 169
20 170
20 172
20 173
20 174
20 177
20 179
20 180
20 182
20 183
20 184
20 185
20 186
20 187
20 188
20 189
20 190
20 191
20 193
20 194
20 196
20 199
21 22
21 23
21 24
21 25
21 26
21 27
21 28
21 30
21 33
21 34
21 35
21 39
21 40
21 43
21 44
21 45
21 46
21 47
21 48
21 51
21 52
21 54
21 58
21 60
21 61
21 64
21 65
21 66
21 71
21 75
21 76
21 77
21 79
21 80
21 82
21 84
21 86
21 87
21 88
21 90
21 91
21 92
21 94
21 96
21 99
21 100
21 101
21 102
21 106
21 107
21 108
21 111
21 115
21 116
21 119
21 123
21 124
21 127
21 128
21 133
21 138
21 141
21 144
21 145
21 147
21 150
21 151
21 152
21 154
21 156
21 157
21 158
21 160
21 161
21 162
21 164
21 167
21 168
21 169
21 171
21 178
21 179
21 180
21 181
21 183
21 186
21 187
21 188
21 189
21 190
21 191
21 194
21 195
22 23
22 24
22 25
22 26
22 27
22 29
22 31
22 33
22 35
22 36
22 38
22 39
22 40
22 42
22 43
22 44
22 45
22 48
22 50
22 52
22 53
22 55
22 56
22 57
22 59
22 61
22 64
22 66
22 69
22 70
22 72
22 74
22 76
22 78
22 79
22 80
22 81
22 82
22 83
22 85
22 86
22 88
22 89
22 90
22 91
22 95
22 96
22 97
22 98
22 99
22 100
22 103
22 104
22 105
22 106
22 107
22 109
22 112
22 113
22 114
22 118
22 121
22 123
22 125
22 127
22 131
22 133
22 134
22 135
22 136
22 138
22 139
22 142
22 143
22 144
22 145
22 146
22 150
22 152
22 153
22 155
22 156
22 158
22 159
22 160
22 162
22 166
22 167
22 169
22 176
22 177
22 178
22 180
22 181
22 182
22 183
22 184
22 185
22 189
22 195
22 197
22 198
22 199
23 25
23 26
23 27
23 28
23 30
23 32
23 33
23 35
23 36
23 38
23 42
23 43
23 44
23 45
23 48
23 50
23 51
23 52
23 53
23 56
23 57
23 58
23 60
23 64
23 65
23 66
23 67
23 68
23 69
23 70
23 72
23 74
23 76
23 79
23 80
23 81
23 82
23 83
23 84
23 85
23 86
23 90
23 93
23 95
23 97
23 98
23 100
23 104
23 106
23 107
23 108
23 109
23 110
23 111
23 113
23 114
23 115
23 116
23 117
23 119
23 120
23 121
23 122
23 126
23 127
23 132
23 134
23 136
23 137
23 142
23 143
23 144
23 145
23 146
23 147
23 149
23 150
23 151
23 153
23 154
23 155
23 157
23 160
23 161
23 163
23 166
23 173
23 174
23 176
23 177
23 178
23 179
23 180
23 182
23 183
23 184
23 185
23 186
23 189
23 190
23 191
23 192
23 193
23 194
23 196
23 198
23 199
24 26
24 27
24 28
24 29
24 30
24 31
24 32
24 33
24 34
24 35
24 37
24 39
24 40
24 42
24 44
24 45
24 47
24 50
24 51
24 53
24 54
24 56
24 57
24 59
24 61
24 62
24 68
24 70
24 71
24 73
24 75
24 76
24 78
24 79
24 81
24 85
24 86
24 87
24 88
24 90
24 91
24 92
24 93
24 94
24 96
24 97
24 100
24 101
24 102
24 104
24 107
24 108
24 109
24 110
24 113
24 114
24 115
24 116
24 118
24 119
24 120
24 121
24 122
24 125
24 126
24 127
24 129
24 130
24 132
24 135
24 136
24 138
24 140
24 145
24 146
24 148
24 150
24 154
24 155
24 158
24 160
24 162
24 164
24 169
24 170
24 171
24 172
24 173
24 174
24 176
24 177
24 178
24 179
24 181
24 182
24 183
24 184
24 185
24 186
24 187
24 192
24 197
24 199
25 27
25 28
25 30
25 33
25 36
25 39
25 42
25 45
25 46
25 49
25 50
25 51
25 52
25 53
25 57
25 58
25 61
25 62
25 63
25 64
25 65
25 66
25 68
25 69
25 75
25 76
25 77
25 78
25 79
25 81
25 84
25 86
25 87
25 88
25 90
25 91
25 93
25 97
25 98
25 100
25 104
25 107
25 108
25 109
25 110
25 111
25 113
25 115
25 116
25 117
25 118
25 120
25 121
25 122
25 127
25 128
25 131
25 132
25 136
25 137
25 138
25 139
25 140
25 141
25 143
25 145
25 149
25 152
25 153
25 154
25 155
25 156
25 158
25 160
25 161
25 162
25 163
25 164
25 165
25 166
25 169
25 170
25 172
25 173
25 175
25 179
25 180
25 181
25 183
25 184
25 185
25 189
25 190
25 191
25 192
25 193
25 194
25 196
25 197
25 198
26 27
26 28
26 29
26 31
26 33
26 34
26 36
26 37
26 40
26 41
26 42
26 44
26 47
26 50
26 51
26 52
26 54
26 55
26 56
26 57
26 58
26 65
26 66
26 67
26 69
26 70
26 71
26 72
26 75
26 76
26 77
26 80
26 81
26 83
26 84
26 88
26 89
26 92
26 95
26 96
26 98
26 100
26 102
26 103
26 107
26 116
26 120
26 121
26 122
26 126
26 127
26 128
26 129
26 130
26 132
26 135
26 137
26 138
26 139
26 140
26 142
26 147
26 151
26 154
26 156
26 157
26 158
26 159
26 162
26 164
26 165
26 166
26 167
26 168
26 169
26 170
26 171
26 172
26 173
26 174
26 175
26 176
26 180
26 181
26 182
26 184
26 185
26 187
26 189
26 190
26 192
26 194
26 195
26 196
26 197
26 198
27 29
27 30
27 31
27 34
27 36
27 39
27 40
27 41
27 45
27 47
27 48
27 51
27 56
27 57
27 58
27 59
27 61
27 64
27 65
27 66
27 67
27 68
27 70
27 75
27 76
27 78
27 79
27 81
27 82
27 85
27 86
27 88
27 89
27 92
27 94
27 95
27 96
27 98
27 100
27 101
27 108
27 109
27 110
27 111
27 112
27 114
27 115
27 116
27 117
27 119
27 121
27 122
27 124
27 125
27 126
27 127
27 128
27 132
27 133
27 134
27 136
27 140
27 142
27 143
27 145
27 146
27 147
27 151
27 154
27 155
27 157
27 158
27 159
27 160
27 161
27 162
27 163
27 166
27 168
27 169
27 170
27 173
27 176
27 177
27 178
27 179
27 181
27 182
27 183
27 186
27 187
27 188
27 189
27 190
27 192
27 194
27 195
27 196
27 197
27 198
28 30
28 31
28 32
28 33
28 34
28 35
28 36
28 37
28 39
28 40
28 45
28 46
28 47
28 48
28 49
28 50
28 51
28 52
28 54
28 55
28 57
28 58
28 61
28 63
28 65
28 66
28 67
28 69
28 70
28 71
28 72
28 73
28 74
28 77
28 79
28 81
28 82
28 83
28 84
28 85
28 89
28 92
28 94
28 95
28 96
28 97
28 98
28 100
28 101
28 102
28 103
28 104
28 105
28 106
28 107
28 108
28 109
28 110
28 111
28 113
28 116
28 120
28 121
28 122
28 123
28 125
28 127
28 128
28 129
28 131
28 132
28 133
28 136
28 137
28 139
28 140
28 141
28 142
28 144
28 145
28 146
28 147
28 150
28 151
28 153
28 154
28 155
28 156
28 157
28 158
28 160
28 161
28 162
28 163
28 166
28 168
28 170
28 171
28 176
28 177
28 179
28 180
28 181
28 183
28 184
28 185
28 186
28 187
28 188
28 189
28 192
28 193
28 197
29 37
29 38
29 41
29 42
29 43
29 44
29 45
29 46
29 47
29 50
29 51
29 52
29 53
29 54
29 55
29 56
29 57
29 63
29 64
29 66
29 68
29 69
29 70
29 71
29 72
29 74
29 75
29 76
29 77
29 79
29 80
29 82
29 86
29 87
29 89
29 91
29 92
29 94
29 95
29 96
29 97
29 98
29 99
29 100
29 101
29 102
29 103
29 104
29 105
29 108
29 109
29 110
29 112
29 114
29 115
29 118
29 119
29 121
29 125
29 126
29 127
29 128
29 130
29 131
29 132
29 133
29 134
29 135
29 136
29 137
29 138
29 139
29 140
29 144
29 145
29 147
29 148
29 151
29 152
29 153
29 154
29 156
29 159
29 160
29 161
29 164
29 165
29 166
29 169
29 170
29 172
29 173
29 174
29 178
29 182
29 183
29 184
29 186
29 190
29 192
29 195
29 198
29 199
30 32
30 33
30 34
30 35
30 36
30 37
30 39
30 40
30 41
30 42
30 43
30 44
30 45
30 46
30 47
30 49
30 50
30 51
30 52
30 53
30 54
30 57
30 58
30 61
30 62
30 63
30 65
30 67
30 69
30 70
30 72
30 74
30 75
30 76
30 78
30 79
30 80
30 81
30 82
30 83
30 84
30 85
30 86
30 87
30 88
30 89
30 90
30 91
30 92
30 93
30 95
30 96
30 97
30 99
30 100
30 104
30 105
30 106
30 108
30 110
30 111
30 112
30 117
30 119
30 120
30 121
30 122
30 123
30 124
30 125
30 126
30 128
30 129
30 130
30 131
30 133
30 134
30 135
30 137
30 138
30 141
30 142
30 144
30 146
30 148
30 149
30 151
30 152
30 153
30 154
30 156
30 160
30 161
30 162
30 165
30 167
30 168
30 170
30 171
30 173
30 174
30 179
30 180
30 181
30 183
30 184
30 185
30 186
30 187
30 191
30 194
30 195
30 196
30 197
30 199
31 32
31 33
31 34
31 36
31 37
31 38
31 39
31 40
31 41
31 44
31 45
31 47
31 50
31 52
31 53
31 54
31 55
31 56
31 57
31 63
31 64
31 65
31 67
31 68
31 69
31 70
31 73
31 74
31 75
31 79
31 81
31 85
31 88
31 89
31 90
31 91
31 95
31 96
31 97
31 99
31 103
31 105
31 106
31 107
31 108
31 109
31 110
31 112
31 114
31 121
31 122
31 123
31 125
31 128
31 129
31 130
31 132
31 133
31 134
31 137
31 138
31 139
31 142
31 145
31 147
31 148
31 149
31 150
31 152
31 153
31 154
31 155
31 156
31 157
31 158
31 159
31 160
31 161
31 162
31 163
31 164
31 165
31 166
31 173
31 174
31 177
31 178
31 180
31 182
31 183
31 184
31 185
31 186
31 187
31 188
31 189
31 191
31 192
31 193
31 194
31 195
31 197
31 198
31 199
32 33
32 34
32 37
32 39
32 40
32 41
32 43
32 45
32 47
32 49
32 52
32 54
32 57
32 59
32 68
32 70
32 71
32 73
32 74
32 76
32 78
32 79
32 85
32 86
32 87
32 89
32 90
32 92
32 93
32 95
32 96
32 97
32 98
32 101
32 106
32 109
32 112
32 114
32 118
32 121
32 123
32 124
32 125
32 126
32 127
32 128
32 129
32 130
32 131
32 134
32 135
32 136
32 137
32 138
32 139
32 142
32 143
32 144
32 146
32 152
32 154
32 155
32 156
32 157
32 158
32 162
32 165
32 166
32 167
32 168
32 169
32 171
32 173
32 174
32 175
32 177
32 178
32 181
32 184
32 188
32 189
32 190
32 191
32 193
32 194
32 196
32 197
32 199
33 35
33 36
33 37
33 41
33 42
33 43
33 44
33 46
33 50
33 51
33 52
33 54
33 56
33 58
33 60
33 61
33 62
33 63
33 64
33 65
33 66
33 67
33 68
33 69
33 71
33 73
33 75
33 76
33 77
33 78
33 80
33 81
33 83
33 84
33 85
33 87
33 88
33 89
33 90
33 91
33 92
33 93
33 94
33 95
33 96
33 97
33 99
33 102
33 106
33 107
33 109
33 110
33 111
33 114
33 117
33 118
33 120
33 122
33 123
33 124
33 126
33 127
33 130
33 131
33 132
33 134
33 139
33 140
33 141
33 142
33 144
33 145
33 146
33 147
33 149
33 152
33 153
33 154
33 155
33 159
33 161
33 163
33 164
33 165
33 166
33 167
33 168
33 169
33 170
33 175
33 176
33 179
33 180
33 182
33 183
33 185
33 186
33 187
33 188
33 189
33 190
33 192
33 193
33 195
33 197
33 199
34 35
34 36
34 37
34 38
34 40
34 41
34 42
34 43
34 46
34 47
34 48
34 49
34 50
34 51
34 53
34 55
34 58
34 59
34 60
34 62
34 67
34 74
34 75
34 76
34 77
34 79
34 80
34 81
34 82
34 84
34 86
34 87
34 91
34 92
34 93
34 94
34 95
34 96
34 97
34 98
34 99
34 100
34 103
34 104
34 110
34 112
34 113
34 115
34 118
34 119
34 120
34 122
34 124
34 126
34 127
34 128
34 129
34 131
34 132
34 135
34 136
34 137
34 138
34 139
34 140
34 141
34 142
34 143
34 144
34 145
34 146
34 150
34 151
34 153
34 154
34 155
34 158
34 161
34 163
34 165
34 166
34 170
34 171
34 173
34 174
34 175
34 176
34 177
34 179
34 180
34 181
34 182
34 183
34 188
34 189
34 190
34 191
34 192
34 194
34 195
34 196
34 198
34 199
35 37
35 38
35 39
35 41
35 42
35 43
35 44
35 45
35 47
35 48
35 49
35 50
35 51
35 52
35 53
35 54
35 56
35 58
35 59
35 60
35 61
35 63
35 64
35 65
35 66
35 67
35 69
35 72
35 73
35 75
35 77
35 79
35 82
35 83
35 84
35 85
35 86
35 91
35 93
35 94
35 95
35 97
35 98
35 101
35 103
35 104
35 105
35 108
35 110
35 112
35 113
35 115
35 116
35 119
35 121
35 122
35 127
35 128
35 129
35 130
35 131
35 133
35 136
35 137
35 139
35 140
35 141
35 142
35 143
35 145
35 146
35 147
35 149
35 151
35 155
35 156
35 158
35 159
35 160
35 161
35 162
35 164
35 166
35 167
35 168
35 169
35 170
35 171
35 173
35 174
35 175
35 176
35 180
35 183
35 184
35 185
35 186
35 188
35 190
35 193
35 194
35 196
36 37
36 38
36 39
36 41
36 44
36 45
36 46
36 49
36 51
36 52
36 56
36 59
36 60
36 62
36 63
36 64
36 65
36 66
36 67
36 70
36 72
36 73
36 77
36 79
36 80
36 81
36 82
36 84
36 87
36 89
36 92
36 94
36 95
36 96
36 99
36 100
36 103
36 104
36 106
36 110
36 111
36 113
36 116
36 117
36 118
36 119
36 120
36 121
36 122
36 123
36 124
36 126
36 127
36 128
36 129
36 134
36 135
36 136
36 138
36 140
36 141
36 142
36 145
36 146
36 148
36 149
36 152
36 154
36 156
36 157
36 158
36 159
36 160
36 161
36 162
36 163
36 166
36 167
36 168
36 170
36 172
36 174
36 175
36 176
36 177
36 179
36 180
36 181
36 182
36 184
36 185
36 186
36 187
36 189
36 190
36 191
36 197
36 198
37 39
37 40
37 41
37 42
37 45
37 46
37 47
37 48
37 49
37 50
37 51
37 52
37 53
37 54
37 56
37 58
37 59
37 64
37 65
37 66
37 67
37 68
37 70
37 77
37 78
37 80
37 84
37 87
37 88
37 89
37 91
37 93
37 94
37 95
37 98
37 99
37 100
37 102
37 105
37 106
37 108
37 112
37 113
37 115
37 117
37 121
37 122
37 123
37 125
37 126
37 127
37 128
37 129
37 131
37 132
37 133
37 134
37 137
37 138
37 140
37 141
37 142
37 143
37 144
37 145
37 146
37 147
37 148
37 149
37 150
37 152
37 154
37 155
37 157
37 158
37 160
37 161
37 162
37 167
37 168
37 169
37 170
37 171
37 172
37 173
37 174
37 177
37 178
37 180
37 181
37 182
37 183
37 184
37 185
37 188
37 189
37 192
37 194
37 196
37 197
38 39
38 42
38 44
38 45
38 46
38 54
38 56
38 58
38 60
38 63
38 64
38 65
38 67
38 68
38 69
38 70
38 71
38 76
38 77
38 79
38 80
38 81
38 84
38 86
38 87
38 89
38 92
38 93
38 94
38 95
38 96
38 97
38 98
38 100
38 101
38 102
38 103
38 104
38 106
38 108
38 109
38 112
38 114
38 119
38 120
38 126
38 127
38 128
38 130
38 131
38 132
38 133
38 134
38 135
38 137
38 139
38 140
38 142
38 144
38 147
38 149
38 150
38 151
38 152
38 153
38 154
38 155
38 156
38 157
38 158
38 159
38 160
38 162
38 164
38 165
38 166
38 167
38 170
38 171
38 172
38 173
38 174
38 178
38 179
38 180
38 181
38 184
38 187
38 189
38 190
38 191
38 192
38 193
38 194
38 195
38 196
38 197
38 198
39 40
39 41
39 43
39 45
39 46
39 47
39 48
39 50
39 51
39 54
39 56
39 58
39 59
39 60
39 62
39 63
39 64
39 66
39 67
39 69
39 70
39 71
39 72
39 73
39 74
39 75
39 77
39 78
39 79
39 80
39 82
39 83
39 87
39 88
39 89
39 90
39 92
39 93
39 94
39 98
39 100
39 101
39 103
39 104
39 107
39 108
39 109
39 110
39 111
39 112
39 113
39 114
39 115
39 116
39 120
39 121
39 123
39 124
39 125
39 127
39 129
39 130
39 131
39 135
39 136
39 137
39 138
39 139
39 140
39 141
39 142
39 143
39 144
39 145
39 148
39 150
39 151
39 156
39 158
39 159
39 160
39 161
39 162
39 163
39 165
39 168
39 169
39 170
39 171
39 174
39 178
39 179
39 180
39 181
39 182
39 183
39 185
39 186
39 187
39 189
39 190
39 192
39 193
39 194
39 195
39 197
39 199
40 41
40 43
40 44
40 48
40 49
40 51
40 52
40 53
40 54
40 56
40 57
40 58
40 61
40 63
40 65
40 67
40 68
40 72
40 73
40 75
40 78
40 82
40 85
40 87
40 89
40 90
40 92
40 93
40 96
40 97
40 98
40 100
40 101
40 102
40 107
40 108
40 110
40 111
40 113
40 120
40 121
40 122
40 123
40 125
40 126
40 127
40 128
40 129
40 130
40 131
40 134
40 135
40 138
40 139
40 140
40 141
40 142
40 143
40 145
40 146
40 147
40 149
40 150
40 151
40 152
40 153
40 154
40 156
40 157
40 158
40 162
40 165
40 172
40 177
40 178
40 181
40 183
40 184
40 187
40 188
40 189
40 190
40 191
40 192
40 195
40 196
41 42
41 45
41 50
41 53
41 54
41 55
41 57
41 58
41 59
41 60
41 61
41 62
41 63
41 64
41 66
41 70
41 72
41 73
41 74
41 75
41 78
41 79
41 83
41 84
41 85
41 86
41 89
41 90
41 91
41 93
41 95
41 97
41 98
41 100
41 103
41 104
41 105
41 106
41 107
41 108
41 111
41 112
41 113
41 114
41 115
41 117
41 118
41 119
41 120
41 122
41 123
41 126
41 128
41 129
41 130
41 131
41 132
41 133
41 136
41 139
41 142
41 143
41 144
41 145
41 146
41 147
41 148
41 149
41 151
41 152
41 153
41 155
41 157
41 158
41 159
41 161
41 163
41 166
41 171
41 174
41 176
41 177
41 180
41 181
41 182
41 183
41 184
41 187
41 188
41 189
41 190
41 191
41 192
41 193
41 196
41 198
41 199
42 43
42 44
42 45
42 48
42 50
42 52
42 53
42 55
42 56
42 57
42 58
42 60
42 61
42 62
42 63
42 64
42 65
42 66
42 73
42 74
42 75
42 76
42 78
42 80
42 82
42 83
42 84
42 85
42 86
42 87
42 88
42 89
42 92
42 93
42 94
42 95
42 98
42 99
42 100
42 102
42 103
42 106
42 107
42 109
42 110
42 113
42 114
42 115
42 117
42 119
42 122
42 124
42 126
42 132
42 133
42 135
42 136
42 139
42 140
42 141
42 142
42 147
42 148
42 150
42 154
42 155
42 157
42 160
42 162
42 163
42 164
42 166
42 168
42 170
42 171
42 172
42 173
42 174
42 175
42 177
42 178
42 180
42 182
42 184
42 186
42 187
42 188
42 189
42 191
42 192
42 195
42 196
42 199
43 44
43 45
43 46
43 49
43 51
43 52
43 56
43 57
43 59
43 60
43 61
43 63
43 64
43 65
43 66
43 67
43 68
43 69
43 70
43 72
43 73
43 75
43 77
43 78
43 79
43 80
43 85
43 86
43 87
43 88
43 89
43 90
43 91
43 92
43 93
43 96
43 98
43 99
43 100
43 101
43 103
43 107
43 108
43 110
43 114
43 117
43 118
43 119
43 120
43 125
43 128
43 130
43 132
43 133
43 135
43 136
43 139
43 144
43 146
43 148
43 150
43 152
43 153
43 154
43 155
43 156
43 158
43 163
43 164
43 165
43 166
43 167
43 168
43 169
43 171
43 173
43 175
43 177
43 179
43 181
43 183
43 184
43 185
43 186
43 187
43 191
43 193
43 194
43 196
44 45
44 47
44 48
44 50
44 52
44 53
44 56
44 57
44 58
44 60
44 61
44 62
44 65
44 66
44 67
44 69
44 70
44 73
44 74
44 75
44 76
44 78
44 79
44 80
44 82
44 84
44 85
44 86
44 88
44 91
44 93
44 94
44 95
44 96
44 97
44 98
44 99
44 100
44 101
44 104
44 110
44 111
44 113
44 115
44 116
44 117
44 120
44 121
44 123
44 124
44 125
44 126
44 128
44 130
44 131
44 133
44 135
44 141
44 143
44 145
44 146
44 147
44 149
44 150
44 151
44 157
44 159
44 160
44 163
44 164
44 165
44 167
44 169
44 170
44 171
44 172
44 173
44 175
44 179
44 181
44 182
44 183
44 185
44 186
44 188
44 189
44 191
44 194
44 196
44 197
44 198
44 199
45 46
45 47
45 52
45 54
45 55
45 56
45 57
45 59
45 60
45 61
45 63
45 65
45 67
45 70
45 73
45 76
45 77
45 78
45 80
45 82
45 84
45 85
45 87
45 88
45 90
45 91
45 92
45 94
45 95
45 96
45 97
45 98
45 99
45 100
45 101
45 102
45 105
45 106
45 110
45 114
45 116
45 118
45 119
45 120
45 121
45 122
45 123
45 124
45 126
45 127
45 129
45 133
45 136
45 137
45 139
45 140
45 141
45 142
45 143
45 144
45 148
45 149
45 152
45 153
45 155
45 156
45 157
45 158
45 160
45 161
45 162
45 163
45 164
45 165
45 166
45 167
45 170
45 173
45 174
45 175
45 176
45 177
45 178
45 179
45 181
45 182
45 183
45 186
45 187
45 189
45 190
45 191
45 192
45 194
45 195
45 196
45 197
45 198
46 49
46 50
46 53
46 54
46 59
46 60
46 62
46 63
46 64
46 65
46 67
46 68
46 69
46 70
46 71
46 73
46 76
46 77
46 79
46 80
46 83
46 84
46 85
46 87
46 88
46 89
46 90
46 93
46 96
46 97
46 101
46 104
46 107
46 108
46 109
46 114
46 115
46 119
46 122
46 124
46 125
46 127
46 128
46 129
46 133
46 134
46 137
46 138
46 139
46 140
46 143
46 145
46 148
46 149
46 150
46 151
46 152
46 154
46 155
46 159
46 160
46 165
46 166
46 168
46 169
46 170
46 171
46 172
46 173
46 174
46 175
46 177
46 181
46 186
46 188
46 189
46 190
46 193
46 194
46 195
46 198
47 51
47 54
47 58
47 59
47 60
47 61
47 62
47 63
47 64
47 66
47 67
47 69
47 70
47 71
47 72
47 73
47 74
47 76
47 79
47 80
47 81
47 82
47 83
47 84
47 85
47 86
47 89
47 91
47 92
47 93
47 94
47 97
47 98
47 99
47 100
47 101
47 102
47 104
47 107
47 108
47 109
47 110
47 111
47 112
47 113
47 114
47 115
47 116
47 117
47 118
47 119
47 120
47 122
47 123
47 124
47 125
47 128
47 129
47 131
47 133
47 134
47 135
47 138
47 140
47 144
47 145
47 146
47 147
47 148
47 149
47 150
47 151
47 154
47 155
47 156
47 157
47 158
47 161
47 162
47 164
47 165
47 166
47 169
47 171
47 173
47 174
47 176
47 178
47 179
47 181
47 183
47 184
47 188
47 189
47 190
47 191
47 192
47 193
47 194
47 196
47 197
47 199
48 49
48 52
48 54
48 55
48 56
48 59
48 62
48 64
48 65
48 66
48 67
48 69
48 70
48 72
48 74
48 76
48 79
48 80
48 81
48 82
48 85
48 86
48 87
48 88
48 89
48 90
48 94
48 97
48 98
48 99
48 100
48 101
48 102
48 107
48 108
48 109
48 110
48 112
48 114
48 115
48 117
48 119
48 120
48 121
48 122
48 123
48 124
48 125
48 126
48 127
48 128
48 129
48 130
48 131
48 136
48 137
48 138
48 140
48 143
48 145
48 146
48 147
48 148
48 150
48 151
48 152
48 153
48 156
48 158
48 160
48 161
48 162
48 163
48 164
48 166
48 167
48 169
48 170
48 171
48 172
48 174
48 176
48 177
48 179
48 180
48 181
48 182
48 184
48 185
48 188
48 189
48 194
48 196
48 197
49 52
49 56
49 58
49 59
49 61
49 62
49 63
49 66
49 67
49 73
49 74
49 75
49 76
49 78
49 81
49 82
49 84
49 85
49 86
49 90
49 94
49 95
49 96
49 99
49 100
49 102
49 108
49 109
49 110
49 111
49 113
49 114
49 116
49 117
49 118
49 119
49 121
49 122
49 124
49 127
49 130
49 132
49 135
49 136
49 137
49 138
49 139
49 140
49 142
49 146
49 147
49 148
49 149
49 154
49 155
49 157
49 160
49 161
49 162
49 163
49 167
49 169
49 170
49 171
49 172
49 173
49 174
49 175
49 176
49 177
49 178
49 180
49 184
49 185
49 186
49 187
49 188
49 191
49 193
49 195
49 196
49 197
49 198
49 199
50 51
50 52
50 53
50 54
50 56
50 57
50 59
50 60
50 62
50 63
50 64
50 66
50 67
50 68
50 69
50 71
50 72
50 76
50 78
50 79
50 80
50 84
50 86
50 87
50 88
50 89
50 90
50 91
50 93
50 96
50 97
50 98
50 99
50 100
50 101
50 102
50 105
50 106
50 107
50 108
50 109
50 111
50 112
50 113
50 114
50 115
50 117
50 119
50 121
50 123
50 124
50 125
50 131
50 134
50 136
50 140
50 141
50 143
50 144
50 145
50 146
50 148
50 149
50 151
50 152
50 154
50 157
50 158
50 161
50 162
50 163
50 165
50 166
50 168
50 169
50 171
50 173
50 174
50 175
50 176
50 180
50 181
50 182
50 183
50 184
50 185
50 187
50 193
50 194
50 197
51 52
51 54
51 56
51 60
51 61
51 63
51 64
51 65
51 66
51 73
51 76
51 77
51 79
51 81
51 86
51 87
51 90
51 91
51 94
51 95
51 96
51 99
51 100
51 101
51 102
51 103
51 105
51 107
51 108
51 109
51 110
51 113
51 114
51 115
51 116
51 120
51 121
51 122
51 124
51 125
51 128
51 134
51 138
51 139
51 140
51 141
51 143
51 144
51 145
51 147
51 149
51 152
51 153
51 154
51 156
51 157
51 158
51 159
51 160
51 165
51 168
51 169
51 171
51 173
51 174
51 175
51 178
51 179
51 180
51 181
51 185
51 186
51 187
51 188
51 189
51 190
51 194
51 196
51 198
51 199
52 53
52 54
52 59
52 61
52 63
52 65
52 66
52 68
52 70
52 74
52 75
52 76
52 77
52 78
52 79
52 83
52 87
52 88
52 90
52 92
52 93
52 95
52 96
52 97
52 99
52 102
52 103
52 104
52 106
52 107
52 110
52 111
52 114
52 115
52 116
52 117
52 123
52 128
52 130
52 131
52 132
52 134
52 135
52 136
52 137
52 138
52 143
52 144
52 145
52 147
52 150
52 151
52 154
52 155
52 156
52 158
52 159
52 160
52 162
52 163
52 166
52 168
52 172
52 173
52 174
52 175
52 177
52 179
52 180
52 182
52 184
52 186
52 187
52 188
52 189
52 191
52 193
52 195
52 197
52 198
52 199
53 56
53 58
53 59
53 65
53 66
53 68
53 70
53 74
53 75
53 76
53 78
53 79
53 81
53 84
53 85
53 86
53 87
53 88
53 89
53 90
53 96
53 97
53 98
53 100
53 102
53 103
53 106
53 107
53 108
53 110
53 111
53 113
53 115
53 116
53 117
53 118
53 121
53 122
53 123
53 124
53 126
53 128
53 129
53 130
53 133
53 135
53 136
53 137
53 138
53 139
53 140
53 141
53 144
53 145
53 148
53 149
53 151
53 152
53 153
53 155
53 156
53 158
53 159
53 163
53 165
53 166
53 168
53 171
53 173
53 176
53 177
53 179
53 180
53 181
53 182
53 183
53 184
53 185
53 186
53 187
53 189
53 190
53 192
53 193
53 198
53 199
54 55
54 57
54 61
54 62
54 63
54 65
54 66
54 67
54 68
54 69
54 72
54 74
54 75
54 76
54 78
54 79
54 80
54 81
54 82
54 83
54 84
54 86
54 88
54 90
54 91
54 93
54 95
54 96
54 98
54 101
54 102
54 104
54 105
54 106
54 107
54 109
54 111
54 113
54 115
54 116
54 118
54 119
54 122
54 123
54 124
54 128
54 129
54 130
54 131
54 132
54 135
54 136
54 138
54 139
54 140
54 143
54 145
54 146
54 147
54 148
54 156
54 158
54 159
54 160
54 161
54 162
54 163
54 167
54 169
54 172
54 177
54 178
54 179
54 182
54 183
54 187
54 188
54 191
54 192
54 193
54 194
54 197
54 198
55 56
55 58
55 60
55 61
55 62
55 63
55 64
55 65
55 66
55 67
55 69
55 72
55 73
55 77
55 80
55 81
55 83
55 84
55 85
55 89
55 90
55 91
55 93
55 94
55 97
55 98
55 99
55 100
55 101
55 102
55 104
55 105
55 106
55 108
55 109
55 112
55 114
55 115
55 116
55 119
55 120
55 121
55 122
55 123
55 125
55 128
55 131
55 132
55 133
55 135
55 136
55 138
55 139
55 141
55 144
55 146
55 147
55 148
55 150
55 151
55 157
55 158
55 159
55 161
55 164
55 165
55 166
55 169
55 170
55 171
55 172
55 173
55 174
55 178
55 180
55 184
55 187
55 188
55 189
55 190
55 191
55 192
55 193
55 194
55 195
56 57
56 60
56 61
56 62
56 63
56 65
56 66
56 68
56 69
56 70
56 72
56 74
56 77
56 78
56 80
56 81
56 82
56 85
56 86
56 87
56 91
56 92
56 95
56 96
56 99
56 100
56 102
56 103
56 104
56 105
56 108
56 110
56 112
56 114
56 115
56 117
56 118
56 119
56 121
56 122
56 123
56 124
56 125
56 126
56 128
56 129
56 130
56 131
56 132
56 134
56 135
56 136
56 137
56 140
56 141
56 142
56 143
56 144
56 145
56 147
56 150
56 152
56 155
56 156
56 157
56 159
56 161
56 163
56 165
56 166
56 167
56 170
56 172
56 173
56 175
56 176
56 177
56 178
56 179
56 183
56 184
56 186
56 188
56 190
56 191
56 194
56 195
56 198
57 58
57 59
57 60
57 61
57 62
57 65
57 66
57 68
57 70
57 72
57 73
57 74
57 75
57 77
57 79
57 81
57 82
57 83
57 84
57 85
57 86
57 88
57 89
57 90
57 95
57 97
57 98
57 100
57 102
57 103
57 104
57 105
57 106
57 107
57 110
57 111
57 112
57 113
57 117
57 119
57 121
57 125
57 126
57 127
57 130
57 131
57 132
57 134
57 135
57 136
57 138
57 139
57 140
57 141
57 142
57 144
57 145
57 146
57 149
57 152
57 155
57 156
57 157
57 159
57 160
57 161
57 163
57 166
57 167
57 168
57 171
57 172
57 173
57 174
57 177
57 178
57 179
57 181
57 182
57 185
57 186
57 189
57 190
57 193
57 194
57 195
57 196
57 197
57 198
57 199
58 59
58 60
58 62
58 63
58 65
58 67
58 70
58 71
58 73
58 74
58 75
58 76
58 80
58 84
58 85
58 86
58 87
58 88
58 92
58 93
58 94
58 95
58 96
58 99
58 102
58 105
58 106
58 111
58 112
58 113
58 114
58 115
58 118
58 119
58 120
58 121
58 123
58 124
58 129
58 131
58 132
58 133
58 135
58 136
58 137
58 138
58 142
58 144
58 145
58 146
58 147
58 148
58 150
58 151
58 152
58 154
58 157
58 158
58 159
58 160
58 162
58 164
58 165
58 166
58 170
58 171
58 172
58 173
58 175
58 176
58 178
58 180
58 181
58 182
58 183
58 184
58 187
58 188
58 192
58 193
58 194
58 196
58 197
58 198
58 199
59 62
59 63
59 64
59 66
59 67
59 68
59 70
59 72
59 73
59 75
59 76
59 77
59 78
59 79
59 80
59 81
59 83
59 86
59 87
59 88
59 89
59 91
59 93
59 94
59 95
59 98
59 99
59 100
59 103
59 104
59 106
59 107
59 108
59 111
59 113
59 114
59 115
59 116
59 118
59 120
59 123
59 124
59 125
59 127
59 129
59 130
59 132
59 133
59 135
59 136
59 137
59 139
59 141
59 143
59 144
59 146
59 147
59 149
59 150
59 151
59 153
59 154
59 160
59 161
59 163
59 168
59 172
59 173
59 175
59 177
59 180
59 181
59 182
59 184
59 185
59 186
59 189
59 192
59 194
59 196
59 197
59 198
60 61
60 62
60 63
60 64
60 70
60 72
60 75
60 76
60 77
60 80
60 81
60 82
60 83
60 84
60 88
60 91
60 92
60 94
60 99
60 102
60 103
60 104
60 105
60 106
60 107
60 109
60 110
60 111
60 112
60 113
60 114
60 115
60 118
60 120
60 121
60 123
60 124
60 125
60 127
60 130
60 131
60 133
60 134
60 136
60 137
60 138
60 140
60 141
60 143
60 145
60 147
60 150
60 151
60 152
60 155
60 156
60 158
60 159
60 160
60 165
60 166
60 167
60 168
60 170
60 171
60 172
60 173
60 176
60 177
60 178
60 180
60 181
60 182
60 185
60 186
60 189
60 190
60 192
60 193
60 194
60 196
60 198
60 199
61 63
61 64
61 67
61 68
61 73
61 75
61 78
61 79
61 80
61 81
61 82
61 84
61 85
61 87
61 88
61 89
61 90
61 93
61 97
61 98
61 101
61 102
61 103
61 104
61 106
61 107
61 108
61 109
61 113
61 114
61 117
61 118
61 119
61 120
61 121
61 123
61 124
61 125
61 127
61 128
61 129
61 130
61 131
61 132
61 134
61 136
61 137
61 142
61 147
61 150
61 152
61 154
61 155
61 157
61 158
61 159
61 160
61 161
61 162
61 164
61 165
61 166
61 167
61 168
61 170
61 172
61 175
61 176
61 177
61 179
61 181
61 184
61 185
61 186
61 187
61 188
61 191
61 192
61 193
61 195
61 197
61 198
61 199
62 63
62 64
62 65
62 67
62 68
62 70
62 73
62 74
62 75
62 76
62 77
62 78
62 79
62 80
62 81
62 82
62 84
62 87
62 88
62 90
62 91
62 94
62 95
62 96
62 97
62 98
62 99
62 101
62 104
62 106
62 107
62 108
62 111
62 113
62 114
62 117
62 118
62 119
62 120
62 121
62 128
62 129
62 130
62 133
62 134
62 135
62 139
62 140
62 141
62 142
62 143
62 144
62 145
62 146
62 147
62 152
62 153
62 154
62 156
62 157
62 158
62 159
62 160
62 162
62 164
62 165
62 166
62 167
62 170
62 173
62 174
62 176
62 177
62 180
62 181
62 184
62 185
62 186
62 187
62 188
62 192
62 194
62 195
62 196
62 199
63 66
63 68
63 69
63 71
63 72
63 73
63 76
63 77
63 79
63 83
63 87
63 90
63 93
63 94
63 95
63 98
63 101
63 103
63 104
63 108
63 110
63 112
63 113
63 114
63 115
63 116
63 119
63 123
63 124
63 125
63 127
63 128
63 131
63 136
63 139
63 141
63 143
63 149
63 152
63 153
63 154
63 155
63 158
63 160
63 161
63 162
63 164
63 165
63 166
63 167
63 168
63 169
63 170
63 171
63 175
63 176
63 180
63 181
63 184
63 187
63 188
63 189
63 190
63 191
63 192
63 193
63 194
63 196
63 197
63 198
63 199
64 66
64 67
64 71
64 72
64 74
64 75
64 77
64 78
64 79
64 80
64 82
64 88
64 92
64 94
64 95
64 96
64 98
64 99
64 100
64 105
64 106
64 111
64 113
64 114
64 115
64 118
64 120
64 121
64 122
64 123
64 124
64 126
64 127
64 128
64 129
64 130
64 132
64 135
64 139
64 141
64 146
64 150
64 151
64 153
64 157
64 160
64 161
64 163
64 165
64 166
64 169
64 172
64 173
64 175
64 177
64 179
64 180
64 182
64 184
64 186
64 187
64 188
64 190
64 196
64 197
64 198
65 66
65 67
65 68
65 70
65 71
65 72
65 73
65 76
65 79
65 82
65 83
65 84
65 85
65 86
65 88
65 89
65 90
65 92
65 94
65 95
65 96
65 97
65 98
65 100
65 101
65 102
65 107
65 108
65 109
65 110
65 111
65 112
65 113
65 114
65 116
65 118
65 122
65 123
65 124
65 125
65 127
65 129
65 130
65 131
65 132
65 133
65 135
65 136
65 137
65 138
65 139
65 140
65 144
65 145
65 146
65 148
65 149
65 150
65 151
65 152
65 154
65 155
65 158
65 159
65 160
65 165
65 166
65 167
65 168
65 170
65 173
65 174
65 177
65 178
65 179
65 181
65 183
65 185
65 187
65 189
65 190
65 192
65 194
65 199
66 67
66 68
66 69
66 70
66 71
66 72
66 73
66 76
66 78
66 79
66 81
66 84
66 85
66 86
66 88
66 90
66 92
66 93
66 94
66 95
66 97
66 98
66 99
66 100
66 101
66 102
66 103
66 104
66 105
66 106
66 107
66 108
66 109
66 112
66 113
66 115
66 116
66 118
66 120
66 121
66 124
66 126
66 127
66 128
66 129
66 130
66 133
66 134
66 140
66 141
66 142
66 143
66 145
66 146
66 147
66 148
66 153
66 154
66 155
66 156
66 158
66 160
66 161
66 163
66 165
66 166
66 167
66 168
66 169
66 170
66 171
66 173
66 174
66 176
66 178
66 179
66 180
66 181
66 182
66 184
66 185
66 187
66 188
66 192
66 193
66 194
66 195
66 196
67 69
67 70
67 72
67 73
67 74
67 75
67 76
67 77
67 78
67 79
67 80
67 81
67 84
67 85
67 88
67 90
67 91
67 95
67 96
67 98
67 99
67 102
67 103
67 104
67 105
67 106
67 107
67 108
67 109
67 110
67 111
67 112
67 113
67 114
67 115
67 117
67 118
67 119
67 121
67 122
67 124
67 125
67 128
67 129
67 130
67 132
67 133
67 134
67 135
67 138
67 141
67 143
67 144
67 145
67 147
67 148
67 153
67 155
67 158
67 159
67 160
67 163
67 165
67 167
67 168
67 170
67 172
67 174
67 177
67 178
67 180
67 181
67 182
67 184
67 185
67 186
67 190
67 191
67 193
67 196
67 197
67 198
68 70
68 71
68 74
68 75
68 76
68 77
68 78
68 79
68 80
68 81
68 82
68 84
68 86
68 87
68 91
68 92
68 93
68 94
68 97
68 100
68 101
68 103
68 104
68 105
68 107
68 108
68 109
68 110
68 111
68 118
68 119
68 120
68 122
68 124
68 125
68 126
68 127
68 130
68 131
68 137
68 138
68 139
68 145
68 147
68 148
68 149
68 151
68 152
68 153
68 156
68 161
68 162
68 164
68 166
68 167
68 168
68 172
68 174
68 175
68 177
68 178
68 179
68 180
68 181
68 184
68 185
68 191
68 192
68 195
68 196
68 198
68 199
69 71
69 72
69 73
69 75
69 77
69 80
69 81
69 82
69 83
69 86
69 89
69 90
69 91
69 93
69 94
69 96
69 97
69 98
69 99
69 100
69 102
69 103
69 109
69 110
69 111
69 112
69 116
69 118
69 119
69 121
69 122
69 124
69 125
69 127
69 128
69 129
69 131
69 135
69 136
69 137
69 138
69 139
69 140
69 141
69 142
69 143
69 145
69 147
69 148
69 150
69 156
69 158
69 159
69 160
69 161
69 162
69 165
69 167
69 169
69 171
69 172
69 173
69 175
69 176
69 177
69 179
69 184
69 185
69 186
69 187
69 188
69 191
69 192
69 193
69 197
69 199
70 72
70 73
70 74
70 76
70 77
70 78
70 79
70 80
70 82
70 83
70 86
70 88
70 91
70 93
70 97
70 98
70 101
70 102
70 104
70 108
70 110
70 111
70 112
70 113
70 115
70 116
70 117
70 118
70 120
70 121
70 122
70 123
70 125
70 126
70 127
70 131
70 133
70 135
70 136
70 137
70 138
70 139
70 140
70 141
70 143
70 145
70 146
70 148
70 149
70 151
70 156
70 157
70 159
70 163
70 164
70 167
70 169
70 170
70 171
70 175
70 176
70 177
70 178
70 180
70 182
70 183
70 185
70 186
70 193
70 194
70 195
70 197
70 199
71 72
71 73
71 74
71 75
71 76
71 78
71 81
71 82
71 83
71 85
71 86
71 88
71 91
71 94
71 99
71 101
71 103
71 104
71 106
71 107
71 108
71 112
71 116
71 120
71 122
71 124
71 125
71 126
71 127
71 130
71 131
71 134
71 135
71 136
71 137
71 139
71 140
71 141
71 142
71 143
71 144
71 145
71 146
71 148
71 150
71 152
71 155
71 157
71 158
71 159
71 160
71 161
71 162
71 163
71 164
71 165
71 166
71 167
71 170
71 171
71 172
71 173
71 174
71 176
71 177
71 178
71 179
71 180
71 182
71 184
71 186
71 188
71 189
71 191
71 192
71 194
71 196
71 197
71 199
72 73
72 74
72 76
72 77
72 78
72 79
72 80
72 83
72 84
72 86
72 87
72 90
72 92
72 95
72 96
72 97
72 98
72 100
72 101
72 102
72 103
72 107
72 109
72 110
72 116
72 117
72 118
72 119
72 120
72 121
72 122
72 123
72 125
72 126
72 127
72 128
72 129
72 131
72 132
72 134
72 135
72 136
72 137
72 138
72 139
72 141
72 142
72 145
72 147
72 148
72 149
72 153
72 154
72 156
72 157
72 158
72 162
72 163
72 167
72 169
72 170
72 174
72 175
72 176
72 177
72 178
72 179
72 182
72 183
72 185
72 188
72 189
72 190
72 191
72 193
72 194
72 195
72 196
72 197
72 199
73 74
73 78
73 80
73 81
73 82
73 83
73 84
73 87
73 88
73 89
73 92
73 94
73 95
73 98
73 99
73 102
73 103
73 104
73 106
73 107
73 111
73 112
73 114
73 116
73 118
73 119
73 120
73 121
73 122
73 123
73 124
73 125
73 126
73 127
73 128
73 131
73 132
73 133
73 135
73 138
73 140
73 141
73 143
73 144
73 145
73 146
73 150
73 152
73 156
73 157
73 159
73 161
73 162
73 164
73 165
73 167
73 168
73 169
73 171
73 172
73 176
73 177
73 178
73 179
73 180
73 182
73 183
73 184
73 185
73 186
73 188
73 189
73 192
73 193
73 195
73 197
73 198
73 199
74 76
74 77
74 79
74 80
74 83
74 84
74 86
74 89
74 90
74 91
74 93
74 95
74 97
74 100
74 105
74 106
74 107
74 108
74 110
74 112
74 113
74 114
74 115
74 116
74 117
74 118
74 119
74 120
74 122
74 126
74 128
74 130
74 132
74 137
74 140
74 141
74 147
74 148
74 149
74 152
74 154
74 155
74 157
74 159
74 161
74 162
74 164
74 166
74 167
74 168
74 169
74 170
74 171
74 172
74 174
74 175
74 176
74 178
74 179
74 181
74 183
74 185
74 186
74 187
74 188
74 190
74 191
74 194
74 196
74 197
74 198
74 199
75 78
75 81
75 82
75 84
75 87
75 88
75 89
75 90
75 92
75 93
75 94
75 95
75 96
75 98
75 99
75 100
75 101
75 103
75 104
75 106
75 108
75 109
75 110
75 111
75 114
75 115
75 116
75 118
75 122
75 124
75 126
75 131
75 132
75 133
75 134
75 137
75 138
75 141
75 142
75 143
75 144
75 145
75 146
75 151
75 152
75 153
75 154
75 157
75 158
75 159
75 160
75 163
75 165
75 166
75 168
75 169
75 173
75 174
75 175
75 178
75 179
75 180
75 181
75 182
75 183
75 184
75 185
75 187
75 188
75 189
75 191
75 192
75 193
75 197
75 199
76 77
76 78
76 80
76 81
76 83
76 85
76 86
76 87
76 88
76 89
76 90
76 91
76 93
76 94
76 95
76 96
76 100
76 101
76 102
76 103
76 107
76 108
76 111
76 112
76 113
76 115
76 116
76 120
76 122
76 123
76 124
76 125
76 126
76 127
76 131
76 133
76 134
76 136
76 139
76 141
76 142
76 143
76 146
76 148
76 149
76 150
76 152
76 155
76 157
76 158
76 163
76 164
76 167
76 168
76 170
76 172
76 173
76 174
76 175
76 176
76 177
76 178
76 179
76 182
76 183
76 185
76 186
76 190
76 191
76 192
76 193
76 194
76 195
76 196
76 197
76 198
77 78
77 79
77 80
77 81
77 82
77 83
77 84
77 85
77 86
77 87
77 90
77 91
77 92
77 93
77 94
77 96
77 97
77 98
77 99
77 100
77 101
77 105
77 107
77 108
77 109
77 113
77 117
77 118
77 120
77 121
77 123
77 125
77 127
77 128
77 133
77 135
77 136
77 137
77 141
77 142
77 143
77 148
77 149
77 151
77 153
77 154
77 155
77 157
77 159
77 160
77 161
77 162
77 164
77 165
77 167
77 168
77 169
77 170
77 173
77 176
77 177
77 178
77 181
77 185
77 187
77 188
77 189
77 190
77 191
77 192
77 193
77 196
77 199
78 80
78 82
78 83
78 84
78 85
78 86
78 87
78 90
78 93
78 94
78 95
78 96
78 99
78 100
78 101
78 103
78 107
78 108
78 110
78 113
78 114
78 115
78 116
78 118
78 119
78 120
78 122
78 123
78 124
78 125
78 126
78 127
78 129
78 130
78 131
78 136
78 138
78 139
78 140
78 141
78 142
78 146
78 147
78 148
78 149
78 150
78 151
78 153
78 154
78 156
78 158
78 162
78 165
78 166
78 167
78 168
78 169
78 171
78 172
78 173
78 174
78 175
78 176
78 177
78 180
78 182
78 183
78 186
78 188
78 192
78 193
78 194
78 196
78 197
78 199
79 80
79 81
79 82
79 83
79 84
79 85
79 86
79 88
79 90
79 91
79 92
79 94
79 95
79 97
79 98
79 99
79 100
79 103
79 104
79 109
79 111
79 112
79 113
79 116
79 118
79 119
79 120
79 121
79 122
79 124
79 125
79 126
79 132
79 133
79 134
79 135
79 137
79 138
79 140
79 143
79 144
79 145
79 146
79 149
79 150
79 151
79 152
79 153
79 154
79 156
79 158
79 161
79 162
79 163
79 164
79 168
79 170
79 171
79 176
79 180
79 181
79 182
79 183
79 184
79 187
79 188
79 189
79 190
79 194
79 195
79 197
79 198
79 199
80 81
80 83
80 85
80 87
80 89
80 90
80 92
80 95
80 96
80 98
80 99
80 100
80 101
80 102
80 103
80 104
80 106
80 107
80 109
80 110
80 112
80 114
80 116
80 118
80 120
80 121
80 123
80 126
80 127
80 129
80 130
80 131
80 132
80 133
80 134
80 139
80 141
80 143
80 145
80 147
80 148
80 150
80 151
80 153
80 154
80 157
80 158
80 159
80 160
80 161
80 164
80 165
80 169
80 172
80 173
80 174
80 176
80 179
80 183
80 184
80 185
80 187
80 188
80 189
80 190
80 191
80 193
80 194
80 195
80 196
80 199
81 83
81 84
81 85
81 86
81 88
81 89
81 90
81 91
81 92
81 93
81 94
81 96
81 99
81 100
81 102
81 103
81 104
81 105
81 110
81 113
81 114
81 115
81 116
81 117
81 118
81 119
81 120
81 121
81 125
81 126
81 127
81 134
81 135
81 136
81 137
81 142
81 144
81 145
81 146
81 150
81 152
81 157
81 160
81 161
81 163
81 164
81 166
81 167
81 168
81 169
81 170
81 171
81 173
81 174
81 175
81 176
81 177
81 180
81 181
81 184
81 185
81 186
81 187
81 188
81 189
81 192
81 193
81 194
81 195
81 196
81 197
81 198
82 83
82 85
82 86
82 87
82 89
82 92
82 93
82 94
82 95
82 97
82 99
82 100
82 101
82 108
82 114
82 115
82 117
82 118
82 121
82 122
82 123
82 124
82 125
82 126
82 127
82 130
82 131
82 132
82 133
82 134
82 136
82 138
82 140
82 141
82 143
82 144
82 145
82 146
82 149
82 151
82 152
82 153
82 154
82 156
82 159
82 161
82 168
82 169
82 170
82 171
82 172
82 173
82 175
82 177
82 179
82 180
82 182
82 183
82 184
82 185
82 192
82 194
82 195
82 196
82 197
82 198
83 85
83 86
83 88
83 90
83 91
83 93
83 95
83 97
83 99
83 102
83 104
83 105
83 106
83 108
83 111
83 112
83 113
83 114
83 116
83 117
83 122
83 123
83 124
83 125
83 126
83 129
83 130
83 134
83 135
83 137
83 140
83 141
83 144
83 145
83 146
83 147
83 151
83 152
83 154
83 155
83 156
83 158
83 159
83 160
83 162
83 164
83 165
83 166
83 167
83 168
83 170
83 172
83 176
83 178
83 179
83 181
83 184
83 185
83 186
83 188
83 190
83 192
83 193
83 196
83 197
83 198
83 199
84 86
84 87
84 88
84 89
84 90
84 91
84 93
84 94
84 95
84 96
84 97
84 98
84 101
84 102
84 103
84 104
84 105
84 106
84 108
84 110
84 113
84 114
84 116
84 118
84 119
84 120
84 122
84 127
84 128
84 129
84 130
84 131
84 132
84 133
84 135
84 137
84 138
84 143
84 144
84 145
84 147
84 148
84 151
84 154
84 155
84 156
84 158
84 160
84 161
84 162
84 163
84 164
84 165
84 166
84 168
84 171
84 173
84 177
84 178
84 179
84 180
84 181
84 182
84 183
84 185
84 186
84 188
84 189
84 190
84 191
84 192
84 193
84 195
84 196
84 198
85 86
85 88
85 96
85 97
85 98
85 99
85 100
85 101
85 103
85 105
85 106
85 107
85 109
85 110
85 111
85 112
85 113
85 116
85 118
85 119
85 120
85 122
85 124
85 125
85 126
85 127
85 130
85 131
85 132
85 133
85 135
85 137
85 139
85 140
85 142
85 143
85 144
85 145
85 146
85 148
85 149
85 150
85 151
85 152
85 155
85 157
85 163
85 164
85 165
85 167
85 169
85 170
85 171
85 173
85 174
85 176
85 177
85 179
85 180
85 182
85 184
85 187
85 188
85 189
85 191
85 194
85 195
85 196
85 197
85 198
85 199
86 88
86 91
86 92
86 93
86 94
86 96
86 97
86 98
86 99
86 100
86 103
86 104
86 108
86 109
86 110
86 111
86 112
86 113
86 115
86 116
86 118
86 121
86 122
86 124
86 126
86 127
86 128
86 129
86 130
86 134
86 136
86 137
86 138
86 140
86 141
86 142
86 143
86 146
86 147
86 148
86 150
86 151
86 153
86 155
86 156
86 158
86 159
86 160
86 161
86 162
86 164
86 166
86 169
86 170
86 171
86 174
86 176
86 177
86 178
86 179
86 180
86 181
86 183
86 184
86 185
86 187
86 188
86 191
86 192
86 194
86 195
86 198
87 88
87 90
87 92
87 94
87 95
87 96
87 97
87 100
87 101
87 102
87 103
87 104
87 105
87 106
87 109
87 111
87 113
87 115
87 116
87 117
87 118
87 119
87 120
87 121
87 122
87 123
87 124
87 126
87 130
87 131
87 133
87 134
87 135
87 137
87 139
87 140
87 142
87 144
87 146
87 150
87 153
87 156
87 157
87 159
87 160
87 162
87 164
87 169
87 170
87 171
87 174
87 176
87 177
87 179
87 181
87 182
87 183
87 186
87 187
87 190
87 191
87 192
87 194
87 195
87 196
88 89
88 91
88 94
88 97
88 98
88 99
88 102
88 105
88 106
88 107
88 108
88 110
88 111
88 113
88 114
88 115
88 118
88 119
88 120
88 121
88 123
88 125
88 126
88 128
88 129
88 131
88 132
88 133
88 134
88 135
88 136
88 137
88 139
88 140
88 141
88 142
88 143
88 146
88 147
88 148
88 149
88 150
88 153
88 154
88 155
88 157
88 158
88 160
88 163
88 164
88 165
88 170
88 173
88 174
88 175
88 176
88 177
88 179
88 180
88 182
88 183
88 184
88 185
88 186
88 188
88 189
88 193
88 194
88 199
89 90
89 91
89 92
89 94
89 96
89 97
89 99
89 101
89 103
89 104
89 105
89 107
89 110
89 111
89 115
89 116
89 117
89 119
89 121
89 122
89 123
89 125
89 127
89 128
89 131
89 133
89 134
89 135
89 136
89 138
89 139
89 140
89 142
89 144
89 145
89 146
89 147
89 149
89 150
89 152
89 156
89 157
89 158
89 163
89 166
89 167
89 168
89 173
89 176
89 178
89 179
89 180
89 182
89 183
89 184
89 186
89 189
89 190
89 191
89 192
89 196
89 197
89 198
89 199
90 91
90 92
90 93
90 94
90 95
90 96
90 97
90 99
90 101
90 102
90 105
90 106
90 107
90 109
90 110
90 111
90 115
90 116
90 118
90 121
90 122
90 123
90 124
90 127
90 128
90 129
90 131
90 134
90 139
90 144
90 145
90 152
90 153
90 154
90 155
90 159
90 165
90 166
90 167
90 168
90 169
90 171
90 172
90 173
90 175
90 178
90 180
90 185
90 186
90 187
90 191
90 192
90 193
90 194
90 195
90 197
91 94
91 96
91 97
91 98
91 101
91 102
91 103
91 104
91 106
91 107
91 108
91 109
91 110
91 111
91 112
91 114
91 118
91 120
91 126
91 127
91 130
91 133
91 134
91 136
91 138
91 140
91 142
91 143
91 145
91 147
91 148
91 149
91 150
91 152
91 153
91 154
91 155
91 156
91 157
91 159
91 160
91 161
91 163
91 164
91 165
91 166
91 169
91 170
91 171
91 174
91 176
91 177
91 178
91 179
91 181
91 182
91 185
91 187
91 191
91 192
91 193
91 198
92 94
92 96
92 98
92 101
92 103
92 104
92 105
92 106
92 107
92 109
92 110
92 112
92 116
92 118
92 119
92 121
92 122
92 124
92 127
92 131
92 132
92 135
92 138
92 139
92 141
92 143
92 144
92 146
92 147
92 148
92 150
92 151
92 152
92 153
92 154
92 155
92 156
92 157
92 158
92 159
92 160
92 161
92 162
92 163
92 164
92 166
92 167
92 169
92 170
92 172
92 176
92 177
92 178
92 179
92 180
92 181
92 182
92 187
92 188
92 189
92 191
92 192
92 193
92 194
92 196
92 198
92 199
93 94
93 96
93 99
93 103
93 107
93 108
93 110
93 112
93 113
93 114
93 115
93 117
93 118
93 119
93 127
93 128
93 130
93 131
93 132
93 133
93 134
93 135
93 136
93 137
93 141
93 143
93 146
93 147
93 149
93 152
93 154
93 157
93 159
93 160
93 161
93 163
93 165
93 168
93 170
93 172
93 173
93 174
93 176
93 177
93 180
93 181
93 182
93 183
93 184
93 186
93 195
93 196
93 197
93 199
94 95
94 97
94 98
94 99
94 102
94 105
94 106
94 107
94 108
94 110
94 111
94 112
94 113
94 114
94 116
94 117
94 118
94 119
94 120
94 121
94 122
94 123
94 124
94 126
94 130
94 133
94 134
94 135
94 137
94 138
94 139
94 140
94 142
94 143
94 144
94 145
94 146
94 147
94 149
94 153
94 157
94 159
94 161
94 162
94 163
94 164
94 166
94 167
94 171
94 172
94 173
94 174
94 175
94 177
94 181
94 182
94 183
94 184
94 186
94 187
94 188
94 189
94 190
94 192
94 195
94 196
94 199
95 97
95 98
95 100
95 101
95 102
95 104
95 105
95 107
95 108
95 109
95 111
95 113
95 114
95 115
95 116
95 117
95 119
95 121
95 126
95 128
95 129
95 130
95 131
95 132
95 134
95 135
95 136
95 138
95 139
95 140
95 141
95 144
95 145
95 146
95 148
95 149
95 151
95 152
95 155
95 156
95 157
95 159
95 160
95 161
95 162
95 163
95 166
95 167
95 168
95 169
95 170
95 172
95 173
95 175
95 180
95 181
95 182
95 183
95 184
95 185
95 186
95 191
95 192
95 193
95 194
95 196
95 197
96 97
96 98
96 99
96 100
96 101
96 102
96 103
96 105
96 106
96 107
96 108
96 110
96 112
96 113
96 117
96 120
96 121
96 123
96 125
96 127
96 128
96 129
96 130
96 134
96 135
96 136
96 141
96 142
96 143
96 146
96 148
96 149
96 150
96 151
96 152
96 153
96 154
96 155
96 156
96 160
96 161
96 163
96 164
96 165
96 166
96 167
96 168
96 173
96 175
96 177
96 178
96 182
96 183
96 184
96 187
96 188
96 194
96 195
97 98
97 100
97 101
97 104
97 106
97 107
97 108
97 112
97 113
97 116
97 120
97 124
97 125
97 127
97 128
97 129
97 130
97 136
97 137
97 139
97 140
97 141
97 143
97 147
97 148
97 150
97 153
97 156
97 158
97 159
97 160
97 166
97 171
97 173
97 174
97 175
97 177
97 179
97 181
97 182
97 184
97 186
97 187
97 189
97 190
97 191
97 192
97 193
97 195
97 196
98 100
98 102
98 103
98 104
98 109
98 111
98 112
98 120
98 121
98 122
98 123
98 124
98 125
98 126
98 128
98 129
98 133
98 134
98 135
98 139
98 141
98 142
98 143
98 144
98 147
98 149
98 150
98 156
98 158
98 160
98 161
98 162
98 163
98 165
98 166
98 167
98 168
98 169
98 172
98 173
98 177
98 178
98 181
98 182
98 183
98 185
98 188
98 191
98 194
98 197
98 198
98 199
99 100
99 101
99 104
99 105
99 106
99 108
99 109
99 113
99 114
99 115
99 116
99 117
99 118
99 120
99 121
99 122
99 124
99 125
99 126
99 127
99 129
99 130
99 132
99 135
99 136
99 137
99 139
99 141
99 144
99 146
99 148
99 152
99 153
99 155
99 156
99 157
99 159
99 160
99 161
99 165
99 167
99 168
99 169
99 172
99 175
99 176
99 177
99 178
99 179
99 181
99 184
99 186
99 190
99 191
99 193
99 195
99 198
100 103
100 105
100 107
100 109
100 110
100 111
100 112
100 114
100 116
100 118
100 121
100 123
100 124
100 126
100 127
100 128
100 129
100 130
100 132
100 134
100 135
100 137
100 138
100 139
100 140
100 142
100 143
100 144
100 145
100 147
100 148
100 149
100 150
100 151
100 154
100 157
100 158
100 161
100 162
100 165
100 168
100 173
100 174
100 175
100 178
100 180
100 182
100 183
100 185
100 187
100 189
100 191
100 192
100 194
100 197
100 198
100 199
101 102
101 103
101 104
101 105
101 108
101 109
101 110
101 112
101 113
101 115
101 116
101 118
101 120
101 121
101 122
101 123
101 124
101 126
101 128
101 129
101 130
101 131
101 132
101 133
101 134
101 135
101 138
101 139
101 141
101 143
101 145
101 146
101 147
101 149
101 157
101 158
101 159
101 160
101 163
101 164
101 165
101 166
101 168
101 169
101 170
101 171
101 172
101 174
101 175
101 176
101 178
101 179
101 180
101 181
101 182
101 183
101 185
101 189
101 190
101 192
101 194
101 195
101 196
101 198
102 104
102 105
102 109
102 111
102 112
102 114
102 115
102 116
102 120
102 121
102 123
102 125
102 126
102 129
102 130
102 132
102 134
102 136
102 137
102 138
102 141
102 144
102 145
102 146
102 147
102 152
102 154
102 157
102 159
102 160
102 161
102 163
102 164
102 167
102 170
102 171
102 172
102 173
102 174
102 181
102 183
102 184
102 185
102 190
102 191
102 192
102 193
102 199
103 104
103 105
103 108
103 110
103 111
103 113
103 114
103 115
103 118
103 119
103 120
103 123
103 124
103 125
103 126
103 127
103 129
103 131
103 132
103 133
103 134
103 136
103 138
103 142
103 145
103 146
103 150
103 152
103 153
103 154
103 156
103 158
103 159
103 160
103 161
103 163
103 165
103 168
103 169
103 170
103 171
103 172
103 175
103 176
103 177
103 178
103 179
103 180
103 181
103 182
103 184
103 185
103 186
103 187
103 190
103 191
103 193
103 194
103 196
103 197
103 198
103 199
104 105
104 107
104 110
104 113
104 117
104 122
104 123
104 126
104 128
104 129
104 131
104 132
104 133
104 135
104 136
104 137
104 138
104 141
104 142
104 143
104 144
104 146
104 147
104 148
104 150
104 152
104 153
104 160
104 163
104 164
104 165
104 166
104 168
104 169
104 170
104 173
104 177
104 179
104 181
104 183
104 185
104 186
104 187
104 188
104 189
104 190
104 191
104 192
104 195
104 198
105 107
105 108
105 110
105 113
105 114
105 115
105 117
105 121
105 123
105 128
105 129
105 131
105 133
105 134
105 143
105 145
105 146
105 147
105 149
105 150
105 151
105 152
105 153
105 154
105 155
105 156
105 157
105 159
105 161
105 164
105 167
105 170
105 172
105 175
105 177
105 178
105 179
105 180
105 182
105 185
105 187
105 188
105 189
105 190
105 194
105 195
105 197
106 108
106 110
106 111
106 112
106 113
106 114
106 115
106 116
106 117
106 118
106 119
106 121
106 122
106 124
106 125
106 126
106 129
106 130
106 131
106 133
106 134
106 136
106 137
106 139
106 141
106 144
106 145
106 147
106 149
106 152
106 154
106 155
106 156
106 157
106 159
106 161
106 162
106 164
106 165
106 166
106 168
106 170
106 171
106 173
106 174
106 175
106 176
106 178
106 179
106 180
106 181
106 182
106 183
106 184
106 186
106 188
106 190
106 191
106 193
107 109
107 112
107 113
107 114
107 115
107 118
107 121
107 122
107 123
107 124
107 127
107 129
107 135
107 136
107 137
107 138
107 140
107 141
107 142
107 143
107 145
107 147
107 148
107 151
107 153
107 155
107 157
107 159
107 162
107 163
107 164
107 168
107 169
107 170
107 172
107 173
107 174
107 176
107 177
107 178
107 179
107 181
107 182
107 184
107 186
107 187
107 194
107 196
107 199
108 109
108 111
108 112
108 114
108 115
108 116
108 117
108 119
108 120
108 122
108 123
108 124
108 125
108 126
108 128
108 131
108 132
108 134
108 138
108 139
108 140
108 142
108 145
108 148
108 150
108 151
108 153
108 154
108 155
108 158
108 160
108 162
108 163
108 164
108 168
108 169
108 170
108 172
108 173
108 174
108 175
108 176
108 177
108 179
108 180
108 181
108 183
108 184
108 185
108 187
108 188
108 191
108 192
108 193
108 195
108 196
108 197
108 198
109 111
109 113
109 114
109 115
109 118
109 120
109 121
109 122
109 123
109 124
109 126
109 128
109 129
109 130
109 131
109 132
109 133
109 136
109 137
109 139
109 142
109 143
109 144
109 145
109 146
109 147
109 150
109 152
109 153
109 154
109 156
109 158
109 159
109 160
109 166
109 167
109 168
109 169
109 172
109 173
109 175
109 176
109 178
109 180
109 181
109 183
109 185
109 186
109 187
109 188
109 189
109 190
109 193
109 195
109 196
109 197
109 199
110 111
110 112
110 113
110 120
110 122
110 123
110 124
110 125
110 126
110 127
110 130
110 131
110 132
110 133
110 134
110 135
110 137
110 138
110 139
110 140
110 143
110 145
110 146
110 147
110 148
110 151
110 152
110 153
110 154
110 155
110 156
110 157
110 158
110 160
110 162
110 165
110 167
110 168
110 169
110 170
110 173
110 174
110 176
110 177
110 178
110 184
110 185
110 186
110 187
110 188
110 189
110 191
110 192
110 193
110 194
110 195
110 196
110 197
110 199
111 113
111 114
111 115
111 116
111 118
111 119
111 120
111 121
111 122
111 123
111 124
111 126
111 128
111 129
111 130
111 131
111 132
111 133
111 134
111 135
111 137
111 141
111 142
111 143
111 146
111 147
111 149
111 151
111 152
111 154
111 155
111 156
111 157
111 158
111 161
111 162
111 163
111 164
111 165
111 166
111 167
111 168
111 169
111 170
111 171
111 172
111 173
111 175
111 176
111 178
111 180
111 181
111 182
111 183
111 185
111 186
111 187
111 188
111 189
111 191
111 195
111 196
111 197
111 199
112 116
112 118
112 119
112 121
112 123
112 124
112 126
112 127
112 128
112 129
112 130
112 131
112 132
112 134
112 135
112 136
112 137
112 138
112 139
112 140
112 142
112 144
112 145
112 146
112 147
112 149
112 151
112 153
112 154
112 155
112 156
112 157
112 159
112 161
112 162
112 163
112 164
112 165
112 166
112 168
112 169
112 170
112 172
112 173
112 176
112 180
112 184
112 185
112 188
112 189
112 191
112 192
112 193
112 196
112 197
112 199
113 114
113 116
113 117
113 118
113 119
113 121
113 122
113 123
113 124
113 125
113 126
113 127
113 131
113 133
113 134
113 135
113 137
113 139
113 141
113 142
113 145
113 149
113 150
113 151
113 153
113 156
113 158
113 160
113 162
113 163
113 164
113 165
113 167
113 168
113 169
113 170
113 172
113 174
113 176
113 178
113 179
113 182
113 184
113 185
113 187
113 189
113 191
113 192
113 193
113 195
113 196
113 197
113 198
114 116
114 118
114 122
114 123
114 124
114 125
114 126
114 128
114 130
114 133
114 134
114 135
114 137
114 138
114 142
114 143
114 144
114 145
114 146
114 147
114 148
114 149
114 150
114 151
114 152
114 153
114 155
114 157
114 158
114 159
114 160
114 161
114 163
114 164
114 166
114 168
114 171
114 173
114 175
114 176
114 177
114 179
114 181
114 184
114 185
114 186
114 188
114 190
114 191
114 193
114 195
115 116
115 118
115 119
115 121
115 122
115 126
115 127
115 129
115 130
115 132
115 133
115 135
115 136
115 137
115 138
115 139
115 140
115 143
115 144
115 152
115 153
115 155
115 156
115 160
115 161
115 162
115 163
115 164
115 169
115 171
115 172
115 173
115 174
115 177
115 178
115 179
115 182
115 183
115 184
115 185
115 190
115 191
115 193
115 194
115 195
115 196
115 197
115 198
115 199
116 117
116 120
116 121
116 122
116 123
116 124
116 125
116 127
116 128
116 129
116 130
116 132
116 133
116 135
116 137
116 140
116 141
116 142
116 143
116 146
116 147
116 148
116 155
116 157
116 158
116 160
116 161
116 162
116 163
116 165
116 167
116 168
116 169
116 170
116 171
116 175
116 176
116 177
116 178
116 179
116 181
116 182
116 184
116 185
116 187
116 188
116 189
116 190
116 192
116 193
116 194
116 195
116 196
116 197
116 199
117 118
117 121
117 122
117 124
117 128
117 129
117 131
117 132
117 134
117 135
117 136
117 139
117 140
117 141
117 142
117 143
117 146
117 147
117 148
117 150
117 151
117 152
117 154
117 155
117 157
117 160
117 163
117 166
117 168
117 171
117 172
117 173
117 174
117 175
117 180
117 181
117 183
117 184
117 189
117 191
117 193
117 196
117 197
117 199
118 120
118 121
118 122
118 123
118 125
118 126
118 127
118 130
118 131
118 133
118 134
118 135
118 136
118 137
118 140
118 141
118 144
118 145
118 148
118 149
118 150
118 151
118 152
118 153
118 156
118 157
118 158
118 159
118 163
118 164
118 165
118 167
118 168
118 170
118 171
118 172
118 173
118 175
118 177
118 178
118 179
118 180
118 181
118 182
118 184
118 185
118 187
118 188
118 189
118 193
118 198
118 199
119 121
119 122
119 123
119 124
119 125
119 126
119 127
119 129
119 130
119 132
119 134
119 137
119 138
119 139
119 141
119 142
119 145
119 146
119 148
119 149
119 150
119 152
119 153
119 154
119 157
119 162
119 163
119 164
119 165
119 166
119 168
119 169
119 171
119 172
119 174
119 175
119 176
119 177
119 180
119 181
119 185
119 187
119 189
119 191
119 192
119 193
119 195
119 196
119 197
119 199
120 121
120 122
120 123
120 124
120 125
120 126
120 127
120 129
120 130
120 132
120 134
120 137
120 139
120 140
120 141
120 143
120 146
120 147
120 151
120 153
120 154
120 155
120 161
120 163
120 165
120 166
120 168
120 170
120 171
120 173
120 174
120 175
120 176
120 184
120 185
120 186
120 187
120 189
120 193
120 195
120 196
121 123
121 125
121 127
121 129
121 130
121 131
121 132
121 133
121 135
121 136
121 137
121 139
121 141
121 143
121 144
121 145
121 146
121 147
121 149
121 150
121 153
121 154
121 155
121 156
121 158
121 162
121 163
121 164
121 165
121 167
121 168
121 173
121 175
121 177
121 179
121 181
121 183
121 185
121 187
121 189
121 191
121 192
121 194
121 195
121 196
121 197
121 199
122 123
122 124
122 125
122 128
122 132
122 135
122 136
122 137
122 141
122 143
122 144
122 146
122 147
122 148
122 149
122 152
122 153
122 154
122 155
122 156
122 157
122 159
122 162
122 163
122 167
122 168
122 169
122 170
122 172
122 175
122 181
122 182
122 183
122 184
122 187
122 188
122 189
122 191
122 193
122 194
122 195
122 196
122 197
123 124
123 125
123 131
123 133
123 134
123 136
123 137
123 138
123 139
123 140
123 143
123 144
123 146
123 149
123 150
123 151
123 152
123 153
123 155
123 157
123 159
123 162
123 164
123 166
123 168
123 169
123 170
123 171
123 174
123 175
123 176
123 177
123 178
123 180
123 181
123 184
123 187
123 191
123 192
123 193
123 195
123 198
123 199
124 126
124 127
124 128
124 130
124 133
124 135
124 138
124 139
124 141
124 145
124 146
124 147
124 148
124 150
124 155
124 156
124 157
124 159
124 160
124 162
124 163
124 164
124 167
124 168
124 170
124 173
124 174
124 176
124 177
124 181
124 182
124 183
124 185
124 186
124 192
124 194
124 195
124 196
124 197
124 198
125 128
125 134
125 135
125 136
125 137
125 139
125 140
125 146
125 147
125 150
125 152
125 154
125 155
125 156
125 158
125 159
125 160
125 168
125 169
125 172
125 173
125 174
125 175
125 176
125 177
125 178
125 179
125 180
125 181
125 182
125 183
125 184
125 185
125 187
125 188
125 189
125 190
125 191
125 193
125 195
125 196
125 197
126 127
126 128
126 129
126 131
126 134
126 136
126 137
126 139
126 141
126 143
126 144
126 145
126 146
126 148
126 149
126 150
126 153
126 154
126 156
126 158
126 159
126 162
126 163
126 165
126 166
126 167
126 169
126 170
126 171
126 172
126 173
126 175
126 176
126 177
126 179
126 181
126 183
126 184
126 188
126 189
126 190
126 192
126 194
126 196
126 198
126 199
127 128
127 129
127 132
127 134
127 135
127 136
127 137
127 139
127 140
127 141
127 142
127 145
127 147
127 148
127 150
127 152
127 154
127 158
127 159
127 161
127 162
127 163
127 164
127 165
127 166
127 167
127 168
127 169
127 171
127 172
127 174
127 175
127 176
127 179
127 181
127 182
127 183
127 184
127 185
127 186
127 188
127 190
127 191
127 193
127 195
127 197
127 198
127 199
128 129
128 130
128 131
128 132
128 134
128 135
128 138
128 139
128 140
128 141
128 143
128 144
128 146
128 147
128 148
128 150
128 152
128 154
128 155
128 157
128 160
128 161
128 162
128 165
128 167
128 168
128 169
128 170
128 171
128 174
128 176
128 178
128 179
128 181
128 185
128 186
128 188
128 189
128 190
128 191
128 192
128 196
128 198
128 199
129 131
129 132
129 133
129 135
129 138
129 139
129 140
129 141
129 143
129 145
129 146
129 147
129 149
129 150
129 154
129 155
129 156
129 159
129 163
129 164
129 166
129 167
129 170
129 171
129 172
129 173
129 174
129 175
129 178
129 180
129 183
129 184
129 185
129 186
129 187
129 188
129 189
129 190
129 191
129 192
129 196
130 131
130 133
130 135
130 137
130 139
130 141
130 142
130 143
130 144
130 145
130 146
130 147
130 149
130 150
130 151
130 152
130 153
130 154
130 155
130 157
130 159
130 161
130 162
130 165
130 167
130 171
130 174
130 176
130 177
130 181
130 182
130 183
130 184
130 185
130 186
130 187
130 188
130 190
130 192
130 193
130 194
130 196
130 198
131 133
131 137
131 139
131 140
131 141
131 142
131 144
131 145
131 148
131 149
131 151
131 152
131 153
131 155
131 156
131 157
131 158
131 159
131 162
131 163
131 167
131 169
131 171
131 172
131 173
131 174
131 176
131 177
131 178
131 179
131 180
131 181
131 182
131 183
131 185
131 186
131 187
131 188
131 189
131 191
131 195
131 197
132 133
132 135
132 136
132 137
132 138
132 139
132 141
132 143
132 144
132 145
132 146
132 147
132 148
132 149
132 150
132 151
132 153
132 155
132 156
132 158
132 159
132 160
132 162
132 163
132 164
132 165
132 166
132 168
132 169
132 171
132 174
132 175
132 176
132 177
132 178
132 180
132 182
132 183
132 185
132 186
132 187
132 190
132 191
132 192
132 193
132 194
132 196
132 198
132 199
133 137
133 138
133 139
133 141
133 142
133 144
133 145
133 147
133 150
133 151
133 153
133 154
133 156
133 158
133 160
133 162
133 163
133 164
133 165
133 167
133 171
133 172
133 175
133 176
133 177
133 178
133 179
133 180
133 184
133 185
133 190
133 191
133 192
133 193
133 194
133 195
133 196
133 197
133 198
134 135
134 136
134 139
134 140
134 142
134 143
134 145
134 146
134 148
134 150
134 151
134 155
134 156
134 157
134 161
134 163
134 165
134 166
134 167
134 169
134 171
134 172
134 175
134 176
134 177
134 181
134 182
134 183
134 184
134 185
134 187
134 188
134 189
134 190
134 192
134 193
134 195
134 196
134 197
134 198
135 137
135 138
135 140
135 142
135 144
135 147
135 150
135 151
135 152
135 155
135 158
135 159
135 160
135 162
135 163
135 166
135 168
135 170
135 171
135 172
135 173
135 175
135 176
135 179
135 180
135 181
135 184
135 186
135 188
135 189
135 191
135 193
135 194
135 195
135 196
135 197
135 198
136 138
136 139
136 140
136 141
136 142
136 144
136 146
136 148
136 149
136 150
136 151
136 155
136 157
136 158
136 159
136 161
136 162
136 165
136 166
136 167
136 168
136 170
136 171
136 173
136 175
136 177
136 178
136 179
136 180
136 183
136 188
136 189
136 190
136 195
136 196
136 197
136 198
136 199
137 139
137 141
137 142
137 143
137 144
137 145
137 147
137 148
137 149
137 150
137 151
137 153
137 156
137 157
137 158
137 160
137 161
137 162
137 163
137 166
137 168
137 169
137 173
137 174
137 178
137 179
137 183
137 185
137 186
137 189
137 190
137 191
137 198
137 199
138 139
138 140
138 144
138 145
138 146
138 148
138 149
138 150
138 151
138 152
138 153
138 154
138 155
138 156
138 157
138 159
138 164
138 165
138 166
138 171
138 172
138 173
138 174
138 177
138 178
138 179
138 180
138 182
138 184
138 185
138 186
138 187
138 188
138 189
138 190
138 191
138 192
138 193
138 194
138 196
138 197
138 199
139 140
139 143
139 144
139 145
139 149
139 151
139 154
139 155
139 156
139 157
139 158
139 159
139 161
139 162
139 163
139 166
139 172
139 173
139 174
139 175
139 177
139 179
139 180
139 182
139 183
139 187
139 188
139 189
139 190
139 192
139 193
139 195
139 198
139 199
140 141
140 142
140 143
140 144
140 147
140 149
140 151
140 152
140 155
140 156
140 157
140 158
140 164
140 165
140 167
140 170
140 171
140 172
140 173
140 174
140 175
140 176
140 178
140 179
140 181
140 182
140 188
140 189
140 192
140 194
140 195
140 198
140 199
141 142
141 143
141 144
141 145
141 146
141 148
141 150
141 152
141 155
141 158
141 164
141 169
141 170
141 171
141 172
141 175
141 178
141 179
141 180
141 181
141 183
141 185
141 187
141 188
141 189
141 192
141 193
141 195
141 197
141 198
142 143
142 145
142 147
142 149
142 150
142 151
142 155
142 158
142 162
142 163
142 164
142 165
142 166
142 167
142 168
142 169
142 170
142 172
142 175
142 176
142 179
142 180
142 181
142 182
142 184
142 187
142 188
142 189
142 191
142 193
142 198
142 199
143 145
143 149
143 151
143 153
143 156
143 158
143 160
143 161
143 162
143 164
143 166
143 168
143 169
143 170
143 171
143 173
143 174
143 177
143 181
143 182
143 183
143 186
143 188
143 189
143 192
143 195
143 196
143 197
143 198
144 148
144 149
144 150
144 152
144 153
144 154
144 155
144 158
144 164
144 165
144 169
144 170
144 171
144 175
144 176
144 180
144 181
144 185
144 189
144 192
144 194
144 195
144 196
144 197
144 198
144 199
145 147
145 149
145 150
145 151
145 154
145 157
145 158
145 161
145 162
145 163
145 164
145 165
145 167
145 168
145 169
145 170
145 171
145 173
145 176
145 181
145 183
145 184
145 186
145 187
145 188
145 190
145 192
145 193
145 194
145 195
145 196
145 197
145 199
146 149
146 150
146 151
146 152
146 153
146 156
146 157
146 158
146 160
146 161
146 162
146 163
146 164
146 165
146 166
146 167
146 168
146 169
146 170
146 172
146 173
146 175
146 179
146 186
146 187
146 191
146 193
146 194
146 196
146 197
147 148
147 152
147 153
147 154
147 155
147 156
147 157
147 158
147 159
147 160
147 161
147 162
147 164
147 165
147 167
147 168
147 171
147 173
147 174
147 177
147 178
147 179
147 181
147 182
147 183
147 185
147 186
147 188
147 189
147 190
147 191
147 194
147 198
147 199
148 150
148 151
148 155
148 157
148 158
148 160
148 161
148 165
148 167
148 169
148 170
148 172
148 175
148 179
148 180
148 182
148 183
148 184
148 186
148 190
148 191
148 192
148 193
148 194
148 195
148 197
148 198
149 150
149 151
149 152
149 153
149 155
149 156
149 157
149 158
149 161
149 165
149 167
149 168
149 169
149 170
149 171
149 172
149 180
149 181
149 183
149 184
149 186
149 187
149 191
149 192
149 195
149 197
149 198
149 199
150 151
150 153
150 154
150 158
150 159
150 162
150 163
150 164
150 165
150 166
150 170
150 172
150 173
150 174
150 176
150 177
150 178
150 179
150 180
150 181
150 183
150 185
150 187
150 188
150 189
150 190
150 192
150 193
150 194
150 196
150 197
151 152
151 155
151 157
151 158
151 160
151 161
151 162
151 163
151 164
151 166
151 167
151 168
151 169
151 170
151 171
151 172
151 173
151 174
151 176
151 177
151 180
151 182
151 183
151 184
151 185
151 188
151 189
151 190
151 194
151 196
151 197
151 198
151 199
152 154
152 155
152 159
152 161
152 163
152 170
152 171
152 172
152 175
152 177
152 178
152 180
152 182
152 186
152 190
152 192
152 195
152 198
152 199
153 156
153 158
153 162
153 165
153 166
153 167
153 168
153 169
153 170
153 172
153 175
153 176
153 178
153 181
153 183
153 186
153 187
153 190
153 191
153 192
153 194
153 195
153 196
153 197
153 198
153 199
154 156
154 158
154 159
154 161
154 162
154 165
154 166
154 168
154 169
154 170
154 171
154 172
154 173
154 175
154 176
154 177
154 179
154 180
154 182
154 184
154 187
154 189
154 190
154 192
154 193
154 194
154 196
155 157
155 158
155 159
155 161
155 163
155 164
155 166
155 167
155 169
155 170
155 171
155 172
155 178
155 179
155 183
155 184
155 189
155 190
155 192
155 193
155 196
155 197
155 198
155 199
156 157
156 159
156 161
156 165
156 166
156 167
156 169
156 170
156 171
156 174
156 176
156 178
156 179
156 180
156 181
156 182
156 183
156 185
156 186
156 187
156 188
156 190
156 191
156 194
156 196
156 197
156 198
156 199
157 159
157 160
157 161
157 163
157 164
157 165
157 167
157 168
157 169
157 173
157 174
157 175
157 176
157 177
157 178
157 179
157 180
157 182
157 184
157 190
157 191
157 193
157 196
157 198
157 199
158 160
158 162
158 165
158 166
158 167
158 173
158 180
158 182
158 184
158 187
158 190
158 191
158 192
158 193
158 196
159 161
159 163
159 164
159 165
159 167
159 168
159 169
159 173
159 174
159 177
159 178
159 179
159 183
159 185
159 186
159 188
159 189
159 191
159 193
159 195
159 196
159 197
159 199
160 163
160 164
160 166
160 168
160 172
160 173
160 174
160 175
160 176
160 183
160 189
160 190
160 191
160 192
160 193
160 196
160 197
160 198
160 199
161 162
161 163
161 165
161 167
161 169
161 170
161 173
161 174
161 177
161 178
161 180
161 181
161 183
161 185
161 186
161 187
161 188
161 189
161 190
161 193
161 194
161 195
161 196
161 197
161 198
161 199
162 167
162 168
162 169
162 171
162 173
162 175
162 179
162 185
162 186
162 189
162 191
162 192
162 193
162 194
162 195
162 196
162 198
162 199
163 164
163 165
163 167
163 170
163 171
163 172
163 174
163 177
163 180
163 181
163 183
163 184
163 187
163 190
163 191
163 193
163 194
163 195
163 197
163 198
164 166
164 167
164 168
164 169
164 174
164 175
164 176
164 179
164 180
164 183
164 184
164 185
164 186
164 187
164 188
164 189
164 191
164 196
164 199
165 166
165 168
165 173
165 175
165 181
165 182
165 183
165 184
165 185
165 189
165 190
165 193
165 194
165 195
166 168
166 169
166 170
166 172
166 174
166 175
166 176
166 178
166 179
166 182
166 183
166 186
166 188
166 189
166 190
166 192
166 195
166 198
167 168
167 170
167 172
167 173
167 174
167 176
167 182
167 184
167 185
167 186
167 187
167 188
167 189
167 191
167 192
167 194
167 195
167 196
167 197
168 169
168 170
168 171
168 172
168 174
168 175
168 176
168 177
168 178
168 179
168 180
168 187
168 189
168 190
168 192
168 193
168 194
168 197
168 198
168 199
169 172
169 173
169 177
169 179
169 181
169 182
169 184
169 185
169 187
169 189
169 190
169 192
169 193
169 196
169 197
169 198
169 199
170 172
170 176
170 177
170 181
170 183
170 184
170 185
170 186
170 187
170 188
170 190
170 191
170 192
170 194
170 196
170 197
170 199
171 172
171 173
171 174
171 175
171 176
171 178
171 180
171 181
171 183
171 184
171 185
171 186
171 187
171 188
171 189
171 190
171 191
171 193
171 194
171 195
171 199
172 173
172 174
172 175
172 177
172 181
172 187
172 188
172 189
172 190
172 192
172 193
172 195
172 196
172 197
172 199
173 174
173 176
173 177
173 178
173 179
173 181
173 185
173 186
173 187
173 189
173 190
173 191
173 195
173 197
173 199
174 176
174 178
174 183
174 185
174 187
174 188
174 190
174 192
174 193
174 196
174 197
174 198
174 199
175 177
175 179
175 180
175 182
175 183
175 185
175 186
175 188
175 189
175 190
175 191
175 193
175 195
175 196
175 197
176 179
176 180
176 182
176 186
176 188
176 189
176 190
176 191
176 192
176 193
176 196
176 199
177 178
177 180
177 182
177 186
177 187
177 188
177 189
177 190
177 193
177 194
177 195
177 196
177 197
177 198
178 179
178 180
178 182
178 184
178 185
178 190
178 192
178 193
178 195
178 197
178 198
178 199
179 180
179 181
179 184
179 186
179 187
179 190
179 191
179 196
179 197
179 198
180 181
180 182
180 183
180 184
180 186
180 187
180 191
180 192
180 197
180 198
181 183
181 184
181 185
181 186
181 187
181 189
181 190
181 192
181 195
181 196
181 198
182 183
182 185
182 186
182 188
182 189
182 195
182 198
182 199
183 184
183 185
183 186
183 187
183 189
183 190
183 193
183 194
183 195
184 186
184 188
184 191
184 192
184 194
184 195
184 196
184 197
184 198
184 199
185 188
185 189
185 190
185 192
185 193
185 194
185 195
185 196
185 197
185 198
185 199
186 187
186 188
186 189
186 192
186 195
186 198
187 190
187 191
187 192
187 193
187 194
187 195
187 199
188 190
188 191
188 193
188 194
188 197
188 198
188 199
189 190
189 191
189 192
189 193
189 194
189 196
189 198
189 199
190 195
190 198
190 199
191 192
191 193
191 194
191 197
191 199
192 193
192 194
192 196
192 197
192 199
193 195
193 196
193 197
194 195
194 196
194 197
194 198
194 199
195 196
195 197
195 198
195 199
196 197
196 198
197 198
197 199
198 199
127 129 78 144 150 142 85 91 15 182 55 101 169 174 88 111 168 194 19 124 99 160 6 177 31 37 102 27 157 119 112 133 9 148 149 52 77 32 80 196 76 4 128 56 173 166 186 75 156 171 162 116 197 79 86 115 18 103 140 137
49 193 74 61 69 64 38 163 139 135 151 143 67 54 165 122 1 109 188 118 58 167 100 14 16 25 125 192 190 28 23 117 96 98 81 93 92 95 57 26 72 199 123 59 170 34 17 176 50 30 62 63 189 39 22 158 178 53 84 90
195 106 138 183 24 155 130 104 33 97 12 20 3 40 29 73 134 36 132 191 47 8 141 68 121 179 126 2 184 152 164 51 83 136 185 94 175 41 66 131 172 82 147 70 187 21 145 146 13 120 46 42 161 65 159 45 154 0 181 180
105 107 71 5 153 108 113 7 11 44 114 10 35 60 43 110 87 89 48 198
