200
12053
10
1.79
42.58
55.8
88.49
53.71
90.02
15.59
98.72
62.28
52.85
0 1
0 2
0 3
0 4
0 7
0 8
0 10
0 12
0 14
0 16
0 17
0 18
0 19
0 20
0 24
0 25
0 27
0 28
0 29
0 34
0 35
0 39
0 40
0 43
0 45
0 47
0 49
0 50
0 52
0 54
0 57
0 58
0 60
0 65
0 67
0 68
0 72
0 74
0 75
0 76
0 77
0 78
0 80
0 82
0 83
0 85
0 86
0 87
0 89
0 90
0 91
0 94
0 95
0 97
0 98
0 99
0 101
0 103
0 105
0 107
0 108
0 109
0 110
0 118
0 120
0 121
0 123
0 124
0 128
0 129
0 133
0 134
0 136
0 137
0 140
0 141
0 142
0 144
0 146
0 148
0 149
0 150
0 153
0 155
0 156
0 157
0 158
0 159
0 160
0 161
0 163
0 164
0 165
0 166
0 167
0 168
0 173
0 178
0 181
0 183
0 187
0 188
0 189
0 191
0 194
0 195
0 197
0 198
0 199
1 2
1 3
1 4
1 6
1 7
1 9
1 11
1 14
1 15
1 21
1 23
1 25
1 26
1 29
1 30
1 35
1 37
1 38
1 41
1 42
1 44
1 45
1 46
1 48
1 52
1 53
1 54
1 56
1 59
1 61
1 63
1 64
1 66
1 67
1 69
1 70
1 73
1 74
1 75
1 77
1 78
1 81
1 82
1 84
1 85
1 87
1 96
1 97
1 98
1 99
1 101
1 102
1 103
1 105
1 107
1 108
1 109
1 114
1 115
1 119
1 121
1 122
1 124
1 125
1 128
1 129
1 130
1 131
1 132
1 134
1 135
1 137
1 139
1 140
1 141
1 142
1 143
1 145
1 150
1 151
1 152
1 154
1 155
1 157
1 158
1 159
1 160
1 164
1 165
1 167
1 170
1 171
1 172
1 173
1 174
1 175
1 178
1 179
1 181
1 182
1 184
1 189
1 190
1 191
1 192
1 196
1 197
1 198
2 6
2 8
2 9
2 13
2 14
2 16
2 17
2 20
2 21
2 22
2 23
2 24
2 26
2 32
2 33
2 36
2 37
2 38
2 39
2 40
2 41
2 43
2 44
2 45
2 47
2 50
2 53
2 57
2 59
2 61
2 62
2 63
2 65
2 68
2 70
2 71
2 72
2 73
2 75
2 76
2 77
2 78
2 79
2 80
2 81
2 84
2 86
2 87
2 89
2 91
2 94
2 95
2 96
2 97
2 98
2 100
2 101
2 102
2 103
2 104
2 107
2 110
2 112
2 115
2 117
2 120
2 125
2 128
2 129
2 130
2 131
2 132
2 133
2 137
2 142
2 146
2 147
2 149
2 151
2 152
2 153
2 156
2 159
2 161
2 162
2 163
2 165
2 166
2 167
2 168
2 170
2 171
2 176
2 177
2 178
2 179
2 182
2 184
2 186
2 188
2 189
2 190
2 192
2 195
2 196
2 198
3 8
3 9
3 10
3 11
3 13
3 15
3 17
3 19
3 20
3 21
3 22
3 23
3 24
3 25
3 26
3 27
3 28
3 29
3 31
3 32
3 33
3 34
3 35
3 36
3 40
3 41
3 45
3 49
3 50
3 51
3 52
3 53
3 57
3 58
3 60
3 61
3 62
3 63
3 67
3 68
3 74
3 75
3 76
3 78
3 79
3 81
3 82
3 83
3 84
3 86
3 87
3 89
3 90
3 91
3 92
3 95
3 96
3 97
3 98
3 100
3 103
3 104
3 105
3 106
3 107
3 108
3 111
3 112
3 113
3 115
3 116
3 119
3 123
3 125
3 127
3 129
3 130
3 131
3 136
3 138
3 139
3 140
3 141
3 143
3 146
3 148
3 149
3 150
3 151
3 153
3 155
3 157
3 158
3 159
3 160
3 162
3 163
3 165
3 166
3 167
3 169
3 170
3 171
3 172
3 173
3 174
3 176
3 177
3 179
3 183
3 184
3 185
3 186
3 187
3 188
3 189
3 193
3 194
3 196
3 198
3 199
4 5
4 6
4 8
4 9
4 10
4 11
4 12
4 13
4 14
4 15
4 17
4 19
4 25
4 26
4 27
4 28
4 29
4 30
4 31
4 32
4 34
4 35
4 39
4 40
4 42
4 43
4 44
4 47
4 48
4 49
4 51
4 53
4 54
4 58
4 59
4 64
4 66
4 68
4 69
4 70
4 71
4 72
4 73
4 74
4 75
4 76
4 77
4 78
4 79
4 81
4 84
4 87
4 88
4 89
4 90
4 91
4 93
4 96
4 97
4 99
4 100
4 102
4 104
4 106
4 107
4 109
4 111
4 112
4 113
4 117
4 118
4 120
4 122
4 123
4 125
4 128
4 129
4 130
4 133
4 134
4 135
4 136
4 137
4 138
4 140
4 141
4 142
4 143
4 149
4 150
4 154
4 155
4 156
4 157
4 159
4 162
4 163
4 165
4 167
4 168
4 171
4 173
4 176
4 178
4 180
4 181
4 182
4 183
4 184
4 186
4 187
4 189
4 190
4 191
4 192
4 194
4 196
4 198
4 199
5 6
5 7
5 9
5 10
5 11
5 12
5 16
5 19
5 20
5 21
5 22
5 23
5 24
5 25
5 26
5 29
5 33
5 35
5 38
5 39
5 40
5 41
5 42
5 43
5 44
5 45
5 46
5 47
5 48
5 50
5 52
5 54
5 55
5 56
5 58
5 59
5 60
5 62
5 63
5 66
5 67
5 69
5 70
5 71
5 73
5 74
5 75
5 76
5 77
5 78
5 79
5 80
5 81
5 82
5 83
5 84
5 88
5 92
5 93
5 94
5 95
5 97
5 98
5 99
5 100
5 102
5 103
5 104
5 108
5 109
5 110
5 111
5 115
5 118
5 120
5 121
5 122
5 125
5 126
5 129
5 131
5 132
5 133
5 134
5 135
5 136
5 139
5 140
5 142
5 143
5 145
5 146
5 147
5 148
5 150
5 151
5 152
5 153
5 154
5 156
5 157
5 158
5 159
5 161
5 163
5 166
5 169
5 171
5 174
5 175
5 176
5 178
5 179
5 180
5 181
5 182
5 184
5 185
5 187
5 188
5 189
5 190
5 196
5 199
6 7
6 8
6 11
6 13
6 14
6 18
6 20
6 22
6 23
6 24
6 25
6 29
6 30
6 31
6 32
6 33
6 36
6 37
6 38
6 39
6 40
6 44
6 45
6 47
6 48
6 51
6 52
6 53
6 54
6 56
6 57
6 58
6 60
6 64
6 65
6 68
6 69
6 70
6 71
6 73
6 77
6 79
6 80
6 81
6 84
6 87
6 88
6 89
6 90
6 93
6 94
6 95
6 96
6 97
6 98
6 99
6 104
6 105
6 109
6 110
6 111
6 112
6 113
6 115
6 118
6 119
6 120
6 122
6 126
6 127
6 128
6 129
6 132
6 133
6 137
6 138
6 139
6 141
6 142
6 145
6 146
6 147
6 148
6 150
6 153
6 156
6 157
6 158
6 160
6 161
6 162
6 163
6 165
6 166
6 168
6 169
6 171
6 172
6 173
6 174
6 175
6 177
6 178
6 180
6 182
6 183
6 184
6 186
6 189
6 190
6 192
6 193
6 194
6 196
6 198
7 10
7 12
7 13
7 14
7 16
7 17
7 18
7 20
7 21
7 22
7 23
7 24
7 25
7 26
7 27
7 30
7 31
7 36
7 37
7 38
7 40
7 41
7 44
7 45
7 52
7 54
7 55
7 56
7 59
7 60
7 61
7 62
7 63
7 64
7 65
7 66
7 68
7 69
7 71
7 74
7 75
7 76
7 77
7 78
7 79
7 80
7 81
7 82
7 83
7 85
7 86
7 87
7 90
7 91
7 92
7 93
7 94
7 96
7 97
7 98
7 99
7 100
7 101
7 102
7 103
7 104
7 105
7 107
7 109
7 111
7 112
7 116
7 120
7 122
7 124
7 125
7 127
7 128
7 129
7 134
7 135
7 136
7 137
7 138
7 139
7 140
7 142
7 143
7 146
7 147
7 149
7 150
7 151
7 153
7 154
7 156
7 158
7 160
7 162
7 164
7 165
7 166
7 167
7 168
7 173
7 174
7 181
7 182
7 184
7 185
7 186
7 189
7 191
7 192
7 193
7 196
7 197
7 198
8 12
8 14
8 16
8 17
8 18
8 19
8 22
8 24
8 26
8 27
8 28
8 31
8 32
8 33
8 34
8 36
8 37
8 38
8 39
8 40
8 43
8 44
8 45
8 46
8 47
8 48
8 49
8 50
8 51
8 53
8 55
8 57
8 58
8 59
8 60
8 61
8 65
8 66
8 67
8 69
8 72
8 74
8 75
8 76
8 78
8 79
8 80
8 81
8 82
8 83
8 84
8 85
8 87
8 88
8 89
8 90
8 91
8 92
8 93
8 94
8 97
8 99
8 100
8 101
8 102
8 103
8 104
8 107
8 108
8 110
8 113
8 115
8 116
8 117
8 121
8 123
8 125
8 126
8 129
8 130
8 132
8 133
8 134
8 135
8 137
8 138
8 139
8 140
8 143
8 145
8 146
8 147
8 148
8 149
8 151
8 152
8 154
8 155
8 156
8 157
8 158
8 159
8 160
8 161
8 162
8 163
8 164
8 166
8 167
8 168
8 171
8 174
8 178
8 179
8 182
8 184
8 185
8 187
8 190
8 192
8 193
8 196
8 198
8 199
9 13
9 15
9 17
9 18
9 19
9 24
9 26
9 28
9 29
9 30
9 31
9 32
9 33
9 34
9 35
9 36
9 38
9 39
9 43
9 44
9 45
9 46
9 47
9 48
9 49
9 50
9 52
9 53
9 55
9 56
9 57
9 58
9 59
9 61
9 62
9 63
9 64
9 65
9 66
9 70
9 72
9 73
9 74
9 75
9 77
9 79
9 81
9 82
9 83
9 85
9 86
9 87
9 89
9 90
9 91
9 94
9 95
9 96
9 98
9 99
9 101
9 102
9 103
9 104
9 105
9 107
9 109
9 110
9 111
9 112
9 113
9 114
9 116
9 117
9 118
9 122
9 124
9 126
9 128
9 130
9 132
9 133
9 135
9 136
9 137
9 139
9 140
9 141
9 144
9 145
9 147
9 150
9 154
9 156
9 157
9 158
9 161
9 162
9 165
9 166
9 168
9 170
9 171
9 174
9 175
9 177
9 179
9 180
9 181
9 182
9 184
9 186
9 187
9 188
9 189
9 196
9 197
9 198
9 199
10 12
10 13
10 14
10 18
10 22
10 24
10 25
10 27
10 28
10 30
10 31
10 32
10 33
10 34
10 38
10 39
10 41
10 45
10 46
10 48
10 49
10 51
10 52
10 53
10 54
10 55
10 56
10 57
10 58
10 59
10 60
10 61
10 62
10 63
10 64
10 66
10 67
10 69
10 70
10 71
10 72
10 73
10 75
10 76
10 78
10 79
10 80
10 84
10 85
10 88
10 89
10 90
10 91
10 93
10 94
10 95
10 96
10 97
10 98
10 99
10 101
10 102
10 103
10 104
10 106
10 107
10 108
10 109
10 110
10 112
10 115
10 116
10 117
10 118
10 120
10 123
10 127
10 128
10 129
10 130
10 131
10 132
10 134
10 135
10 136
10 137
10 139
10 140
10 141
10 146
10 147
10 148
10 149
10 150
10 151
10 153
10 154
10 158
10 160
10 162
10 164
10 165
10 166
10 167
10 168
10 170
10 171
10 173
10 178
10 179
10 180
10 181
10 182
10 184
10 188
10 189
10 190
10 193
10 194
10 195
10 196
10 198
10 199
11 12
11 13
11 14
11 15
11 16
11 19
11 22
11 23
11 24
11 26
11 28
11 29
11 31
11 33
11 35
11 36
11 37
11 38
11 41
11 42
11 44
11 45
11 47
11 48
11 49
11 52
11 54
11 56
11 57
11 58
11 60
11 64
11 66
11 67
11 68
11 69
11 73
11 74
11 76
11 77
11 78
11 79
11 81
11 82
11 83
11 84
11 86
11 89
11 90
11 91
11 92
11 94
11 96
11 97
11 99
11 100
11 102
11 103
11 104
11 106
11 107
11 108
11 110
11 111
11 112
11 114
11 115
11 116
11 117
11 119
11 123
11 124
11 125
11 129
11 130
11 131
11 132
11 133
11 135
11 137
11 138
11 139
11 141
11 143
11 144
11 146
11 147
11 150
11 154
11 155
11 157
11 158
11 159
11 160
11 162
11 163
11 165
11 167
11 168
11 171
11 172
11 173
11 176
11 177
11 178
11 180
11 181
11 182
11 183
11 184
11 187
11 191
11 192
11 193
11 194
11 195
11 197
11 198
11 199
12 13
12 14
12 16
12 17
12 18
12 19
12 20
12 21
12 22
12 23
12 26
12 27
12 29
12 31
12 32
12 34
12 36
12 38
12 40
12 42
12 44
12 45
12 46
12 47
12 48
12 49
12 50
12 51
12 53
12 54
12 55
12 58
12 59
12 60
12 61
12 62
12 63
12 64
12 68
12 69
12 71
12 72
12 75
12 77
12 79
12 82
12 84
12 85
12 87
12 88
12 90
12 91
12 94
12 99
12 100
12 102
12 103
12 105
12 106
12 108
12 110
12 111
12 114
12 117
12 119
12 120
12 123
12 125
12 126
12 127
12 128
12 129
12 130
12 131
12 136
12 137
12 143
12 144
12 145
12 147
12 148
12 149
12 151
12 152
12 153
12 154
12 155
12 156
12 157
12 159
12 160
12 161
12 162
12 164
12 165
12 168
12 169
12 172
12 174
12 177
12 181
12 184
12 186
12 190
12 191
12 192
12 193
12 195
12 196
12 198
13 14
13 15
13 16
13 18
13 19
13 20
13 22
13 24
13 28
13 29
13 31
13 32
13 33
13 34
13 35
13 36
13 38
13 40
13 41
13 44
13 46
13 47
13 48
13 49
13 51
13 52
13 56
13 57
13 58
13 59
13 60
13 61
13 63
13 64
13 66
13 67
13 69
13 71
13 72
13 74
13 75
13 76
13 77
13 78
13 79
13 80
13 83
13 85
13 86
13 87
13 88
13 90
13 92
13 94
13 95
13 96
13 97
13 98
13 100
13 102
13 103
13 104
13 105
13 106
13 107
13 108
13 111
13 112
13 116
13 117
13 120
13 121
13 124
13 126
13 128
13 132
13 133
13 134
13 137
13 138
13 140
13 142
13 143
13 144
13 145
13 146
13 148
13 150
13 151
13 157
13 158
13 159
13 160
13 161
13 163
13 164
13 165
13 166
13 169
13 170
13 171
13 172
13 173
13 178
13 181
13 183
13 184
13 186
13 187
13 193
13 194
13 195
13 196
13 197
14 15
14 18
14 20
14 21
14 22
14 23
14 24
14 25
14 26
14 27
14 28
14 29
14 32
14 33
14 36
14 37
14 38
14 39
14 40
14 41
14 42
14 43
14 44
14 45
14 48
14 52
14 53
14 55
14 56
14 58
14 59
14 60
14 62
14 63
14 64
14 68
14 70
14 71
14 73
14 75
14 76
14 78
14 80
14 81
14 82
14 83
14 84
14 88
14 90
14 91
14 92
14 93
14 96
14 97
14 100
14 101
14 104
14 105
14 106
14 109
14 111
14 113
14 114
14 117
14 120
14 123
14 124
14 126
14 131
14 133
14 135
14 136
14 137
14 138
14 140
14 142
14 143
14 144
14 145
14 146
14 147
14 148
14 150
14 151
14 152
14 154
14 155
14 157
14 158
14 159
14 160
14 161
14 163
14 164
14 165
14 168
14 169
14 171
14 172
14 175
14 176
14 178
14 180
14 181
14 183
14 185
14 186
14 189
14 192
14 194
14 196
14 197
14 198
15 16
15 17
15 18
15 19
15 20
15 21
15 22
15 23
15 24
15 27
15 33
15 34
15 38
15 39
15 40
15 44
15 45
15 46
15 48
15 49
15 51
15 52
15 55
15 56
15 57
15 58
15 59
15 61
15 62
15 66
15 68
15 70
15 71
15 74
15 76
15 78
15 79
15 81
15 82
15 83
15 85
15 87
15 88
15 89
15 92
15 95
15 96
15 97
15 99
15 101
15 102
15 105
15 106
15 107
15 108
15 109
15 110
15 111
15 112
15 113
15 114
15 116
15 117
15 118
15 120
15 124
15 126
15 127
15 128
15 129
15 131
15 132
15 135
15 136
15 138
15 141
15 142
15 145
15 148
15 151
15 152
15 153
15 154
15 157
15 160
15 161
15 162
15 163
15 164
15 165
15 166
15 167
15 168
15 169
15 171
15 174
15 175
15 179
15 180
15 182
15 183
15 184
15 186
15 188
15 189
15 190
15 192
15 193
15 194
15 195
15 196
15 199
16 17
16 19
16 22
16 23
16 24
16 27
16 28
16 29
16 30
16 31
16 32
16 33
16 34
16 35
16 36
16 37
16 38
16 41
16 42
16 43
16 44
16 46
16 50
16 51
16 53
16 54
16 55
16 60
16 61
16 63
16 68
16 69
16 70
16 74
16 75
16 76
16 78
16 79
16 80
16 84
16 85
16 86
16 87
16 88
16 89
16 91
16 93
16 94
16 98
16 99
16 100
16 101
16 103
16 107
16 108
16 109
16 111
16 112
16 114
16 115
16 116
16 117
16 118
16 120
16 121
16 122
16 123
16 129
16 131
16 135
16 136
16 139
16 146
16 147
16 148
16 149
16 150
16 151
16 152
16 153
16 155
16 156
16 157
16 159
16 162
16 163
16 164
16 165
16 167
16 168
16 170
16 174
16 175
16 176
16 178
16 181
16 182
16 184
16 188
16 189
16 190
16 191
16 192
16 195
16 196
16 197
16 198
16 199
17 20
17 24
17 26
17 27
17 28
17 29
17 30
17 32
17 33
17 35
17 36
17 38
17 39
17 40
17 41
17 42
17 45
17 47
17 48
17 49
17 50
17 51
17 52
17 53
17 54
17 55
17 56
17 57
17 60
17 61
17 62
17 63
17 64
17 65
17 66
17 69
17 71
17 73
17 74
17 77
17 78
17 79
17 80
17 82
17 83
17 84
17 88
17 89
17 93
17 97
17 98
17 100
17 101
17 102
17 104
17 106
17 108
17 109
17 110
17 111
17 112
17 114
17 115
17 116
17 117
17 120
17 123
17 125
17 126
17 128
17 131
17 132
17 133
17 134
17 135
17 136
17 137
17 139
17 140
17 141
17 148
17 149
17 150
17 151
17 152
17 153
17 155
17 156
17 160
17 161
17 162
17 163
17 165
17 167
17 168
17 169
17 172
17 173
17 174
17 178
17 179
17 181
17 182
17 183
17 184
17 185
17 186
17 187
17 188
17 189
17 191
17 193
17 196
17 197
17 198
17 199
18 19
18 21
18 23
18 24
18 25
18 27
18 28
18 29
18 30
18 31
18 32
18 34
18 39
18 42
18 46
18 48
18 49
18 52
18 55
18 56
18 58
18 59
18 61
18 64
18 65
18 66
18 67
18 68
18 69
18 70
18 73
18 74
18 75
18 76
18 79
18 81
18 82
18 83
18 84
18 85
18 86
18 87
18 88
18 93
18 94
18 95
18 97
18 99
18 101
18 102
18 103
18 104
18 105
18 106
18 108
18 110
18 111
18 114
18 115
18 116
18 118
18 120
18 121
18 123
18 124
18 126
18 127
18 129
18 131
18 132
18 133
18 136
18 138
18 139
18 140
18 141
18 144
18 147
18 148
18 151
18 152
18 156
18 158
18 159
18 160
18 161
18 164
18 165
18 168
18 169
18 170
18 171
18 172
18 173
18 174
18 176
18 177
18 178
18 179
18 180
18 183
18 186
18 187
18 192
18 193
18 194
18 195
18 196
19 20
19 21
19 22
19 23
19 24
19 25
19 26
19 27
19 29
19 30
19 36
19 37
19 39
19 40
19 41
19 44
19 45
19 46
19 47
19 49
19 50
19 51
19 54
19 57
19 58
19 60
19 61
19 62
19 63
19 66
19 71
19 72
19 74
19 75
19 76
19 78
19 79
19 80
19 81
19 82
19 83
19 84
19 86
19 89
19 92
19 93
19 94
19 97
19 98
19 99
19 101
19 102
19 103
19 105
19 106
19 108
19 109
19 110
19 111
19 112
19 116
19 117
19 119
19 121
19 122
19 124
19 125
19 126
19 127
19 128
19 129
19 130
19 131
19 132
19 133
19 136
19 137
19 138
19 139
19 140
19 143
19 146
19 148
19 149
19 151
19 154
19 155
19 156
19 157
19 158
19 159
19 160
19 162
19 165
19 169
19 170
19 172
19 173
19 174
19 175
19 176
19 177
19 178
19 179
19 181
19 182
19 185
19 186
19 190
19 192
19 194
19 195
19 196
19 197
20 21
20 24
20 28
20 30
20 36
20 38
20 39
20 42
20 43
20 45
20 46
20 47
20 48
20 50
20 52
20 53
20 58
20 59
20 60
20 65
20 67
20 69
20 72
20 73
20 74
20 75
20 76
20 77
20 78
20 79
20 84
20 85
20 86
20 87
20 90
20 91
20 92
20 95
20 96
20 97
20 98
20 102
20 103
20 105
20 107
20 110
20 112
20 113
20 114
20 115
20 116
20 119
20 120
20 121
20 125
20 128
20 133
20 134
20 137
20 138
20 139
20 140
20 141
20 142
20 143
20 146
20 147
20 148
20 149
20 150
20 151
20 154
20 155
20 156
20 157
20 162
20 164
20 165
20 166
20 168
20 170
20 171
20 176
20 177
20 179
20 180
20 181
20 182
20 185
20 186
20 187
20 188
20 190
20 191
20 195
20 197
20 198
20 199
21 24
21 26
21 27
21 28
21 31
21 32
21 34
21 36
21 37
21 38
21 39
21 40
21 41
21 42
21 44
21 47
21 49
21 50
21 52
21 53
21 55
21 58
21 61
21 62
21 63
21 64
21 65
21 66
21 67
21 68
21 69
21 70
21 72
21 73
21 74
21 75
21 76
21 79
21 81
21 82
21 83
21 85
21 86
21 90
21 91
21 94
21 95
21 96
21 97
21 99
21 100
21 103
21 106
21 107
21 111
21 112
21 113
21 116
21 117
21 118
21 119
21 121
21 122
21 124
21 125
21 126
21 130
21 131
21 132
21 133
21 136
21 137
21 139
21 140
21 141
21 142
21 143
21 146
21 148
21 149
21 152
21 153
21 157
21 158
21 160
21 161
21 162
21 164
21 167
21 168
21 169
21 171
21 172
21 173
21 174
21 175
21 176
21 177
21 181
21 182
21 183
21 184
21 185
21 186
21 188
21 189
21 191
21 193
21 195
21 199
22 23
22 25
22 26
22 28
22 29
22 30
22 32
22 33
22 35
22 37
22 38
22 39
22 40
22 41
22 42
22 44
22 45
22 47
22 48
22 49
22 50
22 51
22 52
22 53
22 54
22 56
22 57
22 59
22 60
22 61
22 63
22 64
22 65
22 66
22 67
22 68
22 70
22 73
22 74
22 75
22 77
22 78
22 79
22 80
22 81
22 82
22 83
22 85
22 89
22 91
22 92
22 93
22 96
22 97
22 98
22 100
22 106
22 107
22 109
22 111
22 112
22 113
22 116
22 117
22 118
22 119
22 120
22 121
22 123
22 124
22 125
22 127
22 128
22 129
22 130
22 131
22 132
22 134
22 136
22 137
22 139
22 142
22 144
22 148
22 150
22 151
22 152
22 154
22 155
22 156
22 157
22 158
22 159
22 160
22 161
22 162
22 164
22 166
22 167
22 168
22 169
22 170
22 171
22 173
22 174
22 176
22 177
22 178
22 179
22 181
22 183
22 185
22 188
22 189
22 191
22 192
22 195
22 197
22 199
23 24
23 25
23 26
23 27
23 29
23 30
23 31
23 32
23 33
23 34
23 35
23 39
23 40
23 41
23 45
23 46
23 47
23 48
23 49
23 50
23 51
23 52
23 53
23 54
23 55
23 56
23 57
23 58
23 59
23 60
23 61
23 62
23 63
23 64
23 66
23 67
23 68
23 71
23 73
23 74
23 76
23 80
23 81
23 84
23 86
23 87
23 88
23 89
23 90
23 93
23 94
23 95
23 97
23 98
23 99
23 101
23 102
23 103
23 106
23 107
23 108
23 109
23 110
23 111
23 116
23 118
23 119
23 121
23 122
23 126
23 127
23 128
23 129
23 132
23 133
23 135
23 136
23 137
23 138
23 139
23 140
23 141
23 143
23 144
23 145
23 146
23 147
23 149
23 150
23 151
23 153
23 154
23 156
23 159
23 160
23 161
23 162
23 163
23 164
23 165
23 167
23 169
23 170
23 171
23 176
23 177
23 178
23 179
23 180
23 181
23 182
23 184
23 185
23 187
23 190
23 193
23 194
23 198
24 25
24 27
24 28
24 29
24 31
24 32
24 33
24 34
24 39
24 42
24 43
24 45
24 47
24 50
24 52
24 53
24 54
24 55
24 56
24 57
24 59
24 60
24 61
24 62
24 65
24 66
24 67
24 68
24 69
24 71
24 73
24 74
24 75
24 76
24 77
24 79
24 82
24 83
24 84
24 86
24 87
24 89
24 90
24 91
24 92
24 95
24 96
24 97
24 98
24 99
24 100
24 101
24 102
24 104
24 105
24 107
24 109
24 111
24 112
24 113
24 114
24 115
24 117
24 119
24 120
24 121
24 122
24 123
24 124
24 126
24 127
24 128
24 132
24 134
24 135
24 136
24 137
24 140
24 142
24 143
24 144
24 145
24 146
24 147
24 148
24 149
24 150
24 152
24 157
24 161
24 163
24 166
24 168
24 170
24 171
24 172
24 174
24 175
24 178
24 182
24 184
24 185
24 186
24 187
24 188
24 189
24 190
24 195
24 196
24 198
24 199
25 26
25 28
25 29
25 36
25 37
25 38
25 39
25 40
25 41
25 45
25 46
25 47
25 48
25 51
25 52
25 54
25 61
25 63
25 64
25 66
25 68
25 72
25 73
25 75
25 77
25 82
25 83
25 84
25 85
25 86
25 87
25 88
25 90
25 92
25 93
25 94
25 95
25 96
25 98
25 99
25 100
25 101
25 102
25 103
25 106
25 108
25 109
25 113
25 117
25 119
25 120
25 121
25 122
25 123
25 124
25 126
25 128
25 129
25 130
25 131
25 133
25 134
25 138
25 140
25 141
25 144
25 145
25 147
25 149
25 150
25 151
25 152
25 154
25 156
25 157
25 160
25 162
25 166
25 168
25 173
25 174
25 175
25 177
25 178
25 179
25 182
25 183
25 184
25 185
25 186
25 187
25 188
25 190
25 195
25 199
26 27
26 28
26 31
26 32
26 33
26 35
26 36
26 37
26 38
26 39
26 40
26 43
26 45
26 47
26 49
26 51
26 52
26 54
26 56
26 57
26 58
26 60
26 64
26 65
26 68
26 70
26 72
26 75
26 78
26 80
26 81
26 83
26 86
26 87
26 89
26 90
26 92
26 93
26 94
26 95
26 98
26 100
26 103
26 104
26 106
26 107
26 108
26 109
26 111
26 114
26 115
26 118
26 119
26 120
26 121
26 122
26 126
26 127
26 128
26 129
26 130
26 131
26 133
26 134
26 139
26 140
26 142
26 143
26 144
26 145
26 149
26 150
26 151
26 153
26 155
26 157
26 158
26 159
26 160
26 161
26 163
26 165
26 166
26 167
26 168
26 170
26 171
26 173
26 174
26 175
26 176
26 177
26 180
26 182
26 183
26 184
26 185
26 186
26 187
26 188
26 190
26 196
26 197
26 198
27 28
27 29
27 30
27 32
27 33
27 34
27 36
27 41
27 45
27 46
27 48
27 51
27 53
27 54
27 56
27 57
27 58
27 59
27 60
27 63
27 64
27 66
27 70
27 72
27 73
27 75
27 76
27 78
27 79
27 81
27 82
27 85
27 88
27 89
27 92
27 93
27 94
27 96
27 99
27 100
27 101
27 102
27 103
27 105
27 106
27 107
27 108
27 109
27 110
27 111
27 112
27 113
27 114
27 115
27 116
27 119
27 123
27 124
27 126
27 128
27 129
27 130
27 131
27 132
27 134
27 135
27 136
27 137
27 138
27 140
27 141
27 143
27 145
27 146
27 148
27 149
27 150
27 154
27 156
27 157
27 158
27 159
27 160
27 161
27 162
27 165
27 168
27 171
27 172
27 173
27 174
27 175
27 176
27 178
27 181
27 182
27 183
27 184
27 185
27 189
27 190
27 193
27 194
27 195
27 196
27 197
27 198
27 199
28 29
28 30
28 31
28 32
28 34
28 35
28 37
28 38
28 39
28 41
28 42
28 43
28 46
28 50
28 51
28 52
28 53
28 55
28 56
28 57
28 58
28 59
28 62
28 63
28 64
28 65
28 66
28 67
28 68
28 70
28 71
28 72
28 74
28 77
28 78
28 79
28 80
28 82
28 83
28 84
28 87
28 88
28 89
28 90
28 92
28 94
28 97
28 98
28 99
28 100
28 103
28 104
28 105
28 107
28 108
28 109
28 110
28 111
28 112
28 113
28 116
28 117
28 118
28 120
28 121
28 122
28 123
28 124
28 125
28 126
28 127
28 128
28 129
28 130
28 132
28 133
28 134
28 135
28 136
28 138
28 139
28 143
28 144
28 146
28 148
28 149
28 150
28 151
28 152
28 153
28 154
28 155
28 156
28 158
28 161
28 164
28 166
28 167
28 169
28 171
28 175
28 176
28 177
28 179
28 180
28 183
28 184
28 186
28 187
28 188
28 189
28 193
28 194
28 195
28 197
28 198
28 199
29 31
29 36
29 37
29 40
29 41
29 42
29 43
29 45
29 48
29 49
29 50
29 52
29 53
29 54
29 55
29 56
29 57
29 58
29 60
29 61
29 62
29 63
29 65
29 69
29 72
29 73
29 75
29 78
29 79
29 81
29 82
29 86
29 87
29 88
29 89
29 93
29 95
29 96
29 97
29 101
29 102
29 104
29 105
29 106
29 107
29 108
29 109
29 110
29 112
29 113
29 114
29 115
29 116
29 117
29 118
29 121
29 122
29 123
29 125
29 126
29 127
29 130
29 132
29 135
29 137
29 139
29 140
29 141
29 142
29 143
29 144
29 145
29 147
29 148
29 149
29 150
29 152
29 153
29 156
29 157
29 159
29 160
29 161
29 162
29 163
29 164
29 165
29 167
29 168
29 169
29 170
29 171
29 172
29 173
29 174
29 175
29 177
29 178
29 179
29 180
29 181
29 184
29 185
29 188
29 191
29 194
29 195
29 198
30 31
30 32
30 33
30 36
30 38
30 39
30 41
30 42
30 43
30 45
30 46
30 48
30 50
30 52
30 53
30 54
30 55
30 56
30 57
30 58
30 59
30 60
30 61
30 64
30 65
30 67
30 68
30 69
30 71
30 73
30 75
30 76
30 78
30 81
30 84
30 87
30 89
30 90
30 91
30 92
30 94
30 97
30 98
30 99
30 100
30 101
30 102
30 103
30 105
30 107
30 109
30 111
30 112
30 114
30 116
30 117
30 118
30 120
30 121
30 122
30 123
30 124
30 125
30 126
30 128
30 131
30 132
30 133
30 134
30 136
30 137
30 144
30 145
30 146
30 148
30 149
30 150
30 152
30 153
30 154
30 155
30 156
30 157
30 159
30 160
30 161
30 162
30 165
30 166
30 168
30 169
30 171
30 172
30 173
30 174
30 175
30 176
30 177
30 179
30 180
30 181
30 182
30 183
30 185
30 188
30 191
30 196
30 198
30 199
31 34
31 36
31 37
31 42
31 44
31 45
31 50
31 52
31 55
31 58
31 59
31 60
31 61
31 62
31 63
31 65
31 66
31 68
31 69
31 70
31 73
31 74
31 75
31 76
31 78
31 79
31 81
31 82
31 83
31 84
31 85
31 89
31 90
31 91
31 92
31 93
31 97
31 98
31 99
31 100
31 101
31 102
31 103
31 104
31 105
31 106
31 107
31 111
31 113
31 114
31 115
31 116
31 119
31 120
31 121
31 122
31 123
31 128
31 129
31 130
31 131
31 132
31 133
31 134
31 135
31 136
31 137
31 138
31 140
31 141
31 142
31 144
31 146
31 147
31 148
31 150
31 151
31 152
31 153
31 155
31 156
31 158
31 159
31 160
31 161
31 164
31 165
31 166
31 167
31 169
31 170
31 171
31 172
31 175
31 177
31 178
31 181
31 182
31 183
31 184
31 185
31 187
31 190
31 193
31 194
31 195
31 196
31 197
32 33
32 37
32 38
32 41
32 42
32 44
32 46
32 49
32 50
32 51
32 52
32 53
32 54
32 55
32 62
32 63
32 68
32 70
32 71
32 76
32 77
32 78
32 79
32 80
32 81
32 82
32 84
32 85
32 89
32 90
32 91
32 93
32 96
32 97
32 99
32 100
32 101
32 102
32 103
32 104
32 105
32 106
32 107
32 108
32 109
32 110
32 111
32 112
32 113
32 115
32 116
32 117
32 118
32 119
32 120
32 123
32 124
32 127
32 128
32 129
32 130
32 131
32 133
32 134
32 136
32 139
32 141
32 143
32 144
32 146
32 148
32 149
32 150
32 151
32 153
32 154
32 155
32 156
32 158
32 159
32 160
32 161
32 162
32 163
32 165
32 166
32 169
32 170
32 172
32 173
32 174
32 176
32 179
32 181
32 183
32 185
32 186
32 189
32 192
32 195
32 197
32 198
33 34
33 36
33 38
33 40
33 43
33 45
33 46
33 47
33 48
33 49
33 51
33 53
33 54
33 55
33 56
33 59
33 60
33 61
33 62
33 63
33 65
33 66
33 69
33 72
33 73
33 74
33 77
33 79
33 80
33 81
33 82
33 83
33 84
33 86
33 88
33 91
33 93
33 94
33 95
33 97
33 99
33 100
33 101
33 103
33 104
33 105
33 109
33 110
33 115
33 117
33 120
33 121
33 122
33 123
33 125
33 127
33 128
33 129
33 130
33 132
33 133
33 136
33 137
33 138
33 139
33 140
33 141
33 142
33 145
33 147
33 148
33 149
33 150
33 151
33 152
33 153
33 159
33 161
33 162
33 163
33 167
33 169
33 172
33 177
33 178
33 179
33 181
33 187
33 188
33 190
33 193
33 194
33 195
33 196
33 197
34 35
34 37
34 39
34 41
34 43
34 44
34 45
34 46
34 49
34 50
34 51
34 52
34 54
34 55
34 56
34 59
34 60
34 66
34 67
34 68
34 69
34 70
34 72
34 74
34 75
34 76
34 81
34 82
34 83
34 84
34 85
34 86
34 88
34 92
34 95
34 97
34 100
34 101
34 102
34 103
34 104
34 105
34 106
34 107
34 108
34 113
34 115
34 117
34 118
34 120
34 121
34 125
34 127
34 129
34 130
34 131
34 132
34 133
34 136
34 138
34 146
34 148
34 150
34 151
34 152
34 153
34 159
34 161
34 163
34 167
34 169
34 171
34 175
34 177
34 179
34 181
34 182
34 185
34 186
34 187
34 188
34 189
34 191
34 192
34 193
34 195
34 197
34 198
34 199
35 37
35 39
35 40
35 46
35 48
35 50
35 53
35 56
35 60
35 61
35 62
35 63
35 65
35 66
35 71
35 72
35 74
35 75
35 77
35 78
35 79
35 83
35 84
35 85
35 86
35 87
35 90
35 92
35 94
35 96
35 97
35 98
35 100
35 101
35 103
35 105
35 106
35 107
35 108
35 112
35 113
35 114
35 115
35 116
35 117
35 118
35 120
35 122
35 123
35 124
35 126
35 128
35 130
35 131
35 134
35 135
35 141
35 142
35 143
35 144
35 145
35 146
35 151
35 152
35 155
35 159
35 160
35 163
35 164
35 166
35 167
35 168
35 169
35 171
35 172
35 173
35 176
35 177
35 178
35 179
35 180
35 184
35 185
35 187
35 189
35 191
35 192
35 195
35 199
36 37
36 38
36 39
36 41
36 43
36 44
36 45
36 46
36 48
36 49
36 51
36 54
36 55
36 57
36 59
36 60
36 61
36 62
36 64
36 66
36 69
36 71
36 73
36 74
36 75
36 76
36 78
36 80
36 81
36 86
36 87
36 88
36 89
36 93
36 95
36 97
36 99
36 100
36 101
36 103
36 104
36 105
36 107
36 110
36 112
36 113
36 115
36 116
36 117
36 118
36 119
36 121
36 123
36 125
36 127
36 128
36 129
36 131
36 132
36 133
36 135
36 136
36 137
36 138
36 139
36 140
36 141
36 142
36 143
36 144
36 147
36 148
36 152
36 153
36 155
36 158
36 160
36 162
36 164
36 165
36 166
36 167
36 168
36 169
36 170
36 171
36 172
36 173
36 175
36 176
36 177
36 178
36 180
36 182
36 183
36 187
36 188
36 189
36 192
36 194
36 195
36 196
36 199
37 40
37 41
37 44
37 47
37 48
37 50
37 51
37 52
37 53
37 56
37 58
37 59
37 60
37 61
37 62
37 63
37 64
37 65
37 67
37 68
37 69
37 70
37 71
37 75
37 76
37 77
37 78
37 84
37 86
37 87
37 89
37 90
37 91
37 92
37 93
37 94
37 98
37 101
37 102
37 103
37 105
37 106
37 107
37 108
37 110
37 111
37 112
37 114
37 115
37 116
37 117
37 118
37 122
37 124
37 127
37 129
37 130
37 132
37 133
37 137
37 140
37 141
37 143
37 144
37 146
37 148
37 149
37 151
37 155
37 156
37 158
37 160
37 161
37 162
37 163
37 164
37 165
37 166
37 168
37 170
37 171
37 172
37 173
37 174
37 175
37 176
37 179
37 180
37 181
37 183
37 184
37 185
37 186
37 187
37 188
37 191
37 192
37 193
37 194
37 196
37 199
38 39
38 40
38 41
38 43
38 48
38 50
38 52
38 53
38 54
38 57
38 60
38 61
38 63
38 65
38 67
38 68
38 69
38 70
38 71
38 72
38 73
38 74
38 75
38 76
38 77
38 78
38 79
38 80
38 82
38 84
38 85
38 86
38 87
38 88
38 89
38 90
38 92
38 93
38 95
38 96
38 97
38 100
38 101
38 102
38 103
38 108
38 109
38 110
38 111
38 113
38 114
38 116
38 119
38 121
38 122
38 124
38 125
38 127
38 129
38 130
38 132
38 133
38 136
38 139
38 141
38 142
38 143
38 144
38 146
38 148
38 149
38 154
38 155
38 157
38 159
38 161
38 163
38 165
38 168
38 169
38 173
38 175
38 178
38 180
38 182
38 186
38 187
38 188
38 192
38 194
38 196
39 42
39 43
39 45
39 46
39 47
39 50
39 52
39 56
39 57
39 58
39 62
39 63
39 64
39 66
39 68
39 69
39 70
39 75
39 78
39 79
39 80
39 81
39 82
39 83
39 84
39 85
39 86
39 88
39 92
39 93
39 95
39 97
39 99
39 100
39 101
39 102
39 104
39 105
39 108
39 109
39 110
39 112
39 113
39 114
39 115
39 120
39 122
39 123
39 124
39 125
39 126
39 127
39 129
39 130
39 132
39 134
39 138
39 141
39 142
39 143
39 147
39 149
39 155
39 156
39 159
39 161
39 163
39 164
39 165
39 167
39 169
39 170
39 171
39 173
39 175
39 177
39 179
39 181
39 183
39 185
39 186
39 187
39 188
39 189
39 190
39 191
39 194
39 195
39 196
39 197
39 198
39 199
40 41
40 43
40 44
40 49
40 50
40 51
40 52
40 55
40 58
40 60
40 62
40 65
40 66
40 67
40 70
40 76
40 80
40 82
40 84
40 85
40 88
40 90
40 91
40 93
40 94
40 95
40 96
40 97
40 98
40 100
40 101
40 103
40 104
40 107
40 109
40 110
40 112
40 113
40 115
40 116
40 117
40 118
40 119
40 120
40 123
40 124
40 125
40 128
40 129
40 130
40 131
40 134
40 135
40 136
40 137
40 138
40 140
40 142
40 143
40 145
40 147
40 149
40 150
40 152
40 153
40 156
40 157
40 158
40 159
40 160
40 161
40 165
40 166
40 167
40 169
40 170
40 171
40 172
40 173
40 174
40 175
40 176
40 177
40 178
40 181
40 182
40 184
40 185
40 186
40 187
40 190
40 191
40 193
40 196
40 197
40 198
40 199
41 44
41 45
41 49
41 51
41 52
41 53
41 55
41 56
41 57
41 58
41 59
41 60
41 63
41 65
41 67
41 70
41 71
41 72
41 74
41 76
41 77
41 79
41 80
41 81
41 87
41 89
41 91
41 92
41 95
41 97
41 98
41 99
41 102
41 103
41 105
41 106
41 107
41 108
41 109
41 110
41 111
41 113
41 115
41 116
41 117
41 119
41 120
41 122
41 123
41 124
41 125
41 127
41 129
41 131
41 132
41 133
41 134
41 136
41 139
41 140
41 143
41 144
41 145
41 146
41 149
41 151
41 154
41 157
41 158
41 159
41 161
41 165
41 166
41 167
41 169
41 172
41 173
41 175
41 178
41 180
41 181
41 183
41 184
41 185
41 187
41 188
41 190
41 191
41 192
41 193
41 194
41 196
41 197
41 198
42 43
42 44
42 45
42 46
42 49
42 51
42 52
42 53
42 55
42 56
42 58
42 61
42 62
42 65
42 66
42 67
42 68
42 73
42 74
42 79
42 80
42 81
42 82
42 84
42 85
42 86
42 89
42 90
42 91
42 92
42 94
42 95
42 96
42 98
42 99
42 100
42 101
42 103
42 106
42 109
42 110
42 111
42 113
42 114
42 118
42 119
42 120
42 121
42 123
42 124
42 128
42 130
42 131
42 132
42 134
42 139
42 140
42 141
42 143
42 145
42 146
42 147
42 148
42 149
42 151
42 152
42 154
42 155
42 156
42 157
42 159
42 160
42 161
42 162
42 165
42 166
42 167
42 168
42 169
42 170
42 171
42 172
42 173
42 174
42 175
42 176
42 177
42 178
42 179
42 180
42 181
42 182
42 184
42 185
42 186
42 187
42 189
42 190
42 193
42 196
42 197
43 44
43 45
43 46
43 47
43 48
43 50
43 52
43 54
43 56
43 57
43 62
43 63
43 65
43 67
43 71
43 72
43 73
43 74
43 76
43 77
43 82
43 84
43 87
43 91
43 93
43 94
43 95
43 96
43 97
43 98
43 99
43 100
43 102
43 104
43 105
43 106
43 107
43 108
43 109
43 110
43 111
43 112
43 113
43 114
43 116
43 117
43 118
43 119
43 120
43 121
43 122
43 123
43 124
43 127
43 128
43 130
43 131
43 132
43 133
43 134
43 135
43 136
43 137
43 139
43 140
43 141
43 144
43 145
43 146
43 147
43 148
43 149
43 150
43 151
43 152
43 154
43 155
43 156
43 157
43 158
43 160
43 161
43 163
43 164
43 165
43 167
43 170
43 173
43 176
43 180
43 183
43 184
43 186
43 188
43 189
43 191
43 192
43 194
43 195
43 197
43 199
44 45
44 46
44 47
44 48
44 49
44 50
44 51
44 52
44 54
44 56
44 57
44 60
44 61
44 62
44 63
44 65
44 66
44 67
44 68
44 71
44 72
44 75
44 76
44 77
44 78
44 79
44 81
44 82
44 84
44 85
44 86
44 87
44 88
44 90
44 91
44 93
44 94
44 95
44 97
44 98
44 101
44 109
44 112
44 114
44 116
44 118
44 119
44 120
44 121
44 122
44 123
44 125
44 126
44 127
44 130
44 131
44 132
44 133
44 134
44 135
44 138
44 139
44 140
44 141
44 142
44 143
44 144
44 145
44 146
44 147
44 148
44 149
44 150
44 151
44 152
44 153
44 154
44 156
44 158
44 161
44 162
44 163
44 166
44 167
44 168
44 169
44 170
44 173
44 174
44 175
44 177
44 178
44 181
44 182
44 183
44 185
44 186
44 187
44 188
44 189
44 190
44 191
44 192
44 193
44 195
44 197
44 199
45 46
45 47
45 48
45 49
45 50
45 52
45 53
45 54
45 56
45 58
45 61
45 64
45 65
45 67
45 68
45 70
45 71
45 72
45 77
45 78
45 79
45 82
45 83
45 84
45 85
45 86
45 87
45 88
45 89
45 91
45 92
45 94
45 95
45 96
45 97
45 98
45 100
45 101
45 103
45 104
45 105
45 108
45 109
45 110
45 112
45 113
45 114
45 115
45 118
45 119
45 121
45 122
45 123
45 125
45 127
45 128
45 130
45 133
45 134
45 136
45 137
45 138
45 140
45 141
45 142
45 144
45 145
45 147
45 148
45 149
45 154
45 156
45 159
45 160
45 162
45 163
45 165
45 167
45 170
45 172
45 173
45 174
45 176
45 177
45 179
45 180
45 182
45 183
45 187
45 190
45 191
45 193
45 194
45 196
45 197
45 198
46 47
46 49
46 50
46 51
46 54
46 58
46 59
46 60
46 61
46 65
46 66
46 68
46 69
46 70
46 72
46 73
46 75
46 76
46 77
46 79
46 80
46 81
46 83
46 84
46 86
46 87
46 88
46 91
46 92
46 93
46 96
46 98
46 100
46 102
46 105
46 106
46 107
46 108
46 109
46 110
46 111
46 112
46 113
46 116
46 117
46 118
46 119
46 121
46 122
46 123
46 124
46 127
46 128
46 129
46 130
46 132
46 133
46 134
46 136
46 141
46 142
46 143
46 146
46 147
46 148
46 149
46 150
46 151
46 152
46 153
46 154
46 155
46 156
46 157
46 160
46 162
46 164
46 165
46 166
46 167
46 168
46 170
46 172
46 173
46 176
46 178
46 179
46 180
46 181
46 182
46 183
46 186
46 187
46 191
46 192
46 196
46 198
46 199
47 49
47 50
47 51
47 52
47 53
47 55
47 56
47 58
47 59
47 60
47 64
47 65
47 67
47 68
47 69
47 70
47 75
47 77
47 81
47 82
47 85
47 87
47 88
47 91
47 93
47 94
47 96
47 97
47 98
47 100
47 103
47 104
47 105
47 106
47 107
47 108
47 109
47 110
47 111
47 112
47 114
47 116
47 120
47 121
47 123
47 126
47 128
47 132
47 133
47 134
47 135
47 136
47 137
47 141
47 142
47 143
47 144
47 145
47 146
47 147
47 148
47 151
47 153
47 154
47 157
47 158
47 159
47 160
47 163
47 164
47 166
47 169
47 172
47 173
47 179
47 180
47 181
47 182
47 183
47 185
47 187
47 188
47 190
47 191
47 195
47 199
48 49
48 50
48 51
48 52
48 53
48 55
48 57
48 58
48 61
48 62
48 63
48 64
48 65
48 67
48 68
48 69
48 70
48 73
48 75
48 76
48 77
48 78
48 79
48 80
48 81
48 82
48 83
48 84
48 86
48 87
48 89
48 92
48 96
48 97
48 98
48 101
48 102
48 103
48 104
48 107
48 113
48 114
48 115
48 120
48 123
48 124
48 125
48 131
48 132
48 133
48 134
48 136
48 137
48 139
48 140
48 141
48 142
48 147
48 150
48 154
48 155
48 157
48 158
48 162
48 164
48 166
48 170
48 171
48 172
48 173
48 175
48 176
48 177
48 179
48 181
48 182
48 183
48 185
48 188
48 189
48 190
48 191
48 193
48 194
48 195
48 196
48 197
48 198
48 199
49 50
49 53
49 55
49 57
49 58
49 60
49 61
49 63
49 65
49 67
49 69
49 70
49 73
49 74
49 75
49 79
49 80
49 81
49 83
49 84
49 85
49 88
49 89
49 90
49 91
49 94
49 95
49 96
49 97
49 99
49 102
49 103
49 104
49 106
49 110
49 111
49 115
49 116
49 118
49 119
49 120
49 121
49 122
49 124
49 131
49 132
49 133
49 134
49 137
49 138
49 139
49 140
49 141
49 142
49 143
49 144
49 145
49 147
49 148
49 149
49 150
49 151
49 152
49 154
49 155
49 156
49 157
49 158
49 160
49 162
49 163
49 164
49 166
49 168
49 174
49 176
49 177
49 180
49 183
49 186
49 187
49 189
49 190
49 192
49 195
49 196
49 197
49 199
50 51
50 53
50 54
50 56
50 58
50 59
50 60
50 61
50 62
50 63
50 64
50 65
50 66
50 67
50 68
50 69
50 70
50 71
50 73
50 74
50 76
50 77
50 78
50 80
50 81
50 83
50 86
50 89
50 90
50 91
50 92
50 94
50 95
50 96
50 97
50 98
50 102
50 104
50 105
50 109
50 111
50 112
50 114
50 115
50 117
50 118
50 119
50 121
50 122
50 123
50 124
50 126
50 127
50 129
50 130
50 134
50 135
50 136
50 137
50 138
50 142
50 143
50 145
50 147
50 148
50 150
50 151
50 152
50 154
50 156
50 157
50 160
50 161
50 162
50 164
50 166
50 168
50 169
50 170
50 173
50 176
50 177
50 178
50 179
50 182
50 183
50 184
50 185
50 187
50 188
50 191
50 194
50 195
50 198
51 55
51 57
51 58
51 59
51 60
51 61
51 62
51 63
51 65
51 66
51 67
51 68
51 70
51 74
51 75
51 78
51 80
51 86
51 89
51 90
51 94
51 96
51 97
51 98
51 99
51 100
51 101
51 104
51 105
51 110
51 118
51 121
51 125
51 126
51 127
51 128
51 129
51 130
51 131
51 132
51 134
51 135
51 136
51 137
51 139
51 140
51 143
51 145
51 146
51 149
51 150
51 151
51 152
51 154
51 155
51 158
51 159
51 160
51 162
51 163
51 164
51 165
51 167
51 168
51 169
51 171
51 172
51 173
51 174
51 175
51 176
51 177
51 179
51 180
51 181
51 185
51 186
51 187
51 188
51 189
51 190
51 191
51 192
51 198
51 199
52 53
52 54
52 55
52 59
52 62
52 63
52 65
52 66
52 67
52 70
52 73
52 74
52 75
52 76
52 77
52 78
52 79
52 81
52 83
52 86
52 87
52 88
52 91
52 94
52 95
52 96
52 98
52 100
52 102
52 103
52 104
52 105
52 107
52 110
52 111
52 112
52 120
52 121
52 122
52 123
52 124
52 125
52 126
52 127
52 128
52 130
52 131
52 132
52 133
52 134
52 136
52 138
52 139
52 143
52 146
52 148
52 149
52 150
52 151
52 154
52 155
52 156
52 157
52 159
52 160
52 161
52 164
52 165
52 166
52 171
52 173
52 174
52 177
52 178
52 180
52 181
52 183
52 184
52 185
52 186
52 188
52 190
52 191
52 193
52 196
52 197
52 199
53 54
53 57
53 58
53 59
53 62
53 64
53 65
53 66
53 67
53 69
53 72
53 74
53 75
53 76
53 77
53 78
53 79
53 80
53 83
53 85
53 86
53 87
53 89
53 90
53 91
53 93
53 97
53 100
53 102
53 103
53 106
53 107
53 110
53 111
53 112
53 113
53 116
53 117
53 119
53 122
53 123
53 125
53 127
53 130
53 132
53 133
53 134
53 135
53 136
53 137
53 140
53 141
53 144
53 145
53 147
53 148
53 149
53 152
53 153
53 154
53 155
53 158
53 159
53 160
53 161
53 162
53 165
53 166
53 170
53 171
53 172
53 174
53 175
53 176
53 177
53 179
53 181
53 182
53 184
53 185
53 186
53 187
53 188
53 189
53 191
53 192
53 195
53 196
53 197
53 198
53 199
54 55
54 57
54 58
54 60
54 61
54 63
54 64
54 65
54 66
54 68
54 69
54 70
54 71
54 72
54 73
54 74
54 75
54 76
54 81
54 82
54 83
54 84
54 85
54 86
54 87
54 88
54 89
54 90
54 91
54 93
54 94
54 96
54 98
54 100
54 101
54 103
54 108
54 109
54 110
54 111
54 115
54 116
54 117
54 119
54 120
54 121
54 122
54 125
54 128
54 129
54 130
54 132
54 134
54 135
54 136
54 137
54 139
54 141
54 142
54 143
54 144
54 145
54 146
54 148
54 150
54 152
54 154
54 155
54 156
54 159
54 160
54 162
54 163
54 164
54 169
54 171
54 172
54 173
54 179
54 180
54 181
54 183
54 184
54 185
54 187
54 188
54 191
54 193
54 194
54 195
54 196
54 197
54 198
55 56
55 59
55 61
55 63
55 64
55 65
55 66
55 68
55 69
55 70
55 73
55 74
55 75
55 76
55 78
55 81
55 82
55 83
55 84
55 88
55 89
55 90
55 93
55 95
55 97
55 98
55 99
55 100
55 104
55 106
55 107
55 108
55 109
55 111
55 112
55 113
55 115
55 117
55 119
55 120
55 121
55 124
55 125
55 126
55 127
55 129
55 130
55 131
55 134
55 135
55 136
55 137
55 138
55 139
55 140
55 141
55 142
55 143
55 144
55 145
55 146
55 147
55 148
55 149
55 150
55 152
55 155
55 156
55 158
55 160
55 162
55 163
55 164
55 166
55 167
55 168
55 169
55 171
55 172
55 174
55 175
55 176
55 177
55 182
55 183
55 184
55 186
55 187
55 191
55 193
55 194
55 195
55 198
56 57
56 59
56 62
56 64
56 65
56 66
56 67
56 68
56 70
56 71
56 73
56 74
56 75
56 77
56 78
56 79
56 80
56 81
56 83
56 84
56 85
56 87
56 88
56 92
56 96
56 97
56 98
56 101
56 102
56 103
56 104
56 106
56 108
56 109
56 110
56 111
56 112
56 113
56 114
56 115
56 120
56 121
56 122
56 128
56 129
56 132
56 133
56 134
56 135
56 136
56 139
56 140
56 143
56 149
56 153
56 155
56 160
56 161
56 163
56 164
56 165
56 166
56 167
56 168
56 169
56 170
56 172
56 173
56 174
56 176
56 178
56 179
56 181
56 182
56 184
56 186
56 187
56 188
56 189
56 190
56 192
56 193
56 195
56 196
56 197
56 199
57 58
57 59
57 60
57 62
57 63
57 65
57 66
57 67
57 69
57 70
57 73
57 76
57 77
57 78
57 80
57 82
57 84
57 86
57 87
57 88
57 89
57 90
57 91
57 92
57 93
57 95
57 98
57 100
57 101
57 103
57 106
57 107
57 111
57 113
57 114
57 115
57 117
57 119
57 120
57 122
57 123
57 126
57 127
57 129
57 130
57 131
57 135
57 137
57 138
57 139
57 140
57 141
57 144
57 145
57 147
57 149
57 152
57 156
57 158
57 160
57 161
57 163
57 165
57 166
57 169
57 172
57 174
57 175
57 176
57 177
57 179
57 180
57 182
57 183
57 184
57 187
57 188
57 190
57 191
57 196
57 198
57 199
58 59
58 60
58 61
58 62
58 64
58 65
58 67
58 71
58 72
58 74
58 75
58 77
58 78
58 80
58 81
58 82
58 84
58 85
58 86
58 87
58 88
58 89
58 90
58 91
58 92
58 94
58 96
58 98
58 99
58 103
58 104
58 107
58 111
58 113
58 116
58 117
58 118
58 120
58 121
58 123
58 126
58 127
58 130
58 131
58 133
58 137
58 138
58 140
58 142
58 143
58 145
58 147
58 148
58 150
58 151
58 155
58 156
58 157
58 160
58 161
58 162
58 163
58 165
58 166
58 167
58 169
58 170
58 171
58 172
58 173
58 175
58 176
58 177
58 180
58 182
58 184
58 185
58 186
58 193
58 194
58 195
58 197
58 199
59 61
59 62
59 63
59 64
59 65
59 67
59 69
59 72
59 74
59 75
59 77
59 85
59 87
59 88
59 89
59 90
59 91
59 92
59 94
59 95
59 97
59 98
59 99
59 100
59 101
59 102
59 104
59 106
59 107
59 110
59 111
59 112
59 113
59 117
59 118
59 123
59 124
59 125
59 126
59 128
59 130
59 131
59 133
59 137
59 138
59 141
59 142
59 143
59 145
59 147
59 150
59 153
59 154
59 155
59 156
59 157
59 159
59 160
59 162
59 163
59 164
59 165
59 166
59 167
59 168
59 169
59 170
59 171
59 174
59 176
59 178
59 180
59 181
59 182
59 184
59 186
59 187
59 188
59 189
59 192
59 194
59 198
60 61
60 64
60 65
60 66
60 69
60 70
60 71
60 73
60 74
60 78
60 80
60 84
60 87
60 88
60 89
60 90
60 91
60 92
60 93
60 95
60 96
60 98
60 100
60 101
60 102
60 108
60 109
60 110
60 112
60 113
60 114
60 117
60 120
60 121
60 122
60 123
60 124
60 126
60 127
60 128
60 130
60 131
60 132
60 134
60 135
60 136
60 137
60 139
60 141
60 143
60 144
60 145
60 146
60 147
60 148
60 149
60 151
60 153
60 154
60 156
60 157
60 158
60 160
60 161
60 162
60 163
60 166
60 167
60 169
60 173
60 174
60 177
60 178
60 180
60 181
60 183
60 185
60 188
60 189
60 192
60 193
60 194
60 195
60 196
60 198
61 62
61 63
61 65
61 66
61 68
61 69
61 70
61 71
61 72
61 73
61 76
61 77
61 80
61 84
61 85
61 86
61 87
61 89
61 91
61 92
61 93
61 96
61 98
61 99
61 104
61 105
61 106
61 108
61 111
61 112
61 113
61 114
61 115
61 116
61 117
61 120
61 124
61 125
61 127
61 128
61 129
61 131
61 133
61 134
61 135
61 136
61 137
61 139
61 141
61 144
61 146
61 147
61 148
61 149
61 150
61 151
61 153
61 154
61 155
61 156
61 157
61 159
61 160
61 161
61 162
61 163
61 164
61 165
61 166
61 167
61 168
61 169
61 171
61 174
61 177
61 178
61 179
61 180
61 181
61 182
61 183
61 184
61 185
61 186
61 188
61 189
61 192
61 195
61 197
61 198
62 63
62 64
62 65
62 68
62 71
62 72
62 73
62 75
62 76
62 77
62 78
62 80
62 82
62 83
62 84
62 85
62 86
62 87
62 88
62 89
62 90
62 91
62 93
62 95
62 97
62 99
62 100
62 101
62 103
62 104
62 105
62 108
62 109
62 110
62 112
62 113
62 116
62 120
62 121
62 122
62 123
62 125
62 126
62 128
62 129
62 130
62 131
62 132
62 134
62 138
62 139
62 140
62 141
62 142
62 143
62 144
62 145
62 146
62 147
62 148
62 149
62 151
62 156
62 157
62 158
62 159
62 160
62 161
62 163
62 164
62 165
62 167
62 168
62 171
62 173
62 176
62 177
62 178
62 179
62 180
62 181
62 185
62 187
62 188
62 189
62 190
62 191
62 192
62 193
62 194
62 195
62 196
62 197
62 199
63 64
63 65
63 67
63 68
63 69
63 70
63 72
63 73
63 75
63 78
63 79
63 83
63 84
63 87
63 89
63 93
63 95
63 98
63 99
63 100
63 102
63 103
63 104
63 105
63 106
63 110
63 112
63 113
63 114
63 121
63 122
63 124
63 125
63 130
63 132
63 134
63 135
63 136
63 137
63 139
63 141
63 142
63 143
63 144
63 145
63 146
63 147
63 149
63 150
63 152
63 154
63 155
63 157
63 159
63 160
63 162
63 163
63 164
63 165
63 170
63 175
63 177
63 180
63 181
63 184
63 185
63 187
63 191
63 192
63 194
63 195
63 197
63 199
64 65
64 66
64 69
64 70
64 71
64 72
64 73
64 74
64 75
64 77
64 79
64 82
64 83
64 84
64 85
64 86
64 87
64 88
64 89
64 91
64 92
64 94
64 95
64 98
64 100
64 102
64 104
64 105
64 106
64 107
64 109
64 113
64 116
64 118
64 119
64 120
64 121
64 123
64 124
64 125
64 126
64 127
64 131
64 133
64 134
64 135
64 139
64 140
64 142
64 144
64 147
64 149
64 150
64 154
64 155
64 157
64 159
64 160
64 162
64 164
64 165
64 166
64 171
64 172
64 173
64 175
64 176
64 177
64 179
64 182
64 187
64 188
64 189
64 190
64 191
64 192
64 193
64 194
64 195
64 196
64 197
64 198
65 66
65 68
65 69
65 71
65 72
65 73
65 75
65 76
65 77
65 79
65 81
65 82
65 83
65 84
65 88
65 89
65 90
65 91
65 92
65 93
65 95
65 96
65 97
65 98
65 99
65 101
65 102
65 104
65 105
65 107
65 108
65 110
65 113
65 114
65 115
65 116
65 119
65 120
65 121
65 123
65 124
65 125
65 126
65 127
65 128
65 129
65 131
65 132
65 133
65 134
65 135
65 136
65 137
65 138
65 139
65 140
65 141
65 143
65 146
65 147
65 151
65 152
65 155
65 156
65 157
65 158
65 160
65 167
65 169
65 176
65 179
65 180
65 181
65 183
65 184
65 188
65 189
65 190
65 191
65 192
65 193
65 194
65 195
65 197
66 67
66 71
66 73
66 74
66 77
66 78
66 79
66 80
66 82
66 84
66 86
66 88
66 89
66 91
66 93
66 94
66 95
66 97
66 98
66 100
66 102
66 105
66 106
66 108
66 110
66 112
66 113
66 117
66 118
66 121
66 123
66 124
66 125
66 126
66 127
66 129
66 130
66 131
66 133
66 137
66 138
66 139
66 141
66 142
66 144
66 146
66 147
66 149
66 152
66 153
66 154
66 156
66 157
66 160
66 161
66 166
66 167
66 170
66 171
66 172
66 173
66 176
66 177
66 179
66 180
66 181
66 184
66 185
66 188
66 189
66 191
66 192
66 195
66 196
66 197
66 198
67 70
67 72
67 73
67 77
67 78
67 81
67 82
67 83
67 86
67 88
67 89
67 92
67 93
67 94
67 95
67 96
67 98
67 100
67 101
67 104
67 105
67 106
67 108
67 110
67 113
67 114
67 115
67 116
67 118
67 120
67 122
67 123
67 126
67 127
67 128
67 129
67 130
67 132
67 134
67 135
67 136
67 137
67 138
67 139
67 140
67 143
67 145
67 147
67 148
67 151
67 154
67 156
67 158
67 159
67 160
67 163
67 164
67 165
67 166
67 168
67 169
67 171
67 172
67 174
67 175
67 176
67 177
67 180
67 183
67 184
67 185
67 186
67 187
67 189
67 190
67 191
67 193
67 194
67 199
68 70
68 71
68 72
68 74
68 75
68 76
68 78
68 79
68 80
68 81
68 83
68 84
68 85
68 86
68 87
68 88
68 91
68 92
68 94
68 96
68 97
68 98
68 99
68 100
68 103
68 104
68 105
68 107
68 108
68 109
68 110
68 116
68 118
68 119
68 120
68 122
68 124
68 125
68 126
68 128
68 129
68 130
68 131
68 133
68 135
68 139
68 140
68 141
68 142
68 144
68 145
68 146
68 147
68 149
68 152
68 154
68 155
68 156
68 157
68 160
68 164
68 167
68 169
68 170
68 171
68 173
68 174
68 175
68 177
68 178
68 183
68 184
68 185
68 187
68 189
68 190
68 192
68 197
68 198
68 199
69 70
69 71
69 73
69 75
69 77
69 78
69 79
69 80
69 81
69 86
69 87
69 88
69 90
69 91
69 92
69 93
69 94
69 96
69 98
69 100
69 101
69 102
69 103
69 105
69 106
69 108
69 109
69 110
69 111
69 112
69 114
69 115
69 118
69 119
69 120
69 122
69 124
69 125
69 126
69 127
69 128
69 129
69 130
69 131
69 133
69 134
69 135
69 136
69 137
69 138
69 139
69 142
69 145
69 146
69 147
69 148
69 149
69 150
69 151
69 152
69 154
69 156
69 158
69 160
69 162
69 163
69 164
69 167
69 169
69 170
69 171
69 172
69 173
69 174
69 175
69 179
69 180
69 185
69 187
69 191
69 192
69 196
69 198
69 199
70 74
70 75
70 76
70 77
70 78
70 80
70 82
70 84
70 88
70 90
70 91
70 92
70 94
70 96
70 97
70 99
70 100
70 101
70 102
70 103
70 105
70 107
70 110
70 111
70 113
70 114
70 115
70 118
70 120
70 123
70 124
70 125
70 126
70 127
70 128
70 130
70 132
70 133
70 136
70 137
70 138
70 139
70 140
70 142
70 143
70 144
70 146
70 147
70 148
70 149
70 153
70 157
70 158
70 162
70 163
70 164
70 165
70 169
70 172
70 174
70 176
70 177
70 178
70 180
70 183
70 185
70 186
70 188
70 192
70 194
70 195
70 197
70 198
71 72
71 73
71 75
71 77
71 79
71 80
71 81
71 84
71 86
71 89
71 91
71 92
71 93
71 95
71 96
71 98
71 101
71 102
71 103
71 105
71 106
71 108
71 111
71 112
71 114
71 115
71 119
71 121
71 122
71 123
71 124
71 125
71 126
71 127
71 129
71 132
71 133
71 134
71 135
71 137
71 139
71 141
71 142
71 145
71 149
71 151
71 154
71 155
71 156
71 157
71 159
71 160
71 162
71 164
71 165
71 166
71 167
71 169
71 170
71 171
71 172
71 174
71 175
71 178
71 181
71 182
71 183
71 185
71 186
71 193
71 194
71 196
71 197
71 199
72 76
72 77
72 78
72 79
72 83
72 85
72 88
72 90
72 91
72 94
72 96
72 98
72 102
72 103
72 104
72 105
72 107
72 109
72 110
72 111
72 112
72 113
72 115
72 117
72 118
72 119
72 120
72 121
72 123
72 124
72 126
72 127
72 128
72 129
72 132
72 137
72 139
72 140
72 144
72 146
72 147
72 148
72 149
72 153
72 154
72 155
72 156
72 157
72 158
72 160
72 162
72 163
72 165
72 166
72 167
72 168
72 170
72 171
72 172
72 173
72 174
72 175
72 176
72 178
72 179
72 180
72 181
72 182
72 186
72 189
72 190
72 192
72 194
72 197
72 198
73 74
73 76
73 78
73 80
73 81
73 83
73 88
73 93
73 94
73 95
73 96
73 98
73 99
73 100
73 101
73 102
73 104
73 106
73 107
73 110
73 113
73 114
73 121
73 122
73 125
73 127
73 129
73 130
73 131
73 132
73 133
73 134
73 136
73 139
73 141
73 143
73 144
73 145
73 146
73 148
73 149
73 152
73 153
73 154
73 156
73 157
73 158
73 160
73 162
73 163
73 164
73 165
73 168
73 169
73 171
73 175
73 177
73 179
73 182
73 184
73 187
73 188
73 190
73 191
73 192
73 194
73 196
73 197
73 198
73 199
74 78
74 79
74 81
74 83
74 89
74 90
74 91
74 92
74 93
74 94
74 95
74 96
74 98
74 100
74 102
74 103
74 104
74 105
74 107
74 112
74 113
74 115
74 118
74 119
74 121
74 122
74 125
74 126
74 127
74 128
74 129
74 132
74 133
74 137
74 139
74 141
74 142
74 143
74 144
74 145
74 148
74 149
74 150
74 152
74 153
74 154
74 155
74 157
74 160
74 161
74 162
74 165
74 166
74 167
74 169
74 170
74 174
74 175
74 177
74 180
74 183
74 186
74 189
74 190
74 191
74 193
74 197
74 198
74 199
75 76
75 78
75 80
75 81
75 82
75 83
75 84
75 86
75 87
75 88
75 90
75 91
75 93
75 94
75 96
75 98
75 100
75 101
75 103
75 105
75 106
75 108
75 109
75 110
75 112
75 113
75 115
75 116
75 117
75 119
75 123
75 125
75 126
75 127
75 129
75 130
75 131
75 132
75 133
75 134
75 138
75 140
75 141
75 145
75 146
75 147
75 149
75 150
75 155
75 157
75 158
75 160
75 163
75 164
75 165
75 167
75 169
75 170
75 171
75 174
75 175
75 176
75 178
75 179
75 180
75 183
75 184
75 186
75 189
75 191
75 194
75 195
75 198
76 80
76 81
76 82
76 85
76 86
76 87
76 88
76 90
76 91
76 94
76 95
76 96
76 98
76 104
76 107
76 108
76 110
76 112
76 114
76 115
76 116
76 118
76 120
76 122
76 124
76 129
76 130
76 132
76 133
76 134
76 136
76 139
76 140
76 144
76 145
76 146
76 147
76 148
76 149
76 150
76 151
76 152
76 153
76 154
76 157
76 158
76 159
76 161
76 162
76 163
76 164
76 167
76 168
76 172
76 173
76 176
76 178
76 180
76 181
76 182
76 183
76 184
76 185
76 186
76 187
76 188
76 192
76 194
76 195
76 196
77 78
77 83
77 88
77 90
77 91
77 92
77 93
77 94
77 95
77 97
77 98
77 100
77 101
77 102
77 103
77 104
77 107
77 110
77 114
77 115
77 116
77 117
77 118
77 120
77 122
77 124
77 126
77 127
77 129
77 131
77 132
77 133
77 135
77 136
77 139
77 141
77 142
77 143
77 144
77 145
77 146
77 147
77 152
77 153
77 154
77 155
77 157
77 160
77 161
77 162
77 163
77 165
77 167
77 169
77 171
77 173
77 174
77 175
77 176
77 178
77 179
77 181
77 183
77 187
77 188
77 189
77 192
77 193
77 194
77 195
77 196
77 197
77 198
77 199
78 79
78 80
78 81
78 82
78 83
78 85
78 88
78 89
78 92
78 93
78 94
78 95
78 96
78 97
78 99
78 102
78 103
78 104
78 106
78 107
78 109
78 110
78 114
78 115
78 118
78 123
78 126
78 127
78 128
78 129
78 131
78 132
78 133
78 135
78 136
78 137
78 139
78 146
78 147
78 148
78 151
78 153
78 155
78 156
78 157
78 158
78 160
78 161
78 162
78 164
78 165
78 168
78 169
78 171
78 172
78 173
78 174
78 175
78 176
78 177
78 178
78 180
78 182
78 183
78 184
78 185
78 186
78 187
78 189
78 190
78 191
78 193
78 194
78 198
78 199
79 80
79 81
79 82
79 83
79 84
79 86
79 88
79 91
79 93
79 94
79 97
79 98
79 99
79 100
79 103
79 105
79 106
79 107
79 108
79 109
79 110
79 113
79 114
79 115
79 117
79 120
79 121
79 122
79 123
79 124
79 125
79 127
79 128
79 131
79 134
79 136
79 137
79 138
79 141
79 142
79 143
79 144
79 147
79 148
79 151
79 152
79 153
79 154
79 156
79 158
79 160
79 161
79 162
79 163
79 165
79 166
79 167
79 170
79 171
79 172
79 173
79 174
79 177
79 179
79 182
79 183
79 185
79 188
79 189
79 191
79 192
79 193
79 194
79 195
79 197
79 199
80 82
80 84
80 85
80 86
80 87
80 90
80 93
80 94
80 95
80 96
80 97
80 98
80 99
80 100
80 101
80 103
80 104
80 105
80 106
80 109
80 110
80 112
80 113
80 114
80 115
80 116
80 117
80 119
80 120
80 122
80 124
80 125
80 126
80 127
80 132
80 133
80 134
80 137
80 138
80 139
80 140
80 142
80 143
80 145
80 146
80 148
80 149
80 150
80 151
80 154
80 156
80 158
80 159
80 162
80 163
80 164
80 165
80 166
80 168
80 169
80 170
80 171
80 172
80 174
80 177
80 178
80 183
80 184
80 187
80 188
80 189
80 190
80 194
80 195
80 196
80 197
80 199
81 82
81 86
81 87
81 88
81 89
81 90
81 93
81 94
81 95
81 96
81 100
81 101
81 104
81 106
81 108
81 109
81 110
81 112
81 113
81 114
81 115
81 116
81 118
81 119
81 120
81 123
81 125
81 126
81 127
81 128
81 129
81 133
81 134
81 136
81 137
81 138
81 139
81 142
81 143
81 145
81 146
81 147
81 149
81 151
81 152
81 154
81 155
81 157
81 159
81 160
81 162
81 163
81 164
81 165
81 166
81 169
81 171
81 172
81 174
81 176
81 177
81 178
81 179
81 181
81 182
81 184
81 185
81 189
81 190
81 193
81 195
81 196
81 198
82 84
82 85
82 86
82 87
82 89
82 90
82 92
82 94
82 95
82 97
82 100
82 101
82 102
82 103
82 104
82 105
82 108
82 109
82 110
82 111
82 112
82 113
82 114
82 115
82 116
82 118
82 122
82 123
82 124
82 126
82 127
82 128
82 132
82 133
82 135
82 137
82 139
82 146
82 148
82 151
82 153
82 156
82 159
82 160
82 161
82 162
82 163
82 164
82 165
82 166
82 167
82 168
82 169
82 170
82 171
82 172
82 174
82 176
82 177
82 178
82 182
82 183
82 186
82 187
82 188
82 189
82 193
82 194
82 196
82 197
83 84
83 88
83 90
83 91
83 93
83 94
83 95
83 96
83 97
83 98
83 99
83 100
83 101
83 102
83 103
83 105
83 108
83 109
83 111
83 112
83 113
83 114
83 116
83 117
83 118
83 119
83 123
83 126
83 128
83 130
83 131
83 134
83 135
83 136
83 139
83 140
83 144
83 145
83 146
83 147
83 148
83 149
83 150
83 152
83 153
83 157
83 158
83 159
83 160
83 161
83 164
83 165
83 167
83 168
83 169
83 170
83 172
83 174
83 176
83 177
83 178
83 180
83 182
83 183
83 184
83 185
83 186
83 187
83 188
83 189
83 190
83 192
83 193
83 194
83 195
83 196
83 197
83 198
83 199
84 86
84 87
84 88
84 89
84 90
84 91
84 92
84 95
84 97
84 99
84 100
84 102
84 103
84 104
84 106
84 107
84 108
84 109
84 111
84 114
84 117
84 119
84 121
84 123
84 124
84 126
84 127
84 129
84 131
84 132
84 133
84 135
84 137
84 141
84 142
84 143
84 144
84 146
84 149
84 150
84 151
84 154
84 155
84 157
84 158
84 161
84 162
84 163
84 164
84 165
84 168
84 171
84 172
84 175
84 176
84 177
84 178
84 180
84 182
84 183
84 184
84 185
84 186
84 187
84 188
84 189
84 190
84 194
84 197
84 198
84 199
85 88
85 90
85 91
85 92
85 94
85 95
85 96
85 97
85 99
85 106
85 109
85 111
85 112
85 113
85 114
85 115
85 118
85 119
85 120
85 121
85 122
85 123
85 126
85 127
85 128
85 130
85 131
85 132
85 134
85 136
85 137
85 138
85 139
85 143
85 146
85 147
85 149
85 150
85 151
85 152
85 153
85 155
85 156
85 157
85 158
85 159
85 160
85 162
85 164
85 165
85 168
85 169
85 170
85 171
85 172
85 173
85 174
85 175
85 176
85 177
85 179
85 180
85 181
85 185
85 186
85 187
85 188
85 189
85 190
85 191
85 192
85 194
85 195
85 197
85 198
85 199
86 87
86 89
86 93
86 94
86 95
86 96
86 97
86 100
86 103
86 106
86 108
86 109
86 110
86 111
86 112
86 114
86 115
86 116
86 118
86 122
86 123
86 124
86 127
86 129
86 131
86 134
86 136
86 137
86 138
86 139
86 140
86 141
86 142
86 143
86 144
86 145
86 146
86 148
86 149
86 150
86 151
86 152
86 155
86 156
86 157
86 160
86 161
86 162
86 163
86 164
86 166
86 167
86 169
86 170
86 171
86 174
86 177
86 178
86 179
86 180
86 181
86 182
86 183
86 184
86 185
86 186
86 188
86 189
86 190
86 191
86 194
86 195
87 88
87 89
87 90
87 91
87 92
87 93
87 95
87 96
87 101
87 102
87 104
87 105
87 106
87 109
87 110
87 111
87 112
87 113
87 115
87 116
87 119
87 122
87 123
87 125
87 126
87 127
87 129
87 135
87 136
87 140
87 141
87 143
87 149
87 150
87 151
87 152
87 154
87 155
87 156
87 157
87 160
87 162
87 164
87 165
87 166
87 167
87 171
87 172
87 173
87 175
87 176
87 177
87 178
87 179
87 180
87 182
87 183
87 184
87 185
87 186
87 187
87 188
87 189
87 190
87 191
87 195
87 196
87 197
88 90
88 95
88 100
88 103
88 104
88 105
88 107
88 108
88 109
88 110
88 111
88 112
88 113
88 114
88 115
88 116
88 117
88 118
88 120
88 121
88 122
88 124
88 125
88 126
88 127
88 128
88 129
88 131
88 132
88 133
88 134
88 136
88 137
88 138
88 141
88 143
88 146
88 147
88 149
88 151
88 157
88 158
88 159
88 160
88 161
88 162
88 166
88 167
88 169
88 171
88 172
88 174
88 175
88 176
88 177
88 181
88 183
88 184
88 189
88 190
88 191
88 193
88 194
88 195
88 197
88 199
89 92
89 93
89 95
89 96
89 98
89 103
89 104
89 105
89 106
89 109
89 110
89 112
89 115
89 116
89 119
89 120
89 123
89 126
89 127
89 130
89 131
89 134
89 135
89 136
89 137
89 139
89 141
89 142
89 143
89 145
89 147
89 149
89 151
89 154
89 156
89 158
89 159
89 160
89 162
89 163
89 164
89 166
89 167
89 169
89 170
89 175
89 176
89 177
89 179
89 180
89 181
89 184
89 185
89 187
89 189
89 190
89 191
89 194
89 195
89 197
89 198
89 199
90 91
90 92
90 95
90 96
90 98
90 99
90 102
90 106
90 108
90 109
90 110
90 111
90 112
90 115
90 116
90 118
90 119
90 125
90 127
90 129
90 130
90 131
90 135
90 137
90 139
90 142
90 144
90 148
90 150
90 151
90 152
90 154
90 155
90 158
90 159
90 161
90 162
90 163
90 164
90 168
90 170
90 171
90 172
90 174
90 175
90 176
90 178
90 179
90 181
90 183
90 186
90 187
90 188
90 189
90 190
90 191
90 193
90 194
90 195
90 196
90 197
90 198
91 92
91 94
91 95
91 96
91 99
91 106
91 107
91 108
91 112
91 113
91 114
91 115
91 117
91 118
91 120
91 121
91 122
91 125
91 131
91 132
91 133
91 135
91 137
91 140
91 141
91 142
91 143
91 144
91 145
91 146
91 147
91 152
91 153
91 156
91 157
91 158
91 159
91 161
91 163
91 164
91 165
91 167
91 169
91 170
91 172
91 173
91 174
91 175
91 176
91 179
91 180
91 181
91 182
91 183
91 185
91 186
91 187
91 190
91 195
91 196
91 197
91 199
92 93
92 94
92 95
92 96
92 100
92 101
92 102
92 104
92 105
92 106
92 107
92 110
92 111
92 113
92 114
92 115
92 116
92 117
92 119
92 120
92 121
92 122
92 123
92 126
92 127
92 128
92 129
92 130
92 131
92 135
92 136
92 137
92 138
92 140
92 149
92 152
92 154
92 157
92 158
92 159
92 160
92 161
92 162
92 163
92 164
92 165
92 166
92 172
92 173
92 174
92 176
92 177
92 178
92 180
92 181
92 182
92 183
92 185
92 187
92 190
92 192
92 193
92 194
92 199
93 95
93 98
93 101
93 102
93 104
93 105
93 106
93 107
93 108
93 110
93 111
93 115
93 117
93 118
93 119
93 120
93 121
93 124
93 125
93 126
93 127
93 128
93 132
93 134
93 135
93 136
93 138
93 140
93 141
93 142
93 144
93 148
93 149
93 150
93 151
93 153
93 154
93 155
93 157
93 158
93 159
93 160
93 161
93 165
93 166
93 167
93 168
93 169
93 172
93 173
93 174
93 176
93 177
93 178
93 179
93 180
93 183
93 184
93 187
93 188
93 189
93 190
93 191
93 192
93 193
93 194
93 196
93 197
93 199
94 95
94 96
94 98
94 99
94 100
94 101
94 102
94 104
94 108
94 112
94 114
94 115
94 120
94 122
94 124
94 125
94 126
94 128
94 131
94 133
94 134
94 137
94 141
94 143
94 144
94 146
94 149
94 150
94 153
94 155
94 156
94 159
94 160
94 161
94 162
94 163
94 164
94 167
94 168
94 169
94 171
94 178
94 180
94 181
94 182
94 183
94 184
94 185
94 186
94 187
94 189
94 190
94 191
94 192
94 193
94 194
94 195
94 196
95 96
95 97
95 98
95 100
95 103
95 104
95 105
95 106
95 107
95 110
95 116
95 118
95 119
95 123
95 124
95 125
95 128
95 131
95 132
95 134
95 135
95 136
95 137
95 138
95 141
95 143
95 146
95 149
95 150
95 151
95 153
95 154
95 157
95 158
95 159
95 161
95 166
95 167
95 174
95 175
95 177
95 178
95 179
95 183
95 186
95 187
95 188
95 189
95 190
95 191
95 192
95 194
95 199
96 97
96 101
96 104
96 105
96 106
96 107
96 108
96 109
96 111
96 112
96 113
96 114
96 117
96 121
96 122
96 124
96 125
96 127
96 128
96 129
96 131
96 132
96 133
96 136
96 137
96 139
96 141
96 142
96 143
96 144
96 145
96 147
96 148
96 149
96 151
96 153
96 154
96 155
96 156
96 158
96 160
96 161
96 162
96 164
96 165
96 166
96 167
96 168
96 169
96 171
96 172
96 174
96 179
96 180
96 182
96 184
96 185
96 187
96 188
96 193
96 194
96 196
96 198
97 98
97 99
97 100
97 101
97 102
97 104
97 105
97 106
97 107
97 108
97 109
97 110
97 112
97 114
97 116
97 117
97 118
97 120
97 122
97 125
97 126
97 127
97 129
97 130
97 131
97 132
97 133
97 134
97 135
97 137
97 138
97 140
97 145
97 146
97 147
97 148
97 154
97 156
97 157
97 158
97 161
97 163
97 164
97 165
97 166
97 167
97 170
97 171
97 172
97 175
97 176
97 177
97 178
97 180
97 181
97 183
97 184
97 185
97 187
97 188
97 190
97 192
97 195
97 196
97 198
98 100
98 101
98 104
98 106
98 107
98 108
98 109
98 110
98 111
98 112
98 114
98 115
98 116
98 118
98 119
98 121
98 122
98 124
98 126
98 128
98 129
98 131
98 133
98 134
98 140
98 142
98 143
98 144
98 147
98 149
98 150
98 152
98 153
98 155
98 158
98 159
98 162
98 163
98 164
98 169
98 171
98 172
98 173
98 174
98 175
98 176
98 178
98 179
98 181
98 182
98 185
98 188
98 189
98 190
98 191
98 194
98 195
98 196
98 197
98 198
98 199
99 100
99 101
99 102
99 103
99 104
99 105
99 109
99 110
99 113
99 114
99 117
99 118
99 119
99 120
99 121
99 122
99 125
99 127
99 129
99 130
99 132
99 134
99 137
99 138
99 140
99 143
99 145
99 146
99 147
99 148
99 149
99 150
99 151
99 152
99 154
99 156
99 157
99 158
99 159
99 160
99 162
99 165
99 166
99 167
99 168
99 169
99 170
99 171
99 174
99 175
99 180
99 181
99 182
99 184
99 185
99 186
99 187
99 189
99 191
99 192
99 197
100 101
100 102
100 103
100 105
100 107
100 110
100 114
100 115
100 119
100 120
100 122
100 125
100 127
100 128
100 129
100 131
100 132
100 135
100 136
100 138
100 139
100 140
100 141
100 145
100 152
100 153
100 155
100 156
100 159
100 160
100 162
100 163
100 164
100 165
100 168
100 169
100 170
100 171
100 177
100 178
100 181
100 182
100 184
100 185
100 186
100 189
100 190
100 192
100 194
100 196
100 197
100 198
100 199
101 102
101 103
101 104
101 105
101 106
101 109
101 111
101 112
101 116
101 117
101 119
101 122
101 124
101 126
101 127
101 129
101 131
101 132
101 135
101 139
101 140
101 141
101 142
101 143
101 144
101 145
101 148
101 149
101 152
101 153
101 154
101 155
101 156
101 158
101 159
101 160
101 161
101 162
101 163
101 165
101 168
101 170
101 171
101 174
101 175
101 176
101 178
101 179
101 180
101 181
101 184
101 185
101 188
101 189
101 190
101 191
101 192
101 193
101 198
101 199
102 103
102 104
102 106
102 110
102 111
102 112
102 114
102 117
102 123
102 124
102 125
102 127
102 129
102 130
102 132
102 134
102 136
102 138
102 139
102 140
102 143
102 145
102 147
102 148
102 149
102 150
102 151
102 154
102 155
102 158
102 159
102 160
102 161
102 162
102 163
102 164
102 165
102 166
102 168
102 169
102 170
102 174
102 175
102 176
102 177
102 179
102 183
102 184
102 185
102 187
102 188
102 189
102 190
102 191
102 193
102 194
102 195
102 196
102 199
103 106
103 108
103 110
103 112
103 113
103 114
103 116
103 117
103 119
103 120
103 122
103 125
103 126
103 128
103 129
103 130
103 134
103 135
103 136
103 138
103 142
103 144
103 145
103 146
103 149
103 151
103 152
103 154
103 155
103 156
103 157
103 158
103 162
103 163
103 164
103 165
103 166
103 168
103 171
103 173
103 174
103 175
103 176
103 177
103 179
103 181
103 182
103 183
103 184
103 185
103 188
103 190
103 191
103 193
103 195
103 196
103 197
103 198
104 107
104 108
104 109
104 110
104 111
104 113
104 114
104 119
104 121
104 124
104 125
104 127
104 128
104 132
104 133
104 135
104 136
104 138
104 139
104 140
104 144
104 146
104 147
104 151
104 152
104 155
104 156
104 157
104 160
104 161
104 162
104 163
104 164
104 165
104 166
104 167
104 168
104 169
104 170
104 171
104 173
104 174
104 175
104 176
104 178
104 180
104 182
104 186
104 189
104 190
104 194
104 195
104 196
104 197
104 198
104 199
105 106
105 108
105 111
105 115
105 116
105 118
105 119
105 120
105 123
105 124
105 125
105 128
105 130
105 132
105 133
105 134
105 135
105 136
105 137
105 138
105 140
105 141
105 142
105 144
105 145
105 146
105 149
105 150
105 156
105 157
105 158
105 159
105 160
105 161
105 162
105 163
105 164
105 165
105 166
105 167
105 168
105 175
105 178
105 180
105 181
105 184
105 185
105 186
105 188
105 189
105 190
105 193
105 194
105 196
105 198
105 199
106 109
106 110
106 111
106 112
106 113
106 114
106 116
106 117
106 121
106 123
106 125
106 126
106 127
106 129
106 133
106 135
106 136
106 138
106 140
106 141
106 142
106 145
106 146
106 149
106 151
106 152
106 153
106 154
106 156
106 158
106 161
106 162
106 164
106 165
106 166
106 167
106 168
106 169
106 171
106 172
106 173
106 174
106 175
106 176
106 178
106 179
106 180
106 181
106 183
106 184
106 185
106 188
106 189
106 190
106 192
106 193
106 194
106 197
106 198
106 199
107 109
107 111
107 113
107 114
107 118
107 119
107 120
107 124
107 127
107 128
107 130
107 132
107 134
107 135
107 136
107 137
107 139
107 140
107 141
107 142
107 143
107 144
107 147
107 148
107 150
107 151
107 152
107 153
107 155
107 156
107 157
107 158
107 159
107 161
107 163
107 164
107 165
107 166
107 167
107 168
107 169
107 170
107 171
107 174
107 176
107 177
107 178
107 179
107 181
107 182
107 186
107 187
107 189
107 190
107 191
107 192
107 194
107 195
107 197
107 198
107 199
108 109
108 110
108 115
108 116
108 118
108 119
108 121
108 122
108 123
108 124
108 126
108 127
108 130
108 131
108 132
108 133
108 136
108 137
108 138
108 142
108 143
108 145
108 146
108 147
108 148
108 149
108 150
108 151
108 152
108 153
108 158
108 163
108 164
108 166
108 167
108 168
108 170
108 171
108 172
108 173
108 174
108 176
108 178
108 179
108 180
108 181
108 182
108 183
108 184
108 185
108 187
108 189
108 193
108 196
108 197
108 198
108 199
109 114
109 116
109 117
109 118
109 119
109 120
109 122
109 123
109 124
109 126
109 127
109 129
109 131
109 136
109 137
109 138
109 139
109 141
109 143
109 144
109 145
109 147
109 148
109 149
109 152
109 153
109 154
109 155
109 156
109 157
109 159
109 160
109 164
109 166
109 168
109 170
109 172
109 173
109 174
109 176
109 177
109 178
109 179
109 180
109 181
109 185
109 188
109 189
109 190
109 192
109 193
109 195
109 197
109 198
109 199
110 111
110 112
110 113
110 118
110 119
110 121
110 122
110 123
110 124
110 125
110 127
110 128
110 130
110 132
110 134
110 135
110 138
110 139
110 140
110 142
110 143
110 145
110 147
110 149
110 150
110 153
110 154
110 157
110 158
110 163
110 165
110 166
110 167
110 168
110 169
110 170
110 171
110 175
110 176
110 177
110 179
110 182
110 184
110 187
110 188
110 190
110 192
110 194
110 197
110 199
111 112
111 113
111 115
111 116
111 117
111 120
111 121
111 122
111 123
111 125
111 126
111 128
111 130
111 132
111 135
111 136
111 137
111 139
111 142
111 143
111 144
111 146
111 147
111 149
111 151
111 152
111 153
111 154
111 155
111 158
111 159
111 160
111 161
111 165
111 166
111 168
111 169
111 171
111 172
111 173
111 175
111 177
111 178
111 179
111 181
111 182
111 185
111 186
111 188
111 189
111 190
111 191
111 192
111 193
111 194
111 199
112 113
112 114
112 119
112 124
112 125
112 126
112 127
112 128
112 129
112 131
112 132
112 134
112 135
112 136
112 138
112 140
112 141
112 145
112 147
112 148
112 149
112 150
112 151
112 152
112 153
112 154
112 155
112 161
112 162
112 165
112 166
112 167
112 168
112 169
112 172
112 173
112 174
112 177
112 178
112 180
112 183
112 189
112 192
112 193
112 194
112 196
112 197
112 198
112 199
113 115
113 116
113 117
113 118
113 120
113 121
113 123
113 125
113 127
113 129
113 131
113 132
113 133
113 134
113 135
113 136
113 137
113 139
113 141
113 144
113 145
113 146
113 147
113 148
113 149
113 150
113 151
113 152
113 153
113 154
113 155
113 159
113 160
113 162
113 163
113 164
113 165
113 166
113 167
113 168
113 170
113 172
113 174
113 175
113 177
113 178
113 179
113 183
113 184
113 187
113 189
113 190
113 191
113 195
113 196
114 115
114 116
114 118
114 120
114 121
114 127
114 128
114 129
114 130
114 131
114 132
114 134
114 138
114 140
114 142
114 143
114 144
114 148
114 149
114 150
114 151
114 152
114 154
114 156
114 160
114 169
114 170
114 171
114 172
114 173
114 178
114 179
114 180
114 181
114 182
114 183
114 184
114 189
114 190
114 192
114 197
114 198
115 117
115 119
115 120
115 121
115 122
115 124
115 125
115 126
115 127
115 130
115 132
115 135
115 136
115 138
115 140
115 144
115 145
115 146
115 147
115 148
115 155
115 156
115 157
115 158
115 159
115 161
115 162
115 163
115 164
115 165
115 167
115 168
115 169
115 170
115 171
115 173
115 174
115 176
115 178
115 179
115 180
115 181
115 182
115 183
115 185
115 186
115 187
115 189
115 192
115 193
115 194
115 195
115 196
115 198
115 199
116 117
116 118
116 120
116 121
116 122
116 123
116 124
116 125
116 127
116 128
116 129
116 131
116 135
116 136
116 137
116 138
116 139
116 142
116 143
116 144
116 146
116 148
116 151
116 155
116 156
116 157
116 159
116 160
116 161
116 162
116 163
116 164
116 165
116 166
116 167
116 168
116 169
116 170
116 172
116 173
116 175
116 176
116 177
116 178
116 179
116 180
116 181
116 185
116 188
116 189
116 192
116 194
116 198
117 118
117 121
117 122
117 123
117 125
117 126
117 128
117 130
117 132
117 133
117 134
117 136
117 139
117 141
117 142
117 143
117 144
117 145
117 146
117 147
117 148
117 149
117 150
117 152
117 153
117 155
117 156
117 157
117 162
117 163
117 164
117 167
117 169
117 170
117 172
117 173
117 174
117 175
117 176
117 179
117 184
117 186
117 187
117 190
117 191
117 192
117 194
117 198
117 199
118 120
118 121
118 122
118 123
118 125
118 126
118 127
118 129
118 130
118 132
118 134
118 136
118 137
118 138
118 139
118 140
118 141
118 147
118 148
118 149
118 150
118 151
118 152
118 154
118 155
118 156
118 157
118 158
118 159
118 160
118 162
118 163
118 164
118 165
118 166
118 168
118 171
118 172
118 173
118 175
118 176
118 178
118 179
118 180
118 181
118 185
118 186
118 188
118 190
118 191
118 192
118 194
118 195
118 196
118 197
118 198
118 199
119 120
119 121
119 122
119 123
119 124
119 125
119 126
119 127
119 128
119 129
119 132
119 133
119 134
119 136
119 139
119 140
119 142
119 144
119 145
119 146
119 147
119 149
119 152
119 153
119 154
119 155
119 158
119 162
119 163
119 164
119 165
119 169
119 171
119 172
119 173
119 176
119 177
119 178
119 179
119 180
119 184
119 185
119 186
119 189
119 191
119 193
119 195
119 196
119 199
120 121
120 123
120 125
120 127
120 128
120 129
120 130
120 132
120 133
120 134
120 135
120 136
120 137
120 138
120 140
120 141
120 142
120 143
120 144
120 145
120 146
120 147
120 148
120 152
120 155
120 157
120 158
120 159
120 160
120 162
120 163
120 166
120 168
120 169
120 170
120 171
120 172
120 173
120 174
120 175
120 176
120 177
120 179
120 180
120 181
120 183
120 184
120 191
120 192
120 194
120 196
120 199
121 122
121 123
121 124
121 125
121 126
121 127
121 128
121 132
121 133
121 136
121 138
121 139
121 140
121 141
121 143
121 144
121 147
121 148
121 149
121 151
121 152
121 154
121 156
121 162
121 164
121 165
121 167
121 168
121 169
121 170
121 171
121 172
121 173
121 174
121 175
121 178
121 179
121 180
121 184
121 186
121 187
121 188
121 190
121 191
121 192
121 193
121 194
121 196
121 198
121 199
122 127
122 128
122 129
122 131
122 132
122 139
122 140
122 142
122 143
122 145
122 146
122 148
122 150
122 151
122 152
122 153
122 155
122 157
122 159
122 160
122 161
122 162
122 163
122 167
122 168
122 169
122 170
122 172
122 173
122 175
122 177
122 178
122 179
122 180
122 181
122 182
122 183
122 185
122 186
122 187
122 191
122 192
122 193
122 196
122 197
122 199
123 124
123 125
123 127
123 128
123 129
123 130
123 133
123 137
123 139
123 143
123 149
123 150
123 151
123 152
123 153
123 154
123 158
123 160
123 162
123 165
123 166
123 167
123 168
123 169
123 170
123 171
123 175
123 177
123 178
123 179
123 180
123 181
123 183
123 185
123 187
123 189
123 190
123 191
123 192
123 193
123 194
123 196
123 197
123 198
123 199
124 126
124 129
124 130
124 131
124 132
124 133
124 135
124 137
124 138
124 139
124 140
124 141
124 143
124 145
124 146
124 149
124 150
124 151
124 152
124 153
124 155
124 156
124 158
124 161
124 163
124 164
124 166
124 169
124 171
124 176
124 177
124 178
124 179
124 180
124 183
124 184
124 185
124 188
124 189
124 191
124 192
124 193
124 195
124 196
125 129
125 130
125 131
125 133
125 134
125 136
125 138
125 139
125 141
125 142
125 143
125 145
125 148
125 150
125 151
125 152
125 153
125 154
125 155
125 157
125 158
125 160
125 168
125 169
125 172
125 173
125 174
125 175
125 176
125 179
125 182
125 184
125 186
125 187
125 188
125 189
125 190
125 194
125 195
125 196
125 197
125 198
125 199
126 127
126 130
126 131
126 135
126 136
126 140
126 142
126 144
126 145
126 146
126 147
126 148
126 151
126 152
126 153
126 156
126 157
126 158
126 159
126 161
126 162
126 168
126 169
126 170
126 172
126 174
126 175
126 177
126 178
126 180
126 181
126 182
126 186
126 188
126 189
126 190
126 193
126 196
126 198
126 199
127 131
127 132
127 134
127 136
127 138
127 139
127 140
127 142
127 143
127 144
127 145
127 148
127 152
127 154
127 155
127 158
127 159
127 160
127 162
127 164
127 165
127 166
127 167
127 168
127 169
127 173
127 174
127 177
127 178
127 179
127 181
127 182
127 184
127 185
127 186
127 187
127 188
127 189
127 190
127 191
127 192
127 193
127 195
127 196
127 197
127 198
127 199
128 129
128 130
128 131
128 132
128 133
128 134
128 136
128 137
128 139
128 140
128 142
128 143
128 144
128 145
128 148
128 149
128 150
128 152
128 153
128 155
128 157
128 158
128 159
128 163
128 165
128 166
128 167
128 170
128 171
128 178
128 181
128 182
128 184
128 185
128 186
128 187
128 189
128 190
128 191
128 193
128 194
128 196
128 197
128 198
128 199
129 130
129 135
129 140
129 141
129 142
129 144
129 145
129 146
129 147
129 148
129 152
129 153
129 155
129 156
129 158
129 159
129 161
129 162
129 165
129 167
129 168
129 172
129 173
129 174
129 178
129 179
129 180
129 181
129 182
129 186
129 187
129 188
129 189
129 192
129 193
129 194
129 195
129 196
129 197
129 199
130 131
130 132
130 133
130 134
130 135
130 136
130 137
130 138
130 139
130 141
130 144
130 145
130 147
130 148
130 149
130 152
130 155
130 157
130 158
130 160
130 161
130 166
130 167
130 168
130 170
130 173
130 174
130 178
130 179
130 180
130 181
130 183
130 184
130 189
130 190
130 192
130 194
130 195
130 197
130 198
130 199
131 132
131 134
131 135
131 136
131 137
131 139
131 140
131 141
131 142
131 143
131 144
131 146
131 148
131 151
131 152
131 153
131 154
131 155
131 158
131 159
131 160
131 162
131 163
131 164
131 166
131 168
131 171
131 172
131 175
131 177
131 178
131 181
131 182
131 183
131 184
131 185
131 186
131 189
131 190
131 192
131 193
131 194
131 196
131 197
132 135
132 137
132 139
132 140
132 141
132 143
132 144
132 145
132 146
132 148
132 149
132 154
132 155
132 156
132 157
132 158
132 161
132 162
132 164
132 165
132 167
132 169
132 170
132 172
132 173
132 175
132 178
132 180
132 182
132 183
132 184
132 186
132 187
132 188
132 192
132 193
132 194
132 195
132 196
133 134
133 135
133 136
133 137
133 139
133 140
133 141
133 143
133 145
133 146
133 147
133 148
133 150
133 152
133 153
133 154
133 155
133 159
133 160
133 161
133 162
133 164
133 167
133 170
133 171
133 176
133 177
133 179
133 180
133 182
133 183
133 185
133 186
133 187
133 189
133 190
133 191
133 192
133 194
133 195
133 196
133 197
134 136
134 137
134 138
134 141
134 143
134 144
134 145
134 146
134 148
134 151
134 152
134 153
134 157
134 158
134 159
134 162
134 164
134 167
134 169
134 170
134 172
134 174
134 175
134 176
134 178
134 180
134 183
134 184
134 186
134 187
134 188
134 190
134 193
134 195
134 196
134 197
134 198
134 199
135 136
135 137
135 138
135 139
135 140
135 141
135 142
135 143
135 145
135 146
135 149
135 151
135 153
135 155
135 157
135 158
135 159
135 160
135 162
135 164
135 165
135 166
135 169
135 170
135 171
135 172
135 175
135 177
135 178
135 179
135 182
135 186
135 187
135 190
135 191
135 194
136 137
136 138
136 140
136 141
136 142
136 146
136 149
136 150
136 151
136 155
136 157
136 159
136 161
136 163
136 166
136 175
136 176
136 177
136 179
136 182
136 183
136 185
136 187
136 189
136 190
136 192
136 193
136 194
136 195
136 196
136 197
136 198
137 138
137 139
137 143
137 145
137 148
137 149
137 150
137 151
137 152
137 155
137 156
137 158
137 159
137 161
137 162
137 163
137 165
137 166
137 167
137 168
137 170
137 173
137 174
137 180
137 181
137 182
137 183
137 184
137 188
137 190
137 192
137 193
137 196
137 197
137 199
138 139
138 141
138 143
138 146
138 147
138 148
138 150
138 152
138 155
138 156
138 159
138 160
138 162
138 164
138 166
138 167
138 168
138 172
138 174
138 175
138 176
138 177
138 178
138 182
138 183
138 184
138 187
138 189
138 190
138 191
138 195
138 196
138 198
138 199
139 140
139 141
139 144
139 145
139 149
139 150
139 152
139 156
139 157
139 161
139 163
139 164
139 166
139 167
139 168
139 170
139 171
139 173
139 174
139 176
139 178
139 182
139 183
139 186
139 188
139 189
139 190
139 191
139 193
139 194
139 196
139 198
139 199
140 141
140 143
140 144
140 145
140 149
140 150
140 151
140 154
140 160
140 162
140 163
140 164
140 165
140 166
140 168
140 170
140 171
140 172
140 177
140 178
140 180
140 183
140 184
140 187
140 189
140 190
140 191
140 192
140 193
140 194
140 198
140 199
141 142
141 146
141 147
141 149
141 151
141 153
141 154
141 157
141 160
141 161
141 162
141 164
141 165
141 168
141 169
141 170
141 171
141 174
141 177
141 181
141 182
141 183
141 184
141 185
141 186
141 187
141 188
141 189
141 190
141 191
141 192
141 194
141 195
141 196
141 199
142 143
142 145
142 147
142 148
142 149
142 150
142 151
142 154
142 156
142 157
142 159
142 161
142 162
142 166
142 167
142 168
142 170
142 172
142 174
142 175
142 178
142 179
142 181
142 182
142 183
142 184
142 186
142 188
142 189
142 192
142 195
142 196
142 197
142 199
143 144
143 146
143 147
143 148
143 149
143 150
143 151
143 152
143 153
143 154
143 155
143 157
143 158
143 161
143 163
143 169
143 170
143 171
143 172
143 173
143 174
143 175
143 176
143 177
143 178
143 180
143 181
143 182
143 183
143 184
143 185
143 186
143 187
143 188
143 189
143 191
143 192
143 194
143 195
143 197
143 198
143 199
144 146
144 147
144 148
144 149
144 150
144 151
144 152
144 153
144 154
144 155
144 156
144 158
144 159
144 160
144 162
144 164
144 165
144 166
144 167
144 168
144 169
144 170
144 171
144 174
144 176
144 177
144 178
144 179
144 180
144 181
144 183
144 184
144 185
144 186
144 187
144 190
144 193
144 194
144 196
144 198
144 199
145 146
145 148
145 149
145 150
145 151
145 155
145 156
145 157
145 162
145 164
145 165
145 167
145 170
145 173
145 174
145 175
145 178
145 180
145 181
145 185
145 188
145 189
145 190
145 191
145 192
145 193
145 194
145 196
145 197
145 199
146 147
146 148
146 149
146 152
146 153
146 155
146 156
146 160
146 161
146 164
146 165
146 166
146 167
146 169
146 170
146 171
146 173
146 174
146 175
146 176
146 178
146 180
146 181
146 185
146 187
146 188
146 189
146 190
146 192
146 193
146 194
146 196
146 198
147 149
147 155
147 156
147 157
147 159
147 160
147 161
147 165
147 166
147 167
147 171
147 172
147 173
147 175
147 178
147 179
147 180
147 184
147 185
147 187
147 188
147 190
147 191
147 192
147 194
147 195
147 196
147 197
147 199
148 149
148 152
148 153
148 155
148 156
148 158
148 159
148 161
148 162
148 163
148 165
148 166
148 167
148 168
148 169
148 172
148 174
148 176
148 177
148 179
148 181
148 182
148 183
148 184
148 185
148 187
148 189
148 190
148 192
148 194
148 195
148 196
148 198
149 150
149 152
149 153
149 155
149 159
149 160
149 162
149 163
149 167
149 168
149 170
149 171
149 174
149 175
149 176
149 178
149 179
149 180
149 182
149 187
149 189
149 190
149 191
149 192
149 193
149 195
149 197
149 199
150 152
150 154
150 158
150 159
150 160
150 162
150 163
150 165
150 167
150 170
150 172
150 173
150 174
150 175
150 177
150 179
150 181
150 184
150 185
150 188
150 189
150 193
150 194
150 195
150 196
150 197
150 198
150 199
151 152
151 153
151 156
151 159
151 161
151 162
151 163
151 165
151 167
151 168
151 169
151 170
151 172
151 173
151 176
151 180
151 181
151 183
151 184
151 186
151 187
151 190
151 192
151 193
151 194
151 195
151 197
151 198
151 199
152 153
152 155
152 158
152 159
152 160
152 161
152 163
152 164
152 165
152 166
152 167
152 172
152 173
152 176
152 179
152 181
152 183
152 186
152 187
152 188
152 191
152 193
152 194
152 196
152 197
152 198
153 154
153 155
153 157
153 163
153 164
153 166
153 167
153 168
153 169
153 170
153 171
153 177
153 178
153 181
153 188
153 189
153 190
153 192
153 193
153 195
153 197
153 198
153 199
154 155
154 156
154 161
154 165
154 167
154 168
154 169
154 171
154 173
154 175
154 177
154 178
154 182
154 186
154 187
154 188
154 189
154 190
154 191
154 193
154 195
154 198
154 199
155 156
155 163
155 164
155 167
155 168
155 170
155 171
155 173
155 174
155 176
155 177
155 179
155 180
155 181
155 183
155 186
155 187
155 191
155 192
155 195
155 196
155 197
155 198
156 157
156 158
156 159
156 160
156 162
156 163
156 165
156 166
156 167
156 168
156 169
156 170
156 171
156 175
156 176
156 177
156 179
156 180
156 182
156 183
156 184
156 186
156 187
156 188
156 189
156 190
156 192
156 195
156 196
156 197
156 198
156 199
157 158
157 160
157 161
157 162
157 173
157 175
157 177
157 178
157 179
157 181
157 184
157 189
157 190
157 191
157 194
157 196
157 197
157 198
157 199
158 159
158 160
158 162
158 163
158 164
158 168
158 169
158 170
158 171
158 172
158 174
158 175
158 176
158 177
158 179
158 181
158 183
158 184
158 185
158 186
158 187
158 188
158 189
158 190
158 193
158 194
158 198
158 199
159 160
159 165
159 166
159 169
159 171
159 172
159 173
159 175
159 177
159 178
159 179
159 180
159 181
159 182
159 183
159 187
159 188
159 190
159 192
159 193
159 195
159 196
159 197
159 198
159 199
160 164
160 166
160 167
160 170
160 171
160 172
160 173
160 174
160 176
160 178
160 179
160 180
160 181
160 182
160 183
160 185
160 187
160 189
160 190
160 191
160 195
160 196
160 197
160 199
161 162
161 167
161 169
161 170
161 173
161 174
161 177
161 180
161 184
161 186
161 188
161 189
161 192
161 193
161 195
161 196
161 199
162 163
162 166
162 169
162 171
162 172
162 174
162 177
162 178
162 179
162 180
162 181
162 183
162 184
162 185
162 190
162 193
162 194
162 195
162 196
162 198
162 199
163 164
163 165
163 166
163 169
163 171
163 172
163 173
163 174
163 175
163 178
163 179
163 180
163 181
163 184
163 185
163 186
163 188
163 189
163 190
163 191
163 192
163 194
163 199
164 166
164 167
164 170
164 171
164 173
164 175
164 176
164 179
164 180
164 183
164 192
164 195
164 196
164 197
164 198
164 199
165 168
165 169
165 171
165 172
165 174
165 176
165 180
165 181
165 182
165 184
165 185
165 187
165 190
165 192
165 195
165 197
166 167
166 169
166 170
166 171
166 173
166 174
166 175
166 176
166 178
166 179
166 181
166 185
166 186
166 189
166 190
166 193
166 194
166 196
166 198
166 199
167 168
167 169
167 175
167 177
167 180
167 181
167 184
167 185
167 186
167 189
167 190
167 191
167 192
167 194
167 195
167 196
167 197
167 199
168 170
168 171
168 172
168 174
168 176
168 178
168 180
168 181
168 184
168 185
168 187
168 188
168 191
168 192
168 193
168 195
168 196
168 197
168 198
169 171
169 172
169 173
169 174
169 177
169 178
169 179
169 180
169 181
169 182
169 183
169 184
169 185
169 187
169 188
169 189
169 190
169 191
169 192
169 193
169 194
169 199
170 171
170 172
170 174
170 175
170 176
170 180
170 182
170 183
170 185
170 186
170 187
170 188
170 189
170 190
170 191
170 192
170 193
170 197
171 173
171 174
171 177
171 178
171 179
171 181
171 182
171 183
171 184
171 190
171 191
171 193
171 194
171 196
171 198
171 199
172 173
172 174
172 175
172 177
172 178
172 180
172 182
172 183
172 185
172 186
172 187
172 188
172 189
172 190
172 191
172 193
172 194
172 195
172 198
173 174
173 177
173 178
173 179
173 180
173 181
173 182
173 183
173 184
173 188
173 189
173 191
173 192
173 194
173 195
173 196
173 197
173 198
173 199
174 176
174 178
174 179
174 181
174 182
174 183
174 185
174 186
174 187
174 189
174 195
174 197
174 198
174 199
175 176
175 179
175 181
175 183
175 185
175 187
175 189
175 191
175 192
175 193
175 196
175 199
176 180
176 181
176 183
176 184
176 185
176 186
176 189
176 190
176 191
176 192
176 194
176 196
176 198
176 199
177 178
177 180
177 182
177 185
177 188
177 190
177 192
177 193
177 194
177 197
177 198
178 180
178 181
178 182
178 183
178 184
178 185
178 186
178 187
178 188
178 189
178 191
178 198
179 180
179 182
179 184
179 185
179 189
179 190
179 191
179 192
179 193
179 194
179 196
179 197
179 199
180 183
180 184
180 185
180 187
180 189
180 190
180 192
180 195
180 197
180 199
181 183
181 185
181 189
181 191
181 192
181 193
181 194
181 195
181 196
181 197
181 198
181 199
182 184
182 187
182 189
182 191
182 192
182 194
182 196
182 197
182 198
183 184
183 185
183 186
183 187
183 188
183 189
183 193
183 195
183 196
183 197
183 198
183 199
184 186
184 190
184 191
184 192
184 195
184 196
184 197
185 189
185 190
185 196
185 198
185 199
186 187
186 188
186 189
186 190
186 191
186 195
186 197
186 199
187 189
187 190
187 191
187 193
187 195
187 197
187 199
188 189
188 190
188 191
188 193
188 195
188 196
188 197
188 198
189 190
189 191
189 194
189 196
189 197
189 199
190 192
190 194
190 195
190 196
190 199
191 194
191 195
191 197
191 198
191 199
192 194
192 195
192 196
193 195
193 196
193 198
193 199
194 196
194 198
195 196
195 197
195 198
195 199
196 197
196 199
197 198
197 199
198 199
71 191 53 8 95 40 101 22 150 193 54 97 194 19 137 33 171 99 27 120
42 72 167 113 26 56 128 13 152 147 6 35 59 28 136 124 192 60 107 181
164 76 73 18 184 49 82 103 87 187 125 81 166 2 7 131 157 47 37 15
155 23 195 122 142 9 25 146 186 173 5 109 48 100 50 52 178 199 104 89
156 58 20 180 154 84 96 79 158 179 190 162 94 29 39 139 92 62 106 168
43 12 11 160 130 85 149 77 30 159 112 88 144 172 63 75 78 41 86 114
185 165 102 111 14 17 70 61 132 163 90 118 127 119 80 151 32 197 177 65
116 141 1 105 83 16 74 183 69 24 148 196 34 169 129 140 10 121 133 67
145 182 123 126 68 175 174 21 135 51 176 108 44 45 198 153 4 115 0 66
57 38 110 93 91 36 170 189 134 161 31 64 98 143 46 138 3 117 188 55
