200
4067
20
38.34
27.06
41.13
52.73
54.47
70.18
8.34
72.53
14.89
28.05
73.6
22.76
1.13
45.94
10.69
14.05
71.75
74.64
30.74
50.34
0 1
0 3
0 8
0 12
0 19
0 32
0 35
0 47
0 48
0 52
0 53
0 58
0 63
0 66
0 71
0 78
0 80
0 81
0 85
0 87
0 89
0 94
0 104
0 109
0 113
0 116
0 140
0 141
0 143
0 150
0 155
0 156
0 160
0 161
0 173
0 174
0 177
0 187
0 189
0 191
0 192
0 194
0 197
0 198
1 2
1 5
1 9
1 14
1 15
1 26
1 30
1 31
1 32
1 43
1 51
1 62
1 66
1 80
1 82
1 83
1 91
1 98
1 99
1 108
1 113
1 115
1 121
1 123
1 124
1 128
1 129
1 142
1 149
1 150
1 151
1 170
1 176
1 178
1 180
1 181
1 182
1 192
1 193
1 195
1 199
2 12
2 26
2 29
2 30
2 39
2 45
2 59
2 60
2 61
2 70
2 71
2 85
2 87
2 91
2 97
2 99
2 109
2 113
2 135
2 138
2 139
2 142
2 147
2 148
2 149
2 151
2 161
2 162
2 165
2 169
2 173
2 174
2 178
2 183
2 190
3 8
3 12
3 13
3 16
3 18
3 20
3 38
3 50
3 52
3 53
3 60
3 62
3 64
3 66
3 68
3 72
3 76
3 86
3 87
3 99
3 102
3 108
3 109
3 122
3 125
3 137
3 141
3 143
3 153
3 154
3 160
3 184
3 189
3 194
4 7
4 8
4 10
4 18
4 21
4 24
4 27
4 29
4 32
4 33
4 35
4 40
4 48
4 49
4 51
4 57
4 60
4 65
4 83
4 94
4 95
4 96
4 98
4 99
4 104
4 111
4 122
4 127
4 129
4 131
4 132
4 136
4 138
4 153
4 158
4 166
4 174
4 188
4 194
5 9
5 11
5 20
5 21
5 24
5 31
5 39
5 41
5 55
5 59
5 61
5 63
5 67
5 68
5 73
5 75
5 77
5 85
5 86
5 87
5 91
5 95
5 100
5 105
5 112
5 114
5 121
5 124
5 130
5 136
5 140
5 150
5 152
5 157
5 159
5 162
5 163
5 168
5 170
5 178
5 180
5 183
5 188
5 194
6 9
6 11
6 12
6 16
6 22
6 28
6 30
6 33
6 34
6 36
6 40
6 43
6 46
6 54
6 65
6 81
6 92
6 97
6 102
6 107
6 121
6 127
6 147
6 149
6 150
6 155
6 157
6 159
6 167
6 171
6 174
6 177
6 179
6 182
6 183
6 187
6 188
7 8
7 15
7 18
7 29
7 36
7 38
7 45
7 53
7 57
7 66
7 73
7 77
7 81
7 84
7 90
7 94
7 100
7 106
7 114
7 121
7 126
7 132
7 134
7 140
7 143
7 144
7 149
7 153
7 160
7 171
7 172
7 178
7 188
7 194
8 9
8 27
8 37
8 48
8 53
8 56
8 61
8 63
8 65
8 67
8 72
8 76
8 80
8 82
8 87
8 91
8 96
8 97
8 104
8 106
8 109
8 113
8 117
8 125
8 132
8 134
8 139
8 143
8 156
8 158
8 162
8 166
8 177
8 179
8 185
8 189
8 194
9 19
9 26
9 36
9 37
9 40
9 48
9 55
9 64
9 69
9 74
9 82
9 84
9 87
9 90
9 101
9 106
9 107
9 109
9 112
9 115
9 119
9 122
9 125
9 127
9 128
9 139
9 143
9 144
9 146
9 147
9 150
9 154
9 156
9 158
9 170
9 177
9 181
9 182
9 185
9 186
10 11
10 22
10 27
10 28
10 33
10 38
10 49
10 53
10 54
10 57
10 58
10 61
10 62
10 67
10 72
10 74
10 78
10 93
10 101
10 102
10 120
10 124
10 125
10 126
10 128
10 131
10 134
10 140
10 145
10 147
10 150
10 151
10 154
10 162
10 166
10 171
10 181
10 187
10 195
11 16
11 19
11 22
11 37
11 38
11 41
11 44
11 64
11 65
11 66
11 73
11 74
11 75
11 86
11 87
11 102
11 103
11 105
11 111
11 119
11 130
11 135
11 140
11 143
11 149
11 158
11 159
11 163
11 181
11 185
11 187
11 188
11 193
11 195
11 197
12 13
12 14
12 16
12 23
12 24
12 31
12 33
12 34
12 39
12 43
12 50
12 55
12 57
12 61
12 62
12 66
12 70
12 87
12 89
12 91
12 99
12 119
12 134
12 136
12 139
12 144
12 146
12 156
12 163
12 164
12 172
12 175
12 178
12 179
12 187
12 188
12 198
12 199
13 22
13 24
13 27
13 31
13 33
13 37
13 39
13 43
13 46
13 47
13 56
13 58
13 59
13 62
13 75
13 76
13 81
13 84
13 94
13 103
13 106
13 128
13 137
13 143
13 144
13 172
13 177
13 178
13 180
13 182
13 185
13 194
14 15
14 17
14 19
14 28
14 29
14 32
14 33
14 34
14 35
14 42
14 47
14 50
14 54
14 58
14 61
14 67
14 74
14 79
14 84
14 90
14 93
14 103
14 109
14 111
14 113
14 114
14 125
14 130
14 131
14 135
14 139
14 146
14 151
14 154
14 159
14 162
14 166
14 169
14 170
14 171
14 175
14 180
14 192
14 198
15 23
15 32
15 38
15 41
15 49
15 52
15 54
15 55
15 61
15 62
15 67
15 68
15 72
15 73
15 74
15 75
15 77
15 83
15 92
15 95
15 101
15 110
15 115
15 118
15 120
15 121
15 126
15 127
15 129
15 142
15 144
15 153
15 154
15 158
15 161
15 163
15 175
15 176
15 185
15 189
15 191
15 199
16 19
16 26
16 27
16 29
16 33
16 39
16 45
16 47
16 48
16 49
16 56
16 61
16 67
16 71
16 78
16 89
16 95
16 100
16 131
16 132
16 134
16 136
16 137
16 138
16 141
16 142
16 143
16 145
16 146
16 147
16 148
16 152
16 157
16 177
16 183
16 184
16 189
16 196
16 197
17 23
17 24
17 30
17 33
17 35
17 39
17 48
17 57
17 65
17 67
17 74
17 78
17 79
17 87
17 92
17 96
17 100
17 106
17 108
17 118
17 119
17 120
17 121
17 122
17 134
17 135
17 136
17 138
17 140
17 147
17 150
17 151
17 157
17 160
17 171
17 175
17 176
17 180
17 192
17 199
18 27
18 31
18 35
18 36
18 39
18 42
18 71
18 73
18 75
18 86
18 90
18 94
18 99
18 105
18 109
18 110
18 117
18 118
18 120
18 121
18 122
18 125
18 126
18 129
18 130
18 133
18 134
18 135
18 140
18 147
18 152
18 153
18 157
18 158
18 163
18 182
18 183
18 193
19 23
19 33
19 43
19 52
19 58
19 62
19 63
19 66
19 68
19 74
19 78
19 81
19 83
19 86
19 102
19 114
19 119
19 122
19 130
19 131
19 135
19 136
19 137
19 147
19 150
19 155
19 156
19 158
19 166
19 172
19 192
20 29
20 32
20 37
20 38
20 39
20 40
20 42
20 48
20 51
20 54
20 55
20 57
20 58
20 59
20 60
20 66
20 70
20 73
20 81
20 86
20 88
20 91
20 92
20 94
20 99
20 100
20 103
20 109
20 110
20 112
20 129
20 130
20 132
20 135
20 138
20 141
20 146
20 147
20 157
20 159
20 164
20 165
20 169
20 180
20 188
20 189
20 191
20 192
20 194
21 24
21 28
21 42
21 48
21 49
21 53
21 55
21 67
21 72
21 83
21 92
21 102
21 106
21 107
21 116
21 118
21 120
21 122
21 123
21 124
21 126
21 135
21 139
21 151
21 160
21 165
21 168
21 177
21 178
21 182
21 188
21 190
21 193
21 194
21 195
22 23
22 24
22 27
22 29
22 31
22 36
22 45
22 48
22 74
22 76
22 81
22 83
22 87
22 88
22 94
22 95
22 98
22 107
22 108
22 109
22 112
22 118
22 122
22 125
22 126
22 127
22 132
22 135
22 136
22 147
22 149
22 155
22 157
22 160
22 162
22 164
22 174
22 176
22 179
22 188
22 195
23 24
23 28
23 29
23 48
23 53
23 60
23 61
23 64
23 67
23 77
23 82
23 97
23 101
23 106
23 108
23 109
23 110
23 115
23 117
23 118
23 124
23 125
23 128
23 130
23 135
23 139
23 146
23 147
23 155
23 157
23 158
23 162
23 167
23 169
23 170
23 176
23 178
23 179
23 184
23 187
23 194
24 26
24 29
24 34
24 36
24 37
24 42
24 43
24 46
24 52
24 54
24 56
24 60
24 62
24 66
24 68
24 76
24 81
24 86
24 89
24 91
24 100
24 104
24 110
24 111
24 112
24 128
24 133
24 134
24 136
24 142
24 145
24 150
24 154
24 164
24 168
24 175
24 179
24 181
24 182
24 183
24 185
24 187
24 196
25 28
25 31
25 36
25 37
25 44
25 45
25 59
25 65
25 68
25 71
25 72
25 74
25 75
25 80
25 92
25 95
25 96
25 99
25 107
25 119
25 121
25 126
25 130
25 131
25 133
25 137
25 140
25 141
25 150
25 157
25 158
25 164
25 172
25 184
25 186
25 194
26 33
26 35
26 36
26 38
26 42
26 44
26 66
26 68
26 70
26 73
26 76
26 88
26 89
26 90
26 108
26 110
26 111
26 119
26 120
26 126
26 127
26 129
26 150
26 156
26 157
26 160
26 164
26 170
26 171
26 186
27 32
27 35
27 47
27 50
27 51
27 57
27 62
27 67
27 69
27 71
27 72
27 78
27 88
27 112
27 115
27 116
27 119
27 131
27 132
27 147
27 148
27 161
27 165
27 170
27 171
27 176
27 178
27 181
27 197
28 42
28 45
28 48
28 50
28 52
28 53
28 54
28 55
28 69
28 72
28 74
28 76
28 77
28 85
28 86
28 91
28 98
28 100
28 111
28 125
28 127
28 128
28 133
28 135
28 136
28 154
28 161
28 163
28 169
28 172
28 175
28 184
28 186
28 194
28 197
29 34
29 43
29 44
29 47
29 50
29 52
29 61
29 88
29 93
29 97
29 98
29 106
29 107
29 111
29 123
29 129
29 132
29 135
29 147
29 149
29 151
29 152
29 153
29 154
29 155
29 158
29 159
29 170
29 171
29 187
29 195
29 196
29 197
30 36
30 37
30 41
30 44
30 46
30 53
30 55
30 57
30 65
30 66
30 70
30 87
30 92
30 100
30 110
30 114
30 122
30 125
30 140
30 144
30 145
30 146
30 149
30 155
30 157
30 160
30 172
30 174
30 186
30 188
30 190
30 191
30 193
30 197
30 198
31 32
31 46
31 49
31 60
31 64
31 71
31 74
31 77
31 84
31 85
31 92
31 109
31 125
31 136
31 143
31 161
31 171
31 184
31 185
31 188
31 190
31 191
31 196
31 197
32 37
32 43
32 46
32 51
32 52
32 55
32 57
32 58
32 62
32 70
32 73
32 74
32 77
32 80
32 82
32 93
32 106
32 118
32 145
32 149
32 154
32 157
32 179
32 181
32 185
32 197
33 35
33 46
33 51
33 53
33 57
33 59
33 62
33 69
33 74
33 80
33 85
33 89
33 90
33 92
33 94
33 105
33 117
33 121
33 129
33 139
33 143
33 150
33 154
33 158
33 160
33 167
33 169
33 171
33 176
33 182
33 185
33 189
33 190
33 193
33 197
34 39
34 40
34 48
34 50
34 52
34 58
34 70
34 78
34 80
34 94
34 97
34 99
34 107
34 120
34 124
34 126
34 131
34 135
34 137
34 139
34 150
34 151
34 156
34 160
34 163
34 164
34 181
34 185
34 188
34 195
34 196
35 48
35 51
35 52
35 56
35 57
35 60
35 68
35 72
35 81
35 84
35 92
35 101
35 104
35 108
35 115
35 116
35 121
35 126
35 131
35 136
35 142
35 143
35 154
35 158
35 164
35 171
35 174
35 177
35 178
35 181
35 198
36 42
36 44
36 47
36 52
36 55
36 60
36 65
36 69
36 72
36 73
36 91
36 92
36 96
36 98
36 100
36 103
36 112
36 120
36 124
36 134
36 152
36 153
36 156
36 158
36 159
36 166
36 180
36 181
36 185
36 186
36 192
36 194
36 196
36 198
37 43
37 45
37 56
37 71
37 83
37 86
37 87
37 93
37 99
37 103
37 108
37 126
37 134
37 146
37 153
37 164
37 172
37 174
37 191
37 194
37 196
37 198
38 39
38 44
38 52
38 63
38 75
38 90
38 98
38 104
38 105
38 113
38 118
38 119
38 124
38 132
38 135
38 136
38 138
38 143
38 147
38 150
38 159
38 163
38 165
38 169
38 186
38 192
38 194
39 40
39 49
39 52
39 70
39 76
39 90
39 94
39 96
39 97
39 102
39 104
39 106
39 110
39 113
39 114
39 117
39 124
39 130
39 141
39 149
39 160
39 165
39 166
39 182
39 185
39 197
40 42
40 43
40 48
40 53
40 57
40 59
40 61
40 64
40 68
40 72
40 76
40 81
40 82
40 83
40 87
40 91
40 93
40 94
40 105
40 118
40 121
40 132
40 139
40 147
40 150
40 152
40 154
40 155
40 156
40 159
40 160
40 166
40 167
40 171
40 173
40 178
40 181
40 184
40 189
40 190
40 193
40 196
40 197
41 44
41 45
41 50
41 51
41 54
41 60
41 75
41 78
41 84
41 91
41 98
41 103
41 104
41 105
41 110
41 113
41 130
41 131
41 133
41 148
41 149
41 150
41 151
41 161
41 173
41 180
41 184
41 186
41 195
41 198
42 43
42 46
42 48
42 53
42 61
42 63
42 67
42 68
42 69
42 76
42 78
42 81
42 84
42 85
42 87
42 100
42 101
42 102
42 107
42 109
42 111
42 114
42 124
42 132
42 136
42 139
42 142
42 146
42 149
42 151
42 155
42 156
42 162
42 170
42 189
42 193
42 196
42 197
42 198
43 52
43 69
43 71
43 92
43 93
43 95
43 96
43 102
43 104
43 106
43 110
43 115
43 117
43 118
43 119
43 126
43 138
43 144
43 147
43 148
43 149
43 151
43 152
43 157
43 160
43 161
43 165
43 170
43 174
43 176
43 179
43 181
43 185
43 193
43 196
44 47
44 50
44 51
44 52
44 54
44 60
44 68
44 71
44 73
44 75
44 80
44 83
44 86
44 96
44 98
44 109
44 114
44 118
44 129
44 130
44 133
44 146
44 151
44 157
44 159
44 160
44 163
44 172
44 176
44 185
44 187
44 192
44 196
44 199
45 47
45 48
45 56
45 60
45 65
45 67
45 81
45 85
45 87
45 98
45 99
45 100
45 102
45 106
45 108
45 111
45 120
45 122
45 123
45 130
45 132
45 134
45 138
45 141
45 143
45 147
45 149
45 157
45 160
45 169
45 174
45 175
45 179
45 181
45 185
45 188
45 194
46 51
46 65
46 67
46 69
46 71
46 81
46 94
46 95
46 99
46 102
46 105
46 119
46 130
46 134
46 137
46 140
46 152
46 159
46 161
46 162
46 167
46 169
46 194
46 198
47 50
47 51
47 64
47 68
47 76
47 78
47 84
47 86
47 88
47 89
47 91
47 100
47 101
47 104
47 106
47 114
47 119
47 123
47 129
47 136
47 143
47 151
47 153
47 160
47 165
47 171
47 177
47 178
47 194
48 51
48 78
48 96
48 97
48 100
48 103
48 104
48 110
48 113
48 122
48 129
48 130
48 150
48 152
48 164
48 168
48 172
48 178
48 185
48 189
48 190
48 191
48 198
49 53
49 57
49 58
49 60
49 69
49 72
49 83
49 85
49 87
49 88
49 99
49 109
49 111
49 112
49 120
49 122
49 123
49 124
49 127
49 138
49 144
49 145
49 148
49 154
49 155
49 157
49 160
49 166
49 170
49 177
49 178
49 183
49 184
49 191
49 192
49 195
49 198
50 52
50 53
50 59
50 62
50 66
50 69
50 72
50 74
50 77
50 80
50 81
50 84
50 86
50 87
50 89
50 90
50 93
50 96
50 112
50 115
50 119
50 126
50 127
50 145
50 147
50 150
50 172
50 179
50 182
50 185
50 193
50 195
51 54
51 57
51 58
51 64
51 76
51 77
51 78
51 82
51 84
51 85
51 86
51 90
51 91
51 98
51 102
51 108
51 111
51 112
51 113
51 116
51 118
51 119
51 130
51 139
51 141
51 151
51 152
51 157
51 161
51 165
51 177
51 178
51 198
52 57
52 58
52 60
52 66
52 67
52 71
52 72
52 75
52 76
52 83
52 87
52 93
52 99
52 106
52 110
52 115
52 117
52 124
52 133
52 134
52 139
52 143
52 155
52 158
52 168
52 174
52 176
52 180
52 182
52 189
52 191
52 194
52 196
52 198
53 59
53 63
53 67
53 72
53 73
53 79
53 86
53 100
53 113
53 114
53 117
53 124
53 128
53 139
53 144
53 148
53 150
53 151
53 158
53 164
53 172
53 177
53 179
53 182
53 192
53 195
53 196
54 66
54 68
54 69
54 70
54 72
54 73
54 76
54 87
54 88
54 91
54 93
54 100
54 103
54 108
54 109
54 112
54 121
54 122
54 127
54 128
54 129
54 131
54 138
54 145
54 155
54 156
54 158
54 165
54 168
54 174
54 177
54 179
54 181
54 187
54 191
54 195
55 64
55 70
55 73
55 79
55 90
55 93
55 94
55 105
55 106
55 121
55 126
55 132
55 135
55 143
55 144
55 147
55 149
55 151
55 152
55 153
55 161
55 163
55 165
55 173
55 174
55 176
55 183
55 185
55 193
55 195
55 199
56 68
56 71
56 73
56 80
56 84
56 88
56 90
56 92
56 95
56 98
56 100
56 101
56 104
56 107
56 119
56 124
56 125
56 131
56 132
56 134
56 136
56 138
56 149
56 152
56 153
56 157
56 164
56 169
56 175
56 182
56 183
56 184
56 187
56 194
56 195
57 61
57 69
57 78
57 80
57 85
57 87
57 89
57 91
57 98
57 99
57 110
57 117
57 119
57 126
57 138
57 142
57 145
57 149
57 153
57 158
57 165
57 170
57 175
57 178
57 183
57 184
57 185
57 188
57 192
58 62
58 66
58 73
58 74
58 77
58 78
58 82
58 85
58 87
58 102
58 109
58 110
58 113
58 116
58 119
58 125
58 126
58 139
58 141
58 143
58 144
58 147
58 149
58 156
58 158
58 159
58 172
58 175
58 181
58 187
58 189
58 192
58 193
58 195
59 60
59 64
59 71
59 78
59 84
59 92
59 95
59 97
59 99
59 101
59 114
59 121
59 122
59 128
59 129
59 133
59 135
59 136
59 142
59 150
59 151
59 152
59 154
59 155
59 156
59 158
59 159
59 168
59 179
59 198
59 199
60 64
60 67
60 69
60 71
60 72
60 74
60 77
60 78
60 79
60 89
60 90
60 101
60 104
60 105
60 106
60 116
60 121
60 126
60 127
60 136
60 146
60 149
60 150
60 151
60 154
60 160
60 162
60 179
60 195
61 70
61 78
61 80
61 82
61 84
61 92
61 102
61 105
61 108
61 114
61 117
61 125
61 126
61 128
61 131
61 137
61 139
61 142
61 145
61 147
61 149
61 158
61 160
61 164
61 167
61 168
61 171
61 174
61 175
61 182
61 184
61 195
61 197
61 199
62 67
62 75
62 79
62 84
62 86
62 87
62 96
62 98
62 104
62 107
62 132
62 140
62 149
62 158
62 162
62 167
62 168
62 170
62 172
62 176
62 177
62 181
62 187
62 189
62 195
62 198
62 199
63 75
63 89
63 90
63 96
63 104
63 106
63 109
63 111
63 113
63 114
63 116
63 117
63 120
63 124
63 125
63 126
63 137
63 142
63 148
63 149
63 153
63 154
63 156
63 158
63 166
63 169
63 178
63 190
63 196
63 199
64 69
64 76
64 79
64 89
64 91
64 106
64 112
64 116
64 140
64 149
64 156
64 171
64 173
64 174
64 175
64 179
64 182
64 187
64 191
64 192
65 74
65 80
65 84
65 89
65 96
65 99
65 100
65 106
65 116
65 119
65 120
65 124
65 128
65 131
65 132
65 133
65 137
65 140
65 144
65 147
65 153
65 170
65 174
65 176
65 177
65 194
66 67
66 68
66 69
66 70
66 71
66 74
66 84
66 88
66 93
66 95
66 98
66 106
66 111
66 113
66 116
66 121
66 135
66 144
66 151
66 155
66 164
66 183
66 187
66 188
66 191
66 194
66 196
66 199
67 73
67 77
67 82
67 86
67 89
67 92
67 107
67 110
67 113
67 116
67 119
67 123
67 124
67 129
67 131
67 136
67 140
67 142
67 154
67 161
67 165
67 168
67 173
67 175
67 179
67 197
67 198
68 75
68 80
68 84
68 91
68 93
68 102
68 113
68 114
68 126
68 128
68 130
68 133
68 134
68 141
68 152
68 153
68 164
68 168
68 173
68 177
68 179
68 180
68 184
68 191
68 195
69 70
69 71
69 73
69 76
69 80
69 81
69 83
69 85
69 93
69 96
69 98
69 109
69 118
69 121
69 122
69 125
69 131
69 135
69 143
69 145
69 150
69 156
69 158
69 159
69 166
69 168
69 172
69 173
69 175
69 179
69 180
69 198
70 72
70 75
70 89
70 95
70 107
70 109
70 113
70 119
70 121
70 122
70 125
70 128
70 130
70 145
70 153
70 160
70 166
70 167
70 168
70 171
70 175
70 178
70 182
70 184
70 187
70 191
71 75
71 79
71 85
71 86
71 89
71 99
71 101
71 107
71 110
71 117
71 118
71 120
71 125
71 126
71 131
71 133
71 136
71 138
71 147
71 158
71 159
71 162
71 164
71 170
71 173
71 174
71 179
71 186
71 194
71 195
72 73
72 90
72 91
72 92
72 93
72 102
72 103
72 109
72 118
72 124
72 130
72 135
72 138
72 142
72 149
72 150
72 151
72 158
72 164
72 168
72 178
72 180
72 191
72 195
73 75
73 84
73 87
73 91
73 96
73 101
73 114
73 116
73 120
73 122
73 128
73 141
73 144
73 145
73 146
73 153
73 159
73 166
73 169
73 173
73 189
73 191
73 192
73 196
74 81
74 84
74 96
74 115
74 116
74 121
74 122
74 131
74 145
74 146
74 151
74 154
74 157
74 162
74 163
74 167
74 169
74 172
74 176
74 180
74 184
74 188
74 190
74 191
74 195
74 197
75 77
75 83
75 88
75 91
75 96
75 101
75 102
75 103
75 104
75 111
75 112
75 115
75 116
75 126
75 129
75 134
75 140
75 141
75 146
75 156
75 158
75 160
75 173
75 174
75 177
75 180
75 185
75 187
75 193
76 78
76 81
76 84
76 85
76 88
76 95
76 105
76 108
76 114
76 116
76 120
76 123
76 124
76 125
76 129
76 130
76 138
76 145
76 150
76 165
76 171
76 179
76 181
76 196
76 198
77 82
77 84
77 90
77 94
77 95
77 98
77 99
77 101
77 103
77 114
77 116
77 118
77 123
77 131
77 134
77 136
77 137
77 139
77 144
77 147
77 155
77 161
77 166
77 178
77 183
77 186
77 187
77 189
77 190
77 194
78 101
78 110
78 115
78 120
78 133
78 155
78 160
78 161
78 164
78 170
78 174
78 178
78 184
78 192
78 199
79 81
79 82
79 85
79 89
79 91
79 93
79 101
79 103
79 115
79 121
79 125
79 128
79 130
79 131
79 136
79 138
79 139
79 142
79 149
79 153
79 157
79 167
79 171
79 175
79 177
79 182
79 185
79 189
79 194
80 88
80 91
80 92
80 94
80 98
80 99
80 102
80 106
80 110
80 112
80 113
80 117
80 119
80 122
80 126
80 138
80 145
80 148
80 149
80 159
80 163
80 165
80 172
80 175
80 178
80 182
80 183
80 199
81 85
81 87
81 90
81 91
81 94
81 102
81 105
81 120
81 122
81 126
81 135
81 141
81 142
81 148
81 165
81 168
81 169
81 171
81 175
81 176
81 177
81 180
81 186
81 193
81 194
81 197
82 89
82 95
82 96
82 97
82 98
82 111
82 113
82 114
82 116
82 125
82 131
82 142
82 148
82 156
82 159
82 163
82 165
82 168
82 172
82 179
82 180
82 197
83 84
83 95
83 99
83 107
83 135
83 140
83 142
83 143
83 144
83 146
83 154
83 163
83 170
83 173
83 177
83 179
83 183
83 188
84 85
84 93
84 103
84 108
84 112
84 115
84 124
84 126
84 129
84 138
84 141
84 145
84 151
84 154
84 158
84 166
84 172
84 174
84 179
84 181
84 183
84 190
84 196
85 90
85 94
85 97
85 101
85 110
85 112
85 114
85 115
85 121
85 129
85 131
85 132
85 141
85 142
85 144
85 149
85 152
85 154
85 159
85 161
85 162
85 173
85 176
85 183
85 184
85 194
86 89
86 92
86 93
86 94
86 98
86 105
86 106
86 118
86 126
86 127
86 131
86 135
86 138
86 140
86 141
86 149
86 151
86 152
86 158
86 160
86 163
86 164
86 174
86 177
86 178
86 183
86 184
86 189
86 190
86 191
87 89
87 105
87 109
87 113
87 116
87 119
87 120
87 143
87 146
87 150
87 172
87 173
87 178
87 179
87 180
87 181
87 191
87 192
87 199
88 100
88 101
88 109
88 113
88 119
88 123
88 128
88 142
88 143
88 148
88 156
88 157
88 158
88 159
88 161
88 163
88 165
88 166
88 168
88 169
88 171
88 176
88 178
88 183
88 191
89 107
89 108
89 109
89 111
89 121
89 122
89 123
89 128
89 129
89 130
89 131
89 139
89 151
89 156
89 157
89 165
89 167
89 173
89 176
89 178
89 182
89 184
89 196
90 96
90 101
90 106
90 110
90 115
90 116
90 129
90 136
90 146
90 147
90 151
90 155
90 158
90 161
90 170
90 176
90 179
90 195
91 96
91 103
91 106
91 107
91 111
91 118
91 128
91 143
91 151
91 159
91 160
91 161
91 162
91 168
91 169
91 186
91 191
91 195
91 196
92 101
92 111
92 114
92 122
92 124
92 126
92 147
92 148
92 152
92 154
92 159
92 165
92 169
92 171
92 179
92 184
92 198
92 199
93 95
93 96
93 98
93 100
93 108
93 116
93 118
93 120
93 122
93 124
93 128
93 137
93 145
93 147
93 149
93 154
93 155
93 164
93 167
93 170
93 195
94 96
94 101
94 102
94 104
94 105
94 109
94 111
94 114
94 115
94 119
94 121
94 125
94 132
94 154
94 155
94 162
94 165
94 167
94 170
94 172
94 173
94 185
94 191
94 192
94 194
94 195
94 197
95 96
95 97
95 115
95 124
95 126
95 144
95 147
95 153
95 156
95 163
95 180
95 187
95 189
95 194
96 101
96 102
96 103
96 110
96 115
96 117
96 119
96 127
96 132
96 134
96 136
96 142
96 148
96 158
96 162
96 163
96 164
96 168
96 174
96 180
96 185
96 186
96 187
96 188
97 102
97 108
97 109
97 114
97 115
97 122
97 124
97 137
97 141
97 146
97 147
97 150
97 157
97 161
97 167
97 171
97 174
97 176
97 179
97 186
97 187
97 194
97 196
98 116
98 125
98 132
98 146
98 156
98 158
98 167
98 168
98 174
98 176
98 178
98 183
98 184
98 185
98 188
98 193
98 199
99 100
99 105
99 109
99 118
99 126
99 146
99 147
99 150
99 154
99 168
99 170
99 175
99 179
99 183
99 186
99 195
99 196
99 198
100 101
100 105
100 106
100 111
100 114
100 118
100 125
100 128
100 130
100 131
100 134
100 136
100 143
100 146
100 147
100 150
100 157
100 164
100 168
100 174
100 179
100 181
100 185
100 191
100 192
100 197
101 102
101 106
101 107
101 109
101 110
101 111
101 112
101 113
101 115
101 118
101 119
101 120
101 122
101 128
101 129
101 136
101 140
101 149
101 150
101 151
101 154
101 158
101 162
101 165
101 169
101 172
101 176
101 177
101 181
101 182
101 191
101 194
102 110
102 111
102 115
102 117
102 121
102 131
102 136
102 137
102 140
102 142
102 152
102 155
102 156
102 158
102 159
102 167
102 176
102 181
102 182
102 188
102 195
103 108
103 109
103 114
103 117
103 127
103 129
103 131
103 136
103 137
103 140
103 142
103 143
103 145
103 146
103 157
103 163
103 170
103 176
103 184
103 187
103 190
104 111
104 119
104 120
104 127
104 134
104 143
104 152
104 155
104 169
104 172
104 173
104 175
104 177
104 183
104 199
105 106
105 107
105 108
105 115
105 118
105 132
105 146
105 147
105 148
105 150
105 152
105 155
105 156
105 181
105 182
105 194
105 195
106 111
106 127
106 131
106 135
106 136
106 137
106 141
106 148
106 154
106 157
106 163
106 164
106 166
106 167
106 170
106 177
106 178
106 180
106 186
106 190
106 191
106 194
106 196
107 120
107 121
107 132
107 133
107 134
107 140
107 141
107 145
107 148
107 150
107 151
107 152
107 165
107 169
107 174
107 177
107 180
108 118
108 126
108 129
108 161
108 162
108 166
108 168
108 170
108 180
108 190
108 193
108 196
108 197
109 114
109 127
109 129
109 130
109 131
109 133
109 135
109 137
109 143
109 144
109 147
109 151
109 154
109 157
109 160
109 169
109 176
109 177
109 183
109 196
110 117
110 123
110 129
110 133
110 140
110 143
110 144
110 145
110 159
110 179
110 181
110 182
110 189
110 194
110 199
111 114
111 116
111 120
111 133
111 134
111 139
111 142
111 145
111 146
111 153
111 160
111 164
111 172
111 173
111 175
111 176
111 177
111 179
111 182
111 184
111 185
111 187
111 189
111 192
111 194
112 118
112 122
112 141
112 144
112 152
112 187
112 198
113 118
113 119
113 121
113 123
113 135
113 140
113 146
113 147
113 148
113 149
113 161
113 162
113 165
113 166
113 170
113 178
113 180
113 193
113 197
113 199
114 118
114 124
114 125
114 126
114 127
114 128
114 132
114 134
114 135
114 141
114 142
114 143
114 147
114 153
114 157
114 160
114 166
114 168
114 174
114 180
114 184
114 199
115 117
115 130
115 131
115 133
115 154
115 160
115 164
115 171
115 172
115 178
115 182
115 183
115 187
115 188
116 125
116 130
116 132
116 134
116 144
116 145
116 149
116 151
116 173
116 180
116 184
116 188
116 189
116 190
116 197
117 121
117 126
117 127
117 133
117 135
117 139
117 140
117 144
117 152
117 159
117 165
117 168
117 170
117 173
117 175
117 182
117 187
117 191
118 132
118 138
118 143
118 155
118 156
118 157
118 158
118 160
118 169
118 172
118 175
118 178
118 181
118 193
119 123
119 131
119 136
119 138
119 149
119 161
119 174
119 188
119 193
119 194
119 195
119 197
120 122
120 129
120 147
120 148
120 156
120 165
120 166
120 168
120 171
120 181
120 183
120 185
120 186
120 191
120 199
121 134
121 135
121 152
121 157
121 158
121 160
121 166
121 168
121 173
121 181
121 185
121 187
121 188
121 191
122 123
122 133
122 140
122 141
122 142
122 149
122 155
122 158
122 162
122 170
122 177
122 179
122 184
122 187
122 191
123 124
123 137
123 138
123 155
123 158
123 160
123 165
123 182
123 186
123 191
123 196
124 127
124 134
124 135
124 137
124 140
124 150
124 152
124 157
124 160
124 163
124 174
124 184
124 190
124 192
124 196
124 198
125 138
125 146
125 167
125 168
125 172
125 179
125 181
125 186
125 195
126 129
126 138
126 144
126 153
126 161
126 163
126 164
126 170
126 175
126 179
126 188
126 194
127 137
127 141
127 142
127 154
127 158
127 159
127 160
127 170
127 175
127 181
127 183
127 186
127 189
127 191
127 195
127 198
128 129
128 131
128 132
128 137
128 139
128 143
128 146
128 149
128 150
128 157
128 159
128 169
128 170
128 175
128 179
128 180
128 197
129 130
129 132
129 138
129 142
129 146
129 164
129 167
129 175
129 184
129 198
130 135
130 141
130 142
130 143
130 165
130 170
130 171
130 176
130 181
130 189
130 190
130 192
130 198
131 132
131 145
131 149
131 156
131 162
131 163
131 165
131 169
131 171
131 173
131 179
131 184
132 134
132 135
132 149
132 150
132 156
132 157
132 168
132 172
132 193
133 137
133 139
133 146
133 149
133 163
133 165
133 171
133 172
133 176
133 187
133 194
133 198
134 138
134 139
134 141
134 145
134 146
134 149
134 153
134 154
134 168
134 171
134 172
134 173
134 175
134 178
134 182
134 183
134 186
134 188
135 141
135 145
135 146
135 147
135 148
135 151
135 155
135 165
135 166
135 169
135 172
135 173
135 174
135 179
135 194
135 196
136 141
136 143
136 144
136 153
136 163
136 170
136 171
136 173
136 179
136 182
136 188
136 192
136 193
136 194
136 198
137 139
137 140
137 150
137 154
137 164
137 173
137 175
137 196
138 141
138 148
138 159
138 160
138 162
138 163
138 167
138 177
138 182
138 188
138 195
139 153
139 155
139 158
139 159
139 160
139 163
139 167
139 169
139 170
139 177
139 179
139 183
139 185
139 186
139 188
139 190
139 191
139 193
139 199
140 149
140 151
140 154
140 157
140 160
140 161
140 162
140 165
140 167
140 169
140 173
140 177
140 180
140 188
140 192
140 195
140 198
140 199
141 149
141 150
141 153
141 154
141 155
141 160
141 170
141 171
141 173
141 178
141 182
141 188
142 154
142 160
142 163
142 171
142 173
142 176
142 179
142 191
143 144
143 150
143 163
143 172
143 184
143 193
143 196
143 197
144 150
144 154
144 156
144 157
144 161
144 169
144 178
144 179
144 181
144 182
144 186
144 187
144 188
144 189
144 194
144 196
145 149
145 150
145 151
145 153
145 158
145 161
145 173
145 177
145 178
145 183
145 184
145 187
145 194
145 198
146 148
146 149
146 151
146 154
146 156
146 158
146 172
146 174
146 177
146 180
146 181
146 182
146 188
146 190
147 153
147 155
147 163
147 167
147 169
147 170
147 176
147 184
147 186
147 188
147 189
147 190
148 152
148 153
148 154
148 158
148 159
148 160
148 161
148 170
148 173
148 175
148 177
148 178
148 181
148 186
148 187
148 190
148 196
149 150
149 152
149 154
149 157
149 161
149 171
149 174
149 177
149 178
149 181
149 186
149 191
149 192
150 152
150 158
150 160
150 161
150 162
150 177
150 179
150 196
150 199
151 153
151 162
151 168
151 169
151 179
151 184
151 191
151 192
151 193
151 199
152 155
152 159
152 165
152 170
152 173
152 181
152 185
152 188
152 195
152 196
152 197
153 157
153 158
153 163
153 169
153 170
153 171
153 186
153 192
153 197
154 159
154 166
154 167
154 168
154 179
154 181
154 186
154 196
154 199
155 157
155 159
155 162
155 168
155 177
155 179
155 181
155 185
155 192
155 197
156 158
156 165
156 175
156 184
156 195
157 162
157 164
157 169
157 173
157 174
157 181
157 185
157 188
157 192
157 194
158 167
158 169
158 180
158 183
158 187
158 189
158 190
158 197
158 199
159 164
159 166
159 174
159 176
159 177
159 186
159 189
159 191
159 192
159 194
160 163
160 165
160 170
160 177
160 179
160 189
160 194
160 197
161 175
161 180
161 181
161 186
161 187
161 188
161 196
161 197
162 168
162 169
162 174
162 183
162 189
163 164
163 165
163 166
163 168
163 169
163 180
163 185
163 190
163 193
164 173
164 174
164 186
164 188
164 190
164 192
164 195
164 196
165 166
165 171
165 172
165 191
165 192
165 194
165 199
166 167
166 171
166 177
166 179
166 186
166 191
166 192
166 193
167 174
167 177
167 183
167 184
167 185
167 187
167 190
167 191
167 198
168 172
168 173
168 182
168 189
168 194
168 195
168 196
168 198
169 172
169 173
169 195
170 171
170 182
170 185
170 197
170 199
171 176
171 177
171 183
171 189
171 196
171 198
171 199
172 181
172 184
172 190
172 191
172 196
172 198
173 177
173 179
173 181
173 189
173 198
173 199
174 179
174 184
174 191
175 178
176 180
176 183
176 185
176 188
176 189
176 192
176 194
177 179
177 184
177 193
177 194
178 186
179 195
180 185
180 187
180 189
180 190
180 192
180 198
181 183
181 188
181 190
182 196
182 199
183 193
183 194
183 199
184 185
184 186
184 187
184 191
184 193
185 188
185 195
186 197
186 198
187 195
188 189
188 190
188 191
188 193
189 192
189 194
189 196
189 197
189 198
190 192
190 194
191 192
191 194
192 197
194 198
195 196
189 85 126 58 121 100 134 153 43 174
53 60 193 141 127 34 57 21 16 64
83 33 131 163 76 194 10 46 86 160
180 172 71 98 14 151 175 173 195 184
161 37 147 29 23 185 47 38 138 190
1 187 197 68 152 40 132 56 45 171
93 36 24 51 2 62 66 168 158 42
18 90 116 176 125 183 104 106 49 136
55 107 35 78 32 118 59 8 26 63
109 143 117 135 91 148 27 156 30 69
133 170 112 9 87 130 164 81 48 101
50 123 41 157 39 4 5 154 19 113
11 159 198 67 12 84 52 94 31 89
182 28 102 25 129 140 6 196 150 191
177 178 65 181 54 108 167 92 115 169
186 128 165 155 199 120 188 80 111 77
13 99 110 75 124 142 146 3 95 114
162 0 105 145 17 44 137 70 144 103
20 97 149 139 96 15 22 88 73 192
61 179 166 74 72 79 82 7 119 122
