50
127
4
42.3
5.15
42.2
42.95
0 21
0 31
0 38
0 40
0 42
1 33
1 36
2 13
2 14
2 30
2 35
2 49
3 9
3 12
3 13
3 26
3 28
3 33
3 37
3 41
4 7
4 30
5 9
5 11
5 12
5 15
5 17
5 20
5 45
5 49
6 9
6 34
6 40
6 48
7 17
7 24
7 27
7 36
7 40
7 45
8 9
8 10
8 27
8 43
8 46
9 18
9 22
9 26
9 29
9 32
9 49
10 14
10 46
10 47
11 30
11 37
12 14
12 31
12 36
12 47
13 16
13 26
13 45
13 46
13 47
13 49
14 15
14 23
15 23
15 39
15 41
15 48
16 17
16 34
17 24
17 35
17 38
17 41
19 21
19 30
20 25
20 29
20 31
20 45
21 39
22 25
22 30
23 32
23 45
24 37
24 44
25 34
25 35
26 32
26 33
26 41
26 48
28 41
28 46
29 49
30 31
30 34
30 35
31 38
31 39
31 45
32 37
32 42
32 45
33 48
34 35
34 42
35 43
36 40
36 42
36 46
38 44
39 40
39 49
40 44
42 44
42 47
42 48
42 49
43 44
43 47
45 49
43 49 12 42 0 18 11 28 17 31 1 24 15 44 19
25 38 9 22 48 20 7 4 8 10 39 33 40 3 34
30 21 27 23 46 37 32 35 29 47 41 26 16 13 45
6 14 36 2 5
