50
590
10
42.67
32.66
27.87
83.14
18.01
33.33
14.23
38.7
75.3
15.61
0 1
0 2
0 3
0 7
0 12
0 13
0 15
0 17
0 19
0 20
0 22
0 24
0 26
0 29
0 30
0 31
0 33
0 35
0 37
0 39
0 40
0 42
0 48
1 4
1 7
1 8
1 10
1 11
1 12
1 13
1 17
1 20
1 21
1 23
1 24
1 25
1 27
1 28
1 29
1 30
1 31
1 33
1 35
1 36
1 39
1 40
1 41
1 43
1 46
1 47
1 48
2 5
2 6
2 7
2 8
2 10
2 11
2 16
2 19
2 22
2 23
2 26
2 27
2 28
2 29
2 30
2 32
2 33
2 34
2 37
2 39
2 40
2 42
2 46
2 47
3 4
3 6
3 7
3 8
3 9
3 11
3 16
3 18
3 19
3 20
3 21
3 23
3 24
3 26
3 28
3 31
3 33
3 35
3 36
3 39
3 40
3 44
3 47
3 48
4 11
4 12
4 13
4 14
4 17
4 18
4 19
4 23
4 24
4 26
4 31
4 32
4 34
4 35
4 36
4 37
4 40
4 45
4 47
5 9
5 10
5 11
5 12
5 13
5 15
5 16
5 18
5 20
5 22
5 25
5 28
5 30
5 32
5 36
5 38
5 40
5 42
5 45
5 46
5 47
6 8
6 9
6 11
6 13
6 14
6 15
6 18
6 20
6 21
6 22
6 26
6 27
6 29
6 31
6 34
6 36
6 37
6 39
6 40
6 43
6 45
6 47
7 8
7 9
7 11
7 13
7 15
7 16
7 17
7 18
7 20
7 21
7 22
7 24
7 25
7 26
7 27
7 29
7 30
7 32
7 33
7 35
7 36
7 38
7 39
7 40
7 41
7 42
7 43
7 46
7 47
7 49
8 10
8 14
8 17
8 19
8 21
8 22
8 23
8 24
8 25
8 27
8 28
8 31
8 33
8 34
8 40
9 12
9 13
9 14
9 18
9 19
9 24
9 26
9 30
9 32
9 33
9 34
9 35
9 37
9 38
9 39
9 40
9 41
9 42
9 44
9 45
9 47
9 48
9 49
10 11
10 12
10 17
10 18
10 21
10 22
10 26
10 29
10 31
10 32
10 33
10 34
10 36
10 37
10 41
10 43
10 44
10 45
10 49
11 12
11 16
11 17
11 20
11 23
11 24
11 26
11 32
11 33
11 37
11 38
11 40
11 42
11 43
11 45
11 46
11 47
11 48
12 14
12 15
12 16
12 17
12 20
12 21
12 22
12 24
12 25
12 27
12 28
12 30
12 32
12 33
12 35
12 37
12 42
12 44
12 45
12 48
12 49
13 14
13 19
13 21
13 23
13 24
13 25
13 26
13 28
13 30
13 34
13 35
13 39
13 41
13 44
13 45
13 46
13 47
13 48
13 49
14 17
14 19
14 20
14 22
14 23
14 31
14 32
14 34
14 38
14 39
14 40
14 41
14 44
14 45
14 48
14 49
15 16
15 17
15 19
15 20
15 21
15 22
15 27
15 28
15 29
15 30
15 32
15 33
15 34
15 36
15 38
15 41
15 46
15 48
15 49
16 17
16 20
16 31
16 33
16 39
16 40
16 41
16 44
16 46
16 48
17 18
17 22
17 23
17 24
17 25
17 26
17 27
17 28
17 29
17 33
17 34
17 35
17 36
17 38
17 42
17 44
17 46
17 47
17 48
17 49
18 19
18 20
18 22
18 23
18 25
18 26
18 28
18 29
18 30
18 31
18 33
18 35
18 36
18 41
18 42
18 44
18 45
18 49
19 21
19 22
19 23
19 27
19 31
19 32
19 36
19 40
19 41
19 43
19 44
19 46
19 47
19 48
19 49
20 23
20 24
20 25
20 27
20 41
20 42
20 43
20 46
20 48
21 23
21 24
21 25
21 27
21 29
21 37
21 39
21 40
21 44
21 47
22 24
22 25
22 26
22 30
22 33
22 35
22 36
22 38
22 42
22 44
23 26
23 27
23 35
23 36
23 38
23 40
23 42
23 45
24 31
24 35
24 36
24 40
24 41
24 44
24 45
24 48
25 26
25 27
25 28
25 30
25 31
25 33
25 37
25 42
25 46
25 47
25 48
26 30
26 31
26 32
26 33
26 34
26 35
26 38
26 39
26 41
26 43
26 44
26 45
26 47
26 49
27 29
27 31
27 32
27 33
27 34
27 35
27 36
27 37
27 42
27 43
27 45
27 46
27 47
28 32
28 33
28 34
28 36
28 37
28 38
28 42
28 43
28 44
28 45
28 46
28 47
28 48
29 31
29 35
29 36
29 37
29 39
29 40
29 42
29 44
29 45
29 46
29 47
30 31
30 34
30 36
30 40
30 42
30 44
30 45
30 49
31 32
31 39
31 41
31 48
32 34
32 35
32 42
33 38
33 39
33 40
33 42
33 44
34 36
34 38
34 40
34 42
34 44
34 47
34 49
35 37
35 38
35 39
35 42
35 43
35 44
35 45
35 46
36 37
36 38
36 41
36 42
36 44
36 45
36 46
36 48
37 38
37 39
37 41
37 42
37 47
37 48
37 49
38 42
38 44
38 46
38 48
38 49
39 42
39 43
39 45
39 46
39 49
40 42
40 45
40 47
40 49
41 42
41 44
41 45
41 47
42 43
43 44
43 45
43 46
43 47
44 48
45 47
45 49
46 48
47 49
48 49
25 49 12 38 15
16 36 5 10 8
40 29 31 6 44
3 0 18 14 47
35 39 28 45 20
19 22 42 13 23
48 1 46 32 9
11 30 27 43 33
7 41 24 21 2
34 17 4 37 26
