50
364
5
72.84
99.8
38.46
77.33
83.18
0 2
0 3
0 5
0 8
0 13
0 15
0 19
0 23
0 25
0 28
0 29
0 30
0 32
0 36
0 37
0 49
1 2
1 4
1 7
1 14
1 15
1 16
1 19
1 30
1 34
1 36
1 39
1 40
1 42
1 45
1 46
2 4
2 5
2 7
2 8
2 15
2 17
2 19
2 20
2 24
2 28
2 34
2 35
2 36
2 37
2 39
2 40
2 42
2 47
3 5
3 6
3 10
3 11
3 13
3 18
3 19
3 21
3 27
3 29
3 30
3 41
3 44
3 45
3 46
4 5
4 9
4 13
4 14
4 15
4 18
4 23
4 32
4 34
4 43
4 45
5 13
5 15
5 17
5 26
5 28
5 30
5 38
5 48
6 8
6 18
6 21
6 24
6 27
6 28
6 38
6 39
6 42
6 43
6 46
7 11
7 14
7 15
7 18
7 22
7 30
7 32
7 39
7 44
8 12
8 17
8 19
8 25
8 32
8 37
8 40
8 46
9 16
9 22
9 24
9 28
9 36
9 38
9 39
9 48
10 13
10 14
10 16
10 34
10 39
10 41
10 43
10 45
10 46
10 48
11 13
11 15
11 19
11 23
11 27
11 29
11 30
11 33
11 38
11 43
11 45
11 49
12 14
12 15
12 22
12 26
12 28
12 30
12 32
12 38
12 39
12 40
12 41
12 45
12 46
13 16
13 18
13 19
13 21
13 26
13 32
13 33
13 36
13 41
13 44
13 45
13 46
13 47
14 17
14 18
14 28
14 30
14 32
14 33
14 34
14 39
14 44
14 47
14 49
15 16
15 18
15 21
15 22
15 23
15 32
15 34
15 35
15 38
15 39
15 40
15 41
15 46
15 48
16 22
16 26
16 31
16 33
16 38
16 39
16 41
16 44
16 47
17 18
17 19
17 21
17 23
17 24
17 28
17 30
17 32
17 34
17 35
17 40
17 41
17 43
17 45
17 46
17 48
18 23
18 25
18 28
18 29
18 37
18 40
18 43
18 45
18 48
19 21
19 22
19 24
19 29
19 30
19 32
19 33
19 36
19 41
19 43
19 45
19 46
19 48
19 49
20 21
20 23
20 25
20 31
20 33
20 36
20 43
20 44
20 47
20 49
21 25
21 26
21 32
21 38
21 40
21 41
22 28
22 30
22 31
22 32
22 36
22 38
22 40
22 42
22 44
22 48
22 49
23 26
23 29
23 34
23 35
23 37
23 41
23 42
23 43
23 44
23 46
24 27
24 30
24 32
24 42
24 45
24 47
25 28
25 34
25 39
25 43
25 44
25 47
26 33
26 36
26 38
26 40
26 42
26 44
26 48
27 28
27 29
27 35
27 38
27 41
27 45
27 47
27 49
28 43
28 45
28 48
29 33
29 34
29 35
29 37
29 39
29 40
29 46
29 47
29 48
30 31
30 32
30 36
31 33
31 44
31 46
31 49
32 34
32 43
32 44
32 46
32 48
32 49
33 39
33 42
33 45
33 49
34 40
34 41
34 43
34 47
35 36
35 40
35 45
36 41
36 42
36 44
36 47
36 48
36 49
37 44
38 39
38 45
39 41
39 42
39 47
39 48
41 46
41 48
41 49
42 44
42 46
44 46
44 48
46 49
47 48
47 49
48 49
40 17 27 26 32 2 15 29 19 34 35 3
8 5 43 21 12 45 23 42 39 48 44 49
0 31 41 37 13 36 4 25 14 38 16 6
33 28 30 22 10 24 20 7 47 1 11 9
46 18
