60
884
7
60.6
71.05
13.59
9.96
98.33
19.71
83.19
0 1
0 2
0 4
0 5
0 8
0 10
0 11
0 16
0 18
0 19
0 21
0 22
0 23
0 24
0 25
0 26
0 30
0 31
0 32
0 36
0 38
0 39
0 46
0 49
0 54
0 56
0 58
1 5
1 6
1 8
1 9
1 10
1 14
1 16
1 20
1 24
1 25
1 26
1 27
1 30
1 31
1 32
1 33
1 35
1 36
1 37
1 40
1 43
1 44
1 45
1 46
1 48
1 49
1 51
1 53
1 55
1 56
1 58
1 59
2 4
2 5
2 7
2 8
2 11
2 14
2 15
2 18
2 24
2 25
2 28
2 29
2 30
2 31
2 34
2 35
2 37
2 39
2 43
2 45
2 47
2 50
2 52
2 56
2 57
2 58
3 4
3 5
3 6
3 9
3 10
3 11
3 14
3 18
3 19
3 20
3 21
3 22
3 24
3 25
3 26
3 29
3 30
3 31
3 33
3 34
3 40
3 41
3 44
3 45
3 46
3 47
3 49
3 51
3 53
3 54
3 55
3 58
3 59
4 5
4 6
4 8
4 11
4 13
4 14
4 15
4 18
4 24
4 25
4 26
4 27
4 28
4 29
4 30
4 34
4 35
4 36
4 38
4 39
4 43
4 46
4 49
4 51
4 53
4 54
4 56
4 58
4 59
5 7
5 8
5 11
5 12
5 14
5 15
5 17
5 18
5 19
5 21
5 23
5 26
5 28
5 32
5 36
5 37
5 38
5 39
5 40
5 41
5 43
5 44
5 46
5 51
5 55
5 57
5 59
6 10
6 12
6 13
6 17
6 18
6 19
6 22
6 24
6 25
6 26
6 27
6 28
6 29
6 30
6 31
6 32
6 33
6 35
6 37
6 39
6 43
6 47
6 54
6 59
7 10
7 14
7 15
7 19
7 22
7 24
7 26
7 28
7 29
7 31
7 32
7 34
7 36
7 38
7 40
7 41
7 45
7 49
7 50
7 53
7 54
7 58
8 9
8 10
8 12
8 13
8 14
8 17
8 18
8 21
8 25
8 26
8 30
8 32
8 34
8 37
8 38
8 39
8 40
8 42
8 45
8 48
8 49
8 50
8 52
8 53
8 56
8 57
9 12
9 13
9 14
9 15
9 16
9 17
9 23
9 25
9 27
9 29
9 30
9 31
9 32
9 33
9 34
9 36
9 39
9 42
9 43
9 44
9 45
9 46
9 49
9 50
9 53
9 57
9 58
9 59
10 12
10 13
10 17
10 19
10 21
10 28
10 31
10 32
10 33
10 34
10 37
10 38
10 40
10 42
10 44
10 48
10 51
10 52
10 54
10 58
11 15
11 17
11 18
11 20
11 21
11 22
11 25
11 27
11 28
11 30
11 31
11 32
11 33
11 34
11 36
11 37
11 39
11 40
11 43
11 47
11 50
11 51
11 52
11 53
11 54
11 56
12 16
12 17
12 18
12 19
12 20
12 21
12 23
12 24
12 25
12 27
12 28
12 29
12 32
12 34
12 38
12 40
12 41
12 42
12 44
12 45
12 48
12 55
12 57
12 59
13 15
13 18
13 20
13 24
13 26
13 27
13 28
13 29
13 30
13 33
13 34
13 35
13 38
13 40
13 41
13 43
13 48
13 49
13 51
13 52
13 55
13 56
13 58
13 59
14 15
14 16
14 17
14 18
14 20
14 24
14 26
14 30
14 31
14 33
14 34
14 35
14 37
14 38
14 39
14 42
14 43
14 44
14 47
14 48
14 49
14 50
14 54
14 57
14 58
14 59
15 16
15 17
15 21
15 23
15 24
15 26
15 27
15 31
15 32
15 33
15 43
15 44
15 47
15 48
15 50
15 51
15 52
15 54
15 55
15 59
16 17
16 21
16 24
16 25
16 27
16 31
16 34
16 35
16 40
16 43
16 44
16 48
16 50
16 52
16 53
16 57
16 58
17 19
17 21
17 22
17 26
17 27
17 30
17 31
17 32
17 33
17 36
17 38
17 41
17 43
17 45
17 47
17 49
17 51
17 52
17 53
17 54
17 55
17 57
17 58
18 20
18 23
18 25
18 26
18 28
18 31
18 33
18 35
18 41
18 44
18 46
18 47
18 48
18 51
18 53
18 56
19 20
19 22
19 23
19 24
19 27
19 28
19 29
19 30
19 34
19 35
19 37
19 38
19 39
19 40
19 42
19 45
19 46
19 51
19 52
19 54
19 55
19 57
20 21
20 23
20 27
20 29
20 30
20 33
20 34
20 35
20 44
20 47
20 48
20 49
20 52
20 53
20 54
20 57
20 58
20 59
21 23
21 25
21 26
21 27
21 32
21 33
21 34
21 35
21 36
21 38
21 41
21 45
21 46
21 49
21 51
21 53
21 57
21 58
21 59
22 23
22 24
22 26
22 27
22 28
22 29
22 33
22 34
22 36
22 37
22 38
22 39
22 40
22 41
22 42
22 44
22 46
22 48
22 52
22 53
22 54
22 55
22 56
23 26
23 27
23 31
23 32
23 33
23 34
23 35
23 36
23 37
23 41
23 43
23 44
23 58
24 25
24 26
24 27
24 28
24 30
24 31
24 33
24 34
24 36
24 37
24 43
24 44
24 45
24 48
24 53
24 54
24 55
24 56
24 57
24 58
25 32
25 37
25 39
25 40
25 42
25 43
25 46
25 49
25 50
25 52
25 53
25 55
25 56
25 59
26 27
26 29
26 31
26 35
26 37
26 40
26 41
26 43
26 44
26 48
26 51
26 52
26 53
26 54
26 55
26 56
26 58
26 59
27 30
27 33
27 37
27 38
27 41
27 44
27 45
27 50
27 51
27 52
27 53
27 54
27 55
27 56
27 58
27 59
28 33
28 34
28 36
28 38
28 41
28 42
28 43
28 44
28 46
28 47
28 48
28 52
28 54
28 56
28 57
29 33
29 34
29 36
29 39
29 40
29 42
29 44
29 48
29 49
29 50
29 51
29 56
29 57
29 58
30 32
30 33
30 37
30 40
30 41
30 44
30 46
30 48
30 49
30 52
30 53
30 54
30 56
30 58
30 59
31 32
31 34
31 38
31 39
31 41
31 45
31 46
31 48
31 49
31 50
31 52
31 54
31 56
31 58
31 59
32 33
32 34
32 38
32 41
32 49
32 51
32 53
32 54
32 57
32 58
32 59
33 35
33 36
33 37
33 38
33 39
33 44
33 46
33 47
33 48
33 51
33 53
33 55
33 58
34 35
34 36
34 38
34 40
34 44
34 46
34 49
34 50
34 51
34 52
34 53
34 56
34 58
34 59
35 37
35 38
35 39
35 41
35 43
35 44
35 46
35 47
35 48
35 49
35 50
35 51
35 55
36 37
36 38
36 41
36 43
36 45
36 46
36 49
36 52
36 55
36 58
37 43
37 44
37 47
37 48
37 50
37 52
37 55
37 56
37 58
37 59
38 39
38 41
38 43
38 45
38 49
38 51
38 52
38 54
38 56
38 58
38 59
39 41
39 45
39 46
39 47
39 50
39 53
39 54
39 58
39 59
40 41
40 42
40 43
40 45
40 47
40 51
40 52
40 54
40 56
40 57
40 59
41 42
41 43
41 46
41 47
41 48
41 49
41 50
41 55
41 56
41 58
42 43
42 44
42 46
42 47
42 50
42 53
42 54
42 57
42 58
43 44
43 45
43 48
43 49
43 51
43 53
43 54
43 58
43 59
44 51
44 52
44 53
44 54
44 55
44 56
44 57
44 58
44 59
45 46
45 47
45 49
45 50
45 51
45 52
45 54
45 56
45 58
46 48
46 50
46 51
46 52
46 53
46 57
46 58
47 51
47 52
47 54
47 55
47 57
47 59
48 50
48 51
48 58
48 59
49 50
49 51
49 55
49 56
49 59
50 51
50 52
50 54
50 55
50 57
50 58
50 59
51 53
51 54
51 55
51 56
51 57
52 53
52 54
52 57
52 59
54 55
54 58
54 59
55 58
56 59
57 58
37 42 40 58 46 10 59 25 26
52 2 4 45 39 31 33 50 54
30 48 36 56 18 11 23 41 14
44 57 22 9 20 53 21 32 3
28 47 51 16 7 12 34 0 24
38 27 55 29 35 13 1 17 5
8 49 15 43 6 19
