60
330
10
77.95
58.48
55.41
85.71
5.7
68.87
84.79
60.65
22.98
62.91
0 6
0 12
0 16
0 17
0 18
0 25
0 31
0 35
0 40
0 58
0 59
1 3
1 4
1 16
1 19
1 23
1 31
1 32
1 35
1 42
1 47
1 48
1 56
2 3
2 13
2 18
2 20
2 23
2 37
2 46
2 55
2 58
3 4
3 8
3 10
3 19
3 23
3 26
3 28
3 30
3 34
3 37
3 39
3 42
3 55
3 59
4 23
4 26
4 41
4 55
5 34
5 42
5 58
6 7
6 14
6 15
6 17
6 27
6 36
6 42
6 51
6 57
7 8
7 10
7 12
7 24
7 25
7 31
7 32
7 33
7 41
7 43
7 46
8 14
8 17
8 21
8 23
8 24
8 27
8 29
8 31
8 43
8 50
8 57
8 59
9 15
9 20
9 31
9 37
9 43
9 52
9 58
9 59
10 12
10 19
10 24
10 25
10 43
10 55
10 57
11 13
11 14
11 18
11 25
11 26
11 29
11 30
11 36
11 46
12 14
12 22
12 25
12 32
12 36
12 40
12 50
12 55
13 23
13 26
13 27
13 29
13 34
13 36
13 40
13 44
13 46
13 47
13 50
13 55
14 23
14 27
14 29
14 51
14 54
14 59
15 17
15 18
15 20
15 28
15 33
15 40
15 52
15 56
16 22
16 29
16 31
16 33
16 39
16 46
16 54
17 41
17 53
17 54
17 55
18 20
18 21
18 23
18 24
18 28
18 30
18 31
18 32
18 35
18 45
18 55
18 56
19 25
19 28
19 29
19 34
19 44
19 45
20 22
20 30
20 41
20 42
20 48
20 51
20 54
20 58
21 35
21 36
21 37
21 39
21 41
21 46
21 49
21 54
22 31
22 32
22 35
22 36
22 42
22 44
22 45
22 49
22 57
23 33
23 44
23 46
23 47
23 48
23 50
23 52
23 55
24 25
24 29
24 35
24 59
25 27
25 33
25 41
25 45
25 53
26 29
26 39
26 40
26 50
26 51
26 53
26 58
27 35
27 47
28 37
28 42
28 49
28 53
29 30
29 38
29 39
29 41
29 44
29 45
29 48
29 49
29 53
29 54
29 58
29 59
30 31
30 32
30 44
30 48
30 50
30 56
31 40
31 43
31 44
31 48
31 51
32 34
32 43
32 45
32 47
32 49
33 35
33 37
33 46
33 50
33 52
33 57
34 40
34 44
34 56
35 40
35 51
35 52
35 53
35 54
35 57
35 58
36 57
36 59
37 42
37 43
37 46
37 53
37 54
37 55
37 57
38 42
38 46
38 51
38 54
38 56
39 40
39 44
39 45
39 46
39 52
39 55
40 44
40 48
40 50
40 51
41 45
41 50
41 56
41 57
42 46
42 49
42 50
42 59
43 48
44 46
44 48
44 57
44 58
45 56
45 58
45 59
46 53
46 55
46 58
47 50
47 55
48 58
49 58
50 53
51 52
52 53
52 57
53 55
53 57
53 59
54 55
54 58
55 56
56 57
57 58
48 52 15 44 51 45
12 8 35 55 23 7
39 56 54 32 38 28
9 43 6 20 21 4
14 57 18 46 16 11
17 47 49 5 34 40
50 26 33 30 0 53
25 41 27 36 58 22
37 31 42 1 29 19
59 3 24 10 2 13
