60
703
4
19.02
55.04
79.31
63.8
0 1
0 3
0 11
0 13
0 14
0 18
0 19
0 20
0 24
0 31
0 32
0 39
0 45
0 46
0 47
0 48
0 51
0 55
1 4
1 6
1 9
1 10
1 12
1 13
1 14
1 15
1 16
1 24
1 27
1 28
1 34
1 35
1 37
1 38
1 40
1 41
1 42
1 45
1 48
1 50
1 54
1 58
2 10
2 12
2 13
2 14
2 21
2 22
2 26
2 30
2 34
2 36
2 37
2 38
2 40
2 42
2 43
2 44
2 50
2 51
2 53
2 56
2 57
2 58
2 59
3 4
3 5
3 10
3 15
3 16
3 17
3 18
3 19
3 21
3 25
3 26
3 27
3 28
3 32
3 33
3 35
3 38
3 39
3 40
3 43
3 45
3 52
3 55
4 10
4 11
4 16
4 18
4 19
4 20
4 21
4 24
4 26
4 29
4 33
4 36
4 38
4 42
4 43
4 44
4 46
4 48
4 50
4 56
4 57
4 59
5 12
5 22
5 24
5 29
5 32
5 33
5 37
5 38
5 39
5 41
5 43
5 51
5 56
5 57
5 58
6 9
6 10
6 16
6 17
6 18
6 19
6 21
6 24
6 26
6 37
6 41
6 42
6 43
6 45
6 46
6 47
6 49
6 51
6 52
6 53
6 54
6 55
6 57
6 59
7 8
7 9
7 14
7 18
7 19
7 20
7 25
7 27
7 30
7 31
7 34
7 42
7 44
7 54
7 55
7 56
8 10
8 11
8 14
8 15
8 18
8 21
8 22
8 24
8 31
8 32
8 36
8 37
8 39
8 43
8 44
8 54
8 55
9 16
9 17
9 18
9 21
9 22
9 24
9 28
9 29
9 30
9 33
9 34
9 36
9 38
9 43
9 44
9 45
9 47
9 49
9 52
9 54
9 56
9 57
10 15
10 18
10 22
10 24
10 27
10 34
10 35
10 36
10 38
10 40
10 41
10 43
10 44
10 48
10 50
10 54
10 58
11 13
11 15
11 24
11 28
11 30
11 31
11 35
11 37
11 39
11 41
11 43
11 44
11 49
11 52
11 53
11 55
11 56
11 57
12 14
12 17
12 22
12 25
12 27
12 30
12 31
12 32
12 33
12 35
12 38
12 39
12 40
12 41
12 44
12 46
12 48
12 51
12 53
12 57
12 58
12 59
13 14
13 18
13 19
13 21
13 25
13 27
13 30
13 32
13 34
13 38
13 40
13 42
13 44
13 46
13 49
13 51
13 55
13 56
14 19
14 22
14 23
14 26
14 29
14 31
14 32
14 36
14 37
14 40
14 43
14 47
14 55
15 19
15 20
15 21
15 22
15 24
15 25
15 26
15 27
15 29
15 30
15 31
15 33
15 35
15 36
15 37
15 38
15 39
15 40
15 43
15 45
15 48
15 52
15 53
15 55
15 56
15 59
16 17
16 25
16 28
16 31
16 32
16 33
16 35
16 43
16 44
16 45
16 46
16 51
16 52
16 56
16 58
16 59
17 18
17 19
17 20
17 22
17 25
17 26
17 28
17 32
17 34
17 35
17 38
17 40
17 44
17 49
17 50
17 56
18 21
18 22
18 23
18 25
18 30
18 37
18 43
18 45
18 46
18 48
18 49
18 52
18 54
18 55
18 57
19 21
19 22
19 23
19 26
19 33
19 34
19 35
19 37
19 38
19 40
19 43
19 48
19 50
19 51
19 58
20 22
20 24
20 27
20 31
20 33
20 37
20 41
20 44
20 47
20 48
20 50
20 53
20 54
20 55
20 59
21 22
21 24
21 25
21 27
21 28
21 29
21 35
21 36
21 37
21 38
21 40
21 42
21 43
21 47
21 52
21 53
21 54
21 55
22 29
22 33
22 34
22 37
22 38
22 41
22 46
22 48
22 51
22 56
22 57
22 58
23 24
23 28
23 30
23 31
23 32
23 33
23 34
23 40
23 47
23 49
23 52
23 55
23 56
23 57
23 58
24 25
24 26
24 31
24 32
24 33
24 36
24 39
24 41
24 43
24 46
24 48
24 54
24 55
24 57
25 32
25 33
25 38
25 40
25 41
25 44
25 47
25 49
25 51
25 53
25 57
25 58
25 59
26 28
26 29
26 31
26 32
26 35
26 38
26 40
26 41
26 42
26 47
26 48
26 49
26 50
26 53
26 54
26 55
27 29
27 34
27 36
27 39
27 40
27 41
27 46
27 50
27 59
28 29
28 31
28 32
28 33
28 34
28 35
28 36
28 37
28 43
28 44
28 45
28 49
28 51
28 54
28 57
28 58
28 59
29 32
29 34
29 35
29 37
29 39
29 41
29 43
29 48
29 49
29 50
29 52
29 53
29 55
29 57
29 58
30 31
30 35
30 36
30 37
30 40
30 41
30 44
30 49
30 53
30 54
30 57
31 36
31 40
31 42
31 43
31 50
31 51
31 58
32 39
32 40
32 41
32 44
32 48
32 50
32 53
32 58
32 59
33 37
33 40
33 41
33 44
33 45
33 48
33 49
33 52
33 53
33 55
33 59
34 35
34 36
34 37
34 39
34 42
34 48
34 49
34 51
34 54
34 56
34 57
34 59
35 38
35 39
35 44
35 45
35 46
35 48
35 49
35 52
35 56
35 57
36 37
36 41
36 42
36 43
36 48
36 50
36 55
36 56
36 57
36 58
36 59
37 42
37 45
37 46
37 49
37 50
37 55
37 58
38 39
38 40
38 43
38 45
38 48
38 51
38 52
38 56
38 58
39 44
39 45
39 46
39 47
39 53
39 54
39 56
39 58
40 43
40 47
40 48
40 49
40 55
40 58
40 59
41 43
41 45
41 46
41 47
41 49
41 51
41 53
41 55
41 57
41 58
41 59
42 43
42 46
42 48
42 49
42 51
42 56
42 58
43 46
43 47
43 48
43 50
43 52
43 53
43 55
43 58
44 45
44 46
44 47
44 48
44 49
44 50
44 51
44 53
44 56
44 57
45 48
45 49
45 51
45 53
45 57
46 48
46 49
46 51
46 52
46 53
46 57
46 59
47 53
47 57
47 59
48 49
48 52
48 53
48 54
48 58
49 51
49 53
49 56
50 52
50 53
50 55
50 59
51 54
51 56
51 57
52 57
52 58
52 59
53 56
53 57
54 56
54 57
54 58
55 58
56 57
56 58
35 42 38 11 18 52 41 21 5 2 28 23 50 3 29
56 10 27 12 0 30 44 43 54 59 46 9 55 32 7
45 4 16 33 48 22 58 31 19 14 53 57 24 26 15
51 37 20 17 39 13 6 25 36 1 8 34 47 40 49
