60
165
20
25.85
58.01
18.43
88.2
46.15
38.42
96.41
53.2
88.64
70.11
80.24
31.39
66.27
20.25
36.38
78.74
60.1
21.08
11.6
96.57
0 41
0 45
0 46
0 47
1 2
1 11
1 25
1 35
1 53
2 10
2 16
2 22
2 48
3 10
3 13
3 14
4 24
4 41
4 47
4 56
5 17
5 22
5 23
5 50
5 58
6 40
6 43
6 44
6 46
6 48
6 52
7 25
7 30
7 35
7 39
7 49
8 19
8 26
8 34
8 46
8 49
8 51
8 55
8 58
9 12
9 17
9 44
10 14
10 23
10 31
11 17
11 30
11 52
11 59
12 34
12 48
12 57
13 16
13 32
13 34
13 36
13 38
13 42
14 28
14 37
15 16
15 22
15 34
15 38
16 22
16 47
16 54
16 57
16 59
17 21
17 47
18 46
18 50
18 54
18 59
19 28
19 31
19 40
19 57
20 25
20 30
20 57
21 32
21 42
21 58
22 27
22 28
22 40
22 57
23 24
23 33
23 34
23 38
23 48
23 53
24 34
24 39
24 43
24 49
24 57
25 32
25 37
26 44
27 30
27 35
27 52
27 58
27 59
28 33
28 34
28 42
28 53
30 39
30 55
31 39
31 46
31 48
31 52
32 44
32 48
32 53
32 55
32 56
33 52
33 55
33 58
33 59
34 44
34 54
35 40
35 41
35 50
36 42
36 58
37 46
37 48
38 46
38 53
38 57
38 59
39 43
39 46
39 50
39 53
39 55
39 59
40 56
42 44
42 52
42 53
43 48
43 56
44 53
45 52
45 55
45 58
51 55
51 59
56 57
56 59
58 29 15
35 40 8
17 32 9
23 42 28
16 49 27
21 6 39
11 43 57
14 18 52
50 7 0
54 1 13
37 53 20
10 26 33
51 2 44
34 4 46
38 59 3
36 45 25
22 41 31
12 19 47
30 24 5
55 56 48
