60
887
20
78.28
69.34
45.5
4.9
2.6
26.93
18.36
30.25
39.62
31.8
3.43
30.48
23.69
57.03
66.29
90.37
79.15
29.56
1.99
5.7
0 1
0 2
0 5
0 12
0 15
0 16
0 17
0 22
0 23
0 24
0 27
0 29
0 31
0 33
0 35
0 36
0 37
0 39
0 40
0 41
0 42
0 46
0 54
0 56
0 58
0 59
1 2
1 3
1 4
1 5
1 7
1 8
1 9
1 10
1 12
1 13
1 14
1 16
1 17
1 18
1 19
1 20
1 22
1 27
1 30
1 32
1 34
1 35
1 37
1 39
1 40
1 42
1 43
1 45
1 47
1 48
1 50
1 52
1 54
1 56
1 58
1 59
2 3
2 4
2 5
2 6
2 7
2 8
2 9
2 11
2 12
2 13
2 15
2 16
2 19
2 20
2 21
2 22
2 23
2 29
2 30
2 33
2 37
2 38
2 39
2 40
2 41
2 42
2 44
2 45
2 46
2 47
2 49
2 50
2 53
2 54
2 55
2 59
3 6
3 9
3 12
3 14
3 20
3 22
3 23
3 25
3 26
3 28
3 29
3 31
3 36
3 37
3 39
3 40
3 41
3 42
3 46
3 47
3 49
3 50
3 52
3 53
3 54
3 55
3 58
3 59
4 5
4 6
4 11
4 12
4 13
4 14
4 15
4 18
4 19
4 23
4 26
4 27
4 33
4 34
4 35
4 38
4 39
4 40
4 41
4 42
4 43
4 44
4 45
4 46
4 52
4 53
4 54
4 55
4 59
5 7
5 12
5 14
5 15
5 16
5 17
5 20
5 25
5 26
5 27
5 30
5 32
5 33
5 34
5 35
5 36
5 40
5 43
5 46
5 49
5 50
5 52
5 54
5 55
5 56
5 58
6 7
6 8
6 9
6 10
6 11
6 12
6 13
6 21
6 24
6 26
6 27
6 29
6 31
6 35
6 36
6 37
6 41
6 42
6 44
6 46
6 47
6 48
6 49
6 50
6 51
6 54
6 55
6 56
6 59
7 8
7 9
7 10
7 13
7 14
7 16
7 17
7 18
7 19
7 22
7 23
7 24
7 26
7 27
7 31
7 33
7 34
7 35
7 38
7 40
7 43
7 47
7 48
7 49
7 50
7 53
7 55
7 56
7 58
8 11
8 12
8 13
8 20
8 21
8 23
8 25
8 26
8 29
8 33
8 34
8 35
8 37
8 39
8 40
8 41
8 43
8 44
8 46
8 47
8 50
8 51
8 53
8 55
8 58
8 59
9 11
9 12
9 13
9 15
9 16
9 17
9 19
9 23
9 27
9 29
9 31
9 32
9 34
9 38
9 39
9 40
9 42
9 43
9 47
9 50
9 51
9 52
9 54
9 57
9 58
9 59
10 12
10 13
10 14
10 16
10 17
10 19
10 23
10 24
10 26
10 27
10 28
10 29
10 30
10 31
10 32
10 34
10 36
10 37
10 40
10 43
10 45
10 48
10 49
10 51
10 58
10 59
11 12
11 13
11 16
11 17
11 18
11 19
11 20
11 22
11 25
11 28
11 30
11 35
11 36
11 38
11 39
11 40
11 43
11 44
11 45
11 46
11 51
11 53
11 54
11 56
11 58
12 15
12 16
12 17
12 18
12 19
12 20
12 21
12 22
12 24
12 25
12 37
12 39
12 40
12 41
12 45
12 46
12 47
12 50
12 53
12 55
12 56
12 59
13 16
13 17
13 21
13 23
13 24
13 25
13 29
13 33
13 34
13 35
13 36
13 39
13 40
13 41
13 43
13 45
13 46
13 47
13 48
13 50
13 51
13 54
13 56
14 15
14 16
14 17
14 18
14 21
14 22
14 23
14 26
14 27
14 28
14 30
14 33
14 37
14 39
14 41
14 42
14 43
14 45
14 46
14 48
14 49
14 50
14 51
14 52
14 53
14 57
14 59
15 22
15 23
15 25
15 27
15 28
15 30
15 35
15 36
15 38
15 40
15 44
15 45
15 47
15 48
15 50
15 52
15 55
15 56
15 57
15 58
16 17
16 19
16 20
16 21
16 22
16 26
16 27
16 31
16 32
16 33
16 34
16 38
16 41
16 45
16 47
16 48
16 49
16 50
16 51
16 59
17 21
17 22
17 24
17 26
17 28
17 30
17 35
17 40
17 41
17 42
17 49
17 52
17 53
17 55
17 56
18 22
18 28
18 30
18 32
18 33
18 34
18 35
18 36
18 39
18 40
18 41
18 43
18 44
18 46
18 49
18 51
18 52
18 53
18 54
18 55
18 56
18 58
18 59
19 20
19 26
19 27
19 29
19 33
19 34
19 39
19 42
19 43
19 44
19 48
19 51
19 52
19 57
19 58
19 59
20 22
20 24
20 29
20 32
20 34
20 36
20 38
20 42
20 45
20 47
20 50
20 51
21 22
21 26
21 27
21 30
21 33
21 34
21 35
21 37
21 39
21 43
21 45
21 48
21 49
21 50
21 53
21 54
21 55
21 58
21 59
22 23
22 25
22 28
22 30
22 31
22 33
22 34
22 35
22 36
22 37
22 38
22 42
22 45
22 46
22 48
22 50
22 52
22 54
22 57
23 24
23 25
23 29
23 30
23 32
23 33
23 34
23 35
23 36
23 37
23 40
23 43
23 46
23 47
23 48
23 54
23 58
23 59
24 27
24 29
24 34
24 36
24 39
24 40
24 41
24 43
24 44
24 45
24 48
24 49
24 50
24 51
24 52
24 53
24 56
24 57
24 58
24 59
25 28
25 35
25 36
25 39
25 40
25 42
25 44
25 45
25 47
25 53
25 54
25 55
25 58
26 29
26 30
26 31
26 36
26 37
26 41
26 43
26 44
26 46
26 47
26 51
26 52
26 53
26 54
26 55
27 28
27 29
27 30
27 31
27 32
27 33
27 37
27 38
27 39
27 42
27 43
27 44
27 45
27 47
27 48
27 52
27 58
27 59
28 29
28 30
28 32
28 33
28 34
28 35
28 36
28 38
28 39
28 40
28 41
28 42
28 43
28 44
28 46
28 50
28 51
28 53
28 54
28 55
28 56
28 57
28 59
29 33
29 34
29 38
29 39
29 40
29 41
29 42
29 47
29 48
29 53
29 54
29 56
29 58
29 59
30 31
30 32
30 34
30 36
30 37
30 43
30 44
30 46
30 47
30 48
30 52
30 55
30 59
31 32
31 36
31 41
31 42
31 46
31 47
31 48
31 51
31 54
31 56
31 57
31 59
32 34
32 37
32 38
32 40
32 41
32 43
32 44
32 48
32 49
32 51
32 54
32 57
32 58
32 59
33 34
33 37
33 38
33 40
33 41
33 42
33 46
33 48
33 49
33 51
33 56
33 59
34 36
34 43
34 45
34 50
34 52
34 56
34 58
35 36
35 38
35 42
35 45
35 46
35 49
35 52
35 55
35 57
35 58
36 38
36 42
36 43
36 48
36 49
36 51
36 54
36 58
36 59
37 40
37 41
37 46
37 47
37 50
37 51
37 53
37 54
37 56
37 58
37 59
38 39
38 40
38 45
38 46
38 47
38 48
38 50
38 51
38 52
38 53
38 54
39 41
39 42
39 43
39 44
39 45
39 49
39 50
39 52
39 54
39 57
39 59
40 41
40 42
40 43
40 45
40 47
40 50
40 57
41 43
41 47
41 49
41 51
41 52
41 55
41 57
42 45
42 46
42 47
42 48
42 49
42 50
42 51
42 52
42 53
42 55
42 56
42 59
43 44
43 47
43 50
43 51
43 52
43 54
44 45
44 47
44 49
44 50
44 52
44 53
44 54
44 55
44 57
44 58
44 59
45 48
45 49
45 51
45 52
45 56
45 57
45 58
46 47
46 48
46 49
46 50
46 51
46 52
46 53
46 54
46 57
47 48
47 51
47 54
47 56
47 57
47 58
48 49
48 50
48 51
48 54
48 59
49 50
49 52
49 53
49 54
49 56
49 57
49 59
50 51
50 55
50 56
50 57
50 58
51 52
51 53
51 55
51 59
52 53
52 54
52 57
52 59
53 58
54 55
54 57
54 59
55 57
55 59
57 58
57 59
7 27 26
41 45 42
50 19 9
6 37 35
12 48 11
57 25 16
1 47 23
2 3 56
39 0 28
24 59 18
34 15 36
5 52 30
43 22 20
17 49 10
55 51 8
21 40 53
54 29 38
31 32 14
4 58 33
13 44 46
