60
348
4
40.06
64.31
27.63
65.36
0 5
0 10
0 11
0 14
0 20
0 28
0 30
0 35
0 52
0 55
1 6
1 9
1 19
1 22
1 23
1 25
1 29
1 30
1 31
1 34
1 37
1 39
1 44
2 8
2 10
2 20
2 22
2 24
2 25
2 26
2 30
2 37
2 41
2 46
2 48
2 49
2 51
2 52
2 56
2 59
3 7
3 11
3 15
3 16
3 19
3 22
3 39
3 51
3 52
3 53
4 5
4 23
4 25
4 33
4 37
4 48
4 49
4 51
4 55
4 59
5 10
5 13
5 17
5 22
5 23
5 29
5 34
5 39
5 40
5 51
5 57
6 9
6 13
6 19
6 21
6 23
6 24
6 25
6 26
6 36
6 48
6 49
6 55
6 59
7 12
7 24
7 25
7 27
7 31
7 38
7 40
7 41
7 43
7 49
7 50
7 52
7 59
8 21
8 27
8 28
8 32
8 33
8 49
9 23
9 25
9 32
9 49
9 52
9 53
9 55
9 57
10 20
10 24
10 25
10 26
10 28
10 29
10 31
10 38
10 42
10 55
10 58
11 13
11 18
11 29
11 37
11 40
11 41
11 44
11 47
11 48
11 49
11 55
11 59
12 14
12 15
12 17
12 21
12 22
12 24
12 26
12 32
12 35
12 37
12 38
12 42
12 43
12 48
12 53
12 54
12 58
13 14
13 26
13 34
13 36
13 45
13 50
14 16
14 21
14 24
14 34
14 47
14 48
14 50
14 51
15 26
15 43
15 56
16 28
16 29
16 38
16 45
16 49
16 52
16 53
17 18
17 19
17 25
17 36
17 41
17 47
17 53
17 54
17 57
17 59
18 19
18 24
18 29
18 39
18 47
18 50
19 23
19 28
19 32
19 42
19 46
19 55
19 57
20 26
20 38
20 39
20 40
20 46
21 24
21 27
21 40
21 46
21 47
21 48
21 52
21 54
22 29
22 30
22 33
22 37
22 54
22 55
22 57
22 59
23 28
23 32
23 51
23 58
24 48
24 52
24 56
25 26
25 31
25 35
25 36
25 42
25 43
25 46
25 48
25 49
25 50
25 55
25 57
25 59
26 28
26 31
26 49
26 52
27 31
27 32
27 35
27 36
27 43
27 44
27 57
28 29
28 34
28 38
28 44
28 45
28 58
29 33
29 37
29 44
29 53
29 57
29 59
30 50
30 53
31 43
31 45
31 50
31 57
32 35
32 37
32 42
32 46
32 49
32 50
32 53
33 39
33 48
33 52
33 56
33 57
33 58
34 37
34 39
34 42
34 52
35 37
35 41
35 51
35 52
35 55
36 53
36 55
37 41
37 44
37 59
38 46
38 48
38 55
38 57
38 59
39 44
39 45
39 51
39 54
39 55
39 58
40 45
40 47
40 50
41 49
41 57
41 58
42 45
42 46
42 52
43 50
43 51
43 55
43 56
43 57
44 48
44 54
44 57
45 50
45 57
45 58
45 59
46 49
46 54
46 58
47 48
47 53
48 58
48 59
49 52
49 59
50 52
50 54
50 55
50 57
50 58
51 53
51 55
54 58
54 59
55 56
55 59
56 57
22 53 49 33 56 27 11 0 44 24 45 18 51 17 54 29 12 19
30 34 50 32 59 7 1 28 13 21 23 8 14 5 39 31 36 40
26 25 58 20 4 52 43 46 9 16 6 10 47 55 42 2 35 3
15 37 41 48 38 57
