70
223
10
60.37
62.57
80.18
67.03
36.05
63.1
64.52
66.35
45.83
80.49
0 3
0 5
0 8
0 15
0 34
1 3
1 6
1 9
1 14
1 23
1 34
1 35
1 41
1 55
1 60
2 6
2 29
2 31
2 33
2 40
2 58
3 8
3 25
3 31
3 43
3 45
3 67
4 5
4 8
4 28
4 29
4 50
4 55
4 62
5 18
5 42
5 43
5 49
5 59
5 61
5 62
6 13
6 40
6 48
6 66
7 41
7 46
7 59
7 67
8 12
8 25
8 34
8 35
8 53
8 59
9 30
9 44
9 59
9 60
10 21
10 30
10 43
10 52
10 65
11 15
11 17
11 21
11 30
11 40
11 50
11 55
11 62
11 65
12 13
12 32
12 34
12 52
12 53
12 67
13 38
13 43
13 54
13 58
13 64
14 18
14 23
14 24
14 28
14 34
14 45
14 47
15 30
15 56
15 59
16 24
16 45
16 54
17 20
17 22
17 31
17 37
17 41
17 61
18 33
18 40
18 41
18 45
19 27
19 32
19 35
19 41
19 44
19 45
19 58
20 26
20 38
20 45
20 47
20 53
20 54
21 23
21 36
21 41
21 49
21 60
22 26
22 31
22 37
22 47
22 60
23 45
23 47
23 55
23 57
24 47
24 59
25 34
25 37
25 41
25 44
25 55
26 32
26 49
26 54
26 61
26 69
27 48
27 52
27 53
27 66
28 31
28 34
28 54
28 58
28 62
29 56
30 36
30 38
30 46
30 60
31 36
31 37
31 44
31 45
31 63
32 50
32 53
32 60
32 61
33 52
33 54
34 52
35 37
35 56
35 63
36 40
36 62
36 66
36 69
37 49
37 52
37 66
38 45
39 40
39 43
39 61
39 63
40 42
40 62
40 63
41 59
42 54
42 55
43 45
43 48
43 51
45 53
46 47
47 56
47 58
47 69
48 58
48 60
48 64
48 67
49 50
49 65
50 51
50 56
50 60
52 56
52 57
52 60
52 61
52 65
53 64
53 66
56 64
57 66
58 59
59 65
60 65
61 64
5 55 60 0 27 6 7
64 61 44 17 67 25 53
39 32 50 22 15 9 54
41 28 58 33 62 19 1
46 56 42 35 51 2 47
63 38 10 59 18 30 45
21 37 12 24 4 14 20
13 40 68 48 34 31 11
23 57 52 3 16 43 66
8 49 65 29 26 69 36
