70
973
5
59.85
60.56
26.64
21.49
72.94
0 1
0 3
0 5
0 8
0 13
0 16
0 19
0 23
0 24
0 25
0 26
0 29
0 32
0 35
0 37
0 39
0 47
0 48
0 50
0 53
0 55
0 61
0 65
0 68
0 69
1 16
1 19
1 27
1 31
1 34
1 36
1 37
1 41
1 44
1 45
1 47
1 49
1 50
1 54
1 55
1 58
1 61
2 4
2 5
2 6
2 8
2 10
2 12
2 16
2 17
2 18
2 19
2 22
2 24
2 27
2 34
2 37
2 38
2 39
2 40
2 42
2 46
2 48
2 50
2 51
2 54
2 57
2 58
2 59
2 62
2 64
2 67
2 69
3 4
3 7
3 8
3 9
3 10
3 12
3 17
3 20
3 21
3 22
3 25
3 30
3 32
3 33
3 34
3 36
3 38
3 39
3 42
3 43
3 48
3 52
3 54
3 57
3 58
3 66
3 67
3 69
4 6
4 11
4 12
4 25
4 29
4 35
4 37
4 39
4 41
4 45
4 47
4 48
4 49
4 50
4 52
4 54
4 60
4 61
4 64
4 66
4 67
4 69
5 9
5 13
5 15
5 17
5 18
5 20
5 22
5 29
5 30
5 34
5 37
5 42
5 43
5 44
5 45
5 48
5 49
5 51
5 52
5 53
5 57
5 63
5 66
6 7
6 10
6 11
6 13
6 14
6 17
6 19
6 22
6 25
6 27
6 33
6 37
6 38
6 41
6 42
6 43
6 44
6 47
6 48
6 51
6 56
6 57
6 59
6 61
6 63
6 66
7 16
7 17
7 21
7 24
7 27
7 29
7 30
7 31
7 33
7 37
7 42
7 48
7 49
7 50
7 52
7 53
7 54
7 55
7 56
7 57
7 60
7 62
7 63
8 10
8 11
8 14
8 15
8 17
8 19
8 21
8 23
8 24
8 27
8 28
8 29
8 32
8 34
8 35
8 36
8 37
8 38
8 39
8 41
8 42
8 46
8 47
8 49
8 57
8 60
8 63
8 65
8 66
8 67
9 10
9 20
9 21
9 24
9 25
9 27
9 29
9 30
9 32
9 36
9 39
9 41
9 45
9 48
9 49
9 50
9 54
9 55
9 57
9 58
9 59
9 61
10 11
10 12
10 13
10 14
10 16
10 17
10 19
10 20
10 21
10 23
10 27
10 28
10 29
10 31
10 34
10 38
10 41
10 42
10 45
10 49
10 51
10 52
10 55
10 56
10 57
10 58
10 59
10 60
10 61
10 63
10 65
10 66
10 69
11 13
11 17
11 19
11 20
11 26
11 28
11 29
11 33
11 34
11 37
11 38
11 39
11 41
11 43
11 44
11 47
11 51
11 54
11 57
11 60
11 61
11 62
11 64
11 65
11 67
12 13
12 15
12 16
12 17
12 22
12 23
12 25
12 26
12 27
12 28
12 29
12 30
12 32
12 33
12 36
12 37
12 43
12 44
12 47
12 49
12 52
12 53
12 55
12 56
12 57
12 60
12 62
12 64
12 66
12 68
12 69
13 15
13 18
13 19
13 20
13 27
13 28
13 30
13 31
13 35
13 39
13 45
13 46
13 47
13 48
13 54
13 60
13 65
13 67
13 69
14 16
14 17
14 19
14 21
14 24
14 25
14 26
14 27
14 28
14 29
14 30
14 31
14 32
14 34
14 35
14 36
14 37
14 38
14 42
14 48
14 50
14 55
14 56
14 57
14 58
14 60
14 61
14 62
14 67
15 18
15 19
15 23
15 26
15 29
15 30
15 35
15 36
15 37
15 39
15 40
15 42
15 43
15 44
15 45
15 46
15 47
15 50
15 52
15 57
15 59
15 60
15 62
15 63
15 64
15 65
15 67
15 68
16 17
16 19
16 22
16 25
16 30
16 32
16 33
16 36
16 37
16 38
16 42
16 43
16 50
16 52
16 53
16 58
16 62
16 67
17 19
17 20
17 22
17 24
17 25
17 28
17 29
17 34
17 36
17 39
17 43
17 45
17 48
17 49
17 50
17 53
17 54
17 55
17 56
17 57
17 60
17 64
17 68
18 19
18 20
18 24
18 30
18 34
18 35
18 38
18 39
18 40
18 42
18 49
18 53
18 58
18 59
18 60
18 62
18 64
18 66
18 68
19 24
19 25
19 26
19 31
19 32
19 34
19 39
19 40
19 42
19 43
19 46
19 48
19 50
19 51
19 52
19 54
19 57
19 58
19 61
19 62
19 64
19 66
19 68
19 69
20 23
20 25
20 27
20 28
20 30
20 31
20 38
20 40
20 42
20 44
20 54
20 57
20 58
20 61
20 63
20 64
21 23
21 25
21 26
21 30
21 31
21 32
21 35
21 37
21 39
21 40
21 42
21 47
21 49
21 51
21 54
21 55
21 61
21 63
21 66
21 69
22 26
22 28
22 29
22 32
22 33
22 34
22 35
22 36
22 44
22 45
22 46
22 53
22 55
22 59
22 60
22 66
23 24
23 25
23 27
23 29
23 35
23 39
23 41
23 45
23 47
23 49
23 52
23 53
23 55
23 56
23 60
23 61
23 62
23 69
24 27
24 29
24 31
24 32
24 33
24 35
24 37
24 44
24 45
24 49
24 50
24 54
24 55
24 56
24 57
24 60
24 62
24 63
24 66
24 67
24 68
25 27
25 29
25 30
25 31
25 36
25 39
25 41
25 42
25 43
25 44
25 47
25 48
25 50
25 54
25 55
25 56
25 58
25 63
25 67
25 68
26 30
26 33
26 36
26 37
26 38
26 40
26 42
26 44
26 48
26 49
26 53
26 54
26 56
26 57
26 59
26 63
26 64
27 30
27 37
27 42
27 50
27 51
27 55
27 56
27 58
27 60
27 62
27 66
27 67
27 68
27 69
28 29
28 31
28 33
28 41
28 43
28 44
28 47
28 51
28 53
28 57
28 61
28 65
28 66
29 30
29 31
29 33
29 35
29 38
29 49
29 53
29 61
29 66
29 69
30 31
30 35
30 36
30 37
30 39
30 44
30 45
30 46
30 52
30 61
30 62
30 63
30 67
30 68
31 33
31 34
31 36
31 38
31 42
31 44
31 46
31 47
31 49
31 50
31 53
31 61
31 62
31 63
31 65
31 67
31 69
32 33
32 37
32 39
32 40
32 44
32 45
32 46
32 49
32 50
32 56
32 57
32 62
32 64
33 39
33 47
33 48
33 52
33 54
33 56
33 62
33 66
33 67
34 39
34 44
34 45
34 46
34 53
34 54
34 56
34 57
34 60
35 36
35 38
35 39
35 40
35 41
35 44
35 47
35 56
35 61
35 62
35 67
36 44
36 47
36 48
36 51
36 54
36 55
36 57
36 62
36 69
37 39
37 42
37 43
37 47
37 48
37 54
37 55
37 56
37 57
37 60
37 66
37 67
37 68
37 69
38 40
38 42
38 44
38 50
38 51
38 52
38 55
38 58
38 63
38 64
38 66
38 67
38 69
39 43
39 45
39 46
39 49
39 50
39 52
39 57
39 59
39 64
39 65
40 43
40 46
40 47
40 48
40 50
40 52
40 53
40 54
40 55
40 63
41 42
41 44
41 47
41 48
41 49
41 52
41 53
41 54
41 59
41 61
41 62
41 67
41 68
42 43
42 45
42 47
42 52
42 53
42 56
42 57
42 60
42 62
42 63
42 66
43 45
43 47
43 48
43 50
43 51
43 52
43 55
43 57
43 60
43 61
43 66
43 67
43 69
44 47
44 52
44 55
44 58
44 60
44 65
44 67
44 68
44 69
45 48
45 54
45 55
45 57
45 62
45 63
45 68
45 69
46 48
46 49
46 50
46 51
46 54
46 56
46 58
46 60
46 61
46 62
46 64
46 66
46 67
46 68
46 69
47 48
47 51
47 52
47 54
47 57
47 59
47 61
47 63
47 65
47 68
48 52
48 54
48 57
48 59
48 60
48 64
48 65
48 66
48 67
48 68
48 69
49 50
49 51
49 54
49 56
49 58
49 59
49 62
49 63
49 65
49 67
49 68
50 52
50 53
50 56
50 61
50 62
50 65
50 66
50 67
50 68
50 69
51 52
51 62
51 66
51 68
52 53
52 54
52 57
52 62
52 63
52 65
52 66
52 68
53 56
53 57
53 64
53 65
53 68
54 58
54 63
54 66
55 60
55 64
55 65
55 66
55 69
56 58
56 60
56 61
56 64
56 67
57 58
57 59
57 60
57 61
57 62
57 64
57 69
58 60
58 61
58 62
58 64
58 66
59 60
59 61
59 62
59 66
59 67
59 68
60 61
60 62
60 63
60 64
60 65
60 67
60 68
61 64
61 66
61 67
61 69
62 63
62 64
62 67
62 68
62 69
63 65
63 69
64 65
64 66
64 69
65 67
67 68
68 69
11 45 47 55 57 6 54 48 44 19 22 21 61 51 35 17 29
50 66 56 20 25 53 26 46 59 4 9 32 3 49 33 41 69
2 34 65 28 5 38 27 23 24 67 42 10 15 36 16 62 52
37 68 13 31 7 60 39 64 8 12 1 14 30 0 43 58 18
63 40
