70
718
4
96.59
84.1
32.6
65.01
0 1
0 9
0 11
0 14
0 16
0 19
0 20
0 25
0 27
0 34
0 35
0 36
0 37
0 48
0 52
0 54
0 55
0 56
0 59
0 63
0 67
1 4
1 8
1 19
1 23
1 24
1 26
1 31
1 32
1 34
1 41
1 45
1 51
1 57
1 59
1 60
1 63
1 65
1 68
2 6
2 16
2 17
2 18
2 32
2 33
2 34
2 35
2 45
2 55
2 57
2 60
2 63
3 6
3 10
3 14
3 16
3 18
3 20
3 26
3 29
3 31
3 32
3 38
3 40
3 41
3 43
3 44
3 45
3 49
3 50
3 51
3 56
3 58
3 63
3 64
3 65
3 68
4 9
4 11
4 21
4 22
4 26
4 27
4 37
4 43
4 46
4 47
4 49
4 52
4 56
4 57
4 58
4 61
4 62
4 65
4 66
4 68
5 6
5 7
5 9
5 10
5 11
5 12
5 15
5 16
5 19
5 26
5 28
5 29
5 32
5 35
5 40
5 41
5 43
5 44
5 48
5 51
5 54
5 68
6 14
6 17
6 18
6 19
6 20
6 21
6 22
6 23
6 27
6 30
6 33
6 37
6 39
6 40
6 44
6 46
6 50
6 55
6 57
6 58
6 61
6 64
6 67
7 10
7 11
7 15
7 19
7 22
7 28
7 31
7 33
7 34
7 39
7 49
7 50
7 55
7 69
8 9
8 10
8 11
8 13
8 23
8 30
8 31
8 32
8 33
8 43
8 44
8 47
8 50
8 52
8 55
8 62
8 64
8 67
9 17
9 22
9 24
9 25
9 28
9 31
9 32
9 35
9 40
9 41
9 44
9 46
9 49
9 53
9 61
9 67
9 69
10 14
10 15
10 20
10 21
10 23
10 26
10 27
10 28
10 31
10 37
10 39
10 40
10 45
10 62
10 63
10 67
11 12
11 18
11 19
11 22
11 23
11 26
11 27
11 29
11 35
11 38
11 39
11 44
11 46
11 48
11 49
11 50
11 52
11 58
11 59
11 60
11 65
11 67
12 19
12 24
12 28
12 29
12 33
12 34
12 37
12 43
12 44
12 45
12 47
12 48
12 53
12 56
12 57
12 58
12 68
12 69
13 16
13 18
13 28
13 30
13 33
13 35
13 38
13 43
13 45
13 49
13 51
13 61
14 17
14 18
14 22
14 30
14 33
14 34
14 35
14 36
14 45
14 54
14 60
14 69
15 17
15 18
15 23
15 28
15 31
15 34
15 41
15 46
15 49
15 52
15 55
15 58
15 63
15 66
15 67
16 17
16 19
16 25
16 27
16 33
16 37
16 38
16 42
16 43
16 52
16 53
16 54
16 59
16 61
16 66
16 68
17 22
17 25
17 26
17 30
17 33
17 41
17 44
17 51
17 56
17 64
17 65
17 68
18 20
18 25
18 30
18 33
18 37
18 38
18 39
18 40
18 48
18 52
18 58
18 59
18 60
18 61
18 64
18 65
18 69
19 21
19 26
19 29
19 30
19 35
19 41
19 44
19 46
19 50
19 51
19 52
19 54
19 55
19 59
19 64
19 66
20 22
20 25
20 28
20 32
20 37
20 44
20 45
20 51
20 52
20 53
20 56
20 61
20 63
20 64
20 69
21 29
21 38
21 39
21 43
21 47
21 50
21 53
21 54
21 55
21 65
22 24
22 27
22 28
22 33
22 35
22 36
22 38
22 41
22 44
22 45
22 47
22 53
22 55
22 56
22 59
22 62
22 67
23 25
23 27
23 29
23 30
23 35
23 37
23 39
23 52
23 54
23 56
23 66
23 67
23 68
23 69
24 34
24 38
24 48
24 51
24 62
24 66
25 28
25 32
25 35
25 36
25 41
25 46
25 49
25 51
25 52
25 53
25 55
25 58
25 59
25 64
25 65
25 69
26 30
26 31
26 33
26 37
26 40
26 41
26 43
26 46
26 48
26 50
26 57
26 58
26 61
26 63
27 31
27 35
27 36
27 43
27 44
27 46
27 54
27 55
27 56
27 58
27 59
27 65
27 69
28 30
28 33
28 36
28 38
28 39
28 40
28 41
28 42
28 47
28 50
28 52
28 53
28 60
28 62
28 64
28 65
28 66
28 69
29 45
29 47
29 49
29 63
29 65
29 69
30 33
30 37
30 43
30 47
30 54
30 59
30 60
30 67
30 69
31 33
31 35
31 36
31 42
31 45
31 47
31 48
31 49
31 51
31 54
31 55
31 58
31 62
31 64
31 67
31 69
32 34
32 39
32 41
32 45
32 48
32 49
32 52
32 53
32 54
32 56
32 57
32 59
32 65
32 68
32 69
33 35
33 36
33 39
33 42
33 43
33 45
33 46
33 47
33 48
33 50
33 60
33 61
34 44
34 55
34 58
34 60
34 63
34 66
34 67
35 38
35 46
35 47
35 53
35 54
35 56
35 62
35 64
35 68
36 37
36 41
36 44
36 45
36 46
36 48
36 54
36 59
36 62
36 68
36 69
37 38
37 47
37 56
37 60
37 62
37 67
38 41
38 42
38 50
38 53
38 58
38 59
38 62
38 63
38 64
38 65
39 41
39 43
39 46
39 54
39 55
39 59
39 64
40 44
40 49
40 54
40 58
40 59
40 60
40 61
40 65
41 43
41 45
41 46
41 47
41 53
41 56
41 57
41 61
41 64
41 69
42 44
42 45
42 50
42 51
42 53
42 56
42 57
42 59
42 61
42 63
42 65
42 67
43 44
43 49
43 52
43 56
43 69
44 46
44 48
44 49
44 51
44 54
44 56
44 57
44 58
44 61
44 62
44 65
44 66
44 68
44 69
45 47
45 50
45 52
45 54
45 56
45 58
45 62
45 63
46 47
46 49
46 50
46 55
46 59
46 63
46 64
46 67
47 48
47 52
47 53
47 57
47 59
47 60
47 68
48 50
48 54
48 55
48 61
48 62
48 66
49 50
49 58
49 61
49 62
50 51
50 52
50 58
50 67
51 57
51 60
51 68
52 53
52 54
52 58
52 63
52 65
52 66
53 55
53 57
53 58
53 67
53 69
54 56
54 57
54 58
54 59
54 61
54 62
54 64
55 57
55 61
55 62
55 67
55 68
56 60
56 62
56 69
57 59
57 60
57 64
57 65
57 66
57 67
58 61
58 62
58 63
58 64
59 61
59 62
59 63
59 69
60 62
60 63
60 66
61 63
61 65
62 67
62 69
63 65
66 68
66 69
68 69
30 4 27 25 23 66 68 59 39 50 48 16 46 7 55 31 18 40 12 61 49
9 63 1 52 13 60 62 29 38 19 34 42 36 37 14 10 41 22 32 17 57
35 0 51 67 45 64 2 24 54 15 65 44 69 21 8 11 6 28 47 20 5
3 43 33 26 58 56 53
