80
1257
5
74.54
76.46
78.58
14.81
91.24
0 2
0 3
0 4
0 6
0 12
0 13
0 15
0 18
0 20
0 22
0 23
0 27
0 28
0 30
0 35
0 39
0 40
0 41
0 45
0 46
0 47
0 49
0 52
0 53
0 56
0 58
0 60
0 62
0 67
0 68
0 70
0 74
0 75
0 76
0 78
1 6
1 7
1 8
1 9
1 10
1 13
1 14
1 15
1 16
1 17
1 19
1 20
1 22
1 23
1 24
1 26
1 29
1 32
1 35
1 38
1 39
1 45
1 46
1 48
1 53
1 57
1 60
1 62
1 66
1 67
1 68
1 69
1 72
1 74
2 4
2 5
2 8
2 11
2 12
2 15
2 19
2 25
2 26
2 28
2 32
2 33
2 36
2 38
2 42
2 44
2 47
2 48
2 49
2 50
2 51
2 52
2 56
2 59
2 63
2 65
2 66
2 67
2 69
2 74
3 10
3 11
3 13
3 17
3 18
3 20
3 22
3 23
3 26
3 27
3 28
3 29
3 39
3 40
3 42
3 44
3 45
3 47
3 48
3 51
3 52
3 54
3 55
3 56
3 57
3 62
3 65
3 69
3 70
3 72
3 73
3 75
4 5
4 11
4 13
4 14
4 15
4 21
4 22
4 23
4 25
4 27
4 28
4 29
4 31
4 32
4 33
4 34
4 37
4 40
4 45
4 48
4 50
4 51
4 55
4 61
4 64
4 65
4 67
4 70
4 76
4 78
5 6
5 7
5 8
5 11
5 13
5 14
5 15
5 18
5 19
5 22
5 25
5 26
5 36
5 41
5 46
5 49
5 51
5 55
5 59
5 60
5 62
5 64
5 66
5 67
5 70
5 74
5 76
5 77
5 78
6 7
6 9
6 10
6 11
6 16
6 21
6 23
6 25
6 26
6 27
6 29
6 34
6 38
6 40
6 41
6 44
6 50
6 51
6 57
6 58
6 61
6 62
6 63
6 64
6 68
6 69
6 71
6 72
6 77
7 9
7 12
7 18
7 23
7 25
7 28
7 29
7 30
7 34
7 36
7 39
7 41
7 42
7 46
7 48
7 51
7 53
7 54
7 55
7 57
7 59
7 64
7 66
7 67
7 71
7 76
8 10
8 13
8 18
8 20
8 21
8 22
8 25
8 27
8 29
8 31
8 32
8 33
8 34
8 35
8 36
8 38
8 42
8 43
8 44
8 45
8 47
8 48
8 51
8 54
8 56
8 62
8 63
8 64
8 65
8 66
8 68
8 70
8 72
8 73
8 74
8 77
8 78
8 79
9 16
9 17
9 18
9 19
9 20
9 22
9 25
9 27
9 28
9 29
9 33
9 35
9 37
9 41
9 42
9 48
9 49
9 50
9 53
9 58
9 59
9 60
9 63
9 67
9 71
9 72
9 73
9 74
9 77
9 78
9 79
10 12
10 17
10 18
10 19
10 22
10 24
10 25
10 37
10 40
10 43
10 44
10 46
10 48
10 49
10 50
10 53
10 55
10 56
10 58
10 61
10 70
10 71
10 73
10 74
10 78
10 79
11 14
11 15
11 18
11 21
11 22
11 23
11 24
11 25
11 28
11 29
11 30
11 32
11 34
11 35
11 36
11 37
11 39
11 40
11 41
11 50
11 51
11 52
11 54
11 55
11 59
11 60
11 61
11 70
11 71
11 75
11 78
12 14
12 15
12 17
12 18
12 21
12 22
12 23
12 25
12 26
12 30
12 32
12 35
12 37
12 38
12 40
12 41
12 43
12 45
12 47
12 51
12 63
12 68
12 71
12 74
12 75
12 78
12 79
13 14
13 17
13 22
13 24
13 27
13 32
13 33
13 36
13 40
13 44
13 45
13 46
13 50
13 54
13 56
13 58
13 59
13 60
13 65
13 67
13 75
13 76
14 16
14 17
14 18
14 23
14 26
14 35
14 37
14 38
14 39
14 47
14 48
14 49
14 50
14 51
14 52
14 53
14 54
14 58
14 65
14 68
14 70
14 74
14 76
14 78
14 79
15 17
15 19
15 20
15 26
15 39
15 45
15 46
15 47
15 49
15 52
15 53
15 54
15 57
15 62
15 64
15 68
15 75
16 18
16 21
16 22
16 24
16 32
16 43
16 44
16 45
16 48
16 52
16 53
16 55
16 57
16 64
16 65
16 67
16 73
16 76
17 23
17 25
17 28
17 29
17 30
17 33
17 36
17 38
17 45
17 48
17 49
17 51
17 54
17 55
17 58
17 60
17 61
17 63
17 64
17 73
18 25
18 27
18 28
18 34
18 35
18 37
18 38
18 40
18 41
18 43
18 45
18 46
18 58
18 61
18 63
18 65
18 67
18 68
18 71
18 72
18 75
18 76
18 77
18 78
18 79
19 20
19 22
19 25
19 26
19 27
19 36
19 37
19 38
19 41
19 43
19 45
19 47
19 48
19 49
19 52
19 54
19 56
19 60
19 61
19 64
19 65
19 68
19 71
19 72
19 73
19 76
20 21
20 22
20 23
20 25
20 26
20 28
20 32
20 33
20 34
20 43
20 44
20 45
20 48
20 49
20 51
20 52
20 57
20 60
20 62
20 70
20 71
20 72
20 73
20 79
21 23
21 25
21 35
21 39
21 47
21 48
21 51
21 52
21 54
21 60
21 61
21 62
21 63
21 70
21 71
21 72
21 73
21 79
22 27
22 28
22 34
22 36
22 39
22 40
22 45
22 48
22 50
22 51
22 53
22 56
22 62
22 63
22 65
22 70
22 73
22 76
22 77
22 79
23 25
23 30
23 32
23 33
23 35
23 36
23 39
23 40
23 43
23 44
23 45
23 47
23 51
23 54
23 55
23 56
23 57
23 58
23 62
23 64
23 69
23 73
23 74
23 78
23 79
24 27
24 28
24 29
24 30
24 31
24 33
24 34
24 35
24 39
24 40
24 41
24 42
24 44
24 49
24 50
24 54
24 55
24 58
24 59
24 62
24 63
24 65
24 67
24 68
24 72
24 73
24 76
24 77
25 28
25 30
25 33
25 35
25 36
25 37
25 41
25 42
25 44
25 46
25 47
25 52
25 56
25 61
25 62
25 65
25 66
25 68
25 71
25 75
25 76
25 78
26 29
26 30
26 34
26 40
26 42
26 43
26 44
26 46
26 49
26 51
26 56
26 57
26 58
26 59
26 60
26 61
26 72
26 73
26 74
26 79
27 31
27 32
27 34
27 39
27 40
27 41
27 44
27 46
27 48
27 50
27 54
27 58
27 59
27 60
27 61
27 65
27 66
27 67
27 68
27 69
27 70
27 72
27 74
27 75
28 29
28 34
28 35
28 42
28 52
28 53
28 56
28 59
28 60
28 64
28 67
28 73
28 75
29 30
29 33
29 35
29 41
29 43
29 44
29 50
29 51
29 52
29 54
29 58
29 61
29 62
29 65
29 66
29 67
29 69
29 71
29 72
29 76
29 78
29 79
30 31
30 37
30 39
30 42
30 44
30 46
30 48
30 54
30 57
30 58
30 59
30 61
30 65
30 66
30 67
30 68
30 71
30 78
31 32
31 33
31 34
31 35
31 36
31 44
31 45
31 46
31 49
31 51
31 53
31 63
31 64
31 65
31 66
31 67
31 69
31 70
31 73
31 77
31 79
32 34
32 35
32 36
32 43
32 44
32 46
32 47
32 48
32 51
32 55
32 58
32 61
32 63
32 67
32 68
32 72
32 73
32 76
33 34
33 38
33 39
33 41
33 42
33 43
33 48
33 55
33 57
33 58
33 60
33 61
33 63
33 65
33 66
33 67
33 68
33 70
33 71
33 72
33 74
33 75
33 76
33 78
34 36
34 37
34 38
34 41
34 42
34 45
34 46
34 47
34 50
34 52
34 54
34 55
34 56
34 64
34 66
34 71
34 73
34 74
34 76
34 78
34 79
35 37
35 41
35 42
35 46
35 48
35 49
35 54
35 55
35 56
35 58
35 60
35 61
35 63
35 67
35 74
35 75
35 79
36 37
36 40
36 41
36 46
36 51
36 54
36 55
36 58
36 59
36 62
36 63
36 69
36 70
36 74
36 76
36 77
37 39
37 42
37 44
37 49
37 50
37 53
37 54
37 58
37 64
37 68
37 71
37 72
37 74
37 76
37 77
37 79
38 40
38 41
38 49
38 55
38 59
38 60
38 65
38 66
38 68
38 69
38 70
38 73
38 74
38 77
39 40
39 44
39 45
39 46
39 48
39 54
39 56
39 59
39 61
39 63
39 65
39 68
39 69
39 76
40 43
40 47
40 54
40 55
40 57
40 58
40 60
40 65
40 67
40 71
40 73
40 75
40 79
41 43
41 48
41 50
41 51
41 52
41 53
41 54
41 56
41 60
41 61
41 63
41 67
41 71
41 77
42 43
42 46
42 51
42 52
42 53
42 55
42 56
42 59
42 62
42 63
42 64
42 65
42 68
42 72
42 73
42 74
42 75
42 76
43 44
43 45
43 46
43 47
43 50
43 53
43 54
43 56
43 57
43 60
43 62
43 65
43 66
43 69
43 70
43 71
43 74
43 76
44 46
44 48
44 50
44 52
44 54
44 58
44 63
44 64
44 67
44 69
44 74
44 76
44 78
45 46
45 47
45 48
45 52
45 60
45 61
45 69
45 70
45 71
45 72
45 74
45 75
45 76
45 78
46 55
46 56
46 59
46 60
46 69
46 71
46 73
46 75
46 77
46 79
47 48
47 52
47 53
47 57
47 58
47 64
47 67
47 70
47 74
47 75
47 76
47 77
47 78
47 79
48 50
48 54
48 55
48 56
48 58
48 61
48 62
48 64
48 66
48 70
48 71
48 74
48 79
49 52
49 53
49 56
49 59
49 62
49 63
49 64
49 68
49 71
49 72
49 74
49 79
50 51
50 53
50 56
50 58
50 59
50 62
50 63
50 65
50 67
50 68
50 69
50 70
50 71
50 73
50 75
50 76
50 79
51 55
51 57
51 63
51 72
51 73
51 77
51 79
52 54
52 56
52 57
52 59
52 60
52 62
52 68
52 71
52 74
52 75
52 77
53 54
53 57
53 59
53 61
53 66
53 67
53 71
53 73
53 75
53 77
54 55
54 56
54 58
54 59
54 61
54 66
54 68
54 69
54 70
54 73
54 74
54 76
54 78
54 79
55 56
55 57
55 59
55 62
55 63
55 64
55 71
55 74
55 75
55 76
56 58
56 60
56 65
56 66
56 69
56 70
56 71
56 73
56 74
56 78
57 58
57 60
57 61
57 62
57 65
57 66
57 67
57 68
57 69
57 71
57 73
57 75
57 77
57 78
58 60
58 61
58 62
58 67
58 68
58 71
58 74
58 75
58 77
58 78
59 62
59 63
59 66
59 68
59 69
59 70
59 71
59 72
59 74
59 75
59 76
60 62
60 67
60 72
60 73
60 74
60 75
60 76
61 62
61 64
61 69
61 73
61 75
61 77
61 78
62 66
62 72
62 74
62 79
63 68
63 70
63 72
63 73
63 76
63 77
63 78
64 67
64 69
64 70
65 66
65 67
65 69
65 71
65 75
65 77
66 71
66 74
66 76
66 77
67 70
67 75
67 79
68 71
68 78
69 70
69 71
70 71
70 74
70 78
71 72
71 78
72 73
73 77
73 79
74 77
74 78
75 78
77 79
78 79
53 15 9 45 13 34 39 28 65 8 35 47 77 74 23 17
20 48 18 27 54 56 33 67 62 38 49 73 52 51 78 70
7 44 66 72 26 60 59 58 19 11 37 57 79 36 29 5
42 3 43 14 12 55 63 22 61 50 16 71 46 10 32 4
41 75 6 0 24 30 76 31 68 1 64 2 21 25 69 40
