80
1584
20
44.8
64.58
76.33
90.55
85.95
93.63
14.32
75.81
50.16
7.58
99.72
63.78
56.31
81.21
37.84
72.34
3.02
92.02
84.73
53.03
0 2
0 6
0 12
0 14
0 15
0 16
0 17
0 18
0 19
0 20
0 21
0 24
0 26
0 29
0 31
0 32
0 33
0 35
0 36
0 37
0 39
0 41
0 42
0 44
0 48
0 50
0 53
0 55
0 58
0 63
0 66
0 67
0 68
0 73
0 74
0 75
0 79
1 4
1 6
1 7
1 8
1 12
1 14
1 15
1 16
1 17
1 22
1 23
1 29
1 33
1 34
1 35
1 40
1 41
1 43
1 44
1 45
1 46
1 49
1 50
1 53
1 54
1 55
1 56
1 58
1 61
1 62
1 67
1 71
1 75
1 78
2 6
2 7
2 8
2 10
2 11
2 12
2 15
2 17
2 19
2 20
2 21
2 23
2 24
2 26
2 32
2 35
2 40
2 42
2 45
2 51
2 52
2 53
2 54
2 55
2 57
2 59
2 60
2 62
2 63
2 64
2 67
2 68
2 69
2 71
2 72
2 73
2 75
2 78
2 79
3 4
3 7
3 8
3 9
3 11
3 12
3 14
3 15
3 16
3 19
3 22
3 24
3 25
3 29
3 31
3 35
3 37
3 40
3 43
3 44
3 48
3 49
3 50
3 52
3 53
3 57
3 59
3 61
3 62
3 63
3 65
3 68
3 70
3 73
3 75
3 77
3 78
3 79
4 5
4 7
4 10
4 11
4 12
4 14
4 16
4 19
4 20
4 21
4 23
4 24
4 25
4 28
4 29
4 32
4 34
4 35
4 36
4 38
4 39
4 41
4 46
4 47
4 48
4 49
4 52
4 54
4 56
4 57
4 59
4 60
4 62
4 68
4 70
4 71
4 75
4 76
4 77
4 78
5 6
5 7
5 8
5 9
5 12
5 13
5 17
5 18
5 19
5 20
5 21
5 24
5 27
5 32
5 35
5 38
5 39
5 41
5 42
5 45
5 47
5 53
5 55
5 56
5 58
5 63
5 65
5 66
5 67
5 70
5 71
5 72
5 73
5 74
5 76
5 77
5 78
6 9
6 14
6 16
6 19
6 20
6 21
6 23
6 24
6 25
6 27
6 32
6 38
6 40
6 42
6 43
6 44
6 45
6 47
6 48
6 52
6 53
6 54
6 55
6 58
6 65
6 68
6 69
6 70
6 77
6 79
7 11
7 13
7 14
7 15
7 19
7 20
7 28
7 32
7 34
7 36
7 37
7 38
7 40
7 42
7 43
7 44
7 45
7 46
7 47
7 48
7 49
7 51
7 53
7 55
7 56
7 61
7 63
7 66
7 68
7 72
7 76
8 10
8 11
8 12
8 13
8 14
8 15
8 16
8 18
8 19
8 22
8 24
8 26
8 28
8 30
8 31
8 34
8 36
8 38
8 44
8 45
8 51
8 52
8 54
8 55
8 57
8 58
8 59
8 61
8 62
8 63
8 65
8 69
8 71
8 74
8 75
8 77
8 78
9 10
9 11
9 17
9 18
9 20
9 21
9 23
9 24
9 25
9 27
9 28
9 31
9 32
9 33
9 34
9 35
9 36
9 37
9 41
9 44
9 45
9 46
9 49
9 50
9 52
9 53
9 57
9 59
9 61
9 62
9 63
9 64
9 65
9 66
9 69
9 71
9 72
9 73
9 74
9 75
9 78
9 79
10 12
10 13
10 14
10 15
10 16
10 20
10 21
10 25
10 27
10 29
10 33
10 34
10 35
10 36
10 41
10 42
10 44
10 46
10 47
10 49
10 51
10 53
10 54
10 55
10 56
10 57
10 58
10 59
10 60
10 61
10 72
10 73
10 75
10 76
10 79
11 12
11 13
11 15
11 16
11 17
11 19
11 21
11 22
11 23
11 24
11 26
11 27
11 30
11 33
11 34
11 35
11 36
11 38
11 40
11 41
11 46
11 48
11 49
11 50
11 51
11 53
11 55
11 56
11 58
11 61
11 63
11 67
11 68
11 69
11 70
11 72
11 74
11 75
11 76
12 17
12 18
12 19
12 21
12 22
12 25
12 26
12 27
12 28
12 29
12 30
12 31
12 34
12 37
12 39
12 41
12 44
12 46
12 50
12 51
12 52
12 54
12 55
12 56
12 57
12 59
12 60
12 61
12 62
12 63
12 65
12 66
12 69
12 70
12 75
12 76
12 77
12 79
13 17
13 20
13 21
13 22
13 23
13 24
13 25
13 26
13 27
13 28
13 29
13 30
13 31
13 32
13 36
13 37
13 38
13 41
13 42
13 43
13 48
13 51
13 53
13 55
13 56
13 57
13 58
13 59
13 60
13 61
13 62
13 64
13 66
13 67
13 68
13 72
13 76
13 77
13 79
14 15
14 16
14 17
14 19
14 20
14 22
14 23
14 24
14 26
14 27
14 28
14 29
14 31
14 35
14 40
14 42
14 46
14 51
14 52
14 55
14 61
14 62
14 65
14 66
14 69
14 71
14 72
14 74
14 75
14 76
14 79
15 16
15 18
15 20
15 21
15 22
15 23
15 24
15 26
15 28
15 29
15 30
15 31
15 32
15 33
15 36
15 39
15 40
15 42
15 44
15 45
15 50
15 52
15 53
15 54
15 55
15 58
15 60
15 61
15 62
15 64
15 67
15 74
15 75
15 77
16 18
16 19
16 20
16 21
16 23
16 28
16 29
16 31
16 34
16 37
16 38
16 39
16 40
16 44
16 45
16 47
16 49
16 51
16 52
16 54
16 55
16 56
16 57
16 58
16 59
16 60
16 61
16 62
16 64
16 65
16 70
16 71
16 72
16 74
16 76
16 77
16 78
16 79
17 19
17 20
17 22
17 23
17 24
17 25
17 27
17 28
17 31
17 32
17 34
17 35
17 36
17 37
17 40
17 41
17 42
17 45
17 49
17 50
17 51
17 53
17 56
17 57
17 58
17 59
17 60
17 61
17 62
17 63
17 65
17 66
17 67
17 68
17 71
17 73
17 75
17 78
17 79
18 19
18 21
18 23
18 25
18 28
18 29
18 30
18 34
18 36
18 37
18 38
18 39
18 41
18 44
18 49
18 51
18 53
18 54
18 55
18 56
18 57
18 59
18 65
18 66
18 67
18 69
18 71
18 76
18 78
18 79
19 22
19 24
19 26
19 27
19 28
19 29
19 32
19 34
19 35
19 40
19 41
19 42
19 45
19 47
19 49
19 50
19 51
19 52
19 53
19 54
19 55
19 57
19 60
19 61
19 63
19 64
19 67
19 68
19 70
19 71
19 73
19 75
19 77
19 79
20 21
20 22
20 24
20 25
20 28
20 29
20 31
20 33
20 34
20 36
20 38
20 41
20 43
20 44
20 45
20 46
20 49
20 51
20 52
20 53
20 55
20 56
20 57
20 58
20 59
20 61
20 62
20 64
20 68
20 70
20 73
20 75
20 76
20 79
21 22
21 24
21 25
21 28
21 29
21 30
21 32
21 33
21 34
21 37
21 40
21 41
21 43
21 44
21 45
21 47
21 48
21 49
21 51
21 54
21 55
21 58
21 59
21 61
21 62
21 63
21 64
21 65
21 66
21 68
21 69
21 70
21 71
21 74
21 75
21 78
21 79
22 24
22 31
22 32
22 33
22 35
22 36
22 37
22 38
22 39
22 41
22 45
22 47
22 50
22 51
22 55
22 57
22 59
22 62
22 65
22 67
22 69
22 70
22 72
22 73
22 74
22 76
22 79
23 24
23 25
23 27
23 30
23 33
23 34
23 35
23 36
23 37
23 38
23 39
23 40
23 41
23 42
23 44
23 46
23 48
23 53
23 58
23 59
23 60
23 61
23 65
23 66
23 67
23 68
23 69
23 72
23 73
23 78
23 79
24 26
24 29
24 31
24 32
24 33
24 35
24 36
24 37
24 38
24 39
24 43
24 46
24 50
24 51
24 54
24 55
24 56
24 60
24 62
24 63
24 64
24 65
24 68
24 70
24 71
24 77
24 79
25 26
25 29
25 31
25 32
25 35
25 36
25 37
25 38
25 39
25 41
25 42
25 43
25 46
25 47
25 54
25 55
25 56
25 57
25 59
25 61
25 62
25 63
25 64
25 65
25 66
25 68
25 72
25 73
25 75
25 76
26 29
26 33
26 34
26 35
26 38
26 39
26 40
26 43
26 44
26 47
26 51
26 52
26 53
26 57
26 58
26 59
26 61
26 62
26 63
26 67
26 68
26 71
26 72
26 73
26 74
26 75
26 76
26 78
27 29
27 32
27 35
27 39
27 42
27 48
27 49
27 50
27 53
27 54
27 59
27 60
27 62
27 66
27 67
27 68
27 69
27 72
27 76
27 77
28 31
28 32
28 33
28 35
28 40
28 41
28 42
28 44
28 46
28 47
28 48
28 49
28 52
28 53
28 56
28 58
28 61
28 62
28 63
28 64
28 65
28 67
28 68
28 69
28 71
28 75
28 77
28 79
29 32
29 35
29 39
29 41
29 42
29 43
29 44
29 47
29 49
29 53
29 57
29 59
29 60
29 61
29 62
29 66
29 67
29 69
29 70
29 73
29 74
29 76
29 78
30 32
30 33
30 36
30 40
30 41
30 44
30 48
30 50
30 54
30 58
30 60
30 62
30 64
30 67
30 68
30 71
30 72
30 74
30 76
30 78
31 34
31 37
31 43
31 45
31 48
31 52
31 54
31 55
31 56
31 57
31 59
31 62
31 63
31 65
31 68
31 75
31 77
31 78
31 79
32 38
32 40
32 42
32 44
32 46
32 47
32 54
32 58
32 59
32 60
32 63
32 65
32 66
32 70
32 73
32 76
32 77
33 35
33 36
33 38
33 40
33 45
33 49
33 54
33 58
33 59
33 63
33 64
33 65
33 66
33 67
33 68
33 69
33 70
33 71
33 73
33 74
33 75
33 77
33 79
34 35
34 36
34 37
34 38
34 39
34 40
34 41
34 42
34 43
34 44
34 48
34 52
34 53
34 55
34 56
34 60
34 61
34 64
34 65
34 68
34 69
34 72
34 73
34 78
35 36
35 39
35 40
35 42
35 44
35 45
35 47
35 48
35 49
35 51
35 52
35 55
35 57
35 60
35 61
35 62
35 64
35 66
35 68
35 69
35 71
35 74
35 75
35 77
35 78
36 41
36 43
36 44
36 45
36 47
36 48
36 51
36 53
36 55
36 57
36 58
36 61
36 62
36 64
36 70
37 38
37 44
37 46
37 49
37 51
37 57
37 59
37 64
37 67
37 71
37 73
37 75
37 76
37 77
37 79
38 41
38 42
38 45
38 49
38 50
38 53
38 55
38 57
38 58
38 61
38 62
38 63
38 66
38 68
38 69
38 70
38 71
38 72
38 73
39 40
39 41
39 43
39 46
39 47
39 48
39 49
39 51
39 56
39 59
39 62
39 65
39 66
39 71
39 73
39 74
39 75
39 79
40 41
40 42
40 43
40 47
40 49
40 50
40 54
40 56
40 57
40 58
40 59
40 62
40 63
40 65
40 73
40 75
40 76
41 43
41 47
41 48
41 51
41 53
41 55
41 57
41 58
41 62
41 64
41 65
41 68
41 71
41 73
41 75
41 76
41 78
42 44
42 46
42 49
42 50
42 51
42 52
42 57
42 58
42 61
42 62
42 63
42 66
42 70
42 73
42 77
42 78
42 79
43 44
43 52
43 55
43 57
43 59
43 60
43 62
43 66
43 68
43 69
43 71
43 72
43 75
43 78
44 46
44 49
44 50
44 51
44 52
44 53
44 57
44 60
44 61
44 62
44 63
44 66
44 69
44 70
44 71
44 74
44 78
44 79
45 48
45 49
45 51
45 54
45 55
45 56
45 57
45 58
45 61
45 66
45 70
45 72
45 73
45 74
45 77
45 79
46 50
46 52
46 54
46 57
46 59
46 60
46 61
46 63
46 70
46 71
46 75
46 76
46 77
47 48
47 49
47 52
47 53
47 54
47 55
47 60
47 61
47 62
47 63
47 64
47 65
47 66
47 67
47 68
47 70
47 71
47 72
47 73
47 75
47 76
47 77
48 52
48 56
48 58
48 59
48 61
48 62
48 63
48 64
48 65
48 66
48 67
48 68
48 70
48 72
48 73
48 74
48 77
48 79
49 50
49 51
49 52
49 53
49 57
49 60
49 61
49 62
49 63
49 64
49 65
49 66
49 67
49 69
49 71
49 72
49 73
49 74
49 76
50 51
50 52
50 54
50 55
50 57
50 58
50 65
50 68
50 71
50 72
50 73
50 74
50 76
50 77
50 78
51 53
51 54
51 55
51 56
51 59
51 60
51 63
51 65
51 66
51 68
51 69
51 71
51 75
51 76
51 77
52 53
52 55
52 57
52 58
52 60
52 61
52 66
52 69
52 70
52 71
52 72
52 73
52 74
52 76
52 78
53 64
53 65
53 66
53 68
53 69
53 70
53 71
53 72
53 73
53 74
53 75
53 79
54 55
54 59
54 61
54 63
54 65
54 66
54 69
54 70
54 71
54 72
54 73
54 74
54 75
54 76
54 79
55 57
55 59
55 61
55 66
55 68
55 70
55 71
55 72
55 78
55 79
56 57
56 58
56 59
56 60
56 63
56 64
56 65
56 69
56 70
56 71
56 74
56 79
57 59
57 60
57 61
57 63
57 64
57 65
57 67
57 68
57 71
57 73
57 75
57 78
58 63
58 64
58 69
58 74
58 75
59 61
59 67
59 70
59 72
59 73
59 75
59 77
59 79
60 61
60 63
60 64
60 69
60 70
60 71
60 73
60 76
60 77
61 62
61 63
61 64
61 68
61 73
61 78
62 63
62 68
62 70
62 73
62 74
62 75
62 78
63 64
63 65
63 66
63 67
63 70
63 71
63 72
63 74
63 76
63 77
63 78
63 79
64 66
64 67
64 72
64 75
64 76
64 77
65 66
65 73
65 74
65 75
65 76
65 77
65 78
65 79
66 68
66 69
66 72
66 73
66 76
66 79
67 68
67 69
67 70
67 71
67 72
67 74
67 75
67 77
68 69
68 71
68 73
68 75
68 76
68 78
69 71
69 72
69 73
69 74
69 77
70 73
70 74
70 75
70 78
70 79
71 72
71 74
71 75
71 76
71 79
72 78
73 76
73 77
75 78
76 77
76 78
76 79
77 78
77 79
4 35 64 65
45 7 40 47
17 53 29 63
73 58 71 69
67 32 9 2
46 57 59 38
55 75 41 72
52 16 24 12
3 14 54 66
56 20 42 43
61 49 79 44
76 50 51 11
21 6 39 30
48 18 37 74
26 19 60 70
13 23 10 33
15 1 78 62
77 0 34 22
36 8 27 25
28 5 31 68
