80
619
5
56.93
4.08
7.54
12.05
34.62
0 1
0 6
0 8
0 15
0 16
0 18
0 20
0 22
0 24
0 32
0 39
0 41
0 55
0 56
0 57
0 61
1 3
1 10
1 13
1 14
1 17
1 24
1 30
1 31
1 33
1 46
1 48
1 49
1 52
1 56
1 60
1 68
1 71
1 74
2 4
2 6
2 8
2 14
2 17
2 31
2 38
2 40
2 44
2 52
2 63
2 69
2 72
2 73
3 5
3 15
3 28
3 29
3 30
3 34
3 38
3 61
3 68
3 75
3 76
3 77
4 17
4 24
4 34
4 41
4 45
4 47
4 49
4 50
4 51
4 52
4 72
5 14
5 17
5 26
5 31
5 36
5 38
5 40
5 44
5 53
5 61
5 70
5 75
6 13
6 17
6 19
6 25
6 29
6 31
6 33
6 38
6 39
6 43
6 44
6 48
6 54
6 56
6 65
6 66
6 67
6 74
7 10
7 19
7 21
7 26
7 40
7 45
7 46
7 56
7 57
7 59
7 62
7 74
7 76
7 79
8 14
8 17
8 23
8 24
8 27
8 30
8 33
8 34
8 36
8 41
8 47
8 53
8 59
8 62
8 64
8 65
8 67
8 71
8 73
8 77
9 11
9 31
9 35
9 47
9 54
9 55
9 59
9 70
9 76
9 77
9 78
10 16
10 28
10 29
10 46
10 47
10 54
10 68
10 74
10 77
11 15
11 21
11 22
11 33
11 44
11 48
11 49
11 57
11 60
11 62
11 68
11 74
12 19
12 25
12 41
12 60
12 62
12 78
13 14
13 18
13 30
13 32
13 38
13 43
13 49
13 58
13 60
13 66
13 68
13 71
14 17
14 24
14 25
14 28
14 32
14 36
14 46
14 60
14 64
14 67
14 69
14 73
15 20
15 21
15 23
15 27
15 30
15 33
15 35
15 38
15 44
15 53
15 54
15 57
15 59
15 67
15 68
15 77
16 25
16 27
16 41
16 45
16 49
16 50
16 58
16 62
16 63
16 64
16 66
16 68
16 69
16 73
16 79
17 29
17 33
17 34
17 35
17 36
17 39
17 40
17 41
17 42
17 45
17 49
17 63
17 68
18 27
18 28
18 31
18 34
18 46
18 54
18 56
18 57
18 66
18 71
18 73
18 76
19 26
19 27
19 29
19 33
19 36
19 40
19 41
19 46
19 49
19 51
19 52
19 53
19 57
19 58
19 61
19 62
19 65
19 66
19 68
19 69
19 76
19 78
20 21
20 26
20 37
20 39
20 44
20 51
20 52
20 53
20 78
21 23
21 28
21 35
21 37
21 40
21 45
21 52
21 56
21 63
21 68
21 74
21 76
22 35
22 37
22 41
22 56
22 59
22 65
22 67
22 69
22 70
22 75
23 33
23 37
23 39
23 43
23 55
23 59
23 60
23 62
23 66
23 69
23 76
23 77
24 26
24 33
24 36
24 41
24 43
24 52
24 53
24 57
24 58
24 59
24 61
24 63
24 65
24 70
25 36
25 38
25 41
25 49
25 57
25 60
25 61
25 70
25 74
25 77
26 41
26 42
26 43
26 44
26 45
26 56
26 58
26 59
26 61
26 65
26 67
26 73
26 75
26 76
26 78
26 79
27 33
27 35
27 37
27 38
27 42
27 49
27 56
27 62
27 65
27 68
27 70
27 78
27 79
28 30
28 36
28 46
28 48
28 53
28 69
29 32
29 35
29 38
29 40
29 41
29 44
29 47
29 48
29 58
30 31
30 37
30 45
30 53
30 70
30 73
30 74
31 32
31 36
31 37
31 53
31 63
31 65
31 72
31 73
31 74
31 79
32 35
32 36
32 37
32 38
32 43
32 44
32 47
32 57
32 58
32 66
33 36
33 37
33 46
33 49
33 53
33 58
33 61
33 64
33 65
33 71
33 76
33 79
34 39
34 43
34 56
34 61
34 65
34 75
34 78
35 38
35 41
35 44
35 45
35 48
35 54
35 56
36 45
36 49
36 63
37 40
37 43
37 52
37 54
37 60
37 72
37 77
38 41
38 44
38 53
38 60
38 68
39 42
39 47
39 53
39 58
39 62
39 69
39 75
40 41
40 42
40 48
40 57
40 62
40 65
40 69
40 74
40 76
41 47
41 49
41 50
41 53
41 54
41 56
41 72
42 48
42 50
42 52
42 61
42 73
42 74
42 78
43 44
43 47
43 48
43 49
43 50
43 51
43 53
43 55
43 61
43 66
43 69
43 73
44 49
44 59
44 61
44 62
44 63
44 66
44 70
44 71
44 73
44 75
44 77
44 79
45 49
45 54
45 68
45 70
45 73
45 75
46 48
46 54
46 63
46 73
46 74
47 49
47 57
47 60
47 74
48 51
48 56
48 59
48 60
48 62
48 71
48 72
48 73
48 77
49 51
49 58
49 68
49 75
49 76
50 55
50 59
50 62
50 66
50 75
50 76
51 52
51 56
51 57
51 66
51 73
52 61
52 66
52 78
53 54
53 63
53 64
53 67
53 75
53 77
54 55
54 66
54 68
54 71
54 75
54 79
55 62
55 68
56 59
56 64
56 66
56 77
57 65
57 69
57 70
57 71
57 77
57 79
58 64
59 64
60 62
60 63
60 71
60 76
61 65
61 67
61 73
61 79
62 64
62 65
62 66
62 72
62 74
62 75
62 79
63 70
63 71
63 74
63 75
64 69
64 72
64 76
64 79
65 67
65 68
65 71
65 75
65 76
66 75
67 70
67 71
67 78
68 69
69 71
70 76
70 78
70 79
71 76
71 77
72 78
74 78
77 78
49 52 29 47 9 51 50 73 25 40 0 43 10 56 72 55
5 74 45 24 3 11 66 35 27 23 14 62 57 21 76 59
77 18 13 64 6 34 7 16 20 54 31 41 63 4 65 79
2 58 67 36 37 53 70 8 78 69 75 38 26 12 46 1
60 44 17 68 71 30 61 19 42 39 28 33 22 48 32 15
