80
1557
4
79.68
48.06
3.48
68.51
0 1
0 4
0 6
0 8
0 9
0 10
0 11
0 17
0 22
0 24
0 25
0 26
0 30
0 31
0 33
0 34
0 36
0 37
0 38
0 39
0 40
0 42
0 43
0 45
0 46
0 48
0 49
0 50
0 52
0 55
0 56
0 57
0 58
0 59
0 60
0 62
0 67
0 68
0 70
0 71
0 73
0 75
0 76
0 78
0 79
1 3
1 5
1 9
1 10
1 11
1 12
1 16
1 17
1 19
1 22
1 23
1 25
1 28
1 29
1 33
1 34
1 35
1 36
1 39
1 42
1 45
1 46
1 49
1 51
1 52
1 55
1 57
1 60
1 61
1 63
1 64
1 66
1 67
1 69
1 71
1 72
1 73
1 79
2 4
2 7
2 10
2 11
2 12
2 15
2 16
2 18
2 20
2 24
2 25
2 27
2 28
2 30
2 31
2 32
2 33
2 37
2 38
2 41
2 43
2 44
2 47
2 51
2 52
2 53
2 56
2 58
2 59
2 60
2 61
2 63
2 65
2 68
2 69
2 72
2 75
2 78
3 4
3 5
3 12
3 13
3 15
3 16
3 17
3 18
3 20
3 21
3 23
3 25
3 29
3 32
3 34
3 35
3 39
3 41
3 43
3 44
3 50
3 51
3 52
3 53
3 54
3 56
3 57
3 59
3 61
3 65
3 67
3 69
3 73
3 74
3 77
3 78
3 79
4 5
4 10
4 15
4 16
4 18
4 19
4 21
4 24
4 28
4 36
4 39
4 41
4 42
4 43
4 45
4 47
4 49
4 51
4 53
4 60
4 62
4 63
4 65
4 66
4 71
4 73
4 75
4 76
4 79
5 6
5 8
5 9
5 10
5 11
5 13
5 14
5 16
5 17
5 20
5 21
5 22
5 23
5 27
5 29
5 32
5 34
5 35
5 38
5 41
5 42
5 43
5 47
5 48
5 51
5 52
5 54
5 55
5 56
5 58
5 61
5 62
5 63
5 66
5 67
5 68
5 69
5 70
5 71
5 75
5 79
6 7
6 8
6 9
6 10
6 11
6 12
6 16
6 19
6 20
6 21
6 22
6 27
6 29
6 31
6 35
6 38
6 43
6 44
6 46
6 47
6 48
6 52
6 53
6 60
6 62
6 63
6 64
6 71
6 72
6 73
6 75
6 77
6 78
7 9
7 11
7 13
7 14
7 15
7 16
7 17
7 20
7 21
7 23
7 28
7 29
7 30
7 34
7 35
7 36
7 38
7 41
7 42
7 44
7 47
7 48
7 49
7 51
7 53
7 57
7 58
7 63
7 66
7 69
7 77
7 79
8 9
8 11
8 16
8 17
8 19
8 20
8 23
8 26
8 32
8 33
8 36
8 38
8 42
8 46
8 47
8 50
8 52
8 53
8 55
8 56
8 59
8 60
8 61
8 64
8 65
8 66
8 67
8 74
8 75
8 76
8 78
9 10
9 11
9 12
9 16
9 22
9 23
9 24
9 27
9 28
9 29
9 30
9 31
9 33
9 34
9 36
9 40
9 42
9 44
9 45
9 48
9 50
9 52
9 54
9 55
9 59
9 63
9 64
9 66
9 67
9 71
9 73
9 75
9 76
9 78
9 79
10 15
10 16
10 21
10 22
10 23
10 24
10 28
10 31
10 33
10 35
10 38
10 41
10 42
10 43
10 44
10 45
10 47
10 48
10 49
10 51
10 53
10 61
10 63
10 67
10 70
10 71
10 72
10 77
11 13
11 17
11 21
11 23
11 24
11 25
11 27
11 29
11 30
11 31
11 33
11 35
11 36
11 37
11 39
11 41
11 42
11 44
11 45
11 47
11 51
11 61
11 62
11 63
11 65
11 66
11 68
11 72
11 73
11 75
11 77
12 13
12 14
12 15
12 16
12 20
12 22
12 26
12 27
12 31
12 32
12 34
12 35
12 36
12 37
12 42
12 43
12 45
12 46
12 47
12 55
12 57
12 59
12 65
12 67
12 68
12 69
12 71
12 72
12 73
12 76
12 77
12 78
13 15
13 16
13 17
13 21
13 22
13 23
13 25
13 26
13 27
13 29
13 30
13 31
13 32
13 35
13 36
13 37
13 39
13 42
13 43
13 44
13 45
13 50
13 51
13 54
13 55
13 57
13 58
13 63
13 64
13 65
13 66
13 69
13 74
13 79
14 21
14 22
14 25
14 27
14 29
14 31
14 33
14 34
14 38
14 41
14 43
14 46
14 47
14 48
14 49
14 51
14 52
14 53
14 58
14 60
14 63
14 65
14 67
14 70
14 74
14 75
14 76
14 78
14 79
15 17
15 19
15 20
15 21
15 23
15 24
15 33
15 36
15 37
15 38
15 40
15 42
15 43
15 45
15 47
15 49
15 50
15 52
15 54
15 55
15 57
15 62
15 63
15 64
15 65
15 68
15 69
15 70
15 71
15 72
15 76
16 21
16 22
16 24
16 25
16 29
16 30
16 31
16 32
16 35
16 36
16 38
16 39
16 40
16 41
16 42
16 44
16 45
16 46
16 49
16 52
16 57
16 58
16 61
16 63
16 64
16 67
16 69
16 70
16 71
16 72
16 74
16 75
16 76
16 78
17 20
17 21
17 22
17 23
17 25
17 26
17 27
17 30
17 31
17 32
17 33
17 36
17 37
17 39
17 40
17 41
17 45
17 46
17 48
17 49
17 56
17 59
17 61
17 62
17 63
17 66
17 69
17 72
17 73
17 74
17 75
17 76
17 78
17 79
18 19
18 20
18 21
18 22
18 25
18 26
18 27
18 28
18 29
18 30
18 31
18 33
18 37
18 38
18 40
18 42
18 43
18 44
18 46
18 49
18 50
18 51
18 53
18 54
18 55
18 57
18 58
18 60
18 62
18 63
18 65
18 69
18 72
18 76
18 77
18 78
18 79
19 21
19 22
19 24
19 26
19 27
19 29
19 30
19 31
19 32
19 33
19 35
19 40
19 41
19 42
19 45
19 46
19 47
19 48
19 50
19 55
19 56
19 58
19 59
19 62
19 65
19 66
19 69
19 70
19 72
19 74
19 77
19 78
20 22
20 26
20 27
20 30
20 31
20 32
20 33
20 35
20 38
20 39
20 42
20 43
20 44
20 46
20 49
20 50
20 52
20 53
20 54
20 56
20 57
20 59
20 60
20 61
20 62
20 63
20 64
20 66
20 69
20 72
20 74
20 75
20 76
20 79
21 22
21 25
21 28
21 32
21 33
21 36
21 37
21 39
21 43
21 44
21 47
21 48
21 50
21 51
21 54
21 57
21 58
21 59
21 63
21 64
21 66
21 68
21 69
21 70
21 71
21 72
21 73
21 75
21 77
21 78
21 79
22 26
22 28
22 29
22 31
22 35
22 39
22 40
22 41
22 42
22 43
22 44
22 46
22 47
22 49
22 50
22 53
22 54
22 55
22 56
22 59
22 62
22 63
22 64
22 66
22 67
22 69
22 70
22 73
22 74
22 77
22 78
22 79
23 24
23 26
23 30
23 31
23 34
23 36
23 39
23 40
23 42
23 43
23 48
23 49
23 50
23 55
23 56
23 57
23 58
23 60
23 62
23 64
23 68
23 69
23 70
23 71
23 73
23 77
23 79
24 25
24 26
24 27
24 31
24 32
24 33
24 34
24 39
24 44
24 45
24 48
24 49
24 52
24 53
24 54
24 56
24 57
24 61
24 62
24 65
24 73
24 75
24 76
24 77
24 79
25 26
25 27
25 28
25 30
25 31
25 34
25 35
25 39
25 41
25 42
25 44
25 45
25 47
25 50
25 51
25 53
25 54
25 59
25 60
25 61
25 62
25 63
25 65
25 67
25 69
25 72
25 74
25 76
25 77
26 32
26 33
26 34
26 35
26 39
26 40
26 42
26 44
26 45
26 47
26 49
26 50
26 52
26 55
26 56
26 59
26 62
26 66
26 68
26 70
26 71
26 72
26 74
26 76
26 78
26 79
27 29
27 30
27 31
27 33
27 35
27 38
27 39
27 40
27 44
27 47
27 48
27 49
27 50
27 53
27 55
27 58
27 61
27 63
27 64
27 68
27 69
27 70
27 71
27 72
27 74
27 75
27 76
27 77
28 32
28 33
28 35
28 36
28 38
28 40
28 43
28 44
28 46
28 47
28 50
28 53
28 55
28 58
28 60
28 64
28 70
28 71
28 74
28 75
28 77
28 78
29 30
29 31
29 33
29 36
29 37
29 39
29 44
29 45
29 47
29 48
29 49
29 50
29 51
29 53
29 54
29 55
29 60
29 62
29 63
29 65
29 67
29 71
29 72
29 73
29 75
29 76
29 78
30 32
30 34
30 39
30 41
30 42
30 43
30 44
30 46
30 47
30 49
30 50
30 51
30 52
30 54
30 55
30 57
30 58
30 60
30 61
30 65
30 66
30 70
30 71
30 72
30 73
30 75
30 78
30 79
31 32
31 33
31 34
31 35
31 36
31 38
31 40
31 41
31 44
31 48
31 49
31 50
31 57
31 59
31 60
31 62
31 64
31 67
31 68
31 69
31 70
31 71
31 74
31 75
31 79
32 37
32 39
32 42
32 46
32 47
32 48
32 49
32 50
32 51
32 53
32 54
32 55
32 56
32 57
32 59
32 60
32 62
32 64
32 66
32 68
32 73
32 77
32 78
33 34
33 35
33 36
33 39
33 40
33 42
33 45
33 46
33 49
33 51
33 54
33 55
33 58
33 61
33 63
33 64
33 68
33 76
33 78
33 79
34 36
34 37
34 39
34 40
34 41
34 43
34 45
34 47
34 50
34 52
34 53
34 54
34 59
34 60
34 61
34 63
34 64
34 65
34 66
34 68
34 69
34 72
34 73
34 74
34 76
34 77
34 79
35 41
35 42
35 45
35 47
35 49
35 54
35 56
35 57
35 58
35 59
35 60
35 62
35 66
35 67
35 69
35 71
35 72
35 75
35 77
35 79
36 38
36 41
36 43
36 44
36 47
36 48
36 49
36 50
36 52
36 53
36 55
36 56
36 59
36 62
36 63
36 66
36 67
36 68
36 70
36 71
37 39
37 41
37 43
37 44
37 46
37 47
37 49
37 50
37 52
37 57
37 58
37 61
37 62
37 65
37 66
37 67
37 68
37 71
37 73
37 74
37 76
37 78
38 40
38 41
38 42
38 43
38 44
38 45
38 49
38 50
38 54
38 59
38 63
38 65
38 66
38 67
38 68
38 70
38 73
38 74
38 75
38 76
38 79
39 40
39 41
39 47
39 48
39 49
39 51
39 52
39 53
39 54
39 56
39 57
39 58
39 59
39 60
39 62
39 63
39 64
39 65
39 66
39 68
39 70
39 73
39 74
39 75
40 42
40 43
40 44
40 47
40 51
40 53
40 54
40 56
40 62
40 67
40 69
40 73
40 76
41 49
41 50
41 51
41 52
41 53
41 58
41 59
41 61
41 63
41 67
41 70
41 76
41 77
41 79
42 46
42 48
42 49
42 50
42 53
42 55
42 56
42 58
42 60
42 65
42 69
42 71
42 73
42 76
42 78
42 79
43 44
43 45
43 47
43 55
43 56
43 60
43 61
43 62
43 63
43 65
43 66
43 67
43 69
43 72
43 74
43 75
43 76
43 77
44 45
44 46
44 49
44 55
44 57
44 63
44 64
44 65
44 69
44 70
44 72
44 73
44 75
44 76
45 46
45 51
45 52
45 54
45 55
45 56
45 57
45 58
45 60
45 67
45 69
45 72
45 73
45 75
46 48
46 49
46 51
46 52
46 54
46 57
46 58
46 61
46 63
46 64
46 67
46 68
46 71
46 72
46 74
46 76
46 77
46 78
47 48
47 49
47 56
47 60
47 63
47 67
47 70
47 71
47 72
47 73
47 74
47 79
48 49
48 50
48 51
48 53
48 56
48 58
48 60
48 61
48 66
48 67
48 68
48 70
48 71
48 72
48 77
48 79
49 50
49 51
49 53
49 55
49 57
49 61
49 63
49 64
49 65
49 69
49 70
49 75
49 76
50 52
50 53
50 54
50 56
50 57
50 60
50 65
50 66
50 67
50 68
50 69
50 72
50 77
50 79
51 53
51 56
51 58
51 60
51 62
51 65
51 69
51 70
51 71
51 72
51 74
51 76
51 77
52 54
52 56
52 57
52 61
52 63
52 64
52 65
52 66
52 67
52 68
52 73
52 74
52 75
52 78
53 56
53 59
53 60
53 62
53 63
53 65
53 66
53 67
53 69
53 70
53 73
53 74
53 77
53 79
54 57
54 58
54 63
54 66
54 70
54 74
54 75
54 78
54 79
55 56
55 59
55 62
55 63
55 69
55 74
55 75
55 77
55 78
55 79
56 60
56 62
56 63
56 64
56 65
56 68
56 69
56 70
56 73
56 74
56 76
56 79
57 58
57 59
57 60
57 61
57 64
57 67
57 68
57 70
57 74
57 76
57 78
58 59
58 60
58 61
58 65
58 67
58 69
58 70
58 72
58 73
58 74
58 76
58 78
59 61
59 62
59 64
59 68
59 70
59 73
59 74
59 75
59 77
60 64
60 66
60 67
60 71
60 77
60 78
60 79
61 65
61 68
61 69
61 70
61 71
61 72
61 76
61 78
61 79
62 68
62 69
62 70
62 71
62 73
62 74
62 77
62 79
63 64
63 65
63 67
63 69
63 72
63 73
63 74
63 75
63 77
63 78
63 79
64 65
64 67
64 68
64 70
64 75
64 76
64 78
64 79
65 66
65 67
65 69
65 72
65 75
65 76
65 77
65 79
66 68
66 69
66 70
66 73
66 74
66 76
66 78
66 79
67 73
67 74
67 76
67 77
67 79
68 71
68 73
68 75
68 77
68 78
68 79
69 76
69 78
69 79
70 73
70 77
70 78
71 72
71 74
71 75
71 78
71 79
72 76
72 78
73 77
73 78
73 79
74 75
74 76
74 77
74 78
74 79
75 76
75 77
75 78
76 77
76 78
76 79
77 78
77 79
50 60 2 8 66 34 27 29 19 79 49 3 43 58 40 16 65 33 24 39
68 55 4 12 63 46 72 14 51 10 69 0 22 15 28 25 78 62 53 77
75 54 48 67 1 6 23 13 61 38 73 45 41 18 52 64 17 5 20 11
57 76 7 59 37 32 44 47 9 70 26 35 42 56 21 30 71 74 31 36
