80
311
4
65.25
4.31
39.78
35.03
0 19
0 20
0 31
0 43
0 52
0 66
0 71
1 4
1 5
1 11
1 13
1 16
1 19
1 42
1 47
1 66
1 70
2 21
2 33
2 49
2 54
2 57
2 68
2 71
2 73
3 10
3 23
3 34
3 51
3 64
3 74
3 79
4 5
4 11
4 18
4 47
4 49
4 50
4 57
4 68
5 7
5 17
5 36
5 68
5 69
6 11
6 15
6 26
6 50
6 52
6 55
6 59
6 69
7 10
7 23
7 28
7 31
7 61
8 24
8 28
8 32
8 54
8 58
8 75
9 10
9 34
9 46
9 54
9 56
10 14
10 16
10 38
10 44
10 53
10 60
10 62
10 65
11 12
11 24
11 26
11 28
11 54
11 75
12 15
12 26
12 42
12 47
12 69
13 18
13 24
13 41
13 46
13 54
13 62
14 24
14 31
14 37
14 50
14 51
14 58
14 65
14 70
14 77
15 18
15 19
15 33
15 34
15 63
15 65
15 72
16 17
16 28
16 56
16 57
16 63
16 68
17 26
17 29
17 38
17 66
17 69
17 71
17 73
17 74
18 40
18 50
18 60
18 69
18 73
19 23
19 38
19 40
19 54
19 58
19 66
19 73
20 30
20 33
20 34
21 55
22 23
22 36
22 40
22 44
22 53
22 54
22 69
22 76
23 38
23 40
23 55
23 59
23 79
24 29
24 55
24 64
24 71
25 43
25 50
25 62
25 63
25 68
26 28
26 29
26 52
26 57
26 61
27 38
27 49
28 47
28 52
28 60
28 62
28 74
29 33
29 40
29 47
29 57
29 68
30 40
30 42
30 46
30 54
30 67
30 68
30 76
30 79
31 57
31 60
31 75
32 38
32 47
32 48
32 65
32 71
32 79
33 46
33 49
33 59
33 66
33 76
34 48
34 50
34 52
34 58
34 64
34 69
34 71
34 74
35 46
35 56
35 71
36 38
36 39
36 40
36 43
36 54
37 44
37 67
37 68
37 74
38 42
38 44
38 57
38 71
39 46
39 49
39 71
39 74
40 41
40 71
40 75
41 63
41 73
42 48
42 58
42 75
43 49
44 54
44 63
45 47
45 49
46 47
46 49
46 56
47 50
47 67
48 58
48 59
48 69
48 71
48 72
49 53
49 59
49 63
49 66
50 58
50 60
50 61
50 70
50 75
51 56
51 61
51 62
51 70
51 78
52 53
52 70
52 74
52 79
53 56
53 57
53 64
53 65
53 71
53 73
54 59
54 60
54 64
54 73
54 75
55 77
56 75
56 79
57 61
57 65
57 67
58 59
58 69
59 69
59 76
61 67
61 69
62 63
62 66
62 73
62 76
64 66
64 78
65 73
65 76
66 71
66 74
66 77
67 77
68 74
69 76
71 73
73 75
76 78
77 78
59 71 14 44 73 5 51 38 67 61 0 75 26 54 29 8 35 7 28 13 25 42 78 9
22 48 39 68 17 58 16 74 19 20 41 6 40 64 4 2 11 46 55 18 50 10 49 30
12 76 47 77 53 45 60 23 24 65 1 56 21 69 32 43 33 31 57 72 70 36 62 15
3 66 52 63 27 79 34 37
