80
1308
4
29.69
88.58
99.91
26.45
0 2
0 3
0 9
0 10
0 12
0 13
0 14
0 15
0 18
0 19
0 21
0 24
0 25
0 26
0 27
0 30
0 37
0 38
0 39
0 40
0 44
0 45
0 46
0 48
0 49
0 50
0 51
0 52
0 53
0 55
0 61
0 63
0 64
0 67
0 68
0 69
0 71
0 73
0 76
0 77
1 3
1 4
1 6
1 8
1 12
1 13
1 14
1 15
1 18
1 21
1 24
1 26
1 27
1 28
1 30
1 34
1 39
1 40
1 44
1 48
1 50
1 52
1 53
1 58
1 60
1 61
1 63
1 64
1 70
1 71
1 72
1 74
2 7
2 9
2 21
2 23
2 25
2 26
2 27
2 28
2 29
2 33
2 35
2 36
2 37
2 39
2 41
2 43
2 48
2 52
2 55
2 58
2 59
2 65
2 68
2 70
2 75
2 77
2 78
3 7
3 8
3 12
3 14
3 18
3 19
3 21
3 24
3 25
3 26
3 29
3 30
3 31
3 32
3 33
3 34
3 36
3 41
3 42
3 43
3 44
3 48
3 49
3 52
3 53
3 54
3 55
3 60
3 64
3 76
3 78
3 79
4 7
4 10
4 11
4 13
4 16
4 18
4 20
4 23
4 24
4 25
4 29
4 35
4 36
4 37
4 41
4 48
4 50
4 51
4 56
4 58
4 59
4 60
4 65
4 69
4 70
4 72
4 76
4 78
4 79
5 8
5 10
5 11
5 12
5 13
5 15
5 17
5 19
5 20
5 22
5 26
5 27
5 28
5 30
5 32
5 33
5 35
5 37
5 38
5 41
5 42
5 45
5 47
5 50
5 52
5 54
5 55
5 56
5 57
5 62
5 63
5 70
5 72
5 73
5 76
5 79
6 7
6 8
6 9
6 11
6 20
6 21
6 22
6 23
6 26
6 27
6 29
6 31
6 32
6 33
6 36
6 39
6 41
6 42
6 43
6 48
6 51
6 52
6 53
6 57
6 61
6 64
6 66
6 68
6 69
6 71
6 73
6 74
6 76
6 77
6 79
7 8
7 11
7 15
7 17
7 19
7 24
7 25
7 28
7 31
7 32
7 35
7 36
7 37
7 38
7 39
7 41
7 42
7 43
7 46
7 53
7 55
7 56
7 62
7 68
7 69
7 70
7 72
7 73
7 74
7 77
7 78
8 9
8 12
8 13
8 16
8 17
8 21
8 22
8 23
8 26
8 28
8 33
8 36
8 39
8 41
8 42
8 43
8 44
8 45
8 46
8 47
8 48
8 54
8 55
8 56
8 58
8 59
8 61
8 65
8 66
8 68
8 70
8 74
8 75
8 77
9 17
9 19
9 21
9 24
9 28
9 30
9 34
9 36
9 37
9 41
9 42
9 44
9 48
9 50
9 52
9 54
9 58
9 59
9 60
9 63
9 64
9 66
9 71
9 73
10 14
10 16
10 18
10 20
10 25
10 26
10 29
10 33
10 38
10 41
10 42
10 45
10 46
10 47
10 53
10 54
10 55
10 56
10 59
10 60
10 61
10 64
10 67
10 68
10 71
10 72
10 73
10 74
10 75
10 79
11 12
11 13
11 15
11 17
11 19
11 21
11 22
11 24
11 28
11 31
11 36
11 37
11 38
11 41
11 42
11 43
11 44
11 46
11 47
11 48
11 51
11 52
11 58
11 59
11 60
11 61
11 62
11 63
11 66
11 67
11 72
11 73
11 78
12 13
12 14
12 15
12 19
12 22
12 26
12 27
12 28
12 30
12 31
12 32
12 34
12 35
12 38
12 39
12 40
12 42
12 43
12 47
12 49
12 54
12 56
12 63
12 64
12 65
12 71
12 78
13 14
13 15
13 19
13 24
13 25
13 26
13 28
13 29
13 30
13 34
13 35
13 39
13 51
13 53
13 57
13 58
13 61
13 62
13 63
13 64
13 65
13 66
13 68
13 73
13 77
14 15
14 17
14 23
14 25
14 34
14 35
14 36
14 37
14 40
14 41
14 43
14 44
14 46
14 52
14 53
14 55
14 62
14 64
14 65
14 71
14 73
14 77
15 21
15 22
15 23
15 24
15 25
15 27
15 29
15 30
15 31
15 33
15 34
15 35
15 38
15 41
15 43
15 44
15 46
15 47
15 49
15 52
15 55
15 60
15 63
15 64
15 67
15 71
15 73
15 76
15 78
15 79
16 18
16 22
16 23
16 31
16 33
16 36
16 40
16 42
16 43
16 44
16 48
16 52
16 54
16 56
16 58
16 61
16 63
16 68
16 69
16 76
16 79
17 19
17 20
17 22
17 23
17 25
17 26
17 29
17 36
17 38
17 41
17 47
17 48
17 49
17 56
17 57
17 58
17 59
17 63
17 67
17 68
17 69
17 71
17 72
17 77
17 79
18 22
18 27
18 28
18 30
18 32
18 34
18 36
18 40
18 43
18 48
18 49
18 50
18 51
18 55
18 57
18 59
18 62
18 63
18 65
18 66
18 69
18 70
18 73
18 74
18 77
18 79
19 21
19 22
19 23
19 31
19 37
19 45
19 54
19 55
19 57
19 60
19 64
19 65
19 68
19 70
19 71
19 74
19 75
19 76
19 77
19 78
20 21
20 22
20 24
20 25
20 27
20 30
20 32
20 33
20 35
20 36
20 39
20 40
20 41
20 42
20 43
20 44
20 48
20 49
20 52
20 54
20 58
20 59
20 62
20 68
20 70
20 71
20 76
20 77
21 23
21 24
21 25
21 26
21 28
21 33
21 34
21 41
21 42
21 47
21 48
21 49
21 52
21 55
21 58
21 63
21 69
21 72
21 75
22 23
22 24
22 27
22 30
22 31
22 32
22 34
22 38
22 39
22 48
22 52
22 54
22 55
22 56
22 58
22 59
22 60
22 64
22 65
22 71
22 73
22 76
22 78
23 24
23 25
23 26
23 27
23 28
23 29
23 35
23 40
23 41
23 42
23 46
23 48
23 49
23 50
23 51
23 52
23 55
23 57
23 58
23 59
23 61
23 63
23 66
23 68
23 70
23 73
23 74
23 75
24 27
24 28
24 29
24 30
24 31
24 34
24 35
24 37
24 38
24 39
24 41
24 42
24 43
24 50
24 54
24 57
24 59
24 62
24 69
24 70
24 74
24 76
24 78
24 79
25 27
25 28
25 29
25 30
25 38
25 39
25 40
25 41
25 43
25 44
25 45
25 49
25 50
25 51
25 53
25 54
25 60
25 61
25 62
25 66
25 67
25 69
25 70
25 73
25 75
25 78
26 27
26 28
26 29
26 30
26 31
26 36
26 39
26 43
26 45
26 47
26 53
26 54
26 55
26 64
26 65
26 73
26 74
26 75
26 76
26 79
27 29
27 32
27 34
27 36
27 37
27 38
27 40
27 43
27 44
27 47
27 49
27 50
27 53
27 55
27 56
27 59
27 62
27 64
27 65
27 68
27 72
27 77
27 79
28 29
28 30
28 32
28 34
28 37
28 40
28 41
28 42
28 47
28 48
28 51
28 52
28 61
28 62
28 67
28 68
28 71
28 72
28 73
28 74
28 76
29 32
29 33
29 35
29 37
29 39
29 44
29 45
29 47
29 48
29 49
29 50
29 51
29 52
29 53
29 54
29 56
29 58
29 60
29 61
29 64
29 65
29 66
29 67
29 68
29 74
29 75
29 76
29 78
30 32
30 33
30 35
30 36
30 37
30 41
30 43
30 50
30 51
30 58
30 62
30 65
30 70
30 73
30 75
30 79
31 32
31 33
31 40
31 43
31 47
31 48
31 49
31 51
31 53
31 56
31 60
31 62
31 63
31 64
31 65
31 66
31 67
31 69
31 71
31 74
32 33
32 36
32 40
32 43
32 44
32 45
32 46
32 47
32 48
32 50
32 52
32 60
32 63
32 64
32 65
32 68
32 73
32 76
32 77
32 78
33 37
33 38
33 39
33 41
33 42
33 47
33 48
33 51
33 54
33 55
33 62
33 66
33 67
33 71
33 74
33 76
33 78
34 37
34 40
34 42
34 47
34 49
34 53
34 54
34 55
34 56
34 61
34 68
34 72
34 75
34 77
35 36
35 39
35 40
35 45
35 48
35 49
35 52
35 55
35 57
35 59
35 60
35 61
35 64
35 65
35 66
35 68
35 70
35 72
35 74
35 75
35 78
36 37
36 38
36 40
36 43
36 44
36 46
36 49
36 51
36 53
36 54
36 55
36 58
36 60
36 70
36 72
36 75
36 76
36 77
36 79
37 38
37 39
37 41
37 42
37 43
37 45
37 46
37 47
37 52
37 54
37 59
37 60
37 61
37 64
37 68
37 69
37 71
37 73
37 74
37 76
37 78
38 40
38 43
38 44
38 47
38 50
38 56
38 57
38 62
38 64
38 68
38 69
38 70
38 73
38 74
39 40
39 43
39 46
39 47
39 48
39 57
39 58
39 59
39 62
39 65
39 71
39 74
39 75
39 76
39 77
39 78
40 42
40 43
40 46
40 50
40 51
40 52
40 55
40 57
40 63
40 69
40 71
40 72
40 75
40 77
40 79
41 42
41 43
41 44
41 48
41 49
41 50
41 51
41 52
41 55
41 56
41 58
41 59
41 60
41 62
41 63
41 65
41 67
41 69
41 71
41 78
42 43
42 44
42 45
42 46
42 48
42 49
42 51
42 58
42 59
42 61
42 62
42 63
42 65
42 66
42 68
42 69
42 73
42 74
42 77
43 48
43 49
43 51
43 54
43 55
43 61
43 62
43 63
43 64
43 69
43 74
43 75
43 78
43 79
44 48
44 52
44 53
44 55
44 56
44 58
44 59
44 60
44 61
44 65
44 66
44 68
44 69
44 71
44 73
44 77
45 46
45 48
45 49
45 52
45 53
45 54
45 55
45 58
45 64
45 71
45 73
45 74
45 79
46 48
46 49
46 55
46 56
46 57
46 58
46 59
46 60
46 61
46 64
46 68
46 73
46 79
47 48
47 49
47 53
47 54
47 55
47 59
47 64
47 65
47 68
47 70
47 71
47 72
47 73
47 75
48 51
48 56
48 61
48 65
48 73
48 75
48 76
48 77
48 78
49 51
49 54
49 55
49 65
49 66
49 68
49 69
49 70
49 71
49 73
49 75
49 78
50 53
50 57
50 63
50 67
50 68
50 70
50 71
50 75
50 76
51 52
51 53
51 54
51 60
51 68
51 69
51 70
51 72
51 73
51 76
51 78
51 79
52 54
52 56
52 57
52 58
52 61
52 63
52 64
52 65
52 66
52 68
52 70
52 73
52 78
53 55
53 56
53 58
53 71
53 76
53 78
53 79
54 55
54 56
54 60
54 63
54 64
54 66
54 67
54 69
54 75
54 76
55 56
55 58
55 64
55 68
55 71
55 75
55 76
55 77
55 78
56 57
56 62
56 63
56 65
56 67
56 70
56 74
56 75
56 79
57 60
57 61
57 64
57 66
57 67
57 68
57 75
57 77
57 78
57 79
58 62
58 63
58 64
58 66
58 68
58 70
58 74
59 60
59 66
59 70
59 71
59 73
59 77
59 78
60 61
60 62
60 64
60 69
60 70
60 71
60 75
61 63
61 66
61 67
61 68
61 75
61 77
62 63
62 66
62 67
62 70
62 72
62 77
63 64
63 65
63 67
63 72
63 74
63 77
64 68
64 69
64 71
64 72
64 75
64 77
64 79
65 67
65 69
65 70
65 74
65 75
65 78
65 79
66 67
66 70
66 71
66 77
67 68
67 70
67 72
67 77
68 71
68 73
68 78
69 71
69 75
69 78
69 79
70 73
70 77
70 78
71 73
71 75
71 76
71 77
71 79
72 76
72 77
72 78
73 78
73 79
74 76
74 77
75 76
76 78
76 79
77 78
6 41 25 4 66 67 45 23 72 39 24 49 16 17 12 3 28 10 77 54
47 20 63 57 18 44 21 40 7 42 22 36 74 35 61 19 52 76 9 15
43 51 26 59 2 62 5 71 48 70 69 64 79 33 34 14 31 27 78 68
38 75 1 53 37 55 58 0 50 32 13 29 8 56 11 46 65 60 30 73
