90
1211
5
96.7
5.6
29.09
80.87
81.37
0 5
0 21
0 25
0 35
0 39
0 43
0 46
0 48
0 50
0 52
0 59
0 61
0 62
0 68
0 73
0 78
0 79
0 82
0 85
1 4
1 5
1 12
1 18
1 22
1 29
1 33
1 36
1 39
1 41
1 44
1 47
1 50
1 55
1 56
1 60
1 61
1 67
1 70
1 73
1 75
1 76
1 78
1 80
1 84
1 85
1 87
1 89
2 3
2 5
2 8
2 12
2 13
2 14
2 16
2 17
2 18
2 19
2 20
2 23
2 25
2 26
2 31
2 35
2 41
2 42
2 43
2 48
2 51
2 55
2 64
2 65
2 66
2 69
2 75
2 79
2 81
2 83
2 89
3 5
3 6
3 8
3 9
3 10
3 12
3 14
3 19
3 22
3 25
3 26
3 28
3 30
3 31
3 32
3 37
3 40
3 49
3 59
3 66
3 67
3 70
3 75
3 78
3 79
3 86
3 87
4 13
4 15
4 36
4 38
4 42
4 46
4 47
4 50
4 51
4 52
4 60
4 66
4 69
4 71
4 72
4 74
4 76
4 77
4 83
5 8
5 17
5 21
5 27
5 29
5 32
5 34
5 36
5 37
5 41
5 42
5 43
5 44
5 45
5 48
5 51
5 54
5 56
5 57
5 58
5 59
5 60
5 61
5 62
5 68
5 70
5 72
5 74
5 86
5 87
6 11
6 12
6 13
6 14
6 17
6 18
6 19
6 22
6 24
6 25
6 29
6 31
6 33
6 35
6 36
6 40
6 43
6 48
6 50
6 61
6 63
6 64
6 70
6 71
6 72
6 77
6 79
6 82
6 84
6 87
6 88
7 9
7 11
7 16
7 24
7 30
7 32
7 36
7 41
7 42
7 57
7 59
7 63
7 69
7 71
7 73
7 75
7 81
7 84
7 86
8 10
8 13
8 16
8 18
8 21
8 22
8 24
8 25
8 27
8 28
8 31
8 34
8 35
8 37
8 38
8 45
8 49
8 50
8 52
8 55
8 59
8 70
8 71
8 76
8 86
8 89
9 11
9 15
9 17
9 21
9 23
9 24
9 26
9 28
9 31
9 36
9 38
9 43
9 48
9 54
9 56
9 60
9 70
9 74
9 79
9 81
9 85
9 87
9 88
9 89
10 14
10 20
10 24
10 27
10 29
10 30
10 31
10 32
10 34
10 35
10 37
10 40
10 41
10 48
10 50
10 52
10 53
10 56
10 57
10 58
10 60
10 61
10 64
10 67
10 73
10 74
10 78
10 79
10 80
10 81
10 82
10 88
10 89
11 21
11 22
11 23
11 24
11 25
11 31
11 38
11 39
11 44
11 52
11 53
11 54
11 60
11 61
11 62
11 65
11 67
11 68
11 77
11 79
11 85
11 87
11 88
11 89
12 20
12 31
12 35
12 41
12 46
12 50
12 53
12 55
12 63
12 64
12 66
12 72
12 75
12 86
12 87
12 88
13 15
13 20
13 21
13 24
13 27
13 29
13 30
13 33
13 38
13 41
13 42
13 45
13 47
13 52
13 54
13 55
13 57
13 62
13 64
13 71
13 75
13 77
13 79
13 81
13 82
13 84
13 87
13 88
13 89
14 18
14 23
14 26
14 27
14 28
14 36
14 37
14 41
14 45
14 46
14 47
14 54
14 59
14 65
14 66
14 71
14 73
14 74
14 75
14 77
14 78
14 81
14 87
15 18
15 19
15 20
15 22
15 25
15 26
15 42
15 43
15 48
15 49
15 52
15 59
15 60
15 61
15 64
15 67
15 78
15 79
15 80
15 83
15 88
16 18
16 21
16 22
16 23
16 27
16 29
16 30
16 31
16 39
16 44
16 46
16 47
16 50
16 53
16 61
16 67
16 69
16 74
16 76
16 79
16 81
16 83
16 85
17 18
17 19
17 20
17 28
17 30
17 36
17 38
17 39
17 41
17 44
17 45
17 46
17 49
17 50
17 52
17 55
17 57
17 63
17 64
17 69
17 73
17 74
17 75
17 76
17 78
17 80
17 81
17 82
17 89
18 19
18 22
18 24
18 28
18 31
18 32
18 33
18 35
18 36
18 38
18 49
18 53
18 56
18 57
18 58
18 60
18 62
18 63
18 72
18 75
18 83
18 87
18 89
19 20
19 26
19 29
19 30
19 31
19 33
19 36
19 38
19 41
19 43
19 48
19 50
19 55
19 56
19 77
19 78
19 79
19 84
19 85
19 86
19 89
20 22
20 24
20 37
20 38
20 47
20 50
20 55
20 58
20 59
20 70
20 75
20 77
20 78
20 79
20 81
20 82
20 85
20 86
21 24
21 25
21 26
21 27
21 28
21 29
21 30
21 35
21 40
21 44
21 45
21 53
21 57
21 58
21 64
21 67
21 69
21 75
21 76
21 78
21 81
21 84
21 86
21 87
21 88
22 23
22 25
22 27
22 33
22 36
22 38
22 39
22 45
22 46
22 47
22 50
22 53
22 55
22 58
22 60
22 65
22 72
22 73
22 74
22 75
22 76
22 81
23 25
23 28
23 29
23 30
23 31
23 36
23 40
23 50
23 54
23 58
23 60
23 62
23 63
23 64
23 65
23 67
23 68
23 69
23 75
23 76
23 79
23 80
23 81
23 83
23 84
23 85
23 86
23 89
24 32
24 34
24 36
24 42
24 45
24 48
24 50
24 51
24 53
24 59
24 61
24 63
24 64
24 81
24 84
24 89
25 27
25 28
25 32
25 39
25 44
25 45
25 46
25 47
25 51
25 58
25 60
25 61
25 63
25 65
25 66
25 70
25 75
25 79
25 82
25 84
26 31
26 33
26 34
26 37
26 40
26 51
26 53
26 55
26 57
26 59
26 64
26 67
26 68
26 69
26 72
26 74
26 78
26 79
26 85
27 29
27 30
27 31
27 32
27 35
27 36
27 37
27 40
27 41
27 45
27 48
27 54
27 55
27 56
27 67
27 72
27 80
27 86
27 88
28 31
28 35
28 40
28 41
28 42
28 45
28 46
28 63
28 68
28 71
28 72
28 74
28 78
28 86
29 34
29 35
29 37
29 39
29 40
29 41
29 42
29 49
29 52
29 55
29 61
29 62
29 68
29 73
29 77
29 78
29 84
29 87
29 88
30 32
30 33
30 46
30 49
30 50
30 51
30 55
30 58
30 59
30 60
30 63
30 64
30 65
30 67
30 69
30 73
30 76
30 77
30 78
30 81
30 83
30 85
30 89
31 34
31 35
31 36
31 38
31 40
31 46
31 50
31 51
31 52
31 57
31 60
31 64
31 75
31 80
31 82
32 33
32 34
32 39
32 41
32 46
32 49
32 50
32 51
32 52
32 56
32 59
32 67
32 73
32 80
32 81
32 82
32 84
32 85
32 86
33 35
33 41
33 45
33 47
33 56
33 61
33 64
33 70
33 71
33 72
33 74
33 77
33 79
33 82
33 84
33 87
34 37
34 45
34 54
34 55
34 65
34 69
34 72
34 81
34 86
34 87
34 89
35 36
35 38
35 42
35 46
35 52
35 59
35 65
35 72
35 73
35 82
35 84
35 85
35 88
35 89
36 41
36 42
36 48
36 50
36 51
36 53
36 55
36 56
36 58
36 60
36 62
36 66
36 75
36 76
36 77
36 80
36 81
36 82
36 87
37 45
37 49
37 54
37 63
37 69
37 71
37 72
37 77
37 80
37 83
37 89
38 39
38 40
38 43
38 46
38 48
38 49
38 54
38 55
38 59
38 60
38 61
38 64
38 65
38 71
38 73
38 75
38 76
38 77
38 79
38 84
38 86
39 45
39 48
39 49
39 53
39 59
39 61
39 69
39 78
39 85
39 89
40 51
40 55
40 58
40 59
40 65
40 70
40 72
40 78
40 80
40 85
40 86
41 54
41 56
41 57
41 60
41 64
41 66
41 72
41 76
41 80
41 81
41 86
41 89
42 47
42 48
42 51
42 54
42 58
42 64
42 65
42 67
42 68
42 81
42 85
42 89
43 55
43 56
43 58
43 59
43 62
43 69
43 76
43 77
43 78
43 80
43 81
44 47
44 50
44 53
44 65
44 66
44 67
44 68
44 73
44 74
44 86
45 47
45 62
45 65
45 67
45 70
45 71
45 73
45 77
45 89
46 50
46 53
46 55
46 56
46 65
46 68
46 71
46 79
46 81
46 88
47 48
47 49
47 54
47 55
47 59
47 61
47 62
47 63
47 64
47 67
47 68
47 69
47 70
47 74
47 75
47 79
47 81
47 88
48 49
48 50
48 52
48 54
48 62
48 64
48 66
48 70
48 74
48 75
48 78
48 82
48 84
48 85
48 88
48 89
49 56
49 57
49 67
49 73
49 74
49 82
49 85
49 87
50 52
50 55
50 60
50 62
50 66
50 68
50 69
50 72
50 73
50 76
50 80
50 83
50 89
51 53
51 54
51 56
51 57
51 58
51 60
51 65
51 66
51 67
51 70
51 71
51 72
51 76
51 79
51 80
51 81
51 84
51 85
51 87
51 88
52 55
52 58
52 63
52 64
52 66
52 67
52 75
52 76
52 77
52 85
52 87
52 89
53 59
53 63
53 64
53 65
53 69
53 70
53 71
53 73
53 75
53 76
53 79
53 81
53 87
54 55
54 56
54 60
54 62
54 64
54 68
54 71
54 75
54 77
54 83
54 85
54 86
54 87
55 62
55 70
55 74
55 75
55 76
55 80
55 81
55 82
55 83
55 86
55 89
56 57
56 60
56 61
56 62
56 65
56 81
56 84
57 58
57 64
57 67
57 68
57 69
57 74
57 75
57 76
57 85
58 60
58 63
58 85
58 88
58 89
59 60
59 66
59 67
59 68
59 69
59 70
59 73
59 84
60 63
60 67
60 75
60 77
60 78
60 83
60 84
61 62
61 68
61 73
61 74
61 75
61 76
61 78
61 82
61 84
61 86
62 63
62 66
62 68
62 69
62 74
62 85
63 70
63 77
63 82
63 84
63 85
63 86
64 67
64 69
64 72
64 76
64 77
64 78
64 79
64 80
64 85
64 86
65 68
65 73
65 74
65 75
65 77
65 80
65 81
65 84
65 86
66 67
66 74
66 75
66 76
66 78
66 86
66 88
66 89
67 70
67 72
67 76
67 81
67 83
67 84
67 88
67 89
68 70
68 72
68 78
68 85
68 86
69 74
69 75
69 85
70 75
70 76
70 79
70 83
70 85
70 88
71 77
71 78
71 79
71 81
71 84
71 88
71 89
72 73
72 76
72 79
72 85
72 86
72 88
73 77
73 84
73 86
73 88
73 89
74 77
74 79
74 83
74 86
75 82
75 83
75 89
76 80
76 82
77 83
77 85
77 87
77 88
78 79
78 80
78 81
79 80
79 81
79 82
79 86
79 87
80 88
81 82
81 85
81 86
82 87
83 88
83 89
84 85
84 88
85 88
86 87
26 57 70 13 43 48 77 41 1 45 16 39 56 71 23 9 37 20
81 60 83 86 89 33 65 15 7 73 69 59 34 49 72 63 88 53
21 18 25 27 5 68 47 78 87 28 58 10 52 61 3 40 19 11
46 22 4 0 17 84 75 54 6 35 66 62 36 82 14 30 85 44
79 12 31 67 76 38 8 50 74 32 24 29 51 80 2 42 64 55
