90
2002
7
65.32
6.71
79.51
88.12
40.13
30.21
92.47
0 1
0 2
0 3
0 5
0 6
0 7
0 9
0 10
0 12
0 18
0 19
0 20
0 22
0 23
0 24
0 25
0 26
0 28
0 31
0 32
0 33
0 36
0 38
0 39
0 40
0 42
0 44
0 48
0 49
0 50
0 52
0 53
0 58
0 59
0 61
0 68
0 69
0 71
0 75
0 77
0 78
0 79
0 80
0 84
0 86
0 87
0 88
0 89
1 5
1 9
1 10
1 11
1 12
1 13
1 14
1 17
1 18
1 19
1 20
1 21
1 22
1 24
1 25
1 29
1 33
1 35
1 39
1 43
1 44
1 45
1 47
1 48
1 52
1 54
1 57
1 58
1 62
1 63
1 64
1 65
1 67
1 69
1 71
1 72
1 73
1 74
1 79
1 80
1 81
1 82
1 85
1 87
1 88
2 9
2 10
2 11
2 14
2 15
2 18
2 19
2 22
2 23
2 28
2 32
2 33
2 34
2 36
2 37
2 38
2 44
2 45
2 48
2 49
2 50
2 52
2 53
2 54
2 55
2 56
2 58
2 60
2 61
2 65
2 66
2 69
2 70
2 74
2 77
2 78
2 82
2 88
2 89
3 4
3 5
3 7
3 9
3 11
3 12
3 15
3 17
3 20
3 22
3 25
3 26
3 27
3 28
3 29
3 30
3 33
3 37
3 40
3 41
3 42
3 43
3 44
3 45
3 46
3 48
3 52
3 56
3 58
3 61
3 64
3 65
3 68
3 70
3 74
3 75
3 76
3 79
3 84
3 89
4 5
4 6
4 7
4 8
4 9
4 10
4 11
4 15
4 16
4 17
4 25
4 26
4 27
4 29
4 30
4 31
4 32
4 33
4 34
4 35
4 36
4 37
4 39
4 40
4 41
4 42
4 43
4 44
4 45
4 49
4 50
4 52
4 53
4 54
4 55
4 57
4 58
4 61
4 62
4 66
4 67
4 68
4 69
4 70
4 72
4 76
4 78
4 80
4 81
4 82
4 83
4 85
4 86
4 88
4 89
5 7
5 10
5 11
5 14
5 17
5 18
5 19
5 22
5 23
5 25
5 27
5 28
5 32
5 34
5 35
5 36
5 40
5 42
5 44
5 51
5 52
5 54
5 55
5 56
5 57
5 63
5 64
5 67
5 71
5 72
5 74
5 78
5 79
5 80
5 81
5 86
5 88
5 89
6 8
6 9
6 11
6 18
6 19
6 21
6 24
6 25
6 26
6 29
6 30
6 32
6 33
6 34
6 35
6 36
6 37
6 38
6 45
6 46
6 51
6 52
6 53
6 56
6 57
6 58
6 59
6 61
6 62
6 68
6 69
6 73
6 75
6 76
6 77
6 79
6 80
6 84
6 87
6 88
6 89
7 11
7 13
7 17
7 18
7 19
7 20
7 23
7 25
7 26
7 27
7 28
7 29
7 30
7 34
7 35
7 36
7 38
7 39
7 41
7 42
7 44
7 49
7 50
7 53
7 56
7 60
7 63
7 66
7 67
7 71
7 73
7 76
7 80
7 81
7 82
7 83
7 89
8 11
8 13
8 14
8 15
8 18
8 19
8 20
8 22
8 24
8 25
8 26
8 30
8 31
8 34
8 35
8 36
8 37
8 38
8 39
8 40
8 43
8 44
8 45
8 46
8 47
8 49
8 52
8 53
8 54
8 55
8 56
8 60
8 65
8 67
8 69
8 70
8 71
8 73
8 74
8 75
8 78
8 79
8 82
8 83
8 85
8 86
8 87
8 88
8 89
9 10
9 11
9 12
9 15
9 17
9 22
9 23
9 24
9 26
9 28
9 29
9 34
9 36
9 37
9 38
9 39
9 41
9 44
9 45
9 49
9 50
9 52
9 54
9 56
9 58
9 61
9 64
9 67
9 72
9 74
9 76
9 78
9 80
9 81
9 82
9 83
9 85
9 88
9 89
10 14
10 17
10 18
10 19
10 20
10 22
10 23
10 26
10 29
10 30
10 31
10 32
10 33
10 35
10 36
10 37
10 39
10 40
10 41
10 42
10 44
10 46
10 48
10 51
10 52
10 53
10 54
10 56
10 58
10 59
10 60
10 62
10 63
10 64
10 65
10 66
10 68
10 70
10 72
10 74
10 76
10 77
10 83
10 84
10 85
10 87
11 12
11 14
11 17
11 18
11 20
11 22
11 23
11 27
11 29
11 31
11 32
11 34
11 35
11 36
11 38
11 43
11 44
11 45
11 46
11 51
11 54
11 55
11 56
11 57
11 58
11 60
11 62
11 63
11 64
11 65
11 66
11 71
11 72
11 77
11 78
11 80
11 83
11 86
11 87
11 89
12 14
12 16
12 18
12 20
12 21
12 24
12 26
12 30
12 31
12 34
12 35
12 39
12 42
12 44
12 45
12 49
12 50
12 51
12 54
12 55
12 58
12 59
12 61
12 62
12 67
12 68
12 72
12 75
12 84
12 87
12 88
13 14
13 15
13 17
13 20
13 22
13 23
13 25
13 26
13 28
13 30
13 34
13 35
13 36
13 37
13 42
13 43
13 48
13 49
13 51
13 52
13 53
13 54
13 56
13 59
13 62
13 63
13 65
13 71
13 72
13 74
13 76
13 81
13 82
13 83
13 84
13 85
13 86
13 88
14 16
14 17
14 18
14 20
14 21
14 22
14 24
14 25
14 30
14 32
14 33
14 35
14 36
14 38
14 41
14 42
14 46
14 47
14 48
14 49
14 51
14 52
14 56
14 57
14 58
14 61
14 62
14 64
14 70
14 72
14 73
14 75
14 77
14 79
14 80
14 81
14 85
14 88
15 20
15 23
15 24
15 28
15 29
15 30
15 32
15 33
15 34
15 39
15 42
15 44
15 45
15 49
15 52
15 54
15 55
15 57
15 60
15 62
15 64
15 65
15 66
15 67
15 68
15 69
15 74
15 78
15 80
15 84
15 85
15 87
15 89
16 17
16 18
16 20
16 21
16 22
16 23
16 25
16 26
16 27
16 31
16 32
16 33
16 34
16 35
16 39
16 43
16 45
16 47
16 50
16 51
16 53
16 56
16 57
16 58
16 60
16 67
16 69
16 72
16 74
16 76
16 80
16 81
16 82
16 84
16 86
16 87
16 88
17 18
17 20
17 23
17 24
17 29
17 34
17 36
17 39
17 41
17 43
17 44
17 45
17 47
17 48
17 49
17 50
17 51
17 52
17 53
17 54
17 56
17 61
17 62
17 64
17 65
17 67
17 68
17 69
17 70
17 72
17 75
17 76
17 79
17 80
17 82
17 84
17 86
17 87
17 88
17 89
18 19
18 20
18 22
18 23
18 24
18 25
18 27
18 29
18 30
18 31
18 33
18 35
18 36
18 37
18 41
18 44
18 45
18 47
18 48
18 49
18 50
18 51
18 52
18 53
18 57
18 59
18 60
18 61
18 63
18 64
18 65
18 66
18 67
18 69
18 70
18 71
18 75
18 76
18 77
18 79
18 80
18 81
18 82
18 84
18 86
18 87
19 20
19 22
19 24
19 26
19 29
19 30
19 32
19 33
19 37
19 40
19 41
19 42
19 45
19 46
19 51
19 53
19 54
19 55
19 59
19 60
19 61
19 62
19 65
19 66
19 68
19 71
19 74
19 77
19 78
19 79
19 81
19 82
19 83
19 87
20 22
20 23
20 26
20 28
20 29
20 33
20 35
20 38
20 41
20 42
20 45
20 46
20 49
20 50
20 54
20 55
20 59
20 61
20 62
20 63
20 64
20 67
20 68
20 70
20 73
20 74
20 75
20 77
20 82
20 86
20 88
20 89
21 22
21 23
21 24
21 26
21 27
21 29
21 30
21 35
21 37
21 39
21 40
21 43
21 46
21 47
21 49
21 50
21 53
21 55
21 58
21 59
21 60
21 62
21 63
21 66
21 67
21 70
21 71
21 73
21 76
21 78
21 82
21 85
21 86
21 87
22 23
22 26
22 29
22 32
22 33
22 34
22 35
22 36
22 38
22 44
22 46
22 47
22 49
22 54
22 55
22 57
22 62
22 64
22 65
22 67
22 69
22 70
22 71
22 72
22 74
22 75
22 81
22 83
22 84
22 87
22 89
23 27
23 29
23 32
23 33
23 35
23 37
23 38
23 39
23 44
23 45
23 46
23 48
23 49
23 52
23 53
23 54
23 55
23 58
23 59
23 60
23 61
23 62
23 63
23 64
23 65
23 73
23 78
23 79
23 81
23 82
23 84
23 85
23 86
23 88
24 26
24 27
24 28
24 29
24 30
24 31
24 32
24 34
24 38
24 39
24 40
24 42
24 43
24 45
24 47
24 49
24 50
24 54
24 56
24 57
24 59
24 63
24 66
24 67
24 68
24 69
24 71
24 74
24 76
24 80
24 81
24 85
24 86
24 88
24 89
25 27
25 31
25 32
25 33
25 35
25 37
25 39
25 40
25 41
25 42
25 43
25 48
25 53
25 57
25 60
25 62
25 64
25 68
25 69
25 70
25 71
25 72
25 73
25 74
25 79
25 81
25 84
25 85
25 87
26 28
26 32
26 33
26 35
26 37
26 40
26 41
26 44
26 45
26 46
26 49
26 50
26 51
26 54
26 56
26 63
26 65
26 66
26 68
26 72
26 74
26 75
26 77
26 78
26 79
26 83
26 85
26 86
26 87
27 31
27 42
27 45
27 47
27 50
27 51
27 53
27 54
27 55
27 58
27 60
27 66
27 70
27 71
27 73
27 76
27 80
27 83
27 84
27 86
27 87
27 88
27 89
28 29
28 30
28 31
28 32
28 39
28 40
28 41
28 43
28 44
28 48
28 49
28 50
28 52
28 53
28 56
28 57
28 58
28 59
28 61
28 62
28 65
28 66
28 67
28 68
28 69
28 71
28 72
28 75
28 76
28 83
28 85
28 88
29 30
29 33
29 34
29 36
29 37
29 39
29 40
29 41
29 42
29 43
29 45
29 46
29 47
29 48
29 51
29 52
29 53
29 58
29 59
29 61
29 63
29 65
29 66
29 67
29 68
29 71
29 73
29 76
29 80
29 81
29 89
30 32
30 34
30 35
30 36
30 37
30 38
30 39
30 47
30 50
30 51
30 52
30 53
30 54
30 55
30 57
30 58
30 60
30 61
30 62
30 63
30 64
30 66
30 68
30 69
30 73
30 74
30 76
30 82
30 83
30 85
30 89
31 32
31 45
31 46
31 47
31 53
31 54
31 55
31 57
31 58
31 61
31 63
31 64
31 68
31 69
31 74
31 75
31 76
31 79
31 80
31 81
31 84
31 86
31 87
31 88
31 89
32 34
32 35
32 36
32 37
32 38
32 39
32 41
32 42
32 43
32 45
32 48
32 49
32 52
32 59
32 60
32 63
32 64
32 65
32 66
32 69
32 73
32 77
32 80
32 82
32 83
32 85
32 88
33 37
33 42
33 43
33 45
33 51
33 54
33 57
33 58
33 59
33 61
33 63
33 64
33 67
33 68
33 69
33 70
33 79
33 82
33 84
33 85
33 86
33 88
34 39
34 42
34 45
34 48
34 49
34 51
34 55
34 56
34 57
34 58
34 59
34 60
34 65
34 72
34 76
34 77
34 79
34 83
34 85
34 87
34 88
35 38
35 40
35 45
35 48
35 52
35 53
35 57
35 59
35 60
35 65
35 66
35 67
35 68
35 69
35 71
35 72
35 73
35 74
35 76
35 77
35 78
35 79
35 80
35 82
35 83
35 84
35 85
35 86
36 38
36 40
36 41
36 44
36 45
36 51
36 57
36 58
36 59
36 60
36 63
36 64
36 69
36 70
36 71
36 73
36 74
36 75
36 79
36 80
36 83
36 86
36 87
37 40
37 42
37 43
37 47
37 48
37 49
37 57
37 59
37 61
37 63
37 64
37 67
37 68
37 71
37 72
37 74
37 76
37 77
37 78
37 81
37 83
37 84
37 85
37 89
38 41
38 46
38 47
38 53
38 55
38 56
38 57
38 62
38 64
38 66
38 68
38 69
38 70
38 72
38 73
38 74
38 75
38 77
38 78
38 79
38 80
38 84
38 89
39 40
39 41
39 43
39 45
39 47
39 50
39 51
39 52
39 53
39 54
39 56
39 59
39 60
39 65
39 66
39 68
39 69
39 75
39 76
39 77
39 78
39 79
39 80
39 81
39 82
39 84
39 85
39 87
39 88
39 89
40 41
40 44
40 46
40 48
40 49
40 51
40 53
40 54
40 56
40 59
40 61
40 62
40 63
40 65
40 66
40 68
40 69
40 72
40 74
40 75
40 78
40 79
40 82
40 85
40 87
40 88
40 89
41 42
41 44
41 46
41 47
41 48
41 49
41 50
41 53
41 55
41 58
41 59
41 60
41 61
41 62
41 64
41 66
41 71
41 72
41 73
41 75
41 77
41 78
41 80
41 81
41 82
41 86
41 87
41 89
42 44
42 46
42 47
42 49
42 50
42 51
42 54
42 58
42 59
42 60
42 62
42 63
42 67
42 68
42 69
42 71
42 72
42 73
42 74
42 75
42 78
42 79
42 80
42 81
42 83
42 85
42 87
42 89
43 44
43 45
43 46
43 48
43 49
43 51
43 57
43 58
43 59
43 61
43 63
43 70
43 71
43 72
43 75
43 77
43 78
43 79
43 81
43 82
43 83
43 87
44 46
44 47
44 48
44 50
44 52
44 53
44 54
44 55
44 56
44 59
44 61
44 62
44 63
44 67
44 68
44 69
44 72
44 73
44 74
44 76
44 78
44 79
44 80
44 83
44 86
44 88
44 89
45 46
45 48
45 49
45 51
45 54
45 55
45 59
45 60
45 62
45 63
45 64
45 65
45 66
45 68
45 69
45 71
45 72
45 74
45 80
45 81
45 82
45 85
45 86
45 89
46 47
46 48
46 49
46 51
46 53
46 55
46 59
46 60
46 62
46 64
46 65
46 66
46 68
46 71
46 72
46 73
46 74
46 76
46 78
46 81
46 83
46 84
46 85
46 88
47 48
47 50
47 52
47 56
47 58
47 59
47 60
47 62
47 64
47 65
47 67
47 68
47 71
47 73
47 74
47 75
47 76
47 77
47 79
47 80
47 81
47 84
47 85
47 87
47 89
48 50
48 52
48 54
48 57
48 59
48 61
48 62
48 64
48 65
48 67
48 68
48 74
48 76
48 78
48 79
48 80
48 81
48 87
48 88
49 50
49 51
49 56
49 57
49 58
49 60
49 62
49 64
49 66
49 67
49 68
49 69
49 70
49 71
49 72
49 74
49 75
49 80
49 83
49 84
49 86
49 89
50 51
50 54
50 55
50 60
50 61
50 63
50 65
50 67
50 68
50 70
50 72
50 74
50 76
50 78
50 81
50 83
50 84
50 87
50 88
50 89
51 52
51 57
51 58
51 59
51 60
51 64
51 65
51 69
51 72
51 73
51 74
51 76
51 79
51 80
51 81
51 83
51 84
51 86
51 88
51 89
52 53
52 57
52 58
52 59
52 62
52 63
52 64
52 66
52 67
52 68
52 69
52 70
52 73
52 74
52 76
52 77
52 78
52 79
52 81
52 84
52 85
52 88
52 89
53 57
53 58
53 60
53 61
53 62
53 63
53 65
53 66
53 74
53 77
53 80
53 84
53 87
53 89
54 55
54 58
54 59
54 60
54 62
54 63
54 64
54 65
54 66
54 69
54 72
54 75
54 76
54 77
54 79
54 80
54 82
54 84
54 86
54 88
55 58
55 59
55 61
55 65
55 66
55 68
55 70
55 74
55 75
55 79
55 80
55 82
55 83
55 84
55 85
55 89
56 63
56 65
56 68
56 74
56 75
56 78
56 80
56 81
56 83
56 85
56 86
57 58
57 61
57 71
57 73
57 74
57 75
57 77
57 79
57 80
57 86
57 88
57 89
58 61
58 63
58 64
58 66
58 69
58 71
58 72
58 73
58 74
58 75
58 77
58 83
58 88
59 63
59 64
59 65
59 67
59 68
59 69
59 71
59 75
59 76
59 78
59 81
59 86
59 87
59 88
60 61
60 62
60 64
60 65
60 66
60 67
60 68
60 70
60 71
60 72
60 74
60 76
60 78
60 80
60 82
60 83
60 87
60 89
61 64
61 65
61 66
61 67
61 68
61 69
61 70
61 72
61 76
61 79
61 81
61 83
61 84
61 89
62 65
62 71
62 74
62 75
62 76
62 81
62 83
62 87
63 67
63 69
63 70
63 71
63 73
63 74
63 76
63 78
63 81
63 82
63 84
63 85
63 87
63 89
64 65
64 68
64 69
64 70
64 71
64 75
64 76
64 77
64 78
64 79
64 80
64 81
64 83
64 85
65 67
65 69
65 70
65 72
65 73
65 74
65 77
65 82
65 87
66 70
66 71
66 74
66 76
66 77
66 82
66 83
66 84
66 87
66 89
67 69
67 70
67 74
67 76
67 77
67 78
67 81
67 82
67 84
67 87
67 89
68 69
68 73
68 74
68 78
68 81
68 82
68 83
68 86
68 87
68 88
68 89
69 76
69 78
69 79
69 82
69 84
69 85
69 86
69 89
70 71
70 72
70 73
70 80
70 81
70 82
70 84
70 85
70 86
70 89
71 72
71 76
71 80
71 84
71 85
71 86
71 87
71 88
72 73
72 77
72 78
72 79
72 87
72 88
72 89
73 75
73 78
73 79
73 80
73 81
73 83
73 84
73 85
73 86
73 87
73 89
74 75
74 79
74 86
74 87
74 89
75 76
75 77
75 78
75 80
75 83
75 84
75 85
75 86
75 88
75 89
76 81
76 82
76 84
76 86
76 87
76 88
76 89
77 78
77 82
77 84
77 85
77 86
78 79
78 80
78 82
78 83
78 85
78 86
78 87
78 88
78 89
79 84
79 85
79 86
79 87
79 88
79 89
80 81
80 87
80 89
81 82
81 87
81 88
81 89
82 84
82 85
82 86
82 88
83 86
83 88
84 87
85 86
85 87
85 88
85 89
86 88
88 89
14 21 82 25 36 53 11 33 89 57 3 84 80
38 50 76 34 55 10 86 78 44 46 58 63 88
42 40 32 6 5 72 52 45 12 47 17 60 18
75 20 87 29 31 27 64 19 1 9 56 54 13
70 81 39 8 43 51 15 83 0 2 61 77 66
71 67 49 35 4 68 24 7 59 85 16 69 22
79 28 73 41 26 48 23 74 30 65 37 62
