90
1987
4
1.32
49.31
34.23
37.33
0 2
0 4
0 5
0 8
0 9
0 13
0 14
0 15
0 17
0 20
0 21
0 22
0 23
0 24
0 25
0 26
0 28
0 37
0 39
0 42
0 44
0 46
0 47
0 48
0 50
0 51
0 53
0 54
0 56
0 57
0 58
0 59
0 63
0 65
0 66
0 67
0 69
0 74
0 78
0 81
0 83
0 84
0 85
0 86
0 88
1 4
1 5
1 6
1 10
1 11
1 14
1 15
1 16
1 17
1 18
1 20
1 23
1 29
1 30
1 34
1 35
1 38
1 39
1 42
1 43
1 44
1 45
1 48
1 49
1 54
1 58
1 59
1 60
1 61
1 62
1 65
1 66
1 67
1 70
1 71
1 75
1 80
1 84
1 85
2 3
2 6
2 8
2 9
2 12
2 14
2 16
2 21
2 24
2 25
2 27
2 28
2 30
2 32
2 33
2 34
2 35
2 40
2 41
2 44
2 47
2 48
2 49
2 50
2 51
2 52
2 53
2 54
2 59
2 63
2 64
2 70
2 71
2 72
2 73
2 74
2 75
2 76
2 77
2 81
2 82
2 84
2 86
2 87
2 88
3 5
3 7
3 10
3 16
3 17
3 18
3 19
3 23
3 24
3 26
3 28
3 31
3 32
3 36
3 37
3 38
3 40
3 44
3 46
3 48
3 51
3 52
3 53
3 55
3 57
3 61
3 62
3 63
3 65
3 66
3 67
3 68
3 70
3 71
3 72
3 73
3 74
3 75
3 76
3 77
3 78
3 79
3 80
3 86
3 89
4 14
4 15
4 19
4 22
4 23
4 26
4 27
4 28
4 29
4 30
4 32
4 33
4 35
4 40
4 42
4 44
4 47
4 48
4 49
4 51
4 55
4 57
4 58
4 59
4 60
4 61
4 62
4 63
4 66
4 68
4 70
4 71
4 75
4 76
4 77
4 78
4 81
4 82
4 85
4 86
4 88
4 89
5 6
5 9
5 12
5 14
5 15
5 19
5 20
5 22
5 26
5 27
5 28
5 29
5 30
5 32
5 33
5 39
5 40
5 44
5 46
5 48
5 50
5 52
5 54
5 55
5 56
5 58
5 60
5 62
5 63
5 65
5 67
5 68
5 69
5 70
5 71
5 72
5 74
5 76
5 81
5 82
5 84
5 88
5 89
6 7
6 11
6 12
6 13
6 17
6 18
6 20
6 22
6 25
6 27
6 29
6 30
6 31
6 33
6 34
6 35
6 36
6 38
6 39
6 40
6 41
6 42
6 43
6 47
6 48
6 50
6 53
6 54
6 55
6 56
6 58
6 60
6 62
6 63
6 64
6 65
6 66
6 67
6 68
6 69
6 71
6 72
6 73
6 75
6 76
6 77
6 79
6 80
6 82
6 83
6 85
6 86
6 87
6 88
7 8
7 11
7 12
7 15
7 17
7 19
7 20
7 21
7 26
7 28
7 32
7 33
7 35
7 36
7 37
7 38
7 39
7 40
7 41
7 43
7 44
7 48
7 53
7 55
7 56
7 58
7 62
7 63
7 66
7 67
7 69
7 71
7 72
7 74
7 79
7 80
7 84
7 85
7 86
7 88
7 89
8 14
8 19
8 25
8 27
8 29
8 33
8 34
8 36
8 37
8 39
8 40
8 41
8 45
8 47
8 48
8 51
8 52
8 53
8 54
8 55
8 58
8 59
8 60
8 61
8 62
8 63
8 64
8 69
8 70
8 74
8 75
8 76
8 77
8 81
8 82
8 84
8 85
8 87
8 88
9 12
9 15
9 18
9 20
9 22
9 24
9 26
9 28
9 29
9 31
9 32
9 33
9 34
9 38
9 42
9 44
9 45
9 47
9 48
9 49
9 50
9 52
9 55
9 56
9 57
9 61
9 62
9 64
9 65
9 68
9 69
9 70
9 71
9 74
9 75
9 76
9 77
9 84
9 88
10 12
10 13
10 16
10 21
10 23
10 25
10 26
10 31
10 32
10 38
10 40
10 44
10 45
10 46
10 49
10 56
10 58
10 60
10 62
10 65
10 66
10 67
10 74
10 75
10 76
10 77
10 78
10 79
10 80
10 81
10 83
10 85
10 87
10 88
10 89
11 13
11 14
11 16
11 17
11 23
11 24
11 25
11 29
11 30
11 32
11 35
11 37
11 39
11 43
11 47
11 49
11 50
11 53
11 55
11 57
11 60
11 61
11 63
11 66
11 69
11 70
11 71
11 72
11 78
11 81
11 88
12 13
12 14
12 15
12 17
12 18
12 19
12 25
12 26
12 27
12 28
12 30
12 31
12 32
12 35
12 37
12 38
12 43
12 47
12 49
12 50
12 52
12 53
12 54
12 55
12 56
12 57
12 58
12 59
12 62
12 63
12 64
12 72
12 76
12 79
12 80
12 84
12 85
12 86
12 88
13 14
13 15
13 16
13 17
13 20
13 21
13 22
13 24
13 28
13 29
13 30
13 31
13 34
13 35
13 39
13 43
13 44
13 45
13 48
13 50
13 52
13 56
13 62
13 64
13 66
13 69
13 70
13 71
13 77
13 78
13 81
13 82
13 86
13 87
13 89
14 15
14 16
14 18
14 20
14 21
14 22
14 23
14 25
14 28
14 31
14 32
14 34
14 35
14 37
14 38
14 39
14 42
14 43
14 45
14 46
14 47
14 50
14 52
14 53
14 54
14 56
14 60
14 63
14 65
14 66
14 67
14 69
14 70
14 71
14 72
14 74
14 76
14 78
14 79
14 80
14 83
14 84
14 85
14 86
14 88
14 89
15 16
15 18
15 22
15 25
15 28
15 30
15 32
15 33
15 34
15 39
15 41
15 42
15 43
15 45
15 46
15 47
15 49
15 51
15 54
15 61
15 62
15 63
15 67
15 69
15 71
15 74
15 76
15 77
15 80
15 82
15 83
15 84
15 85
15 87
15 88
16 21
16 22
16 23
16 24
16 32
16 33
16 37
16 38
16 40
16 41
16 42
16 45
16 47
16 49
16 50
16 51
16 52
16 53
16 55
16 56
16 57
16 61
16 63
16 65
16 67
16 68
16 70
16 71
16 78
16 81
16 82
16 85
16 87
16 88
16 89
17 18
17 20
17 22
17 24
17 25
17 26
17 27
17 28
17 34
17 36
17 38
17 40
17 44
17 47
17 49
17 51
17 54
17 55
17 59
17 60
17 64
17 65
17 66
17 67
17 71
17 72
17 73
17 77
17 78
17 79
17 82
17 84
17 87
17 89
18 19
18 23
18 24
18 25
18 28
18 29
18 32
18 34
18 37
18 39
18 40
18 43
18 48
18 51
18 52
18 53
18 54
18 57
18 61
18 67
18 69
18 71
18 72
18 76
18 81
18 87
19 21
19 24
19 26
19 28
19 32
19 34
19 35
19 36
19 38
19 39
19 41
19 42
19 43
19 46
19 47
19 49
19 54
19 55
19 57
19 58
19 59
19 60
19 61
19 62
19 64
19 65
19 66
19 68
19 70
19 72
19 74
19 76
19 77
19 78
19 80
19 86
19 87
19 88
19 89
20 22
20 24
20 28
20 29
20 30
20 31
20 32
20 33
20 35
20 36
20 39
20 43
20 46
20 47
20 48
20 49
20 50
20 51
20 52
20 53
20 54
20 55
20 57
20 59
20 61
20 63
20 65
20 66
20 69
20 70
20 71
20 74
20 78
20 84
20 85
20 86
20 88
20 89
21 22
21 24
21 26
21 27
21 30
21 33
21 36
21 40
21 44
21 45
21 46
21 49
21 51
21 53
21 54
21 55
21 56
21 57
21 59
21 63
21 65
21 69
21 70
21 71
21 72
21 74
21 75
21 79
21 83
21 85
21 87
21 88
21 89
22 23
22 24
22 26
22 30
22 32
22 34
22 36
22 37
22 40
22 41
22 43
22 44
22 45
22 46
22 47
22 48
22 49
22 50
22 53
22 54
22 55
22 58
22 61
22 62
22 63
22 64
22 67
22 69
22 73
22 74
22 77
22 81
22 84
22 86
22 88
23 24
23 25
23 30
23 33
23 34
23 36
23 37
23 38
23 40
23 42
23 43
23 46
23 47
23 48
23 49
23 51
23 52
23 53
23 55
23 56
23 58
23 59
23 61
23 62
23 63
23 65
23 68
23 71
23 72
23 73
23 75
23 76
23 80
23 82
23 83
23 85
23 86
23 89
24 25
24 26
24 29
24 31
24 32
24 34
24 35
24 36
24 39
24 40
24 41
24 44
24 47
24 49
24 51
24 53
24 54
24 57
24 58
24 59
24 61
24 64
24 67
24 73
24 75
24 76
24 77
24 78
24 79
24 80
24 81
24 82
24 83
24 84
24 86
24 87
25 26
25 27
25 29
25 31
25 33
25 34
25 36
25 38
25 39
25 40
25 41
25 43
25 44
25 46
25 47
25 50
25 52
25 55
25 56
25 61
25 63
25 65
25 66
25 67
25 69
25 72
25 74
25 76
25 77
25 80
25 81
25 86
25 88
26 27
26 30
26 32
26 33
26 35
26 36
26 37
26 41
26 43
26 45
26 46
26 48
26 49
26 51
26 52
26 54
26 56
26 60
26 61
26 62
26 65
26 67
26 72
26 75
26 77
26 81
26 82
26 87
26 88
27 29
27 30
27 31
27 32
27 34
27 35
27 36
27 37
27 40
27 41
27 42
27 43
27 45
27 52
27 55
27 57
27 58
27 60
27 61
27 62
27 66
27 68
27 72
27 75
27 76
27 80
27 81
27 83
27 85
27 86
27 87
27 88
27 89
28 32
28 33
28 34
28 41
28 43
28 46
28 47
28 48
28 49
28 50
28 51
28 53
28 54
28 56
28 57
28 59
28 60
28 61
28 62
28 64
28 66
28 69
28 70
28 73
28 75
28 77
28 81
28 82
28 83
28 84
28 85
28 88
29 36
29 40
29 41
29 42
29 45
29 46
29 47
29 51
29 52
29 55
29 56
29 57
29 58
29 59
29 63
29 66
29 68
29 72
29 75
29 78
29 79
29 81
29 82
29 84
29 85
29 88
29 89
30 31
30 33
30 36
30 37
30 39
30 41
30 43
30 44
30 47
30 48
30 50
30 51
30 54
30 56
30 57
30 58
30 59
30 60
30 62
30 66
30 69
30 73
30 75
30 76
30 77
30 80
30 81
30 83
30 84
30 87
30 88
31 34
31 35
31 36
31 37
31 40
31 46
31 47
31 49
31 52
31 53
31 55
31 58
31 60
31 61
31 62
31 64
31 65
31 68
31 71
31 72
31 74
31 75
31 76
31 77
31 82
31 83
31 85
31 87
32 34
32 36
32 38
32 42
32 44
32 45
32 46
32 47
32 49
32 50
32 52
32 54
32 55
32 56
32 61
32 62
32 64
32 67
32 69
32 70
32 71
32 73
32 78
32 81
32 82
32 83
32 88
32 89
33 35
33 37
33 41
33 47
33 48
33 50
33 52
33 53
33 56
33 58
33 59
33 60
33 61
33 63
33 64
33 65
33 66
33 67
33 68
33 69
33 74
33 75
33 77
33 78
33 79
33 80
33 81
33 82
33 83
33 85
33 88
33 89
34 36
34 37
34 40
34 42
34 45
34 46
34 52
34 53
34 55
34 62
34 63
34 64
34 65
34 66
34 69
34 72
34 73
34 74
34 78
34 79
34 82
34 83
34 84
34 86
34 88
34 89
35 37
35 39
35 41
35 44
35 48
35 53
35 55
35 56
35 57
35 58
35 59
35 61
35 64
35 65
35 66
35 68
35 69
35 70
35 72
35 76
35 82
35 85
35 86
35 87
35 89
36 37
36 38
36 39
36 41
36 42
36 43
36 44
36 47
36 50
36 54
36 55
36 58
36 63
36 64
36 66
36 69
36 70
36 73
36 74
36 75
36 81
36 84
36 85
36 86
36 87
36 88
36 89
37 38
37 39
37 41
37 42
37 43
37 44
37 47
37 48
37 49
37 51
37 54
37 55
37 57
37 58
37 59
37 61
37 63
37 67
37 68
37 69
37 70
37 73
37 80
37 83
37 86
37 87
37 88
37 89
38 39
38 43
38 45
38 46
38 47
38 52
38 53
38 54
38 55
38 56
38 57
38 60
38 64
38 66
38 67
38 70
38 71
38 73
38 74
38 75
38 78
38 83
38 84
38 89
39 40
39 41
39 42
39 43
39 44
39 45
39 46
39 49
39 62
39 63
39 64
39 65
39 66
39 69
39 70
39 71
39 73
39 78
39 81
39 82
39 86
39 87
39 89
40 42
40 43
40 44
40 45
40 47
40 48
40 50
40 51
40 52
40 59
40 61
40 62
40 63
40 64
40 66
40 67
40 68
40 69
40 71
40 72
40 74
40 75
40 76
40 79
40 80
40 84
40 88
40 89
41 44
41 45
41 47
41 48
41 53
41 55
41 57
41 58
41 62
41 63
41 64
41 65
41 67
41 68
41 70
41 71
41 72
41 73
41 74
41 75
41 76
41 78
41 79
41 80
41 83
41 86
41 87
42 43
42 44
42 45
42 46
42 47
42 48
42 49
42 50
42 51
42 52
42 55
42 58
42 59
42 63
42 65
42 68
42 69
42 70
42 74
42 77
42 79
42 80
42 83
42 84
42 86
42 87
42 88
43 44
43 46
43 47
43 53
43 56
43 57
43 59
43 60
43 63
43 65
43 66
43 68
43 70
43 71
43 72
43 73
43 74
43 75
43 76
43 77
43 78
43 80
43 82
43 83
43 85
43 86
43 88
43 89
44 45
44 47
44 50
44 51
44 52
44 54
44 55
44 56
44 58
44 60
44 64
44 70
44 75
44 77
44 78
44 80
44 81
44 84
44 85
44 87
44 88
45 48
45 51
45 53
45 55
45 59
45 60
45 64
45 66
45 73
45 76
45 78
45 80
45 82
45 85
45 86
45 87
46 47
46 48
46 49
46 52
46 54
46 56
46 57
46 60
46 64
46 66
46 70
46 73
46 77
46 78
46 79
46 81
46 83
46 84
46 87
46 88
47 48
47 50
47 51
47 53
47 55
47 57
47 58
47 59
47 63
47 64
47 73
47 74
47 75
47 77
47 79
47 84
47 85
47 86
47 87
47 89
48 50
48 54
48 55
48 58
48 60
48 61
48 63
48 67
48 68
48 69
48 70
48 72
48 73
48 74
48 76
48 79
48 83
48 85
48 89
49 50
49 54
49 55
49 56
49 57
49 58
49 59
49 61
49 62
49 63
49 65
49 72
49 78
49 79
49 80
49 81
49 82
49 83
49 84
49 88
49 89
50 51
50 52
50 54
50 55
50 59
50 60
50 62
50 64
50 65
50 66
50 71
50 72
50 74
50 76
50 77
50 78
50 80
50 83
50 85
50 86
50 89
51 54
51 55
51 56
51 58
51 59
51 60
51 64
51 67
51 68
51 69
51 70
51 71
51 72
51 73
51 74
51 75
51 81
51 82
51 86
52 56
52 57
52 59
52 62
52 63
52 64
52 65
52 66
52 67
52 68
52 70
52 71
52 72
52 74
52 76
52 78
52 81
52 89
53 59
53 63
53 66
53 71
53 79
53 82
53 84
53 89
54 58
54 59
54 61
54 63
54 65
54 66
54 69
54 75
54 76
54 80
54 82
54 83
54 84
54 86
55 60
55 65
55 66
55 68
55 70
55 71
55 72
55 76
55 78
55 79
55 80
55 83
55 84
55 87
55 89
56 57
56 58
56 59
56 60
56 62
56 63
56 67
56 69
56 72
56 76
56 77
56 78
56 80
56 81
56 83
56 84
56 85
56 88
56 89
57 58
57 59
57 62
57 64
57 66
57 67
57 70
57 72
57 74
57 75
57 77
57 81
57 83
57 84
57 85
57 88
57 89
58 60
58 65
58 67
58 71
58 72
58 76
58 77
58 80
58 86
58 87
58 88
58 89
59 60
59 61
59 65
59 66
59 67
59 69
59 71
59 74
59 77
59 79
59 81
59 82
59 84
59 87
59 89
60 61
60 62
60 65
60 66
60 69
60 70
60 71
60 72
60 74
60 77
60 78
60 79
60 81
60 82
60 85
60 88
61 66
61 69
61 72
61 74
61 78
61 79
61 80
61 81
61 83
61 84
61 89
62 63
62 68
62 69
62 73
62 74
62 76
62 78
62 79
62 81
62 83
62 84
62 86
62 89
63 64
63 69
63 70
63 72
63 74
63 76
63 77
63 78
63 79
63 83
63 84
63 86
63 88
63 89
64 65
64 66
64 67
64 69
64 74
64 80
64 86
64 87
65 66
65 67
65 68
65 70
65 77
65 78
65 79
65 80
65 83
65 85
65 86
66 71
66 72
66 73
66 74
66 78
66 79
66 81
66 82
66 85
66 86
66 87
67 68
67 71
67 74
67 77
67 79
67 80
67 82
67 83
67 84
67 89
68 73
68 74
68 75
68 77
68 81
68 82
68 85
68 86
68 87
68 89
69 71
69 74
69 75
69 76
69 77
69 80
69 83
69 84
69 86
69 87
69 88
70 74
70 79
70 85
70 88
71 72
71 74
71 77
71 80
71 81
71 82
71 85
71 87
71 88
71 89
72 74
72 76
72 77
72 78
72 80
72 81
72 84
72 88
72 89
73 74
73 75
73 77
73 79
73 80
73 82
73 83
73 84
73 85
73 87
73 88
73 89
74 76
74 77
74 83
74 86
74 87
75 79
75 82
75 85
75 86
75 87
76 79
76 82
76 83
76 84
76 87
76 89
77 78
77 79
77 80
77 81
77 82
77 83
77 84
77 85
77 86
77 87
77 88
78 80
78 81
78 84
79 80
79 82
79 84
79 86
80 83
80 84
80 88
80 89
81 82
81 83
81 84
81 87
81 88
82 84
82 85
82 87
82 89
83 84
83 86
83 89
84 86
84 87
84 88
84 89
85 86
85 87
86 89
87 89
88 89
74 79 37 13 45 1 43 49 64 61 39 0 28 88 12 35 69 16 78 70 76 84 83 58 5 73 71
29 65 20 40 53 81 87 54 50 18 51 56 26 63 62 6 17 9 27 82 14 36 48 60 10 85 15
89 32 31 2 47 68 7 52 38 42 4 57 44 34 86 22 41 23 19 8 77 66 55 67 30 75 46
25 11 33 21 24 72 59 80 3
