90
1190
10
80.84
86.41
71.8
22.92
81.76
88.75
87.27
88.45
9.97
89.26
0 10
0 13
0 19
0 24
0 25
0 26
0 35
0 37
0 40
0 41
0 42
0 44
0 46
0 49
0 51
0 52
0 53
0 56
0 63
0 66
0 71
0 74
0 75
0 83
0 84
0 85
0 89
1 2
1 3
1 5
1 6
1 9
1 11
1 14
1 26
1 28
1 29
1 31
1 34
1 44
1 45
1 47
1 49
1 55
1 56
1 57
1 58
1 60
1 66
1 67
1 71
1 72
1 73
1 74
1 79
1 80
1 84
1 86
1 88
2 7
2 10
2 13
2 16
2 20
2 28
2 29
2 30
2 41
2 43
2 46
2 50
2 52
2 53
2 57
2 60
2 65
2 70
2 74
2 76
2 77
2 80
2 82
2 84
2 88
3 6
3 9
3 14
3 16
3 20
3 28
3 31
3 33
3 36
3 37
3 43
3 44
3 45
3 49
3 50
3 52
3 53
3 54
3 58
3 76
3 78
3 88
4 7
4 9
4 10
4 15
4 17
4 22
4 25
4 28
4 30
4 31
4 34
4 40
4 48
4 50
4 54
4 59
4 61
4 71
4 72
4 83
4 86
4 89
5 7
5 9
5 11
5 15
5 16
5 19
5 25
5 30
5 31
5 33
5 37
5 41
5 51
5 54
5 55
5 57
5 59
5 61
5 63
5 66
5 68
5 70
5 73
5 75
5 81
5 85
5 87
6 9
6 12
6 14
6 15
6 19
6 27
6 35
6 37
6 38
6 43
6 45
6 48
6 51
6 55
6 57
6 59
6 60
6 64
6 67
6 69
6 76
6 77
6 78
6 83
6 87
6 88
6 89
7 8
7 10
7 13
7 16
7 18
7 21
7 22
7 23
7 28
7 29
7 30
7 39
7 40
7 45
7 55
7 56
7 63
7 64
7 66
7 68
7 70
7 75
7 76
7 79
7 84
7 88
7 89
8 10
8 16
8 18
8 25
8 37
8 38
8 40
8 42
8 44
8 48
8 51
8 56
8 57
8 58
8 66
8 68
8 72
8 77
8 87
8 89
9 11
9 13
9 23
9 33
9 41
9 43
9 45
9 46
9 49
9 53
9 55
9 60
9 69
9 73
9 77
9 78
9 81
9 85
9 86
9 87
9 88
9 89
10 11
10 14
10 20
10 23
10 24
10 27
10 28
10 40
10 41
10 42
10 43
10 57
10 61
10 62
10 63
10 64
10 65
10 66
10 78
10 81
10 89
11 12
11 21
11 27
11 36
11 37
11 44
11 47
11 61
11 62
11 68
11 73
11 75
11 76
11 78
11 80
11 85
11 86
11 87
11 89
12 14
12 17
12 18
12 30
12 31
12 36
12 41
12 53
12 55
12 61
12 65
12 72
12 73
12 76
12 79
12 80
12 81
12 82
12 85
12 89
13 14
13 15
13 16
13 20
13 27
13 30
13 35
13 37
13 42
13 43
13 46
13 50
13 53
13 55
13 60
13 61
13 65
13 66
13 71
13 76
13 77
13 78
13 79
13 84
13 88
14 16
14 19
14 24
14 30
14 38
14 44
14 48
14 50
14 55
14 56
14 58
14 59
14 60
14 61
14 67
14 72
14 73
14 74
14 77
14 79
14 81
14 84
14 86
15 16
15 20
15 21
15 22
15 24
15 25
15 27
15 30
15 34
15 36
15 41
15 45
15 47
15 48
15 50
15 52
15 53
15 59
15 62
15 64
15 72
15 76
15 80
15 82
16 21
16 26
16 31
16 32
16 41
16 42
16 45
16 46
16 59
16 60
16 71
16 78
16 82
16 87
16 88
17 19
17 20
17 21
17 22
17 25
17 27
17 29
17 30
17 31
17 35
17 44
17 46
17 47
17 48
17 50
17 55
17 57
17 62
17 64
17 65
17 73
17 76
17 77
17 78
17 81
17 85
17 87
18 19
18 22
18 24
18 25
18 27
18 42
18 44
18 46
18 48
18 49
18 50
18 51
18 54
18 71
18 72
18 73
18 75
18 76
18 80
18 84
19 22
19 24
19 29
19 33
19 37
19 39
19 41
19 43
19 45
19 47
19 52
19 55
19 57
19 58
19 62
19 63
19 65
19 67
19 69
19 76
19 87
19 88
19 89
20 21
20 30
20 32
20 35
20 36
20 39
20 45
20 47
20 48
20 49
20 50
20 51
20 53
20 54
20 56
20 57
20 70
20 74
20 75
20 78
20 82
20 84
20 89
21 24
21 26
21 27
21 30
21 32
21 33
21 34
21 37
21 42
21 43
21 44
21 47
21 53
21 54
21 58
21 60
21 61
21 64
21 65
21 70
21 75
21 79
21 85
21 86
22 23
22 24
22 25
22 26
22 28
22 29
22 30
22 34
22 36
22 37
22 43
22 45
22 46
22 47
22 49
22 50
22 51
22 60
22 63
22 65
22 71
22 72
22 79
22 84
22 85
22 88
23 26
23 29
23 30
23 31
23 36
23 37
23 42
23 45
23 49
23 51
23 52
23 57
23 60
23 61
23 64
23 66
23 74
23 75
23 77
23 78
23 79
23 81
24 26
24 27
24 30
24 39
24 40
24 42
24 44
24 45
24 47
24 50
24 51
24 56
24 58
24 59
24 60
24 61
24 62
24 63
24 66
24 67
24 68
24 69
24 70
24 71
24 72
24 73
24 79
24 84
24 85
24 87
24 88
25 28
25 38
25 39
25 42
25 44
25 51
25 55
25 56
25 62
25 68
25 69
25 71
25 73
25 74
25 75
25 76
25 77
25 83
25 87
26 27
26 36
26 53
26 55
26 57
26 63
26 66
26 71
26 76
26 84
26 86
26 87
27 30
27 34
27 36
27 41
27 42
27 44
27 46
27 51
27 55
27 57
27 58
27 59
27 62
27 63
27 65
27 74
27 76
27 79
27 80
27 81
27 83
27 85
27 86
27 87
28 30
28 34
28 35
28 36
28 39
28 43
28 44
28 46
28 51
28 54
28 61
28 62
28 63
28 66
28 69
28 70
28 74
28 80
28 81
28 82
28 87
29 30
29 31
29 33
29 36
29 39
29 43
29 53
29 56
29 63
29 69
29 74
29 77
29 83
30 33
30 37
30 41
30 47
30 48
30 52
30 54
30 57
30 58
30 59
30 60
30 77
30 79
30 80
30 81
30 84
30 88
31 33
31 37
31 41
31 47
31 48
31 51
31 54
31 55
31 61
31 67
31 68
31 78
31 79
31 82
31 85
32 34
32 36
32 38
32 41
32 43
32 50
32 52
32 56
32 59
32 61
32 63
32 65
32 70
32 73
32 75
32 76
32 79
32 80
32 85
32 87
32 89
33 34
33 35
33 42
33 48
33 49
33 53
33 54
33 57
33 61
33 62
33 63
33 68
33 70
33 71
33 73
33 76
33 88
34 35
34 37
34 39
34 41
34 44
34 45
34 49
34 54
34 59
34 62
34 66
34 74
34 79
34 86
34 87
34 88
35 36
35 37
35 41
35 43
35 46
35 51
35 52
35 53
35 54
35 58
35 63
35 65
35 66
35 68
35 80
35 82
35 84
35 87
35 88
36 45
36 46
36 47
36 49
36 52
36 53
36 55
36 56
36 58
36 61
36 65
36 67
36 80
36 81
36 82
36 85
36 86
36 88
36 89
37 41
37 43
37 44
37 55
37 59
37 65
37 71
37 72
37 75
37 83
37 86
37 89
38 43
38 51
38 57
38 60
38 62
38 66
38 72
38 73
38 75
38 80
38 86
38 89
39 42
39 51
39 52
39 55
39 58
39 60
39 61
39 70
39 72
39 76
39 77
39 80
39 81
39 83
39 84
39 89
40 42
40 43
40 46
40 47
40 49
40 50
40 58
40 60
40 66
40 67
40 69
40 70
40 73
40 75
40 80
40 83
41 42
41 47
41 51
41 56
41 59
41 60
41 61
41 66
41 72
41 74
41 76
41 78
41 79
41 87
42 43
42 44
42 46
42 48
42 57
42 60
42 62
42 65
42 68
42 75
42 76
42 79
42 89
43 44
43 46
43 54
43 55
43 56
43 58
43 60
43 63
43 66
43 71
43 77
43 79
43 82
43 89
44 45
44 46
44 47
44 48
44 53
44 56
44 59
44 61
44 63
44 70
44 74
44 88
45 55
45 57
45 69
45 70
45 77
45 83
45 85
46 48
46 49
46 50
46 52
46 56
46 61
46 62
46 70
46 79
46 82
46 86
46 87
46 89
47 49
47 50
47 51
47 57
47 58
47 64
47 65
47 72
47 74
47 75
47 82
47 84
47 86
47 89
48 49
48 51
48 52
48 63
48 66
48 70
48 71
48 74
48 87
49 54
49 55
49 60
49 61
49 65
49 67
49 72
49 73
49 81
49 87
50 51
50 56
50 57
50 58
50 64
50 66
50 68
50 70
50 71
50 72
50 76
50 78
50 79
50 82
50 84
51 53
51 54
51 55
51 60
51 62
51 63
51 67
51 73
51 79
51 82
51 84
51 85
52 56
52 63
52 67
52 76
52 79
52 87
52 88
53 54
53 55
53 57
53 58
53 59
53 60
53 61
53 62
53 63
53 65
53 66
53 68
53 72
53 74
53 80
53 81
54 55
54 57
54 58
54 59
54 61
54 70
54 71
54 75
54 77
54 80
54 82
54 85
54 86
54 88
55 59
55 60
55 72
55 78
55 81
55 82
55 84
55 88
55 89
56 63
56 65
56 67
56 69
56 71
56 79
56 83
56 85
57 58
57 59
57 61
57 66
57 67
57 68
57 72
57 75
57 80
57 82
58 59
58 63
58 68
58 69
58 75
58 78
58 80
58 82
58 86
58 88
59 61
59 62
59 65
59 66
59 67
59 70
59 77
59 79
59 84
59 88
60 61
60 65
60 66
60 68
60 75
60 77
60 79
60 80
60 83
60 86
61 63
61 80
61 85
61 89
62 79
62 80
62 83
62 86
62 87
62 88
63 64
63 65
63 67
63 68
64 69
64 71
64 72
64 74
64 77
64 81
64 87
64 88
64 89
65 73
65 76
65 78
65 79
65 85
66 75
66 80
66 89
67 80
67 89
68 73
68 74
68 76
68 78
68 79
68 80
68 81
68 85
68 86
68 88
68 89
69 70
69 74
69 75
69 76
69 77
69 78
69 82
69 84
69 88
70 71
70 75
70 76
70 77
71 72
71 73
71 77
71 80
71 86
72 75
72 77
72 84
72 88
72 89
73 76
73 78
73 88
74 85
74 87
75 77
75 80
75 86
76 79
76 81
76 85
77 78
77 79
77 81
79 89
80 82
80 87
80 89
81 82
81 85
81 86
81 88
81 89
82 84
82 85
82 86
82 88
84 85
84 89
85 87
85 89
86 88
88 89
10 1 2 73 14 44 88 86 62
49 32 61 68 24 22 21 58 20
29 34 57 80 50 25 63 0 33
13 47 31 43 60 74 9 53 39
64 56 89 7 84 11 19 30 18
15 76 77 69 3 55 46 27 12
75 17 72 65 5 66 71 45 28
82 42 8 79 38 78 36 85 37
6 16 40 67 26 83 41 4 59
87 23 70 54 48 51 81 35 52
