90
1624
7
43.32
63.27
36.18
27.9
72.47
25.54
90.84
0 3
0 4
0 8
0 9
0 11
0 13
0 15
0 16
0 17
0 19
0 21
0 24
0 25
0 28
0 29
0 32
0 38
0 41
0 42
0 44
0 48
0 52
0 54
0 55
0 57
0 59
0 61
0 62
0 67
0 71
0 72
0 74
0 76
0 77
0 78
0 81
0 82
0 84
0 86
1 3
1 10
1 12
1 14
1 16
1 19
1 22
1 24
1 26
1 33
1 39
1 40
1 42
1 48
1 51
1 54
1 56
1 57
1 61
1 67
1 72
1 74
1 76
1 78
1 79
1 82
1 83
1 85
1 88
2 3
2 4
2 5
2 7
2 11
2 14
2 19
2 23
2 24
2 25
2 28
2 33
2 34
2 37
2 38
2 42
2 43
2 46
2 47
2 49
2 50
2 54
2 55
2 62
2 66
2 67
2 69
2 71
2 72
2 78
2 81
2 86
2 87
3 7
3 17
3 18
3 21
3 24
3 28
3 29
3 30
3 31
3 34
3 35
3 37
3 40
3 45
3 47
3 51
3 54
3 55
3 56
3 61
3 63
3 64
3 69
3 71
3 72
3 77
3 80
3 86
3 87
3 89
4 5
4 6
4 7
4 9
4 10
4 12
4 13
4 15
4 17
4 21
4 22
4 23
4 24
4 26
4 27
4 29
4 30
4 32
4 34
4 35
4 36
4 38
4 43
4 47
4 48
4 49
4 53
4 54
4 57
4 58
4 59
4 61
4 63
4 65
4 66
4 68
4 71
4 73
4 74
4 75
4 79
4 80
4 81
4 85
4 88
5 10
5 11
5 12
5 15
5 16
5 19
5 20
5 21
5 22
5 23
5 24
5 26
5 27
5 30
5 32
5 33
5 34
5 35
5 38
5 39
5 40
5 45
5 47
5 49
5 50
5 52
5 53
5 55
5 59
5 61
5 62
5 65
5 66
5 68
5 72
5 73
5 74
5 75
5 76
5 79
5 81
5 83
5 89
6 7
6 9
6 11
6 12
6 13
6 15
6 18
6 26
6 27
6 30
6 31
6 32
6 33
6 39
6 40
6 41
6 46
6 48
6 50
6 53
6 56
6 59
6 61
6 63
6 64
6 70
6 71
6 75
6 77
6 82
6 84
6 88
7 8
7 18
7 19
7 32
7 36
7 37
7 40
7 41
7 48
7 54
7 55
7 59
7 61
7 68
7 70
7 71
7 75
7 79
7 84
7 87
7 88
7 89
8 15
8 18
8 19
8 25
8 26
8 27
8 28
8 29
8 30
8 33
8 34
8 35
8 38
8 39
8 41
8 44
8 46
8 48
8 49
8 54
8 55
8 56
8 59
8 63
8 65
8 67
8 69
8 72
8 73
8 77
8 79
8 80
8 81
9 16
9 19
9 20
9 22
9 28
9 29
9 30
9 34
9 36
9 38
9 41
9 42
9 43
9 45
9 47
9 49
9 52
9 54
9 55
9 56
9 58
9 63
9 64
9 65
9 77
9 80
9 81
9 87
10 22
10 24
10 27
10 35
10 36
10 39
10 41
10 42
10 44
10 45
10 46
10 51
10 52
10 57
10 60
10 62
10 65
10 67
10 69
10 75
10 76
10 77
10 78
10 79
10 80
10 81
10 84
11 14
11 18
11 19
11 21
11 23
11 25
11 30
11 33
11 34
11 39
11 44
11 45
11 47
11 50
11 51
11 56
11 60
11 65
11 68
11 72
11 75
11 79
11 82
11 83
11 88
12 14
12 18
12 21
12 22
12 24
12 26
12 27
12 29
12 35
12 40
12 44
12 45
12 46
12 47
12 48
12 50
12 54
12 58
12 60
12 61
12 66
12 69
12 70
12 71
12 72
12 77
12 78
12 81
12 83
12 84
12 88
12 89
13 17
13 21
13 22
13 23
13 28
13 31
13 32
13 37
13 38
13 40
13 41
13 42
13 43
13 44
13 45
13 46
13 47
13 50
13 51
13 55
13 64
13 67
13 71
13 72
13 76
13 77
13 78
13 79
13 80
13 82
13 83
13 85
13 89
14 15
14 18
14 22
14 23
14 24
14 26
14 29
14 31
14 32
14 37
14 38
14 40
14 42
14 43
14 46
14 51
14 55
14 61
14 62
14 63
14 65
14 66
14 68
14 69
14 70
14 71
14 73
14 74
14 77
14 79
14 81
14 86
14 89
15 16
15 17
15 23
15 29
15 31
15 36
15 37
15 39
15 41
15 42
15 44
15 45
15 48
15 51
15 54
15 55
15 56
15 57
15 58
15 60
15 61
15 64
15 65
15 66
15 67
15 68
15 69
15 72
15 73
15 74
15 78
15 81
15 82
15 83
15 85
15 86
15 87
15 89
16 19
16 20
16 22
16 28
16 29
16 32
16 41
16 42
16 45
16 46
16 47
16 56
16 63
16 64
16 65
16 66
16 67
16 74
16 79
16 81
16 84
16 85
16 89
17 20
17 22
17 25
17 26
17 27
17 28
17 31
17 35
17 37
17 39
17 41
17 43
17 44
17 45
17 50
17 51
17 56
17 58
17 59
17 60
17 62
17 64
17 66
17 67
17 70
17 71
17 72
17 74
17 75
17 80
17 84
17 89
18 19
18 21
18 25
18 29
18 31
18 33
18 34
18 36
18 37
18 38
18 40
18 42
18 43
18 48
18 50
18 51
18 52
18 54
18 57
18 63
18 64
18 65
18 70
18 71
18 74
18 75
18 77
18 83
18 85
18 86
18 89
19 23
19 25
19 26
19 31
19 32
19 36
19 37
19 41
19 42
19 43
19 44
19 47
19 53
19 59
19 60
19 61
19 62
19 63
19 64
19 66
19 67
19 72
19 76
19 77
19 78
19 86
19 87
19 88
20 22
20 25
20 26
20 28
20 34
20 36
20 39
20 41
20 43
20 45
20 47
20 48
20 50
20 53
20 55
20 58
20 59
20 60
20 61
20 63
20 65
20 66
20 67
20 70
20 73
20 76
20 77
20 78
20 79
20 80
20 81
20 82
20 84
20 86
21 22
21 23
21 27
21 28
21 29
21 31
21 32
21 33
21 34
21 36
21 38
21 40
21 41
21 44
21 49
21 56
21 64
21 67
21 68
21 73
21 74
21 75
21 78
21 79
21 80
21 82
21 83
21 85
21 87
21 89
22 23
22 25
22 27
22 29
22 31
22 34
22 35
22 38
22 40
22 47
22 48
22 49
22 53
22 56
22 57
22 61
22 63
22 66
22 68
22 69
22 70
22 76
22 78
22 79
22 83
22 84
22 87
22 88
23 24
23 25
23 27
23 28
23 30
23 32
23 33
23 38
23 42
23 43
23 44
23 46
23 51
23 53
23 54
23 59
23 60
23 61
23 62
23 63
23 67
23 69
23 70
23 73
23 74
23 75
23 76
23 80
23 82
23 84
23 85
23 87
23 89
24 26
24 29
24 30
24 32
24 33
24 36
24 37
24 38
24 39
24 45
24 47
24 48
24 51
24 53
24 55
24 57
24 58
24 61
24 62
24 63
24 67
24 68
24 74
24 76
24 80
24 82
24 84
24 87
25 28
25 33
25 34
25 35
25 37
25 38
25 42
25 43
25 45
25 46
25 47
25 55
25 59
25 60
25 65
25 69
25 70
25 71
25 74
25 78
25 80
25 81
25 83
25 84
25 89
26 28
26 40
26 41
26 45
26 47
26 48
26 51
26 52
26 53
26 59
26 61
26 64
26 72
26 74
26 78
26 79
26 81
26 82
26 85
26 86
26 88
26 89
27 30
27 31
27 34
27 35
27 38
27 40
27 43
27 45
27 48
27 49
27 51
27 53
27 54
27 55
27 58
27 60
27 61
27 64
27 65
27 67
27 68
27 70
27 76
27 78
27 79
27 80
27 81
27 82
27 83
27 88
27 89
28 29
28 34
28 36
28 38
28 46
28 48
28 49
28 50
28 51
28 53
28 54
28 60
28 61
28 63
28 66
28 68
28 69
28 72
28 73
28 76
28 77
28 79
28 80
28 82
28 84
28 87
28 88
29 30
29 42
29 43
29 45
29 47
29 49
29 50
29 54
29 56
29 57
29 60
29 61
29 69
29 73
29 74
29 75
29 76
29 77
29 79
29 80
29 82
29 87
29 88
30 31
30 32
30 34
30 37
30 39
30 41
30 42
30 47
30 50
30 51
30 58
30 61
30 66
30 68
30 69
30 71
30 74
30 75
30 83
30 85
30 87
31 42
31 43
31 45
31 47
31 53
31 57
31 62
31 63
31 64
31 65
31 66
31 69
31 70
31 72
31 75
31 76
31 78
31 82
31 83
31 85
31 89
32 33
32 34
32 36
32 37
32 38
32 39
32 43
32 44
32 45
32 51
32 56
32 62
32 63
32 67
32 68
32 69
32 71
32 72
32 74
32 75
32 76
32 78
32 81
32 82
32 83
32 85
32 88
32 89
33 35
33 37
33 39
33 40
33 43
33 46
33 48
33 52
33 53
33 54
33 58
33 59
33 60
33 61
33 63
33 69
33 70
33 72
33 77
33 79
33 81
33 82
34 36
34 39
34 40
34 41
34 42
34 44
34 50
34 54
34 56
34 60
34 64
34 65
34 68
34 74
34 80
34 82
34 86
34 89
35 37
35 39
35 40
35 43
35 46
35 49
35 52
35 54
35 55
35 56
35 57
35 61
35 62
35 63
35 64
35 66
35 70
35 73
35 74
35 75
35 76
35 78
35 81
35 83
35 84
35 87
35 88
36 38
36 43
36 48
36 49
36 50
36 52
36 54
36 56
36 60
36 64
36 67
36 69
36 70
36 72
36 73
36 74
36 76
36 78
36 80
36 82
36 83
36 88
36 89
37 41
37 42
37 43
37 46
37 55
37 56
37 61
37 64
37 66
37 67
37 68
37 69
37 72
37 75
37 77
37 79
37 81
37 82
37 84
37 85
37 89
38 40
38 41
38 44
38 47
38 48
38 52
38 53
38 54
38 56
38 57
38 60
38 63
38 64
38 67
38 68
38 69
38 78
38 80
38 82
38 84
38 85
38 86
38 87
38 88
38 89
39 40
39 41
39 42
39 43
39 46
39 48
39 49
39 50
39 55
39 57
39 60
39 64
39 67
39 68
39 72
39 75
39 76
39 77
39 80
39 82
39 83
39 86
39 87
40 43
40 47
40 50
40 52
40 55
40 60
40 65
40 66
40 67
40 71
40 72
40 73
40 74
40 75
40 76
40 77
40 80
40 81
40 84
40 85
40 87
40 88
41 43
41 46
41 47
41 48
41 50
41 51
41 52
41 54
41 56
41 57
41 59
41 60
41 61
41 62
41 65
41 66
41 68
41 69
41 70
41 72
41 73
41 75
41 80
41 81
41 85
41 86
42 48
42 50
42 52
42 54
42 56
42 57
42 61
42 62
42 65
42 66
42 70
42 71
42 74
42 76
42 77
42 87
42 88
42 89
43 44
43 48
43 49
43 51
43 52
43 54
43 57
43 58
43 60
43 61
43 66
43 67
43 72
43 73
43 79
43 80
43 81
43 83
43 84
43 85
44 49
44 50
44 53
44 54
44 55
44 58
44 60
44 65
44 67
44 71
44 75
44 76
44 77
44 78
44 80
44 89
45 47
45 49
45 50
45 51
45 54
45 55
45 57
45 60
45 63
45 65
45 66
45 68
45 73
45 75
45 76
45 77
45 78
45 86
45 89
46 47
46 51
46 54
46 57
46 59
46 60
46 62
46 63
46 65
46 72
46 74
46 77
46 79
46 83
46 86
46 87
46 88
46 89
47 49
47 50
47 52
47 53
47 54
47 55
47 57
47 58
47 59
47 63
47 64
47 66
47 69
47 74
47 75
47 76
47 79
47 81
47 87
47 88
48 51
48 52
48 61
48 66
48 68
48 76
48 79
48 80
48 81
48 89
49 61
49 62
49 68
49 70
49 71
49 73
49 76
49 83
49 86
49 87
49 88
50 53
50 55
50 59
50 62
50 64
50 66
50 68
50 69
50 72
50 74
50 78
50 80
50 83
50 89
51 53
51 57
51 60
51 69
51 72
51 77
51 80
51 82
52 58
52 63
52 66
52 68
52 76
52 81
52 83
52 85
52 89
53 55
53 56
53 57
53 58
53 60
53 68
53 70
53 74
53 79
53 80
53 84
53 85
54 55
54 60
54 61
54 64
54 68
54 69
54 71
54 72
54 79
54 82
54 83
54 85
54 86
54 87
54 88
54 89
55 57
55 62
55 65
55 67
55 68
55 70
55 71
55 75
55 79
55 81
55 84
55 87
55 88
56 58
56 59
56 62
56 64
56 70
56 72
56 74
56 76
56 78
56 86
56 89
57 59
57 61
57 64
57 68
57 69
57 71
57 73
57 77
57 78
57 85
57 86
57 89
58 59
58 61
58 64
58 67
58 69
58 71
58 72
58 78
58 81
58 82
58 84
58 86
58 87
59 65
59 71
59 72
59 75
59 76
59 78
59 80
59 83
59 84
59 85
59 86
59 89
60 61
60 63
60 67
60 68
60 74
60 77
60 79
60 80
60 82
60 87
61 67
61 68
61 70
61 72
61 73
61 81
61 85
61 89
62 65
62 67
62 69
62 70
62 71
62 72
62 79
62 89
63 64
63 68
63 69
63 71
63 75
63 76
63 81
63 82
63 83
63 84
63 87
64 67
64 77
64 79
64 81
64 82
64 83
64 84
64 88
64 89
65 74
65 75
65 76
65 80
65 81
65 82
65 84
65 89
66 67
66 68
66 69
66 70
66 71
66 76
66 85
66 86
66 87
66 88
66 89
67 68
67 69
67 74
67 77
67 78
67 79
67 81
67 82
67 89
68 73
68 76
68 80
68 82
68 83
68 88
68 89
69 70
69 71
69 72
69 73
69 74
69 78
69 80
69 87
69 88
69 89
70 73
70 74
70 76
70 78
70 79
70 83
70 89
71 72
71 74
71 76
71 77
71 78
71 79
71 81
71 82
71 86
71 87
72 75
72 77
72 78
72 79
72 84
72 85
72 87
73 75
73 77
73 83
73 88
74 75
74 76
74 79
74 80
74 81
74 83
74 84
74 85
74 87
74 88
75 76
75 80
75 84
75 85
75 86
75 88
75 89
76 78
76 79
76 80
76 84
76 85
76 88
76 89
77 80
77 83
77 84
77 86
77 87
78 80
78 81
78 82
78 84
78 85
78 86
78 87
78 88
79 83
79 89
80 82
80 85
80 89
81 83
81 84
81 87
82 83
82 84
82 85
82 86
82 89
83 84
83 86
84 85
84 86
84 87
84 89
86 89
87 89
88 89
87 30 19 31 10 61 47 11 72 76 50 84 80
81 66 73 35 39 52 24 42 57 2 65 53 15
77 49 69 62 32 23 83 60 25 41 34 38 40
0 22 64 70 6 17 55 71 14 18 89 29 85
86 7 8 43 59 51 88 1 37 26 82 58 44
68 46 12 48 45 36 27 33 9 21 56 3 79
4 75 78 16 54 63 5 13 67 28 74 20
