90
2334
4
16.79
14.02
94.79
12.84
0 3
0 4
0 5
0 6
0 7
0 9
0 11
0 12
0 15
0 16
0 19
0 20
0 23
0 25
0 28
0 30
0 31
0 33
0 34
0 35
0 36
0 37
0 39
0 40
0 41
0 42
0 44
0 46
0 47
0 48
0 50
0 51
0 57
0 58
0 59
0 60
0 62
0 63
0 70
0 73
0 76
0 77
0 78
0 79
0 80
0 81
0 83
0 86
0 88
1 3
1 4
1 5
1 6
1 7
1 8
1 9
1 10
1 11
1 12
1 13
1 14
1 15
1 17
1 19
1 20
1 21
1 22
1 23
1 24
1 26
1 34
1 35
1 39
1 42
1 44
1 47
1 48
1 49
1 50
1 53
1 54
1 55
1 56
1 59
1 62
1 63
1 65
1 67
1 68
1 70
1 71
1 72
1 77
1 79
1 82
1 83
1 84
1 87
1 88
2 4
2 6
2 11
2 12
2 14
2 15
2 20
2 21
2 24
2 25
2 26
2 27
2 30
2 34
2 37
2 38
2 39
2 40
2 42
2 46
2 47
2 48
2 50
2 51
2 53
2 54
2 55
2 56
2 57
2 58
2 60
2 62
2 63
2 65
2 67
2 68
2 73
2 74
2 75
2 76
2 77
2 80
2 81
2 82
2 83
2 84
2 87
3 4
3 5
3 6
3 8
3 9
3 11
3 13
3 14
3 15
3 19
3 21
3 23
3 25
3 28
3 29
3 31
3 33
3 34
3 35
3 36
3 37
3 39
3 40
3 41
3 42
3 44
3 46
3 48
3 52
3 55
3 57
3 58
3 59
3 60
3 62
3 63
3 64
3 65
3 66
3 67
3 68
3 69
3 70
3 71
3 72
3 73
3 74
3 75
3 76
3 80
3 81
3 83
3 84
3 86
4 5
4 6
4 8
4 9
4 10
4 11
4 12
4 13
4 14
4 15
4 16
4 19
4 20
4 21
4 22
4 23
4 25
4 26
4 27
4 29
4 30
4 34
4 36
4 39
4 42
4 43
4 44
4 47
4 49
4 53
4 54
4 55
4 56
4 60
4 61
4 63
4 65
4 71
4 73
4 76
4 77
4 79
4 81
4 82
4 84
4 85
4 86
4 89
5 8
5 10
5 11
5 13
5 16
5 17
5 18
5 20
5 21
5 22
5 23
5 24
5 26
5 27
5 31
5 32
5 36
5 37
5 39
5 40
5 41
5 43
5 48
5 49
5 50
5 52
5 53
5 54
5 56
5 58
5 60
5 61
5 63
5 67
5 69
5 71
5 73
5 75
5 76
5 77
5 79
5 80
5 81
5 85
5 87
5 88
5 89
6 7
6 8
6 9
6 10
6 11
6 15
6 16
6 17
6 18
6 19
6 23
6 24
6 25
6 26
6 27
6 28
6 29
6 31
6 35
6 38
6 42
6 43
6 44
6 45
6 48
6 49
6 52
6 58
6 59
6 60
6 61
6 63
6 65
6 66
6 68
6 70
6 71
6 72
6 73
6 75
6 78
6 80
6 81
6 82
6 83
6 85
6 86
6 87
6 89
7 8
7 10
7 13
7 15
7 16
7 17
7 18
7 19
7 20
7 21
7 22
7 23
7 25
7 26
7 27
7 32
7 34
7 37
7 38
7 40
7 41
7 42
7 43
7 44
7 45
7 46
7 48
7 50
7 52
7 60
7 65
7 68
7 69
7 73
7 75
7 78
7 80
7 82
7 84
7 85
7 88
7 89
8 10
8 11
8 12
8 13
8 15
8 16
8 17
8 19
8 21
8 22
8 26
8 28
8 32
8 34
8 35
8 36
8 37
8 39
8 41
8 43
8 44
8 45
8 47
8 48
8 49
8 50
8 51
8 54
8 56
8 57
8 59
8 60
8 63
8 65
8 67
8 69
8 71
8 72
8 73
8 74
8 76
8 77
8 79
8 81
8 83
8 84
8 85
8 86
8 87
9 10
9 11
9 13
9 14
9 16
9 18
9 21
9 23
9 25
9 26
9 28
9 29
9 31
9 32
9 33
9 38
9 39
9 43
9 46
9 47
9 48
9 49
9 51
9 52
9 53
9 55
9 56
9 57
9 58
9 59
9 61
9 62
9 63
9 65
9 66
9 70
9 72
9 75
9 76
9 77
9 78
9 79
9 81
9 82
9 88
10 11
10 12
10 14
10 15
10 19
10 20
10 21
10 22
10 23
10 24
10 28
10 31
10 38
10 39
10 40
10 44
10 48
10 49
10 50
10 51
10 52
10 53
10 54
10 55
10 57
10 58
10 59
10 60
10 61
10 63
10 64
10 65
10 66
10 67
10 68
10 70
10 73
10 74
10 76
10 77
10 78
10 80
10 82
10 83
10 86
10 87
10 88
10 89
11 13
11 14
11 17
11 19
11 22
11 25
11 31
11 33
11 34
11 35
11 36
11 37
11 39
11 42
11 50
11 51
11 52
11 53
11 55
11 56
11 58
11 59
11 60
11 63
11 66
11 67
11 70
11 73
11 74
11 75
11 76
11 78
11 79
11 81
11 82
11 83
11 84
11 85
11 86
12 14
12 15
12 18
12 19
12 20
12 21
12 23
12 24
12 26
12 30
12 32
12 34
12 35
12 38
12 39
12 40
12 42
12 44
12 45
12 47
12 48
12 52
12 53
12 54
12 56
12 58
12 59
12 60
12 61
12 66
12 69
12 70
12 71
12 72
12 75
12 76
12 77
12 79
12 80
12 81
12 82
12 84
12 86
12 88
13 14
13 18
13 19
13 20
13 23
13 24
13 25
13 26
13 27
13 28
13 29
13 32
13 35
13 36
13 37
13 39
13 40
13 41
13 42
13 45
13 46
13 47
13 48
13 50
13 52
13 53
13 54
13 55
13 57
13 58
13 61
13 62
13 63
13 67
13 71
13 73
13 74
13 77
13 78
13 79
13 80
13 81
13 82
13 83
13 84
13 86
13 87
13 88
14 15
14 16
14 17
14 18
14 19
14 25
14 26
14 27
14 28
14 30
14 31
14 33
14 34
14 35
14 36
14 37
14 39
14 40
14 41
14 43
14 45
14 46
14 48
14 50
14 51
14 54
14 55
14 56
14 59
14 60
14 62
14 64
14 71
14 73
14 75
14 79
14 80
14 82
14 83
14 84
14 85
14 87
14 88
14 89
15 16
15 17
15 20
15 21
15 23
15 27
15 28
15 31
15 33
15 35
15 36
15 37
15 40
15 41
15 42
15 43
15 45
15 46
15 47
15 51
15 53
15 58
15 60
15 61
15 64
15 65
15 68
15 70
15 72
15 74
15 75
15 79
15 80
15 81
15 82
15 87
15 89
16 17
16 18
16 21
16 22
16 23
16 25
16 27
16 29
16 30
16 33
16 35
16 36
16 37
16 39
16 40
16 42
16 43
16 48
16 50
16 51
16 52
16 54
16 55
16 57
16 59
16 60
16 61
16 63
16 67
16 70
16 71
16 73
16 74
16 77
16 78
16 80
16 81
16 82
16 84
16 85
16 87
16 88
17 19
17 21
17 22
17 23
17 24
17 26
17 28
17 29
17 30
17 32
17 33
17 34
17 35
17 36
17 37
17 38
17 39
17 40
17 42
17 43
17 47
17 49
17 50
17 51
17 54
17 55
17 56
17 57
17 60
17 61
17 64
17 65
17 66
17 68
17 71
17 75
17 76
17 77
17 78
17 79
17 83
17 87
17 88
18 19
18 20
18 22
18 29
18 30
18 31
18 32
18 36
18 37
18 38
18 39
18 40
18 42
18 44
18 45
18 47
18 48
18 49
18 51
18 53
18 59
18 60
18 61
18 62
18 63
18 64
18 65
18 68
18 70
18 73
18 74
18 75
18 76
18 77
18 79
18 80
18 82
18 83
18 85
18 86
18 89
19 23
19 24
19 25
19 26
19 28
19 29
19 31
19 35
19 36
19 37
19 38
19 42
19 44
19 46
19 47
19 48
19 49
19 50
19 51
19 52
19 55
19 56
19 57
19 58
19 61
19 63
19 64
19 65
19 66
19 67
19 68
19 69
19 70
19 71
19 72
19 73
19 74
19 75
19 76
19 77
19 79
19 80
19 81
19 83
19 84
19 85
19 87
19 88
19 89
20 22
20 24
20 25
20 27
20 28
20 31
20 32
20 34
20 36
20 37
20 39
20 40
20 44
20 45
20 48
20 49
20 50
20 51
20 53
20 54
20 55
20 57
20 58
20 59
20 60
20 61
20 63
20 64
20 70
20 72
20 73
20 74
20 75
20 77
20 78
20 79
20 81
20 84
20 86
21 22
21 25
21 26
21 27
21 31
21 32
21 37
21 38
21 39
21 41
21 42
21 43
21 44
21 45
21 47
21 48
21 49
21 51
21 52
21 53
21 54
21 56
21 57
21 59
21 62
21 64
21 65
21 67
21 69
21 70
21 72
21 73
21 74
21 76
21 77
21 78
21 80
21 81
21 82
21 83
21 84
21 86
21 87
21 88
21 89
22 24
22 25
22 26
22 29
22 31
22 32
22 34
22 35
22 37
22 38
22 40
22 41
22 46
22 47
22 48
22 53
22 54
22 57
22 58
22 59
22 61
22 62
22 67
22 69
22 70
22 71
22 72
22 73
22 74
22 77
22 79
22 82
22 83
22 84
22 85
22 87
22 89
23 25
23 26
23 27
23 30
23 31
23 33
23 34
23 36
23 38
23 40
23 44
23 45
23 46
23 47
23 48
23 49
23 52
23 55
23 56
23 57
23 58
23 60
23 61
23 63
23 65
23 67
23 68
23 70
23 73
23 75
23 78
23 80
23 83
23 84
23 85
23 86
24 25
24 28
24 29
24 30
24 31
24 32
24 33
24 37
24 38
24 43
24 44
24 47
24 48
24 51
24 52
24 53
24 56
24 57
24 58
24 59
24 62
24 63
24 65
24 67
24 74
24 75
24 76
24 77
24 78
24 79
24 81
24 82
24 84
24 85
24 87
25 27
25 29
25 30
25 31
25 33
25 38
25 40
25 41
25 43
25 45
25 46
25 47
25 48
25 49
25 51
25 52
25 54
25 56
25 58
25 59
25 61
25 63
25 65
25 66
25 68
25 69
25 73
25 74
25 75
25 76
25 78
25 79
25 83
25 86
25 88
25 89
26 28
26 30
26 32
26 33
26 34
26 35
26 36
26 37
26 38
26 40
26 43
26 46
26 48
26 49
26 51
26 52
26 53
26 55
26 56
26 57
26 58
26 61
26 65
26 66
26 68
26 69
26 70
26 71
26 72
26 73
26 74
26 83
26 85
26 86
27 30
27 31
27 32
27 34
27 36
27 42
27 43
27 45
27 46
27 47
27 48
27 50
27 52
27 53
27 56
27 59
27 62
27 64
27 66
27 67
27 68
27 70
27 71
27 72
27 73
27 77
27 78
27 79
27 82
27 83
27 84
27 86
27 89
28 29
28 30
28 32
28 34
28 35
28 37
28 38
28 39
28 40
28 41
28 44
28 45
28 46
28 47
28 49
28 53
28 54
28 55
28 56
28 57
28 58
28 59
28 60
28 61
28 66
28 70
28 72
28 73
28 74
28 75
28 77
28 78
28 80
28 81
28 82
28 83
28 84
28 85
28 86
29 33
29 36
29 39
29 40
29 42
29 43
29 45
29 47
29 49
29 51
29 52
29 54
29 55
29 57
29 59
29 63
29 66
29 71
29 72
29 73
29 74
29 75
29 76
29 77
29 78
29 79
29 80
29 82
29 84
29 85
29 87
29 88
30 32
30 34
30 36
30 37
30 40
30 41
30 42
30 44
30 45
30 46
30 48
30 49
30 50
30 52
30 53
30 55
30 56
30 57
30 58
30 60
30 67
30 68
30 70
30 71
30 72
30 73
30 74
30 75
30 76
30 80
30 81
30 82
30 83
30 84
30 86
30 87
30 88
30 89
31 32
31 35
31 37
31 38
31 39
31 41
31 42
31 43
31 44
31 46
31 47
31 48
31 49
31 50
31 52
31 53
31 54
31 58
31 59
31 62
31 63
31 67
31 68
31 69
31 70
31 71
31 72
31 75
31 81
31 82
31 83
31 86
31 88
31 89
32 33
32 35
32 36
32 39
32 40
32 41
32 42
32 43
32 46
32 47
32 49
32 50
32 54
32 55
32 56
32 57
32 58
32 60
32 62
32 66
32 68
32 69
32 70
32 72
32 76
32 79
32 80
32 83
32 85
32 87
32 89
33 35
33 40
33 42
33 43
33 44
33 46
33 47
33 48
33 50
33 51
33 52
33 54
33 57
33 58
33 63
33 64
33 67
33 68
33 69
33 72
33 74
33 75
33 79
33 80
33 82
33 87
33 89
34 36
34 37
34 38
34 40
34 42
34 43
34 44
34 45
34 46
34 49
34 50
34 52
34 57
34 58
34 59
34 61
34 64
34 67
34 68
34 69
34 70
34 72
34 76
34 79
34 80
34 81
34 85
34 86
34 87
34 88
35 38
35 40
35 43
35 46
35 47
35 48
35 49
35 52
35 53
35 54
35 55
35 57
35 58
35 59
35 60
35 63
35 65
35 66
35 70
35 72
35 74
35 77
35 78
35 79
35 81
35 83
35 84
35 85
35 88
35 89
36 37
36 40
36 42
36 43
36 45
36 48
36 49
36 50
36 51
36 52
36 55
36 56
36 57
36 58
36 61
36 62
36 63
36 65
36 67
36 71
36 74
36 75
36 79
36 81
36 82
36 86
36 87
36 88
37 39
37 40
37 41
37 44
37 45
37 46
37 47
37 48
37 49
37 50
37 51
37 52
37 54
37 55
37 56
37 57
37 58
37 59
37 60
37 62
37 64
37 65
37 66
37 67
37 68
37 69
37 70
37 73
37 74
37 75
37 76
37 77
37 79
37 81
37 82
37 84
37 85
37 87
37 88
37 89
38 39
38 41
38 43
38 44
38 45
38 46
38 48
38 49
38 50
38 51
38 52
38 53
38 54
38 59
38 60
38 61
38 62
38 63
38 64
38 67
38 69
38 70
38 71
38 72
38 83
38 84
38 86
38 87
39 40
39 41
39 42
39 43
39 44
39 47
39 48
39 49
39 54
39 55
39 59
39 61
39 63
39 65
39 66
39 67
39 68
39 71
39 72
39 73
39 74
39 77
39 78
39 81
39 83
39 84
39 86
39 87
39 89
40 41
40 42
40 43
40 45
40 46
40 48
40 49
40 51
40 52
40 54
40 55
40 56
40 57
40 59
40 61
40 71
40 73
40 74
40 76
40 77
40 78
40 82
40 84
40 86
40 87
40 88
41 43
41 46
41 48
41 49
41 51
41 52
41 54
41 55
41 56
41 57
41 58
41 60
41 61
41 63
41 64
41 65
41 67
41 71
41 72
41 73
41 74
41 75
41 76
41 77
41 78
41 81
41 83
41 84
41 86
41 87
41 88
42 43
42 44
42 45
42 47
42 48
42 49
42 51
42 53
42 55
42 56
42 58
42 60
42 61
42 62
42 63
42 64
42 65
42 66
42 67
42 68
42 69
42 70
42 71
42 75
42 76
42 77
42 79
42 80
42 82
42 84
42 86
42 87
42 88
43 44
43 45
43 46
43 47
43 49
43 50
43 51
43 52
43 56
43 57
43 58
43 60
43 62
43 64
43 65
43 66
43 68
43 69
43 70
43 74
43 75
43 77
43 79
43 80
43 84
43 85
43 86
43 87
43 88
43 89
44 46
44 47
44 50
44 51
44 53
44 56
44 58
44 59
44 61
44 63
44 64
44 65
44 66
44 69
44 70
44 71
44 72
44 74
44 76
44 77
44 78
44 79
44 80
44 82
44 85
44 86
44 87
44 88
44 89
45 47
45 48
45 49
45 50
45 51
45 52
45 53
45 54
45 58
45 59
45 60
45 61
45 64
45 65
45 66
45 67
45 68
45 71
45 72
45 73
45 74
45 75
45 76
45 77
45 78
45 82
45 86
45 89
46 47
46 50
46 56
46 58
46 61
46 62
46 63
46 65
46 66
46 69
46 70
46 74
46 78
46 82
46 85
46 86
47 48
47 50
47 51
47 54
47 55
47 56
47 62
47 63
47 67
47 68
47 69
47 70
47 71
47 72
47 75
47 76
47 77
47 79
47 80
47 81
47 82
47 83
47 84
47 85
47 86
48 49
48 52
48 53
48 54
48 55
48 59
48 61
48 63
48 64
48 66
48 68
48 69
48 70
48 71
48 72
48 73
48 75
48 76
48 77
48 78
48 79
48 80
48 81
48 82
48 84
48 85
48 87
48 88
48 89
49 52
49 53
49 54
49 55
49 56
49 59
49 62
49 63
49 64
49 67
49 69
49 71
49 72
49 73
49 74
49 75
49 76
49 77
49 78
49 81
49 82
49 83
49 84
49 85
49 87
49 88
49 89
50 52
50 54
50 55
50 57
50 59
50 60
50 63
50 64
50 67
50 69
50 70
50 71
50 73
50 74
50 75
50 78
50 79
50 80
50 82
50 83
50 84
50 85
50 86
50 87
51 56
51 58
51 60
51 62
51 63
51 66
51 67
51 69
51 70
51 71
51 73
51 74
51 75
51 76
51 80
51 84
51 86
51 87
51 88
51 89
52 53
52 54
52 55
52 56
52 58
52 59
52 62
52 64
52 65
52 67
52 68
52 69
52 71
52 72
52 73
52 76
52 79
52 80
52 81
52 82
52 83
52 84
52 86
52 88
53 54
53 57
53 59
53 61
53 62
53 63
53 64
53 65
53 66
53 72
53 77
53 78
53 79
53 80
53 81
53 82
53 84
53 85
53 88
53 89
54 56
54 59
54 61
54 62
54 64
54 65
54 68
54 69
54 71
54 73
54 75
54 77
54 78
54 81
54 82
54 83
54 84
54 86
54 87
54 88
54 89
55 57
55 59
55 60
55 61
55 62
55 64
55 65
55 66
55 67
55 69
55 70
55 71
55 72
55 73
55 74
55 75
55 76
55 77
55 79
55 80
55 83
55 84
55 85
55 87
55 89
56 58
56 59
56 62
56 63
56 65
56 67
56 69
56 71
56 72
56 73
56 76
56 77
56 78
56 80
56 81
56 87
56 88
56 89
57 61
57 62
57 63
57 64
57 66
57 67
57 69
57 71
57 72
57 73
57 75
57 76
57 77
57 78
57 80
57 82
57 83
57 85
57 87
57 88
58 59
58 62
58 64
58 65
58 67
58 68
58 69
58 71
58 74
58 76
58 79
58 81
58 82
58 85
58 87
58 88
59 60
59 61
59 62
59 63
59 64
59 65
59 67
59 69
59 70
59 72
59 73
59 74
59 77
59 78
59 80
59 81
59 82
59 83
59 84
59 87
59 89
60 63
60 64
60 65
60 66
60 67
60 68
60 69
60 70
60 71
60 73
60 75
60 76
60 79
60 80
60 82
60 84
60 87
60 89
61 64
61 65
61 67
61 68
61 69
61 70
61 72
61 73
61 74
61 76
61 77
61 78
61 79
61 80
61 82
61 84
61 85
61 87
61 89
62 63
62 65
62 66
62 68
62 70
62 72
62 73
62 77
62 78
62 79
62 81
62 83
62 85
62 86
62 88
63 64
63 66
63 67
63 68
63 70
63 71
63 74
63 75
63 76
63 78
63 80
63 82
63 85
63 86
63 88
64 66
64 67
64 69
64 71
64 72
64 73
64 75
64 78
64 79
64 80
64 81
64 83
64 84
65 69
65 70
65 71
65 72
65 73
65 74
65 75
65 76
65 77
65 78
65 80
65 81
65 84
65 85
65 87
65 89
66 67
66 68
66 71
66 72
66 73
66 75
66 78
66 79
66 80
66 81
66 82
66 83
66 84
66 85
66 86
66 87
66 89
67 68
67 70
67 72
67 76
67 78
67 80
67 84
67 87
68 69
68 70
68 71
68 75
68 77
68 78
68 79
68 80
68 81
68 82
68 83
68 84
68 86
68 87
68 88
69 70
69 73
69 75
69 76
69 79
69 80
69 83
69 84
69 86
69 89
70 72
70 74
70 80
70 83
70 87
70 88
71 72
71 73
71 74
71 77
71 78
71 79
71 80
71 82
71 84
71 85
71 86
71 87
71 88
71 89
72 76
72 77
72 81
72 82
72 83
72 84
72 85
72 86
72 88
72 89
73 74
73 75
73 76
73 78
73 79
73 82
73 83
73 88
74 76
74 77
74 80
74 83
74 84
74 85
74 88
75 77
75 78
75 79
75 80
75 84
75 86
76 77
76 80
76 82
76 83
76 84
76 88
76 89
77 79
77 80
77 82
77 83
77 85
77 86
77 87
77 88
78 79
78 80
78 81
78 82
78 83
78 84
78 86
78 89
79 80
79 81
79 82
79 84
79 85
79 86
79 87
79 88
80 81
80 82
80 83
80 84
80 85
80 87
80 88
81 89
82 83
82 84
82 85
82 86
82 87
82 88
83 85
83 86
83 87
84 85
84 86
84 87
84 88
85 86
85 88
86 87
86 88
86 89
87 88
14 3 49 41 38 13 32 17 65 78 73 60 55 87 36 34 40 47 45 68 46 67 0 24 52 88 43
58 1 59 89 21 53 2 7 27 12 33 63 8 44 84 10 25 61 20 26 57 77 80 15 9 16 79
42 29 76 48 23 39 83 50 28 19 18 72 5 51 86 30 54 64 69 35 37 85 71 70 22 62 4
56 75 81 31 66 11 74 6 82
