200
3979
10
0 4
0 8
0 11
0 17
0 26
0 30
0 41
0 45
0 48
0 54
0 56
0 57
0 59
0 61
0 62
0 65
0 76
0 85
0 98
0 107
0 108
0 114
0 118
0 123
0 126
0 133
0 134
0 145
0 146
0 148
0 153
0 160
0 173
0 176
0 179
0 194
0 195
1 9
1 10
1 12
1 14
1 16
1 21
1 25
1 28
1 31
1 33
1 39
1 44
1 47
1 49
1 57
1 63
1 70
1 77
1 80
1 81
1 84
1 86
1 87
1 95
1 104
1 120
1 131
1 133
1 135
1 137
1 138
1 144
1 145
1 149
1 150
1 151
1 157
1 164
1 169
1 178
1 182
1 191
2 5
2 8
2 9
2 14
2 16
2 18
2 19
2 28
2 39
2 40
2 44
2 46
2 48
2 53
2 55
2 57
2 61
2 63
2 65
2 70
2 75
2 81
2 84
2 87
2 99
2 107
2 108
2 109
2 116
2 122
2 130
2 134
2 137
2 145
2 147
2 152
2 159
2 162
2 165
2 166
2 170
2 178
2 179
2 184
2 187
2 190
2 196
3 7
3 14
3 15
3 16
3 25
3 33
3 35
3 37
3 38
3 46
3 58
3 66
3 68
3 70
3 74
3 87
3 92
3 95
3 99
3 102
3 107
3 108
3 115
3 118
3 127
3 131
3 133
3 140
3 141
3 144
3 145
3 146
3 154
3 158
3 161
3 170
3 175
3 176
3 187
3 196
4 11
4 25
4 30
4 33
4 36
4 39
4 40
4 50
4 53
4 54
4 55
4 58
4 61
4 63
4 65
4 72
4 76
4 80
4 85
4 86
4 93
4 95
4 101
4 105
4 108
4 113
4 120
4 121
4 133
4 135
4 136
4 139
4 140
4 143
4 163
4 166
4 171
4 174
4 175
4 186
4 198
5 8
5 13
5 19
5 21
5 22
5 23
5 24
5 27
5 36
5 38
5 39
5 42
5 51
5 55
5 57
5 65
5 69
5 72
5 75
5 78
5 86
5 90
5 91
5 109
5 110
5 119
5 120
5 123
5 124
5 127
5 135
5 138
5 139
5 141
5 148
5 150
5 161
5 162
5 163
5 164
5 167
5 168
5 172
5 173
5 183
5 184
5 189
5 192
5 196
5 198
6 8
6 16
6 32
6 43
6 45
6 48
6 50
6 53
6 61
6 72
6 77
6 86
6 90
6 101
6 102
6 111
6 112
6 125
6 133
6 135
6 144
6 146
6 150
6 156
6 160
6 161
6 166
6 169
6 170
6 172
6 177
6 187
6 190
6 194
6 198
7 8
7 9
7 12
7 16
7 21
7 28
7 31
7 42
7 44
7 57
7 63
7 66
7 68
7 77
7 89
7 90
7 91
7 94
7 103
7 104
7 105
7 107
7 108
7 111
7 117
7 124
7 125
7 127
7 135
7 139
7 145
7 158
7 161
7 164
7 171
7 172
7 174
7 181
7 194
7 198
8 9
8 10
8 11
8 18
8 22
8 23
8 24
8 26
8 27
8 35
8 49
8 53
8 56
8 61
8 77
8 79
8 86
8 87
8 90
8 91
8 100
8 105
8 108
8 117
8 123
8 126
8 145
8 148
8 152
8 154
8 165
8 170
8 176
8 178
8 185
8 189
8 192
8 197
9 15
9 22
9 29
9 43
9 46
9 48
9 50
9 53
9 56
9 65
9 67
9 69
9 73
9 74
9 85
9 90
9 93
9 96
9 100
9 102
9 103
9 109
9 120
9 127
9 131
9 140
9 143
9 155
9 157
9 160
9 161
9 164
9 167
9 170
9 173
9 174
9 175
9 180
9 194
9 196
9 197
10 13
10 25
10 32
10 34
10 39
10 44
10 49
10 53
10 55
10 59
10 66
10 70
10 71
10 76
10 89
10 92
10 93
10 96
10 102
10 104
10 123
10 126
10 132
10 143
10 149
10 152
10 155
10 163
10 164
10 165
10 166
10 169
10 176
10 188
10 191
10 195
10 198
11 13
11 21
11 25
11 41
11 42
11 46
11 49
11 52
11 56
11 57
11 59
11 62
11 73
11 87
11 88
11 99
11 108
11 116
11 121
11 123
11 124
11 133
11 134
11 135
11 136
11 137
11 142
11 145
11 155
11 156
11 163
11 166
11 170
11 172
11 177
11 182
11 186
11 191
12 13
12 16
12 23
12 25
12 34
12 35
12 48
12 49
12 58
12 63
12 64
12 66
12 80
12 84
12 90
12 93
12 109
12 110
12 114
12 121
12 122
12 137
12 138
12 152
12 155
12 157
12 167
12 168
12 169
12 170
12 171
12 179
12 180
12 181
12 185
12 195
12 198
13 16
13 19
13 23
13 28
13 35
13 36
13 41
13 43
13 49
13 52
13 66
13 71
13 77
13 79
13 86
13 88
13 90
13 91
13 94
13 99
13 100
13 107
13 110
13 111
13 112
13 118
13 119
13 125
13 126
13 128
13 137
13 141
13 143
13 147
13 156
13 162
13 164
13 165
13 166
13 173
13 174
13 179
13 181
13 183
13 191
13 194
13 197
14 15
14 23
14 25
14 28
14 32
14 35
14 45
14 46
14 54
14 66
14 75
14 86
14 90
14 93
14 95
14 96
14 101
14 102
14 103
14 109
14 115
14 118
14 126
14 127
14 128
14 129
14 131
14 139
14 159
14 164
14 166
14 169
14 175
14 178
14 181
14 195
15 26
15 42
15 47
15 48
15 50
15 52
15 59
15 60
15 64
15 76
15 79
15 80
15 82
15 88
15 99
15 102
15 107
15 117
15 118
15 120
15 129
15 139
15 143
15 148
15 150
15 153
15 167
15 168
15 178
15 180
15 182
15 186
15 188
15 191
15 199
16 18
16 19
16 21
16 23
16 24
16 25
16 30
16 31
16 36
16 51
16 66
16 68
16 90
16 93
16 95
16 100
16 105
16 111
16 122
16 128
16 135
16 139
16 142
16 149
16 157
16 167
16 169
16 173
16 176
16 186
16 188
16 197
16 198
17 25
17 27
17 35
17 37
17 53
17 62
17 63
17 65
17 66
17 70
17 72
17 75
17 80
17 86
17 87
17 97
17 101
17 102
17 112
17 125
17 133
17 137
17 145
17 151
17 155
17 157
17 159
17 163
17 164
17 167
17 168
17 169
17 172
17 174
17 175
17 182
17 184
17 185
17 188
17 191
17 198
17 199
18 19
18 30
18 47
18 48
18 52
18 53
18 58
18 68
18 69
18 74
18 89
18 91
18 96
18 101
18 105
18 108
18 123
18 129
18 139
18 142
18 151
18 152
18 153
18 158
18 160
18 163
18 164
18 171
18 178
18 183
18 190
18 193
18 194
19 23
19 35
19 41
19 42
19 43
19 46
19 50
19 56
19 64
19 71
19 72
19 84
19 92
19 98
19 107
19 116
19 121
19 123
19 137
19 138
19 139
19 155
19 160
19 163
19 169
19 170
19 178
19 191
20 21
20 22
20 23
20 25
20 31
20 38
20 42
20 44
20 54
20 59
20 60
20 65
20 74
20 79
20 80
20 82
20 93
20 94
20 97
20 98
20 105
20 115
20 128
20 138
20 144
20 145
20 147
20 154
20 155
20 156
20 159
20 162
20 164
20 165
20 169
20 174
20 181
20 184
20 192
20 195
20 199
21 24
21 29
21 35
21 36
21 39
21 45
21 47
21 53
21 60
21 62
21 64
21 68
21 70
21 74
21 77
21 82
21 89
21 91
21 97
21 101
21 112
21 114
21 115
21 116
21 120
21 121
21 124
21 127
21 129
21 132
21 133
21 134
21 150
21 152
21 161
21 165
21 171
21 176
21 177
21 180
21 183
21 191
21 198
22 24
22 29
22 36
22 43
22 47
22 51
22 53
22 55
22 57
22 69
22 77
22 84
22 85
22 86
22 94
22 102
22 108
22 121
22 124
22 137
22 138
22 143
22 145
22 152
22 154
22 156
22 159
22 161
22 171
22 177
22 194
22 196
22 199
23 25
23 26
23 27
23 31
23 35
23 37
23 44
23 46
23 51
23 55
23 57
23 58
23 61
23 62
23 67
23 77
23 79
23 80
23 85
23 88
23 99
23 103
23 109
23 113
23 129
23 134
23 146
23 147
23 158
23 163
23 164
23 165
23 166
23 173
23 175
23 180
23 185
23 187
23 188
23 195
24 26
24 31
24 35
24 41
24 55
24 56
24 62
24 66
24 78
24 82
24 83
24 86
24 91
24 109
24 111
24 120
24 124
24 127
24 129
24 130
24 132
24 136
24 139
24 141
24 147
24 148
24 150
24 161
24 162
24 163
24 168
24 170
24 179
24 188
24 190
24 196
25 30
25 33
25 54
25 55
25 62
25 63
25 65
25 73
25 75
25 78
25 93
25 97
25 98
25 99
25 104
25 112
25 114
25 116
25 118
25 119
25 122
25 126
25 134
25 135
25 140
25 142
25 143
25 152
25 164
25 165
25 170
25 180
25 193
25 197
26 27
26 31
26 44
26 54
26 55
26 60
26 61
26 67
26 68
26 73
26 90
26 99
26 100
26 101
26 103
26 105
26 110
26 111
26 114
26 118
26 120
26 121
26 125
26 137
26 142
26 145
26 149
26 150
26 152
26 156
26 159
26 163
26 165
26 166
26 168
26 169
26 170
26 177
26 178
26 185
26 190
26 191
26 197
27 42
27 43
27 53
27 57
27 58
27 65
27 66
27 68
27 72
27 73
27 76
27 84
27 93
27 96
27 100
27 110
27 117
27 130
27 139
27 140
27 152
27 154
27 156
27 158
27 170
27 171
27 177
27 184
27 186
27 188
27 190
27 192
27 198
27 199
28 31
28 36
28 37
28 39
28 43
28 45
28 48
28 52
28 55
28 56
28 58
28 61
28 67
28 71
28 83
28 86
28 89
28 93
28 97
28 98
28 99
28 105
28 114
28 118
28 120
28 130
28 134
28 136
28 138
28 143
28 146
28 152
28 153
28 159
28 172
28 175
28 177
28 183
28 185
28 190
29 48
29 55
29 59
29 60
29 65
29 74
29 76
29 81
29 84
29 87
29 88
29 95
29 104
29 109
29 115
29 129
29 141
29 153
29 157
29 162
29 172
29 175
29 177
29 195
29 198
29 199
30 35
30 40
30 49
30 60
30 71
30 77
30 79
30 83
30 92
30 94
30 99
30 100
30 102
30 103
30 109
30 111
30 115
30 122
30 131
30 132
30 133
30 135
30 138
30 141
30 143
30 147
30 149
30 152
30 156
30 165
30 166
30 181
30 189
30 191
31 32
31 35
31 38
31 42
31 50
31 51
31 52
31 69
31 73
31 79
31 81
31 87
31 89
31 90
31 104
31 105
31 109
31 111
31 112
31 113
31 115
31 117
31 118
31 120
31 124
31 129
31 136
31 143
31 145
31 154
31 155
31 156
31 164
31 190
31 194
32 34
32 35
32 57
32 62
32 71
32 77
32 80
32 82
32 83
32 90
32 91
32 92
32 93
32 99
32 116
32 120
32 121
32 122
32 129
32 131
32 134
32 137
32 143
32 144
32 152
32 153
32 160
32 163
32 164
32 169
32 176
32 177
32 178
32 179
32 182
32 186
32 192
32 194
33 34
33 39
33 41
33 42
33 47
33 49
33 51
33 58
33 61
33 62
33 65
33 76
33 87
33 95
33 96
33 97
33 110
33 114
33 116
33 136
33 137
33 138
33 139
33 140
33 147
33 149
33 152
33 153
33 154
33 161
33 165
33 172
33 174
33 181
33 194
33 196
33 197
33 199
34 35
34 38
34 42
34 45
34 53
34 54
34 59
34 69
34 77
34 79
34 85
34 86
34 87
34 92
34 94
34 114
34 116
34 119
34 120
34 128
34 146
34 159
34 160
34 169
34 171
34 177
34 183
34 186
34 190
34 191
34 197
35 39
35 41
35 49
35 50
35 51
35 55
35 70
35 72
35 73
35 75
35 79
35 85
35 97
35 101
35 114
35 115
35 134
35 135
35 137
35 143
35 145
35 150
35 153
35 156
35 163
35 181
35 182
35 183
35 184
35 193
36 40
36 50
36 67
36 85
36 86
36 87
36 94
36 99
36 113
36 116
36 135
36 136
36 140
36 155
36 160
36 165
36 168
36 172
36 180
36 186
36 197
37 44
37 53
37 59
37 60
37 63
37 65
37 84
37 93
37 95
37 111
37 120
37 123
37 124
37 128
37 133
37 135
37 141
37 145
37 149
37 152
37 154
37 155
37 159
37 160
37 172
37 176
37 179
37 183
37 195
38 44
38 50
38 65
38 73
38 75
38 78
38 87
38 89
38 100
38 106
38 107
38 112
38 114
38 122
38 124
38 128
38 137
38 141
38 142
38 143
38 152
38 160
38 175
38 186
38 194
38 199
39 40
39 47
39 49
39 61
39 67
39 72
39 78
39 86
39 89
39 92
39 99
39 101
39 110
39 116
39 120
39 121
39 135
39 142
39 146
39 148
39 152
39 153
39 155
39 161
39 166
39 168
39 183
39 185
39 188
39 196
39 197
40 48
40 51
40 52
40 53
40 55
40 56
40 61
40 64
40 65
40 68
40 73
40 74
40 75
40 77
40 82
40 84
40 88
40 91
40 96
40 106
40 111
40 112
40 113
40 114
40 116
40 118
40 125
40 134
40 142
40 152
40 165
40 193
40 197
41 43
41 53
41 61
41 78
41 80
41 88
41 90
41 92
41 93
41 97
41 102
41 109
41 116
41 118
41 121
41 128
41 131
41 136
41 139
41 141
41 143
41 144
41 149
41 162
41 169
41 174
41 179
41 180
41 188
41 191
41 192
41 199
42 46
42 47
42 54
42 55
42 71
42 80
42 81
42 88
42 103
42 110
42 115
42 123
42 125
42 126
42 132
42 134
42 135
42 136
42 137
42 138
42 144
42 147
42 148
42 150
42 157
42 165
42 170
42 171
42 172
42 177
42 181
42 195
42 198
43 44
43 48
43 53
43 58
43 60
43 61
43 62
43 67
43 88
43 90
43 95
43 97
43 100
43 112
43 115
43 117
43 120
43 123
43 125
43 128
43 132
43 133
43 151
43 161
43 173
43 175
43 185
43 187
43 198
44 45
44 56
44 58
44 69
44 77
44 78
44 82
44 87
44 88
44 89
44 92
44 98
44 99
44 101
44 103
44 104
44 106
44 112
44 116
44 122
44 127
44 130
44 133
44 136
44 149
44 152
44 157
44 159
44 167
44 174
44 189
44 190
44 196
44 197
44 199
45 47
45 49
45 50
45 60
45 61
45 63
45 68
45 73
45 75
45 76
45 89
45 97
45 104
45 112
45 114
45 121
45 122
45 126
45 129
45 131
45 141
45 144
45 148
45 154
45 156
45 159
45 160
45 161
45 167
45 169
45 185
45 189
45 192
45 193
45 194
45 197
46 48
46 55
46 62
46 70
46 71
46 72
46 74
46 80
46 81
46 89
46 93
46 97
46 107
46 115
46 121
46 125
46 126
46 129
46 144
46 147
46 151
46 155
46 165
46 168
46 180
46 198
47 56
47 59
47 67
47 68
47 74
47 84
47 86
47 89
47 93
47 103
47 109
47 121
47 126
47 128
47 140
47 144
47 147
47 154
47 157
47 161
47 168
47 175
47 185
47 198
48 56
48 65
48 73
48 77
48 80
48 86
48 108
48 117
48 119
48 124
48 125
48 137
48 143
48 144
48 149
48 153
48 159
48 163
48 167
48 169
48 176
48 190
48 191
48 194
49 53
49 64
49 65
49 69
49 74
49 75
49 78
49 86
49 92
49 96
49 98
49 100
49 103
49 108
49 111
49 112
49 116
49 117
49 132
49 136
49 141
49 142
49 146
49 147
49 150
49 160
49 165
49 166
49 168
49 169
49 189
49 193
49 195
49 199
50 55
50 59
50 66
50 67
50 71
50 78
50 83
50 87
50 92
50 97
50 100
50 103
50 109
50 111
50 130
50 132
50 133
50 136
50 138
50 148
50 166
50 170
50 172
50 181
50 185
50 194
50 196
50 197
50 198
50 199
51 52
51 54
51 55
51 56
51 63
51 66
51 69
51 72
51 75
51 78
51 81
51 83
51 89
51 90
51 92
51 93
51 94
51 97
51 98
51 118
51 124
51 126
51 128
51 140
51 156
51 162
51 164
51 166
51 168
51 173
51 179
51 183
51 185
51 195
51 197
51 198
52 53
52 75
52 80
52 82
52 83
52 95
52 98
52 100
52 105
52 119
52 126
52 134
52 135
52 138
52 139
52 148
52 149
52 150
52 157
52 159
52 160
52 176
52 181
52 184
52 188
52 191
52 193
52 197
53 56
53 59
53 78
53 85
53 87
53 97
53 99
53 103
53 105
53 108
53 111
53 113
53 120
53 121
53 122
53 124
53 127
53 130
53 132
53 147
53 151
53 172
53 195
54 60
54 64
54 67
54 77
54 81
54 84
54 96
54 103
54 108
54 129
54 130
54 133
54 134
54 135
54 140
54 143
54 160
54 162
54 163
54 170
54 180
54 186
54 193
54 195
54 196
54 197
54 198
55 56
55 63
55 71
55 72
55 73
55 75
55 79
55 82
55 87
55 88
55 93
55 95
55 98
55 115
55 116
55 120
55 125
55 127
55 130
55 132
55 133
55 135
55 139
55 140
55 143
55 154
55 156
55 158
55 166
55 170
55 173
55 174
55 175
55 177
55 180
55 190
55 194
55 196
56 68
56 69
56 71
56 73
56 78
56 97
56 101
56 107
56 109
56 111
56 118
56 123
56 127
56 133
56 134
56 135
56 137
56 141
56 144
56 150
56 158
56 160
56 161
56 162
56 165
56 172
56 182
56 183
56 195
57 59
57 66
57 93
57 94
57 96
57 97
57 102
57 103
57 106
57 108
57 119
57 120
57 139
57 146
57 148
57 155
57 167
57 176
57 177
57 179
57 195
57 196
57 197
57 198
58 59
58 67
58 73
58 91
58 93
58 99
58 100
58 103
58 106
58 112
58 113
58 115
58 125
58 129
58 134
58 135
58 146
58 150
58 151
58 160
58 163
58 165
58 166
58 176
58 177
58 180
58 189
59 61
59 65
59 66
59 70
59 72
59 73
59 85
59 99
59 101
59 104
59 105
59 110
59 116
59 125
59 127
59 130
59 132
59 140
59 141
59 143
59 144
59 149
59 152
59 157
59 164
59 170
59 172
59 176
59 177
59 187
59 193
60 69
60 70
60 74
60 75
60 77
60 83
60 88
60 104
60 126
60 128
60 135
60 137
60 138
60 139
60 143
60 145
60 153
60 162
60 165
60 167
60 175
60 178
61 70
61 73
61 76
61 85
61 94
61 96
61 98
61 106
61 115
61 116
61 118
61 122
61 130
61 136
61 141
61 145
61 150
61 151
61 152
61 154
61 155
61 157
61 160
61 161
61 166
61 177
61 189
61 195
61 197
62 69
62 74
62 78
62 86
62 88
62 89
62 93
62 96
62 99
62 101
62 108
62 110
62 116
62 120
62 125
62 128
62 135
62 136
62 139
62 140
62 145
62 156
62 158
62 161
62 197
63 66
63 84
63 85
63 90
63 91
63 107
63 108
63 109
63 115
63 116
63 120
63 128
63 134
63 140
63 148
63 153
63 156
63 159
63 168
63 179
63 195
63 199
64 72
64 76
64 79
64 80
64 90
64 100
64 106
64 116
64 120
64 121
64 123
64 132
64 136
64 140
64 145
64 146
64 147
64 152
64 154
64 155
64 156
64 168
64 180
64 188
64 191
65 77
65 78
65 80
65 81
65 92
65 94
65 97
65 99
65 105
65 112
65 127
65 129
65 133
65 136
65 137
65 139
65 143
65 146
65 149
65 158
65 159
65 167
65 169
65 174
65 176
65 184
65 188
65 189
65 191
65 192
66 68
66 69
66 75
66 77
66 92
66 97
66 100
66 102
66 116
66 123
66 124
66 130
66 132
66 133
66 134
66 136
66 139
66 142
66 143
66 146
66 148
66 149
66 163
66 164
66 171
66 177
66 184
66 188
66 191
66 198
67 71
67 76
67 81
67 89
67 91
67 94
67 96
67 100
67 101
67 107
67 112
67 113
67 124
67 127
67 128
67 142
67 150
67 158
67 160
67 165
67 175
67 183
67 189
67 194
67 195
68 69
68 72
68 82
68 83
68 94
68 107
68 108
68 112
68 118
68 127
68 134
68 138
68 139
68 141
68 149
68 159
68 162
68 170
68 173
68 174
68 185
68 194
68 195
68 198
69 73
69 89
69 95
69 100
69 102
69 103
69 111
69 115
69 116
69 119
69 126
69 133
69 136
69 137
69 143
69 146
69 151
69 155
69 156
69 167
69 175
69 177
69 187
69 188
69 191
70 72
70 78
70 83
70 94
70 95
70 101
70 105
70 110
70 111
70 112
70 116
70 118
70 120
70 125
70 134
70 146
70 151
70 153
70 155
70 159
70 160
70 163
70 171
70 174
70 177
70 178
70 182
70 184
70 189
70 197
71 78
71 100
71 102
71 103
71 104
71 107
71 109
71 124
71 126
71 128
71 136
71 144
71 145
71 147
71 148
71 151
71 152
71 158
71 165
71 166
71 167
71 170
71 173
72 79
72 80
72 83
72 84
72 88
72 96
72 97
72 101
72 123
72 125
72 127
72 130
72 136
72 137
72 138
72 142
72 153
72 158
72 161
72 163
72 165
72 167
72 170
72 171
72 179
72 186
72 197
73 76
73 77
73 84
73 96
73 99
73 107
73 110
73 112
73 113
73 130
73 134
73 135
73 140
73 141
73 145
73 151
73 153
73 158
73 160
73 163
73 166
73 169
73 175
73 188
73 190
73 191
74 82
74 91
74 95
74 97
74 101
74 111
74 117
74 119
74 121
74 123
74 124
74 133
74 135
74 144
74 152
74 154
74 155
74 164
74 165
74 167
74 174
74 178
74 184
74 188
74 193
74 194
75 78
75 85
75 93
75 94
75 100
75 102
75 103
75 109
75 110
75 111
75 112
75 113
75 117
75 118
75 128
75 130
75 131
75 134
75 157
75 158
75 167
75 168
75 172
75 174
75 178
75 182
75 185
75 187
75 193
76 77
76 81
76 98
76 105
76 106
76 108
76 109
76 115
76 124
76 130
76 131
76 132
76 137
76 138
76 140
76 143
76 148
76 153
76 162
76 169
76 175
76 186
77 81
77 83
77 85
77 87
77 89
77 90
77 91
77 93
77 95
77 96
77 102
77 106
77 108
77 110
77 118
77 132
77 138
77 141
77 142
77 148
77 152
77 154
77 161
77 170
77 176
77 177
77 178
77 179
77 188
77 198
78 94
78 98
78 105
78 121
78 127
78 131
78 132
78 133
78 142
78 143
78 149
78 152
78 157
78 161
78 164
78 166
78 167
78 170
78 175
78 180
78 187
78 191
78 196
78 198
79 82
79 99
79 100
79 101
79 108
79 109
79 110
79 111
79 117
79 118
79 120
79 126
79 133
79 134
79 146
79 149
79 153
79 156
79 159
79 175
79 179
79 188
79 196
80 85
80 95
80 100
80 101
80 104
80 109
80 114
80 116
80 119
80 123
80 128
80 139
80 149
80 153
80 158
80 161
80 162
80 171
80 173
80 174
80 182
80 184
80 187
80 195
81 83
81 88
81 92
81 98
81 99
81 105
81 115
81 122
81 124
81 125
81 128
81 130
81 133
81 138
81 142
81 143
81 147
81 156
81 158
81 161
81 164
81 173
81 175
81 192
81 194
81 197
81 199
82 85
82 89
82 90
82 91
82 99
82 100
82 104
82 111
82 120
82 125
82 136
82 138
82 142
82 144
82 145
82 148
82 163
82 165
82 171
82 175
82 177
82 180
82 182
82 184
82 185
83 85
83 91
83 92
83 94
83 142
83 144
83 149
83 150
83 156
83 162
83 164
83 169
83 173
83 179
83 183
83 187
83 195
83 197
83 198
84 102
84 103
84 106
84 110
84 113
84 118
84 119
84 120
84 121
84 122
84 123
84 127
84 131
84 134
84 138
84 144
84 151
84 155
84 156
84 159
84 161
84 162
84 165
84 166
84 173
84 179
84 181
84 182
84 188
84 190
84 193
84 196
84 199
85 90
85 96
85 100
85 103
85 108
85 109
85 120
85 127
85 130
85 133
85 151
85 152
85 153
85 154
85 158
85 160
85 176
85 178
85 181
85 183
85 192
85 194
85 195
85 198
86 87
86 104
86 111
86 112
86 116
86 119
86 122
86 127
86 131
86 139
86 143
86 149
86 152
86 156
86 160
86 169
86 180
86 190
86 191
86 192
86 195
86 198
86 199
87 88
87 96
87 100
87 103
87 104
87 120
87 122
87 133
87 136
87 149
87 153
87 156
87 164
87 167
87 169
87 170
87 187
87 196
87 199
88 93
88 112
88 119
88 125
88 133
88 136
88 139
88 140
88 144
88 150
88 158
88 161
88 169
88 188
88 189
88 190
89 91
89 110
89 113
89 130
89 132
89 139
89 168
89 173
89 175
89 181
89 183
89 191
89 198
90 94
90 100
90 102
90 110
90 120
90 121
90 124
90 128
90 131
90 134
90 135
90 156
90 158
90 164
90 165
90 173
90 181
90 189
90 190
90 196
90 199
91 98
91 99
91 119
91 123
91 128
91 137
91 146
91 149
91 153
91 158
91 166
91 173
91 174
91 185
91 187
91 194
91 196
91 198
92 96
92 98
92 104
92 108
92 109
92 111
92 112
92 113
92 115
92 119
92 120
92 129
92 140
92 141
92 151
92 166
92 168
92 174
92 175
92 181
92 182
92 183
92 186
92 191
92 194
93 94
93 96
93 101
93 103
93 104
93 112
93 118
93 119
93 122
93 123
93 130
93 133
93 138
93 140
93 141
93 150
93 152
93 154
93 157
93 158
93 166
93 172
93 175
93 176
93 179
93 184
93 185
93 190
93 196
94 95
94 97
94 99
94 105
94 111
94 113
94 124
94 129
94 132
94 133
94 134
94 135
94 140
94 151
94 153
94 155
94 156
94 168
94 175
94 176
94 180
94 182
94 186
94 187
94 198
95 105
95 106
95 107
95 110
95 113
95 123
95 124
95 129
95 140
95 147
95 150
95 153
95 154
95 161
95 175
95 178
95 184
95 198
95 199
96 99
96 105
96 107
96 110
96 112
96 113
96 115
96 118
96 127
96 130
96 140
96 143
96 146
96 159
96 161
96 171
96 179
96 188
96 189
96 190
96 191
96 196
96 199
97 101
97 116
97 119
97 123
97 126
97 134
97 136
97 141
97 148
97 152
97 160
97 161
97 170
97 172
97 180
97 181
97 185
97 190
97 191
97 193
97 197
98 108
98 113
98 116
98 117
98 121
98 127
98 136
98 140
98 169
98 170
98 172
98 182
98 184
98 188
98 190
98 193
98 196
99 101
99 111
99 118
99 121
99 124
99 129
99 134
99 139
99 141
99 145
99 148
99 152
99 163
99 171
99 179
99 187
99 192
99 193
99 195
99 199
100 114
100 123
100 130
100 131
100 133
100 135
100 139
100 144
100 146
100 152
100 161
100 166
100 167
100 168
100 174
100 175
100 176
100 188
100 192
100 195
100 199
101 105
101 110
101 121
101 122
101 130
101 131
101 134
101 140
101 148
101 149
101 158
101 161
101 163
101 169
101 170
101 173
101 175
101 181
101 184
101 185
101 198
102 106
102 111
102 118
102 126
102 129
102 131
102 132
102 133
102 138
102 143
102 148
102 149
102 150
102 151
102 156
102 159
102 161
102 168
102 172
102 180
102 186
102 187
102 189
102 190
102 196
103 108
103 109
103 110
103 116
103 119
103 125
103 126
103 130
103 136
103 137
103 139
103 143
103 144
103 154
103 156
103 161
103 166
103 172
103 174
103 183
103 186
103 187
103 194
103 195
104 110
104 112
104 120
104 125
104 130
104 131
104 132
104 150
104 164
104 166
104 177
104 178
104 179
104 182
104 185
104 190
104 198
105 111
105 115
105 116
105 120
105 121
105 122
105 130
105 135
105 147
105 152
105 155
105 156
105 157
105 158
105 159
105 169
105 173
105 174
105 183
105 185
105 187
105 189
105 192
105 193
106 107
106 112
106 114
106 120
106 124
106 127
106 128
106 132
106 142
106 144
106 147
106 162
106 163
106 173
106 174
106 175
106 179
106 183
106 184
106 187
106 191
107 120
107 126
107 130
107 131
107 150
107 160
107 167
107 173
107 176
107 183
107 187
107 189
107 193
107 194
108 115
108 120
108 128
108 135
108 137
108 143
108 149
108 152
108 154
108 157
108 159
108 165
108 175
108 193
108 196
108 198
109 112
109 119
109 128
109 136
109 140
109 141
109 143
109 148
109 150
109 151
109 160
109 164
109 169
109 173
109 180
109 183
109 186
109 187
109 191
109 192
109 197
110 113
110 118
110 123
110 132
110 137
110 138
110 144
110 145
110 148
110 150
110 151
110 159
110 163
110 164
110 179
111 112
111 116
111 118
111 120
111 130
111 131
111 139
111 141
111 148
111 157
111 158
111 162
111 167
111 177
111 178
111 184
111 197
112 119
112 124
112 126
112 127
112 128
112 130
112 142
112 146
112 155
112 159
112 165
112 171
112 175
112 183
112 188
112 189
112 190
113 117
113 122
113 126
113 132
113 133
113 143
113 144
113 151
113 152
113 158
113 160
113 166
113 169
113 171
113 172
113 173
113 175
113 189
113 196
114 119
114 121
114 126
114 150
114 156
114 159
114 161
114 164
114 167
114 173
114 180
114 188
114 193
115 116
115 125
115 148
115 155
115 162
115 166
115 176
115 185
115 189
115 194
115 195
115 196
116 118
116 120
116 129
116 130
116 138
116 141
116 145
116 146
116 150
116 156
116 159
116 167
116 183
116 188
116 190
116 192
117 119
117 124
117 133
117 135
117 148
117 149
117 152
117 155
117 158
117 165
117 175
117 178
117 185
117 186
117 192
117 193
117 198
118 121
118 137
118 139
118 140
118 141
118 145
118 147
118 149
118 151
118 154
118 161
118 173
118 174
118 177
118 182
118 191
118 192
118 194
118 195
119 125
119 133
119 141
119 142
119 161
119 165
119 172
119 177
119 182
120 121
120 122
120 129
120 130
120 141
120 144
120 152
120 153
120 155
120 164
120 180
120 196
121 123
121 129
121 133
121 134
121 136
121 139
121 141
121 144
121 154
121 156
121 157
121 164
121 170
121 171
121 183
121 186
121 189
121 197
122 123
122 131
122 139
122 143
122 147
122 148
122 149
122 154
122 156
122 157
122 162
122 164
122 166
122 170
122 180
122 184
122 185
122 189
122 196
123 129
123 135
123 139
123 141
123 152
123 153
123 161
123 162
123 169
123 171
123 175
123 179
123 184
123 187
123 190
123 191
123 198
124 129
124 140
124 145
124 147
124 150
124 154
124 159
124 175
124 176
124 179
124 195
124 197
125 130
125 132
125 133
125 142
125 149
125 154
125 160
125 164
125 168
125 176
125 183
125 185
125 186
125 192
125 196
125 197
126 138
126 145
126 147
126 154
126 159
126 165
126 170
126 171
126 175
126 177
126 180
126 196
127 138
127 148
127 149
127 153
127 157
127 158
127 162
127 164
127 174
127 175
127 182
127 184
127 190
128 131
128 142
128 145
128 168
128 170
128 171
128 173
128 184
128 189
129 133
129 134
129 137
129 141
129 151
129 153
129 156
129 157
129 165
129 166
129 167
129 170
129 172
129 176
129 177
129 178
129 179
129 180
129 181
129 186
129 187
129 195
130 135
130 136
130 148
130 151
130 165
130 167
130 171
130 174
130 175
130 192
131 135
131 139
131 144
131 145
131 147
131 154
131 156
131 157
131 166
131 169
131 170
131 178
131 179
131 180
131 186
131 190
132 145
132 149
132 152
132 158
132 159
132 160
132 161
132 168
132 173
132 174
132 183
132 184
132 187
133 134
133 151
133 165
133 173
133 184
134 135
134 141
134 149
134 164
134 166
134 168
134 172
134 175
134 176
134 179
134 180
134 181
134 184
134 196
134 199
135 136
135 138
135 148
135 154
135 159
135 168
135 169
135 173
135 175
135 177
135 179
135 182
135 186
136 149
136 153
136 155
136 160
136 162
136 168
136 171
136 176
136 180
136 181
136 182
136 184
136 186
136 193
137 146
137 153
137 154
137 159
137 162
137 167
137 168
137 179
137 187
137 189
137 194
138 146
138 147
138 158
138 159
138 161
138 169
138 174
138 179
138 181
138 189
138 191
138 194
138 195
138 197
138 198
139 140
139 143
139 144
139 145
139 146
139 147
139 151
139 152
139 154
139 155
139 164
139 167
139 178
139 188
140 143
140 159
140 168
140 174
140 176
140 187
140 189
140 193
140 197
141 149
141 156
141 160
141 162
141 163
141 177
141 179
141 181
141 186
141 189
141 199
142 148
142 160
142 174
143 146
143 147
143 149
143 153
143 154
143 155
143 159
143 165
143 171
143 188
143 197
143 199
144 147
144 148
144 149
144 156
144 163
144 164
144 167
144 172
144 173
144 177
144 186
144 189
144 190
144 195
144 199
145 149
145 151
145 163
145 168
145 178
145 179
145 183
145 189
145 190
145 191
145 196
145 199
146 148
146 151
146 156
146 161
146 162
146 175
146 177
146 180
146 184
146 191
146 197
147 166
147 181
147 183
147 191
147 192
148 155
148 157
148 183
148 190
149 151
149 155
149 164
149 165
149 180
149 182
149 186
149 190
149 191
149 196
149 199
150 156
150 160
150 177
150 182
150 187
150 196
151 160
151 173
151 189
151 191
151 196
151 197
152 153
152 163
152 178
152 180
152 183
152 188
153 154
153 157
153 161
153 162
153 164
153 168
153 169
153 178
153 182
153 185
153 193
153 194
153 198
154 155
154 167
154 174
154 178
154 179
154 181
154 182
154 184
154 186
154 195
155 175
155 177
155 182
155 185
155 186
155 191
155 193
155 194
155 195
156 167
156 175
156 183
156 185
156 190
156 193
156 194
157 163
157 167
157 170
157 175
157 191
157 197
158 159
158 163
158 171
158 186
158 188
158 197
158 198
159 160
159 169
159 173
159 174
159 176
159 183
159 185
159 188
159 196
159 197
159 199
160 166
160 170
160 174
160 185
160 189
160 190
160 191
160 195
161 162
161 170
161 176
161 181
161 187
161 188
161 194
161 198
162 169
162 178
162 183
162 184
162 185
162 189
162 191
162 193
162 197
162 198
163 165
163 169
163 170
163 171
163 173
163 174
163 179
163 180
163 185
163 188
163 189
163 190
163 195
163 199
164 167
164 168
164 178
164 180
164 182
164 186
164 192
164 193
165 166
165 167
165 169
165 173
165 176
165 177
165 195
166 169
166 173
166 176
166 190
166 192
166 193
166 197
167 170
167 173
167 177
167 180
167 187
167 190
167 191
167 192
167 194
168 173
168 176
168 180
168 181
168 191
168 192
168 197
168 199
169 172
169 176
169 188
169 197
170 173
170 174
170 180
170 189
170 190
170 194
170 197
171 178
171 187
171 199
172 174
172 176
172 178
172 186
172 188
172 190
172 195
173 179
173 192
174 183
174 184
174 191
175 188
175 193
175 194
175 195
176 177
176 178
176 189
176 194
176 196
176 197
177 190
178 182
178 183
178 184
178 186
178 190
178 192
178 193
179 180
179 185
179 190
179 191
179 198
180 194
180 197
181 191
181 198
182 186
182 191
182 192
182 195
183 189
183 195
184 193
184 197
185 186
185 190
185 196
185 199
186 188
186 197
187 197
189 192
190 196
195 198
196 197
196 198
196 199
198 199
59 5 48 65 1 118 186 190 28 21 122 85 195 184 126 78 57 90 12 81
84 69 146 170 174 67 154 92 100 50 152 153 140 167 56 82 2 41 110 189
162 179 58 168 83 94 163 36 20 135 70 16 88 13 149 131 46 111 99 8
127 0 45 96 9 87 193 4 71 49 40 26 181 37 120 66 156 147 103 17
11 148 77 121 7 61 106 38 159 196 164 3 132 185 107 25 133 95 182 101
130 23 30 80 62 31 54 180 192 116 124 117 98 10 29 53 27 129 105 150
44 60 183 119 24 197 93 187 34 104 64 155 47 63 142 137 33 157 139 191
134 52 39 79 171 125 166 194 18 173 108 145 176 143 138 68 97 91 175 172
51 22 75 15 198 55 115 35 141 109 123 42 114 188 177 19 165 112 74 76
178 43 136 169 86 144 6 102 161 32 151 73 128 14 89 160 72 199 113 158
