200
11944
5
0 1
0 2
0 4
0 10
0 13
0 15
0 16
0 17
0 19
0 20
0 22
0 23
0 25
0 27
0 29
0 30
0 31
0 32
0 33
0 34
0 36
0 37
0 38
0 39
0 42
0 43
0 46
0 47
0 50
0 53
0 55
0 57
0 58
0 59
0 61
0 64
0 65
0 66
0 72
0 73
0 75
0 76
0 77
0 78
0 79
0 80
0 81
0 83
0 84
0 85
0 90
0 93
0 94
0 97
0 100
0 102
0 105
0 106
0 108
0 110
0 111
0 113
0 114
0 115
0 116
0 121
0 122
0 124
0 129
0 135
0 136
0 137
0 142
0 143
0 145
0 146
0 147
0 149
0 152
0 153
0 155
0 158
0 159
0 160
0 164
0 165
0 166
0 167
0 169
0 171
0 173
0 177
0 179
0 181
0 182
0 183
0 185
0 186
0 187
0 188
0 189
0 190
0 191
0 192
0 193
0 195
0 198
0 199
1 2
1 6
1 7
1 12
1 14
1 15
1 17
1 18
1 19
1 25
1 26
1 28
1 31
1 32
1 33
1 34
1 35
1 36
1 39
1 41
1 42
1 43
1 47
1 49
1 50
1 51
1 52
1 54
1 55
1 57
1 58
1 59
1 60
1 61
1 62
1 63
1 64
1 66
1 68
1 69
1 70
1 71
1 74
1 77
1 78
1 80
1 81
1 83
1 84
1 88
1 89
1 91
1 93
1 95
1 97
1 98
1 100
1 101
1 104
1 105
1 109
1 111
1 113
1 116
1 117
1 118
1 119
1 124
1 125
1 126
1 127
1 128
1 129
1 131
1 132
1 133
1 136
1 138
1 139
1 140
1 141
1 142
1 144
1 146
1 147
1 148
1 150
1 151
1 153
1 154
1 156
1 160
1 162
1 165
1 168
1 169
1 170
1 171
1 172
1 174
1 178
1 180
1 181
1 183
1 188
1 189
1 194
1 196
1 198
1 199
2 6
2 7
2 8
2 12
2 13
2 15
2 17
2 18
2 19
2 22
2 23
2 24
2 25
2 26
2 28
2 29
2 30
2 32
2 33
2 35
2 36
2 37
2 38
2 39
2 41
2 44
2 45
2 46
2 49
2 50
2 54
2 56
2 57
2 60
2 64
2 66
2 67
2 68
2 69
2 72
2 74
2 75
2 76
2 77
2 82
2 83
2 86
2 87
2 89
2 91
2 93
2 95
2 96
2 99
2 100
2 101
2 102
2 103
2 104
2 106
2 107
2 109
2 110
2 111
2 112
2 113
2 114
2 115
2 117
2 121
2 122
2 124
2 125
2 126
2 127
2 128
2 129
2 130
2 131
2 132
2 134
2 135
2 136
2 137
2 138
2 139
2 141
2 143
2 144
2 145
2 146
2 147
2 148
2 149
2 150
2 151
2 153
2 163
2 164
2 166
2 167
2 168
2 169
2 170
2 171
2 172
2 174
2 176
2 177
2 178
2 179
2 180
2 182
2 183
2 184
2 187
2 189
2 191
2 192
2 193
2 195
2 196
2 198
2 199
3 9
3 12
3 14
3 15
3 17
3 20
3 21
3 23
3 26
3 27
3 33
3 34
3 39
3 40
3 43
3 45
3 46
3 47
3 48
3 52
3 54
3 55
3 56
3 57
3 58
3 60
3 62
3 63
3 65
3 66
3 67
3 69
3 70
3 71
3 73
3 74
3 76
3 78
3 81
3 82
3 84
3 86
3 88
3 89
3 91
3 92
3 93
3 95
3 96
3 97
3 98
3 99
3 100
3 104
3 105
3 108
3 109
3 110
3 111
3 113
3 114
3 115
3 116
3 118
3 123
3 126
3 127
3 130
3 131
3 132
3 133
3 134
3 135
3 136
3 137
3 138
3 140
3 142
3 144
3 146
3 148
3 149
3 151
3 152
3 153
3 154
3 155
3 157
3 159
3 160
3 162
3 163
3 164
3 166
3 168
3 169
3 170
3 171
3 174
3 175
3 179
3 181
3 185
3 186
3 188
3 189
3 190
3 191
3 192
3 193
3 196
3 197
4 5
4 6
4 9
4 11
4 12
4 14
4 15
4 16
4 18
4 19
4 23
4 25
4 26
4 27
4 28
4 33
4 35
4 37
4 38
4 39
4 40
4 43
4 46
4 48
4 49
4 50
4 53
4 54
4 55
4 58
4 59
4 60
4 65
4 68
4 69
4 70
4 71
4 72
4 74
4 75
4 78
4 79
4 80
4 81
4 82
4 86
4 87
4 88
4 90
4 94
4 97
4 99
4 100
4 103
4 104
4 106
4 107
4 108
4 110
4 112
4 113
4 114
4 116
4 118
4 119
4 120
4 121
4 123
4 124
4 127
4 128
4 131
4 132
4 133
4 134
4 135
4 137
4 139
4 141
4 142
4 143
4 144
4 145
4 146
4 147
4 148
4 150
4 151
4 152
4 153
4 155
4 158
4 159
4 160
4 161
4 162
4 163
4 165
4 167
4 168
4 169
4 170
4 171
4 173
4 176
4 177
4 179
4 182
4 183
4 184
4 186
4 187
4 188
4 189
4 190
4 194
4 196
4 198
5 6
5 7
5 9
5 10
5 12
5 13
5 14
5 16
5 17
5 18
5 20
5 21
5 23
5 25
5 26
5 27
5 28
5 30
5 31
5 32
5 33
5 35
5 37
5 38
5 39
5 41
5 42
5 44
5 46
5 47
5 48
5 49
5 50
5 57
5 59
5 62
5 63
5 65
5 66
5 69
5 70
5 71
5 73
5 75
5 76
5 77
5 78
5 79
5 80
5 81
5 83
5 87
5 88
5 89
5 91
5 93
5 95
5 100
5 101
5 102
5 104
5 105
5 106
5 108
5 109
5 110
5 111
5 112
5 113
5 114
5 115
5 116
5 117
5 118
5 120
5 123
5 126
5 128
5 132
5 133
5 135
5 136
5 140
5 142
5 143
5 146
5 147
5 149
5 150
5 152
5 155
5 158
5 160
5 162
5 163
5 164
5 165
5 166
5 167
5 168
5 170
5 171
5 172
5 173
5 174
5 175
5 176
5 179
5 181
5 182
5 184
5 185
5 186
5 188
5 189
5 192
5 194
5 196
5 198
5 199
6 7
6 9
6 11
6 14
6 16
6 17
6 19
6 20
6 22
6 23
6 24
6 28
6 30
6 32
6 33
6 34
6 35
6 36
6 37
6 39
6 41
6 44
6 45
6 46
6 47
6 48
6 49
6 50
6 52
6 53
6 55
6 56
6 57
6 58
6 60
6 61
6 62
6 64
6 66
6 67
6 69
6 70
6 71
6 73
6 75
6 77
6 78
6 80
6 82
6 85
6 87
6 91
6 92
6 94
6 99
6 102
6 104
6 107
6 110
6 114
6 115
6 116
6 117
6 119
6 120
6 121
6 124
6 126
6 127
6 128
6 129
6 133
6 134
6 135
6 137
6 138
6 139
6 140
6 141
6 142
6 145
6 149
6 153
6 154
6 157
6 159
6 160
6 161
6 163
6 164
6 166
6 168
6 169
6 172
6 174
6 175
6 177
6 178
6 179
6 181
6 182
6 183
6 184
6 186
6 188
6 190
6 191
6 192
6 193
6 194
6 196
6 197
7 8
7 9
7 10
7 12
7 13
7 16
7 18
7 19
7 20
7 21
7 22
7 24
7 25
7 27
7 28
7 29
7 33
7 34
7 36
7 37
7 39
7 41
7 42
7 43
7 46
7 49
7 50
7 51
7 52
7 53
7 54
7 57
7 61
7 63
7 65
7 66
7 67
7 71
7 72
7 74
7 75
7 76
7 77
7 78
7 81
7 82
7 84
7 86
7 87
7 88
7 90
7 92
7 93
7 95
7 96
7 97
7 103
7 104
7 105
7 109
7 111
7 112
7 113
7 114
7 115
7 117
7 119
7 120
7 121
7 123
7 124
7 127
7 128
7 129
7 130
7 131
7 132
7 133
7 134
7 135
7 136
7 137
7 138
7 139
7 142
7 143
7 145
7 146
7 147
7 148
7 149
7 150
7 151
7 152
7 153
7 154
7 155
7 157
7 159
7 160
7 162
7 163
7 164
7 165
7 166
7 173
7 174
7 176
7 178
7 179
7 180
7 182
7 183
7 186
7 187
7 188
7 191
7 192
7 195
7 196
7 199
8 9
8 11
8 16
8 18
8 21
8 22
8 25
8 26
8 27
8 28
8 30
8 32
8 33
8 35
8 36
8 37
8 38
8 40
8 43
8 45
8 46
8 48
8 49
8 50
8 52
8 53
8 55
8 56
8 57
8 59
8 60
8 61
8 64
8 66
8 68
8 69
8 73
8 77
8 79
8 80
8 81
8 82
8 83
8 85
8 86
8 88
8 90
8 92
8 93
8 94
8 95
8 96
8 97
8 98
8 99
8 101
8 102
8 104
8 106
8 107
8 108
8 109
8 111
8 113
8 114
8 115
8 116
8 118
8 121
8 122
8 123
8 124
8 125
8 127
8 128
8 129
8 130
8 131
8 132
8 133
8 134
8 138
8 139
8 140
8 141
8 142
8 143
8 144
8 146
8 148
8 149
8 152
8 155
8 158
8 159
8 160
8 162
8 163
8 164
8 168
8 169
8 172
8 173
8 175
8 177
8 178
8 179
8 183
8 184
8 186
8 192
8 193
8 195
8 196
8 197
8 198
9 10
9 11
9 12
9 13
9 14
9 16
9 18
9 19
9 21
9 23
9 24
9 25
9 28
9 29
9 31
9 32
9 33
9 36
9 38
9 40
9 41
9 42
9 44
9 45
9 46
9 48
9 50
9 51
9 53
9 54
9 55
9 56
9 57
9 58
9 59
9 60
9 61
9 63
9 64
9 66
9 68
9 70
9 71
9 72
9 75
9 76
9 77
9 79
9 85
9 87
9 90
9 91
9 93
9 95
9 96
9 97
9 98
9 99
9 100
9 103
9 106
9 107
9 108
9 109
9 110
9 114
9 115
9 116
9 119
9 120
9 121
9 122
9 123
9 127
9 128
9 130
9 133
9 134
9 135
9 136
9 137
9 138
9 139
9 140
9 141
9 142
9 143
9 144
9 145
9 149
9 150
9 153
9 156
9 157
9 158
9 160
9 161
9 163
9 165
9 168
9 169
9 172
9 173
9 174
9 175
9 176
9 177
9 178
9 181
9 186
9 187
9 189
9 192
9 193
9 195
9 196
10 11
10 14
10 15
10 16
10 17
10 18
10 20
10 21
10 22
10 23
10 25
10 26
10 28
10 29
10 30
10 32
10 33
10 34
10 35
10 37
10 38
10 39
10 40
10 46
10 48
10 49
10 50
10 51
10 53
10 54
10 55
10 56
10 57
10 58
10 59
10 60
10 61
10 62
10 63
10 65
10 66
10 67
10 68
10 69
10 70
10 71
10 74
10 75
10 77
10 79
10 81
10 85
10 86
10 89
10 90
10 93
10 94
10 95
10 99
10 100
10 102
10 106
10 107
10 108
10 109
10 110
10 111
10 116
10 117
10 118
10 120
10 121
10 122
10 123
10 124
10 125
10 127
10 128
10 130
10 131
10 135
10 136
10 137
10 138
10 141
10 144
10 146
10 147
10 149
10 150
10 151
10 152
10 153
10 154
10 155
10 158
10 159
10 161
10 166
10 170
10 171
10 172
10 174
10 175
10 176
10 177
10 178
10 183
10 187
10 188
10 191
10 195
10 197
10 198
10 199
11 12
11 13
11 14
11 17
11 19
11 22
11 24
11 28
11 29
11 32
11 33
11 34
11 35
11 36
11 40
11 42
11 46
11 47
11 48
11 49
11 50
11 54
11 55
11 57
11 60
11 61
11 62
11 64
11 65
11 67
11 69
11 70
11 73
11 75
11 76
11 77
11 79
11 80
11 85
11 86
11 88
11 89
11 92
11 96
11 97
11 98
11 99
11 101
11 102
11 103
11 104
11 105
11 107
11 111
11 113
11 114
11 115
11 119
11 124
11 125
11 126
11 127
11 129
11 130
11 131
11 134
11 138
11 142
11 143
11 144
11 145
11 147
11 149
11 150
11 152
11 153
11 154
11 156
11 157
11 158
11 159
11 160
11 162
11 163
11 164
11 165
11 168
11 169
11 170
11 172
11 173
11 175
11 176
11 177
11 178
11 180
11 182
11 183
11 184
11 185
11 187
11 188
11 190
11 191
11 192
11 193
11 194
11 195
11 196
11 197
12 13
12 17
12 18
12 20
12 21
12 22
12 23
12 25
12 26
12 27
12 28
12 29
12 32
12 33
12 37
12 38
12 39
12 40
12 41
12 43
12 44
12 45
12 46
12 47
12 49
12 50
12 51
12 52
12 54
12 55
12 59
12 61
12 63
12 67
12 68
12 69
12 73
12 74
12 75
12 77
12 79
12 81
12 83
12 84
12 85
12 86
12 87
12 89
12 90
12 93
12 98
12 101
12 102
12 103
12 107
12 108
12 109
12 111
12 112
12 113
12 115
12 117
12 119
12 121
12 122
12 127
12 129
12 131
12 133
12 134
12 135
12 137
12 140
12 141
12 144
12 148
12 150
12 151
12 153
12 154
12 156
12 157
12 158
12 159
12 163
12 164
12 166
12 167
12 168
12 169
12 171
12 172
12 173
12 174
12 175
12 178
12 182
12 184
12 185
12 186
12 187
12 189
12 191
12 194
12 195
12 197
13 14
13 16
13 18
13 21
13 22
13 24
13 26
13 27
13 28
13 29
13 31
13 32
13 33
13 34
13 36
13 38
13 39
13 40
13 41
13 42
13 44
13 48
13 50
13 51
13 54
13 55
13 57
13 58
13 61
13 63
13 64
13 66
13 68
13 69
13 72
13 73
13 74
13 75
13 76
13 78
13 79
13 80
13 83
13 85
13 87
13 88
13 89
13 90
13 91
13 93
13 96
13 97
13 98
13 101
13 105
13 106
13 107
13 111
13 112
13 114
13 115
13 116
13 117
13 118
13 119
13 122
13 125
13 127
13 130
13 131
13 132
13 133
13 135
13 139
13 140
13 143
13 144
13 145
13 146
13 151
13 152
13 154
13 156
13 158
13 160
13 161
13 163
13 164
13 169
13 170
13 171
13 172
13 174
13 175
13 176
13 177
13 178
13 180
13 181
13 183
13 184
13 188
13 189
13 192
13 194
13 195
13 196
13 197
13 198
13 199
14 17
14 18
14 20
14 22
14 24
14 25
14 27
14 32
14 33
14 34
14 38
14 40
14 42
14 43
14 45
14 46
14 47
14 48
14 51
14 52
14 53
14 54
14 55
14 57
14 59
14 60
14 62
14 63
14 64
14 66
14 67
14 68
14 74
14 75
14 81
14 83
14 84
14 88
14 89
14 90
14 93
14 94
14 96
14 97
14 99
14 100
14 101
14 106
14 107
14 108
14 110
14 111
14 112
14 113
14 114
14 115
14 116
14 117
14 118
14 119
14 120
14 121
14 124
14 126
14 129
14 132
14 133
14 134
14 136
14 139
14 144
14 146
14 148
14 149
14 150
14 151
14 154
14 158
14 160
14 163
14 165
14 166
14 167
14 168
14 169
14 171
14 172
14 174
14 176
14 178
14 181
14 182
14 183
14 185
14 186
14 187
14 190
14 194
14 195
14 198
14 199
15 16
15 17
15 24
15 27
15 28
15 32
15 33
15 35
15 37
15 39
15 40
15 41
15 42
15 43
15 44
15 46
15 47
15 48
15 50
15 51
15 52
15 54
15 56
15 57
15 59
15 60
15 64
15 65
15 68
15 69
15 71
15 72
15 75
15 77
15 79
15 82
15 87
15 88
15 90
15 92
15 95
15 96
15 97
15 100
15 103
15 104
15 105
15 106
15 107
15 108
15 112
15 113
15 115
15 116
15 117
15 118
15 121
15 122
15 124
15 125
15 126
15 127
15 128
15 130
15 133
15 134
15 137
15 138
15 139
15 141
15 142
15 144
15 145
15 147
15 148
15 149
15 150
15 151
15 152
15 153
15 154
15 155
15 157
15 158
15 159
15 162
15 163
15 164
15 165
15 166
15 167
15 168
15 169
15 170
15 171
15 173
15 174
15 175
15 176
15 178
15 179
15 181
15 184
15 186
15 187
15 188
15 189
15 194
15 197
15 199
16 19
16 20
16 21
16 22
16 23
16 24
16 26
16 27
16 28
16 30
16 31
16 32
16 33
16 35
16 38
16 39
16 40
16 41
16 42
16 43
16 44
16 49
16 50
16 51
16 52
16 54
16 59
16 60
16 66
16 67
16 68
16 69
16 70
16 71
16 72
16 74
16 77
16 78
16 79
16 80
16 83
16 87
16 88
16 90
16 91
16 92
16 94
16 98
16 99
16 102
16 110
16 116
16 120
16 121
16 122
16 123
16 125
16 128
16 130
16 131
16 132
16 135
16 136
16 138
16 141
16 144
16 145
16 146
16 147
16 148
16 149
16 150
16 152
16 154
16 155
16 156
16 157
16 159
16 160
16 162
16 171
16 176
16 178
16 179
16 181
16 182
16 183
16 185
16 187
16 191
16 193
16 196
16 197
16 198
17 18
17 21
17 22
17 26
17 27
17 29
17 30
17 32
17 33
17 34
17 35
17 36
17 38
17 41
17 42
17 46
17 47
17 49
17 50
17 53
17 55
17 56
17 57
17 60
17 62
17 63
17 64
17 66
17 68
17 69
17 71
17 72
17 74
17 75
17 76
17 78
17 80
17 81
17 83
17 84
17 86
17 87
17 89
17 91
17 93
17 94
17 95
17 97
17 100
17 101
17 103
17 104
17 107
17 109
17 111
17 112
17 116
17 117
17 118
17 119
17 122
17 124
17 125
17 126
17 132
17 135
17 136
17 137
17 138
17 139
17 140
17 141
17 142
17 144
17 146
17 149
17 150
17 153
17 154
17 156
17 157
17 158
17 159
17 161
17 162
17 166
17 167
17 168
17 169
17 170
17 172
17 173
17 175
17 176
17 177
17 180
17 181
17 182
17 183
17 185
17 186
17 188
17 190
17 191
17 192
17 197
17 198
17 199
18 19
18 20
18 21
18 25
18 26
18 28
18 30
18 31
18 32
18 35
18 37
18 38
18 42
18 43
18 44
18 46
18 47
18 48
18 49
18 50
18 51
18 52
18 54
18 55
18 58
18 59
18 64
18 65
18 67
18 69
18 70
18 71
18 72
18 73
18 75
18 78
18 79
18 80
18 81
18 83
18 87
18 88
18 89
18 90
18 91
18 92
18 93
18 95
18 99
18 103
18 104
18 106
18 109
18 110
18 111
18 115
18 116
18 118
18 119
18 120
18 121
18 122
18 123
18 124
18 127
18 131
18 132
18 133
18 135
18 136
18 137
18 139
18 140
18 142
18 145
18 146
18 147
18 148
18 149
18 150
18 152
18 154
18 155
18 156
18 160
18 162
18 164
18 166
18 169
18 171
18 174
18 175
18 176
18 177
18 178
18 180
18 181
18 182
18 186
18 187
18 188
18 189
18 190
18 193
18 195
18 196
18 197
18 199
19 20
19 21
19 22
19 24
19 26
19 28
19 31
19 32
19 33
19 34
19 36
19 37
19 40
19 42
19 44
19 45
19 46
19 48
19 49
19 51
19 55
19 57
19 58
19 59
19 60
19 63
19 64
19 69
19 70
19 71
19 72
19 74
19 76
19 77
19 79
19 80
19 81
19 82
19 83
19 84
19 85
19 86
19 87
19 93
19 95
19 97
19 98
19 99
19 100
19 104
19 105
19 107
19 110
19 111
19 113
19 115
19 117
19 119
19 120
19 121
19 124
19 125
19 127
19 128
19 129
19 130
19 132
19 133
19 134
19 137
19 138
19 139
19 140
19 147
19 148
19 149
19 150
19 152
19 153
19 154
19 156
19 158
19 159
19 161
19 162
19 163
19 167
19 168
19 170
19 172
19 173
19 174
19 175
19 176
19 180
19 181
19 183
19 184
19 185
19 187
19 188
19 190
19 191
19 192
19 193
19 194
19 195
19 196
19 198
20 22
20 24
20 26
20 28
20 29
20 30
20 31
20 32
20 33
20 35
20 37
20 38
20 39
20 40
20 42
20 43
20 44
20 46
20 47
20 50
20 51
20 54
20 55
20 57
20 64
20 65
20 66
20 67
20 75
20 76
20 77
20 78
20 80
20 81
20 84
20 85
20 86
20 87
20 89
20 91
20 92
20 93
20 94
20 97
20 99
20 100
20 102
20 105
20 106
20 108
20 109
20 113
20 114
20 117
20 118
20 120
20 123
20 125
20 128
20 132
20 133
20 134
20 135
20 137
20 139
20 140
20 141
20 143
20 144
20 146
20 148
20 150
20 155
20 156
20 157
20 159
20 160
20 162
20 163
20 164
20 165
20 167
20 168
20 171
20 173
20 175
20 176
20 180
20 181
20 185
20 186
20 187
20 188
20 191
20 192
20 193
20 194
20 195
20 197
20 198
21 22
21 25
21 27
21 28
21 31
21 35
21 38
21 40
21 41
21 43
21 44
21 45
21 46
21 47
21 48
21 50
21 51
21 52
21 54
21 62
21 66
21 67
21 69
21 72
21 73
21 74
21 76
21 77
21 78
21 80
21 82
21 83
21 85
21 86
21 88
21 90
21 92
21 94
21 95
21 96
21 100
21 101
21 104
21 106
21 107
21 108
21 109
21 112
21 114
21 116
21 118
21 120
21 121
21 122
21 124
21 125
21 127
21 128
21 130
21 131
21 134
21 136
21 137
21 140
21 141
21 145
21 147
21 149
21 150
21 151
21 152
21 154
21 156
21 157
21 158
21 159
21 165
21 166
21 169
21 170
21 172
21 173
21 175
21 176
21 178
21 179
21 182
21 186
21 187
21 189
21 190
21 191
21 192
21 193
21 194
21 197
21 199
22 23
22 25
22 26
22 27
22 28
22 29
22 30
22 31
22 32
22 33
22 36
22 37
22 38
22 40
22 41
22 43
22 44
22 45
22 46
22 47
22 48
22 50
22 51
22 52
22 53
22 58
22 59
22 60
22 61
22 62
22 63
22 64
22 66
22 67
22 70
22 72
22 73
22 74
22 75
22 76
22 78
22 81
22 83
22 84
22 85
22 87
22 89
22 93
22 94
22 95
22 96
22 97
22 98
22 100
22 101
22 102
22 103
22 104
22 105
22 106
22 107
22 108
22 109
22 110
22 111
22 113
22 115
22 116
22 118
22 119
22 120
22 123
22 124
22 125
22 127
22 129
22 130
22 131
22 133
22 134
22 135
22 139
22 141
22 144
22 145
22 147
22 148
22 149
22 150
22 151
22 152
22 153
22 155
22 156
22 158
22 160
22 161
22 165
22 169
22 170
22 171
22 173
22 174
22 175
22 176
22 178
22 179
22 180
22 181
22 183
22 184
22 185
22 186
22 187
22 189
22 191
22 193
22 194
22 196
22 197
22 199
23 24
23 25
23 26
23 27
23 28
23 29
23 30
23 31
23 34
23 35
23 36
23 38
23 39
23 43
23 44
23 45
23 46
23 47
23 49
23 50
23 52
23 54
23 55
23 57
23 58
23 59
23 60
23 61
23 62
23 64
23 67
23 68
23 69
23 70
23 71
23 75
23 79
23 80
23 81
23 84
23 87
23 88
23 89
23 93
23 94
23 95
23 104
23 105
23 106
23 108
23 109
23 111
23 116
23 118
23 119
23 122
23 125
23 132
23 134
23 135
23 136
23 137
23 139
23 140
23 141
23 144
23 147
23 150
23 151
23 153
23 154
23 155
23 156
23 158
23 159
23 161
23 162
23 163
23 164
23 168
23 169
23 170
23 172
23 173
23 174
23 175
23 177
23 179
23 180
23 182
23 186
23 191
23 192
23 194
23 195
23 196
23 197
23 198
23 199
24 25
24 26
24 27
24 29
24 31
24 32
24 34
24 35
24 36
24 38
24 40
24 41
24 42
24 47
24 48
24 50
24 51
24 53
24 55
24 56
24 58
24 59
24 61
24 62
24 63
24 64
24 66
24 68
24 69
24 73
24 74
24 75
24 76
24 77
24 80
24 82
24 89
24 90
24 91
24 93
24 94
24 95
24 96
24 97
24 98
24 99
24 101
24 102
24 103
24 104
24 107
24 109
24 111
24 113
24 117
24 118
24 122
24 124
24 125
24 126
24 128
24 129
24 132
24 134
24 137
24 141
24 142
24 144
24 147
24 148
24 150
24 153
24 157
24 158
24 159
24 160
24 161
24 163
24 164
24 169
24 170
24 171
24 172
24 174
24 175
24 176
24 178
24 180
24 181
24 182
24 183
24 185
24 186
24 187
24 188
24 193
24 194
24 195
24 196
24 198
24 199
25 26
25 27
25 28
25 30
25 31
25 35
25 36
25 37
25 38
25 40
25 45
25 47
25 51
25 52
25 53
25 54
25 56
25 57
25 58
25 59
25 60
25 61
25 62
25 64
25 66
25 69
25 74
25 75
25 76
25 77
25 78
25 79
25 80
25 83
25 84
25 86
25 88
25 91
25 93
25 94
25 95
25 97
25 99
25 100
25 102
25 103
25 104
25 105
25 107
25 109
25 112
25 113
25 115
25 116
25 117
25 120
25 121
25 122
25 123
25 124
25 125
25 126
25 127
25 128
25 129
25 132
25 133
25 134
25 136
25 137
25 138
25 139
25 140
25 141
25 147
25 149
25 152
25 153
25 154
25 158
25 161
25 164
25 165
25 166
25 168
25 172
25 173
25 174
25 175
25 176
25 177
25 180
25 181
25 183
25 184
25 185
25 186
25 187
25 189
25 190
25 193
25 195
25 197
25 198
26 27
26 30
26 31
26 32
26 33
26 34
26 38
26 39
26 40
26 42
26 44
26 45
26 46
26 48
26 49
26 50
26 54
26 56
26 58
26 59
26 60
26 63
26 64
26 65
26 67
26 68
26 69
26 70
26 71
26 72
26 73
26 75
26 76
26 79
26 80
26 81
26 84
26 87
26 89
26 90
26 93
26 94
26 95
26 97
26 98
26 99
26 100
26 102
26 103
26 105
26 106
26 108
26 111
26 113
26 114
26 116
26 117
26 119
26 120
26 121
26 122
26 124
26 125
26 128
26 130
26 131
26 132
26 137
26 138
26 140
26 141
26 142
26 143
26 144
26 145
26 148
26 149
26 150
26 152
26 153
26 154
26 155
26 156
26 157
26 162
26 163
26 165
26 166
26 168
26 171
26 172
26 173
26 174
26 175
26 176
26 178
26 179
26 180
26 181
26 184
26 185
26 187
26 188
26 189
26 191
26 192
26 193
26 195
26 198
26 199
27 29
27 31
27 32
27 33
27 37
27 38
27 39
27 40
27 41
27 44
27 46
27 48
27 50
27 51
27 53
27 55
27 56
27 57
27 58
27 59
27 62
27 63
27 64
27 65
27 66
27 67
27 68
27 70
27 73
27 76
27 80
27 82
27 83
27 85
27 86
27 87
27 88
27 89
27 90
27 91
27 92
27 95
27 96
27 99
27 100
27 103
27 104
27 105
27 107
27 108
27 110
27 111
27 112
27 114
27 121
27 122
27 124
27 127
27 129
27 131
27 132
27 133
27 135
27 137
27 139
27 143
27 144
27 145
27 147
27 148
27 150
27 151
27 152
27 153
27 154
27 157
27 159
27 161
27 162
27 164
27 166
27 167
27 168
27 169
27 171
27 175
27 176
27 177
27 178
27 179
27 180
27 183
27 184
27 186
27 188
27 190
27 192
27 195
27 197
27 198
27 199
28 31
28 34
28 35
28 36
28 37
28 39
28 40
28 44
28 45
28 47
28 48
28 49
28 51
28 56
28 61
28 64
28 65
28 66
28 67
28 68
28 70
28 71
28 72
28 73
28 75
28 76
28 78
28 79
28 80
28 81
28 92
28 96
28 97
28 98
28 99
28 100
28 101
28 103
28 104
28 107
28 110
28 112
28 114
28 115
28 116
28 118
28 119
28 120
28 122
28 124
28 126
28 128
28 130
28 134
28 135
28 136
28 138
28 139
28 140
28 141
28 143
28 146
28 147
28 148
28 149
28 150
28 151
28 152
28 153
28 154
28 155
28 158
28 159
28 162
28 163
28 164
28 165
28 166
28 167
28 168
28 169
28 173
28 175
28 176
28 177
28 179
28 181
28 182
28 184
28 188
28 190
28 191
28 192
28 193
28 194
28 196
28 197
28 198
29 30
29 32
29 33
29 36
29 38
29 44
29 45
29 47
29 48
29 51
29 54
29 55
29 59
29 60
29 64
29 66
29 67
29 68
29 69
29 70
29 71
29 73
29 74
29 75
29 77
29 79
29 80
29 81
29 83
29 84
29 85
29 86
29 87
29 90
29 91
29 98
29 99
29 100
29 101
29 103
29 104
29 105
29 107
29 110
29 111
29 112
29 113
29 115
29 118
29 119
29 120
29 121
29 122
29 126
29 129
29 130
29 133
29 134
29 135
29 137
29 138
29 140
29 141
29 143
29 145
29 146
29 147
29 149
29 150
29 151
29 152
29 154
29 155
29 160
29 162
29 165
29 167
29 171
29 172
29 173
29 174
29 177
29 181
29 182
29 183
29 186
29 187
29 190
29 191
29 193
29 194
29 195
29 198
30 31
30 32
30 33
30 34
30 36
30 38
30 42
30 45
30 46
30 47
30 48
30 50
30 51
30 52
30 54
30 55
30 56
30 57
30 58
30 59
30 60
30 61
30 62
30 63
30 66
30 69
30 71
30 74
30 75
30 76
30 77
30 78
30 82
30 83
30 84
30 85
30 88
30 89
30 90
30 91
30 96
30 97
30 98
30 99
30 100
30 101
30 106
30 107
30 110
30 112
30 113
30 114
30 116
30 121
30 122
30 124
30 125
30 126
30 127
30 130
30 131
30 132
30 135
30 138
30 140
30 141
30 142
30 144
30 145
30 146
30 147
30 149
30 150
30 151
30 153
30 156
30 157
30 161
30 163
30 164
30 165
30 168
30 169
30 171
30 173
30 174
30 176
30 177
30 179
30 180
30 182
30 183
30 184
30 185
30 187
30 188
30 189
30 190
30 191
30 192
30 193
30 194
30 198
30 199
31 33
31 34
31 37
31 39
31 42
31 45
31 47
31 48
31 51
31 53
31 54
31 58
31 59
31 60
31 61
31 63
31 64
31 65
31 66
31 67
31 69
31 70
31 73
31 74
31 75
31 78
31 80
31 81
31 83
31 85
31 86
31 87
31 89
31 90
31 93
31 94
31 95
31 96
31 97
31 99
31 101
31 104
31 108
31 109
31 110
31 111
31 112
31 114
31 116
31 117
31 119
31 121
31 122
31 123
31 125
31 127
31 129
31 130
31 131
31 132
31 134
31 136
31 138
31 141
31 142
31 144
31 148
31 151
31 152
31 154
31 155
31 156
31 158
31 160
31 161
31 164
31 166
31 167
31 171
31 172
31 173
31 175
31 177
31 180
31 181
31 185
31 186
31 187
31 189
31 191
31 192
31 193
31 199
32 34
32 35
32 36
32 37
32 38
32 39
32 41
32 42
32 43
32 45
32 46
32 49
32 50
32 51
32 52
32 56
32 57
32 58
32 59
32 61
32 62
32 63
32 67
32 68
32 69
32 70
32 76
32 77
32 79
32 84
32 85
32 87
32 88
32 91
32 93
32 94
32 96
32 97
32 98
32 100
32 101
32 102
32 105
32 106
32 107
32 111
32 112
32 116
32 117
32 119
32 122
32 123
32 124
32 128
32 129
32 132
32 133
32 134
32 135
32 137
32 138
32 142
32 144
32 149
32 150
32 151
32 152
32 153
32 154
32 157
32 158
32 159
32 161
32 162
32 165
32 166
32 168
32 170
32 171
32 172
32 173
32 174
32 177
32 179
32 182
32 183
32 191
32 192
32 193
32 194
32 195
32 196
32 197
33 38
33 39
33 40
33 41
33 42
33 43
33 44
33 47
33 48
33 49
33 51
33 52
33 53
33 54
33 55
33 57
33 59
33 60
33 61
33 62
33 63
33 66
33 67
33 69
33 71
33 73
33 75
33 76
33 77
33 79
33 84
33 87
33 89
33 90
33 95
33 97
33 98
33 99
33 101
33 102
33 103
33 104
33 105
33 107
33 108
33 109
33 110
33 111
33 112
33 113
33 115
33 116
33 117
33 118
33 122
33 123
33 125
33 126
33 128
33 129
33 130
33 132
33 133
33 134
33 135
33 136
33 137
33 138
33 139
33 140
33 142
33 143
33 146
33 148
33 151
33 153
33 154
33 155
33 156
33 157
33 158
33 159
33 162
33 164
33 167
33 169
33 172
33 173
33 175
33 177
33 178
33 179
33 184
33 185
33 189
33 191
33 192
33 193
33 194
33 197
34 36
34 40
34 41
34 43
34 45
34 49
34 50
34 51
34 52
34 54
34 57
34 59
34 62
34 64
34 66
34 67
34 68
34 72
34 74
34 75
34 77
34 79
34 84
34 86
34 87
34 88
34 89
34 90
34 93
34 94
34 95
34 96
34 98
34 100
34 101
34 102
34 104
34 105
34 106
34 109
34 110
34 115
34 117
34 118
34 122
34 123
34 126
34 127
34 129
34 130
34 131
34 132
34 133
34 134
34 135
34 136
34 137
34 139
34 140
34 141
34 142
34 143
34 146
34 147
34 149
34 152
34 153
34 155
34 157
34 159
34 160
34 161
34 162
34 163
34 166
34 167
34 171
34 173
34 176
34 177
34 178
34 179
34 180
34 181
34 182
34 183
34 187
34 188
34 190
34 192
34 193
34 194
34 195
34 196
34 197
34 198
35 38
35 41
35 43
35 47
35 48
35 49
35 52
35 58
35 59
35 60
35 61
35 62
35 64
35 66
35 70
35 71
35 75
35 76
35 77
35 78
35 79
35 80
35 82
35 84
35 86
35 89
35 90
35 92
35 93
35 95
35 96
35 97
35 98
35 99
35 101
35 103
35 106
35 107
35 108
35 109
35 110
35 111
35 112
35 113
35 116
35 117
35 119
35 120
35 122
35 126
35 127
35 128
35 129
35 131
35 132
35 133
35 134
35 137
35 140
35 141
35 145
35 146
35 147
35 149
35 150
35 153
35 154
35 155
35 156
35 158
35 163
35 164
35 166
35 167
35 168
35 170
35 172
35 176
35 178
35 180
35 181
35 182
35 183
35 184
35 185
35 187
35 188
35 190
35 191
35 192
35 193
35 194
35 195
35 197
35 198
35 199
36 38
36 39
36 41
36 43
36 45
36 47
36 50
36 52
36 53
36 55
36 56
36 57
36 58
36 59
36 60
36 61
36 63
36 64
36 66
36 67
36 68
36 69
36 71
36 73
36 76
36 81
36 82
36 84
36 85
36 86
36 88
36 93
36 95
36 96
36 97
36 100
36 101
36 103
36 104
36 105
36 106
36 108
36 109
36 111
36 113
36 114
36 118
36 119
36 121
36 125
36 126
36 127
36 128
36 129
36 130
36 131
36 132
36 133
36 134
36 135
36 137
36 138
36 139
36 140
36 142
36 143
36 144
36 145
36 147
36 149
36 152
36 154
36 156
36 157
36 160
36 161
36 162
36 163
36 164
36 165
36 168
36 169
36 171
36 172
36 173
36 175
36 176
36 177
36 179
36 181
36 182
36 183
36 185
36 187
36 189
36 190
36 193
36 194
36 195
37 38
37 39
37 40
37 41
37 42
37 47
37 48
37 49
37 51
37 52
37 53
37 55
37 56
37 57
37 60
37 61
37 63
37 64
37 66
37 68
37 69
37 70
37 71
37 72
37 73
37 74
37 76
37 81
37 82
37 83
37 84
37 85
37 86
37 87
37 89
37 90
37 93
37 94
37 95
37 96
37 97
37 98
37 99
37 100
37 101
37 102
37 103
37 106
37 107
37 108
37 110
37 114
37 115
37 116
37 117
37 118
37 120
37 122
37 124
37 125
37 129
37 130
37 131
37 134
37 136
37 139
37 140
37 143
37 146
37 148
37 149
37 150
37 152
37 153
37 154
37 155
37 157
37 159
37 163
37 168
37 169
37 170
37 172
37 173
37 176
37 177
37 178
37 179
37 180
37 183
37 185
37 187
37 188
37 189
37 191
37 193
37 195
37 196
37 197
37 198
37 199
38 39
38 41
38 42
38 43
38 45
38 46
38 50
38 53
38 54
38 57
38 59
38 60
38 63
38 64
38 65
38 66
38 67
38 68
38 69
38 71
38 76
38 78
38 79
38 80
38 82
38 85
38 87
38 88
38 91
38 96
38 97
38 99
38 102
38 103
38 104
38 105
38 107
38 110
38 112
38 113
38 114
38 115
38 116
38 117
38 118
38 119
38 120
38 121
38 122
38 124
38 125
38 126
38 128
38 129
38 133
38 134
38 135
38 136
38 137
38 138
38 140
38 143
38 144
38 146
38 147
38 150
38 153
38 156
38 158
38 159
38 164
38 165
38 166
38 167
38 170
38 172
38 175
38 179
38 180
38 181
38 182
38 183
38 185
38 186
38 187
38 189
38 190
38 195
38 196
38 197
38 198
39 40
39 41
39 42
39 45
39 46
39 47
39 50
39 52
39 53
39 55
39 56
39 57
39 58
39 61
39 64
39 68
39 69
39 71
39 72
39 75
39 76
39 77
39 78
39 79
39 80
39 81
39 82
39 84
39 86
39 87
39 88
39 89
39 92
39 93
39 94
39 97
39 98
39 99
39 101
39 102
39 104
39 108
39 111
39 112
39 113
39 118
39 120
39 121
39 122
39 123
39 124
39 125
39 126
39 127
39 129
39 131
39 133
39 134
39 135
39 136
39 137
39 138
39 139
39 141
39 142
39 145
39 148
39 149
39 150
39 151
39 152
39 154
39 157
39 160
39 165
39 166
39 171
39 172
39 173
39 178
39 179
39 180
39 183
39 184
39 185
39 186
39 187
39 188
39 191
39 192
39 193
39 194
39 195
39 197
39 198
40 42
40 45
40 46
40 49
40 52
40 53
40 55
40 56
40 57
40 58
40 60
40 61
40 63
40 65
40 67
40 73
40 74
40 79
40 80
40 82
40 87
40 88
40 91
40 92
40 96
40 98
40 101
40 102
40 103
40 105
40 106
40 107
40 108
40 109
40 110
40 112
40 113
40 115
40 119
40 123
40 125
40 127
40 128
40 129
40 131
40 132
40 133
40 134
40 135
40 136
40 137
40 138
40 141
40 142
40 143
40 144
40 145
40 148
40 149
40 151
40 152
40 153
40 157
40 158
40 159
40 160
40 162
40 163
40 164
40 166
40 168
40 169
40 170
40 175
40 176
40 179
40 180
40 181
40 182
40 183
40 185
40 188
40 189
40 190
40 191
40 192
40 193
40 195
40 198
40 199
41 45
41 49
41 50
41 52
41 53
41 54
41 55
41 56
41 57
41 58
41 59
41 60
41 61
41 63
41 64
41 66
41 67
41 68
41 71
41 72
41 74
41 75
41 76
41 77
41 78
41 79
41 80
41 81
41 82
41 83
41 85
41 87
41 88
41 89
41 92
41 93
41 94
41 95
41 97
41 98
41 100
41 101
41 103
41 106
41 107
41 111
41 113
41 114
41 115
41 117
41 118
41 119
41 120
41 121
41 123
41 124
41 125
41 126
41 128
41 129
41 131
41 132
41 136
41 137
41 139
41 140
41 141
41 143
41 145
41 147
41 149
41 150
41 151
41 152
41 153
41 154
41 155
41 156
41 158
41 161
41 162
41 164
41 167
41 168
41 173
41 174
41 175
41 176
41 177
41 178
41 179
41 180
41 181
41 184
41 188
41 190
41 191
41 192
41 193
41 194
41 195
41 196
41 197
41 198
41 199
42 43
42 45
42 46
42 47
42 49
42 51
42 52
42 54
42 57
42 58
42 59
42 60
42 61
42 68
42 70
42 72
42 76
42 77
42 78
42 79
42 81
42 83
42 85
42 91
42 92
42 95
42 96
42 98
42 99
42 100
42 103
42 104
42 109
42 110
42 111
42 112
42 114
42 119
42 120
42 121
42 122
42 123
42 124
42 125
42 129
42 130
42 132
42 133
42 134
42 135
42 137
42 138
42 139
42 141
42 143
42 144
42 146
42 148
42 149
42 151
42 152
42 153
42 155
42 157
42 158
42 159
42 161
42 162
42 163
42 164
42 166
42 167
42 168
42 170
42 172
42 174
42 175
42 177
42 179
42 180
42 181
42 182
42 183
42 184
42 185
42 186
42 187
42 189
42 192
42 193
42 194
42 195
42 196
42 197
42 199
43 44
43 45
43 46
43 47
43 50
43 51
43 53
43 54
43 57
43 58
43 60
43 61
43 63
43 64
43 65
43 67
43 69
43 70
43 71
43 72
43 74
43 76
43 77
43 84
43 85
43 86
43 87
43 88
43 89
43 96
43 97
43 98
43 99
43 100
43 101
43 103
43 104
43 105
43 109
43 111
43 113
43 117
43 118
43 119
43 120
43 121
43 123
43 126
43 128
43 129
43 130
43 131
43 133
43 134
43 135
43 138
43 139
43 141
43 144
43 146
43 147
43 148
43 149
43 150
43 151
43 152
43 153
43 154
43 155
43 156
43 157
43 159
43 160
43 162
43 163
43 167
43 168
43 170
43 171
43 173
43 175
43 176
43 177
43 178
43 181
43 182
43 184
43 185
43 188
43 192
43 193
43 194
43 195
43 196
43 198
43 199
44 47
44 48
44 50
44 52
44 53
44 59
44 61
44 62
44 67
44 68
44 69
44 70
44 73
44 74
44 75
44 76
44 77
44 78
44 79
44 81
44 82
44 83
44 85
44 88
44 95
44 97
44 98
44 99
44 102
44 105
44 106
44 113
44 114
44 115
44 116
44 119
44 120
44 122
44 123
44 125
44 126
44 127
44 129
44 130
44 131
44 132
44 133
44 134
44 135
44 136
44 137
44 138
44 140
44 143
44 144
44 145
44 147
44 148
44 151
44 152
44 153
44 154
44 155
44 156
44 157
44 158
44 160
44 161
44 163
44 166
44 168
44 170
44 172
44 173
44 174
44 175
44 176
44 179
44 180
44 181
44 185
44 186
44 187
44 188
44 191
44 192
44 193
44 194
44 197
44 198
44 199
45 46
45 48
45 49
45 50
45 51
45 54
45 56
45 57
45 58
45 59
45 62
45 63
45 64
45 66
45 69
45 71
45 72
45 74
45 75
45 77
45 78
45 79
45 80
45 82
45 83
45 85
45 87
45 88
45 89
45 93
45 94
45 95
45 96
45 97
45 98
45 100
45 102
45 103
45 104
45 105
45 106
45 107
45 108
45 109
45 112
45 113
45 118
45 120
45 121
45 122
45 126
45 129
45 132
45 135
45 136
45 137
45 139
45 140
45 143
45 146
45 147
45 149
45 150
45 151
45 152
45 153
45 154
45 155
45 157
45 158
45 159
45 160
45 161
45 162
45 164
45 168
45 169
45 170
45 171
45 172
45 173
45 178
45 183
45 184
45 185
45 186
45 187
45 188
45 189
45 191
45 192
45 198
45 199
46 49
46 53
46 54
46 55
46 57
46 58
46 59
46 60
46 61
46 65
46 67
46 69
46 70
46 71
46 72
46 76
46 78
46 79
46 80
46 81
46 82
46 83
46 86
46 89
46 90
46 91
46 92
46 95
46 96
46 97
46 98
46 99
46 101
46 103
46 104
46 105
46 109
46 111
46 112
46 114
46 115
46 116
46 117
46 120
46 121
46 122
46 123
46 128
46 130
46 133
46 134
46 136
46 139
46 142
46 143
46 144
46 145
46 146
46 147
46 148
46 150
46 151
46 152
46 153
46 155
46 156
46 157
46 158
46 160
46 162
46 163
46 166
46 169
46 172
46 174
46 175
46 177
46 178
46 181
46 183
46 184
46 185
46 186
46 189
46 190
46 191
46 192
46 196
46 197
46 198
47 48
47 49
47 50
47 51
47 52
47 53
47 55
47 56
47 57
47 58
47 59
47 62
47 63
47 64
47 66
47 67
47 69
47 70
47 71
47 72
47 73
47 74
47 75
47 76
47 77
47 78
47 79
47 80
47 82
47 84
47 85
47 86
47 89
47 91
47 92
47 93
47 97
47 98
47 100
47 103
47 104
47 106
47 107
47 109
47 110
47 112
47 115
47 116
47 117
47 118
47 120
47 122
47 123
47 124
47 125
47 126
47 127
47 128
47 129
47 130
47 131
47 132
47 134
47 135
47 136
47 137
47 138
47 139
47 140
47 142
47 146
47 147
47 148
47 149
47 151
47 152
47 156
47 157
47 159
47 160
47 161
47 163
47 169
47 170
47 172
47 174
47 175
47 181
47 182
47 183
47 184
47 185
47 186
47 187
47 188
47 189
47 192
47 193
47 194
47 195
47 196
47 198
47 199
48 50
48 51
48 52
48 53
48 55
48 56
48 57
48 59
48 60
48 61
48 62
48 63
48 64
48 66
48 69
48 70
48 71
48 73
48 74
48 75
48 77
48 80
48 82
48 83
48 84
48 85
48 86
48 87
48 88
48 89
48 91
48 94
48 95
48 98
48 99
48 100
48 101
48 104
48 107
48 109
48 110
48 111
48 113
48 115
48 116
48 117
48 119
48 121
48 123
48 124
48 126
48 127
48 129
48 130
48 133
48 134
48 136
48 137
48 138
48 139
48 140
48 145
48 148
48 149
48 150
48 154
48 156
48 159
48 160
48 161
48 162
48 163
48 165
48 166
48 168
48 171
48 172
48 174
48 175
48 176
48 177
48 184
48 185
48 187
48 188
48 189
48 191
48 192
48 193
48 194
48 196
48 197
48 198
48 199
49 50
49 51
49 52
49 53
49 54
49 55
49 56
49 58
49 61
49 67
49 68
49 69
49 71
49 77
49 78
49 79
49 80
49 85
49 87
49 88
49 89
49 90
49 94
49 95
49 96
49 97
49 98
49 101
49 102
49 103
49 104
49 106
49 107
49 109
49 111
49 114
49 116
49 117
49 118
49 119
49 120
49 121
49 122
49 124
49 125
49 126
49 127
49 129
49 130
49 132
49 135
49 140
49 141
49 146
49 147
49 149
49 151
49 153
49 154
49 156
49 157
49 160
49 161
49 163
49 165
49 166
49 168
49 169
49 171
49 172
49 173
49 176
49 177
49 178
49 179
49 181
49 182
49 185
49 186
49 187
49 191
49 192
49 194
49 195
50 53
50 55
50 56
50 57
50 60
50 62
50 63
50 65
50 67
50 68
50 73
50 74
50 76
50 77
50 79
50 80
50 81
50 83
50 84
50 85
50 86
50 87
50 88
50 90
50 92
50 94
50 95
50 96
50 97
50 98
50 99
50 100
50 104
50 105
50 106
50 108
50 110
50 112
50 113
50 115
50 116
50 117
50 118
50 120
50 123
50 124
50 125
50 126
50 127
50 129
50 130
50 131
50 132
50 133
50 134
50 138
50 139
50 141
50 146
50 147
50 148
50 149
50 151
50 152
50 154
50 155
50 156
50 157
50 160
50 161
50 164
50 166
50 168
50 169
50 170
50 173
50 175
50 177
50 178
50 179
50 180
50 181
50 182
50 183
50 184
50 185
50 186
50 188
50 189
50 190
50 191
50 193
50 194
50 197
50 198
51 52
51 53
51 54
51 58
51 59
51 61
51 62
51 63
51 65
51 66
51 67
51 68
51 72
51 74
51 75
51 76
51 77
51 78
51 79
51 84
51 85
51 87
51 88
51 89
51 90
51 91
51 92
51 93
51 95
51 96
51 98
51 101
51 102
51 103
51 104
51 107
51 108
51 109
51 110
51 113
51 114
51 115
51 116
51 118
51 119
51 120
51 122
51 123
51 124
51 126
51 127
51 128
51 129
51 131
51 132
51 133
51 134
51 137
51 142
51 144
51 152
51 153
51 154
51 158
51 159
51 161
51 162
51 164
51 165
51 166
51 169
51 170
51 171
51 173
51 174
51 175
51 177
51 178
51 179
51 180
51 181
51 182
51 185
51 187
51 188
51 189
51 190
51 191
51 193
51 194
51 195
52 54
52 56
52 57
52 58
52 62
52 67
52 71
52 72
52 75
52 77
52 78
52 79
52 81
52 86
52 87
52 90
52 91
52 92
52 93
52 95
52 96
52 99
52 100
52 102
52 104
52 105
52 106
52 107
52 108
52 110
52 111
52 113
52 114
52 117
52 118
52 119
52 120
52 122
52 123
52 124
52 125
52 127
52 131
52 133
52 136
52 137
52 139
52 140
52 141
52 143
52 144
52 147
52 148
52 149
52 151
52 155
52 156
52 162
52 163
52 164
52 165
52 167
52 168
52 169
52 170
52 172
52 173
52 175
52 176
52 177
52 178
52 179
52 180
52 182
52 183
52 186
52 188
52 191
52 193
52 194
52 195
52 197
52 198
52 199
53 56
53 59
53 60
53 63
53 64
53 66
53 68
53 72
53 74
53 77
53 78
53 79
53 80
53 84
53 87
53 88
53 89
53 90
53 91
53 92
53 93
53 96
53 97
53 101
53 102
53 104
53 106
53 107
53 109
53 110
53 112
53 114
53 116
53 117
53 120
53 121
53 122
53 125
53 127
53 129
53 130
53 132
53 135
53 136
53 137
53 138
53 139
53 141
53 144
53 145
53 146
53 147
53 148
53 149
53 151
53 152
53 154
53 155
53 157
53 159
53 160
53 161
53 162
53 163
53 166
53 167
53 168
53 170
53 172
53 173
53 176
53 177
53 178
53 180
53 181
53 182
53 185
53 186
53 188
53 189
53 190
53 191
53 192
53 193
53 194
53 195
53 196
53 197
54 55
54 58
54 61
54 64
54 65
54 66
54 67
54 71
54 72
54 73
54 75
54 77
54 78
54 79
54 80
54 81
54 84
54 85
54 86
54 88
54 89
54 91
54 92
54 94
54 95
54 98
54 101
54 110
54 111
54 112
54 115
54 117
54 119
54 120
54 121
54 122
54 124
54 125
54 126
54 130
54 131
54 132
54 133
54 134
54 138
54 139
54 140
54 141
54 143
54 144
54 149
54 153
54 155
54 156
54 158
54 159
54 161
54 162
54 163
54 164
54 165
54 167
54 170
54 171
54 173
54 174
54 175
54 176
54 177
54 180
54 181
54 182
54 183
54 184
54 186
54 187
54 189
54 190
54 191
54 194
54 195
54 196
54 199
55 57
55 59
55 62
55 64
55 65
55 66
55 68
55 69
55 70
55 73
55 74
55 76
55 79
55 81
55 84
55 86
55 89
55 90
55 91
55 94
55 95
55 96
55 97
55 98
55 99
55 100
55 101
55 102
55 103
55 104
55 105
55 106
55 107
55 108
55 110
55 111
55 113
55 114
55 115
55 116
55 117
55 118
55 121
55 122
55 126
55 130
55 131
55 132
55 136
55 137
55 138
55 139
55 140
55 143
55 144
55 145
55 146
55 149
55 150
55 152
55 153
55 155
55 156
55 158
55 159
55 162
55 163
55 166
55 167
55 168
55 169
55 170
55 171
55 172
55 174
55 175
55 178
55 182
55 185
55 186
55 187
55 188
55 190
55 191
55 192
55 193
55 194
55 195
56 57
56 58
56 60
56 61
56 62
56 63
56 64
56 66
56 69
56 70
56 72
56 73
56 74
56 75
56 76
56 78
56 80
56 81
56 82
56 83
56 84
56 85
56 87
56 88
56 90
56 92
56 93
56 96
56 97
56 99
56 100
56 101
56 104
56 105
56 106
56 107
56 108
56 110
56 113
56 114
56 118
56 119
56 121
56 123
56 124
56 126
56 128
56 130
56 132
56 136
56 137
56 138
56 145
56 147
56 148
56 150
56 151
56 154
56 155
56 156
56 157
56 158
56 161
56 162
56 163
56 165
56 168
56 170
56 173
56 174
56 177
56 178
56 179
56 180
56 182
56 187
56 188
56 192
56 194
56 195
56 197
56 198
56 199
57 61
57 63
57 65
57 66
57 68
57 69
57 73
57 75
57 77
57 78
57 79
57 84
57 85
57 86
57 89
57 92
57 93
57 98
57 99
57 102
57 103
57 104
57 107
57 108
57 109
57 111
57 116
57 118
57 121
57 122
57 123
57 124
57 125
57 126
57 127
57 128
57 130
57 135
57 136
57 137
57 138
57 140
57 141
57 143
57 146
57 148
57 149
57 150
57 151
57 154
57 156
57 157
57 158
57 160
57 161
57 164
57 167
57 168
57 169
57 171
57 172
57 173
57 174
57 178
57 179
57 180
57 181
57 183
57 184
57 185
57 186
57 187
57 188
57 190
57 193
57 194
57 195
57 197
57 199
58 60
58 61
58 62
58 65
58 66
58 67
58 69
58 71
58 73
58 74
58 76
58 77
58 78
58 79
58 80
58 83
58 87
58 88
58 89
58 90
58 92
58 93
58 94
58 95
58 96
58 98
58 99
58 100
58 101
58 102
58 104
58 108
58 110
58 111
58 112
58 113
58 120
58 122
58 123
58 124
58 126
58 127
58 128
58 130
58 131
58 133
58 134
58 135
58 136
58 137
58 138
58 140
58 143
58 148
58 149
58 151
58 152
58 154
58 155
58 157
58 158
58 160
58 163
58 164
58 166
58 167
58 169
58 170
58 171
58 174
58 175
58 176
58 178
58 179
58 180
58 181
58 182
58 183
58 184
58 186
58 188
58 189
58 194
58 195
58 198
59 60
59 61
59 62
59 63
59 64
59 66
59 68
59 69
59 70
59 71
59 72
59 73
59 75
59 77
59 79
59 80
59 83
59 84
59 86
59 89
59 90
59 91
59 93
59 94
59 96
59 98
59 99
59 100
59 101
59 103
59 106
59 107
59 108
59 109
59 110
59 115
59 116
59 117
59 119
59 120
59 121
59 123
59 124
59 125
59 126
59 127
59 128
59 129
59 130
59 132
59 133
59 135
59 136
59 137
59 139
59 144
59 147
59 148
59 149
59 150
59 151
59 153
59 154
59 155
59 161
59 162
59 163
59 164
59 166
59 169
59 171
59 173
59 174
59 175
59 176
59 177
59 181
59 182
59 183
59 184
59 185
59 186
59 187
59 189
59 190
59 191
59 193
59 196
59 198
59 199
60 61
60 62
60 64
60 65
60 68
60 69
60 70
60 71
60 73
60 74
60 75
60 78
60 80
60 81
60 82
60 83
60 84
60 85
60 86
60 88
60 89
60 90
60 91
60 93
60 94
60 95
60 96
60 97
60 98
60 99
60 102
60 104
60 106
60 107
60 109
60 110
60 111
60 112
60 117
60 118
60 121
60 122
60 123
60 124
60 129
60 132
60 133
60 135
60 136
60 137
60 138
60 140
60 142
60 144
60 147
60 148
60 149
60 150
60 151
60 153
60 154
60 155
60 156
60 157
60 158
60 159
60 160
60 162
60 163
60 164
60 167
60 171
60 172
60 174
60 175
60 176
60 177
60 179
60 187
60 190
60 191
60 192
60 194
60 195
60 197
60 198
61 64
61 65
61 66
61 67
61 68
61 69
61 71
61 73
61 74
61 75
61 78
61 79
61 80
61 81
61 82
61 83
61 84
61 90
61 91
61 92
61 93
61 94
61 96
61 97
61 98
61 99
61 101
61 102
61 103
61 104
61 105
61 106
61 107
61 108
61 109
61 112
61 113
61 114
61 115
61 119
61 120
61 121
61 122
61 123
61 124
61 125
61 127
61 130
61 131
61 133
61 134
61 136
61 138
61 140
61 142
61 143
61 147
61 148
61 153
61 154
61 156
61 157
61 158
61 162
61 165
61 167
61 168
61 170
61 174
61 177
61 178
61 179
61 180
61 183
61 184
61 186
61 194
61 195
61 197
62 63
62 64
62 66
62 67
62 69
62 70
62 71
62 72
62 74
62 75
62 78
62 80
62 81
62 83
62 84
62 86
62 87
62 89
62 95
62 96
62 97
62 98
62 99
62 100
62 101
62 102
62 103
62 104
62 106
62 107
62 108
62 109
62 113
62 118
62 119
62 121
62 122
62 123
62 124
62 125
62 127
62 128
62 131
62 133
62 135
62 138
62 140
62 141
62 142
62 147
62 153
62 154
62 158
62 159
62 163
62 164
62 167
62 171
62 172
62 173
62 174
62 175
62 177
62 178
62 179
62 182
62 184
62 185
62 188
62 189
62 191
62 192
62 194
62 197
63 65
63 66
63 67
63 69
63 70
63 71
63 72
63 73
63 74
63 75
63 77
63 78
63 79
63 81
63 82
63 84
63 86
63 87
63 88
63 89
63 90
63 91
63 92
63 93
63 94
63 99
63 100
63 102
63 103
63 104
63 105
63 106
63 107
63 109
63 110
63 114
63 117
63 118
63 119
63 121
63 123
63 124
63 125
63 126
63 127
63 128
63 129
63 133
63 134
63 135
63 137
63 142
63 144
63 146
63 147
63 149
63 154
63 156
63 158
63 160
63 162
63 163
63 165
63 168
63 170
63 171
63 172
63 177
63 178
63 180
63 181
63 184
63 186
63 187
63 188
63 191
63 192
63 193
63 195
63 196
63 197
63 198
64 66
64 67
64 68
64 70
64 71
64 72
64 73
64 75
64 76
64 77
64 78
64 80
64 83
64 84
64 90
64 91
64 99
64 100
64 101
64 102
64 104
64 106
64 107
64 108
64 109
64 110
64 115
64 116
64 119
64 128
64 130
64 131
64 132
64 133
64 135
64 136
64 137
64 138
64 142
64 143
64 144
64 146
64 149
64 150
64 151
64 153
64 158
64 159
64 160
64 161
64 162
64 164
64 165
64 166
64 167
64 168
64 172
64 174
64 175
64 178
64 179
64 180
64 181
64 182
64 183
64 185
64 187
64 190
64 191
64 193
64 194
64 195
64 198
65 67
65 68
65 69
65 70
65 71
65 72
65 73
65 74
65 75
65 76
65 77
65 79
65 81
65 82
65 84
65 85
65 87
65 88
65 89
65 92
65 93
65 95
65 97
65 98
65 99
65 101
65 103
65 104
65 105
65 106
65 107
65 109
65 110
65 111
65 114
65 115
65 117
65 119
65 121
65 122
65 125
65 126
65 127
65 132
65 133
65 136
65 139
65 141
65 142
65 143
65 144
65 145
65 146
65 147
65 148
65 150
65 152
65 155
65 156
65 157
65 158
65 159
65 160
65 161
65 163
65 164
65 165
65 167
65 169
65 170
65 173
65 175
65 177
65 180
65 181
65 182
65 183
65 184
65 185
65 187
65 188
65 190
65 191
65 195
65 197
65 198
65 199
66 68
66 69
66 70
66 72
66 73
66 77
66 78
66 79
66 80
66 81
66 82
66 83
66 87
66 88
66 89
66 90
66 92
66 93
66 94
66 95
66 96
66 97
66 98
66 99
66 102
66 105
66 107
66 108
66 109
66 110
66 111
66 112
66 113
66 114
66 115
66 116
66 117
66 118
66 119
66 120
66 123
66 126
66 127
66 130
66 131
66 133
66 134
66 139
66 141
66 142
66 144
66 145
66 146
66 147
66 148
66 149
66 150
66 151
66 152
66 153
66 156
66 157
66 158
66 159
66 161
66 164
66 166
66 167
66 168
66 170
66 173
66 174
66 175
66 176
66 178
66 181
66 182
66 183
66 184
66 188
66 190
66 192
66 194
66 195
66 197
66 198
66 199
67 68
67 72
67 73
67 74
67 75
67 76
67 77
67 78
67 79
67 80
67 83
67 85
67 87
67 88
67 89
67 92
67 94
67 96
67 98
67 101
67 102
67 103
67 104
67 107
67 108
67 109
67 110
67 111
67 112
67 113
67 114
67 116
67 117
67 118
67 119
67 122
67 123
67 124
67 127
67 128
67 130
67 131
67 133
67 136
67 137
67 138
67 141
67 142
67 143
67 146
67 148
67 149
67 151
67 154
67 155
67 156
67 157
67 158
67 159
67 162
67 164
67 168
67 170
67 171
67 173
67 174
67 175
67 177
67 178
67 179
67 187
67 189
67 190
67 192
67 197
67 199
68 70
68 78
68 80
68 83
68 86
68 87
68 90
68 91
68 92
68 94
68 95
68 98
68 100
68 103
68 105
68 106
68 107
68 112
68 114
68 117
68 119
68 120
68 121
68 122
68 123
68 124
68 125
68 126
68 128
68 129
68 130
68 131
68 132
68 134
68 135
68 137
68 139
68 140
68 141
68 142
68 146
68 148
68 150
68 151
68 152
68 153
68 154
68 155
68 156
68 158
68 159
68 160
68 162
68 165
68 167
68 170
68 171
68 172
68 173
68 177
68 178
68 179
68 181
68 182
68 183
68 184
68 185
68 186
68 187
68 188
68 190
68 191
68 192
68 193
68 197
68 198
68 199
69 73
69 74
69 75
69 76
69 77
69 81
69 82
69 83
69 85
69 86
69 89
69 90
69 92
69 93
69 94
69 95
69 97
69 99
69 100
69 101
69 102
69 104
69 106
69 107
69 110
69 111
69 112
69 113
69 114
69 115
69 116
69 117
69 119
69 120
69 121
69 123
69 125
69 127
69 128
69 129
69 130
69 131
69 132
69 135
69 139
69 142
69 143
69 144
69 145
69 146
69 147
69 149
69 151
69 152
69 155
69 157
69 159
69 160
69 162
69 166
69 167
69 170
69 171
69 172
69 173
69 175
69 176
69 177
69 180
69 181
69 182
69 184
69 185
69 187
69 188
69 189
69 191
69 192
69 193
69 194
69 195
69 196
69 199
70 76
70 77
70 79
70 80
70 83
70 85
70 86
70 87
70 88
70 91
70 92
70 93
70 94
70 97
70 98
70 99
70 100
70 101
70 102
70 103
70 104
70 105
70 106
70 107
70 108
70 109
70 110
70 111
70 112
70 113
70 115
70 118
70 120
70 122
70 124
70 125
70 126
70 127
70 129
70 131
70 132
70 134
70 135
70 140
70 142
70 143
70 149
70 150
70 151
70 152
70 153
70 154
70 156
70 157
70 158
70 159
70 160
70 161
70 164
70 165
70 167
70 168
70 169
70 173
70 176
70 177
70 181
70 184
70 185
70 187
70 190
70 192
70 194
70 196
70 197
70 199
71 72
71 73
71 75
71 76
71 80
71 81
71 82
71 83
71 85
71 86
71 91
71 94
71 95
71 97
71 100
71 102
71 103
71 105
71 106
71 108
71 109
71 110
71 111
71 112
71 113
71 114
71 115
71 119
71 125
71 126
71 127
71 128
71 131
71 135
71 136
71 137
71 138
71 139
71 142
71 144
71 145
71 147
71 148
71 152
71 153
71 154
71 156
71 159
71 160
71 161
71 162
71 163
71 165
71 166
71 167
71 168
71 169
71 171
71 172
71 173
71 174
71 175
71 176
71 177
71 179
71 181
71 186
71 187
71 188
71 189
71 191
71 192
71 193
71 194
71 195
71 197
71 199
72 73
72 74
72 75
72 77
72 78
72 80
72 81
72 84
72 85
72 88
72 90
72 91
72 92
72 94
72 96
72 97
72 98
72 99
72 100
72 101
72 102
72 103
72 104
72 105
72 106
72 107
72 110
72 111
72 112
72 113
72 117
72 118
72 119
72 120
72 121
72 123
72 124
72 126
72 128
72 129
72 130
72 132
72 134
72 135
72 138
72 139
72 140
72 142
72 145
72 148
72 153
72 154
72 157
72 158
72 160
72 161
72 162
72 163
72 164
72 165
72 166
72 167
72 169
72 170
72 175
72 176
72 177
72 178
72 179
72 183
72 186
72 187
72 188
72 189
72 192
72 193
72 194
72 195
72 197
72 199
73 74
73 75
73 77
73 78
73 81
73 82
73 84
73 85
73 86
73 88
73 89
73 90
73 91
73 92
73 95
73 96
73 98
73 99
73 102
73 104
73 105
73 108
73 109
73 112
73 115
73 116
73 118
73 120
73 123
73 124
73 125
73 126
73 127
73 129
73 130
73 131
73 132
73 134
73 136
73 137
73 138
73 139
73 141
73 142
73 143
73 144
73 145
73 147
73 148
73 151
73 156
73 157
73 158
73 159
73 160
73 161
73 162
73 163
73 164
73 166
73 167
73 168
73 169
73 171
73 172
73 174
73 176
73 177
73 178
73 181
73 183
73 187
73 188
73 189
73 191
73 194
73 195
73 196
73 198
73 199
74 75
74 76
74 77
74 80
74 81
74 82
74 83
74 84
74 85
74 86
74 87
74 88
74 89
74 90
74 91
74 92
74 94
74 96
74 97
74 103
74 104
74 108
74 109
74 110
74 111
74 112
74 113
74 114
74 115
74 116
74 117
74 118
74 121
74 122
74 123
74 124
74 125
74 126
74 129
74 132
74 133
74 136
74 137
74 138
74 139
74 140
74 144
74 145
74 148
74 149
74 151
74 155
74 156
74 159
74 160
74 162
74 168
74 171
74 172
74 174
74 177
74 178
74 181
74 183
74 184
74 185
74 186
74 188
74 189
74 190
74 191
74 195
74 196
74 197
74 199
75 78
75 79
75 81
75 82
75 83
75 85
75 87
75 89
75 90
75 92
75 93
75 94
75 95
75 96
75 97
75 99
75 100
75 104
75 105
75 107
75 112
75 114
75 118
75 120
75 121
75 122
75 123
75 124
75 125
75 126
75 127
75 129
75 130
75 132
75 133
75 134
75 135
75 136
75 137
75 138
75 139
75 141
75 143
75 144
75 145
75 146
75 147
75 148
75 149
75 150
75 151
75 153
75 156
75 158
75 159
75 160
75 161
75 162
75 164
75 166
75 170
75 171
75 172
75 173
75 176
75 177
75 179
75 180
75 182
75 183
75 185
75 186
75 188
75 189
75 190
75 192
75 195
75 198
75 199
76 77
76 79
76 81
76 84
76 86
76 87
76 88
76 89
76 96
76 97
76 100
76 102
76 103
76 104
76 106
76 107
76 108
76 109
76 111
76 112
76 113
76 116
76 117
76 118
76 119
76 120
76 122
76 124
76 125
76 126
76 127
76 129
76 131
76 134
76 135
76 136
76 138
76 140
76 141
76 143
76 148
76 149
76 150
76 153
76 156
76 157
76 158
76 160
76 164
76 165
76 166
76 167
76 168
76 170
76 171
76 172
76 173
76 174
76 175
76 177
76 179
76 181
76 182
76 184
76 185
76 186
76 187
76 189
76 191
76 193
76 196
76 199
77 78
77 79
77 82
77 85
77 86
77 88
77 89
77 90
77 93
77 94
77 96
77 97
77 99
77 100
77 101
77 102
77 106
77 107
77 108
77 110
77 112
77 113
77 114
77 117
77 118
77 123
77 126
77 127
77 128
77 129
77 130
77 131
77 132
77 134
77 135
77 136
77 137
77 140
77 142
77 143
77 144
77 146
77 147
77 148
77 149
77 151
77 153
77 156
77 157
77 158
77 160
77 161
77 162
77 163
77 164
77 168
77 169
77 171
77 173
77 174
77 175
77 177
77 178
77 181
77 182
77 183
77 184
77 186
77 188
77 189
77 190
77 191
77 194
77 195
77 196
77 197
77 198
77 199
78 79
78 81
78 82
78 83
78 85
78 88
78 89
78 91
78 92
78 95
78 96
78 97
78 98
78 99
78 100
78 104
78 105
78 106
78 107
78 108
78 109
78 110
78 112
78 114
78 115
78 117
78 120
78 121
78 122
78 124
78 125
78 128
78 130
78 131
78 132
78 133
78 134
78 135
78 137
78 138
78 139
78 143
78 144
78 145
78 146
78 147
78 148
78 149
78 150
78 151
78 152
78 154
78 157
78 158
78 160
78 161
78 163
78 165
78 166
78 172
78 174
78 179
78 180
78 181
78 182
78 183
78 185
78 186
78 187
78 189
78 190
78 191
78 193
78 197
78 198
78 199
79 81
79 82
79 86
79 89
79 90
79 91
79 92
79 93
79 95
79 96
79 100
79 101
79 108
79 111
79 113
79 117
79 118
79 120
79 121
79 122
79 123
79 124
79 126
79 127
79 129
79 130
79 131
79 132
79 133
79 134
79 135
79 140
79 141
79 143
79 144
79 145
79 146
79 149
79 150
79 152
79 153
79 154
79 155
79 156
79 160
79 161
79 162
79 164
79 165
79 166
79 168
79 169
79 170
79 172
79 173
79 174
79 175
79 176
79 177
79 178
79 179
79 180
79 181
79 184
79 185
79 187
79 194
79 195
79 196
79 197
79 198
80 81
80 83
80 84
80 85
80 86
80 94
80 95
80 96
80 97
80 98
80 99
80 101
80 102
80 103
80 104
80 105
80 106
80 107
80 111
80 113
80 114
80 115
80 116
80 117
80 118
80 119
80 120
80 121
80 124
80 126
80 128
80 131
80 132
80 136
80 137
80 139
80 140
80 142
80 143
80 145
80 147
80 148
80 150
80 151
80 152
80 153
80 154
80 155
80 156
80 158
80 159
80 161
80 164
80 165
80 168
80 169
80 172
80 174
80 176
80 178
80 182
80 183
80 184
80 186
80 187
80 188
80 189
80 190
80 192
80 193
80 194
80 196
80 197
80 198
81 82
81 83
81 84
81 85
81 87
81 89
81 90
81 91
81 92
81 95
81 97
81 100
81 102
81 103
81 108
81 109
81 110
81 111
81 112
81 113
81 114
81 115
81 116
81 117
81 120
81 121
81 123
81 124
81 125
81 126
81 127
81 128
81 129
81 131
81 132
81 133
81 134
81 135
81 136
81 137
81 138
81 139
81 141
81 143
81 144
81 145
81 146
81 148
81 149
81 150
81 152
81 154
81 156
81 157
81 161
81 163
81 164
81 166
81 167
81 169
81 170
81 171
81 172
81 174
81 175
81 176
81 177
81 178
81 180
81 181
81 182
81 183
81 185
81 187
81 188
81 189
81 192
81 193
81 195
81 197
81 198
81 199
82 84
82 86
82 87
82 89
82 90
82 91
82 93
82 94
82 96
82 98
82 100
82 102
82 104
82 106
82 107
82 108
82 112
82 113
82 114
82 117
82 118
82 119
82 121
82 123
82 124
82 125
82 127
82 128
82 129
82 130
82 132
82 133
82 134
82 135
82 136
82 141
82 142
82 143
82 145
82 146
82 147
82 148
82 149
82 150
82 151
82 153
82 155
82 157
82 162
82 164
82 165
82 166
82 168
82 170
82 173
82 174
82 176
82 177
82 178
82 179
82 180
82 181
82 182
82 187
82 188
82 189
82 190
82 191
82 192
82 195
83 86
83 89
83 90
83 92
83 93
83 95
83 97
83 98
83 99
83 100
83 102
83 104
83 105
83 109
83 111
83 112
83 117
83 118
83 120
83 121
83 122
83 123
83 124
83 125
83 126
83 130
83 131
83 132
83 133
83 136
83 137
83 138
83 140
83 142
83 144
83 145
83 147
83 148
83 150
83 151
83 154
83 157
83 160
83 161
83 162
83 165
83 166
83 168
83 169
83 172
83 173
83 175
83 177
83 178
83 179
83 182
83 183
83 188
83 189
83 192
83 193
83 194
83 197
83 198
83 199
84 85
84 86
84 89
84 90
84 92
84 94
84 95
84 96
84 98
84 100
84 101
84 102
84 104
84 105
84 107
84 108
84 109
84 110
84 113
84 114
84 115
84 116
84 118
84 119
84 120
84 121
84 122
84 123
84 124
84 125
84 127
84 128
84 130
84 131
84 132
84 133
84 134
84 137
84 141
84 142
84 143
84 144
84 145
84 147
84 150
84 151
84 152
84 153
84 154
84 157
84 159
84 160
84 161
84 163
84 165
84 168
84 169
84 173
84 174
84 175
84 177
84 178
84 179
84 180
84 181
84 183
84 184
84 185
84 188
84 189
84 190
84 193
84 194
84 195
84 196
84 197
84 198
84 199
85 86
85 90
85 91
85 92
85 93
85 96
85 97
85 98
85 100
85 101
85 102
85 103
85 104
85 105
85 106
85 108
85 109
85 110
85 112
85 113
85 115
85 116
85 118
85 119
85 121
85 122
85 123
85 124
85 126
85 127
85 128
85 129
85 130
85 131
85 133
85 136
85 139
85 140
85 141
85 142
85 143
85 144
85 145
85 147
85 148
85 149
85 152
85 155
85 158
85 161
85 163
85 165
85 166
85 167
85 171
85 174
85 178
85 179
85 180
85 181
85 182
85 184
85 185
85 186
85 187
85 188
85 191
85 192
85 194
85 195
85 198
85 199
86 87
86 89
86 91
86 92
86 93
86 94
86 95
86 97
86 100
86 101
86 103
86 105
86 106
86 107
86 108
86 109
86 110
86 112
86 113
86 117
86 119
86 121
86 123
86 125
86 126
86 127
86 130
86 132
86 135
86 136
86 137
86 138
86 139
86 140
86 142
86 144
86 146
86 148
86 149
86 150
86 155
86 156
86 157
86 159
86 160
86 161
86 162
86 163
86 166
86 168
86 173
86 176
86 178
86 180
86 182
86 183
86 184
86 185
86 187
86 188
86 193
86 194
86 195
86 196
86 198
87 88
87 89
87 90
87 92
87 93
87 95
87 96
87 97
87 98
87 100
87 102
87 103
87 104
87 105
87 108
87 110
87 112
87 114
87 115
87 120
87 121
87 123
87 124
87 126
87 127
87 128
87 129
87 130
87 133
87 135
87 136
87 138
87 139
87 140
87 141
87 142
87 143
87 144
87 147
87 148
87 149
87 150
87 151
87 152
87 153
87 154
87 157
87 158
87 162
87 164
87 165
87 170
87 171
87 172
87 174
87 175
87 177
87 179
87 181
87 182
87 183
87 184
87 185
87 186
87 187
87 188
87 189
87 190
87 191
87 192
87 197
87 198
87 199
88 90
88 91
88 93
88 94
88 96
88 97
88 101
88 102
88 108
88 109
88 110
88 112
88 114
88 117
88 118
88 119
88 120
88 122
88 124
88 125
88 128
88 129
88 130
88 132
88 133
88 135
88 137
88 138
88 140
88 141
88 142
88 143
88 147
88 148
88 150
88 151
88 154
88 155
88 156
88 157
88 158
88 162
88 164
88 166
88 167
88 169
88 171
88 172
88 175
88 176
88 179
88 183
88 188
88 190
88 192
88 194
88 195
88 197
88 199
89 90
89 95
89 96
89 98
89 101
89 103
89 104
89 106
89 107
89 108
89 109
89 111
89 114
89 116
89 118
89 119
89 120
89 121
89 122
89 124
89 129
89 131
89 133
89 134
89 136
89 137
89 138
89 140
89 142
89 144
89 145
89 146
89 147
89 148
89 150
89 151
89 152
89 153
89 157
89 159
89 160
89 161
89 162
89 165
89 166
89 168
89 170
89 172
89 173
89 174
89 176
89 177
89 178
89 179
89 186
89 190
89 191
89 192
89 193
89 197
90 91
90 93
90 94
90 95
90 98
90 99
90 100
90 103
90 104
90 106
90 107
90 108
90 111
90 112
90 114
90 115
90 117
90 118
90 122
90 127
90 129
90 133
90 134
90 135
90 136
90 138
90 139
90 142
90 143
90 144
90 145
90 147
90 149
90 151
90 153
90 155
90 156
90 157
90 158
90 161
90 162
90 163
90 164
90 165
90 166
90 167
90 172
90 174
90 175
90 179
90 180
90 183
90 185
90 188
90 189
90 190
90 192
90 193
90 195
90 198
90 199
91 94
91 95
91 96
91 98
91 100
91 101
91 104
91 105
91 108
91 109
91 111
91 113
91 115
91 116
91 119
91 120
91 121
91 122
91 123
91 124
91 125
91 126
91 128
91 130
91 132
91 134
91 135
91 136
91 139
91 140
91 141
91 145
91 146
91 147
91 148
91 151
91 153
91 156
91 159
91 160
91 161
91 162
91 164
91 165
91 167
91 168
91 170
91 171
91 172
91 173
91 174
91 176
91 177
91 179
91 181
91 183
91 184
91 187
91 188
91 190
91 191
91 192
91 193
91 194
91 198
92 95
92 98
92 99
92 101
92 103
92 104
92 108
92 109
92 110
92 111
92 112
92 114
92 115
92 116
92 118
92 119
92 120
92 124
92 125
92 126
92 130
92 131
92 132
92 137
92 138
92 139
92 141
92 144
92 146
92 148
92 149
92 150
92 152
92 154
92 155
92 157
92 159
92 161
92 166
92 167
92 170
92 174
92 178
92 179
92 180
92 181
92 182
92 183
92 184
92 185
92 188
92 189
92 190
92 191
92 192
92 193
92 194
92 195
92 196
92 198
93 95
93 96
93 99
93 100
93 101
93 103
93 106
93 107
93 110
93 111
93 113
93 114
93 115
93 116
93 117
93 118
93 119
93 120
93 123
93 124
93 127
93 128
93 129
93 130
93 131
93 132
93 136
93 139
93 140
93 141
93 142
93 143
93 144
93 147
93 148
93 152
93 153
93 154
93 157
93 159
93 160
93 163
93 165
93 166
93 167
93 168
93 169
93 170
93 173
93 176
93 178
93 179
93 180
93 181
93 182
93 183
93 184
93 186
93 187
93 188
93 189
93 191
93 192
93 193
93 195
93 196
93 197
93 199
94 95
94 96
94 97
94 99
94 100
94 101
94 105
94 106
94 107
94 109
94 111
94 112
94 113
94 114
94 116
94 119
94 120
94 121
94 122
94 124
94 125
94 126
94 127
94 128
94 129
94 131
94 132
94 133
94 134
94 136
94 137
94 138
94 140
94 141
94 144
94 146
94 147
94 148
94 150
94 152
94 153
94 154
94 155
94 156
94 158
94 159
94 160
94 161
94 163
94 164
94 165
94 166
94 167
94 168
94 169
94 170
94 171
94 172
94 174
94 176
94 178
94 180
94 181
94 183
94 184
94 185
94 186
94 187
94 188
94 189
94 191
94 192
94 195
95 96
95 97
95 98
95 99
95 100
95 101
95 102
95 103
95 105
95 107
95 108
95 109
95 110
95 111
95 113
95 115
95 116
95 117
95 119
95 120
95 121
95 122
95 123
95 124
95 126
95 127
95 131
95 132
95 133
95 135
95 136
95 137
95 138
95 140
95 141
95 142
95 143
95 144
95 145
95 146
95 148
95 149
95 150
95 151
95 154
95 157
95 159
95 160
95 161
95 165
95 166
95 169
95 170
95 171
95 174
95 175
95 178
95 179
95 182
95 190
95 194
95 199
96 97
96 98
96 99
96 100
96 102
96 103
96 104
96 105
96 106
96 108
96 109
96 111
96 112
96 113
96 115
96 117
96 118
96 120
96 121
96 122
96 123
96 125
96 126
96 127
96 128
96 130
96 131
96 132
96 133
96 134
96 136
96 137
96 138
96 142
96 143
96 144
96 146
96 147
96 148
96 149
96 150
96 151
96 152
96 153
96 155
96 156
96 157
96 158
96 159
96 160
96 161
96 163
96 164
96 165
96 166
96 167
96 168
96 169
96 170
96 173
96 175
96 176
96 178
96 179
96 180
96 181
96 182
96 185
96 186
96 187
96 191
96 192
96 194
96 195
96 197
96 199
97 98
97 99
97 101
97 104
97 107
97 111
97 112
97 113
97 114
97 117
97 119
97 120
97 121
97 122
97 123
97 125
97 126
97 127
97 129
97 132
97 133
97 135
97 138
97 139
97 140
97 141
97 146
97 148
97 150
97 151
97 152
97 153
97 154
97 155
97 156
97 157
97 158
97 163
97 170
97 172
97 174
97 175
97 176
97 178
97 179
97 180
97 181
97 182
97 183
97 185
97 187
97 188
97 189
97 190
97 191
97 192
97 193
97 194
97 195
97 196
97 197
97 198
97 199
98 99
98 100
98 101
98 104
98 106
98 108
98 111
98 112
98 113
98 116
98 117
98 118
98 119
98 120
98 121
98 122
98 123
98 124
98 125
98 130
98 132
98 133
98 135
98 137
98 138
98 139
98 140
98 141
98 142
98 143
98 144
98 149
98 150
98 153
98 154
98 155
98 158
98 159
98 164
98 165
98 169
98 170
98 171
98 172
98 173
98 175
98 176
98 177
98 179
98 180
98 182
98 183
98 184
98 188
98 192
98 196
98 198
99 101
99 103
99 104
99 105
99 106
99 109
99 110
99 111
99 114
99 115
99 117
99 120
99 121
99 124
99 126
99 127
99 129
99 130
99 131
99 133
99 135
99 136
99 137
99 138
99 139
99 140
99 142
99 144
99 146
99 147
99 150
99 151
99 153
99 154
99 155
99 159
99 161
99 163
99 164
99 166
99 168
99 170
99 172
99 173
99 176
99 177
99 178
99 179
99 180
99 181
99 182
99 183
99 184
99 186
99 188
99 191
99 192
99 193
99 194
99 195
99 196
100 101
100 102
100 103
100 104
100 105
100 106
100 107
100 109
100 110
100 111
100 117
100 119
100 120
100 121
100 122
100 126
100 127
100 128
100 129
100 133
100 134
100 136
100 137
100 138
100 140
100 141
100 142
100 144
100 146
100 148
100 150
100 151
100 152
100 153
100 154
100 155
100 156
100 157
100 158
100 161
100 162
100 168
100 169
100 172
100 175
100 176
100 177
100 180
100 181
100 182
100 183
100 184
100 185
100 186
100 187
100 190
100 192
100 194
100 197
100 199
101 102
101 103
101 104
101 106
101 107
101 108
101 109
101 110
101 111
101 112
101 114
101 115
101 116
101 119
101 120
101 121
101 122
101 124
101 126
101 127
101 128
101 130
101 134
101 135
101 136
101 137
101 138
101 139
101 142
101 144
101 145
101 146
101 152
101 153
101 154
101 155
101 157
101 159
101 161
101 163
101 164
101 166
101 167
101 168
101 170
101 171
101 172
101 173
101 174
101 176
101 178
101 180
101 181
101 182
101 183
101 184
101 186
101 187
101 189
101 190
101 191
101 192
101 195
101 196
101 197
101 198
102 103
102 104
102 106
102 108
102 111
102 112
102 113
102 115
102 116
102 118
102 120
102 121
102 122
102 124
102 125
102 127
102 129
102 132
102 134
102 135
102 137
102 139
102 140
102 142
102 143
102 144
102 145
102 146
102 147
102 148
102 149
102 151
102 152
102 155
102 156
102 159
102 160
102 162
102 165
102 166
102 167
102 169
102 170
102 173
102 175
102 176
102 178
102 179
102 180
102 181
102 182
102 183
102 185
102 187
102 188
102 189
102 190
102 191
102 192
102 197
102 198
102 199
103 104
103 107
103 108
103 109
103 111
103 112
103 113
103 115
103 116
103 118
103 119
103 120
103 121
103 124
103 127
103 129
103 130
103 132
103 134
103 138
103 140
103 142
103 146
103 148
103 149
103 150
103 151
103 152
103 153
103 158
103 159
103 160
103 162
103 166
103 169
103 171
103 174
103 175
103 179
103 183
103 186
103 188
103 189
103 190
103 191
103 192
103 193
103 194
103 195
103 196
103 197
103 198
104 105
104 106
104 110
104 111
104 112
104 114
104 115
104 116
104 119
104 120
104 121
104 122
104 124
104 125
104 126
104 127
104 129
104 130
104 131
104 132
104 133
104 136
104 137
104 146
104 147
104 153
104 154
104 155
104 156
104 157
104 160
104 161
104 162
104 165
104 167
104 170
104 174
104 175
104 176
104 179
104 180
104 181
104 182
104 183
104 184
104 189
104 191
104 192
104 194
104 199
105 108
105 110
105 111
105 112
105 113
105 115
105 117
105 118
105 120
105 121
105 122
105 123
105 125
105 126
105 127
105 129
105 131
105 133
105 134
105 135
105 136
105 137
105 138
105 140
105 141
105 144
105 145
105 148
105 149
105 151
105 153
105 154
105 156
105 159
105 161
105 162
105 163
105 165
105 166
105 167
105 168
105 170
105 171
105 172
105 173
105 175
105 176
105 177
105 178
105 179
105 180
105 184
105 186
105 187
105 188
105 190
105 191
105 192
105 193
105 197
105 198
105 199
106 107
106 109
106 110
106 111
106 112
106 113
106 114
106 116
106 117
106 118
106 120
106 121
106 122
106 123
106 125
106 126
106 128
106 130
106 131
106 132
106 133
106 137
106 139
106 141
106 142
106 143
106 144
106 145
106 146
106 147
106 149
106 150
106 151
106 153
106 154
106 155
106 157
106 161
106 162
106 164
106 165
106 166
106 168
106 169
106 171
106 173
106 174
106 176
106 177
106 179
106 180
106 181
106 183
106 184
106 185
106 187
106 188
106 191
106 195
106 196
106 197
106 198
106 199
107 109
107 110
107 111
107 113
107 115
107 118
107 120
107 121
107 129
107 130
107 131
107 132
107 136
107 137
107 138
107 139
107 140
107 141
107 144
107 147
107 148
107 149
107 150
107 151
107 152
107 153
107 154
107 155
107 156
107 157
107 159
107 160
107 161
107 162
107 165
107 167
107 169
107 170
107 171
107 172
107 173
107 174
107 176
107 179
107 180
107 182
107 183
107 184
107 185
107 188
107 189
107 190
107 191
107 192
107 193
107 194
107 196
107 198
107 199
108 109
108 110
108 111
108 113
108 115
108 116
108 118
108 119
108 122
108 123
108 125
108 126
108 130
108 131
108 132
108 133
108 134
108 135
108 139
108 140
108 142
108 143
108 144
108 145
108 147
108 148
108 150
108 151
108 152
108 153
108 155
108 157
108 158
108 159
108 160
108 161
108 162
108 163
108 167
108 168
108 169
108 170
108 175
108 176
108 177
108 179
108 180
108 182
108 184
108 185
108 186
108 187
108 188
108 189
108 190
108 192
108 193
108 197
108 199
109 112
109 113
109 114
109 115
109 116
109 117
109 118
109 119
109 120
109 125
109 127
109 128
109 129
109 130
109 133
109 139
109 140
109 142
109 143
109 151
109 153
109 154
109 156
109 158
109 159
109 161
109 162
109 165
109 167
109 168
109 170
109 171
109 172
109 173
109 174
109 175
109 176
109 177
109 178
109 179
109 183
109 187
109 188
109 189
109 192
109 193
109 194
109 195
109 196
109 198
109 199
110 111
110 112
110 115
110 118
110 120
110 121
110 122
110 123
110 125
110 126
110 127
110 130
110 134
110 137
110 138
110 139
110 142
110 143
110 144
110 145
110 146
110 154
110 156
110 158
110 160
110 161
110 162
110 164
110 165
110 168
110 170
110 171
110 172
110 173
110 176
110 177
110 179
110 180
110 181
110 182
110 183
110 185
110 186
110 187
110 188
110 190
110 193
111 113
111 114
111 116
111 117
111 118
111 119
111 120
111 122
111 123
111 124
111 125
111 126
111 127
111 128
111 131
111 132
111 133
111 134
111 137
111 138
111 140
111 141
111 142
111 143
111 144
111 146
111 147
111 148
111 149
111 151
111 152
111 153
111 154
111 156
111 159
111 160
111 161
111 162
111 164
111 165
111 166
111 167
111 168
111 169
111 172
111 175
111 178
111 179
111 181
111 183
111 185
111 187
111 188
111 190
111 191
111 192
111 193
111 194
111 195
111 198
112 114
112 118
112 119
112 123
112 127
112 129
112 131
112 133
112 134
112 135
112 136
112 137
112 139
112 141
112 143
112 145
112 146
112 148
112 150
112 151
112 152
112 154
112 155
112 157
112 158
112 160
112 161
112 163
112 164
112 165
112 166
112 168
112 169
112 170
112 173
112 174
112 178
112 179
112 185
112 188
112 189
112 190
112 191
112 193
112 194
112 196
112 198
112 199
113 114
113 115
113 116
113 119
113 120
113 121
113 122
113 123
113 124
113 125
113 126
113 127
113 128
113 129
113 134
113 135
113 139
113 141
113 144
113 145
113 148
113 150
113 151
113 154
113 155
113 156
113 158
113 159
113 160
113 163
113 164
113 165
113 166
113 169
113 170
113 172
113 173
113 174
113 175
113 178
113 179
113 181
113 182
113 183
113 185
113 186
113 187
113 189
113 190
113 192
113 194
113 197
114 115
114 116
114 119
114 122
114 123
114 124
114 125
114 126
114 127
114 128
114 129
114 131
114 132
114 133
114 136
114 137
114 138
114 139
114 140
114 142
114 144
114 145
114 146
114 149
114 150
114 152
114 155
114 156
114 159
114 160
114 162
114 163
114 164
114 165
114 168
114 169
114 172
114 173
114 174
114 175
114 176
114 178
114 179
114 180
114 181
114 182
114 183
114 184
114 185
114 186
114 187
114 188
114 191
114 192
114 195
114 196
114 197
114 198
114 199
115 116
115 119
115 121
115 123
115 125
115 128
115 130
115 131
115 132
115 133
115 134
115 136
115 139
115 141
115 143
115 144
115 146
115 148
115 149
115 150
115 151
115 152
115 153
115 154
115 155
115 156
115 157
115 158
115 160
115 162
115 163
115 164
115 168
115 169
115 170
115 172
115 173
115 174
115 175
115 176
115 177
115 180
115 181
115 182
115 183
115 185
115 186
115 187
115 188
115 190
115 192
115 193
115 195
115 196
115 198
115 199
116 118
116 119
116 121
116 123
116 124
116 125
116 127
116 128
116 129
116 130
116 133
116 135
116 138
116 139
116 143
116 144
116 146
116 147
116 148
116 151
116 152
116 153
116 154
116 155
116 156
116 158
116 159
116 160
116 163
116 165
116 167
116 168
116 169
116 170
116 171
116 172
116 173
116 174
116 175
116 176
116 178
116 182
116 186
116 187
116 188
116 189
116 190
116 192
116 193
116 194
116 195
116 196
116 197
117 121
117 122
117 123
117 124
117 126
117 127
117 128
117 130
117 131
117 132
117 133
117 134
117 136
117 137
117 138
117 140
117 141
117 143
117 146
117 147
117 149
117 150
117 154
117 156
117 157
117 158
117 159
117 161
117 162
117 165
117 166
117 168
117 169
117 170
117 172
117 173
117 178
117 179
117 181
117 182
117 184
117 185
117 186
117 187
117 188
117 189
117 190
117 193
117 195
117 196
117 197
117 198
117 199
118 119
118 120
118 121
118 122
118 127
118 130
118 132
118 133
118 135
118 136
118 140
118 141
118 142
118 143
118 144
118 146
118 147
118 148
118 150
118 151
118 152
118 153
118 158
118 159
118 161
118 164
118 166
118 167
118 168
118 169
118 172
118 173
118 174
118 175
118 176
118 177
118 178
118 181
118 183
118 184
118 185
118 192
118 193
118 194
118 195
118 196
119 122
119 123
119 124
119 125
119 126
119 129
119 130
119 132
119 134
119 135
119 141
119 142
119 143
119 145
119 146
119 148
119 149
119 150
119 152
119 154
119 155
119 157
119 158
119 159
119 161
119 163
119 164
119 168
119 170
119 171
119 172
119 177
119 179
119 181
119 182
119 184
119 185
119 186
119 189
119 190
119 192
119 195
119 199
120 121
120 122
120 123
120 124
120 125
120 127
120 130
120 132
120 134
120 136
120 137
120 138
120 139
120 141
120 143
120 144
120 147
120 148
120 150
120 153
120 155
120 158
120 159
120 160
120 161
120 162
120 163
120 164
120 165
120 167
120 169
120 170
120 171
120 173
120 174
120 176
120 177
120 178
120 179
120 182
120 185
120 190
120 191
120 195
120 196
120 199
121 125
121 126
121 128
121 130
121 131
121 134
121 135
121 136
121 137
121 139
121 140
121 141
121 143
121 144
121 145
121 146
121 147
121 150
121 151
121 152
121 153
121 154
121 155
121 156
121 158
121 161
121 163
121 165
121 167
121 168
121 169
121 173
121 174
121 175
121 176
121 177
121 178
121 179
121 181
121 183
121 184
121 185
121 186
121 187
121 188
121 189
121 193
121 194
121 195
121 197
121 198
122 123
122 124
122 125
122 127
122 131
122 132
122 133
122 136
122 137
122 140
122 141
122 142
122 143
122 144
122 145
122 146
122 147
122 150
122 151
122 153
122 155
122 157
122 158
122 159
122 160
122 163
122 165
122 166
122 168
122 169
122 171
122 172
122 173
122 176
122 177
122 178
122 179
122 180
122 184
122 185
122 187
122 188
122 189
122 190
122 191
122 195
122 196
122 197
123 124
123 125
123 128
123 129
123 131
123 133
123 134
123 136
123 137
123 139
123 141
123 142
123 143
123 144
123 145
123 146
123 148
123 149
123 151
123 152
123 153
123 159
123 160
123 161
123 162
123 163
123 164
123 165
123 167
123 168
123 173
123 174
123 176
123 177
123 178
123 180
123 181
123 182
123 183
123 185
123 186
123 188
123 190
123 191
123 193
123 198
123 199
124 125
124 126
124 127
124 128
124 131
124 133
124 135
124 139
124 140
124 143
124 144
124 145
124 147
124 150
124 152
124 154
124 155
124 156
124 157
124 160
124 163
124 165
124 168
124 169
124 170
124 171
124 172
124 173
124 174
124 176
124 177
124 178
124 180
124 182
124 184
124 185
124 186
124 188
124 189
124 190
124 191
124 195
124 196
124 198
124 199
125 128
125 131
125 132
125 133
125 134
125 135
125 137
125 139
125 142
125 146
125 148
125 151
125 152
125 153
125 154
125 155
125 156
125 157
125 158
125 159
125 160
125 164
125 166
125 170
125 176
125 177
125 178
125 179
125 180
125 184
125 185
125 188
125 190
125 191
125 193
125 194
125 195
125 196
126 129
126 131
126 132
126 133
126 134
126 135
126 136
126 138
126 139
126 140
126 141
126 143
126 144
126 145
126 146
126 147
126 149
126 152
126 155
126 156
126 157
126 158
126 159
126 161
126 162
126 164
126 168
126 170
126 173
126 174
126 177
126 179
126 180
126 181
126 182
126 183
126 184
126 185
126 186
126 191
126 194
126 195
127 128
127 129
127 132
127 133
127 135
127 137
127 138
127 139
127 140
127 145
127 147
127 150
127 153
127 155
127 156
127 157
127 158
127 159
127 160
127 162
127 163
127 167
127 168
127 169
127 170
127 171
127 172
127 173
127 174
127 175
127 179
127 181
127 182
127 183
127 184
127 185
127 186
127 189
127 190
127 191
127 194
127 195
127 197
127 199
128 129
128 131
128 133
128 134
128 137
128 138
128 141
128 142
128 143
128 144
128 145
128 149
128 150
128 151
128 152
128 158
128 162
128 163
128 164
128 170
128 172
128 173
128 174
128 177
128 179
128 180
128 181
128 182
128 183
128 184
128 185
128 187
128 188
128 190
128 191
128 192
128 193
128 194
128 195
128 196
128 197
128 199
129 130
129 131
129 135
129 136
129 137
129 143
129 145
129 148
129 150
129 151
129 153
129 154
129 156
129 157
129 159
129 161
129 163
129 166
129 170
129 173
129 175
129 176
129 177
129 178
129 179
129 181
129 182
129 187
129 188
129 190
129 193
129 195
129 196
129 197
130 133
130 136
130 138
130 139
130 140
130 141
130 142
130 143
130 144
130 145
130 148
130 150
130 154
130 156
130 157
130 158
130 159
130 161
130 162
130 165
130 167
130 168
130 169
130 170
130 171
130 173
130 174
130 175
130 176
130 177
130 180
130 181
130 182
130 183
130 184
130 185
130 186
130 188
130 189
130 190
130 192
130 193
130 195
130 196
130 197
130 198
131 133
131 134
131 135
131 136
131 137
131 139
131 140
131 141
131 142
131 143
131 144
131 145
131 149
131 150
131 152
131 156
131 158
131 159
131 161
131 162
131 164
131 166
131 168
131 171
131 172
131 173
131 174
131 175
131 176
131 178
131 180
131 181
131 183
131 186
131 188
131 189
131 191
131 192
131 194
131 197
131 198
131 199
132 133
132 134
132 136
132 137
132 138
132 139
132 140
132 141
132 142
132 143
132 145
132 146
132 147
132 148
132 150
132 151
132 152
132 154
132 155
132 156
132 159
132 160
132 162
132 163
132 164
132 165
132 166
132 167
132 168
132 170
132 173
132 174
132 175
132 176
132 177
132 179
132 185
132 187
132 188
132 189
132 191
132 192
132 195
132 197
132 198
132 199
133 134
133 136
133 137
133 139
133 140
133 141
133 142
133 144
133 146
133 148
133 149
133 151
133 153
133 154
133 155
133 156
133 158
133 159
133 164
133 165
133 166
133 167
133 168
133 169
133 170
133 174
133 175
133 176
133 178
133 180
133 182
133 184
133 185
133 186
133 187
133 189
133 190
133 191
133 192
133 194
133 196
133 199
134 136
134 137
134 138
134 139
134 140
134 141
134 142
134 145
134 146
134 147
134 148
134 149
134 150
134 151
134 152
134 153
134 154
134 155
134 157
134 160
134 161
134 162
134 163
134 164
134 166
134 168
134 171
134 172
134 173
134 174
134 175
134 176
134 177
134 179
134 181
134 185
134 188
134 189
134 192
134 193
134 194
134 195
134 196
134 197
134 198
135 136
135 137
135 138
135 142
135 147
135 148
135 149
135 151
135 153
135 154
135 155
135 156
135 158
135 161
135 163
135 164
135 165
135 170
135 173
135 174
135 175
135 176
135 177
135 178
135 179
135 181
135 182
135 183
135 186
135 187
135 191
135 192
135 193
135 194
135 196
135 197
136 137
136 138
136 139
136 140
136 141
136 142
136 143
136 144
136 145
136 149
136 150
136 154
136 158
136 161
136 163
136 164
136 165
136 166
136 168
136 170
136 171
136 173
136 177
136 178
136 179
136 181
136 183
136 185
136 189
136 190
136 191
136 192
136 196
136 199
137 138
137 141
137 143
137 146
137 147
137 149
137 150
137 151
137 153
137 155
137 156
137 158
137 159
137 160
137 165
137 169
137 170
137 171
137 173
137 175
137 176
137 177
137 178
137 180
137 182
137 184
137 185
137 187
137 188
137 192
137 193
137 194
137 195
137 197
137 198
137 199
138 139
138 141
138 142
138 143
138 144
138 145
138 146
138 147
138 148
138 149
138 150
138 152
138 153
138 156
138 160
138 161
138 162
138 164
138 165
138 169
138 170
138 173
138 174
138 175
138 178
138 180
138 182
138 184
138 185
138 186
138 190
138 193
138 195
138 196
138 197
138 199
139 140
139 142
139 143
139 145
139 147
139 150
139 151
139 153
139 155
139 156
139 157
139 159
139 160
139 164
139 166
139 170
139 171
139 172
139 174
139 175
139 179
139 181
139 184
139 185
139 188
139 189
139 191
139 192
139 194
139 196
139 197
139 198
139 199
140 142
140 144
140 146
140 149
140 150
140 151
140 152
140 153
140 155
140 156
140 157
140 158
140 160
140 164
140 165
140 166
140 167
140 168
140 169
140 170
140 171
140 172
140 173
140 174
140 175
140 176
140 178
140 179
140 181
140 183
140 186
140 187
140 188
140 189
140 190
140 194
140 195
140 196
140 197
140 198
141 142
141 144
141 145
141 146
141 147
141 148
141 149
141 151
141 152
141 153
141 155
141 156
141 159
141 163
141 164
141 165
141 166
141 168
141 172
141 174
141 175
141 176
141 178
141 179
141 180
141 181
141 182
141 185
141 186
141 188
141 189
141 190
141 192
141 193
141 196
141 199
142 143
142 144
142 147
142 148
142 149
142 152
142 156
142 157
142 158
142 160
142 161
142 162
142 164
142 165
142 166
142 167
142 169
142 170
142 171
142 172
142 173
142 174
142 175
142 177
142 178
142 179
142 181
142 184
142 185
142 187
142 189
142 190
142 191
142 192
142 193
142 195
142 199
143 144
143 145
143 149
143 151
143 152
143 154
143 155
143 156
143 157
143 158
143 159
143 160
143 161
143 163
143 165
143 168
143 170
143 171
143 172
143 173
143 175
143 180
143 181
143 182
143 183
143 185
143 187
143 189
143 191
143 193
143 194
143 195
143 196
143 197
143 199
144 145
144 146
144 147
144 149
144 150
144 151
144 152
144 153
144 154
144 155
144 158
144 159
144 162
144 164
144 166
144 168
144 170
144 172
144 173
144 174
144 179
144 180
144 182
144 184
144 185
144 189
144 190
144 193
144 197
144 199
145 147
145 148
145 149
145 152
145 153
145 154
145 155
145 156
145 159
145 163
145 165
145 166
145 168
145 169
145 170
145 171
145 173
145 175
145 176
145 177
145 178
145 179
145 180
145 181
145 182
145 183
145 185
145 186
145 190
145 191
145 192
145 194
145 199
146 147
146 148
146 149
146 151
146 152
146 153
146 156
146 157
146 158
146 160
146 161
146 163
146 164
146 165
146 166
146 167
146 168
146 169
146 170
146 172
146 173
146 178
146 179
146 181
146 182
146 183
146 186
146 187
146 188
146 190
146 191
146 193
146 194
146 195
146 198
146 199
147 148
147 149
147 150
147 152
147 153
147 155
147 156
147 157
147 159
147 160
147 161
147 162
147 164
147 165
147 166
147 169
147 172
147 174
147 175
147 177
147 179
147 191
147 194
147 198
148 149
148 151
148 153
148 154
148 155
148 157
148 158
148 160
148 161
148 162
148 163
148 166
148 168
148 170
148 171
148 173
148 175
148 178
148 179
148 181
148 183
148 187
148 188
148 189
148 190
148 191
148 193
148 194
148 195
148 197
148 199
149 152
149 154
149 157
149 160
149 161
149 162
149 163
149 165
149 167
149 169
149 171
149 173
149 174
149 175
149 176
149 177
149 178
149 179
149 181
149 183
149 185
149 186
149 187
149 189
149 190
149 191
149 194
149 196
149 197
149 199
150 160
150 165
150 166
150 167
150 168
150 170
150 171
150 173
150 174
150 175
150 177
150 178
150 180
150 181
150 182
150 184
150 186
150 187
150 193
150 196
150 198
151 152
151 157
151 158
151 159
151 160
151 161
151 163
151 164
151 165
151 166
151 171
151 172
151 173
151 177
151 178
151 180
151 182
151 184
151 185
151 187
151 188
151 189
151 191
151 194
151 199
152 153
152 154
152 155
152 156
152 158
152 159
152 160
152 161
152 162
152 163
152 164
152 167
152 168
152 171
152 172
152 177
152 181
152 183
152 184
152 185
152 186
152 187
152 191
152 193
152 194
152 195
152 197
153 155
153 156
153 158
153 159
153 162
153 163
153 165
153 168
153 172
153 173
153 175
153 176
153 177
153 178
153 179
153 180
153 181
153 182
153 183
153 184
153 185
153 186
153 188
153 189
153 190
153 191
153 193
153 194
153 195
153 196
153 197
153 198
153 199
154 155
154 157
154 160
154 162
154 163
154 164
154 166
154 168
154 169
154 170
154 172
154 175
154 176
154 177
154 179
154 180
154 181
154 182
154 183
154 185
154 186
154 187
154 188
154 189
154 190
154 194
154 196
154 198
155 156
155 157
155 158
155 159
155 162
155 163
155 164
155 165
155 167
155 168
155 169
155 170
155 171
155 174
155 175
155 177
155 180
155 181
155 182
155 185
155 186
155 187
155 188
155 189
155 190
155 191
155 192
155 193
155 194
155 196
155 198
155 199
156 157
156 158
156 159
156 160
156 161
156 163
156 164
156 167
156 168
156 170
156 171
156 172
156 173
156 174
156 177
156 178
156 179
156 180
156 181
156 183
156 186
156 187
156 188
156 189
156 191
156 192
156 193
156 194
156 195
156 196
156 197
156 199
157 158
157 160
157 161
157 162
157 163
157 164
157 166
157 167
157 169
157 170
157 174
157 175
157 176
157 179
157 180
157 181
157 183
157 184
157 185
157 186
157 187
157 188
157 191
157 193
157 194
157 197
158 159
158 160
158 161
158 162
158 163
158 164
158 165
158 166
158 167
158 168
158 169
158 170
158 172
158 173
158 174
158 177
158 178
158 179
158 180
158 181
158 182
158 183
158 185
158 186
158 187
158 189
158 192
158 195
158 198
158 199
159 160
159 161
159 162
159 165
159 166
159 167
159 169
159 172
159 174
159 175
159 177
159 178
159 182
159 184
159 186
159 187
159 191
159 192
159 196
159 197
159 198
160 161
160 163
160 165
160 167
160 168
160 170
160 172
160 174
160 177
160 179
160 181
160 182
160 187
160 188
160 190
160 192
160 193
160 195
160 197
160 198
160 199
161 162
161 163
161 168
161 172
161 174
161 175
161 176
161 180
161 183
161 186
161 187
161 188
161 190
161 191
161 194
161 196
161 197
162 163
162 164
162 168
162 169
162 170
162 171
162 172
162 177
162 181
162 184
162 185
162 188
162 189
162 190
162 192
162 194
162 196
162 197
162 199
163 164
163 168
163 169
163 172
163 173
163 174
163 175
163 177
163 178
163 182
163 183
163 184
163 185
163 187
163 188
163 189
163 191
163 193
163 197
164 166
164 167
164 169
164 171
164 172
164 174
164 175
164 176
164 177
164 179
164 181
164 182
164 185
164 186
164 187
164 188
164 189
164 190
164 191
164 193
164 195
164 196
164 197
164 198
164 199
165 167
165 168
165 169
165 170
165 171
165 172
165 177
165 179
165 180
165 181
165 182
165 184
165 190
165 191
165 192
165 193
165 195
165 196
165 198
165 199
166 167
166 170
166 171
166 173
166 174
166 175
166 176
166 179
166 180
166 181
166 183
166 185
166 186
166 192
166 193
166 195
166 196
166 197
166 198
167 169
167 170
167 171
167 173
167 177
167 180
167 183
167 184
167 185
167 187
167 188
167 191
167 192
167 194
167 197
167 198
167 199
168 170
168 172
168 175
168 178
168 179
168 180
168 182
168 185
168 186
168 187
168 188
168 189
168 190
168 191
168 194
168 195
168 196
168 197
168 198
168 199
169 171
169 174
169 175
169 176
169 179
169 181
169 183
169 186
169 188
169 191
169 193
169 194
169 196
169 197
169 198
169 199
170 171
170 173
170 175
170 176
170 178
170 182
170 187
170 188
170 189
170 190
170 191
170 192
170 193
170 194
170 196
170 199
171 172
171 173
171 175
171 177
171 179
171 180
171 181
171 182
171 183
171 185
171 186
171 188
171 191
171 192
171 193
171 194
171 195
171 198
172 173
172 175
172 177
172 178
172 180
172 181
172 182
172 184
172 185
172 186
172 188
172 189
172 190
172 191
172 195
172 198
172 199
173 175
173 178
173 184
173 187
173 189
173 190
173 191
173 192
173 193
173 194
173 195
173 198
173 199
174 178
174 179
174 180
174 181
174 182
174 184
174 185
174 186
174 187
174 189
174 191
174 192
174 193
174 194
174 195
174 196
174 198
175 177
175 179
175 180
175 181
175 186
175 188
175 189
175 193
175 194
175 195
175 196
175 197
175 198
175 199
176 177
176 178
176 181
176 185
176 188
176 189
176 190
176 191
176 192
176 193
176 194
176 195
176 196
176 197
176 198
176 199
177 179
177 180
177 181
177 182
177 183
177 184
177 186
177 187
177 188
177 193
177 194
177 195
177 197
177 198
178 179
178 180
178 182
178 185
178 186
178 187
178 190
178 191
178 193
178 198
178 199
179 180
179 182
179 184
179 185
179 186
179 187
179 191
179 192
179 193
179 194
179 195
179 196
179 197
179 198
180 181
180 182
180 183
180 184
180 187
180 188
180 190
180 191
180 192
180 193
180 195
180 196
180 197
180 198
180 199
181 182
181 183
181 185
181 192
181 193
181 195
181 197
182 185
182 186
182 189
182 191
182 192
182 194
182 195
182 196
182 197
182 198
182 199
183 184
183 185
183 188
183 189
183 190
183 191
183 192
183 194
183 197
183 198
184 187
184 188
184 189
184 190
184 193
184 194
184 196
184 198
185 187
185 189
185 191
185 192
185 193
185 196
185 197
185 199
186 187
186 190
186 191
186 192
186 194
186 195
186 196
186 198
186 199
187 189
187 190
187 192
187 195
187 196
187 197
187 199
188 189
188 190
188 192
188 193
188 194
188 195
188 196
188 197
189 191
189 193
189 194
189 196
189 197
189 199
190 191
190 192
190 193
190 194
190 196
190 198
191 193
191 195
191 197
191 199
192 193
192 194
192 195
192 196
192 197
192 198
193 194
193 195
193 196
193 197
193 199
194 195
194 196
194 197
194 198
194 199
195 197
195 198
196 198
197 198
197 199
198 199
146 83 193 20 137 125 82 66 21 174 13 152 151 158 37 91 0 85 12 26 149 98 92 196 142 126 135 101 16 45 172 75 153 114 180 175 165 88 32 9
143 15 62 147 84 96 50 138 133 55 108 39 163 38 177 5 56 169 68 159 90 164 148 42 41 109 124 87 25 22 53 195 116 178 179 156 122 54 33 194
103 112 80 6 190 115 86 139 3 28 197 144 44 76 65 99 72 31 141 118 199 188 130 1 102 186 184 47 97 36 191 61 77 113 189 110 34 154 14 121
104 48 58 170 162 198 40 78 74 17 168 63 140 69 30 94 128 70 23 117 60 150 145 7 52 51 4 79 155 100 59 161 73 127 129 2 8 182 187 107
95 181 24 46 89 67 18 192 160 120 123 29 171 131 167 93 57 136 81 19 173 183 134 132 111 49 43 64 185 119 10 105 27 176 35 166 106 157 11 71
