250
6183
4
0 2
0 3
0 11
0 13
0 18
0 37
0 40
0 51
0 53
0 58
0 60
0 63
0 66
0 69
0 75
0 76
0 80
0 85
0 86
0 91
0 96
0 98
0 106
0 110
0 111
0 113
0 116
0 119
0 121
0 128
0 130
0 131
0 133
0 135
0 147
0 152
0 155
0 157
0 160
0 164
0 166
0 176
0 177
0 190
0 193
0 195
0 201
0 202
0 203
0 207
0 208
0 209
0 212
0 213
0 221
0 223
0 232
0 233
0 236
0 239
0 243
0 244
0 249
1 10
1 19
1 25
1 31
1 35
1 38
1 39
1 41
1 42
1 45
1 47
1 52
1 60
1 63
1 67
1 71
1 83
1 86
1 97
1 99
1 101
1 110
1 112
1 113
1 114
1 120
1 123
1 125
1 130
1 134
1 136
1 142
1 147
1 153
1 156
1 163
1 166
1 167
1 170
1 171
1 174
1 178
1 183
1 185
1 188
1 195
1 204
1 207
1 216
1 220
1 226
1 228
1 230
1 232
1 238
1 241
1 244
1 246
1 249
2 4
2 9
2 13
2 14
2 30
2 31
2 33
2 37
2 39
2 47
2 50
2 53
2 57
2 61
2 66
2 70
2 71
2 73
2 75
2 77
2 81
2 85
2 87
2 95
2 105
2 108
2 112
2 117
2 123
2 126
2 130
2 137
2 144
2 159
2 160
2 165
2 168
2 176
2 178
2 182
2 183
2 188
2 189
2 192
2 198
2 199
2 201
2 203
2 205
2 206
2 207
2 208
2 211
2 215
2 222
2 225
2 226
2 229
2 237
2 238
2 242
3 11
3 14
3 27
3 29
3 33
3 38
3 47
3 58
3 62
3 66
3 77
3 87
3 90
3 91
3 105
3 108
3 109
3 116
3 123
3 125
3 128
3 141
3 150
3 153
3 157
3 158
3 165
3 170
3 171
3 175
3 176
3 178
3 179
3 180
3 183
3 192
3 196
3 224
3 229
3 230
3 242
3 248
4 9
4 16
4 21
4 22
4 23
4 24
4 32
4 33
4 43
4 49
4 50
4 51
4 59
4 62
4 69
4 74
4 75
4 76
4 81
4 82
4 88
4 89
4 90
4 92
4 101
4 112
4 113
4 122
4 126
4 127
4 128
4 131
4 132
4 133
4 137
4 141
4 146
4 157
4 158
4 168
4 179
4 192
4 205
4 222
4 232
4 236
4 241
4 242
4 249
5 13
5 14
5 28
5 30
5 34
5 39
5 41
5 45
5 56
5 57
5 61
5 71
5 73
5 75
5 85
5 91
5 94
5 105
5 107
5 113
5 120
5 138
5 144
5 148
5 149
5 156
5 157
5 162
5 166
5 171
5 178
5 180
5 185
5 192
5 194
5 200
5 201
5 214
5 217
5 221
5 226
5 242
5 245
6 15
6 18
6 28
6 32
6 35
6 37
6 59
6 60
6 69
6 70
6 73
6 75
6 88
6 91
6 116
6 120
6 121
6 122
6 124
6 125
6 140
6 143
6 148
6 149
6 151
6 153
6 154
6 155
6 156
6 177
6 179
6 182
6 185
6 187
6 207
6 208
6 214
6 217
6 218
6 221
6 222
6 223
6 224
6 226
6 233
6 235
6 237
6 241
7 18
7 19
7 33
7 43
7 46
7 53
7 57
7 72
7 75
7 84
7 89
7 92
7 95
7 109
7 119
7 122
7 123
7 130
7 142
7 147
7 148
7 152
7 162
7 163
7 168
7 172
7 173
7 174
7 175
7 180
7 182
7 183
7 187
7 191
7 202
7 204
7 205
7 210
7 218
7 221
7 222
7 225
7 230
7 231
7 232
7 242
7 247
7 249
8 11
8 15
8 19
8 21
8 24
8 26
8 30
8 31
8 37
8 39
8 42
8 44
8 45
8 46
8 47
8 54
8 62
8 67
8 69
8 72
8 81
8 84
8 88
8 90
8 100
8 101
8 102
8 106
8 108
8 117
8 121
8 125
8 142
8 149
8 152
8 154
8 157
8 165
8 166
8 167
8 170
8 172
8 174
8 179
8 184
8 185
8 188
8 191
8 196
8 199
8 200
8 209
8 244
8 246
9 13
9 14
9 22
9 25
9 39
9 40
9 42
9 43
9 44
9 51
9 56
9 59
9 61
9 70
9 71
9 77
9 82
9 84
9 86
9 94
9 95
9 96
9 103
9 110
9 114
9 119
9 120
9 123
9 127
9 128
9 132
9 135
9 137
9 139
9 140
9 161
9 168
9 170
9 178
9 183
9 184
9 188
9 192
9 196
9 214
9 232
9 235
9 248
10 12
10 28
10 39
10 40
10 41
10 44
10 56
10 60
10 63
10 68
10 73
10 76
10 77
10 80
10 83
10 110
10 112
10 113
10 114
10 115
10 125
10 127
10 133
10 135
10 136
10 141
10 142
10 165
10 166
10 168
10 169
10 172
10 178
10 188
10 194
10 196
10 197
10 206
10 217
10 219
10 223
10 229
10 233
10 243
10 247
11 12
11 21
11 23
11 28
11 31
11 34
11 57
11 58
11 59
11 75
11 76
11 81
11 86
11 90
11 96
11 99
11 100
11 106
11 112
11 117
11 119
11 125
11 127
11 132
11 135
11 137
11 139
11 140
11 144
11 148
11 173
11 174
11 176
11 178
11 180
11 181
11 185
11 188
11 189
11 191
11 194
11 196
11 199
11 200
11 219
11 220
11 225
11 227
11 231
11 233
11 242
11 244
12 13
12 20
12 31
12 40
12 41
12 43
12 57
12 58
12 66
12 73
12 77
12 78
12 81
12 82
12 93
12 100
12 104
12 115
12 116
12 123
12 135
12 136
12 143
12 146
12 151
12 155
12 156
12 165
12 184
12 199
12 201
12 202
12 207
12 211
12 213
12 222
12 230
12 234
12 238
12 243
13 16
13 19
13 22
13 23
13 27
13 36
13 37
13 40
13 45
13 46
13 49
13 50
13 51
13 63
13 67
13 73
13 76
13 85
13 91
13 93
13 95
13 96
13 99
13 106
13 114
13 119
13 122
13 124
13 126
13 130
13 132
13 133
13 136
13 137
13 139
13 144
13 146
13 147
13 152
13 156
13 160
13 164
13 167
13 168
13 184
13 188
13 189
13 194
13 195
13 197
13 198
13 203
13 204
13 206
13 211
13 219
13 227
13 232
13 236
13 240
13 243
13 248
13 249
14 19
14 21
14 26
14 27
14 36
14 44
14 52
14 55
14 58
14 74
14 82
14 86
14 88
14 96
14 98
14 99
14 101
14 106
14 111
14 119
14 121
14 126
14 129
14 132
14 137
14 145
14 162
14 170
14 172
14 173
14 177
14 179
14 187
14 190
14 197
14 199
14 200
14 202
14 206
14 207
14 209
14 210
14 220
14 222
14 228
14 233
15 28
15 30
15 37
15 38
15 42
15 50
15 52
15 58
15 61
15 72
15 76
15 77
15 86
15 97
15 102
15 105
15 111
15 116
15 119
15 121
15 122
15 131
15 139
15 147
15 153
15 157
15 159
15 162
15 169
15 171
15 180
15 185
15 190
15 197
15 200
15 203
15 226
15 232
15 236
15 237
15 242
15 245
15 249
16 17
16 22
16 39
16 44
16 47
16 53
16 57
16 66
16 78
16 81
16 88
16 91
16 94
16 98
16 102
16 110
16 114
16 116
16 123
16 133
16 147
16 148
16 157
16 162
16 165
16 177
16 186
16 193
16 204
16 205
16 206
16 212
16 223
16 234
16 243
16 245
17 23
17 24
17 27
17 34
17 38
17 42
17 44
17 47
17 48
17 51
17 54
17 55
17 70
17 71
17 78
17 87
17 96
17 103
17 110
17 122
17 135
17 144
17 146
17 154
17 161
17 165
17 176
17 185
17 188
17 200
17 203
17 204
17 207
17 211
17 212
17 220
17 221
17 224
17 225
17 226
17 230
17 232
17 237
17 242
17 244
18 20
18 23
18 25
18 32
18 42
18 44
18 45
18 53
18 58
18 73
18 87
18 88
18 99
18 100
18 101
18 109
18 112
18 116
18 135
18 139
18 143
18 154
18 157
18 159
18 168
18 173
18 174
18 181
18 184
18 185
18 194
18 197
18 214
18 217
18 224
18 226
18 227
18 232
18 233
18 234
18 238
18 240
18 245
18 246
18 248
19 22
19 26
19 29
19 35
19 41
19 45
19 47
19 54
19 59
19 64
19 68
19 71
19 77
19 81
19 89
19 90
19 93
19 99
19 105
19 109
19 115
19 118
19 120
19 121
19 127
19 131
19 137
19 142
19 144
19 148
19 153
19 159
19 161
19 163
19 173
19 174
19 183
19 192
19 197
19 200
19 207
19 208
19 214
19 215
19 216
19 221
19 232
20 24
20 29
20 30
20 35
20 37
20 51
20 60
20 62
20 66
20 78
20 80
20 88
20 98
20 99
20 110
20 113
20 117
20 118
20 119
20 120
20 125
20 132
20 164
20 166
20 169
20 173
20 178
20 179
20 181
20 183
20 187
20 188
20 198
20 212
20 213
20 223
20 227
20 235
20 236
20 237
20 241
20 249
21 24
21 27
21 31
21 33
21 38
21 42
21 43
21 45
21 75
21 77
21 81
21 83
21 85
21 90
21 99
21 109
21 114
21 116
21 119
21 123
21 126
21 131
21 135
21 139
21 147
21 153
21 157
21 163
21 164
21 170
21 171
21 175
21 185
21 191
21 192
21 197
21 199
21 202
21 203
21 205
21 208
21 211
21 221
21 223
21 225
21 226
21 237
21 240
21 247
22 25
22 26
22 30
22 31
22 33
22 35
22 38
22 43
22 44
22 45
22 47
22 49
22 52
22 53
22 56
22 58
22 61
22 63
22 65
22 69
22 97
22 98
22 101
22 103
22 111
22 121
22 126
22 132
22 135
22 136
22 137
22 138
22 144
22 147
22 149
22 157
22 164
22 166
22 172
22 180
22 181
22 182
22 184
22 188
22 191
22 192
22 195
22 203
22 213
22 227
22 233
22 239
22 242
23 41
23 44
23 50
23 61
23 66
23 70
23 81
23 107
23 111
23 120
23 127
23 136
23 138
23 145
23 151
23 156
23 161
23 162
23 165
23 167
23 175
23 177
23 178
23 179
23 183
23 184
23 188
23 190
23 192
23 202
23 216
23 220
23 228
23 229
23 233
23 238
23 244
23 246
24 25
24 28
24 30
24 38
24 40
24 43
24 44
24 47
24 78
24 79
24 99
24 103
24 111
24 118
24 125
24 131
24 141
24 146
24 147
24 152
24 156
24 161
24 170
24 173
24 179
24 180
24 184
24 188
24 189
24 191
24 198
24 200
24 201
24 202
24 207
24 208
24 217
24 235
24 242
25 35
25 50
25 53
25 59
25 65
25 68
25 70
25 73
25 80
25 84
25 91
25 93
25 107
25 108
25 113
25 114
25 118
25 119
25 128
25 129
25 130
25 137
25 142
25 148
25 149
25 150
25 159
25 161
25 171
25 173
25 181
25 209
25 216
25 219
25 220
25 223
25 226
25 236
25 239
25 243
25 249
26 32
26 39
26 45
26 49
26 59
26 60
26 61
26 75
26 79
26 80
26 86
26 89
26 91
26 92
26 93
26 98
26 99
26 105
26 108
26 109
26 111
26 115
26 118
26 123
26 131
26 136
26 141
26 142
26 146
26 147
26 152
26 153
26 163
26 165
26 169
26 175
26 185
26 197
26 199
26 209
26 210
26 216
26 219
26 220
26 225
26 237
26 241
26 248
27 28
27 30
27 31
27 37
27 50
27 51
27 53
27 55
27 56
27 66
27 77
27 79
27 81
27 89
27 90
27 95
27 99
27 100
27 104
27 117
27 120
27 126
27 136
27 138
27 140
27 154
27 156
27 157
27 163
27 169
27 179
27 183
27 189
27 193
27 203
27 205
27 211
27 215
27 216
27 231
27 232
27 234
27 242
27 249
28 34
28 36
28 41
28 44
28 53
28 60
28 82
28 88
28 90
28 93
28 94
28 96
28 99
28 101
28 104
28 118
28 119
28 127
28 131
28 132
28 139
28 140
28 147
28 152
28 154
28 163
28 165
28 171
28 173
28 180
28 182
28 183
28 189
28 194
28 197
28 205
28 207
28 208
28 216
28 219
28 222
28 227
28 234
29 35
29 50
29 54
29 55
29 56
29 62
29 65
29 69
29 73
29 74
29 77
29 85
29 86
29 93
29 95
29 97
29 99
29 115
29 116
29 117
29 120
29 121
29 128
29 130
29 131
29 135
29 141
29 143
29 150
29 156
29 162
29 167
29 168
29 184
29 185
29 187
29 189
29 191
29 192
29 194
29 210
29 211
29 215
29 219
29 221
30 34
30 42
30 52
30 54
30 59
30 62
30 63
30 74
30 79
30 81
30 89
30 100
30 104
30 111
30 113
30 119
30 123
30 127
30 145
30 147
30 153
30 162
30 166
30 169
30 176
30 186
30 189
30 192
30 193
30 200
30 201
30 202
30 210
30 216
30 229
30 232
30 239
30 242
30 248
31 32
31 34
31 41
31 49
31 55
31 62
31 66
31 67
31 68
31 72
31 73
31 78
31 87
31 114
31 116
31 120
31 121
31 134
31 148
31 150
31 159
31 161
31 164
31 165
31 170
31 174
31 175
31 182
31 183
31 194
31 199
31 201
31 212
31 216
31 217
31 219
31 222
31 228
31 231
31 233
31 236
31 237
31 240
31 242
31 244
31 248
32 33
32 40
32 49
32 50
32 53
32 54
32 56
32 58
32 61
32 65
32 67
32 74
32 75
32 77
32 82
32 83
32 86
32 89
32 90
32 92
32 94
32 102
32 108
32 112
32 117
32 123
32 127
32 128
32 131
32 133
32 146
32 151
32 154
32 155
32 163
32 167
32 170
32 174
32 175
32 181
32 182
32 183
32 190
32 191
32 194
32 202
32 204
32 218
32 228
32 229
32 234
32 239
32 240
33 35
33 36
33 43
33 44
33 49
33 69
33 72
33 73
33 75
33 80
33 83
33 92
33 102
33 103
33 109
33 110
33 117
33 121
33 131
33 137
33 138
33 143
33 150
33 151
33 158
33 161
33 163
33 175
33 176
33 183
33 187
33 189
33 191
33 198
33 203
33 216
33 227
33 234
33 241
33 245
34 38
34 39
34 43
34 49
34 58
34 62
34 63
34 72
34 73
34 80
34 88
34 89
34 97
34 100
34 103
34 105
34 110
34 111
34 115
34 119
34 150
34 154
34 157
34 161
34 163
34 170
34 173
34 181
34 182
34 186
34 187
34 188
34 190
34 201
34 203
34 207
34 208
34 215
34 218
34 222
34 225
34 230
34 242
34 246
34 247
35 53
35 56
35 59
35 60
35 62
35 63
35 64
35 73
35 74
35 77
35 84
35 100
35 102
35 105
35 106
35 107
35 118
35 122
35 130
35 132
35 142
35 148
35 151
35 155
35 157
35 159
35 163
35 169
35 174
35 179
35 184
35 194
35 204
35 210
35 214
35 216
35 217
35 219
35 220
35 225
35 226
35 230
36 38
36 40
36 44
36 47
36 49
36 50
36 53
36 61
36 64
36 70
36 82
36 83
36 87
36 90
36 97
36 100
36 103
36 104
36 108
36 113
36 128
36 129
36 138
36 144
36 149
36 155
36 158
36 161
36 163
36 167
36 177
36 192
36 194
36 209
36 214
36 217
36 220
36 222
36 229
36 231
36 232
36 233
36 241
36 244
36 248
37 40
37 42
37 46
37 53
37 71
37 72
37 76
37 86
37 90
37 100
37 108
37 110
37 112
37 116
37 120
37 128
37 134
37 138
37 142
37 151
37 152
37 154
37 157
37 159
37 160
37 164
37 168
37 169
37 181
37 185
37 186
37 193
37 198
37 202
37 204
37 211
37 212
37 220
37 222
37 234
37 239
37 244
37 248
38 39
38 49
38 50
38 61
38 63
38 65
38 80
38 82
38 84
38 86
38 93
38 95
38 98
38 99
38 101
38 104
38 110
38 114
38 115
38 120
38 124
38 127
38 129
38 156
38 158
38 161
38 162
38 164
38 165
38 166
38 180
38 187
38 188
38 192
38 197
38 202
38 210
38 213
38 220
38 225
38 233
38 236
38 239
38 240
39 43
39 53
39 54
39 57
39 61
39 63
39 75
39 95
39 100
39 102
39 104
39 111
39 124
39 125
39 154
39 155
39 156
39 168
39 172
39 173
39 179
39 180
39 183
39 193
39 194
39 203
39 210
39 211
39 213
39 226
39 233
40 41
40 45
40 65
40 72
40 73
40 82
40 105
40 115
40 121
40 135
40 136
40 147
40 151
40 152
40 160
40 165
40 171
40 179
40 180
40 182
40 189
40 195
40 200
40 201
40 203
40 210
40 215
40 226
40 231
40 235
40 239
40 243
40 247
41 45
41 46
41 56
41 58
41 63
41 72
41 74
41 75
41 79
41 91
41 94
41 100
41 105
41 106
41 112
41 124
41 143
41 151
41 158
41 167
41 171
41 172
41 176
41 186
41 190
41 193
41 195
41 200
41 206
41 210
41 223
41 231
41 246
41 249
42 50
42 54
42 55
42 69
42 70
42 78
42 93
42 98
42 113
42 118
42 120
42 127
42 128
42 139
42 142
42 144
42 150
42 161
42 167
42 168
42 172
42 175
42 176
42 179
42 181
42 185
42 188
42 191
42 193
42 195
42 196
42 203
42 207
42 208
42 209
42 225
42 227
42 228
42 230
42 236
43 44
43 46
43 72
43 78
43 81
43 88
43 97
43 98
43 99
43 100
43 102
43 107
43 112
43 115
43 121
43 123
43 125
43 129
43 134
43 135
43 144
43 151
43 153
43 162
43 172
43 178
43 180
43 181
43 191
43 196
43 206
43 212
43 213
43 216
43 218
43 229
43 236
43 238
43 249
44 48
44 49
44 50
44 51
44 52
44 55
44 56
44 61
44 64
44 66
44 77
44 79
44 80
44 85
44 86
44 97
44 104
44 105
44 109
44 110
44 118
44 123
44 129
44 130
44 135
44 147
44 150
44 159
44 162
44 176
44 181
44 196
44 198
44 200
44 206
44 213
44 216
44 220
44 227
44 229
44 230
44 235
44 238
44 244
44 245
44 246
45 54
45 55
45 63
45 64
45 70
45 75
45 79
45 80
45 85
45 86
45 88
45 97
45 99
45 104
45 107
45 109
45 114
45 115
45 119
45 124
45 130
45 134
45 139
45 153
45 158
45 161
45 163
45 164
45 169
45 170
45 182
45 186
45 193
45 199
45 202
45 203
45 205
45 207
45 210
45 211
45 216
45 220
45 226
45 234
45 236
46 47
46 50
46 53
46 55
46 59
46 72
46 82
46 83
46 84
46 86
46 89
46 92
46 93
46 104
46 111
46 112
46 116
46 124
46 125
46 148
46 149
46 158
46 171
46 175
46 186
46 190
46 193
46 208
46 211
46 212
46 216
46 221
46 224
46 225
46 239
47 52
47 62
47 64
47 70
47 74
47 83
47 97
47 106
47 111
47 112
47 117
47 118
47 122
47 129
47 130
47 139
47 140
47 147
47 148
47 150
47 152
47 160
47 161
47 163
47 165
47 168
47 177
47 178
47 188
47 189
47 191
47 195
47 198
47 205
47 213
47 226
47 229
47 230
47 232
47 235
47 240
47 241
47 242
47 244
47 247
48 52
48 59
48 62
48 65
48 73
48 85
48 87
48 95
48 97
48 110
48 113
48 115
48 117
48 136
48 154
48 157
48 160
48 161
48 166
48 167
48 172
48 187
48 194
48 198
48 204
48 208
48 210
48 213
48 222
48 223
48 226
48 227
48 229
48 231
48 239
48 245
48 246
48 248
49 56
49 58
49 61
49 68
49 76
49 79
49 80
49 85
49 87
49 103
49 121
49 135
49 138
49 161
49 163
49 175
49 181
49 182
49 185
49 187
49 188
49 191
49 192
49 195
49 199
49 201
49 202
49 205
49 211
49 214
49 227
49 237
49 238
49 241
49 245
49 248
50 51
50 64
50 65
50 79
50 80
50 84
50 94
50 96
50 97
50 103
50 104
50 111
50 117
50 122
50 124
50 125
50 127
50 133
50 135
50 137
50 139
50 143
50 151
50 152
50 153
50 163
50 166
50 184
50 188
50 193
50 195
50 200
50 220
50 223
50 233
50 240
50 248
51 54
51 56
51 61
51 62
51 65
51 73
51 75
51 86
51 87
51 88
51 92
51 93
51 96
51 109
51 113
51 114
51 116
51 133
51 137
51 152
51 154
51 162
51 182
51 190
51 195
51 198
51 203
51 204
51 208
51 211
51 216
51 217
51 224
51 234
51 237
51 239
51 240
52 59
52 60
52 65
52 68
52 72
52 77
52 80
52 82
52 84
52 87
52 88
52 89
52 99
52 105
52 111
52 123
52 124
52 137
52 142
52 145
52 155
52 161
52 168
52 188
52 196
52 197
52 199
52 202
52 206
52 207
52 208
52 209
52 210
52 216
52 219
52 222
52 226
52 228
52 233
52 235
52 237
52 238
52 241
52 245
52 246
53 62
53 64
53 65
53 67
53 71
53 75
53 77
53 82
53 85
53 87
53 91
53 92
53 94
53 95
53 96
53 97
53 99
53 105
53 107
53 110
53 111
53 115
53 126
53 143
53 152
53 154
53 165
53 170
53 173
53 175
53 177
53 181
53 182
53 183
53 191
53 197
53 203
53 207
53 212
53 222
53 223
53 224
53 232
53 234
53 241
53 246
53 249
54 69
54 80
54 82
54 89
54 101
54 106
54 109
54 117
54 132
54 133
54 137
54 144
54 145
54 147
54 148
54 155
54 158
54 175
54 176
54 198
54 201
54 205
54 206
54 211
54 213
54 221
54 227
54 229
54 247
55 56
55 57
55 60
55 61
55 62
55 64
55 65
55 68
55 74
55 81
55 85
55 92
55 95
55 97
55 99
55 104
55 105
55 111
55 113
55 120
55 122
55 129
55 130
55 132
55 136
55 151
55 154
55 160
55 168
55 174
55 175
55 181
55 183
55 184
55 188
55 195
55 205
55 209
55 218
55 232
55 234
55 235
55 237
55 244
56 57
56 62
56 68
56 73
56 79
56 92
56 99
56 101
56 106
56 109
56 110
56 113
56 114
56 115
56 119
56 121
56 128
56 131
56 132
56 141
56 148
56 152
56 155
56 164
56 165
56 170
56 171
56 175
56 178
56 181
56 193
56 197
56 208
56 209
56 211
56 230
57 61
57 62
57 73
57 74
57 76
57 79
57 93
57 95
57 101
57 110
57 119
57 126
57 137
57 142
57 144
57 148
57 152
57 153
57 156
57 158
57 172
57 181
57 183
57 193
57 195
57 197
57 211
57 221
57 223
57 224
57 229
57 234
58 60
58 64
58 68
58 71
58 80
58 81
58 84
58 85
58 86
58 88
58 110
58 114
58 118
58 121
58 123
58 126
58 131
58 136
58 137
58 142
58 143
58 145
58 152
58 170
58 172
58 176
58 189
58 191
58 193
58 197
58 200
58 202
58 203
58 206
58 209
58 214
58 215
58 216
58 219
58 224
58 225
58 232
58 233
58 234
58 237
58 239
59 64
59 68
59 74
59 75
59 78
59 86
59 89
59 93
59 96
59 117
59 121
59 122
59 131
59 140
59 142
59 146
59 149
59 150
59 155
59 156
59 159
59 161
59 162
59 176
59 181
59 183
59 184
59 187
59 195
59 196
59 197
59 200
59 204
59 208
59 219
59 220
59 228
59 231
59 241
59 244
59 245
59 247
59 249
60 65
60 71
60 76
60 78
60 85
60 88
60 89
60 90
60 101
60 106
60 114
60 115
60 121
60 129
60 134
60 141
60 149
60 163
60 165
60 167
60 170
60 173
60 176
60 177
60 180
60 183
60 184
60 187
60 192
60 199
60 200
60 206
60 207
60 210
60 214
60 221
60 226
60 232
60 244
61 62
61 63
61 66
61 71
61 76
61 81
61 95
61 98
61 103
61 105
61 106
61 114
61 116
61 131
61 136
61 139
61 147
61 170
61 173
61 174
61 180
61 199
61 207
61 210
61 214
61 215
61 224
61 231
61 232
61 236
61 241
61 242
61 245
61 246
61 248
61 249
62 67
62 80
62 81
62 85
62 89
62 90
62 98
62 101
62 104
62 113
62 122
62 127
62 130
62 134
62 139
62 149
62 150
62 158
62 160
62 163
62 166
62 174
62 183
62 186
62 195
62 207
62 213
62 214
62 222
62 232
62 241
62 242
62 249
63 67
63 71
63 86
63 92
63 98
63 99
63 101
63 104
63 107
63 108
63 110
63 112
63 114
63 119
63 127
63 129
63 136
63 140
63 142
63 143
63 155
63 161
63 162
63 168
63 173
63 174
63 175
63 185
63 187
63 210
63 220
63 236
63 237
63 241
63 243
63 249
64 67
64 72
64 77
64 78
64 92
64 93
64 101
64 103
64 108
64 124
64 125
64 128
64 138
64 148
64 149
64 159
64 173
64 179
64 184
64 185
64 189
64 192
64 195
64 203
64 207
64 209
64 210
64 212
64 222
64 227
64 242
64 247
64 249
65 67
65 68
65 89
65 99
65 102
65 108
65 116
65 118
65 122
65 133
65 136
65 137
65 140
65 142
65 147
65 151
65 154
65 157
65 160
65 168
65 170
65 171
65 172
65 186
65 193
65 194
65 202
65 203
65 209
65 216
65 227
65 238
65 246
65 248
66 83
66 84
66 91
66 96
66 107
66 112
66 117
66 137
66 147
66 152
66 156
66 159
66 170
66 171
66 180
66 184
66 188
66 190
66 193
66 198
66 200
66 201
66 205
66 215
66 222
66 226
66 230
66 235
66 237
66 239
66 244
66 248
67 70
67 81
67 86
67 94
67 103
67 105
67 112
67 113
67 115
67 128
67 137
67 139
67 145
67 161
67 164
67 165
67 166
67 168
67 177
67 179
67 181
67 183
67 198
67 203
67 216
67 219
67 221
67 223
67 231
67 235
67 240
68 74
68 81
68 88
68 95
68 100
68 102
68 104
68 114
68 116
68 128
68 129
68 134
68 138
68 140
68 142
68 143
68 146
68 149
68 151
68 153
68 156
68 157
68 158
68 159
68 174
68 176
68 180
68 183
68 184
68 186
68 187
68 200
68 202
68 219
68 223
68 234
68 239
69 75
69 83
69 87
69 88
69 92
69 95
69 100
69 102
69 103
69 105
69 107
69 116
69 123
69 139
69 140
69 147
69 150
69 153
69 156
69 161
69 163
69 166
69 172
69 173
69 180
69 182
69 183
69 185
69 195
69 203
69 207
69 210
69 211
69 213
69 223
69 225
69 230
69 231
69 234
69 236
70 71
70 77
70 91
70 93
70 94
70 97
70 102
70 109
70 115
70 125
70 127
70 133
70 137
70 138
70 146
70 148
70 150
70 158
70 159
70 178
70 179
70 181
70 195
70 198
70 210
70 214
70 219
70 221
70 222
70 228
70 240
70 242
70 243
70 246
71 78
71 85
71 89
71 90
71 94
71 111
71 118
71 122
71 129
71 133
71 135
71 136
71 142
71 149
71 151
71 156
71 161
71 162
71 163
71 167
71 173
71 174
71 183
71 188
71 201
71 206
71 210
71 214
71 217
71 221
71 223
71 228
71 230
71 238
72 85
72 86
72 88
72 92
72 95
72 98
72 106
72 107
72 111
72 118
72 130
72 131
72 133
72 137
72 139
72 141
72 151
72 154
72 161
72 162
72 172
72 180
72 185
72 187
72 188
72 189
72 191
72 193
72 199
72 200
72 202
72 212
72 214
72 216
72 220
72 227
72 231
72 242
72 243
72 245
72 248
73 83
73 88
73 90
73 96
73 97
73 99
73 100
73 103
73 108
73 109
73 111
73 112
73 114
73 118
73 135
73 138
73 143
73 148
73 149
73 153
73 158
73 159
73 163
73 165
73 169
73 179
73 188
73 190
73 194
73 204
73 205
73 210
73 212
73 216
73 218
73 226
73 227
73 232
73 239
73 240
73 245
74 81
74 91
74 96
74 99
74 104
74 116
74 117
74 120
74 143
74 148
74 153
74 156
74 157
74 158
74 161
74 162
74 163
74 172
74 173
74 175
74 179
74 180
74 181
74 185
74 186
74 188
74 192
74 197
74 207
74 208
74 209
74 225
74 226
74 247
74 248
75 83
75 86
75 89
75 92
75 103
75 110
75 125
75 135
75 136
75 149
75 152
75 155
75 161
75 164
75 168
75 171
75 174
75 176
75 185
75 186
75 196
75 200
75 202
75 207
75 208
75 230
75 237
75 241
75 244
75 245
75 248
76 82
76 91
76 92
76 107
76 108
76 134
76 135
76 137
76 138
76 153
76 165
76 166
76 167
76 174
76 180
76 181
76 184
76 186
76 192
76 194
76 200
76 203
76 212
76 218
76 220
76 221
76 227
76 233
76 241
76 248
77 78
77 80
77 82
77 83
77 93
77 94
77 103
77 134
77 137
77 150
77 157
77 163
77 181
77 188
77 207
77 214
77 215
77 221
77 229
77 232
77 244
77 247
77 249
78 83
78 86
78 93
78 98
78 104
78 106
78 112
78 116
78 120
78 130
78 132
78 135
78 136
78 143
78 146
78 148
78 158
78 166
78 167
78 174
78 175
78 181
78 189
78 205
78 211
78 221
78 230
78 235
78 242
78 244
78 246
78 247
79 82
79 83
79 87
79 95
79 103
79 108
79 111
79 115
79 116
79 119
79 121
79 123
79 125
79 151
79 152
79 156
79 160
79 166
79 177
79 182
79 183
79 184
79 190
79 193
79 197
79 200
79 211
79 215
79 221
79 230
79 231
79 238
79 239
79 241
79 249
80 82
80 86
80 88
80 89
80 101
80 104
80 108
80 121
80 131
80 135
80 136
80 138
80 150
80 162
80 164
80 168
80 173
80 177
80 180
80 181
80 185
80 191
80 194
80 195
80 197
80 199
80 206
80 209
80 210
80 211
80 215
80 216
80 218
80 222
80 227
80 241
80 242
80 244
80 247
81 85
81 96
81 111
81 112
81 122
81 130
81 134
81 137
81 144
81 151
81 166
81 172
81 177
81 185
81 190
81 193
81 195
81 198
81 199
81 210
81 214
81 217
81 218
81 219
81 221
81 227
82 97
82 105
82 108
82 111
82 114
82 126
82 128
82 130
82 133
82 157
82 163
82 166
82 170
82 176
82 180
82 186
82 198
82 201
82 205
82 215
82 234
82 247
82 249
83 84
83 85
83 91
83 93
83 96
83 99
83 103
83 107
83 114
83 121
83 125
83 126
83 128
83 129
83 130
83 132
83 139
83 140
83 141
83 148
83 153
83 160
83 161
83 166
83 177
83 190
83 194
83 197
83 211
83 227
83 241
83 243
84 87
84 89
84 94
84 104
84 109
84 113
84 115
84 126
84 129
84 149
84 154
84 164
84 167
84 168
84 204
84 209
84 221
84 225
84 230
84 242
84 245
85 86
85 92
85 96
85 97
85 103
85 107
85 111
85 119
85 124
85 131
85 136
85 138
85 146
85 147
85 148
85 150
85 157
85 158
85 163
85 164
85 165
85 167
85 172
85 175
85 184
85 185
85 192
85 202
85 204
85 211
85 213
85 227
85 229
85 233
85 236
85 240
85 242
85 243
85 248
86 93
86 98
86 100
86 102
86 103
86 105
86 106
86 107
86 110
86 115
86 118
86 119
86 121
86 124
86 125
86 130
86 136
86 140
86 141
86 165
86 168
86 169
86 170
86 177
86 179
86 182
86 184
86 188
86 191
86 192
86 198
86 199
86 201
86 204
86 209
86 214
86 217
86 230
86 237
86 247
87 91
87 118
87 129
87 132
87 133
87 138
87 143
87 153
87 157
87 163
87 165
87 179
87 181
87 182
87 186
87 198
87 208
87 218
87 224
87 228
87 231
87 233
87 235
87 238
87 239
87 241
87 247
87 248
88 91
88 101
88 104
88 109
88 113
88 114
88 164
88 167
88 168
88 169
88 171
88 172
88 183
88 194
88 200
88 215
88 219
88 224
88 227
88 230
88 232
88 236
88 237
88 242
88 243
88 244
88 248
89 93
89 115
89 117
89 119
89 127
89 134
89 137
89 141
89 142
89 143
89 144
89 148
89 151
89 152
89 155
89 160
89 161
89 163
89 165
89 173
89 176
89 185
89 191
89 192
89 194
89 198
89 199
89 204
89 206
89 207
89 208
89 212
89 217
89 229
89 231
89 232
89 237
89 243
89 247
90 93
90 99
90 107
90 108
90 118
90 123
90 125
90 139
90 141
90 146
90 153
90 155
90 162
90 169
90 172
90 180
90 181
90 184
90 186
90 193
90 196
90 197
90 211
90 215
90 222
90 232
90 234
90 235
90 236
90 241
90 243
91 104
91 105
91 109
91 115
91 129
91 133
91 135
91 138
91 142
91 143
91 144
91 146
91 149
91 151
91 158
91 160
91 167
91 168
91 174
91 179
91 189
91 193
91 205
91 208
91 217
91 218
91 219
91 225
91 229
91 233
91 235
91 240
91 241
91 248
92 97
92 102
92 108
92 120
92 124
92 127
92 128
92 129
92 134
92 136
92 146
92 150
92 152
92 165
92 167
92 169
92 177
92 181
92 182
92 190
92 195
92 196
92 199
92 203
92 207
92 214
92 222
92 227
92 235
92 240
92 242
92 248
92 249
93 95
93 101
93 105
93 109
93 114
93 121
93 127
93 130
93 132
93 137
93 140
93 141
93 146
93 149
93 154
93 162
93 163
93 167
93 171
93 175
93 179
93 182
93 184
93 187
93 192
93 196
93 202
93 208
93 210
93 213
93 217
93 224
93 226
93 242
94 99
94 100
94 102
94 104
94 112
94 117
94 118
94 126
94 128
94 130
94 136
94 137
94 138
94 142
94 143
94 144
94 150
94 156
94 160
94 162
94 164
94 170
94 173
94 176
94 179
94 194
94 199
94 200
94 208
94 210
94 211
94 218
94 224
94 225
94 226
94 227
94 238
94 240
94 246
94 249
95 107
95 125
95 131
95 135
95 136
95 137
95 139
95 164
95 165
95 166
95 168
95 173
95 177
95 179
95 181
95 184
95 186
95 195
95 196
95 197
95 198
95 200
95 203
95 208
95 210
95 221
95 222
95 230
95 231
95 237
95 239
95 241
96 107
96 111
96 115
96 119
96 121
96 123
96 125
96 131
96 132
96 135
96 141
96 142
96 145
96 146
96 149
96 150
96 153
96 169
96 170
96 175
96 178
96 181
96 196
96 202
96 207
96 216
96 219
96 221
96 223
96 224
96 226
96 229
96 236
96 241
97 113
97 118
97 119
97 122
97 125
97 136
97 139
97 140
97 142
97 160
97 162
97 164
97 167
97 169
97 171
97 173
97 185
97 187
97 188
97 195
97 205
97 207
97 214
97 222
97 224
97 233
97 237
97 240
97 244
98 100
98 101
98 102
98 104
98 108
98 114
98 115
98 123
98 125
98 130
98 131
98 132
98 135
98 139
98 142
98 149
98 157
98 158
98 160
98 161
98 170
98 176
98 177
98 180
98 188
98 200
98 207
98 213
98 222
98 231
98 238
98 246
98 247
98 248
98 249
99 100
99 107
99 112
99 118
99 131
99 134
99 135
99 136
99 142
99 149
99 151
99 152
99 155
99 162
99 166
99 172
99 185
99 193
99 203
99 207
99 212
99 215
99 223
99 226
99 228
99 234
99 246
99 248
100 103
100 110
100 116
100 117
100 127
100 132
100 133
100 137
100 146
100 149
100 150
100 152
100 160
100 182
100 189
100 193
100 194
100 199
100 202
100 205
100 208
100 209
100 213
100 222
100 228
100 232
100 235
100 239
100 243
100 244
100 248
101 114
101 117
101 128
101 142
101 144
101 148
101 155
101 159
101 162
101 163
101 165
101 169
101 175
101 181
101 182
101 183
101 188
101 196
101 198
101 219
101 225
101 228
101 238
101 241
101 246
102 110
102 117
102 118
102 124
102 125
102 134
102 137
102 139
102 140
102 141
102 142
102 147
102 158
102 163
102 167
102 171
102 179
102 184
102 187
102 191
102 194
102 202
102 204
102 215
102 227
102 229
102 230
102 234
102 238
102 247
103 104
103 107
103 110
103 114
103 117
103 119
103 121
103 123
103 125
103 132
103 135
103 140
103 148
103 152
103 155
103 156
103 159
103 174
103 175
103 186
103 196
103 205
103 206
103 207
103 209
103 219
103 223
103 233
103 248
104 109
104 121
104 129
104 142
104 158
104 161
104 171
104 172
104 173
104 174
104 175
104 178
104 186
104 190
104 200
104 207
104 209
104 217
104 220
104 223
104 227
104 228
104 235
104 242
104 247
105 106
105 108
105 109
105 120
105 125
105 132
105 142
105 143
105 144
105 147
105 150
105 152
105 154
105 158
105 159
105 161
105 167
105 168
105 173
105 181
105 183
105 186
105 187
105 192
105 204
105 212
105 215
105 219
105 220
105 230
105 233
105 236
105 237
105 241
105 247
106 117
106 118
106 126
106 129
106 147
106 151
106 158
106 167
106 171
106 173
106 174
106 179
106 182
106 185
106 188
106 215
106 217
106 221
106 222
106 227
106 229
106 230
106 236
106 245
106 246
107 115
107 118
107 121
107 122
107 124
107 125
107 130
107 141
107 146
107 147
107 153
107 155
107 157
107 160
107 163
107 168
107 171
107 177
107 178
107 180
107 181
107 182
107 188
107 196
107 200
107 202
107 204
107 205
107 243
107 245
107 249
108 110
108 123
108 128
108 129
108 132
108 134
108 138
108 139
108 148
108 152
108 153
108 156
108 159
108 173
108 179
108 185
108 186
108 196
108 204
108 206
108 218
108 224
108 230
108 235
108 238
108 242
108 243
109 110
109 116
109 117
109 126
109 127
109 147
109 149
109 152
109 159
109 160
109 166
109 169
109 186
109 187
109 200
109 210
109 211
109 212
109 215
109 217
109 218
109 229
109 234
109 237
109 240
109 245
110 114
110 118
110 119
110 122
110 128
110 133
110 135
110 139
110 142
110 146
110 154
110 156
110 160
110 172
110 182
110 185
110 191
110 195
110 196
110 204
110 206
110 207
110 211
110 215
110 216
110 222
110 236
110 241
110 245
110 247
110 248
111 119
111 128
111 136
111 143
111 144
111 146
111 147
111 151
111 173
111 175
111 179
111 183
111 185
111 187
111 199
111 210
111 211
111 229
111 247
112 113
112 119
112 130
112 134
112 138
112 148
112 152
112 155
112 167
112 170
112 175
112 177
112 179
112 181
112 185
112 196
112 197
112 199
112 215
112 222
112 230
112 235
112 247
113 114
113 119
113 121
113 127
113 128
113 132
113 137
113 144
113 153
113 155
113 174
113 180
113 190
113 193
113 205
113 215
113 218
113 244
114 117
114 127
114 134
114 135
114 136
114 140
114 143
114 149
114 154
114 159
114 161
114 168
114 169
114 187
114 189
114 192
114 198
114 207
114 220
114 223
114 224
114 231
114 236
114 240
115 172
115 176
115 180
115 186
115 193
115 204
115 210
115 216
115 223
115 226
115 230
115 237
115 244
115 245
116 119
116 125
116 126
116 130
116 143
116 152
116 155
116 160
116 163
116 169
116 170
116 172
116 174
116 177
116 180
116 183
116 187
116 197
116 199
116 203
116 215
116 223
116 224
116 225
116 227
116 228
116 229
116 241
117 126
117 130
117 131
117 135
117 138
117 148
117 151
117 152
117 164
117 167
117 169
117 180
117 188
117 195
117 198
117 202
117 213
117 216
117 221
117 222
117 229
117 230
117 232
117 239
117 240
118 121
118 130
118 143
118 144
118 145
118 149
118 151
118 152
118 153
118 154
118 160
118 161
118 162
118 163
118 166
118 180
118 187
118 192
118 201
118 210
118 212
118 215
118 218
118 219
118 226
118 229
118 230
118 234
118 235
118 242
118 247
119 131
119 140
119 143
119 145
119 157
119 163
119 178
119 184
119 186
119 187
119 191
119 197
119 208
119 223
119 227
119 228
119 235
119 236
119 248
120 121
120 133
120 136
120 137
120 141
120 144
120 158
120 159
120 160
120 161
120 163
120 171
120 184
120 193
120 199
120 200
120 201
120 207
120 208
120 211
120 222
120 228
120 229
120 247
120 248
121 130
121 137
121 142
121 155
121 157
121 159
121 188
121 190
121 195
121 200
121 202
121 206
121 215
121 217
121 218
121 219
121 220
121 225
121 228
121 233
122 131
122 140
122 141
122 150
122 155
122 168
122 171
122 175
122 180
122 185
122 199
122 201
122 204
122 207
122 210
122 214
122 216
122 217
122 219
122 221
122 222
122 223
122 237
122 242
122 243
122 246
122 247
123 124
123 130
123 132
123 138
123 157
123 167
123 189
123 197
123 204
123 205
123 213
123 219
123 222
123 228
123 231
123 237
123 238
124 125
124 128
124 134
124 141
124 142
124 144
124 151
124 152
124 161
124 176
124 178
124 179
124 182
124 185
124 186
124 188
124 205
124 213
124 223
124 229
124 234
124 236
124 240
124 242
125 129
125 133
125 134
125 139
125 152
125 155
125 177
125 191
125 201
125 204
125 206
125 209
125 226
125 233
125 235
125 239
126 128
126 132
126 133
126 134
126 136
126 137
126 142
126 146
126 151
126 153
126 156
126 163
126 170
126 179
126 184
126 185
126 186
126 187
126 195
126 196
126 197
126 201
126 203
126 207
126 210
126 215
126 220
126 240
126 241
126 243
127 129
127 131
127 141
127 143
127 144
127 151
127 156
127 159
127 173
127 175
127 178
127 183
127 184
127 188
127 189
127 193
127 201
127 214
127 215
127 218
127 224
127 228
127 230
127 232
127 233
128 129
128 130
128 138
128 164
128 166
128 170
128 171
128 175
128 180
128 182
128 188
128 192
128 194
128 197
128 203
128 208
128 210
128 215
128 217
128 218
128 221
128 226
128 230
128 231
128 237
128 240
129 131
129 132
129 138
129 142
129 144
129 145
129 154
129 156
129 160
129 162
129 164
129 165
129 169
129 182
129 189
129 202
129 207
129 208
129 211
129 225
129 226
129 230
129 234
129 235
129 236
129 237
129 241
129 242
129 244
129 245
130 133
130 137
130 143
130 144
130 145
130 146
130 154
130 156
130 157
130 159
130 171
130 179
130 181
130 189
130 206
130 209
130 213
130 215
130 219
130 222
130 225
130 235
130 237
130 238
130 241
130 242
131 134
131 135
131 141
131 143
131 146
131 147
131 150
131 151
131 153
131 165
131 166
131 172
131 173
131 174
131 176
131 177
131 179
131 183
131 189
131 193
131 203
131 208
131 213
131 214
131 216
131 218
131 221
131 227
131 230
131 232
131 235
131 238
131 244
132 135
132 137
132 142
132 143
132 151
132 153
132 155
132 161
132 172
132 174
132 176
132 179
132 192
132 197
132 202
132 204
132 220
132 231
132 237
132 244
132 249
133 134
133 135
133 136
133 138
133 142
133 146
133 150
133 151
133 153
133 154
133 159
133 165
133 166
133 177
133 181
133 182
133 190
133 209
133 211
133 212
133 216
133 227
133 229
133 233
133 238
133 241
133 242
133 248
134 135
134 141
134 147
134 160
134 175
134 177
134 189
134 190
134 213
134 221
134 228
134 230
134 236
135 136
135 137
135 141
135 144
135 152
135 154
135 159
135 167
135 172
135 175
135 182
135 188
135 192
135 200
135 201
135 204
135 221
135 227
135 229
135 233
135 237
135 238
135 240
135 249
136 138
136 142
136 147
136 149
136 156
136 158
136 159
136 160
136 167
136 172
136 179
136 180
136 182
136 188
136 192
136 195
136 196
136 198
136 203
136 209
136 212
136 214
136 215
136 219
136 229
136 239
136 240
136 248
136 249
137 146
137 152
137 154
137 158
137 162
137 166
137 170
137 171
137 187
137 194
137 202
137 210
137 212
137 224
137 229
137 231
137 235
137 236
137 243
137 245
137 246
137 248
138 143
138 144
138 152
138 154
138 157
138 160
138 168
138 182
138 191
138 193
138 198
138 200
138 203
138 209
138 225
138 235
138 237
138 240
138 246
138 248
138 249
139 144
139 145
139 149
139 154
139 161
139 163
139 165
139 166
139 170
139 175
139 181
139 187
139 191
139 194
139 195
139 200
139 201
139 202
139 203
139 205
139 207
139 215
139 222
139 223
139 226
139 230
139 240
139 242
139 246
139 247
140 153
140 155
140 158
140 161
140 165
140 169
140 185
140 189
140 190
140 192
140 193
140 199
140 202
140 208
140 211
140 212
140 216
140 229
140 231
140 234
140 236
140 239
140 242
140 243
141 146
141 153
141 165
141 168
141 176
141 178
141 181
141 184
141 186
141 187
141 189
141 197
141 198
141 200
141 202
141 214
141 219
141 220
141 224
141 225
141 227
141 230
141 241
141 247
142 147
142 148
142 158
142 163
142 170
142 173
142 176
142 182
142 183
142 198
142 201
142 205
142 206
142 209
142 212
142 214
142 219
142 227
142 228
142 231
142 235
142 241
142 247
142 248
143 145
143 149
143 151
143 152
143 153
143 160
143 162
143 163
143 167
143 168
143 171
143 177
143 180
143 181
143 182
143 185
143 191
143 192
143 206
143 218
143 219
143 221
143 222
143 223
143 233
143 242
143 243
143 245
143 247
144 151
144 154
144 157
144 162
144 163
144 164
144 172
144 176
144 193
144 194
144 195
144 196
144 198
144 206
144 220
144 228
144 230
144 231
144 232
144 233
144 235
144 245
144 249
145 147
145 154
145 171
145 177
145 186
145 197
145 201
145 207
145 215
145 217
145 219
145 222
145 224
145 225
145 228
145 232
145 236
145 241
145 242
145 248
145 249
146 152
146 154
146 156
146 157
146 158
146 168
146 175
146 176
146 178
146 179
146 187
146 188
146 202
146 204
146 207
146 209
146 212
146 214
146 217
146 227
146 240
146 247
146 248
147 152
147 155
147 171
147 174
147 175
147 176
147 177
147 187
147 188
147 189
147 195
147 204
147 211
147 216
147 225
147 229
147 231
147 233
147 237
147 238
147 241
148 152
148 160
148 170
148 190
148 195
148 199
148 203
148 207
148 208
148 209
148 221
148 224
148 227
148 228
148 229
148 230
148 232
148 238
148 242
148 245
149 154
149 155
149 163
149 164
149 172
149 178
149 184
149 186
149 187
149 203
149 205
149 207
149 209
149 217
149 218
149 225
149 226
149 230
149 238
149 242
149 243
149 248
150 157
150 173
150 185
150 194
150 200
150 201
150 214
150 215
150 218
150 220
150 227
150 228
150 230
150 234
150 244
150 245
150 246
151 160
151 164
151 175
151 186
151 191
151 196
151 214
151 216
151 221
151 229
151 235
151 240
151 242
151 248
152 155
152 169
152 177
152 181
152 194
152 196
152 201
152 207
152 208
152 209
152 210
152 219
152 223
152 224
152 229
152 230
152 235
152 242
152 246
152 248
153 164
153 166
153 175
153 184
153 211
153 212
153 215
153 221
153 225
153 229
153 230
153 240
153 244
153 247
154 155
154 168
154 178
154 179
154 188
154 190
154 200
154 215
154 216
154 227
154 230
154 232
154 239
154 242
154 245
155 157
155 162
155 166
155 168
155 171
155 174
155 176
155 190
155 191
155 195
155 204
155 205
155 208
155 209
155 215
155 218
155 226
155 228
155 230
155 232
155 233
155 238
155 241
155 244
155 245
156 157
156 159
156 160
156 168
156 176
156 178
156 181
156 184
156 188
156 189
156 190
156 191
156 198
156 199
156 201
156 212
156 215
156 216
156 217
156 221
156 233
156 237
156 242
157 165
157 176
157 177
157 185
157 186
157 188
157 194
157 196
157 205
157 211
157 214
157 219
157 227
157 228
157 229
157 232
157 239
157 240
157 243
157 248
158 159
158 160
158 166
158 176
158 186
158 197
158 198
158 202
158 203
158 214
158 216
158 217
158 219
158 225
158 230
158 231
158 233
158 238
158 245
158 248
158 249
159 161
159 168
159 177
159 180
159 183
159 184
159 186
159 188
159 193
159 202
159 205
159 222
159 230
159 241
159 243
159 246
160 165
160 182
160 194
160 201
160 202
160 204
160 206
160 212
160 219
160 224
160 229
160 230
160 234
160 237
160 239
160 245
161 167
161 175
161 177
161 178
161 197
161 198
161 200
161 205
161 219
161 223
161 228
161 229
161 234
161 238
161 246
161 249
162 165
162 172
162 181
162 183
162 184
162 188
162 193
162 201
162 205
162 214
162 217
162 219
162 226
162 228
162 235
162 240
162 244
162 246
162 247
163 166
163 167
163 175
163 179
163 196
163 199
163 211
163 226
163 232
163 243
164 170
164 175
164 180
164 183
164 186
164 192
164 194
164 203
164 205
164 208
164 209
164 212
164 218
164 221
164 222
164 224
164 230
164 232
164 233
164 235
165 166
165 167
165 173
165 183
165 187
165 189
165 196
165 200
165 203
165 206
165 216
165 221
165 224
165 225
165 228
165 238
166 179
166 188
166 189
166 190
166 193
166 203
166 205
166 212
166 213
166 221
166 224
166 226
166 231
166 235
166 240
166 241
166 244
166 249
167 170
167 182
167 188
167 191
167 193
167 194
167 197
167 199
167 202
167 205
167 210
167 211
167 213
167 219
167 221
167 225
167 236
167 238
167 240
167 249
168 177
168 193
168 194
168 200
168 202
168 208
168 211
168 223
168 224
168 225
168 227
168 233
168 235
168 242
168 247
168 249
169 172
169 174
169 179
169 184
169 188
169 197
169 206
169 217
169 223
169 226
169 229
169 230
169 235
169 239
170 171
170 173
170 179
170 193
170 194
170 196
170 198
170 200
170 207
170 211
170 215
170 222
170 225
170 228
170 229
170 236
170 239
170 249
171 175
171 179
171 182
171 183
171 184
171 187
171 188
171 190
171 194
171 196
171 199
171 201
171 209
171 214
171 219
171 220
171 221
171 224
171 226
171 231
171 236
171 242
171 246
171 247
171 248
172 177
172 181
172 187
172 193
172 196
172 208
172 212
172 214
172 219
172 221
172 222
172 225
172 233
172 238
172 239
172 240
172 244
172 248
173 184
173 186
173 187
173 189
173 190
173 191
173 192
173 207
173 212
173 224
173 228
173 249
174 181
174 185
174 188
174 194
174 212
174 214
174 217
174 234
174 235
174 236
174 241
174 246
174 249
175 180
175 183
175 191
175 199
175 206
175 207
175 209
175 217
175 219
175 223
175 234
175 236
175 239
175 245
175 248
176 179
176 180
176 185
176 190
176 196
176 198
176 200
176 210
176 222
176 229
176 231
176 235
176 236
176 241
176 246
177 185
177 194
177 200
177 203
177 204
177 211
177 213
177 214
177 219
177 226
177 236
177 238
177 239
177 244
178 182
178 190
178 191
178 193
178 196
178 205
178 213
178 214
178 216
178 227
178 233
178 237
178 240
178 245
179 185
179 192
179 193
179 194
179 197
179 203
179 205
179 207
179 213
179 219
179 223
179 225
179 229
179 235
179 239
179 247
180 182
180 184
180 200
180 203
180 221
180 222
180 229
180 238
180 239
180 240
180 247
181 182
181 190
181 191
181 198
181 199
181 211
181 216
181 217
181 220
181 225
181 233
181 238
181 243
182 199
182 205
182 206
182 216
182 217
182 222
182 231
182 232
182 235
182 241
182 242
182 244
183 188
183 190
183 200
183 201
183 208
183 214
183 217
183 218
183 220
183 221
183 224
183 226
183 228
183 233
183 236
183 239
184 189
184 191
184 196
184 211
184 216
184 217
184 218
184 221
184 222
184 226
184 227
184 235
184 236
184 239
184 243
184 247
185 186
185 187
185 191
185 200
185 209
185 210
185 212
185 216
185 227
185 231
185 240
185 249
186 188
186 192
186 195
186 197
186 202
186 203
186 208
186 209
186 212
186 214
186 218
186 221
186 223
186 229
186 230
186 231
186 232
186 233
186 239
186 241
186 243
186 248
187 201
187 206
187 207
187 211
187 221
187 223
187 224
187 228
187 236
188 194
188 208
188 210
188 213
188 219
189 190
189 199
189 200
189 203
189 207
189 209
189 212
189 219
189 220
189 221
189 223
189 225
189 226
189 234
189 236
189 239
189 241
189 249
190 194
190 195
190 217
190 220
190 225
190 233
190 237
190 240
190 244
190 246
190 247
190 248
190 249
191 199
191 201
191 203
191 204
191 205
191 212
191 223
191 225
191 249
192 194
192 201
192 204
192 223
192 226
192 232
192 234
192 240
192 247
193 194
193 198
193 210
193 218
193 225
193 226
194 195
194 198
194 205
194 212
194 218
194 227
194 229
194 243
195 211
195 213
195 214
195 222
195 227
195 228
195 233
195 234
195 240
195 242
195 243
196 201
196 205
196 213
196 220
196 225
196 229
196 235
196 246
197 198
197 202
197 203
197 206
197 207
197 210
197 211
197 212
197 214
197 217
197 230
197 231
197 238
197 240
197 244
197 249
198 200
198 211
198 224
198 230
198 238
198 248
199 200
199 201
199 205
199 208
199 218
199 219
199 240
199 244
200 201
200 203
200 216
200 222
200 223
200 227
200 228
200 231
200 232
200 234
200 236
200 240
200 241
201 214
201 219
201 223
201 227
201 229
201 230
201 231
201 237
201 241
201 248
202 214
202 228
202 232
202 234
202 235
202 240
203 211
203 215
203 216
203 224
203 227
203 229
203 235
203 244
203 248
204 209
204 214
204 215
204 220
204 223
204 227
204 230
204 239
204 244
204 249
205 207
205 214
205 215
205 216
205 227
205 234
205 240
205 243
205 245
205 246
206 211
206 212
206 213
206 220
206 223
206 226
206 247
207 210
207 221
207 235
207 239
207 242
207 244
208 213
208 215
208 219
208 232
208 233
208 235
208 236
208 238
208 242
208 245
209 210
209 221
209 222
209 229
209 237
209 239
209 245
210 211
210 212
210 224
210 227
210 229
210 237
210 242
210 244
211 226
211 235
211 236
211 237
211 240
211 244
211 246
212 217
212 235
212 241
212 242
212 247
213 219
213 224
213 225
213 230
213 244
213 246
213 247
213 249
214 215
214 217
214 230
214 232
214 235
214 236
214 242
214 245
215 221
215 223
215 231
215 234
215 236
215 238
215 240
215 249
216 217
216 218
216 221
216 230
216 236
216 239
216 244
216 245
216 246
217 229
217 231
217 235
217 248
218 232
218 240
218 243
218 246
219 221
219 222
219 228
219 234
219 239
219 241
219 246
219 248
219 249
220 223
220 238
220 239
220 246
220 248
221 222
221 224
221 229
221 241
221 242
222 229
222 241
222 244
222 247
223 232
223 236
223 238
223 242
224 233
224 234
224 238
224 240
224 243
224 244
224 246
225 233
225 235
225 236
225 239
225 242
226 228
226 230
226 236
226 240
226 241
226 245
227 228
227 229
227 230
227 231
227 232
227 245
228 229
228 234
229 230
229 233
229 244
229 245
229 249
230 232
230 239
230 246
230 248
230 249
231 233
231 238
231 240
231 241
232 233
232 240
232 241
232 243
232 246
232 247
232 248
233 238
233 241
233 245
234 240
234 241
234 246
235 237
235 247
236 240
236 246
237 242
237 243
237 245
239 246
240 245
240 246
240 248
241 244
242 246
243 244
244 245
244 249
245 247
194 52 231 227 70 114 197 63 238 103 32 146 81 245 30 230 145 193 185 151 153 162 113 84 62 112 96 199 89 51 91 23 71 44 154 42 152 1 28 118 171 20 133 177 240 139 74 122 21 244 187 43 160 188 191 56 228 217 168 15 39 33 161 34 170 47 142 101 86 77 195 249 3 55 82
2 13 16 210 232 110 97 18 26 123 60 208 66 88 116 127 218 147 121 179 205 29 40 111 67 181 10 169 4 120 141 35 58 215 156 8 109 224 106 102 19 144 68 65 247 117 85 216 214 158 172 192 83 143 136 241 24 92 167 234 12 159 236 6 69 229 104 175 174 64 206 78 212 196 38
134 173 5 202 9 204 11 189 93 14 222 115 132 100 219 184 233 17 211 73 108 119 124 49 213 80 140 61 239 220 209 41 235 46 131 107 203 180 178 48 95 72 221 226 7 75 198 98 94 125 248 54 200 87 57 45 246 126 105 53 135 201 242 130 50 176 183 36 25 150 76 148 237 79 182
128 138 190 207 186 0 27 164 37 223 155 90 31 59 165 137 166 99 225 22 157 243 149 129 163
