20
99
20
0 2
0 3
0 6
0 11
0 12
0 15
0 16
0 18
0 19
1 2
1 4
1 5
1 6
1 9
1 11
1 12
1 13
1 16
1 17
1 18
2 3
2 6
2 14
2 16
2 18
2 19
3 7
3 8
3 9
3 12
3 13
3 15
3 16
4 5
4 6
4 8
4 9
4 10
4 12
4 14
4 17
4 19
5 6
5 7
5 10
5 12
5 14
5 17
5 18
6 10
6 13
6 15
6 16
6 17
6 18
6 19
7 8
7 9
7 10
7 14
7 15
7 16
7 17
7 19
8 12
8 14
8 15
9 10
9 11
9 13
9 14
9 15
9 18
9 19
10 13
10 14
10 18
10 19
11 12
11 13
11 17
11 18
11 19
12 13
12 14
12 15
12 17
13 15
13 16
13 17
13 18
13 19
14 15
14 16
15 18
15 19
16 18
17 18
17 19
6
10
8
13
18
16
5
9
1
17
19
12
4
3
11
0
7
2
15
14
