100
500
20
0 27
0 51
0 52
0 55
0 57
0 66
0 80
0 87
0 99
1 2
1 12
1 19
1 38
1 69
1 75
1 77
1 98
1 99
2 25
2 31
2 32
2 43
2 56
2 57
2 60
2 71
2 72
2 83
2 93
2 94
3 13
3 30
3 33
3 46
3 51
3 67
3 69
3 75
3 92
4 11
4 15
4 17
4 28
4 34
4 40
4 51
4 66
4 79
4 89
4 91
4 93
4 95
4 98
5 11
5 13
5 17
5 18
5 21
5 25
5 28
5 36
5 43
5 50
5 55
5 71
5 73
6 20
6 48
6 65
6 67
6 79
6 82
7 18
7 23
7 69
7 72
7 73
7 81
7 96
8 27
8 32
8 36
8 46
8 59
8 62
8 74
8 94
8 97
9 30
9 33
9 50
9 51
9 78
9 95
9 98
10 11
10 21
10 27
10 37
10 38
10 56
10 57
10 61
10 74
11 16
11 23
11 32
11 37
11 46
11 53
11 56
11 58
11 62
11 73
11 76
11 87
11 95
12 17
12 24
12 51
12 57
12 62
12 80
13 23
13 25
13 28
13 29
13 41
13 43
13 53
13 79
13 85
14 20
14 32
14 40
14 43
14 45
14 52
14 53
14 55
14 59
14 67
14 71
14 82
14 83
14 86
14 94
14 98
15 16
15 18
15 19
15 22
15 25
15 26
15 52
15 54
15 56
15 59
15 63
15 68
15 75
15 85
16 40
16 42
16 73
16 83
16 84
16 90
16 96
17 23
17 28
17 32
17 35
17 43
17 66
17 72
17 88
18 30
18 31
18 32
18 47
18 69
18 72
18 90
18 92
18 97
18 98
19 22
19 28
19 37
19 53
19 66
19 82
19 88
20 22
20 31
20 32
20 33
20 35
20 56
20 66
20 80
20 81
20 83
20 97
20 99
21 25
21 29
21 30
21 36
21 44
21 46
21 73
21 87
22 27
22 34
22 36
22 37
22 56
22 57
22 61
22 68
22 69
22 74
22 90
22 96
23 39
23 41
23 47
23 56
23 59
23 65
23 87
23 97
24 30
24 32
24 36
24 43
24 45
24 46
24 91
24 98
25 26
25 35
25 51
25 56
25 68
25 74
25 75
25 82
26 35
26 68
26 80
26 94
27 43
27 44
27 56
27 77
27 80
27 84
27 97
28 33
28 38
28 40
28 43
28 53
28 62
28 64
28 65
28 70
28 72
28 76
28 77
28 78
28 89
29 50
29 62
29 80
29 81
29 82
29 99
30 65
30 70
30 83
30 91
30 94
30 98
31 32
31 37
31 84
32 33
32 47
32 58
32 77
32 84
32 85
32 98
32 99
33 39
33 42
33 51
33 75
33 77
33 82
33 83
33 94
34 61
34 79
34 91
35 59
35 72
35 79
36 52
36 54
36 60
36 70
36 71
36 87
36 94
37 53
37 76
37 83
37 84
37 85
38 47
38 56
38 73
39 50
39 63
39 65
39 85
40 44
40 48
40 50
40 62
40 68
40 98
41 50
41 51
41 67
42 48
42 66
42 86
43 47
43 48
43 63
43 76
43 77
44 51
44 55
44 84
44 98
45 50
45 70
45 74
45 80
46 64
46 68
46 70
46 84
46 99
47 54
47 64
47 93
47 99
48 62
48 72
48 76
48 86
48 89
48 94
49 79
49 91
49 98
49 99
50 70
50 75
50 82
50 94
50 96
50 99
51 95
52 53
52 66
52 81
52 89
53 59
53 74
53 76
53 80
53 82
53 83
54 65
54 69
54 78
54 83
55 56
55 59
55 68
55 87
56 59
56 69
56 76
56 78
56 94
56 99
57 72
57 75
57 85
57 89
57 92
58 59
58 70
58 77
58 82
58 85
58 89
58 90
58 96
58 97
59 84
59 87
59 91
60 75
60 91
60 93
61 88
62 79
62 80
62 82
62 92
63 79
63 87
63 92
64 79
64 84
64 90
64 97
65 85
66 73
66 75
66 76
66 77
66 89
66 90
66 91
66 92
67 90
67 91
68 75
68 92
69 73
69 91
69 99
70 76
70 84
71 76
71 88
71 93
71 97
72 77
73 81
73 82
73 93
74 88
74 97
75 83
75 94
75 96
76 88
77 78
77 81
79 80
79 82
79 83
79 84
79 89
81 88
82 89
82 97
82 99
83 84
83 93
83 94
83 95
84 88
84 89
84 96
84 99
85 86
85 93
85 98
86 97
87 89
90 92
90 95
92 99
93 99
94 97
96 98
43 10 85 51 66
8 50 19 96 91
97 70 92 7 20
16 48 90 57 99
78 37 54 28 95
15 77 9 98 24
55 84 34 42 14
68 13 53 75 26
45 80 86 79 30
61 41 81 2 88
87 32 1 11 3
93 52 76 59 71
5 18 69 72 67
39 22 38 23 31
0 82 4 35 74
12 27 65 49 62
6 40 25 56 47
94 29 44 89 21
33 60 36 83 63
73 46 64 17 58
