300
13548
10
0 1
0 7
0 11
0 13
0 19
0 21
0 25
0 26
0 28
0 29
0 40
0 44
0 46
0 47
0 48
0 58
0 64
0 72
0 78
0 82
0 85
0 86
0 87
0 88
0 89
0 90
0 92
0 93
0 94
0 95
0 97
0 98
0 109
0 110
0 112
0 113
0 116
0 120
0 124
0 128
0 129
0 130
0 134
0 135
0 139
0 147
0 149
0 158
0 167
0 169
0 171
0 174
0 177
0 178
0 179
0 180
0 182
0 184
0 185
0 186
0 190
0 191
0 193
0 198
0 208
0 209
0 215
0 216
0 217
0 218
0 220
0 221
0 222
0 223
0 224
0 229
0 239
0 240
0 247
0 248
0 249
0 252
0 258
0 260
0 261
0 264
0 271
0 276
0 279
0 283
0 288
0 298
1 9
1 16
1 17
1 24
1 25
1 34
1 35
1 55
1 62
1 65
1 68
1 76
1 77
1 78
1 87
1 90
1 94
1 108
1 119
1 120
1 122
1 123
1 129
1 143
1 150
1 155
1 156
1 157
1 158
1 161
1 174
1 175
1 179
1 180
1 181
1 182
1 183
1 185
1 189
1 192
1 194
1 199
1 201
1 205
1 207
1 209
1 210
1 211
1 214
1 220
1 222
1 224
1 229
1 230
1 231
1 235
1 246
1 247
1 250
1 252
1 254
1 261
1 262
1 266
1 268
1 269
1 270
1 271
1 275
1 280
1 282
1 288
1 289
1 290
1 294
1 296
2 4
2 11
2 15
2 19
2 20
2 21
2 25
2 26
2 29
2 33
2 34
2 37
2 39
2 41
2 44
2 56
2 57
2 61
2 62
2 63
2 65
2 67
2 71
2 75
2 77
2 79
2 80
2 81
2 91
2 95
2 97
2 99
2 101
2 117
2 118
2 121
2 132
2 133
2 137
2 139
2 141
2 142
2 143
2 144
2 146
2 147
2 148
2 156
2 158
2 161
2 166
2 169
2 173
2 181
2 182
2 185
2 186
2 189
2 194
2 197
2 201
2 208
2 210
2 213
2 217
2 220
2 235
2 236
2 241
2 245
2 248
2 253
2 259
2 260
2 266
2 273
2 279
2 280
2 296
3 5
3 7
3 15
3 21
3 27
3 29
3 30
3 31
3 32
3 35
3 39
3 45
3 47
3 53
3 56
3 58
3 59
3 60
3 65
3 66
3 72
3 73
3 78
3 81
3 85
3 86
3 90
3 93
3 95
3 99
3 106
3 110
3 111
3 112
3 114
3 117
3 118
3 120
3 134
3 147
3 153
3 154
3 157
3 159
3 160
3 163
3 164
3 167
3 170
3 176
3 177
3 179
3 187
3 188
3 198
3 199
3 200
3 203
3 205
3 206
3 208
3 211
3 218
3 220
3 221
3 222
3 228
3 234
3 236
3 237
3 238
3 241
3 242
3 243
3 244
3 245
3 246
3 247
3 249
3 257
3 259
3 262
3 265
3 268
3 271
3 272
3 279
3 280
3 284
3 285
3 290
3 299
4 10
4 18
4 26
4 28
4 31
4 33
4 37
4 40
4 48
4 53
4 54
4 58
4 63
4 68
4 72
4 81
4 92
4 95
4 98
4 99
4 104
4 107
4 115
4 121
4 123
4 124
4 127
4 130
4 133
4 135
4 136
4 142
4 144
4 146
4 149
4 150
4 151
4 155
4 157
4 159
4 161
4 170
4 171
4 179
4 181
4 185
4 186
4 190
4 192
4 197
4 198
4 202
4 203
4 207
4 212
4 215
4 216
4 221
4 225
4 226
4 231
4 232
4 233
4 234
4 237
4 251
4 257
4 263
4 264
4 266
4 270
4 272
4 280
4 283
4 288
4 292
4 293
4 294
5 7
5 10
5 18
5 26
5 27
5 34
5 35
5 36
5 38
5 42
5 43
5 48
5 52
5 53
5 54
5 56
5 64
5 66
5 73
5 74
5 85
5 88
5 90
5 92
5 96
5 102
5 104
5 105
5 107
5 108
5 119
5 122
5 124
5 125
5 127
5 129
5 130
5 133
5 134
5 135
5 139
5 142
5 143
5 154
5 155
5 160
5 162
5 168
5 171
5 172
5 179
5 188
5 191
5 197
5 201
5 202
5 207
5 211
5 212
5 215
5 222
5 225
5 227
5 228
5 230
5 231
5 234
5 240
5 243
5 245
5 246
5 247
5 250
5 251
5 254
5 255
5 256
5 257
5 262
5 273
5 290
5 292
5 293
5 294
5 296
5 297
6 11
6 14
6 16
6 21
6 25
6 29
6 36
6 37
6 38
6 39
6 51
6 53
6 55
6 60
6 61
6 67
6 68
6 72
6 78
6 86
6 98
6 104
6 108
6 109
6 110
6 114
6 116
6 117
6 122
6 127
6 128
6 131
6 134
6 138
6 140
6 141
6 142
6 144
6 150
6 154
6 158
6 159
6 162
6 163
6 165
6 167
6 170
6 171
6 172
6 173
6 175
6 178
6 187
6 190
6 191
6 197
6 201
6 202
6 206
6 207
6 212
6 221
6 225
6 231
6 232
6 234
6 238
6 239
6 240
6 243
6 247
6 250
6 253
6 255
6 263
6 269
6 275
6 276
6 278
6 279
6 281
6 284
6 289
6 290
6 293
6 295
7 10
7 12
7 16
7 27
7 28
7 33
7 36
7 42
7 44
7 46
7 51
7 56
7 57
7 60
7 63
7 68
7 73
7 76
7 81
7 84
7 86
7 87
7 88
7 90
7 99
7 101
7 103
7 105
7 106
7 108
7 109
7 111
7 118
7 124
7 126
7 128
7 130
7 134
7 136
7 137
7 138
7 139
7 140
7 141
7 146
7 147
7 149
7 152
7 156
7 161
7 163
7 166
7 170
7 173
7 178
7 180
7 183
7 186
7 187
7 188
7 189
7 192
7 197
7 202
7 206
7 210
7 212
7 220
7 225
7 233
7 234
7 236
7 237
7 239
7 242
7 244
7 251
7 256
7 258
7 260
7 263
7 264
7 265
7 267
7 268
7 269
7 276
7 277
7 283
7 288
7 289
7 291
7 292
8 11
8 12
8 14
8 19
8 22
8 25
8 31
8 38
8 40
8 42
8 46
8 50
8 52
8 55
8 56
8 60
8 65
8 72
8 74
8 79
8 80
8 83
8 84
8 86
8 96
8 97
8 103
8 111
8 117
8 118
8 125
8 126
8 130
8 136
8 141
8 142
8 143
8 146
8 148
8 154
8 155
8 156
8 160
8 164
8 171
8 173
8 174
8 182
8 192
8 199
8 201
8 204
8 205
8 207
8 208
8 214
8 217
8 222
8 223
8 228
8 231
8 234
8 240
8 243
8 244
8 247
8 250
8 253
8 258
8 259
8 265
8 271
8 273
8 280
8 284
8 294
8 295
8 298
8 299
9 11
9 14
9 21
9 22
9 23
9 34
9 36
9 43
9 47
9 49
9 52
9 53
9 56
9 59
9 60
9 69
9 70
9 71
9 74
9 81
9 83
9 88
9 94
9 96
9 99
9 101
9 102
9 103
9 114
9 120
9 121
9 122
9 124
9 138
9 141
9 143
9 148
9 149
9 150
9 158
9 159
9 161
9 162
9 163
9 165
9 170
9 171
9 175
9 177
9 179
9 181
9 183
9 184
9 191
9 197
9 201
9 204
9 205
9 206
9 208
9 209
9 210
9 212
9 215
9 218
9 222
9 227
9 228
9 229
9 232
9 240
9 243
9 247
9 250
9 258
9 259
9 260
9 261
9 265
9 273
9 274
9 275
9 276
9 277
9 278
9 280
9 282
9 285
9 286
9 287
9 288
9 290
9 293
9 294
9 295
10 13
10 15
10 17
10 19
10 26
10 30
10 31
10 33
10 34
10 37
10 39
10 41
10 49
10 52
10 54
10 55
10 59
10 64
10 66
10 71
10 81
10 87
10 97
10 101
10 106
10 108
10 115
10 116
10 128
10 131
10 134
10 135
10 139
10 141
10 144
10 147
10 149
10 156
10 157
10 160
10 161
10 162
10 165
10 169
10 170
10 171
10 172
10 173
10 175
10 177
10 179
10 185
10 191
10 192
10 196
10 200
10 201
10 206
10 207
10 211
10 212
10 213
10 214
10 224
10 225
10 231
10 234
10 235
10 239
10 242
10 249
10 257
10 259
10 266
10 271
10 272
10 273
10 274
10 280
10 283
10 286
10 292
10 295
10 299
11 13
11 15
11 18
11 19
11 28
11 29
11 31
11 34
11 35
11 37
11 44
11 45
11 49
11 50
11 53
11 55
11 56
11 65
11 69
11 71
11 78
11 94
11 97
11 98
11 101
11 102
11 111
11 112
11 115
11 119
11 120
11 123
11 124
11 125
11 127
11 130
11 132
11 134
11 135
11 141
11 144
11 147
11 150
11 152
11 159
11 161
11 170
11 177
11 182
11 184
11 192
11 196
11 197
11 202
11 205
11 209
11 217
11 218
11 220
11 221
11 226
11 231
11 236
11 237
11 240
11 241
11 248
11 249
11 251
11 253
11 254
11 257
11 258
11 267
11 270
11 272
11 273
11 277
11 280
11 282
11 285
11 287
11 288
12 18
12 24
12 26
12 27
12 32
12 34
12 41
12 48
12 56
12 61
12 63
12 66
12 72
12 79
12 83
12 87
12 88
12 90
12 91
12 92
12 97
12 109
12 116
12 119
12 122
12 124
12 126
12 129
12 130
12 133
12 136
12 138
12 139
12 140
12 144
12 147
12 150
12 151
12 153
12 160
12 165
12 166
12 170
12 180
12 181
12 185
12 187
12 192
12 196
12 197
12 198
12 201
12 202
12 204
12 208
12 209
12 211
12 213
12 214
12 215
12 225
12 226
12 227
12 228
12 231
12 237
12 239
12 245
12 250
12 254
12 255
12 257
12 260
12 261
12 262
12 268
12 280
12 282
12 285
12 287
12 289
12 294
12 298
13 17
13 24
13 29
13 31
13 34
13 37
13 39
13 41
13 43
13 45
13 51
13 52
13 56
13 60
13 62
13 64
13 72
13 74
13 75
13 78
13 81
13 82
13 87
13 88
13 91
13 95
13 96
13 100
13 102
13 106
13 107
13 108
13 110
13 111
13 114
13 116
13 119
13 124
13 128
13 131
13 134
13 138
13 139
13 141
13 142
13 146
13 147
13 149
13 152
13 158
13 161
13 162
13 166
13 169
13 171
13 178
13 181
13 182
13 183
13 185
13 189
13 190
13 196
13 198
13 199
13 203
13 208
13 210
13 211
13 216
13 223
13 229
13 230
13 231
13 234
13 235
13 240
13 241
13 246
13 249
13 254
13 256
13 258
13 261
13 265
13 268
13 270
13 272
13 274
13 276
13 278
13 280
13 281
13 284
13 288
13 289
13 293
13 297
14 24
14 26
14 27
14 33
14 37
14 39
14 46
14 57
14 59
14 62
14 65
14 75
14 79
14 83
14 84
14 87
14 89
14 95
14 99
14 103
14 106
14 127
14 128
14 131
14 134
14 137
14 142
14 144
14 147
14 150
14 155
14 158
14 165
14 166
14 169
14 173
14 175
14 178
14 180
14 182
14 184
14 187
14 188
14 189
14 192
14 194
14 196
14 199
14 200
14 202
14 204
14 205
14 207
14 210
14 212
14 216
14 219
14 220
14 222
14 227
14 228
14 229
14 232
14 237
14 239
14 241
14 242
14 243
14 245
14 248
14 250
14 253
14 257
14 263
14 265
14 272
14 275
14 280
14 281
14 282
14 286
14 288
14 291
14 294
15 16
15 40
15 41
15 44
15 47
15 48
15 49
15 53
15 57
15 61
15 62
15 63
15 64
15 66
15 76
15 78
15 84
15 95
15 96
15 98
15 100
15 105
15 106
15 110
15 112
15 114
15 115
15 121
15 126
15 130
15 133
15 134
15 137
15 139
15 140
15 142
15 143
15 146
15 148
15 151
15 152
15 156
15 161
15 166
15 167
15 168
15 171
15 173
15 177
15 179
15 181
15 184
15 186
15 187
15 188
15 197
15 205
15 207
15 208
15 216
15 218
15 219
15 222
15 225
15 228
15 230
15 231
15 234
15 241
15 242
15 249
15 251
15 266
15 268
15 270
15 277
15 278
15 279
15 280
15 281
15 284
15 287
15 290
15 292
15 298
16 17
16 19
16 24
16 25
16 28
16 29
16 31
16 44
16 45
16 46
16 49
16 50
16 51
16 52
16 54
16 55
16 58
16 60
16 64
16 65
16 72
16 74
16 77
16 79
16 81
16 88
16 91
16 99
16 107
16 109
16 112
16 117
16 118
16 122
16 123
16 125
16 126
16 131
16 136
16 137
16 139
16 140
16 141
16 142
16 145
16 146
16 149
16 151
16 153
16 160
16 163
16 166
16 168
16 169
16 170
16 172
16 173
16 176
16 180
16 188
16 189
16 195
16 196
16 198
16 205
16 211
16 213
16 214
16 218
16 219
16 227
16 228
16 240
16 241
16 244
16 245
16 249
16 250
16 262
16 264
16 265
16 266
16 271
16 272
16 274
16 275
16 276
16 278
16 283
16 291
16 292
17 24
17 28
17 32
17 33
17 36
17 38
17 39
17 50
17 51
17 54
17 59
17 60
17 74
17 78
17 83
17 85
17 86
17 87
17 91
17 92
17 94
17 99
17 102
17 111
17 125
17 126
17 129
17 133
17 137
17 143
17 146
17 157
17 158
17 161
17 163
17 165
17 167
17 178
17 181
17 188
17 191
17 193
17 194
17 195
17 196
17 200
17 204
17 207
17 209
17 212
17 219
17 224
17 227
17 229
17 234
17 236
17 246
17 255
17 256
17 265
17 266
17 268
17 269
17 270
17 273
17 275
17 277
17 281
17 286
17 287
17 288
17 289
17 290
17 293
17 294
17 295
17 298
17 299
18 20
18 21
18 22
18 26
18 27
18 30
18 33
18 37
18 40
18 43
18 46
18 53
18 54
18 57
18 63
18 66
18 69
18 72
18 73
18 78
18 83
18 85
18 86
18 88
18 93
18 101
18 106
18 109
18 110
18 114
18 116
18 124
18 128
18 138
18 139
18 142
18 145
18 152
18 154
18 157
18 163
18 166
18 168
18 169
18 170
18 172
18 176
18 181
18 182
18 185
18 190
18 192
18 195
18 198
18 199
18 204
18 205
18 208
18 209
18 212
18 214
18 221
18 226
18 228
18 229
18 231
18 233
18 234
18 237
18 245
18 250
18 252
18 254
18 259
18 264
18 266
18 269
18 277
18 278
18 289
18 291
18 296
19 20
19 30
19 36
19 37
19 49
19 53
19 58
19 63
19 64
19 69
19 73
19 74
19 79
19 81
19 86
19 87
19 88
19 92
19 93
19 95
19 96
19 97
19 112
19 116
19 118
19 119
19 124
19 127
19 130
19 132
19 133
19 137
19 142
19 148
19 149
19 150
19 151
19 153
19 154
19 155
19 157
19 161
19 165
19 168
19 175
19 178
19 179
19 185
19 187
19 188
19 191
19 194
19 199
19 200
19 205
19 207
19 210
19 212
19 218
19 226
19 228
19 229
19 230
19 232
19 234
19 241
19 245
19 248
19 251
19 257
19 262
19 265
19 266
19 268
19 270
19 272
19 275
19 276
19 279
19 281
19 282
19 283
19 286
19 287
19 292
19 296
19 297
20 23
20 24
20 25
20 30
20 38
20 41
20 44
20 49
20 52
20 57
20 58
20 59
20 61
20 64
20 69
20 70
20 84
20 89
20 90
20 91
20 95
20 98
20 100
20 101
20 104
20 113
20 117
20 119
20 120
20 124
20 129
20 132
20 136
20 138
20 142
20 143
20 144
20 151
20 152
20 158
20 159
20 162
20 164
20 165
20 170
20 171
20 174
20 176
20 177
20 178
20 179
20 183
20 186
20 187
20 188
20 189
20 191
20 192
20 195
20 196
20 197
20 198
20 199
20 200
20 208
20 213
20 217
20 219
20 221
20 222
20 223
20 228
20 230
20 234
20 243
20 246
20 251
20 252
20 255
20 256
20 257
20 258
20 259
20 260
20 264
20 265
20 280
20 284
20 285
20 287
20 288
20 297
21 22
21 23
21 24
21 26
21 27
21 31
21 35
21 36
21 37
21 39
21 41
21 43
21 48
21 49
21 50
21 54
21 63
21 64
21 70
21 72
21 77
21 82
21 86
21 92
21 96
21 97
21 99
21 100
21 102
21 103
21 109
21 112
21 115
21 118
21 120
21 125
21 129
21 130
21 131
21 134
21 147
21 150
21 157
21 161
21 163
21 165
21 166
21 167
21 168
21 173
21 174
21 181
21 182
21 184
21 186
21 196
21 201
21 202
21 204
21 205
21 208
21 212
21 214
21 222
21 228
21 229
21 230
21 231
21 233
21 239
21 243
21 244
21 250
21 255
21 258
21 260
21 261
21 262
21 270
21 272
21 275
21 276
21 277
21 280
21 284
21 287
21 296
22 23
22 24
22 25
22 28
22 29
22 31
22 36
22 37
22 43
22 44
22 49
22 50
22 56
22 60
22 61
22 66
22 72
22 82
22 83
22 85
22 86
22 87
22 88
22 89
22 90
22 102
22 105
22 106
22 108
22 109
22 113
22 114
22 117
22 120
22 121
22 124
22 125
22 140
22 142
22 148
22 150
22 160
22 163
22 164
22 168
22 169
22 170
22 176
22 178
22 180
22 186
22 187
22 188
22 190
22 195
22 196
22 198
22 199
22 201
22 202
22 206
22 210
22 212
22 215
22 218
22 223
22 226
22 228
22 235
22 239
22 245
22 247
22 250
22 257
22 259
22 263
22 264
22 265
22 266
22 277
22 279
22 280
22 282
22 291
22 292
22 293
22 294
22 295
22 296
22 298
23 26
23 30
23 37
23 46
23 52
23 60
23 61
23 68
23 70
23 72
23 81
23 89
23 90
23 91
23 97
23 103
23 104
23 105
23 107
23 109
23 111
23 113
23 115
23 121
23 123
23 131
23 135
23 138
23 139
23 140
23 144
23 145
23 150
23 152
23 155
23 157
23 159
23 162
23 167
23 183
23 192
23 195
23 197
23 198
23 200
23 204
23 206
23 207
23 213
23 214
23 216
23 219
23 221
23 224
23 230
23 232
23 233
23 235
23 237
23 238
23 245
23 249
23 250
23 251
23 254
23 255
23 259
23 260
23 261
23 262
23 263
23 266
23 267
23 275
23 280
23 282
23 287
23 293
23 294
24 25
24 26
24 28
24 30
24 34
24 37
24 38
24 40
24 43
24 44
24 46
24 47
24 49
24 50
24 53
24 56
24 62
24 63
24 67
24 69
24 73
24 75
24 82
24 87
24 92
24 99
24 104
24 105
24 106
24 110
24 112
24 113
24 115
24 122
24 124
24 126
24 135
24 137
24 138
24 143
24 147
24 149
24 151
24 152
24 155
24 156
24 157
24 166
24 172
24 176
24 179
24 183
24 184
24 189
24 191
24 195
24 196
24 200
24 201
24 202
24 205
24 206
24 211
24 217
24 219
24 220
24 223
24 229
24 232
24 239
24 240
24 244
24 246
24 249
24 250
24 251
24 252
24 262
24 263
24 266
24 268
24 270
24 274
24 275
24 277
24 279
24 282
24 283
24 288
24 293
24 294
24 295
24 296
24 298
24 299
25 31
25 36
25 38
25 41
25 45
25 47
25 54
25 57
25 58
25 62
25 64
25 67
25 76
25 77
25 80
25 81
25 86
25 93
25 96
25 99
25 104
25 105
25 106
25 109
25 113
25 115
25 116
25 118
25 119
25 125
25 128
25 129
25 135
25 136
25 140
25 143
25 149
25 150
25 153
25 156
25 158
25 163
25 166
25 168
25 170
25 171
25 182
25 184
25 187
25 188
25 189
25 191
25 193
25 196
25 197
25 200
25 201
25 202
25 216
25 222
25 226
25 228
25 235
25 237
25 238
25 242
25 246
25 249
25 250
25 251
25 254
25 266
25 268
25 270
25 284
25 285
25 290
25 293
25 295
25 296
26 27
26 32
26 33
26 37
26 38
26 41
26 46
26 49
26 52
26 53
26 54
26 57
26 59
26 60
26 61
26 64
26 65
26 66
26 67
26 77
26 80
26 83
26 87
26 91
26 99
26 101
26 102
26 109
26 112
26 113
26 116
26 118
26 120
26 121
26 127
26 128
26 134
26 135
26 136
26 140
26 144
26 146
26 149
26 150
26 153
26 154
26 156
26 157
26 160
26 163
26 164
26 165
26 168
26 170
26 172
26 173
26 183
26 188
26 192
26 197
26 198
26 200
26 203
26 204
26 205
26 206
26 210
26 214
26 224
26 226
26 227
26 233
26 235
26 239
26 241
26 246
26 248
26 250
26 252
26 258
26 260
26 261
26 267
26 268
26 269
26 274
26 275
26 278
26 281
26 283
26 286
26 287
26 288
26 290
27 28
27 29
27 35
27 42
27 44
27 48
27 49
27 53
27 57
27 69
27 74
27 79
27 81
27 84
27 86
27 88
27 91
27 92
27 93
27 95
27 99
27 102
27 103
27 105
27 107
27 112
27 118
27 119
27 130
27 132
27 134
27 136
27 138
27 139
27 141
27 145
27 146
27 150
27 152
27 154
27 159
27 161
27 166
27 167
27 175
27 176
27 177
27 178
27 181
27 184
27 189
27 190
27 193
27 207
27 208
27 212
27 213
27 222
27 225
27 226
27 228
27 229
27 230
27 236
27 238
27 239
27 241
27 243
27 244
27 246
27 249
27 250
27 253
27 258
27 260
27 263
27 265
27 268
27 271
27 272
27 282
27 284
27 289
27 290
27 293
27 295
27 298
28 30
28 40
28 46
28 47
28 50
28 52
28 53
28 54
28 58
28 59
28 60
28 67
28 71
28 75
28 76
28 78
28 85
28 86
28 88
28 92
28 98
28 101
28 102
28 104
28 108
28 111
28 114
28 117
28 118
28 123
28 125
28 128
28 129
28 134
28 136
28 145
28 148
28 150
28 152
28 154
28 155
28 160
28 174
28 176
28 177
28 178
28 185
28 187
28 194
28 199
28 201
28 203
28 206
28 208
28 209
28 210
28 212
28 214
28 218
28 222
28 223
28 229
28 230
28 234
28 237
28 246
28 254
28 255
28 260
28 262
28 265
28 266
28 269
28 272
28 273
28 276
28 287
28 288
28 289
28 291
28 293
28 297
28 298
29 30
29 31
29 37
29 39
29 42
29 47
29 52
29 54
29 60
29 64
29 68
29 70
29 72
29 73
29 74
29 76
29 77
29 78
29 81
29 84
29 88
29 95
29 98
29 102
29 112
29 115
29 116
29 118
29 121
29 122
29 124
29 128
29 130
29 134
29 138
29 145
29 147
29 150
29 154
29 160
29 164
29 168
29 169
29 172
29 175
29 177
29 180
29 187
29 188
29 192
29 194
29 195
29 199
29 205
29 211
29 217
29 218
29 222
29 229
29 231
29 234
29 237
29 240
29 245
29 246
29 251
29 252
29 256
29 260
29 263
29 267
29 272
29 275
29 280
29 284
29 285
29 291
29 294
29 297
30 31
30 32
30 35
30 42
30 43
30 44
30 46
30 49
30 50
30 60
30 63
30 66
30 67
30 70
30 71
30 78
30 83
30 84
30 94
30 97
30 104
30 107
30 108
30 109
30 113
30 116
30 117
30 133
30 134
30 136
30 138
30 140
30 143
30 145
30 147
30 150
30 156
30 162
30 163
30 167
30 174
30 175
30 176
30 177
30 180
30 184
30 187
30 188
30 194
30 195
30 196
30 197
30 202
30 206
30 208
30 209
30 214
30 216
30 219
30 223
30 224
30 226
30 227
30 230
30 232
30 233
30 234
30 237
30 238
30 239
30 241
30 244
30 246
30 247
30 248
30 252
30 254
30 256
30 257
30 260
30 261
30 262
30 267
30 270
30 283
30 285
30 288
30 293
30 296
30 298
31 33
31 34
31 35
31 36
31 43
31 48
31 49
31 58
31 63
31 64
31 65
31 71
31 75
31 76
31 78
31 81
31 83
31 84
31 91
31 94
31 99
31 100
31 104
31 105
31 107
31 112
31 113
31 118
31 119
31 128
31 131
31 132
31 133
31 140
31 142
31 143
31 145
31 152
31 155
31 156
31 162
31 163
31 165
31 168
31 172
31 173
31 176
31 180
31 184
31 186
31 188
31 192
31 194
31 197
31 199
31 201
31 202
31 205
31 206
31 207
31 212
31 216
31 222
31 223
31 224
31 225
31 229
31 230
31 231
31 232
31 235
31 241
31 244
31 248
31 256
31 260
31 262
31 264
31 265
31 267
31 268
31 269
31 272
31 273
31 275
31 276
31 281
31 283
31 293
31 296
32 36
32 38
32 43
32 46
32 47
32 58
32 63
32 70
32 71
32 73
32 80
32 84
32 85
32 88
32 89
32 91
32 92
32 94
32 96
32 101
32 109
32 112
32 113
32 115
32 119
32 124
32 128
32 129
32 132
32 136
32 142
32 145
32 146
32 147
32 149
32 151
32 152
32 153
32 154
32 155
32 162
32 164
32 169
32 172
32 173
32 179
32 180
32 181
32 184
32 193
32 198
32 205
32 206
32 208
32 211
32 218
32 219
32 221
32 225
32 229
32 242
32 243
32 244
32 247
32 251
32 257
32 259
32 260
32 262
32 263
32 264
32 265
32 274
32 277
32 279
32 285
32 287
32 294
32 295
32 296
32 298
32 299
33 37
33 38
33 42
33 43
33 47
33 51
33 52
33 56
33 57
33 61
33 64
33 73
33 74
33 79
33 85
33 88
33 89
33 90
33 93
33 95
33 100
33 101
33 102
33 105
33 106
33 107
33 109
33 110
33 113
33 114
33 115
33 116
33 118
33 121
33 122
33 126
33 128
33 135
33 149
33 151
33 155
33 168
33 170
33 175
33 177
33 178
33 183
33 187
33 192
33 198
33 200
33 206
33 210
33 213
33 219
33 221
33 224
33 225
33 227
33 228
33 229
33 233
33 236
33 247
33 249
33 257
33 262
33 266
33 270
33 272
33 273
33 275
33 276
33 277
33 279
33 280
33 281
33 289
33 296
34 35
34 41
34 42
34 43
34 50
34 53
34 54
34 57
34 59
34 61
34 64
34 66
34 67
34 70
34 72
34 73
34 75
34 78
34 81
34 83
34 87
34 92
34 95
34 100
34 101
34 102
34 105
34 116
34 118
34 121
34 123
34 134
34 137
34 139
34 140
34 142
34 144
34 155
34 157
34 158
34 159
34 160
34 162
34 165
34 167
34 168
34 182
34 187
34 188
34 191
34 200
34 202
34 203
34 204
34 205
34 207
34 210
34 213
34 215
34 217
34 218
34 221
34 225
34 227
34 228
34 229
34 230
34 237
34 240
34 246
34 247
34 252
34 257
34 264
34 265
34 266
34 269
34 271
34 273
34 281
34 282
34 287
34 291
34 292
35 37
35 38
35 41
35 45
35 48
35 49
35 53
35 56
35 64
35 69
35 72
35 73
35 74
35 75
35 76
35 83
35 84
35 85
35 90
35 98
35 99
35 100
35 101
35 102
35 103
35 106
35 111
35 112
35 114
35 117
35 120
35 121
35 124
35 128
35 131
35 133
35 148
35 150
35 152
35 155
35 160
35 166
35 174
35 178
35 186
35 188
35 192
35 203
35 208
35 211
35 212
35 214
35 216
35 219
35 222
35 228
35 229
35 232
35 233
35 236
35 237
35 238
35 239
35 240
35 243
35 244
35 245
35 253
35 260
35 261
35 264
35 266
35 269
35 271
35 274
35 276
35 277
35 280
35 281
35 282
35 284
35 286
35 287
35 288
35 290
35 291
35 296
35 299
36 38
36 48
36 50
36 55
36 58
36 63
36 65
36 71
36 75
36 76
36 77
36 78
36 81
36 88
36 96
36 98
36 101
36 108
36 111
36 113
36 114
36 116
36 121
36 122
36 124
36 125
36 129
36 135
36 138
36 140
36 143
36 148
36 150
36 151
36 155
36 159
36 160
36 161
36 162
36 163
36 164
36 165
36 166
36 168
36 176
36 177
36 179
36 180
36 181
36 183
36 188
36 189
36 191
36 192
36 193
36 200
36 205
36 209
36 212
36 213
36 225
36 226
36 230
36 232
36 233
36 240
36 243
36 247
36 248
36 250
36 251
36 256
36 263
36 265
36 266
36 269
36 294
36 295
36 296
37 41
37 42
37 43
37 44
37 49
37 51
37 52
37 55
37 58
37 62
37 63
37 67
37 73
37 75
37 76
37 79
37 82
37 83
37 84
37 85
37 87
37 88
37 90
37 92
37 96
37 97
37 99
37 100
37 102
37 109
37 110
37 112
37 122
37 124
37 127
37 133
37 134
37 141
37 143
37 147
37 151
37 159
37 162
37 166
37 170
37 172
37 173
37 192
37 196
37 198
37 199
37 204
37 205
37 208
37 209
37 213
37 214
37 215
37 218
37 219
37 220
37 232
37 234
37 238
37 244
37 247
37 250
37 251
37 255
37 257
37 261
37 272
37 274
37 275
37 277
37 278
37 279
37 282
37 286
37 288
37 294
37 296
37 298
37 299
38 39
38 43
38 45
38 46
38 49
38 50
38 51
38 52
38 60
38 62
38 64
38 66
38 68
38 69
38 72
38 75
38 79
38 81
38 83
38 94
38 95
38 102
38 104
38 109
38 112
38 119
38 125
38 129
38 141
38 142
38 143
38 147
38 156
38 158
38 162
38 166
38 174
38 178
38 179
38 184
38 189
38 194
38 200
38 201
38 202
38 204
38 216
38 217
38 218
38 221
38 228
38 234
38 238
38 239
38 243
38 249
38 251
38 252
38 253
38 254
38 255
38 257
38 260
38 271
38 272
38 280
38 282
38 284
38 286
38 287
38 290
38 292
38 298
39 40
39 42
39 44
39 45
39 46
39 47
39 49
39 50
39 59
39 61
39 64
39 67
39 68
39 69
39 70
39 72
39 76
39 79
39 81
39 84
39 85
39 87
39 90
39 91
39 94
39 99
39 102
39 103
39 108
39 109
39 111
39 113
39 115
39 119
39 120
39 123
39 132
39 134
39 135
39 136
39 138
39 139
39 140
39 149
39 154
39 160
39 165
39 174
39 176
39 180
39 185
39 186
39 191
39 192
39 193
39 194
39 196
39 197
39 204
39 205
39 207
39 218
39 219
39 223
39 225
39 235
39 240
39 241
39 242
39 245
39 247
39 248
39 249
39 250
39 254
39 257
39 259
39 261
39 265
39 269
39 271
39 272
39 278
39 280
39 281
39 286
39 287
39 288
39 291
39 295
39 297
40 41
40 42
40 48
40 51
40 54
40 59
40 66
40 71
40 72
40 76
40 77
40 79
40 84
40 85
40 89
40 91
40 92
40 93
40 96
40 98
40 99
40 102
40 106
40 110
40 126
40 133
40 134
40 136
40 140
40 145
40 148
40 151
40 160
40 162
40 164
40 166
40 180
40 185
40 186
40 187
40 188
40 194
40 195
40 204
40 209
40 213
40 221
40 222
40 224
40 225
40 226
40 228
40 232
40 239
40 240
40 242
40 244
40 245
40 246
40 254
40 262
40 263
40 266
40 268
40 282
40 286
40 294
40 295
40 296
41 44
41 52
41 53
41 55
41 59
41 61
41 63
41 65
41 66
41 70
41 71
41 78
41 82
41 85
41 89
41 92
41 93
41 94
41 95
41 98
41 99
41 106
41 107
41 109
41 111
41 115
41 116
41 118
41 119
41 120
41 125
41 126
41 127
41 130
41 131
41 141
41 151
41 155
41 156
41 165
41 178
41 185
41 186
41 192
41 196
41 201
41 202
41 208
41 215
41 224
41 227
41 229
41 233
41 235
41 236
41 242
41 244
41 259
41 266
41 267
41 274
41 285
41 289
41 290
41 292
41 293
41 294
41 297
41 298
42 46
42 49
42 51
42 53
42 55
42 61
42 64
42 68
42 71
42 74
42 79
42 93
42 98
42 103
42 108
42 109
42 110
42 117
42 118
42 119
42 120
42 122
42 124
42 126
42 130
42 136
42 141
42 142
42 144
42 145
42 146
42 148
42 152
42 153
42 158
42 159
42 167
42 170
42 173
42 177
42 178
42 179
42 180
42 181
42 182
42 183
42 188
42 189
42 195
42 196
42 197
42 200
42 201
42 205
42 207
42 208
42 211
42 212
42 215
42 222
42 224
42 228
42 231
42 233
42 234
42 235
42 236
42 239
42 240
42 242
42 249
42 252
42 254
42 257
42 259
42 262
42 268
42 273
42 279
42 280
42 283
42 286
42 288
42 290
42 291
42 294
42 297
43 44
43 45
43 47
43 50
43 53
43 55
43 61
43 63
43 64
43 66
43 70
43 71
43 76
43 82
43 84
43 85
43 89
43 94
43 95
43 102
43 109
43 111
43 114
43 116
43 117
43 131
43 134
43 137
43 138
43 139
43 143
43 147
43 149
43 153
43 156
43 157
43 159
43 162
43 163
43 166
43 167
43 174
43 176
43 178
43 180
43 186
43 189
43 190
43 192
43 198
43 200
43 202
43 203
43 205
43 208
43 210
43 214
43 216
43 219
43 221
43 222
43 226
43 227
43 230
43 234
43 235
43 236
43 237
43 240
43 241
43 242
43 243
43 248
43 251
43 252
43 258
43 260
43 262
43 265
43 268
43 270
43 271
43 273
43 274
43 275
43 288
43 293
43 295
43 298
44 45
44 47
44 50
44 66
44 68
44 69
44 73
44 74
44 82
44 84
44 86
44 89
44 95
44 99
44 100
44 102
44 107
44 112
44 114
44 116
44 117
44 119
44 120
44 121
44 127
44 134
44 143
44 145
44 146
44 148
44 150
44 154
44 155
44 160
44 162
44 169
44 170
44 172
44 179
44 182
44 185
44 188
44 193
44 197
44 199
44 205
44 207
44 208
44 215
44 217
44 220
44 221
44 223
44 225
44 236
44 237
44 240
44 242
44 244
44 249
44 250
44 252
44 254
44 255
44 259
44 265
44 267
44 272
44 273
44 274
44 276
44 277
44 286
44 290
44 299
45 51
45 54
45 56
45 57
45 61
45 62
45 63
45 66
45 70
45 72
45 73
45 75
45 77
45 80
45 81
45 88
45 92
45 96
45 98
45 111
45 112
45 115
45 116
45 122
45 132
45 134
45 137
45 140
45 142
45 149
45 156
45 162
45 169
45 175
45 176
45 181
45 190
45 192
45 195
45 203
45 204
45 209
45 210
45 216
45 218
45 225
45 226
45 227
45 228
45 231
45 236
45 237
45 238
45 243
45 246
45 251
45 253
45 256
45 262
45 265
45 270
45 273
45 276
45 280
45 287
45 289
45 291
45 294
45 299
46 47
46 48
46 49
46 52
46 57
46 58
46 63
46 65
46 66
46 69
46 72
46 81
46 83
46 85
46 86
46 89
46 93
46 95
46 100
46 102
46 104
46 107
46 108
46 110
46 113
46 115
46 117
46 118
46 122
46 125
46 127
46 130
46 139
46 145
46 148
46 153
46 157
46 159
46 160
46 161
46 166
46 170
46 184
46 196
46 198
46 203
46 204
46 212
46 214
46 216
46 225
46 228
46 230
46 232
46 241
46 242
46 243
46 247
46 249
46 250
46 253
46 254
46 262
46 268
46 270
46 273
46 277
46 279
46 281
46 285
46 286
46 290
46 294
46 297
47 51
47 58
47 61
47 63
47 68
47 72
47 75
47 77
47 78
47 82
47 83
47 86
47 97
47 103
47 109
47 110
47 112
47 118
47 119
47 120
47 121
47 123
47 126
47 133
47 135
47 136
47 139
47 140
47 141
47 148
47 152
47 161
47 174
47 175
47 177
47 181
47 184
47 187
47 188
47 191
47 200
47 203
47 207
47 216
47 218
47 220
47 224
47 226
47 229
47 231
47 235
47 236
47 238
47 242
47 243
47 244
47 247
47 248
47 255
47 257
47 258
47 262
47 263
47 272
47 276
47 279
47 285
47 287
47 290
47 294
47 296
47 297
48 49
48 56
48 57
48 58
48 62
48 65
48 73
48 77
48 78
48 79
48 81
48 83
48 85
48 88
48 89
48 90
48 91
48 93
48 94
48 101
48 107
48 111
48 112
48 117
48 119
48 120
48 123
48 125
48 127
48 128
48 129
48 133
48 134
48 139
48 141
48 143
48 144
48 145
48 146
48 150
48 151
48 155
48 158
48 161
48 163
48 167
48 169
48 170
48 173
48 175
48 177
48 182
48 183
48 184
48 189
48 190
48 191
48 194
48 197
48 198
48 206
48 209
48 210
48 211
48 215
48 220
48 221
48 223
48 225
48 227
48 228
48 235
48 236
48 237
48 240
48 243
48 252
48 263
48 282
48 286
48 291
49 55
49 58
49 63
49 69
49 72
49 73
49 84
49 87
49 98
49 99
49 104
49 105
49 116
49 121
49 126
49 132
49 137
49 139
49 144
49 145
49 146
49 148
49 151
49 153
49 156
49 159
49 164
49 165
49 168
49 171
49 178
49 179
49 181
49 183
49 188
49 189
49 191
49 192
49 196
49 198
49 199
49 201
49 202
49 205
49 206
49 214
49 215
49 218
49 222
49 223
49 230
49 232
49 235
49 239
49 242
49 247
49 250
49 257
49 263
49 264
49 266
49 270
49 271
49 272
49 280
49 283
49 286
49 296
49 297
49 299
50 51
50 53
50 54
50 58
50 60
50 64
50 68
50 70
50 74
50 77
50 78
50 91
50 96
50 97
50 98
50 102
50 106
50 113
50 114
50 115
50 117
50 118
50 119
50 125
50 128
50 129
50 133
50 135
50 141
50 144
50 152
50 153
50 158
50 162
50 164
50 166
50 172
50 173
50 180
50 183
50 184
50 190
50 193
50 194
50 197
50 205
50 206
50 212
50 213
50 214
50 218
50 222
50 223
50 230
50 237
50 239
50 248
50 250
50 251
50 253
50 254
50 256
50 259
50 261
50 262
50 265
50 269
50 270
50 271
50 272
50 275
50 277
50 278
50 282
50 290
50 297
51 52
51 55
51 57
51 62
51 64
51 69
51 72
51 73
51 79
51 84
51 86
51 90
51 93
51 94
51 96
51 101
51 104
51 107
51 112
51 120
51 126
51 128
51 135
51 136
51 139
51 142
51 143
51 147
51 156
51 157
51 160
51 165
51 167
51 171
51 172
51 173
51 175
51 179
51 180
51 181
51 187
51 195
51 197
51 200
51 202
51 209
51 211
51 213
51 216
51 219
51 223
51 224
51 231
51 232
51 233
51 236
51 242
51 244
51 248
51 251
51 253
51 256
51 259
51 260
51 261
51 269
51 271
51 273
51 274
51 277
51 286
51 293
51 294
51 295
52 53
52 55
52 60
52 68
52 69
52 76
52 78
52 84
52 87
52 90
52 98
52 99
52 100
52 101
52 104
52 106
52 111
52 114
52 115
52 119
52 121
52 128
52 133
52 134
52 135
52 138
52 142
52 151
52 152
52 155
52 161
52 162
52 167
52 170
52 171
52 181
52 182
52 183
52 185
52 187
52 192
52 194
52 197
52 198
52 200
52 202
52 215
52 216
52 218
52 220
52 221
52 223
52 229
52 236
52 237
52 239
52 242
52 246
52 248
52 254
52 260
52 264
52 265
52 267
52 268
52 269
52 279
52 285
52 287
52 291
52 293
52 294
52 298
53 56
53 58
53 63
53 64
53 65
53 66
53 68
53 69
53 76
53 77
53 82
53 84
53 93
53 96
53 97
53 98
53 100
53 109
53 110
53 112
53 114
53 117
53 121
53 128
53 132
53 137
53 141
53 145
53 147
53 148
53 150
53 152
53 159
53 166
53 177
53 183
53 190
53 191
53 192
53 194
53 195
53 196
53 200
53 205
53 207
53 209
53 210
53 213
53 216
53 220
53 224
53 227
53 232
53 233
53 240
53 242
53 246
53 248
53 249
53 251
53 253
53 256
53 262
53 266
53 269
53 274
53 275
53 280
53 282
53 284
53 289
53 290
53 292
53 294
53 295
54 55
54 56
54 61
54 70
54 71
54 72
54 77
54 79
54 84
54 90
54 92
54 93
54 104
54 107
54 111
54 114
54 115
54 116
54 117
54 119
54 120
54 125
54 138
54 140
54 141
54 143
54 147
54 151
54 160
54 161
54 164
54 168
54 169
54 172
54 175
54 185
54 186
54 187
54 190
54 195
54 196
54 198
54 202
54 214
54 215
54 218
54 222
54 227
54 232
54 233
54 237
54 238
54 239
54 240
54 248
54 249
54 250
54 253
54 254
54 259
54 266
54 267
54 268
54 269
54 270
54 273
54 274
54 278
54 284
54 285
54 288
54 290
55 58
55 61
55 71
55 77
55 85
55 93
55 98
55 101
55 111
55 114
55 123
55 124
55 128
55 130
55 131
55 135
55 136
55 137
55 140
55 143
55 144
55 145
55 151
55 152
55 155
55 157
55 159
55 163
55 168
55 169
55 174
55 177
55 185
55 190
55 193
55 197
55 200
55 214
55 217
55 219
55 220
55 222
55 227
55 237
55 238
55 243
55 244
55 245
55 251
55 254
55 258
55 260
55 262
55 264
55 267
55 268
55 275
55 282
55 284
55 286
55 290
55 296
55 298
56 57
56 59
56 60
56 61
56 62
56 65
56 66
56 70
56 71
56 73
56 83
56 84
56 85
56 86
56 87
56 103
56 104
56 113
56 115
56 117
56 120
56 121
56 127
56 135
56 137
56 145
56 148
56 153
56 156
56 157
56 159
56 161
56 162
56 166
56 167
56 171
56 174
56 177
56 180
56 182
56 186
56 188
56 193
56 197
56 198
56 200
56 205
56 206
56 211
56 212
56 213
56 214
56 216
56 217
56 219
56 226
56 228
56 230
56 235
56 240
56 242
56 244
56 251
56 253
56 256
56 258
56 259
56 265
56 266
56 267
56 273
56 275
56 276
56 277
56 281
56 282
56 283
56 284
56 286
56 287
56 290
56 297
57 59
57 60
57 61
57 63
57 65
57 68
57 69
57 71
57 72
57 74
57 75
57 83
57 89
57 91
57 92
57 94
57 100
57 109
57 110
57 111
57 113
57 122
57 128
57 130
57 132
57 133
57 137
57 140
57 142
57 143
57 151
57 152
57 154
57 156
57 163
57 167
57 171
57 172
57 180
57 182
57 188
57 191
57 194
57 195
57 200
57 203
57 206
57 207
57 215
57 216
57 217
57 220
57 223
57 224
57 225
57 226
57 227
57 228
57 230
57 231
57 232
57 233
57 236
57 237
57 238
57 239
57 242
57 243
57 248
57 252
57 258
57 265
57 267
57 272
57 274
57 276
57 277
57 282
57 284
57 286
57 289
57 291
57 297
57 299
58 59
58 62
58 67
58 68
58 69
58 71
58 78
58 81
58 82
58 85
58 88
58 89
58 108
58 109
58 111
58 117
58 121
58 124
58 128
58 129
58 130
58 131
58 133
58 136
58 137
58 156
58 161
58 163
58 166
58 174
58 186
58 190
58 194
58 195
58 196
58 197
58 198
58 202
58 203
58 206
58 207
58 208
58 209
58 214
58 216
58 217
58 224
58 226
58 229
58 230
58 234
58 235
58 241
58 242
58 243
58 245
58 247
58 248
58 251
58 252
58 255
58 256
58 257
58 261
58 269
58 271
58 273
58 275
58 278
58 279
58 288
58 290
58 291
58 292
58 294
58 298
59 60
59 61
59 62
59 64
59 67
59 68
59 71
59 72
59 74
59 75
59 87
59 88
59 93
59 97
59 99
59 100
59 101
59 103
59 106
59 108
59 111
59 116
59 118
59 122
59 123
59 126
59 138
59 139
59 141
59 143
59 145
59 151
59 154
59 162
59 166
59 172
59 173
59 178
59 181
59 182
59 185
59 191
59 196
59 200
59 202
59 205
59 210
59 212
59 216
59 224
59 225
59 228
59 232
59 236
59 239
59 242
59 243
59 250
59 260
59 263
59 264
59 270
59 273
59 282
59 285
59 287
59 289
59 290
60 61
60 65
60 72
60 76
60 77
60 80
60 84
60 85
60 89
60 91
60 92
60 96
60 99
60 109
60 110
60 112
60 113
60 114
60 116
60 117
60 122
60 124
60 125
60 126
60 127
60 128
60 131
60 136
60 138
60 143
60 149
60 151
60 155
60 160
60 163
60 164
60 169
60 171
60 173
60 175
60 181
60 188
60 197
60 199
60 205
60 206
60 211
60 215
60 216
60 222
60 228
60 233
60 237
60 241
60 244
60 249
60 253
60 255
60 256
60 257
60 258
60 264
60 270
60 282
60 284
60 288
60 289
60 291
60 295
60 296
60 297
61 63
61 64
61 66
61 68
61 71
61 75
61 80
61 83
61 89
61 92
61 93
61 98
61 99
61 100
61 102
61 105
61 106
61 108
61 109
61 111
61 123
61 126
61 128
61 129
61 131
61 138
61 141
61 149
61 157
61 158
61 161
61 162
61 164
61 167
61 170
61 172
61 176
61 183
61 188
61 192
61 194
61 200
61 201
61 209
61 215
61 224
61 225
61 226
61 228
61 230
61 237
61 239
61 246
61 249
61 252
61 253
61 259
61 261
61 265
61 267
61 270
61 277
61 283
61 284
61 287
61 290
62 65
62 67
62 70
62 74
62 75
62 84
62 88
62 93
62 97
62 99
62 101
62 102
62 104
62 111
62 118
62 130
62 132
62 133
62 142
62 144
62 148
62 150
62 151
62 155
62 163
62 171
62 175
62 181
62 182
62 185
62 186
62 187
62 197
62 198
62 205
62 208
62 214
62 215
62 219
62 220
62 223
62 224
62 225
62 231
62 236
62 237
62 239
62 240
62 241
62 245
62 246
62 247
62 248
62 251
62 252
62 256
62 258
62 260
62 263
62 267
62 276
62 285
62 291
62 292
62 299
63 64
63 66
63 67
63 72
63 74
63 75
63 79
63 80
63 82
63 83
63 84
63 86
63 100
63 103
63 105
63 106
63 108
63 120
63 123
63 130
63 133
63 136
63 153
63 154
63 155
63 161
63 162
63 163
63 164
63 165
63 176
63 190
63 191
63 200
63 206
63 211
63 212
63 218
63 219
63 220
63 222
63 229
63 230
63 231
63 245
63 250
63 253
63 268
63 273
63 274
63 276
63 284
63 289
63 291
63 293
63 296
63 299
64 67
64 69
64 73
64 80
64 84
64 85
64 87
64 88
64 89
64 91
64 93
64 94
64 96
64 98
64 100
64 104
64 113
64 114
64 117
64 122
64 123
64 126
64 129
64 131
64 132
64 134
64 136
64 137
64 140
64 142
64 148
64 149
64 155
64 158
64 160
64 161
64 163
64 165
64 171
64 173
64 177
64 190
64 192
64 195
64 197
64 198
64 204
64 205
64 207
64 219
64 224
64 227
64 228
64 229
64 236
64 237
64 246
64 249
64 251
64 252
64 253
64 256
64 259
64 260
64 261
64 262
64 275
64 277
64 283
64 288
64 292
65 67
65 80
65 83
65 85
65 87
65 93
65 99
65 101
65 104
65 108
65 111
65 112
65 114
65 115
65 123
65 129
65 139
65 140
65 144
65 145
65 146
65 151
65 153
65 154
65 156
65 158
65 161
65 162
65 163
65 165
65 168
65 172
65 174
65 177
65 181
65 182
65 187
65 189
65 191
65 198
65 210
65 212
65 213
65 216
65 218
65 226
65 228
65 229
65 231
65 233
65 234
65 238
65 247
65 248
65 251
65 255
65 257
65 261
65 262
65 263
65 267
65 270
65 275
65 280
65 282
65 284
65 290
65 292
65 293
65 295
65 297
66 67
66 69
66 70
66 71
66 72
66 76
66 77
66 78
66 79
66 81
66 82
66 83
66 85
66 87
66 89
66 94
66 96
66 97
66 98
66 103
66 105
66 106
66 108
66 110
66 117
66 122
66 126
66 128
66 129
66 135
66 136
66 142
66 145
66 152
66 153
66 154
66 156
66 163
66 165
66 167
66 179
66 183
66 184
66 191
66 192
66 200
66 206
66 209
66 212
66 217
66 225
66 230
66 236
66 238
66 242
66 249
66 252
66 259
66 260
66 265
66 269
66 270
66 272
66 274
66 277
66 280
66 283
66 285
66 286
66 287
66 296
66 297
67 73
67 80
67 83
67 84
67 85
67 89
67 92
67 94
67 97
67 98
67 103
67 104
67 105
67 106
67 107
67 108
67 109
67 110
67 112
67 117
67 118
67 125
67 129
67 130
67 134
67 135
67 136
67 141
67 143
67 149
67 151
67 152
67 155
67 157
67 160
67 162
67 165
67 167
67 172
67 173
67 178
67 184
67 185
67 186
67 188
67 189
67 190
67 195
67 196
67 198
67 200
67 205
67 214
67 221
67 225
67 226
67 227
67 228
67 233
67 236
67 237
67 240
67 241
67 243
67 246
67 248
67 251
67 259
67 261
67 265
67 268
67 270
67 271
67 272
67 273
67 274
67 275
67 276
67 277
67 280
67 281
67 284
67 286
67 288
67 294
67 295
68 69
68 71
68 74
68 76
68 78
68 80
68 84
68 89
68 90
68 91
68 98
68 99
68 100
68 102
68 104
68 106
68 108
68 113
68 114
68 119
68 122
68 123
68 129
68 130
68 134
68 140
68 142
68 149
68 150
68 151
68 152
68 157
68 158
68 159
68 161
68 170
68 176
68 183
68 184
68 187
68 189
68 190
68 195
68 199
68 201
68 202
68 208
68 215
68 217
68 218
68 221
68 225
68 226
68 227
68 230
68 233
68 241
68 242
68 246
68 268
68 271
68 272
68 277
68 280
68 281
68 290
68 296
68 297
69 70
69 72
69 73
69 74
69 80
69 95
69 98
69 99
69 106
69 107
69 117
69 118
69 122
69 131
69 137
69 138
69 146
69 149
69 150
69 154
69 157
69 161
69 162
69 164
69 167
69 177
69 188
69 189
69 190
69 193
69 198
69 200
69 205
69 207
69 216
69 219
69 220
69 229
69 232
69 233
69 235
69 238
69 241
69 242
69 246
69 249
69 253
69 255
69 259
69 264
69 270
69 274
69 278
69 279
69 282
69 283
69 285
69 286
69 294
69 295
69 296
69 297
70 78
70 84
70 88
70 89
70 91
70 92
70 94
70 95
70 96
70 98
70 101
70 104
70 108
70 110
70 119
70 123
70 125
70 130
70 149
70 158
70 159
70 161
70 165
70 166
70 172
70 189
70 190
70 192
70 195
70 196
70 200
70 204
70 205
70 209
70 210
70 211
70 212
70 213
70 214
70 221
70 225
70 229
70 230
70 231
70 236
70 241
70 245
70 249
70 252
70 256
70 257
70 258
70 260
70 263
70 269
70 274
70 276
70 277
70 279
70 287
70 288
70 293
70 294
70 297
71 73
71 76
71 82
71 83
71 84
71 85
71 87
71 97
71 98
71 104
71 109
71 110
71 113
71 115
71 122
71 126
71 129
71 132
71 134
71 135
71 137
71 144
71 147
71 148
71 153
71 155
71 157
71 158
71 159
71 160
71 172
71 174
71 180
71 182
71 185
71 191
71 194
71 197
71 199
71 207
71 213
71 218
71 219
71 221
71 222
71 227
71 238
71 245
71 248
71 249
71 258
71 263
71 266
71 271
71 274
71 275
71 276
71 285
71 289
71 292
71 294
71 295
71 298
71 299
72 75
72 78
72 79
72 80
72 84
72 85
72 86
72 87
72 89
72 91
72 93
72 99
72 100
72 101
72 105
72 106
72 107
72 111
72 113
72 121
72 126
72 127
72 131
72 132
72 133
72 138
72 140
72 154
72 164
72 167
72 173
72 176
72 181
72 184
72 185
72 187
72 189
72 190
72 192
72 199
72 201
72 202
72 209
72 219
72 221
72 223
72 226
72 233
72 236
72 237
72 238
72 239
72 240
72 243
72 245
72 246
72 250
72 251
72 257
72 261
72 262
72 263
72 265
72 266
72 268
72 269
72 280
72 283
72 284
72 292
73 74
73 79
73 95
73 96
73 99
73 102
73 108
73 110
73 114
73 130
73 138
73 141
73 143
73 144
73 148
73 153
73 175
73 178
73 182
73 187
73 188
73 190
73 192
73 193
73 196
73 199
73 210
73 221
73 222
73 232
73 235
73 238
73 239
73 247
73 249
73 250
73 254
73 255
73 262
73 270
73 276
73 279
73 281
73 282
73 286
73 288
73 291
74 77
74 79
74 80
74 84
74 89
74 96
74 100
74 103
74 104
74 108
74 111
74 114
74 115
74 123
74 124
74 125
74 127
74 128
74 129
74 132
74 137
74 139
74 140
74 143
74 151
74 153
74 162
74 169
74 171
74 172
74 174
74 176
74 180
74 191
74 194
74 197
74 198
74 200
74 203
74 206
74 208
74 209
74 211
74 212
74 214
74 216
74 217
74 218
74 221
74 223
74 224
74 226
74 229
74 234
74 243
74 247
74 251
74 252
74 254
74 259
74 262
74 264
74 265
74 266
74 267
74 270
74 272
74 273
74 274
74 280
74 281
74 286
74 289
74 293
74 295
74 296
74 297
74 298
75 77
75 79
75 82
75 83
75 89
75 91
75 101
75 103
75 107
75 113
75 115
75 118
75 119
75 128
75 129
75 136
75 139
75 141
75 142
75 159
75 162
75 163
75 173
75 180
75 183
75 186
75 189
75 192
75 195
75 198
75 205
75 207
75 212
75 213
75 214
75 221
75 228
75 230
75 233
75 236
75 240
75 244
75 247
75 251
75 259
75 261
75 263
75 265
75 269
75 271
75 279
75 280
75 284
75 291
75 297
75 298
76 79
76 80
76 85
76 86
76 87
76 92
76 94
76 97
76 98
76 99
76 101
76 104
76 108
76 114
76 115
76 119
76 120
76 127
76 129
76 137
76 138
76 140
76 144
76 145
76 146
76 152
76 156
76 162
76 167
76 168
76 173
76 176
76 179
76 180
76 184
76 185
76 187
76 189
76 194
76 196
76 207
76 216
76 218
76 222
76 224
76 226
76 229
76 231
76 233
76 237
76 246
76 249
76 252
76 253
76 254
76 258
76 261
76 265
76 266
76 267
76 271
76 272
76 275
76 279
76 280
76 285
76 287
76 289
76 292
76 299
77 83
77 90
77 94
77 100
77 103
77 116
77 118
77 120
77 121
77 122
77 123
77 128
77 129
77 133
77 134
77 136
77 140
77 144
77 146
77 150
77 154
77 159
77 169
77 172
77 173
77 174
77 175
77 183
77 190
77 191
77 196
77 198
77 201
77 202
77 207
77 208
77 209
77 214
77 218
77 223
77 230
77 235
77 236
77 241
77 243
77 244
77 245
77 249
77 254
77 258
77 259
77 264
77 271
77 275
77 278
77 281
77 283
77 293
77 297
77 298
77 299
78 79
78 82
78 92
78 93
78 95
78 97
78 107
78 108
78 111
78 112
78 113
78 114
78 120
78 124
78 127
78 129
78 130
78 131
78 134
78 141
78 146
78 147
78 148
78 149
78 152
78 153
78 154
78 160
78 162
78 165
78 169
78 175
78 176
78 180
78 185
78 190
78 193
78 204
78 206
78 207
78 216
78 217
78 219
78 227
78 229
78 230
78 231
78 232
78 233
78 234
78 237
78 241
78 246
78 247
78 250
78 252
78 253
78 254
78 257
78 259
78 265
78 268
78 269
78 280
78 281
78 285
78 287
78 289
78 291
78 293
78 294
78 299
79 82
79 84
79 85
79 86
79 87
79 90
79 91
79 92
79 93
79 94
79 95
79 98
79 107
79 108
79 110
79 117
79 119
79 121
79 133
79 137
79 142
79 144
79 146
79 147
79 148
79 149
79 150
79 154
79 165
79 169
79 176
79 199
79 201
79 206
79 209
79 210
79 213
79 216
79 217
79 218
79 224
79 235
79 237
79 238
79 240
79 245
79 246
79 247
79 248
79 257
79 261
79 262
79 263
79 265
79 266
79 270
79 273
79 274
79 275
79 281
79 283
79 287
79 292
79 295
79 296
79 299
80 87
80 88
80 94
80 101
80 102
80 105
80 106
80 107
80 113
80 114
80 116
80 117
80 118
80 120
80 122
80 126
80 130
80 133
80 135
80 136
80 138
80 141
80 144
80 147
80 149
80 151
80 153
80 155
80 158
80 165
80 167
80 174
80 179
80 186
80 189
80 190
80 195
80 199
80 201
80 202
80 205
80 207
80 209
80 214
80 220
80 226
80 228
80 231
80 233
80 236
80 238
80 239
80 249
80 250
80 253
80 255
80 257
80 259
80 265
80 266
80 272
80 276
80 277
80 279
80 281
80 283
80 284
80 290
80 298
81 83
81 89
81 97
81 100
81 103
81 104
81 107
81 108
81 109
81 110
81 111
81 117
81 118
81 122
81 127
81 131
81 135
81 136
81 137
81 142
81 146
81 147
81 153
81 161
81 162
81 164
81 167
81 168
81 171
81 173
81 175
81 178
81 183
81 184
81 190
81 197
81 199
81 200
81 203
81 207
81 212
81 218
81 219
81 222
81 232
81 234
81 236
81 237
81 239
81 240
81 243
81 248
81 251
81 256
81 261
81 264
81 268
81 269
81 270
81 274
81 276
81 278
81 281
81 296
81 297
81 298
82 83
82 87
82 91
82 95
82 96
82 105
82 112
82 114
82 117
82 119
82 120
82 121
82 122
82 124
82 130
82 133
82 136
82 145
82 147
82 148
82 151
82 156
82 164
82 165
82 166
82 167
82 169
82 171
82 175
82 176
82 177
82 179
82 185
82 188
82 190
82 194
82 197
82 205
82 218
82 230
82 231
82 233
82 239
82 246
82 247
82 254
82 258
82 260
82 267
82 271
82 272
82 273
82 276
82 279
82 282
82 284
82 285
82 290
83 84
83 88
83 89
83 90
83 91
83 94
83 96
83 101
83 103
83 106
83 108
83 109
83 110
83 111
83 112
83 115
83 117
83 119
83 124
83 126
83 127
83 137
83 144
83 145
83 148
83 152
83 153
83 159
83 162
83 170
83 171
83 172
83 173
83 178
83 182
83 183
83 186
83 187
83 188
83 193
83 194
83 196
83 201
83 203
83 205
83 207
83 208
83 209
83 211
83 213
83 214
83 216
83 220
83 222
83 228
83 230
83 233
83 234
83 240
83 244
83 255
83 257
83 260
83 262
83 264
83 265
83 267
83 268
83 272
83 274
83 277
83 282
83 288
83 289
83 290
83 297
84 85
84 86
84 89
84 94
84 96
84 97
84 98
84 105
84 106
84 110
84 111
84 117
84 120
84 125
84 126
84 127
84 129
84 130
84 132
84 134
84 142
84 147
84 150
84 157
84 161
84 167
84 172
84 175
84 178
84 179
84 180
84 182
84 188
84 190
84 203
84 204
84 209
84 211
84 219
84 220
84 222
84 223
84 224
84 232
84 233
84 236
84 242
84 245
84 249
84 250
84 251
84 255
84 262
84 263
84 267
84 270
84 275
84 277
84 278
84 279
84 280
84 281
84 291
84 296
85 86
85 87
85 92
85 93
85 95
85 96
85 98
85 101
85 103
85 108
85 112
85 115
85 117
85 118
85 126
85 128
85 130
85 131
85 134
85 139
85 142
85 143
85 147
85 148
85 151
85 158
85 159
85 168
85 171
85 175
85 177
85 178
85 179
85 180
85 181
85 182
85 184
85 186
85 191
85 194
85 197
85 207
85 210
85 212
85 214
85 217
85 223
85 224
85 225
85 229
85 230
85 232
85 233
85 235
85 243
85 246
85 248
85 250
85 258
85 260
85 264
85 265
85 268
85 280
85 282
85 285
85 286
85 290
85 291
85 298
85 299
86 87
86 88
86 89
86 92
86 93
86 94
86 95
86 97
86 98
86 99
86 100
86 103
86 106
86 107
86 108
86 110
86 116
86 123
86 131
86 139
86 143
86 147
86 149
86 151
86 155
86 156
86 158
86 159
86 161
86 162
86 183
86 192
86 195
86 196
86 197
86 198
86 211
86 216
86 219
86 221
86 225
86 230
86 232
86 236
86 241
86 242
86 243
86 249
86 251
86 255
86 259
86 260
86 265
86 268
86 269
86 276
86 278
86 281
86 285
86 287
86 292
86 297
87 90
87 91
87 96
87 98
87 102
87 106
87 109
87 120
87 122
87 123
87 124
87 128
87 139
87 144
87 148
87 152
87 154
87 156
87 157
87 161
87 162
87 163
87 167
87 172
87 174
87 176
87 184
87 186
87 192
87 199
87 204
87 209
87 214
87 218
87 222
87 225
87 229
87 231
87 232
87 237
87 245
87 246
87 253
87 254
87 257
87 258
87 259
87 262
87 263
87 267
87 268
87 270
87 278
87 286
87 288
87 289
87 293
87 295
87 298
88 89
88 95
88 96
88 104
88 107
88 116
88 117
88 119
88 123
88 126
88 127
88 128
88 136
88 140
88 144
88 148
88 150
88 151
88 152
88 155
88 160
88 162
88 172
88 174
88 178
88 181
88 182
88 183
88 186
88 187
88 188
88 193
88 196
88 201
88 206
88 211
88 214
88 218
88 219
88 221
88 224
88 231
88 235
88 237
88 244
88 245
88 246
88 250
88 255
88 256
88 258
88 259
88 260
88 262
88 264
88 267
88 271
88 272
88 278
88 280
88 285
88 286
88 298
88 299
89 90
89 92
89 96
89 99
89 101
89 102
89 104
89 105
89 107
89 108
89 109
89 112
89 113
89 115
89 116
89 123
89 130
89 133
89 134
89 139
89 145
89 147
89 148
89 149
89 150
89 153
89 154
89 155
89 158
89 159
89 163
89 164
89 169
89 175
89 177
89 179
89 184
89 187
89 191
89 192
89 203
89 209
89 210
89 220
89 225
89 227
89 231
89 235
89 246
89 251
89 258
89 259
89 262
89 263
89 266
89 270
89 271
89 274
89 275
89 276
89 283
89 289
89 291
89 292
89 293
89 294
89 296
89 297
89 299
90 91
90 92
90 93
90 94
90 97
90 100
90 103
90 109
90 113
90 115
90 117
90 118
90 120
90 121
90 123
90 124
90 133
90 135
90 136
90 137
90 143
90 144
90 145
90 152
90 155
90 157
90 159
90 161
90 164
90 167
90 170
90 171
90 177
90 182
90 183
90 186
90 187
90 192
90 193
90 194
90 197
90 198
90 199
90 209
90 211
90 212
90 214
90 215
90 218
90 221
90 222
90 224
90 226
90 230
90 233
90 234
90 235
90 236
90 237
90 244
90 246
90 251
90 256
90 261
90 262
90 264
90 269
90 274
90 276
90 281
90 285
90 297
91 94
91 97
91 98
91 102
91 103
91 106
91 107
91 110
91 115
91 116
91 123
91 124
91 125
91 126
91 129
91 131
91 132
91 138
91 140
91 142
91 144
91 150
91 152
91 154
91 160
91 168
91 170
91 172
91 176
91 177
91 179
91 180
91 181
91 184
91 187
91 197
91 202
91 203
91 205
91 211
91 213
91 216
91 220
91 221
91 223
91 224
91 227
91 231
91 232
91 233
91 234
91 235
91 236
91 239
91 241
91 242
91 245
91 248
91 253
91 264
91 267
91 272
91 279
91 280
91 285
91 286
91 288
91 294
91 295
91 299
92 93
92 94
92 99
92 101
92 103
92 105
92 108
92 109
92 112
92 118
92 119
92 121
92 123
92 124
92 129
92 135
92 141
92 144
92 154
92 155
92 162
92 163
92 164
92 165
92 171
92 173
92 179
92 184
92 186
92 188
92 192
92 193
92 198
92 199
92 200
92 208
92 215
92 232
92 234
92 235
92 240
92 246
92 247
92 253
92 258
92 259
92 261
92 267
92 269
92 270
92 274
92 276
92 281
92 285
92 289
92 291
92 292
92 293
92 295
93 106
93 110
93 112
93 114
93 120
93 121
93 124
93 125
93 127
93 128
93 130
93 134
93 135
93 136
93 141
93 142
93 144
93 146
93 151
93 154
93 157
93 158
93 160
93 163
93 166
93 173
93 174
93 180
93 188
93 194
93 197
93 200
93 201
93 204
93 207
93 216
93 225
93 227
93 228
93 233
93 234
93 235
93 237
93 246
93 250
93 251
93 253
93 254
93 264
93 269
93 270
93 271
93 272
93 277
93 280
93 282
93 285
93 287
93 291
93 295
93 297
93 299
94 95
94 96
94 101
94 103
94 110
94 112
94 114
94 115
94 120
94 123
94 124
94 126
94 129
94 131
94 134
94 137
94 141
94 147
94 149
94 152
94 158
94 161
94 164
94 168
94 170
94 172
94 174
94 175
94 177
94 180
94 181
94 184
94 185
94 186
94 189
94 190
94 191
94 193
94 197
94 198
94 200
94 201
94 205
94 208
94 212
94 213
94 219
94 223
94 224
94 226
94 237
94 238
94 246
94 250
94 251
94 256
94 258
94 262
94 263
94 268
94 271
94 273
94 278
94 282
94 283
94 290
94 291
94 292
94 295
94 299
95 96
95 100
95 101
95 102
95 105
95 106
95 110
95 115
95 116
95 119
95 121
95 122
95 123
95 126
95 127
95 133
95 139
95 140
95 142
95 143
95 144
95 151
95 155
95 156
95 157
95 163
95 164
95 170
95 172
95 173
95 177
95 183
95 186
95 192
95 201
95 208
95 212
95 215
95 216
95 222
95 223
95 224
95 230
95 236
95 237
95 244
95 247
95 248
95 249
95 252
95 253
95 255
95 266
95 274
95 278
96 99
96 100
96 110
96 111
96 118
96 122
96 126
96 129
96 133
96 134
96 138
96 139
96 144
96 149
96 151
96 158
96 159
96 160
96 162
96 164
96 165
96 174
96 176
96 189
96 190
96 194
96 195
96 196
96 201
96 205
96 206
96 209
96 212
96 217
96 218
96 225
96 226
96 227
96 232
96 234
96 238
96 239
96 240
96 242
96 245
96 248
96 249
96 257
96 263
96 264
96 266
96 268
96 274
96 279
96 288
96 294
97 98
97 99
97 101
97 102
97 109
97 110
97 121
97 122
97 124
97 130
97 131
97 134
97 145
97 152
97 155
97 156
97 161
97 162
97 165
97 167
97 170
97 171
97 172
97 174
97 175
97 179
97 180
97 182
97 183
97 187
97 188
97 189
97 194
97 201
97 203
97 210
97 218
97 221
97 225
97 227
97 229
97 232
97 233
97 237
97 239
97 241
97 249
97 251
97 255
97 256
97 257
97 258
97 259
97 263
97 267
97 269
97 273
97 276
97 277
97 282
97 285
97 286
97 287
97 289
97 290
97 299
98 100
98 102
98 108
98 112
98 114
98 115
98 116
98 117
98 123
98 129
98 132
98 133
98 136
98 138
98 143
98 153
98 155
98 156
98 157
98 160
98 162
98 163
98 169
98 171
98 173
98 175
98 177
98 179
98 180
98 181
98 184
98 185
98 193
98 194
98 198
98 202
98 205
98 210
98 217
98 225
98 238
98 240
98 242
98 247
98 250
98 252
98 253
98 254
98 258
98 263
98 266
98 271
98 272
98 275
98 281
98 283
98 294
99 102
99 105
99 107
99 108
99 118
99 125
99 129
99 133
99 134
99 138
99 140
99 144
99 146
99 159
99 161
99 163
99 164
99 165
99 166
99 169
99 170
99 171
99 178
99 183
99 195
99 196
99 198
99 208
99 210
99 215
99 218
99 222
99 223
99 225
99 227
99 229
99 230
99 234
99 248
99 252
99 255
99 258
99 260
99 261
99 264
99 267
99 268
99 275
99 276
99 278
99 283
99 286
99 287
99 288
99 290
99 294
99 295
100 101
100 103
100 105
100 107
100 109
100 111
100 113
100 117
100 122
100 123
100 124
100 126
100 128
100 129
100 133
100 135
100 136
100 137
100 138
100 140
100 147
100 162
100 166
100 167
100 169
100 173
100 179
100 180
100 184
100 185
100 187
100 188
100 189
100 190
100 193
100 194
100 195
100 200
100 201
100 202
100 207
100 208
100 212
100 220
100 222
100 224
100 231
100 232
100 233
100 234
100 235
100 241
100 245
100 246
100 250
100 251
100 252
100 255
100 256
100 257
100 258
100 262
100 265
100 275
100 277
100 279
100 281
100 284
100 287
100 291
100 294
100 295
101 102
101 109
101 111
101 114
101 118
101 120
101 122
101 124
101 125
101 143
101 154
101 155
101 156
101 158
101 161
101 165
101 166
101 169
101 170
101 183
101 187
101 191
101 199
101 204
101 207
101 208
101 209
101 212
101 217
101 221
101 229
101 234
101 237
101 238
101 241
101 242
101 243
101 244
101 248
101 254
101 255
101 259
101 264
101 265
101 267
101 269
101 272
101 277
101 281
101 282
101 285
101 294
102 104
102 107
102 117
102 121
102 122
102 127
102 137
102 144
102 145
102 148
102 149
102 158
102 161
102 165
102 166
102 167
102 168
102 169
102 170
102 174
102 189
102 192
102 193
102 194
102 197
102 202
102 219
102 220
102 224
102 226
102 227
102 228
102 229
102 230
102 234
102 235
102 250
102 251
102 252
102 257
102 260
102 262
102 287
102 290
102 291
102 294
102 297
102 298
103 105
103 112
103 115
103 118
103 125
103 132
103 142
103 144
103 148
103 149
103 153
103 154
103 156
103 158
103 164
103 165
103 171
103 172
103 173
103 175
103 177
103 188
103 195
103 197
103 199
103 200
103 205
103 208
103 209
103 216
103 219
103 220
103 221
103 224
103 226
103 231
103 232
103 233
103 235
103 239
103 253
103 254
103 255
103 260
103 262
103 267
103 270
103 273
103 275
103 277
103 278
103 281
103 284
103 285
103 286
103 289
103 290
103 295
103 296
104 105
104 106
104 116
104 118
104 127
104 129
104 130
104 131
104 136
104 146
104 150
104 152
104 153
104 155
104 157
104 163
104 166
104 170
104 171
104 172
104 176
104 182
104 189
104 191
104 194
104 197
104 199
104 201
104 202
104 206
104 212
104 217
104 218
104 221
104 222
104 226
104 230
104 231
104 232
104 234
104 235
104 238
104 241
104 242
104 246
104 247
104 256
104 264
104 265
104 266
104 269
104 271
104 272
104 276
104 277
104 278
104 280
104 281
104 284
104 288
104 290
104 292
104 294
105 107
105 113
105 118
105 120
105 123
105 131
105 132
105 135
105 136
105 139
105 143
105 145
105 147
105 150
105 152
105 156
105 169
105 170
105 176
105 182
105 189
105 199
105 202
105 205
105 209
105 210
105 214
105 217
105 226
105 227
105 229
105 233
105 236
105 240
105 242
105 244
105 246
105 251
105 257
105 261
105 263
105 269
105 270
105 275
105 279
105 281
105 282
105 283
105 289
105 291
105 294
105 296
106 110
106 121
106 126
106 132
106 136
106 137
106 143
106 145
106 149
106 151
106 153
106 156
106 157
106 162
106 163
106 170
106 174
106 175
106 180
106 186
106 194
106 196
106 204
106 205
106 206
106 207
106 213
106 216
106 219
106 228
106 230
106 234
106 240
106 247
106 249
106 251
106 252
106 255
106 256
106 257
106 258
106 260
106 263
106 273
106 274
106 280
106 281
106 282
106 286
106 294
106 297
106 299
107 109
107 110
107 112
107 113
107 115
107 117
107 118
107 121
107 124
107 125
107 128
107 129
107 135
107 136
107 137
107 139
107 140
107 143
107 150
107 153
107 158
107 160
107 161
107 164
107 168
107 169
107 172
107 179
107 182
107 184
107 186
107 189
107 190
107 193
107 199
107 208
107 213
107 215
107 221
107 222
107 225
107 234
107 240
107 243
107 244
107 245
107 246
107 247
107 250
107 251
107 253
107 264
107 265
107 277
107 281
107 285
107 286
107 290
107 292
107 293
107 298
108 109
108 111
108 112
108 123
108 127
108 131
108 135
108 142
108 147
108 153
108 158
108 164
108 169
108 171
108 175
108 180
108 188
108 195
108 208
108 209
108 212
108 217
108 222
108 229
108 233
108 234
108 235
108 237
108 244
108 246
108 247
108 253
108 263
108 270
108 271
108 272
108 275
108 277
108 283
108 287
108 288
108 295
108 296
109 111
109 115
109 116
109 117
109 120
109 121
109 126
109 129
109 134
109 136
109 138
109 153
109 156
109 162
109 166
109 168
109 170
109 171
109 172
109 187
109 188
109 189
109 190
109 194
109 195
109 197
109 199
109 206
109 209
109 214
109 216
109 219
109 221
109 223
109 224
109 227
109 228
109 233
109 234
109 239
109 241
109 242
109 248
109 250
109 251
109 254
109 255
109 256
109 257
109 262
109 265
109 267
109 275
109 278
109 279
109 284
109 285
109 290
109 294
109 296
109 298
110 116
110 117
110 118
110 119
110 121
110 123
110 124
110 128
110 129
110 130
110 131
110 137
110 138
110 139
110 146
110 152
110 154
110 156
110 161
110 162
110 163
110 164
110 170
110 177
110 179
110 189
110 190
110 191
110 193
110 195
110 199
110 201
110 203
110 204
110 207
110 211
110 218
110 227
110 230
110 232
110 233
110 234
110 237
110 245
110 247
110 252
110 254
110 257
110 258
110 259
110 261
110 262
110 268
110 272
110 273
110 277
110 278
110 279
110 280
110 284
110 295
110 296
110 299
111 112
111 113
111 115
111 120
111 122
111 124
111 125
111 129
111 132
111 135
111 136
111 140
111 150
111 151
111 152
111 153
111 158
111 161
111 167
111 169
111 174
111 175
111 178
111 179
111 180
111 183
111 191
111 193
111 195
111 198
111 205
111 207
111 209
111 217
111 221
111 227
111 230
111 235
111 236
111 238
111 241
111 242
111 250
111 252
111 253
111 254
111 255
111 256
111 262
111 263
111 265
111 270
111 272
111 273
111 278
111 279
111 280
111 282
111 284
111 285
111 288
111 292
112 117
112 119
112 125
112 127
112 128
112 131
112 132
112 135
112 137
112 140
112 141
112 142
112 145
112 153
112 158
112 163
112 164
112 172
112 180
112 186
112 194
112 195
112 198
112 207
112 213
112 220
112 224
112 225
112 229
112 232
112 233
112 234
112 236
112 237
112 240
112 247
112 252
112 253
112 256
112 262
112 264
112 269
112 271
112 274
112 278
112 279
112 280
112 282
112 290
112 292
112 293
112 294
112 295
113 114
113 115
113 119
113 121
113 126
113 129
113 132
113 136
113 138
113 143
113 146
113 150
113 151
113 156
113 157
113 159
113 160
113 162
113 171
113 175
113 177
113 179
113 183
113 189
113 191
113 193
113 194
113 195
113 199
113 204
113 207
113 208
113 216
113 219
113 223
113 231
113 235
113 238
113 240
113 242
113 248
113 249
113 253
113 257
113 260
113 267
113 276
113 277
113 279
113 280
113 281
113 282
113 285
114 120
114 126
114 148
114 151
114 154
114 155
114 164
114 167
114 169
114 170
114 172
114 180
114 185
114 186
114 187
114 192
114 193
114 194
114 195
114 197
114 203
114 204
114 208
114 213
114 214
114 216
114 219
114 221
114 222
114 224
114 226
114 231
114 233
114 234
114 236
114 237
114 238
114 239
114 240
114 241
114 243
114 246
114 255
114 257
114 260
114 271
114 273
114 275
114 277
114 278
114 280
114 281
114 282
114 284
114 292
114 296
114 298
114 299
115 117
115 124
115 125
115 129
115 131
115 134
115 137
115 150
115 151
115 155
115 159
115 164
115 167
115 169
115 173
115 176
115 182
115 183
115 188
115 191
115 192
115 195
115 197
115 198
115 206
115 209
115 215
115 217
115 226
115 229
115 230
115 237
115 243
115 246
115 252
115 254
115 256
115 258
115 262
115 263
115 268
115 270
115 271
115 272
115 276
115 280
115 281
115 282
115 293
115 294
115 298
116 117
116 122
116 125
116 126
116 129
116 131
116 135
116 143
116 144
116 145
116 154
116 155
116 158
116 164
116 168
116 169
116 170
116 172
116 173
116 174
116 177
116 179
116 182
116 185
116 188
116 196
116 197
116 198
116 200
116 201
116 208
116 214
116 218
116 220
116 223
116 225
116 232
116 234
116 237
116 242
116 244
116 248
116 250
116 252
116 256
116 260
116 264
116 265
116 267
116 269
116 271
116 280
116 282
116 284
116 285
116 286
116 287
116 288
116 290
116 291
116 293
116 294
116 296
116 297
116 299
117 122
117 125
117 126
117 128
117 133
117 140
117 143
117 148
117 150
117 156
117 157
117 158
117 160
117 162
117 163
117 165
117 166
117 169
117 180
117 181
117 182
117 186
117 190
117 193
117 195
117 197
117 198
117 209
117 210
117 213
117 220
117 233
117 239
117 243
117 250
117 251
117 252
117 257
117 259
117 264
117 266
117 267
117 269
117 272
117 274
117 281
117 284
117 288
117 293
117 295
117 296
117 298
117 299
118 120
118 127
118 128
118 129
118 134
118 137
118 144
118 155
118 161
118 164
118 165
118 167
118 168
118 179
118 187
118 188
118 192
118 194
118 203
118 207
118 209
118 212
118 213
118 216
118 219
118 221
118 227
118 229
118 230
118 232
118 237
118 238
118 244
118 247
118 249
118 257
118 262
118 264
118 269
118 274
118 281
118 286
118 287
118 290
118 294
119 122
119 123
119 126
119 127
119 130
119 131
119 132
119 133
119 134
119 139
119 140
119 143
119 146
119 147
119 149
119 150
119 152
119 162
119 165
119 168
119 169
119 170
119 172
119 173
119 179
119 183
119 191
119 192
119 199
119 200
119 203
119 204
119 207
119 210
119 211
119 213
119 215
119 223
119 230
119 233
119 237
119 242
119 249
119 251
119 252
119 253
119 255
119 256
119 261
119 263
119 267
119 268
119 271
119 275
119 276
119 280
119 286
119 288
119 289
119 294
120 130
120 138
120 141
120 150
120 151
120 153
120 158
120 161
120 166
120 169
120 181
120 186
120 190
120 194
120 199
120 214
120 217
120 218
120 232
120 234
120 235
120 240
120 242
120 245
120 254
120 255
120 259
120 261
120 264
120 269
120 270
120 273
120 282
120 283
120 284
120 285
120 290
120 292
120 295
120 298
121 128
121 130
121 143
121 144
121 146
121 152
121 154
121 157
121 161
121 165
121 171
121 173
121 186
121 187
121 190
121 191
121 196
121 198
121 200
121 201
121 203
121 206
121 207
121 208
121 221
121 222
121 223
121 231
121 232
121 237
121 238
121 244
121 246
121 249
121 253
121 256
121 257
121 258
121 259
121 266
121 269
121 271
121 274
121 276
121 278
121 280
121 283
121 284
121 288
121 291
121 295
121 296
122 124
122 126
122 129
122 139
122 141
122 142
122 145
122 150
122 152
122 154
122 156
122 157
122 159
122 161
122 162
122 166
122 173
122 175
122 179
122 188
122 191
122 192
122 196
122 197
122 198
122 202
122 206
122 207
122 208
122 210
122 211
122 212
122 215
122 217
122 218
122 220
122 223
122 225
122 226
122 232
122 236
122 242
122 246
122 249
122 252
122 255
122 256
122 257
122 264
122 268
122 269
122 271
122 277
122 278
122 279
122 280
122 283
122 284
122 286
122 289
122 290
122 293
122 298
123 126
123 130
123 131
123 133
123 134
123 142
123 148
123 151
123 152
123 156
123 159
123 164
123 165
123 166
123 168
123 183
123 184
123 189
123 196
123 197
123 199
123 202
123 203
123 204
123 207
123 208
123 212
123 213
123 215
123 225
123 234
123 235
123 236
123 241
123 242
123 246
123 249
123 250
123 251
123 252
123 258
123 263
123 266
123 270
123 272
123 277
123 283
123 290
123 294
123 295
124 125
124 127
124 131
124 133
124 135
124 140
124 142
124 146
124 147
124 149
124 155
124 158
124 165
124 171
124 172
124 173
124 177
124 178
124 179
124 182
124 184
124 185
124 186
124 189
124 196
124 201
124 208
124 210
124 211
124 219
124 224
124 225
124 229
124 230
124 232
124 234
124 235
124 237
124 242
124 243
124 254
124 256
124 257
124 259
124 263
124 268
124 277
124 279
124 281
124 283
124 288
124 289
124 291
125 127
125 135
125 136
125 140
125 142
125 143
125 144
125 147
125 149
125 152
125 157
125 160
125 161
125 163
125 164
125 170
125 174
125 178
125 179
125 182
125 187
125 188
125 190
125 191
125 192
125 195
125 201
125 203
125 204
125 209
125 211
125 215
125 219
125 220
125 222
125 223
125 225
125 233
125 237
125 238
125 239
125 245
125 249
125 251
125 255
125 256
125 258
125 260
125 263
125 268
125 271
125 275
125 276
125 277
125 278
125 279
125 280
125 281
125 283
125 287
125 288
125 291
125 296
125 298
125 299
126 127
126 131
126 134
126 142
126 143
126 144
126 145
126 148
126 150
126 151
126 153
126 156
126 158
126 160
126 161
126 162
126 168
126 174
126 178
126 182
126 184
126 185
126 186
126 188
126 190
126 199
126 202
126 203
126 209
126 210
126 212
126 219
126 220
126 224
126 226
126 233
126 237
126 241
126 244
126 248
126 250
126 252
126 255
126 256
126 257
126 259
126 262
126 265
126 274
126 276
126 282
126 286
126 287
126 289
126 293
126 295
126 296
126 298
126 299
127 131
127 133
127 135
127 144
127 145
127 146
127 148
127 149
127 152
127 155
127 161
127 165
127 169
127 174
127 176
127 177
127 185
127 187
127 192
127 194
127 195
127 199
127 201
127 205
127 206
127 207
127 211
127 212
127 215
127 223
127 226
127 231
127 232
127 234
127 236
127 238
127 239
127 242
127 244
127 250
127 251
127 257
127 258
127 261
127 268
127 270
127 273
127 279
127 280
127 282
127 287
127 289
127 291
127 292
127 294
127 296
127 298
127 299
128 133
128 141
128 144
128 145
128 150
128 152
128 153
128 157
128 159
128 160
128 161
128 162
128 163
128 172
128 173
128 174
128 177
128 180
128 182
128 183
128 185
128 186
128 194
128 195
128 201
128 202
128 212
128 214
128 216
128 225
128 233
128 240
128 244
128 245
128 249
128 251
128 252
128 253
128 257
128 259
128 262
128 264
128 271
128 273
128 281
128 284
128 293
128 294
128 299
129 130
129 133
129 134
129 135
129 139
129 145
129 148
129 153
129 154
129 157
129 161
129 163
129 168
129 171
129 174
129 184
129 191
129 193
129 201
129 203
129 206
129 208
129 213
129 214
129 217
129 225
129 226
129 229
129 232
129 236
129 239
129 241
129 244
129 250
129 256
129 260
129 262
129 267
129 268
129 269
129 277
129 286
129 287
129 288
129 290
129 292
129 296
130 135
130 138
130 142
130 146
130 147
130 148
130 150
130 153
130 160
130 167
130 172
130 173
130 177
130 178
130 179
130 181
130 185
130 186
130 193
130 194
130 195
130 197
130 200
130 204
130 205
130 207
130 215
130 216
130 217
130 224
130 227
130 229
130 232
130 242
130 244
130 245
130 249
130 251
130 253
130 256
130 257
130 260
130 261
130 262
130 266
130 270
130 274
130 276
130 283
130 286
130 288
130 289
131 133
131 134
131 136
131 138
131 141
131 143
131 150
131 152
131 156
131 161
131 162
131 165
131 166
131 167
131 168
131 169
131 171
131 176
131 180
131 181
131 184
131 190
131 191
131 194
131 195
131 199
131 205
131 207
131 210
131 216
131 221
131 226
131 227
131 228
131 230
131 234
131 235
131 241
131 246
131 249
131 252
131 254
131 257
131 259
131 266
131 267
131 277
131 284
131 287
131 289
131 296
132 133
132 139
132 148
132 150
132 154
132 155
132 156
132 159
132 161
132 162
132 165
132 167
132 169
132 170
132 171
132 175
132 176
132 178
132 183
132 187
132 188
132 189
132 191
132 197
132 201
132 204
132 205
132 206
132 226
132 230
132 231
132 232
132 234
132 237
132 239
132 249
132 258
132 263
132 265
132 266
132 267
132 277
132 280
132 284
132 285
132 289
132 291
132 292
132 294
132 295
132 296
133 138
133 139
133 143
133 149
133 152
133 158
133 161
133 163
133 170
133 179
133 183
133 186
133 188
133 191
133 192
133 195
133 201
133 206
133 214
133 215
133 223
133 226
133 229
133 231
133 232
133 238
133 241
133 242
133 246
133 251
133 252
133 257
133 270
133 273
133 277
133 279
133 280
133 282
133 287
133 288
133 289
133 292
133 293
133 295
133 296
134 135
134 139
134 141
134 142
134 153
134 154
134 159
134 160
134 161
134 162
134 168
134 170
134 175
134 177
134 180
134 187
134 188
134 189
134 190
134 192
134 195
134 196
134 204
134 205
134 208
134 212
134 214
134 234
134 240
134 242
134 248
134 249
134 251
134 252
134 257
134 258
134 260
134 263
134 264
134 277
134 280
134 282
134 284
134 285
134 287
134 289
134 295
134 298
135 137
135 138
135 139
135 141
135 151
135 153
135 158
135 159
135 161
135 175
135 179
135 180
135 186
135 187
135 192
135 193
135 195
135 198
135 199
135 200
135 202
135 214
135 216
135 217
135 218
135 219
135 220
135 222
135 228
135 233
135 235
135 236
135 238
135 240
135 243
135 247
135 248
135 252
135 258
135 264
135 266
135 267
135 274
135 281
135 282
135 285
135 287
135 289
135 290
135 291
135 294
135 295
135 296
136 141
136 143
136 149
136 151
136 153
136 155
136 161
136 168
136 169
136 170
136 171
136 176
136 182
136 183
136 184
136 185
136 186
136 188
136 189
136 196
136 198
136 202
136 203
136 206
136 207
136 213
136 214
136 216
136 218
136 222
136 230
136 234
136 237
136 239
136 244
136 248
136 253
136 257
136 260
136 261
136 263
136 270
136 276
136 279
136 282
136 283
136 286
136 287
136 288
136 290
136 291
136 295
137 144
137 149
137 150
137 151
137 154
137 155
137 157
137 162
137 170
137 177
137 187
137 189
137 195
137 198
137 200
137 201
137 206
137 209
137 210
137 211
137 215
137 216
137 223
137 224
137 227
137 228
137 230
137 236
137 239
137 241
137 242
137 243
137 244
137 245
137 254
137 257
137 265
137 270
137 275
137 277
137 278
137 279
137 286
137 291
137 293
137 294
137 297
138 141
138 142
138 146
138 161
138 164
138 165
138 170
138 173
138 179
138 181
138 183
138 189
138 191
138 193
138 198
138 199
138 202
138 203
138 208
138 209
138 216
138 218
138 221
138 223
138 226
138 229
138 233
138 236
138 237
138 242
138 243
138 244
138 249
138 251
138 252
138 254
138 256
138 257
138 258
138 261
138 264
138 265
138 266
138 271
138 272
138 275
138 276
138 280
138 282
138 285
138 286
138 288
138 289
138 290
138 295
138 296
139 142
139 143
139 146
139 149
139 153
139 161
139 168
139 171
139 172
139 178
139 179
139 181
139 182
139 184
139 186
139 189
139 192
139 196
139 206
139 211
139 213
139 216
139 218
139 219
139 227
139 228
139 229
139 231
139 237
139 238
139 239
139 243
139 246
139 254
139 257
139 260
139 271
139 272
139 275
139 280
139 283
139 285
139 287
139 290
139 292
139 297
140 142
140 143
140 144
140 147
140 148
140 149
140 150
140 151
140 155
140 157
140 159
140 162
140 163
140 170
140 174
140 176
140 178
140 182
140 188
140 193
140 195
140 197
140 198
140 202
140 205
140 207
140 210
140 215
140 222
140 224
140 225
140 228
140 239
140 243
140 246
140 256
140 259
140 261
140 266
140 268
140 270
140 275
140 280
140 281
140 282
140 284
140 286
140 289
141 143
141 146
141 148
141 154
141 156
141 167
141 168
141 169
141 171
141 174
141 181
141 189
141 193
141 198
141 200
141 202
141 204
141 208
141 209
141 211
141 217
141 218
141 220
141 225
141 228
141 229
141 232
141 233
141 234
141 236
141 239
141 245
141 246
141 247
141 249
141 251
141 253
141 254
141 256
141 260
141 264
141 266
141 269
141 270
141 272
141 274
141 286
141 288
141 292
141 294
141 297
142 144
142 145
142 157
142 163
142 165
142 169
142 172
142 174
142 175
142 176
142 177
142 178
142 181
142 182
142 185
142 188
142 190
142 192
142 193
142 202
142 208
142 210
142 213
142 217
142 225
142 227
142 229
142 234
142 235
142 238
142 239
142 241
142 250
142 251
142 254
142 258
142 260
142 263
142 264
142 270
142 271
142 275
142 279
142 282
142 283
142 287
142 288
142 289
142 291
142 294
142 298
143 144
143 148
143 149
143 156
143 174
143 176
143 181
143 185
143 191
143 192
143 193
143 197
143 205
143 212
143 213
143 216
143 219
143 221
143 222
143 226
143 228
143 230
143 237
143 241
143 243
143 244
143 247
143 258
143 265
143 267
143 269
143 270
143 277
143 281
143 283
143 287
143 288
143 293
143 295
143 296
144 146
144 152
144 156
144 158
144 160
144 162
144 163
144 167
144 169
144 173
144 175
144 180
144 181
144 182
144 194
144 195
144 196
144 197
144 201
144 202
144 207
144 211
144 212
144 213
144 218
144 219
144 221
144 223
144 224
144 225
144 227
144 228
144 232
144 237
144 238
144 239
144 244
144 245
144 246
144 247
144 250
144 251
144 256
144 263
144 265
144 274
144 277
144 278
144 279
144 281
144 282
144 286
144 289
144 298
145 149
145 154
145 161
145 162
145 163
145 164
145 168
145 176
145 181
145 183
145 185
145 186
145 187
145 188
145 190
145 194
145 198
145 204
145 205
145 206
145 211
145 217
145 220
145 221
145 227
145 228
145 230
145 231
145 236
145 239
145 240
145 241
145 244
145 249
145 257
145 264
145 265
145 270
145 277
145 278
145 279
145 280
145 281
145 282
145 283
145 287
145 290
145 291
145 294
145 296
145 297
146 149
146 150
146 151
146 152
146 156
146 160
146 161
146 162
146 165
146 169
146 170
146 171
146 174
146 175
146 178
146 181
146 185
146 191
146 192
146 193
146 194
146 195
146 197
146 204
146 206
146 211
146 216
146 218
146 220
146 224
146 226
146 233
146 241
146 242
146 244
146 251
146 252
146 254
146 255
146 258
146 262
146 263
146 266
146 268
146 273
146 279
146 280
146 288
146 291
146 294
146 298
147 150
147 153
147 155
147 156
147 158
147 159
147 161
147 163
147 166
147 167
147 168
147 169
147 170
147 175
147 176
147 177
147 182
147 183
147 185
147 187
147 189
147 191
147 194
147 196
147 198
147 199
147 202
147 203
147 204
147 216
147 218
147 219
147 225
147 230
147 232
147 233
147 236
147 238
147 239
147 249
147 251
147 252
147 254
147 259
147 263
147 265
147 266
147 270
147 273
147 275
147 278
147 283
147 286
147 289
147 290
147 292
147 294
147 297
147 299
148 150
148 155
148 157
148 169
148 177
148 178
148 179
148 181
148 182
148 190
148 192
148 196
148 203
148 204
148 207
148 213
148 214
148 215
148 221
148 224
148 228
148 236
148 238
148 239
148 244
148 247
148 248
148 249
148 250
148 257
148 260
148 261
148 262
148 263
148 275
148 277
148 282
148 283
148 288
148 289
148 290
148 291
148 296
149 150
149 159
149 163
149 164
149 166
149 168
149 170
149 184
149 188
149 189
149 194
149 199
149 200
149 202
149 203
149 205
149 206
149 210
149 211
149 212
149 213
149 219
149 221
149 223
149 227
149 235
149 237
149 240
149 248
149 250
149 252
149 254
149 256
149 258
149 261
149 272
149 273
149 277
149 278
149 280
149 282
149 283
149 284
149 289
149 290
149 291
149 293
149 296
149 298
150 152
150 156
150 160
150 163
150 167
150 172
150 173
150 175
150 179
150 180
150 185
150 192
150 193
150 194
150 197
150 201
150 203
150 206
150 216
150 219
150 229
150 236
150 239
150 240
150 248
150 251
150 253
150 255
150 258
150 259
150 260
150 262
150 263
150 267
150 275
150 279
150 280
150 288
150 290
150 291
150 292
150 297
150 298
151 152
151 153
151 154
151 157
151 160
151 161
151 162
151 165
151 173
151 174
151 175
151 180
151 181
151 186
151 187
151 194
151 195
151 196
151 200
151 201
151 202
151 203
151 204
151 207
151 210
151 213
151 215
151 219
151 220
151 221
151 225
151 228
151 231
151 235
151 239
151 247
151 250
151 251
151 258
151 259
151 264
151 268
151 271
151 277
151 280
151 287
151 288
151 292
151 293
152 153
152 155
152 158
152 160
152 162
152 165
152 166
152 169
152 173
152 178
152 180
152 181
152 184
152 185
152 190
152 192
152 197
152 202
152 207
152 211
152 212
152 213
152 234
152 237
152 243
152 244
152 246
152 247
152 249
152 250
152 254
152 260
152 262
152 268
152 272
152 273
152 277
152 278
152 288
152 291
152 292
152 294
152 296
152 298
153 154
153 162
153 165
153 166
153 168
153 170
153 174
153 176
153 180
153 181
153 182
153 188
153 189
153 191
153 198
153 199
153 201
153 204
153 205
153 211
153 213
153 217
153 221
153 228
153 233
153 234
153 238
153 240
153 243
153 244
153 245
153 253
153 262
153 263
153 264
153 266
153 269
153 272
153 273
153 278
153 282
153 285
153 287
153 288
153 290
153 292
154 156
154 159
154 166
154 170
154 175
154 178
154 179
154 182
154 183
154 184
154 185
154 187
154 188
154 189
154 194
154 195
154 197
154 203
154 204
154 206
154 209
154 212
154 214
154 217
154 219
154 220
154 221
154 235
154 237
154 238
154 242
154 244
154 245
154 249
154 252
154 258
154 262
154 263
154 264
154 267
154 269
154 273
154 276
154 282
154 284
154 287
154 288
154 292
154 293
155 157
155 158
155 160
155 162
155 168
155 170
155 172
155 175
155 176
155 177
155 179
155 184
155 186
155 188
155 189
155 190
155 192
155 193
155 196
155 198
155 199
155 201
155 204
155 217
155 218
155 222
155 227
155 231
155 245
155 246
155 253
155 256
155 257
155 266
155 272
155 280
155 286
155 287
155 288
155 294
155 297
155 298
156 162
156 165
156 169
156 171
156 176
156 184
156 188
156 193
156 204
156 211
156 215
156 218
156 219
156 223
156 227
156 228
156 233
156 236
156 237
156 243
156 252
156 254
156 257
156 267
156 271
156 273
156 275
156 279
156 280
156 285
156 287
156 289
156 291
156 292
156 294
156 295
157 161
157 162
157 163
157 170
157 171
157 173
157 174
157 175
157 177
157 178
157 179
157 180
157 183
157 184
157 187
157 193
157 196
157 197
157 204
157 208
157 209
157 211
157 212
157 221
157 227
157 235
157 237
157 239
157 244
157 246
157 247
157 250
157 261
157 271
157 272
157 277
157 278
157 279
157 280
157 281
157 284
157 288
157 291
157 296
157 299
158 160
158 161
158 163
158 164
158 167
158 177
158 183
158 184
158 188
158 194
158 196
158 197
158 199
158 201
158 205
158 208
158 211
158 214
158 218
158 219
158 222
158 223
158 225
158 226
158 231
158 233
158 235
158 236
158 241
158 244
158 252
158 258
158 262
158 266
158 272
158 275
158 276
158 277
158 281
158 283
158 289
158 290
158 295
158 297
159 160
159 165
159 169
159 170
159 181
159 182
159 186
159 189
159 193
159 199
159 201
159 202
159 204
159 207
159 219
159 233
159 240
159 243
159 246
159 248
159 250
159 251
159 255
159 256
159 260
159 261
159 262
159 270
159 274
159 275
159 276
159 277
159 283
159 284
159 286
159 290
159 292
159 294
159 295
160 162
160 163
160 166
160 171
160 175
160 177
160 181
160 183
160 184
160 187
160 191
160 200
160 201
160 209
160 210
160 211
160 215
160 216
160 217
160 218
160 219
160 222
160 229
160 231
160 239
160 243
160 248
160 251
160 254
160 255
160 258
160 261
160 262
160 265
160 269
160 270
160 272
160 275
160 279
160 282
160 286
160 289
160 293
160 297
160 298
160 299
161 167
161 169
161 171
161 175
161 176
161 181
161 183
161 186
161 190
161 193
161 194
161 201
161 207
161 209
161 214
161 217
161 226
161 229
161 230
161 232
161 236
161 240
161 244
161 252
161 253
161 254
161 260
161 261
161 262
161 263
161 264
161 269
161 272
161 276
161 277
161 278
161 281
161 283
161 284
161 288
161 291
161 295
161 296
162 163
162 166
162 167
162 169
162 171
162 176
162 178
162 185
162 188
162 197
162 200
162 203
162 209
162 212
162 222
162 224
162 225
162 233
162 235
162 236
162 241
162 250
162 252
162 255
162 267
162 273
162 274
162 276
162 282
162 291
162 293
162 298
163 164
163 173
163 175
163 177
163 178
163 179
163 184
163 185
163 194
163 199
163 207
163 209
163 213
163 217
163 219
163 220
163 231
163 232
163 241
163 242
163 247
163 250
163 251
163 253
163 257
163 260
163 261
163 265
163 270
163 276
163 277
163 278
163 279
163 280
163 282
163 289
164 165
164 167
164 171
164 172
164 174
164 175
164 179
164 182
164 184
164 190
164 191
164 192
164 193
164 201
164 202
164 205
164 207
164 217
164 220
164 229
164 231
164 235
164 236
164 238
164 240
164 241
164 246
164 249
164 264
164 265
164 268
164 274
164 277
164 285
164 291
164 292
164 293
164 294
165 166
165 175
165 177
165 179
165 180
165 181
165 184
165 185
165 186
165 190
165 213
165 215
165 217
165 219
165 220
165 221
165 223
165 224
165 225
165 231
165 232
165 237
165 240
165 261
165 274
165 277
165 278
165 283
165 286
165 297
165 298
166 167
166 170
166 172
166 173
166 194
166 197
166 201
166 202
166 203
166 209
166 213
166 216
166 219
166 221
166 224
166 227
166 235
166 236
166 237
166 240
166 243
166 244
166 248
166 252
166 253
166 256
166 263
166 273
166 280
166 285
166 288
166 289
166 293
166 297
166 299
167 171
167 173
167 180
167 187
167 189
167 190
167 199
167 201
167 206
167 213
167 214
167 217
167 220
167 225
167 229
167 240
167 246
167 249
167 251
167 255
167 260
167 262
167 263
167 264
167 267
167 273
167 277
167 278
167 282
167 284
167 290
167 291
167 292
167 294
167 296
168 170
168 172
168 189
168 191
168 193
168 194
168 200
168 203
168 205
168 206
168 207
168 208
168 211
168 213
168 215
168 217
168 220
168 221
168 222
168 226
168 238
168 245
168 251
168 253
168 255
168 258
168 261
168 263
168 271
168 275
168 276
168 277
168 281
168 293
168 294
168 296
169 184
169 191
169 194
169 199
169 201
169 210
169 211
169 212
169 213
169 217
169 225
169 226
169 227
169 229
169 232
169 234
169 238
169 243
169 245
169 253
169 255
169 256
169 258
169 267
169 273
169 275
169 280
169 282
169 285
169 287
169 291
169 292
169 296
169 298
170 173
170 174
170 175
170 178
170 181
170 182
170 185
170 186
170 189
170 195
170 197
170 199
170 208
170 211
170 214
170 215
170 218
170 224
170 225
170 226
170 229
170 231
170 233
170 238
170 241
170 243
170 248
170 250
170 252
170 253
170 258
170 259
170 261
170 265
170 266
170 271
170 273
170 274
170 276
170 285
170 296
171 173
171 174
171 176
171 179
171 191
171 194
171 202
171 203
171 214
171 215
171 217
171 218
171 221
171 232
171 237
171 239
171 240
171 241
171 242
171 244
171 245
171 255
171 256
171 259
171 261
171 266
171 269
171 274
171 276
171 277
171 278
171 281
171 285
171 293
171 297
172 182
172 183
172 184
172 185
172 190
172 195
172 197
172 202
172 209
172 210
172 211
172 213
172 216
172 217
172 224
172 226
172 230
172 232
172 233
172 234
172 238
172 245
172 247
172 248
172 250
172 259
172 260
172 264
172 270
172 274
172 279
172 282
172 290
172 291
172 296
172 297
172 298
173 175
173 177
173 178
173 179
173 180
173 182
173 183
173 185
173 186
173 187
173 188
173 192
173 194
173 195
173 203
173 206
173 209
173 213
173 215
173 218
173 219
173 220
173 228
173 232
173 238
173 240
173 245
173 247
173 253
173 255
173 260
173 261
173 263
173 272
173 273
173 276
173 280
173 282
173 284
173 289
173 292
173 294
173 296
173 297
173 298
174 175
174 177
174 186
174 199
174 205
174 206
174 207
174 208
174 211
174 215
174 216
174 221
174 226
174 229
174 234
174 238
174 239
174 241
174 242
174 244
174 245
174 246
174 247
174 248
174 249
174 253
174 254
174 257
174 264
174 265
174 272
174 273
174 277
174 279
174 283
174 284
174 293
174 294
175 178
175 179
175 180
175 183
175 184
175 185
175 197
175 199
175 204
175 213
175 215
175 220
175 221
175 225
175 228
175 229
175 230
175 234
175 240
175 241
175 242
175 244
175 246
175 247
175 250
175 252
175 257
175 268
175 270
175 279
175 280
175 281
175 286
176 177
176 180
176 182
176 183
176 185
176 186
176 187
176 189
176 192
176 197
176 198
176 202
176 207
176 208
176 211
176 212
176 214
176 215
176 217
176 218
176 221
176 225
176 226
176 230
176 236
176 237
176 238
176 241
176 248
176 252
176 253
176 254
176 257
176 258
176 260
176 262
176 264
176 269
176 272
176 281
176 282
176 284
176 288
176 289
176 290
176 291
176 293
176 298
176 299
177 182
177 183
177 184
177 187
177 189
177 190
177 191
177 194
177 195
177 196
177 197
177 198
177 201
177 202
177 207
177 209
177 215
177 216
177 218
177 229
177 234
177 236
177 239
177 241
177 242
177 243
177 244
177 249
177 250
177 255
177 259
177 261
177 265
177 266
177 267
177 268
177 271
177 273
177 276
177 277
177 281
177 282
177 285
177 286
177 287
177 291
178 181
178 182
178 185
178 187
178 190
178 191
178 192
178 193
178 194
178 195
178 198
178 202
178 208
178 212
178 213
178 214
178 216
178 221
178 222
178 224
178 226
178 233
178 235
178 238
178 239
178 241
178 243
178 244
178 248
178 251
178 259
178 260
178 267
178 268
178 278
178 279
178 280
178 286
178 287
178 291
178 293
178 298
179 180
179 184
179 185
179 188
179 197
179 199
179 201
179 202
179 203
179 204
179 206
179 215
179 217
179 218
179 219
179 224
179 229
179 231
179 232
179 243
179 244
179 246
179 249
179 251
179 252
179 257
179 258
179 259
179 271
179 272
179 276
179 277
179 278
179 280
179 281
179 282
179 284
179 286
179 290
179 291
179 295
179 296
179 297
180 184
180 186
180 189
180 193
180 195
180 196
180 197
180 200
180 205
180 208
180 210
180 212
180 213
180 218
180 223
180 226
180 228
180 231
180 234
180 237
180 239
180 240
180 241
180 242
180 244
180 247
180 248
180 256
180 261
180 262
180 263
180 266
180 269
180 270
180 271
180 275
180 277
180 281
180 284
180 285
180 294
180 299
181 182
181 186
181 187
181 190
181 192
181 195
181 197
181 198
181 203
181 205
181 207
181 210
181 211
181 212
181 217
181 225
181 228
181 229
181 231
181 236
181 238
181 246
181 255
181 259
181 260
181 261
181 266
181 279
181 280
181 281
181 285
181 288
181 290
182 183
182 185
182 191
182 193
182 195
182 199
182 204
182 206
182 209
182 211
182 213
182 214
182 219
182 226
182 232
182 236
182 237
182 238
182 240
182 244
182 246
182 247
182 250
182 255
182 257
182 258
182 262
182 263
182 265
182 267
182 268
182 269
182 275
182 277
182 278
182 280
182 281
182 284
182 286
182 288
182 292
183 188
183 190
183 195
183 197
183 198
183 199
183 203
183 205
183 208
183 211
183 212
183 213
183 215
183 218
183 224
183 230
183 232
183 236
183 243
183 246
183 247
183 249
183 253
183 255
183 256
183 257
183 260
183 268
183 275
183 281
183 284
183 285
183 291
183 293
183 296
183 297
184 191
184 195
184 197
184 205
184 210
184 216
184 219
184 232
184 233
184 240
184 245
184 246
184 247
184 248
184 260
184 273
184 276
184 283
184 287
184 289
184 295
184 299
185 187
185 190
185 193
185 194
185 196
185 199
185 206
185 209
185 212
185 213
185 214
185 221
185 222
185 224
185 226
185 227
185 235
185 236
185 240
185 251
185 254
185 259
185 273
185 287
185 290
185 292
186 188
186 191
186 210
186 212
186 213
186 214
186 215
186 216
186 218
186 223
186 226
186 227
186 229
186 238
186 239
186 242
186 249
186 254
186 260
186 270
186 272
186 277
186 279
186 287
186 290
187 188
187 189
187 190
187 192
187 193
187 197
187 207
187 208
187 212
187 214
187 217
187 222
187 224
187 228
187 231
187 232
187 234
187 237
187 238
187 239
187 242
187 246
187 253
187 255
187 259
187 260
187 264
187 267
187 268
187 270
187 271
187 274
187 278
187 279
187 281
187 283
187 284
187 288
187 289
187 294
187 296
187 297
188 193
188 194
188 209
188 210
188 211
188 224
188 228
188 235
188 239
188 241
188 243
188 244
188 248
188 250
188 253
188 258
188 259
188 262
188 266
188 277
188 278
188 282
188 287
188 290
188 293
188 298
189 192
189 195
189 196
189 198
189 201
189 202
189 204
189 205
189 206
189 207
189 208
189 209
189 210
189 212
189 213
189 219
189 225
189 242
189 251
189 258
189 259
189 262
189 263
189 264
189 265
189 269
189 271
189 274
189 279
189 280
189 282
189 285
190 199
190 200
190 201
190 208
190 209
190 213
190 219
190 220
190 224
190 227
190 228
190 232
190 234
190 248
190 255
190 257
190 259
190 262
190 266
190 273
190 274
190 282
190 283
190 288
190 291
190 294
190 296
190 297
191 200
191 202
191 206
191 211
191 212
191 215
191 219
191 222
191 227
191 229
191 231
191 234
191 241
191 245
191 247
191 250
191 252
191 255
191 256
191 260
191 262
191 271
191 272
191 273
191 275
191 281
191 285
191 289
191 291
191 293
191 294
191 298
192 193
192 198
192 206
192 210
192 211
192 215
192 219
192 222
192 223
192 234
192 237
192 247
192 250
192 253
192 258
192 261
192 262
192 265
192 267
192 272
192 273
192 276
192 280
192 289
192 290
192 292
192 294
192 295
193 194
193 196
193 197
193 198
193 199
193 200
193 205
193 208
193 213
193 216
193 218
193 219
193 221
193 222
193 225
193 226
193 230
193 235
193 238
193 239
193 241
193 244
193 247
193 248
193 252
193 255
193 256
193 257
193 259
193 261
193 263
193 265
193 266
193 267
193 274
193 275
193 280
193 283
193 286
193 289
193 292
193 294
193 297
193 299
194 196
194 204
194 216
194 218
194 219
194 220
194 224
194 233
194 234
194 235
194 236
194 238
194 239
194 240
194 241
194 243
194 245
194 246
194 247
194 249
194 255
194 256
194 257
194 258
194 264
194 267
194 268
194 270
194 271
194 275
194 277
194 282
194 285
194 287
194 288
194 294
194 297
194 298
194 299
195 197
195 202
195 205
195 206
195 210
195 212
195 215
195 216
195 218
195 219
195 220
195 221
195 222
195 223
195 231
195 232
195 233
195 244
195 245
195 246
195 253
195 255
195 256
195 266
195 267
195 268
195 276
195 278
195 281
195 284
195 289
195 291
195 292
195 296
195 298
196 204
196 206
196 209
196 210
196 211
196 212
196 217
196 221
196 222
196 226
196 227
196 229
196 234
196 237
196 239
196 243
196 244
196 245
196 246
196 247
196 249
196 252
196 256
196 257
196 261
196 263
196 267
196 271
196 272
196 276
196 280
196 281
196 282
196 287
196 294
196 296
196 299
197 211
197 213
197 215
197 220
197 230
197 233
197 234
197 242
197 245
197 249
197 254
197 256
197 259
197 262
197 268
197 270
197 272
197 273
197 274
197 278
197 285
197 286
197 291
197 293
198 200
198 202
198 204
198 206
198 214
198 216
198 217
198 220
198 223
198 224
198 227
198 234
198 239
198 243
198 245
198 246
198 247
198 248
198 249
198 252
198 258
198 259
198 262
198 263
198 265
198 268
198 271
198 274
198 275
198 277
198 280
198 286
198 297
198 299
199 204
199 207
199 214
199 216
199 223
199 229
199 231
199 235
199 236
199 237
199 239
199 242
199 245
199 246
199 250
199 254
199 262
199 269
199 272
199 273
199 274
199 276
199 277
199 283
199 286
199 289
199 291
199 293
199 294
199 296
200 203
200 204
200 209
200 210
200 213
200 216
200 217
200 219
200 221
200 223
200 232
200 235
200 236
200 240
200 246
200 248
200 251
200 253
200 254
200 255
200 256
200 257
200 258
200 264
200 267
200 268
200 276
200 278
200 280
200 284
200 285
200 287
200 288
200 289
200 290
200 296
201 204
201 206
201 208
201 209
201 210
201 211
201 213
201 215
201 220
201 221
201 222
201 224
201 229
201 233
201 234
201 245
201 248
201 250
201 253
201 257
201 260
201 261
201 263
201 265
201 266
201 269
201 270
201 272
201 275
201 277
201 278
201 285
201 290
201 291
201 292
201 295
202 206
202 208
202 210
202 211
202 220
202 221
202 225
202 228
202 235
202 239
202 240
202 242
202 246
202 247
202 250
202 251
202 252
202 254
202 255
202 257
202 259
202 277
202 281
202 284
202 285
202 286
202 287
202 289
202 291
202 297
202 299
203 205
203 206
203 210
203 216
203 230
203 231
203 232
203 235
203 237
203 238
203 245
203 247
203 253
203 257
203 259
203 260
203 261
203 265
203 267
203 269
203 270
203 274
203 281
203 283
203 285
203 286
203 287
203 288
203 289
203 290
203 299
204 206
204 211
204 213
204 215
204 216
204 218
204 220
204 227
204 228
204 231
204 232
204 238
204 241
204 242
204 243
204 246
204 248
204 252
204 253
204 256
204 265
204 273
204 282
204 283
204 285
204 286
204 293
204 294
204 295
204 296
204 297
204 299
205 208
205 211
205 213
205 214
205 215
205 216
205 222
205 226
205 233
205 239
205 241
205 243
205 244
205 251
205 256
205 259
205 260
205 262
205 270
205 271
205 276
205 280
205 281
205 283
205 287
205 295
205 297
206 210
206 215
206 216
206 219
206 225
206 233
206 235
206 238
206 241
206 243
206 248
206 250
206 258
206 260
206 261
206 268
206 273
206 286
206 290
206 291
206 293
206 294
207 213
207 215
207 227
207 230
207 231
207 234
207 235
207 240
207 245
207 247
207 248
207 251
207 255
207 259
207 260
207 263
207 264
207 265
207 267
207 273
207 274
207 279
207 280
207 281
207 283
207 292
207 293
207 295
207 298
208 216
208 218
208 219
208 221
208 226
208 227
208 229
208 230
208 231
208 232
208 236
208 259
208 260
208 265
208 266
208 267
208 269
208 279
208 280
208 283
208 284
208 287
208 289
208 292
208 293
208 295
209 211
209 220
209 222
209 223
209 224
209 229
209 230
209 231
209 232
209 236
209 244
209 247
209 248
209 249
209 250
209 253
209 255
209 257
209 258
209 260
209 266
209 271
209 273
209 274
209 279
209 282
209 284
209 291
209 294
209 296
209 298
210 212
210 216
210 223
210 232
210 233
210 235
210 241
210 242
210 253
210 254
210 255
210 256
210 257
210 258
210 260
210 261
210 262
210 269
210 272
210 277
210 282
210 284
210 285
210 290
210 295
211 216
211 217
211 220
211 221
211 224
211 226
211 232
211 234
211 240
211 242
211 244
211 245
211 246
211 252
211 258
211 259
211 260
211 265
211 274
211 275
211 277
211 280
211 281
211 286
211 287
211 288
211 291
212 213
212 216
212 219
212 220
212 230
212 231
212 232
212 234
212 237
212 244
212 245
212 246
212 262
212 263
212 267
212 268
212 269
212 271
212 275
212 281
212 284
212 286
212 291
212 298
213 214
213 215
213 218
213 220
213 229
213 233
213 234
213 239
213 243
213 248
213 249
213 258
213 259
213 263
213 267
213 268
213 269
213 274
213 277
213 286
213 287
213 290
213 291
213 292
213 294
213 295
213 298
214 217
214 219
214 227
214 228
214 231
214 236
214 239
214 240
214 248
214 253
214 255
214 256
214 257
214 260
214 263
214 268
214 271
214 274
214 281
214 283
214 285
214 288
214 289
214 294
214 297
215 219
215 224
215 227
215 228
215 231
215 233
215 240
215 241
215 242
215 244
215 248
215 252
215 259
215 265
215 268
215 269
215 273
215 274
215 275
215 282
215 283
215 284
215 287
215 291
215 295
216 218
216 226
216 227
216 230
216 231
216 234
216 236
216 243
216 246
216 256
216 257
216 259
216 266
216 276
216 277
216 290
217 225
217 226
217 229
217 231
217 232
217 239
217 243
217 245
217 246
217 247
217 248
217 249
217 250
217 251
217 254
217 256
217 261
217 264
217 268
217 288
217 292
217 294
217 296
218 219
218 220
218 221
218 222
218 224
218 230
218 231
218 241
218 246
218 247
218 250
218 253
218 261
218 263
218 276
218 277
218 278
218 280
218 296
219 226
219 229
219 232
219 233
219 236
219 241
219 252
219 255
219 258
219 260
219 267
219 268
219 270
219 276
219 281
219 288
219 297
220 226
220 234
220 235
220 236
220 238
220 241
220 248
220 251
220 254
220 256
220 259
220 264
220 266
220 267
220 273
220 276
220 278
220 279
220 281
220 283
220 286
220 289
220 298
221 222
221 225
221 228
221 231
221 234
221 235
221 236
221 237
221 239
221 243
221 244
221 251
221 253
221 254
221 256
221 259
221 262
221 267
221 272
221 277
221 292
221 297
222 234
222 238
222 240
222 241
222 242
222 244
222 248
222 249
222 251
222 258
222 264
222 268
222 274
222 275
222 276
222 279
222 280
222 288
222 290
222 292
222 293
223 224
223 230
223 232
223 234
223 238
223 240
223 245
223 247
223 252
223 255
223 262
223 263
223 273
223 282
223 288
223 293
223 295
223 297
224 225
224 228
224 235
224 236
224 238
224 240
224 241
224 243
224 244
224 245
224 246
224 250
224 251
224 253
224 255
224 256
224 257
224 260
224 265
224 266
224 270
224 271
224 272
224 277
224 278
224 280
224 282
224 293
224 296
225 226
225 229
225 230
225 236
225 237
225 243
225 244
225 245
225 246
225 249
225 254
225 256
225 257
225 263
225 265
225 269
225 272
225 273
225 274
225 280
225 283
225 287
225 289
225 295
225 296
226 229
226 234
226 238
226 240
226 248
226 249
226 252
226 256
226 261
226 262
226 272
226 273
226 277
226 278
226 280
226 285
226 287
226 288
226 289
226 291
226 294
227 231
227 236
227 237
227 240
227 241
227 245
227 247
227 248
227 250
227 254
227 258
227 260
227 262
227 265
227 267
227 268
227 269
227 271
227 278
227 283
227 284
227 290
227 291
227 296
227 298
228 229
228 230
228 233
228 243
228 244
228 248
228 250
228 251
228 255
228 257
228 258
228 261
228 263
228 264
228 265
228 267
228 283
228 292
228 294
228 297
228 299
229 230
229 232
229 236
229 242
229 243
229 249
229 250
229 251
229 256
229 262
229 266
229 272
229 274
229 276
229 277
229 282
229 290
229 292
229 293
229 296
230 231
230 233
230 235
230 236
230 245
230 249
230 255
230 260
230 261
230 262
230 267
230 276
230 277
230 278
230 280
230 284
230 294
230 296
230 297
230 298
231 233
231 234
231 235
231 242
231 243
231 256
231 257
231 258
231 259
231 268
231 273
231 274
231 284
231 289
232 233
232 236
232 237
232 240
232 246
232 247
232 248
232 250
232 251
232 254
232 257
232 264
232 270
232 272
232 273
232 275
232 281
232 284
232 285
232 286
232 288
232 291
232 293
232 298
232 299
233 238
233 242
233 244
233 245
233 247
233 254
233 256
233 261
233 263
233 264
233 265
233 268
233 275
233 276
233 280
233 281
233 285
233 287
233 292
233 295
233 296
233 297
234 237
234 240
234 242
234 245
234 248
234 251
234 252
234 254
234 256
234 258
234 261
234 266
234 268
234 272
234 275
234 277
234 279
234 281
234 282
234 284
234 285
234 287
234 288
234 289
234 292
234 293
234 295
234 296
234 298
234 299
235 242
235 244
235 252
235 256
235 259
235 261
235 265
235 271
235 272
235 279
235 281
235 282
235 284
235 285
235 288
235 289
235 290
235 292
235 295
235 299
236 246
236 252
236 256
236 261
236 262
236 263
236 266
236 268
236 276
236 278
236 281
236 282
236 287
236 288
236 290
236 294
236 295
236 298
237 247
237 248
237 249
237 250
237 251
237 255
237 259
237 261
237 264
237 272
237 274
237 277
237 278
237 282
237 283
237 287
237 293
237 299
238 246
238 248
238 250
238 255
238 256
238 257
238 258
238 262
238 264
238 265
238 267
238 273
238 275
238 278
238 280
238 282
238 292
238 295
239 240
239 243
239 244
239 248
239 249
239 251
239 255
239 256
239 257
239 258
239 260
239 261
239 267
239 268
239 272
239 273
239 274
239 276
239 284
239 297
240 241
240 245
240 248
240 255
240 256
240 257
240 263
240 267
240 269
240 271
240 273
240 283
240 285
240 286
240 287
240 288
240 290
240 292
240 296
240 299
241 245
241 246
241 247
241 252
241 253
241 254
241 256
241 258
241 259
241 260
241 262
241 264
241 268
241 270
241 273
241 277
241 279
241 280
241 284
241 287
241 290
241 297
241 299
242 248
242 250
242 253
242 258
242 260
242 261
242 264
242 267
242 272
242 277
242 279
242 280
242 281
242 287
242 288
242 295
242 296
242 299
243 246
243 248
243 250
243 251
243 252
243 253
243 254
243 255
243 257
243 261
243 263
243 265
243 266
243 269
243 271
243 273
243 281
243 282
243 283
243 285
243 286
243 292
243 295
243 297
244 246
244 248
244 249
244 250
244 254
244 255
244 259
244 264
244 269
244 270
244 271
244 272
244 274
244 278
244 283
244 286
244 290
244 292
245 260
245 262
245 274
245 276
245 280
245 286
245 291
245 294
245 297
246 248
246 250
246 254
246 260
246 261
246 262
246 263
246 264
246 273
246 274
246 278
246 282
246 288
246 295
246 296
247 249
247 251
247 254
247 264
247 267
247 271
247 279
247 284
247 286
247 289
247 290
247 291
247 293
247 299
248 249
248 251
248 262
248 263
248 264
248 268
248 270
248 273
248 279
248 281
248 285
248 291
248 292
248 297
248 298
249 266
249 269
249 270
249 273
249 274
249 279
249 280
249 281
249 282
249 283
249 284
249 289
249 294
249 297
249 299
250 252
250 254
250 258
250 264
250 265
250 267
250 268
250 273
250 274
250 277
250 281
250 282
250 283
250 287
250 289
250 290
250 292
250 295
251 255
251 256
251 257
251 261
251 269
251 271
251 283
251 284
251 286
251 288
251 293
251 296
251 299
252 256
252 258
252 263
252 266
252 267
252 270
252 271
252 272
252 275
252 276
252 280
252 282
252 285
252 286
252 289
252 291
252 292
252 299
253 254
253 258
253 259
253 262
253 267
253 269
253 271
253 279
253 281
253 284
253 288
253 292
253 294
253 297
253 298
254 257
254 260
254 266
254 269
254 274
254 275
254 280
254 281
254 286
254 289
254 290
254 294
254 295
254 299
255 257
255 259
255 266
255 267
255 272
255 274
255 275
255 278
255 279
255 282
255 284
255 287
255 290
255 291
255 295
256 261
256 263
256 267
256 268
256 271
256 274
256 276
256 277
256 278
256 280
256 282
256 283
256 285
256 286
256 287
256 290
256 299
257 259
257 263
257 266
257 268
257 269
257 271
257 273
257 280
257 282
257 284
257 289
257 296
257 297
258 262
258 265
258 270
258 272
258 273
258 276
258 277
258 278
258 280
258 281
258 282
258 284
258 286
258 289
259 260
259 263
259 267
259 269
259 271
259 272
259 277
259 278
259 281
259 282
259 289
259 291
259 296
260 269
260 270
260 272
260 277
260 280
260 282
260 284
260 285
260 289
260 299
261 262
261 264
261 267
261 274
261 276
261 279
261 283
261 295
261 296
261 297
261 299
262 265
262 267
262 272
262 276
262 278
262 281
262 286
262 290
262 295
263 267
263 269
263 271
263 274
263 277
263 278
263 280
263 287
263 291
263 292
263 294
263 298
264 266
264 267
264 268
264 270
264 272
264 276
264 281
264 284
264 285
264 286
264 287
264 291
264 293
264 297
265 267
265 272
265 275
265 276
265 278
265 281
265 284
265 287
265 288
266 268
266 273
266 274
266 275
266 276
266 280
266 284
266 288
266 289
266 293
266 297
267 269
267 271
267 277
267 280
267 287
267 289
267 292
267 295
268 271
268 280
268 289
268 297
269 271
269 273
269 277
269 281
269 282
269 283
269 292
269 297
270 271
270 274
270 276
270 277
270 290
270 291
271 273
271 274
271 280
271 283
271 286
271 289
271 296
271 297
271 299
272 276
272 277
272 279
272 281
272 286
273 274
273 275
273 278
273 288
273 289
273 292
273 295
273 297
274 279
274 284
274 287
274 288
274 295
274 298
275 281
275 283
275 285
275 286
275 287
275 292
275 293
276 278
276 286
276 288
276 290
276 291
276 292
276 296
276 297
276 298
277 278
277 280
277 286
277 287
277 290
277 295
278 281
278 284
278 285
278 288
278 292
278 293
279 284
279 285
279 287
279 288
279 290
279 294
280 281
280 286
280 288
280 291
280 299
281 288
281 289
281 293
281 296
281 297
281 299
282 286
282 292
282 295
282 297
283 286
283 293
283 299
284 289
284 299
285 290
285 294
285 295
285 296
286 291
286 292
286 294
287 288
287 290
287 291
289 292
289 296
290 293
291 293
291 299
292 297
292 299
293 299
294 297
295 296
295 298
298 299
126 16 162 90 19 75 298 117 251 72 30 65 286 137 68 176 58 189 124 241 208 69 144 50 12 125 92 34 82 171
119 243 42 83 276 229 109 97 263 142 120 44 235 159 247 80 139 164 136 89 194 121 234 206 275 195 224 157 209 7
214 102 217 78 183 145 291 284 41 149 255 114 295 36 266 280 108 127 225 52 138 17 67 181 163 190 296 269 122 297
13 289 166 22 156 153 160 170 233 186 179 38 232 53 182 33 187 26 299 204 9 35 152 74 215 28 86 81 99 248
101 210 49 110 48 56 240 207 250 43 20 236 219 201 15 196 3 211 213 133 135 134 131 14 146 168 106 45 18 238
292 47 227 180 100 199 5 148 161 216 128 1 70 175 277 290 267 174 143 203 111 63 29 91 177 272 11 23 258 141
6 220 154 173 185 40 218 129 88 184 228 2 244 256 104 31 259 116 103 271 237 113 60 115 32 249 264 155 265 61
273 151 66 261 165 112 27 147 268 59 287 223 254 231 239 226 274 252 192 193 212 96 87 245 278 242 39 79 77 172
24 57 253 200 150 94 93 76 205 188 294 98 197 257 51 85 84 95 191 54 105 283 140 169 4 221 107 246 202 222
25 46 158 73 260 10 281 293 198 130 118 123 262 279 132 62 167 21 270 0 178 288 282 37 8 64 285 230 71 55
