120
749
7
0 6
0 10
0 11
0 18
0 67
0 79
0 90
0 96
0 119
1 5
1 14
1 16
1 17
1 24
1 35
1 45
1 58
1 69
1 72
1 84
1 86
1 87
1 88
1 92
1 97
1 102
1 117
2 6
2 10
2 67
2 72
2 73
2 91
2 93
2 104
2 105
2 113
2 118
2 119
3 8
3 43
3 87
3 98
3 112
4 25
4 32
4 41
4 48
4 50
4 56
4 58
4 61
4 75
4 87
4 108
4 114
4 117
5 7
5 13
5 21
5 37
5 42
5 47
5 53
5 68
5 74
5 75
5 80
5 81
5 83
5 85
5 87
5 105
5 114
5 116
6 14
6 24
6 30
6 34
6 53
6 56
6 71
6 76
6 101
6 102
7 23
7 30
7 37
7 47
7 49
7 52
7 60
7 74
7 92
7 98
7 102
7 105
8 26
8 35
8 46
8 48
8 67
8 75
8 83
8 87
8 96
8 105
8 109
8 111
8 112
9 10
9 12
9 18
9 27
9 29
9 33
9 48
9 60
9 68
9 70
9 72
9 79
9 87
9 88
9 89
9 94
9 105
9 106
9 110
9 115
10 11
10 31
10 42
10 48
10 54
10 59
10 62
10 70
10 75
10 80
10 105
10 107
10 114
11 15
11 20
11 23
11 38
11 42
11 45
11 46
11 59
11 76
11 78
11 80
11 107
11 108
11 112
11 116
12 27
12 36
12 48
12 79
12 86
12 107
13 26
13 32
13 43
13 54
13 56
13 63
13 91
13 92
13 106
14 15
14 19
14 31
14 49
14 57
14 58
14 71
14 87
14 93
14 99
14 100
14 108
14 113
14 117
15 17
15 32
15 34
15 51
15 52
15 70
15 79
15 88
15 95
15 105
15 115
15 119
16 35
16 36
16 49
16 50
16 52
16 60
16 70
16 72
16 83
16 89
16 90
16 97
16 104
16 110
17 30
17 46
17 55
17 83
17 110
17 111
17 118
18 21
18 23
18 30
18 35
18 39
18 42
18 48
18 52
18 57
18 58
18 75
18 91
18 98
18 102
19 23
19 24
19 25
19 29
19 30
19 32
19 33
19 36
19 42
19 54
19 63
19 69
19 80
19 95
19 111
19 118
20 23
20 25
20 31
20 41
20 51
20 57
20 63
20 68
20 80
20 92
20 104
21 28
21 33
21 76
21 78
21 91
21 94
21 95
21 101
21 111
22 30
22 37
22 53
22 67
22 83
22 99
22 105
22 119
23 52
23 53
23 56
23 60
23 67
23 70
23 74
23 83
23 95
23 102
23 103
23 106
23 110
24 48
24 52
24 53
24 64
24 89
24 92
24 99
24 110
24 113
25 32
25 35
25 44
25 53
25 56
25 72
25 83
25 92
25 93
26 48
26 57
26 62
26 106
27 33
27 45
27 54
27 72
27 73
27 74
27 75
27 82
27 85
27 88
27 99
27 102
27 107
27 111
27 112
28 48
28 50
28 56
28 61
28 69
28 73
28 81
28 84
28 86
28 91
28 97
28 106
28 107
28 116
28 117
29 41
29 72
29 88
29 91
29 96
29 103
29 115
30 37
30 40
30 44
30 55
30 56
30 78
30 85
30 90
30 99
30 100
30 102
30 103
30 106
30 108
31 41
31 55
31 57
31 75
31 83
31 84
31 90
31 94
31 102
31 115
32 71
32 76
32 88
32 97
32 100
33 77
33 94
33 109
33 116
34 40
34 43
34 51
34 60
34 63
34 64
34 80
34 104
34 118
35 36
35 42
35 44
35 48
35 52
35 56
35 63
36 39
36 61
36 83
36 108
36 109
36 114
37 52
37 59
37 64
37 66
37 80
38 42
38 54
38 106
38 108
38 118
39 66
39 75
39 76
39 79
39 91
39 96
39 98
39 99
39 110
39 112
39 118
40 46
40 52
40 79
40 83
40 109
40 114
41 47
41 49
41 57
41 58
41 65
41 86
41 96
41 115
42 53
42 61
42 65
42 71
42 91
43 45
43 57
43 64
43 72
43 77
43 88
43 96
43 109
44 57
44 66
44 114
44 119
45 59
45 68
45 69
45 82
45 109
45 112
45 118
46 48
46 50
46 53
46 63
46 68
46 69
46 70
46 83
46 86
46 90
46 98
47 55
47 60
47 68
47 76
47 80
47 82
47 87
47 97
47 104
48 59
48 69
48 76
48 79
48 105
48 114
49 52
49 59
49 86
49 112
50 55
50 61
50 71
50 90
50 95
50 103
50 104
50 106
51 81
51 85
51 107
51 111
52 68
52 80
52 96
52 97
52 100
52 101
52 102
52 106
52 115
53 68
53 90
53 111
53 118
54 57
54 67
54 69
54 110
54 118
54 119
55 68
55 75
55 80
55 93
55 103
55 111
55 114
56 75
56 101
56 103
56 105
56 106
56 113
56 115
57 61
57 76
57 81
57 83
57 84
57 88
57 97
58 67
58 68
58 71
58 83
58 100
58 101
58 113
59 62
59 70
59 74
59 87
59 88
59 98
59 100
59 103
59 104
59 109
60 68
60 74
60 97
60 110
60 112
60 117
60 118
61 62
61 65
61 77
61 88
61 90
61 98
62 70
62 76
62 89
62 94
62 104
62 115
63 69
63 73
63 77
63 85
63 102
63 105
64 72
64 79
64 83
64 105
64 113
64 115
65 88
65 102
66 84
66 86
66 87
66 92
66 111
67 68
67 71
67 79
67 80
67 87
67 102
67 111
67 117
68 69
68 82
68 98
68 111
69 92
69 101
69 114
69 116
70 76
70 83
70 102
70 107
70 110
71 83
71 84
71 93
71 109
71 111
72 84
72 93
72 97
72 100
72 104
72 116
73 83
73 85
73 94
73 103
73 106
74 76
74 102
74 103
74 112
75 88
75 91
75 92
75 118
76 78
76 86
76 93
76 116
77 79
77 82
77 89
77 91
77 99
77 102
77 105
78 86
78 103
78 108
78 113
79 87
80 86
80 92
80 96
80 110
80 111
80 117
81 85
81 116
81 117
82 93
82 94
82 113
82 119
83 106
83 109
83 110
83 113
84 96
84 107
84 108
85 91
85 112
86 95
86 115
87 90
87 103
87 109
87 114
88 95
88 104
88 107
88 115
89 90
90 95
90 106
90 108
90 114
91 109
92 100
92 114
92 117
92 118
93 110
94 98
94 112
94 118
95 107
95 118
96 99
96 103
96 104
96 108
96 113
97 101
97 110
97 112
97 116
98 99
98 102
98 107
99 104
99 113
99 114
100 101
100 104
100 105
101 108
101 112
101 115
102 115
102 116
102 119
103 112
103 118
104 108
104 109
104 116
106 107
107 111
107 116
110 119
111 112
111 115
112 118
112 119
114 115
114 119
2 45 70 39 49 79 29 53 83 35 3 0 15 105 99 30 54 7
11 47 63 104 94 46 74 18 51 115 66 16 71 26 69 48 119 8
81 85 106 92 65 60 21 96 41 91 112 14 23 42 108 82 22 36
87 52 4 37 90 117 58 116 31 88 113 73 50 84 78 95 68 75
64 13 9 93 44 80 38 1 72 12 6 118 98 57 100 111 10 55
114 76 32 19 61 25 109 89 101 34 67 17 62 40 43 103 28 110
59 27 107 56 24 97 20 102 77 33 5 86
