120
4265
20
0 2
0 5
0 6
0 9
0 11
0 12
0 13
0 14
0 15
0 16
0 17
0 22
0 23
0 24
0 25
0 26
0 27
0 29
0 30
0 31
0 32
0 33
0 34
0 36
0 37
0 40
0 42
0 44
0 45
0 47
0 48
0 51
0 53
0 54
0 55
0 56
0 57
0 58
0 62
0 63
0 64
0 65
0 69
0 70
0 71
0 72
0 73
0 74
0 75
0 76
0 79
0 86
0 88
0 89
0 90
0 93
0 96
0 98
0 103
0 104
0 105
0 106
0 107
0 108
0 109
0 110
0 112
0 113
0 114
0 115
0 117
0 118
1 2
1 3
1 4
1 5
1 6
1 8
1 10
1 11
1 14
1 15
1 16
1 17
1 19
1 20
1 21
1 22
1 25
1 26
1 27
1 28
1 31
1 33
1 34
1 35
1 36
1 37
1 38
1 41
1 42
1 43
1 48
1 49
1 50
1 51
1 52
1 54
1 55
1 56
1 57
1 59
1 60
1 61
1 62
1 65
1 67
1 68
1 70
1 72
1 74
1 76
1 77
1 78
1 80
1 81
1 82
1 85
1 87
1 89
1 90
1 91
1 94
1 95
1 96
1 97
1 98
1 100
1 101
1 102
1 104
1 105
1 107
1 108
1 109
1 110
1 111
1 112
1 113
1 115
1 116
1 117
2 6
2 7
2 13
2 14
2 16
2 18
2 20
2 24
2 25
2 26
2 32
2 33
2 35
2 37
2 39
2 40
2 41
2 43
2 44
2 46
2 47
2 48
2 49
2 50
2 52
2 54
2 56
2 57
2 59
2 62
2 64
2 65
2 67
2 68
2 69
2 70
2 73
2 75
2 76
2 78
2 79
2 84
2 86
2 88
2 90
2 91
2 95
2 100
2 101
2 103
2 104
2 105
2 106
2 108
2 110
2 111
2 112
2 113
2 114
2 116
2 117
2 118
3 4
3 6
3 8
3 9
3 11
3 12
3 16
3 17
3 18
3 19
3 20
3 22
3 26
3 29
3 31
3 35
3 36
3 38
3 39
3 40
3 43
3 47
3 48
3 50
3 51
3 54
3 55
3 56
3 58
3 59
3 60
3 61
3 63
3 64
3 65
3 66
3 67
3 68
3 69
3 70
3 73
3 75
3 76
3 79
3 80
3 82
3 83
3 84
3 85
3 87
3 88
3 89
3 90
3 91
3 92
3 93
3 95
3 96
3 97
3 99
3 101
3 102
3 104
3 107
3 109
3 110
3 111
3 113
3 114
3 115
3 116
3 117
3 118
3 119
4 5
4 6
4 7
4 12
4 13
4 14
4 16
4 17
4 18
4 19
4 20
4 21
4 22
4 23
4 24
4 25
4 26
4 29
4 33
4 34
4 35
4 36
4 38
4 39
4 40
4 42
4 44
4 45
4 46
4 47
4 48
4 50
4 51
4 52
4 54
4 58
4 59
4 60
4 61
4 63
4 65
4 66
4 67
4 68
4 69
4 71
4 75
4 79
4 81
4 82
4 83
4 85
4 86
4 88
4 90
4 91
4 92
4 93
4 95
4 97
4 98
4 99
4 104
4 105
4 110
4 111
4 112
4 113
4 114
4 117
5 6
5 7
5 8
5 10
5 12
5 14
5 15
5 18
5 21
5 25
5 35
5 36
5 37
5 38
5 39
5 44
5 45
5 51
5 52
5 53
5 58
5 59
5 60
5 61
5 64
5 65
5 68
5 72
5 73
5 74
5 75
5 77
5 79
5 80
5 82
5 84
5 87
5 89
5 91
5 92
5 93
5 94
5 96
5 97
5 101
5 102
5 103
5 104
5 107
5 109
5 110
5 111
5 114
5 115
5 116
5 118
5 119
6 8
6 10
6 11
6 12
6 14
6 16
6 17
6 18
6 19
6 20
6 23
6 25
6 26
6 27
6 28
6 29
6 30
6 31
6 34
6 35
6 36
6 37
6 38
6 40
6 41
6 44
6 45
6 46
6 47
6 48
6 51
6 52
6 55
6 56
6 57
6 58
6 60
6 61
6 62
6 64
6 69
6 70
6 71
6 72
6 73
6 76
6 77
6 79
6 80
6 81
6 82
6 83
6 84
6 86
6 87
6 88
6 89
6 90
6 93
6 98
6 99
6 102
6 103
6 105
6 106
6 108
6 109
6 110
6 111
6 112
6 113
6 114
6 115
6 116
6 119
7 8
7 9
7 10
7 12
7 16
7 17
7 20
7 21
7 22
7 23
7 24
7 27
7 28
7 30
7 31
7 32
7 34
7 35
7 36
7 37
7 38
7 39
7 45
7 46
7 50
7 53
7 54
7 55
7 56
7 57
7 58
7 59
7 60
7 61
7 65
7 66
7 68
7 70
7 71
7 72
7 73
7 75
7 76
7 77
7 78
7 79
7 80
7 82
7 84
7 86
7 87
7 88
7 89
7 90
7 91
7 93
7 95
7 96
7 99
7 100
7 101
7 103
7 105
7 106
7 108
7 110
7 112
7 114
7 115
7 117
8 10
8 11
8 12
8 13
8 15
8 16
8 17
8 20
8 23
8 26
8 27
8 28
8 29
8 30
8 31
8 33
8 34
8 35
8 36
8 38
8 39
8 42
8 47
8 49
8 50
8 57
8 58
8 59
8 60
8 61
8 62
8 63
8 64
8 65
8 68
8 70
8 71
8 72
8 73
8 74
8 76
8 77
8 78
8 79
8 81
8 84
8 85
8 86
8 90
8 91
8 92
8 94
8 95
8 97
8 99
8 101
8 105
8 107
8 108
8 109
8 111
8 113
8 115
8 116
8 119
9 11
9 12
9 13
9 14
9 15
9 16
9 17
9 22
9 23
9 24
9 25
9 26
9 27
9 29
9 32
9 34
9 37
9 39
9 40
9 42
9 47
9 48
9 51
9 52
9 53
9 54
9 55
9 56
9 59
9 61
9 62
9 66
9 67
9 68
9 69
9 71
9 72
9 73
9 76
9 77
9 78
9 79
9 80
9 81
9 82
9 83
9 84
9 85
9 87
9 88
9 89
9 90
9 93
9 94
9 95
9 96
9 97
9 98
9 100
9 101
9 102
9 103
9 104
9 106
9 108
9 109
9 111
9 112
9 113
9 114
9 115
9 116
9 117
9 118
10 11
10 13
10 16
10 17
10 22
10 23
10 24
10 25
10 27
10 28
10 29
10 31
10 35
10 36
10 37
10 38
10 43
10 46
10 48
10 51
10 52
10 54
10 57
10 61
10 64
10 66
10 68
10 70
10 72
10 73
10 75
10 76
10 77
10 82
10 83
10 84
10 85
10 89
10 91
10 95
10 98
10 99
10 100
10 101
10 102
10 105
10 107
10 108
10 109
10 119
11 12
11 15
11 16
11 17
11 18
11 19
11 20
11 26
11 28
11 30
11 31
11 32
11 33
11 34
11 35
11 38
11 39
11 40
11 42
11 43
11 45
11 47
11 50
11 52
11 53
11 54
11 55
11 61
11 64
11 65
11 69
11 70
11 71
11 72
11 73
11 74
11 75
11 82
11 84
11 87
11 88
11 90
11 93
11 94
11 95
11 99
11 100
11 102
11 104
11 106
11 107
11 109
11 110
11 113
11 114
11 119
12 16
12 19
12 20
12 21
12 22
12 25
12 26
12 27
12 29
12 32
12 33
12 38
12 40
12 41
12 43
12 44
12 46
12 51
12 53
12 54
12 56
12 57
12 58
12 60
12 62
12 63
12 65
12 67
12 70
12 73
12 75
12 76
12 77
12 78
12 81
12 82
12 83
12 84
12 85
12 86
12 87
12 90
12 91
12 92
12 93
12 96
12 97
12 98
12 100
12 103
12 105
12 106
12 109
12 110
12 111
12 112
12 113
12 114
12 116
12 117
12 118
13 14
13 15
13 16
13 17
13 18
13 19
13 23
13 26
13 27
13 28
13 31
13 33
13 34
13 35
13 42
13 43
13 44
13 45
13 48
13 50
13 52
13 53
13 55
13 56
13 57
13 58
13 59
13 60
13 61
13 63
13 64
13 68
13 69
13 71
13 72
13 73
13 74
13 76
13 77
13 78
13 79
13 81
13 85
13 87
13 88
13 89
13 90
13 92
13 93
13 94
13 98
13 100
13 101
13 103
13 105
13 106
13 107
13 110
13 111
13 112
13 113
13 114
13 117
13 118
13 119
14 15
14 17
14 19
14 21
14 24
14 25
14 26
14 27
14 28
14 29
14 30
14 31
14 32
14 34
14 35
14 36
14 38
14 39
14 41
14 42
14 45
14 47
14 50
14 52
14 54
14 55
14 56
14 58
14 61
14 62
14 64
14 65
14 66
14 69
14 72
14 73
14 74
14 75
14 76
14 77
14 79
14 80
14 83
14 85
14 86
14 87
14 94
14 95
14 96
14 98
14 103
14 105
14 107
14 108
14 109
14 110
14 111
14 112
14 113
14 114
14 115
14 117
14 118
14 119
15 19
15 20
15 22
15 23
15 30
15 32
15 33
15 34
15 36
15 37
15 39
15 40
15 41
15 44
15 45
15 46
15 49
15 50
15 51
15 53
15 54
15 55
15 56
15 57
15 58
15 60
15 62
15 66
15 69
15 71
15 72
15 73
15 74
15 75
15 76
15 77
15 79
15 80
15 82
15 83
15 84
15 85
15 86
15 88
15 91
15 92
15 93
15 94
15 95
15 96
15 98
15 100
15 102
15 104
15 105
15 107
15 108
15 111
15 112
15 115
15 117
15 118
16 17
16 21
16 23
16 25
16 26
16 29
16 30
16 33
16 34
16 36
16 39
16 41
16 42
16 43
16 44
16 46
16 47
16 49
16 51
16 55
16 57
16 61
16 66
16 67
16 68
16 69
16 72
16 73
16 75
16 76
16 77
16 81
16 83
16 84
16 87
16 89
16 90
16 93
16 95
16 96
16 97
16 101
16 103
16 104
16 105
16 106
16 109
16 113
16 114
16 115
16 116
17 18
17 20
17 22
17 23
17 24
17 25
17 26
17 27
17 28
17 29
17 31
17 34
17 36
17 38
17 39
17 44
17 46
17 52
17 53
17 56
17 58
17 60
17 61
17 65
17 66
17 67
17 69
17 71
17 72
17 75
17 76
17 80
17 84
17 86
17 87
17 88
17 90
17 91
17 92
17 93
17 94
17 96
17 98
17 99
17 100
17 102
17 104
17 105
17 106
17 107
17 108
17 110
17 112
17 115
17 117
17 118
17 119
18 20
18 22
18 23
18 24
18 25
18 27
18 29
18 33
18 36
18 38
18 39
18 41
18 44
18 45
18 47
18 49
18 51
18 52
18 53
18 54
18 58
18 61
18 62
18 63
18 64
18 65
18 67
18 68
18 72
18 75
18 76
18 80
18 81
18 84
18 85
18 86
18 91
18 92
18 93
18 95
18 96
18 97
18 98
18 99
18 100
18 101
18 102
18 105
18 106
18 107
18 108
18 109
18 110
18 111
18 112
18 114
18 115
18 117
18 119
19 20
19 21
19 23
19 24
19 25
19 26
19 28
19 29
19 30
19 31
19 33
19 34
19 35
19 37
19 38
19 40
19 46
19 47
19 48
19 49
19 50
19 51
19 53
19 54
19 56
19 57
19 58
19 62
19 63
19 65
19 67
19 69
19 70
19 71
19 72
19 73
19 74
19 75
19 76
19 77
19 82
19 83
19 85
19 87
19 88
19 89
19 91
19 95
19 96
19 97
19 98
19 99
19 100
19 102
19 106
19 107
19 108
19 109
19 111
19 112
19 116
19 117
20 21
20 22
20 23
20 26
20 28
20 29
20 34
20 37
20 38
20 39
20 44
20 45
20 48
20 51
20 52
20 55
20 58
20 59
20 60
20 61
20 63
20 67
20 69
20 71
20 72
20 73
20 75
20 76
20 81
20 84
20 87
20 88
20 89
20 90
20 91
20 93
20 94
20 97
20 98
20 99
20 102
20 103
20 104
20 105
20 107
20 108
20 109
20 112
20 115
20 116
21 27
21 29
21 32
21 33
21 34
21 35
21 36
21 37
21 38
21 39
21 40
21 42
21 43
21 44
21 45
21 46
21 48
21 50
21 53
21 54
21 56
21 57
21 59
21 61
21 62
21 63
21 64
21 65
21 66
21 67
21 69
21 71
21 73
21 75
21 76
21 79
21 80
21 82
21 83
21 84
21 85
21 86
21 87
21 88
21 92
21 94
21 95
21 97
21 98
21 99
21 100
21 101
21 103
21 105
21 106
21 107
21 108
21 109
21 111
21 113
21 116
21 118
21 119
22 24
22 27
22 28
22 29
22 30
22 31
22 32
22 33
22 34
22 35
22 38
22 39
22 40
22 41
22 42
22 43
22 44
22 45
22 46
22 48
22 50
22 51
22 52
22 53
22 56
22 57
22 63
22 64
22 66
22 67
22 68
22 69
22 70
22 72
22 74
22 76
22 78
22 79
22 80
22 81
22 82
22 83
22 84
22 85
22 89
22 90
22 91
22 92
22 94
22 95
22 96
22 97
22 98
22 99
22 100
22 102
22 104
22 105
22 106
22 108
22 111
22 112
22 114
22 115
22 116
22 117
22 118
23 24
23 26
23 27
23 28
23 30
23 31
23 32
23 33
23 34
23 36
23 38
23 40
23 41
23 42
23 43
23 44
23 46
23 47
23 49
23 51
23 52
23 53
23 54
23 56
23 57
23 58
23 61
23 62
23 63
23 64
23 66
23 69
23 70
23 73
23 74
23 76
23 77
23 78
23 80
23 84
23 85
23 86
23 89
23 90
23 92
23 94
23 95
23 96
23 100
23 101
23 102
23 103
23 105
23 107
23 109
23 110
23 113
23 114
23 115
23 116
23 117
23 119
24 25
24 26
24 28
24 29
24 32
24 34
24 35
24 36
24 38
24 40
24 42
24 43
24 46
24 47
24 49
24 51
24 52
24 54
24 55
24 58
24 63
24 64
24 65
24 67
24 68
24 69
24 71
24 72
24 73
24 74
24 75
24 77
24 78
24 79
24 80
24 83
24 84
24 85
24 86
24 87
24 88
24 90
24 93
24 94
24 95
24 96
24 98
24 99
24 100
24 101
24 103
24 104
24 106
24 108
24 111
24 112
24 113
24 115
24 116
24 118
24 119
25 26
25 29
25 30
25 33
25 35
25 38
25 43
25 47
25 48
25 53
25 54
25 55
25 60
25 61
25 62
25 64
25 65
25 66
25 70
25 71
25 74
25 77
25 78
25 80
25 81
25 82
25 83
25 86
25 87
25 91
25 92
25 94
25 95
25 96
25 103
25 105
25 107
25 108
25 109
25 110
25 111
25 112
25 116
25 117
25 118
25 119
26 27
26 29
26 31
26 33
26 35
26 37
26 38
26 39
26 40
26 41
26 42
26 43
26 44
26 48
26 49
26 51
26 52
26 56
26 57
26 62
26 63
26 64
26 66
26 68
26 69
26 70
26 71
26 73
26 74
26 75
26 76
26 77
26 78
26 80
26 83
26 84
26 85
26 86
26 87
26 88
26 89
26 90
26 92
26 96
26 99
26 100
26 101
26 102
26 106
26 110
26 111
26 113
26 114
26 116
26 117
26 118
26 119
27 28
27 34
27 36
27 38
27 39
27 40
27 41
27 42
27 43
27 47
27 49
27 50
27 51
27 52
27 53
27 54
27 55
27 56
27 57
27 58
27 59
27 60
27 63
27 67
27 68
27 70
27 72
27 73
27 76
27 77
27 78
27 80
27 81
27 82
27 84
27 87
27 90
27 91
27 94
27 95
27 96
27 97
27 98
27 100
27 101
27 102
27 103
27 106
27 107
27 108
27 109
27 110
27 114
27 115
27 118
28 29
28 30
28 31
28 32
28 34
28 36
28 38
28 39
28 40
28 42
28 43
28 47
28 48
28 49
28 50
28 53
28 55
28 56
28 62
28 64
28 65
28 67
28 72
28 73
28 74
28 75
28 76
28 79
28 81
28 82
28 83
28 84
28 85
28 89
28 91
28 93
28 94
28 95
28 98
28 99
28 100
28 101
28 103
28 104
28 105
28 106
28 108
28 109
28 111
28 112
28 113
28 114
28 115
28 116
28 117
28 119
29 30
29 31
29 33
29 34
29 35
29 36
29 38
29 40
29 44
29 45
29 46
29 49
29 51
29 52
29 54
29 55
29 57
29 58
29 59
29 62
29 63
29 64
29 67
29 69
29 70
29 71
29 73
29 77
29 78
29 82
29 83
29 88
29 89
29 90
29 91
29 95
29 98
29 99
29 100
29 101
29 102
29 103
29 106
29 110
29 113
29 115
29 118
29 119
30 31
30 32
30 33
30 35
30 39
30 41
30 42
30 43
30 44
30 45
30 47
30 49
30 51
30 55
30 56
30 57
30 60
30 61
30 62
30 63
30 65
30 66
30 67
30 68
30 69
30 71
30 73
30 76
30 77
30 78
30 79
30 82
30 84
30 85
30 86
30 87
30 88
30 89
30 90
30 93
30 94
30 96
30 97
30 98
30 99
30 100
30 102
30 104
30 106
30 107
30 110
30 111
30 113
30 114
30 115
30 119
31 32
31 36
31 37
31 38
31 39
31 41
31 47
31 52
31 53
31 54
31 55
31 58
31 59
31 60
31 61
31 62
31 63
31 64
31 65
31 67
31 69
31 72
31 73
31 74
31 78
31 79
31 80
31 81
31 82
31 83
31 84
31 85
31 86
31 87
31 88
31 89
31 91
31 92
31 93
31 94
31 96
31 97
31 98
31 99
31 100
31 101
31 103
31 107
31 108
31 109
31 110
31 113
31 115
31 117
31 118
32 33
32 34
32 35
32 38
32 39
32 40
32 41
32 42
32 44
32 45
32 47
32 48
32 49
32 50
32 52
32 53
32 56
32 57
32 58
32 60
32 63
32 65
32 66
32 67
32 75
32 76
32 77
32 78
32 79
32 81
32 82
32 84
32 85
32 86
32 87
32 91
32 92
32 93
32 94
32 95
32 97
32 98
32 100
32 101
32 102
32 104
32 105
32 106
32 107
32 108
32 109
32 110
32 112
32 113
32 114
32 115
32 118
32 119
33 35
33 36
33 38
33 39
33 44
33 45
33 46
33 47
33 50
33 53
33 55
33 61
33 62
33 63
33 64
33 65
33 66
33 67
33 68
33 69
33 71
33 72
33 73
33 74
33 75
33 76
33 78
33 82
33 83
33 85
33 86
33 87
33 90
33 94
33 95
33 96
33 97
33 99
33 101
33 102
33 104
33 105
33 106
33 107
33 108
33 111
33 112
33 113
33 114
33 116
33 117
33 119
34 35
34 36
34 37
34 38
34 42
34 43
34 44
34 45
34 49
34 50
34 52
34 53
34 54
34 56
34 57
34 59
34 61
34 62
34 64
34 65
34 66
34 69
34 70
34 76
34 77
34 78
34 79
34 80
34 81
34 82
34 83
34 84
34 85
34 87
34 88
34 91
34 93
34 95
34 98
34 99
34 100
34 101
34 102
34 103
34 104
34 105
34 108
34 110
34 111
34 114
34 116
34 118
34 119
35 37
35 38
35 39
35 43
35 46
35 47
35 48
35 49
35 50
35 52
35 54
35 56
35 60
35 61
35 62
35 63
35 65
35 67
35 68
35 69
35 71
35 72
35 76
35 77
35 78
35 79
35 80
35 82
35 86
35 91
35 94
35 95
35 96
35 98
35 100
35 102
35 103
35 106
35 107
35 108
35 112
35 113
35 114
35 115
35 116
35 117
36 37
36 38
36 40
36 41
36 44
36 45
36 46
36 47
36 48
36 49
36 50
36 52
36 53
36 54
36 55
36 58
36 62
36 65
36 67
36 69
36 70
36 71
36 73
36 74
36 75
36 76
36 78
36 79
36 83
36 84
36 86
36 87
36 91
36 92
36 94
36 95
36 96
36 97
36 98
36 99
36 100
36 101
36 102
36 104
36 105
36 107
36 108
36 109
36 111
36 114
36 117
36 119
37 39
37 46
37 47
37 48
37 49
37 50
37 51
37 53
37 54
37 56
37 59
37 60
37 61
37 62
37 66
37 67
37 68
37 69
37 70
37 71
37 74
37 76
37 77
37 79
37 82
37 83
37 85
37 86
37 87
37 88
37 90
37 91
37 92
37 94
37 95
37 97
37 98
37 100
37 101
37 105
37 106
37 108
37 110
37 112
37 113
37 114
37 116
37 117
38 39
38 41
38 43
38 44
38 46
38 51
38 52
38 53
38 55
38 56
38 57
38 58
38 62
38 63
38 64
38 66
38 69
38 71
38 72
38 74
38 77
38 79
38 82
38 83
38 85
38 87
38 90
38 92
38 93
38 96
38 98
38 100
38 101
38 102
38 103
38 104
38 105
38 107
38 113
38 114
38 116
38 117
39 40
39 41
39 43
39 44
39 47
39 48
39 50
39 51
39 53
39 54
39 55
39 59
39 61
39 64
39 68
39 71
39 72
39 73
39 74
39 75
39 76
39 77
39 79
39 82
39 84
39 85
39 89
39 92
39 95
39 96
39 101
39 102
39 104
39 107
39 108
39 109
39 110
39 113
39 114
39 115
39 118
39 119
40 42
40 44
40 46
40 47
40 48
40 49
40 50
40 51
40 54
40 55
40 57
40 58
40 61
40 64
40 65
40 67
40 74
40 75
40 76
40 79
40 80
40 81
40 82
40 85
40 87
40 88
40 89
40 91
40 92
40 95
40 96
40 98
40 99
40 100
40 101
40 103
40 105
40 107
40 108
40 109
40 111
40 112
40 114
40 115
40 116
40 117
40 118
40 119
41 42
41 45
41 46
41 47
41 50
41 51
41 53
41 54
41 55
41 56
41 58
41 62
41 64
41 65
41 66
41 68
41 71
41 72
41 73
41 74
41 75
41 76
41 77
41 79
41 80
41 81
41 82
41 83
41 84
41 85
41 86
41 87
41 89
41 90
41 93
41 94
41 97
41 99
41 100
41 103
41 105
41 106
41 107
41 109
41 110
41 112
41 115
41 117
42 44
42 45
42 51
42 52
42 53
42 57
42 60
42 63
42 64
42 66
42 67
42 70
42 71
42 72
42 73
42 75
42 76
42 79
42 80
42 81
42 82
42 85
42 87
42 89
42 90
42 92
42 93
42 95
42 96
42 97
42 98
42 99
42 100
42 102
42 107
42 113
42 114
42 115
42 116
43 44
43 45
43 47
43 48
43 50
43 51
43 53
43 54
43 55
43 57
43 58
43 59
43 61
43 62
43 63
43 65
43 66
43 67
43 69
43 71
43 73
43 75
43 77
43 80
43 84
43 87
43 95
43 98
43 99
43 101
43 103
43 106
43 107
43 108
43 110
43 112
44 45
44 46
44 47
44 49
44 53
44 54
44 55
44 59
44 60
44 61
44 62
44 63
44 64
44 65
44 67
44 68
44 69
44 70
44 72
44 78
44 79
44 80
44 82
44 83
44 86
44 87
44 88
44 89
44 90
44 91
44 92
44 93
44 94
44 95
44 96
44 97
44 99
44 100
44 101
44 102
44 103
44 104
44 106
44 107
44 108
44 109
44 110
44 111
44 114
44 115
44 117
44 118
44 119
45 47
45 49
45 50
45 51
45 52
45 55
45 58
45 59
45 60
45 61
45 62
45 64
45 65
45 66
45 67
45 68
45 69
45 71
45 72
45 74
45 75
45 76
45 77
45 78
45 81
45 82
45 84
45 86
45 92
45 93
45 94
45 95
45 96
45 97
45 98
45 100
45 102
45 103
45 106
45 107
45 109
45 110
45 111
45 113
45 114
45 115
45 116
45 117
46 47
46 50
46 51
46 52
46 53
46 54
46 55
46 56
46 59
46 62
46 64
46 65
46 68
46 69
46 70
46 71
46 74
46 77
46 79
46 80
46 81
46 82
46 85
46 87
46 88
46 89
46 90
46 93
46 94
46 97
46 98
46 100
46 101
46 103
46 105
46 106
46 107
46 109
46 111
46 112
46 114
46 117
47 48
47 49
47 50
47 51
47 54
47 56
47 61
47 63
47 65
47 66
47 68
47 69
47 71
47 72
47 73
47 75
47 77
47 78
47 81
47 82
47 84
47 85
47 88
47 89
47 90
47 93
47 94
47 95
47 96
47 98
47 101
47 102
47 103
47 104
47 105
47 106
47 107
47 108
47 111
47 113
47 114
47 117
48 49
48 50
48 51
48 53
48 54
48 55
48 56
48 57
48 61
48 62
48 63
48 64
48 65
48 66
48 67
48 68
48 69
48 70
48 71
48 72
48 76
48 77
48 80
48 81
48 84
48 90
48 92
48 93
48 94
48 95
48 96
48 98
48 99
48 101
48 102
48 103
48 104
48 105
48 108
48 110
48 111
48 112
48 113
48 114
48 115
48 116
48 117
48 118
48 119
49 51
49 53
49 54
49 55
49 56
49 57
49 58
49 59
49 60
49 62
49 63
49 64
49 66
49 67
49 68
49 69
49 70
49 71
49 73
49 74
49 75
49 76
49 78
49 79
49 80
49 81
49 84
49 85
49 86
49 89
49 90
49 91
49 92
49 93
49 96
49 98
49 100
49 102
49 103
49 104
49 105
49 106
49 107
49 108
49 109
49 111
49 115
49 116
50 54
50 56
50 57
50 60
50 65
50 66
50 67
50 68
50 69
50 71
50 72
50 73
50 74
50 75
50 76
50 78
50 81
50 82
50 84
50 89
50 91
50 93
50 94
50 100
50 101
50 102
50 103
50 104
50 106
50 107
50 108
50 110
50 111
50 113
50 114
50 116
50 119
51 53
51 54
51 57
51 58
51 59
51 60
51 61
51 64
51 65
51 66
51 69
51 73
51 74
51 75
51 76
51 81
51 82
51 83
51 85
51 86
51 87
51 88
51 89
51 90
51 91
51 94
51 97
51 100
51 104
51 105
51 107
51 109
51 110
51 111
51 113
51 114
51 119
52 53
52 54
52 55
52 56
52 57
52 60
52 64
52 65
52 66
52 69
52 70
52 71
52 73
52 75
52 81
52 82
52 83
52 84
52 87
52 89
52 91
52 92
52 93
52 94
52 95
52 97
52 98
52 100
52 102
52 103
52 107
52 110
52 112
52 114
52 115
52 116
52 118
53 54
53 55
53 56
53 57
53 58
53 59
53 60
53 62
53 63
53 65
53 66
53 69
53 71
53 73
53 74
53 75
53 77
53 78
53 79
53 81
53 82
53 85
53 90
53 91
53 93
53 95
53 96
53 99
53 100
53 103
53 104
53 107
53 108
53 109
53 110
53 111
53 112
53 114
53 116
53 117
53 118
53 119
54 55
54 56
54 57
54 58
54 59
54 61
54 62
54 63
54 64
54 65
54 66
54 67
54 68
54 69
54 70
54 71
54 73
54 76
54 77
54 78
54 79
54 80
54 81
54 82
54 83
54 87
54 88
54 89
54 92
54 93
54 94
54 95
54 96
54 97
54 98
54 99
54 101
54 102
54 103
54 104
54 105
54 113
54 115
54 119
55 56
55 57
55 58
55 61
55 62
55 64
55 66
55 68
55 72
55 74
55 78
55 79
55 80
55 81
55 82
55 83
55 84
55 86
55 87
55 89
55 94
55 96
55 99
55 100
55 101
55 102
55 103
55 104
55 105
55 107
55 110
55 112
55 114
55 115
55 116
55 119
56 57
56 58
56 61
56 63
56 64
56 65
56 66
56 67
56 69
56 71
56 72
56 73
56 74
56 75
56 76
56 77
56 78
56 80
56 82
56 83
56 84
56 85
56 86
56 87
56 88
56 90
56 91
56 94
56 96
56 97
56 98
56 99
56 101
56 103
56 104
56 105
56 106
56 107
56 109
56 112
56 113
56 116
56 118
56 119
57 58
57 59
57 61
57 62
57 63
57 66
57 67
57 68
57 69
57 73
57 75
57 76
57 77
57 78
57 82
57 88
57 97
57 98
57 99
57 101
57 103
57 106
57 109
57 110
57 111
57 112
57 113
57 115
57 116
57 118
57 119
58 59
58 60
58 63
58 65
58 66
58 71
58 72
58 73
58 74
58 75
58 76
58 78
58 79
58 80
58 82
58 83
58 84
58 85
58 87
58 90
58 93
58 94
58 95
58 100
58 101
58 102
58 103
58 104
58 105
58 107
58 108
58 112
58 114
58 115
58 117
58 119
59 61
59 62
59 63
59 65
59 66
59 67
59 68
59 69
59 70
59 71
59 72
59 73
59 74
59 77
59 78
59 79
59 80
59 81
59 82
59 84
59 85
59 86
59 87
59 88
59 89
59 90
59 91
59 93
59 94
59 95
59 96
59 99
59 100
59 102
59 103
59 104
59 105
59 106
59 108
59 109
59 110
59 111
59 115
59 116
59 117
59 118
59 119
60 62
60 64
60 65
60 67
60 69
60 70
60 72
60 73
60 74
60 75
60 76
60 80
60 81
60 82
60 83
60 85
60 86
60 90
60 92
60 94
60 108
60 109
60 112
60 113
60 114
60 116
60 118
60 119
61 64
61 65
61 66
61 68
61 69
61 72
61 76
61 77
61 79
61 83
61 87
61 88
61 90
61 91
61 93
61 95
61 96
61 97
61 98
61 100
61 102
61 103
61 105
61 107
61 108
61 109
61 111
61 112
61 113
61 115
61 116
61 117
61 118
61 119
62 65
62 66
62 67
62 68
62 70
62 71
62 72
62 74
62 75
62 79
62 82
62 83
62 86
62 88
62 90
62 96
62 97
62 99
62 101
62 102
62 104
62 105
62 107
62 110
62 111
62 112
62 114
62 115
62 116
62 117
62 118
63 64
63 65
63 66
63 67
63 68
63 71
63 72
63 73
63 75
63 76
63 77
63 78
63 79
63 80
63 81
63 85
63 87
63 88
63 89
63 93
63 94
63 95
63 96
63 98
63 100
63 101
63 104
63 108
63 110
63 112
63 113
63 115
63 116
63 118
63 119
64 65
64 66
64 67
64 68
64 70
64 71
64 72
64 73
64 75
64 77
64 78
64 79
64 80
64 81
64 82
64 85
64 86
64 87
64 89
64 90
64 92
64 93
64 95
64 96
64 99
64 100
64 102
64 104
64 105
64 106
64 110
64 111
64 112
64 113
64 114
64 115
64 117
65 66
65 68
65 70
65 71
65 72
65 74
65 75
65 78
65 80
65 81
65 82
65 83
65 85
65 86
65 87
65 88
65 89
65 91
65 92
65 94
65 95
65 96
65 99
65 104
65 105
65 106
65 107
65 108
65 109
65 110
65 111
65 113
65 114
65 116
65 117
66 70
66 71
66 72
66 74
66 75
66 76
66 77
66 78
66 79
66 81
66 82
66 83
66 84
66 86
66 87
66 88
66 90
66 91
66 92
66 94
66 95
66 96
66 97
66 99
66 100
66 102
66 103
66 104
66 106
66 107
66 110
66 111
66 112
66 113
66 115
66 116
66 118
67 68
67 71
67 73
67 76
67 78
67 79
67 80
67 82
67 83
67 84
67 85
67 86
67 87
67 89
67 91
67 92
67 94
67 96
67 97
67 98
67 99
67 100
67 101
67 102
67 103
67 104
67 106
67 107
67 108
67 109
67 111
67 114
67 115
67 116
67 117
68 71
68 72
68 73
68 74
68 78
68 80
68 81
68 82
68 83
68 84
68 86
68 87
68 88
68 89
68 90
68 91
68 93
68 96
68 98
68 100
68 101
68 102
68 105
68 108
68 111
68 112
68 113
68 114
68 118
69 71
69 72
69 75
69 76
69 77
69 78
69 79
69 83
69 84
69 86
69 87
69 88
69 89
69 91
69 92
69 93
69 94
69 95
69 96
69 97
69 101
69 102
69 103
69 105
69 106
69 108
69 110
69 113
69 114
69 115
69 118
70 71
70 73
70 75
70 76
70 77
70 78
70 80
70 81
70 82
70 83
70 84
70 86
70 87
70 89
70 90
70 91
70 93
70 94
70 96
70 97
70 98
70 99
70 100
70 102
70 105
70 107
70 108
70 109
70 110
70 113
70 115
70 116
70 117
70 118
70 119
71 73
71 74
71 76
71 79
71 83
71 85
71 86
71 87
71 89
71 91
71 92
71 93
71 94
71 95
71 98
71 101
71 102
71 103
71 104
71 105
71 108
71 110
71 112
71 113
71 115
71 119
72 74
72 75
72 76
72 77
72 78
72 79
72 80
72 83
72 84
72 86
72 89
72 91
72 92
72 93
72 94
72 97
72 99
72 100
72 101
72 102
72 103
72 104
72 105
72 107
72 108
72 109
72 110
72 111
72 112
72 116
72 117
72 119
73 75
73 76
73 77
73 79
73 80
73 82
73 84
73 85
73 89
73 91
73 94
73 95
73 96
73 97
73 98
73 99
73 102
73 106
73 108
73 110
73 111
73 112
73 113
73 114
73 115
73 116
73 117
73 118
73 119
74 75
74 77
74 78
74 79
74 80
74 81
74 85
74 86
74 89
74 90
74 91
74 92
74 93
74 94
74 96
74 100
74 101
74 102
74 103
74 104
74 106
74 108
74 109
74 111
74 113
74 118
75 76
75 78
75 79
75 80
75 81
75 82
75 84
75 85
75 87
75 88
75 89
75 90
75 92
75 95
75 96
75 97
75 98
75 100
75 101
75 102
75 103
75 105
75 106
75 107
75 108
75 109
75 110
75 111
75 113
75 115
75 116
75 117
75 118
75 119
76 78
76 80
76 81
76 82
76 83
76 84
76 86
76 87
76 88
76 91
76 92
76 93
76 95
76 97
76 99
76 101
76 102
76 109
76 110
76 111
76 112
76 113
76 115
76 116
76 117
77 78
77 79
77 80
77 82
77 85
77 87
77 92
77 94
77 95
77 96
77 97
77 98
77 99
77 102
77 103
77 104
77 105
77 106
77 110
77 111
77 113
77 115
77 116
78 80
78 81
78 82
78 83
78 85
78 86
78 87
78 88
78 89
78 91
78 92
78 93
78 94
78 96
78 97
78 98
78 99
78 101
78 102
78 104
78 105
78 106
78 107
78 109
78 110
78 111
78 112
78 113
78 114
78 115
78 116
78 117
78 119
79 80
79 84
79 86
79 88
79 90
79 91
79 92
79 93
79 94
79 95
79 98
79 104
79 105
79 106
79 109
79 112
79 115
79 116
79 118
80 81
80 83
80 84
80 87
80 89
80 90
80 91
80 92
80 93
80 94
80 95
80 96
80 97
80 98
80 100
80 101
80 102
80 104
80 105
80 106
80 107
80 108
80 109
80 110
80 111
80 114
80 117
80 119
81 84
81 86
81 90
81 91
81 94
81 95
81 96
81 97
81 98
81 99
81 102
81 103
81 104
81 105
81 106
81 107
81 108
81 111
81 112
81 114
81 115
81 119
82 83
82 85
82 88
82 89
82 90
82 91
82 93
82 94
82 96
82 97
82 100
82 101
82 102
82 106
82 108
82 110
82 111
82 113
82 116
83 84
83 85
83 90
83 91
83 92
83 93
83 98
83 102
83 103
83 106
83 107
83 108
83 111
83 116
83 117
83 118
83 119
84 85
84 86
84 87
84 90
84 91
84 92
84 94
84 96
84 97
84 101
84 103
84 106
84 108
84 112
84 117
85 86
85 87
85 88
85 94
85 95
85 97
85 99
85 100
85 103
85 105
85 106
85 108
85 109
85 110
85 111
85 113
85 114
85 116
85 117
85 118
85 119
86 88
86 89
86 91
86 93
86 94
86 95
86 97
86 98
86 105
86 106
86 107
86 108
86 109
86 110
86 111
86 115
86 117
86 119
87 90
87 91
87 92
87 93
87 94
87 96
87 97
87 98
87 99
87 103
87 104
87 105
87 106
87 108
87 109
87 110
87 114
87 115
87 116
87 117
87 118
87 119
88 90
88 92
88 94
88 95
88 98
88 99
88 100
88 102
88 103
88 104
88 105
88 108
88 112
88 116
88 117
88 119
89 90
89 92
89 94
89 95
89 96
89 98
89 100
89 103
89 105
89 106
89 109
89 110
89 111
89 112
89 113
89 114
89 115
89 116
89 117
89 119
90 91
90 94
90 95
90 96
90 99
90 100
90 101
90 102
90 103
90 104
90 105
90 109
90 113
90 115
90 116
90 117
90 118
90 119
91 92
91 93
91 94
91 95
91 96
91 101
91 103
91 105
91 106
91 107
91 110
91 114
91 115
91 116
91 117
91 118
91 119
92 93
92 95
92 97
92 99
92 100
92 101
92 104
92 107
92 110
92 111
92 112
92 113
92 114
92 115
92 117
93 94
93 95
93 97
93 102
93 103
93 105
93 106
93 107
93 109
93 110
93 111
93 113
93 114
93 115
93 117
93 118
93 119
94 95
94 96
94 99
94 100
94 101
94 104
94 105
94 106
94 107
94 108
94 112
94 115
94 116
94 117
94 118
95 96
95 97
95 101
95 103
95 105
95 107
95 112
95 116
96 97
96 98
96 99
96 100
96 102
96 103
96 104
96 107
96 108
96 110
96 111
96 116
96 117
96 118
96 119
97 99
97 100
97 101
97 102
97 104
97 105
97 108
97 109
97 112
97 114
97 117
97 118
98 99
98 103
98 105
98 106
98 107
98 110
98 111
98 113
98 114
98 115
98 116
98 117
98 118
98 119
99 100
99 102
99 103
99 104
99 107
99 110
99 116
99 117
99 118
99 119
100 101
100 102
100 104
100 105
100 106
100 108
100 110
100 113
100 114
100 115
100 116
100 118
101 102
101 105
101 106
101 109
101 110
101 111
101 112
101 113
101 116
101 118
102 106
102 108
102 110
102 115
102 116
102 117
102 118
103 104
103 107
103 108
103 109
103 110
103 112
103 113
103 116
103 118
104 105
104 106
104 107
104 108
104 109
104 110
104 111
104 113
104 114
104 116
104 117
105 106
105 108
105 109
105 111
105 112
105 113
105 114
105 115
105 117
105 118
106 108
106 110
106 111
106 112
106 113
106 114
106 115
106 116
106 117
106 118
106 119
107 108
107 111
107 112
107 113
107 114
107 116
107 119
108 111
108 113
108 117
109 111
109 112
109 113
109 114
109 117
109 118
109 119
110 112
110 114
110 116
110 117
110 118
110 119
111 112
111 115
111 116
111 117
111 118
112 113
112 114
112 115
112 116
113 116
113 117
113 118
114 115
114 116
114 118
114 119
115 118
116 118
116 119
118 119
77 49 58 76 119 47
87 22 116 6 84 53
92 0 70 35 118 89
21 29 48 62 54 9
85 33 97 68 104 107
94 27 19 51 23 73
42 88 32 39 2 20
93 74 5 26 44 16
90 37 117 72 60 115
79 31 80 40 56 38
13 113 43 18 108 30
71 17 67 1 69 111
52 12 112 106 59 81
83 11 105 114 8 61
75 110 36 50 25 86
15 96 103 82 34 100
66 64 95 78 28 7
3 45 24 99 91 41
65 102 14 55 63 109
10 98 57 46 4 101
