110
614
10
0 9
0 16
0 21
0 33
0 36
0 39
0 42
0 46
0 58
0 65
0 68
0 69
0 71
0 82
0 94
0 96
1 3
1 7
1 8
1 29
1 31
1 34
1 37
1 54
1 58
1 80
1 82
1 100
1 103
1 109
2 5
2 13
2 20
2 62
2 71
2 72
2 76
2 77
2 80
2 83
2 97
2 98
2 101
2 102
2 105
2 108
3 23
3 32
3 39
3 84
3 105
3 108
4 8
4 12
4 15
4 19
4 31
4 45
4 62
4 75
5 11
5 23
5 32
5 37
5 43
5 50
5 55
5 70
5 77
5 90
5 97
5 102
5 109
6 14
6 26
6 32
6 57
6 64
6 75
6 91
6 94
6 96
6 103
7 11
7 12
7 30
7 37
7 38
7 56
7 61
7 65
7 79
7 94
7 99
7 109
8 17
8 27
8 37
8 38
8 94
8 106
9 18
9 23
9 35
9 57
9 58
9 75
9 89
9 93
9 95
9 99
10 11
10 37
10 38
10 46
10 50
10 75
10 76
10 105
11 16
11 24
11 44
11 49
11 74
11 79
11 80
11 83
11 100
11 101
12 13
12 42
12 56
12 66
12 72
12 81
12 87
12 107
13 28
13 36
13 63
13 70
13 74
13 90
13 108
14 24
14 33
14 35
14 38
14 39
14 57
14 65
14 66
14 74
14 84
15 24
15 25
15 27
15 30
15 38
15 57
15 67
15 80
15 81
15 84
15 90
15 95
15 98
15 105
15 108
16 19
16 30
16 35
16 39
16 41
16 49
16 69
16 76
16 84
16 86
16 100
16 101
17 22
17 24
17 34
17 41
17 61
17 70
17 100
17 106
18 38
18 62
18 68
18 76
18 81
18 94
18 98
19 22
19 23
19 25
19 29
19 38
19 52
19 56
19 63
19 65
19 73
19 75
19 86
20 31
20 43
20 59
20 60
20 68
20 92
20 101
21 25
21 33
21 44
21 58
21 68
21 93
21 105
22 30
22 31
22 36
22 41
22 52
22 73
22 91
22 98
22 101
23 28
23 36
23 49
23 50
23 58
23 60
23 86
23 91
23 106
24 26
24 50
24 58
24 61
24 72
24 73
24 92
24 96
24 101
25 26
25 44
25 45
25 47
25 50
25 54
25 75
25 88
25 95
25 99
26 32
26 33
26 45
26 49
26 54
26 61
26 67
26 69
26 77
26 80
26 81
26 105
27 43
27 68
27 78
27 103
27 104
28 29
28 46
28 54
28 55
28 67
28 79
28 103
28 106
29 31
29 33
29 45
29 46
29 48
29 57
29 73
29 86
29 88
29 98
29 101
30 37
30 42
30 44
30 47
31 41
31 53
31 64
31 73
31 82
31 84
31 89
31 90
31 100
32 43
32 44
32 49
32 57
32 69
32 96
32 99
32 101
32 104
32 107
33 50
33 56
33 59
33 73
33 82
33 91
33 93
34 46
34 62
34 66
34 72
34 80
34 97
34 98
35 37
35 47
35 48
35 55
35 58
35 62
35 64
35 69
35 70
35 74
35 82
35 84
35 99
36 37
36 39
36 44
36 67
36 85
36 88
36 93
37 42
37 63
37 95
37 100
38 47
38 56
38 61
38 81
38 82
38 96
38 108
39 46
39 53
39 59
39 60
39 69
39 72
39 109
40 51
40 53
40 54
40 67
40 78
40 79
40 81
40 91
40 100
41 42
41 44
41 49
41 55
41 60
41 74
41 86
42 43
42 45
42 60
42 88
42 95
43 53
43 55
43 59
43 67
43 88
43 89
43 90
43 106
44 89
44 98
44 106
45 48
45 57
45 62
45 63
45 80
45 83
45 84
45 96
45 106
45 108
46 51
46 62
46 68
46 69
46 78
46 87
46 101
47 49
47 100
47 103
47 106
48 59
48 66
48 67
48 70
48 76
48 85
48 88
48 107
49 62
49 76
49 84
49 95
49 98
49 104
49 108
50 62
50 63
50 68
50 99
51 52
51 53
51 67
51 79
51 80
51 88
51 101
51 104
51 105
51 109
52 64
52 80
52 81
52 89
52 106
53 68
53 72
53 73
53 96
53 98
54 71
54 83
54 84
54 90
54 97
54 105
54 106
54 107
55 56
55 66
55 75
55 91
55 102
55 104
56 77
56 79
56 83
56 89
56 91
56 93
56 94
56 98
56 103
56 108
57 60
57 83
57 97
57 98
58 61
58 83
58 97
58 101
58 104
58 108
59 66
59 74
59 77
59 95
59 104
59 107
60 61
60 68
60 71
60 77
60 79
60 89
60 94
61 74
61 77
61 81
61 98
62 64
62 69
62 81
62 101
63 82
63 83
64 71
64 86
64 89
64 104
65 94
66 67
66 93
66 94
66 98
67 75
67 77
67 78
67 87
68 74
68 77
68 78
68 85
68 88
68 94
68 97
68 100
69 80
69 83
69 84
69 87
69 100
69 106
70 88
70 97
71 76
71 88
71 90
71 97
71 106
71 109
73 86
73 90
73 106
74 94
75 94
75 97
75 109
76 95
77 79
77 82
77 85
77 94
78 99
78 105
79 82
79 94
79 97
80 100
80 107
81 92
82 87
82 91
82 96
82 105
83 93
83 98
83 104
83 105
84 94
84 98
85 96
86 90
86 92
86 94
87 88
87 98
87 105
87 109
88 90
88 92
88 109
89 102
89 104
90 99
90 104
91 93
91 98
92 104
93 98
94 95
94 99
95 97
95 101
95 108
97 106
98 99
98 106
100 101
101 106
107 109
82 58 107 102 48 37 39 8 1 43 64
34 71 3 76 47 88 24 46 67 103 17
77 79 5 87 104 20 90 57 106 23 10
29 32 86 42 45 95 6 40 98 75 7
18 72 49 53 44 94 19 65 61 69 31
26 70 41 89 92 97 27 66 12 4 62
108 9 83 96 68 91 63 59 25 13 93
22 0 54 52 50 99 101 30 21 55 85
60 80 109 14 11 36 84 105 35 38 100
16 56 81 15 28 51 74 78 2 73 33
