110
2433
5
0 6
0 9
0 12
0 15
0 16
0 20
0 23
0 24
0 26
0 33
0 43
0 45
0 47
0 48
0 49
0 52
0 53
0 54
0 57
0 59
0 61
0 64
0 66
0 67
0 72
0 77
0 78
0 83
0 84
0 85
0 86
0 90
0 92
0 93
0 94
0 96
0 97
0 100
0 103
0 105
0 106
1 2
1 4
1 6
1 8
1 10
1 15
1 17
1 18
1 21
1 22
1 29
1 30
1 32
1 33
1 34
1 35
1 36
1 38
1 39
1 40
1 43
1 46
1 48
1 50
1 51
1 52
1 53
1 59
1 60
1 64
1 65
1 67
1 72
1 74
1 76
1 77
1 79
1 81
1 82
1 84
1 85
1 86
1 87
1 90
1 93
1 94
1 95
1 102
1 103
1 107
1 108
2 3
2 6
2 8
2 11
2 14
2 15
2 16
2 19
2 21
2 24
2 33
2 34
2 37
2 38
2 40
2 41
2 42
2 48
2 51
2 54
2 55
2 56
2 58
2 61
2 62
2 66
2 71
2 72
2 73
2 74
2 78
2 80
2 83
2 84
2 85
2 87
2 91
2 98
2 100
2 102
2 104
2 106
2 109
3 7
3 9
3 13
3 14
3 15
3 23
3 25
3 28
3 30
3 31
3 32
3 33
3 35
3 41
3 43
3 45
3 48
3 49
3 52
3 53
3 58
3 60
3 61
3 64
3 65
3 75
3 76
3 77
3 80
3 81
3 83
3 89
3 90
3 91
3 92
3 95
3 96
3 97
3 99
3 106
3 108
4 6
4 8
4 10
4 11
4 15
4 17
4 22
4 24
4 32
4 35
4 37
4 39
4 41
4 46
4 49
4 56
4 58
4 59
4 60
4 61
4 62
4 63
4 64
4 69
4 72
4 75
4 77
4 80
4 81
4 88
4 90
4 91
4 96
4 98
4 100
4 103
4 104
4 108
5 6
5 9
5 12
5 13
5 16
5 17
5 24
5 26
5 28
5 32
5 33
5 34
5 36
5 39
5 40
5 41
5 42
5 44
5 46
5 48
5 49
5 50
5 51
5 52
5 54
5 56
5 57
5 66
5 67
5 69
5 70
5 73
5 74
5 77
5 78
5 79
5 84
5 85
5 86
5 89
5 92
5 94
5 95
5 98
5 103
5 109
6 14
6 17
6 20
6 21
6 23
6 25
6 26
6 29
6 30
6 31
6 36
6 41
6 44
6 50
6 53
6 54
6 57
6 58
6 61
6 64
6 65
6 73
6 74
6 76
6 78
6 82
6 83
6 88
6 89
6 93
6 101
6 102
6 105
6 108
7 9
7 10
7 12
7 13
7 14
7 15
7 19
7 23
7 26
7 27
7 30
7 31
7 35
7 40
7 43
7 44
7 46
7 48
7 49
7 50
7 64
7 65
7 70
7 71
7 82
7 89
7 94
7 95
7 97
7 101
7 102
7 105
7 109
8 12
8 18
8 20
8 21
8 22
8 25
8 31
8 32
8 34
8 35
8 36
8 40
8 44
8 45
8 47
8 49
8 56
8 61
8 64
8 66
8 67
8 69
8 74
8 75
8 82
8 83
8 85
8 87
8 89
8 93
8 96
8 98
8 105
8 109
9 14
9 18
9 21
9 22
9 29
9 35
9 36
9 37
9 40
9 42
9 44
9 45
9 47
9 48
9 54
9 61
9 62
9 63
9 64
9 66
9 68
9 70
9 71
9 74
9 77
9 79
9 80
9 82
9 83
9 86
9 95
9 96
9 99
9 103
9 104
9 105
9 106
9 107
9 109
10 12
10 15
10 20
10 22
10 23
10 24
10 27
10 32
10 35
10 37
10 38
10 39
10 40
10 43
10 47
10 51
10 52
10 53
10 54
10 57
10 59
10 60
10 63
10 64
10 69
10 73
10 77
10 78
10 79
10 81
10 82
10 85
10 87
10 88
10 93
10 99
10 100
10 101
10 104
10 108
10 109
11 12
11 16
11 18
11 19
11 21
11 24
11 29
11 34
11 36
11 37
11 39
11 40
11 45
11 48
11 49
11 54
11 59
11 60
11 64
11 65
11 75
11 80
11 82
11 85
11 86
11 88
11 89
11 90
11 95
11 96
11 99
11 101
11 108
12 14
12 16
12 19
12 25
12 30
12 33
12 34
12 35
12 36
12 38
12 39
12 43
12 49
12 50
12 53
12 54
12 56
12 57
12 59
12 60
12 62
12 66
12 67
12 69
12 70
12 71
12 73
12 75
12 84
12 86
12 87
12 96
12 98
12 100
12 103
12 104
12 106
13 14
13 15
13 17
13 19
13 20
13 23
13 30
13 32
13 36
13 37
13 40
13 43
13 44
13 46
13 47
13 50
13 54
13 56
13 58
13 59
13 61
13 62
13 67
13 68
13 69
13 70
13 72
13 73
13 74
13 79
13 80
13 82
13 86
13 88
13 89
13 90
13 92
13 93
13 94
13 97
13 98
13 102
13 103
13 105
13 107
14 16
14 17
14 18
14 20
14 23
14 24
14 25
14 27
14 34
14 36
14 39
14 48
14 49
14 50
14 52
14 53
14 55
14 56
14 59
14 60
14 64
14 67
14 73
14 76
14 78
14 80
14 81
14 83
14 85
14 86
14 87
14 89
14 91
14 93
14 95
14 101
14 109
15 16
15 19
15 23
15 26
15 27
15 29
15 30
15 34
15 36
15 38
15 39
15 41
15 43
15 44
15 46
15 50
15 52
15 53
15 57
15 59
15 62
15 67
15 69
15 73
15 75
15 76
15 84
15 91
15 92
15 93
15 94
15 102
15 105
15 107
15 109
16 17
16 24
16 28
16 31
16 33
16 34
16 40
16 42
16 44
16 49
16 51
16 52
16 54
16 55
16 56
16 57
16 61
16 63
16 64
16 66
16 67
16 73
16 74
16 75
16 78
16 84
16 85
16 86
16 88
16 92
16 97
16 99
16 101
16 102
16 103
16 105
16 106
16 107
17 18
17 21
17 22
17 28
17 32
17 33
17 35
17 38
17 41
17 43
17 50
17 55
17 57
17 59
17 61
17 64
17 68
17 72
17 74
17 78
17 79
17 80
17 84
17 89
17 93
17 94
17 96
17 99
17 100
17 101
17 107
18 20
18 22
18 24
18 25
18 26
18 38
18 39
18 40
18 41
18 42
18 43
18 44
18 45
18 46
18 51
18 55
18 60
18 63
18 64
18 65
18 66
18 71
18 72
18 74
18 76
18 81
18 82
18 84
18 86
18 88
18 89
18 92
18 95
18 101
18 105
19 20
19 21
19 22
19 27
19 28
19 32
19 34
19 36
19 37
19 38
19 39
19 40
19 41
19 42
19 43
19 47
19 48
19 51
19 56
19 57
19 58
19 59
19 61
19 67
19 69
19 72
19 73
19 75
19 78
19 79
19 80
19 86
19 89
19 92
19 93
19 94
19 95
19 96
19 98
19 99
19 100
19 103
19 104
19 106
20 21
20 23
20 24
20 25
20 29
20 30
20 37
20 49
20 53
20 55
20 57
20 58
20 60
20 61
20 63
20 64
20 72
20 73
20 74
20 76
20 81
20 84
20 86
20 87
20 88
20 89
20 90
20 93
20 95
20 97
20 98
20 99
20 101
20 103
20 106
20 107
20 109
21 22
21 27
21 28
21 31
21 34
21 38
21 41
21 45
21 47
21 49
21 54
21 55
21 58
21 60
21 61
21 62
21 64
21 65
21 66
21 67
21 69
21 70
21 71
21 72
21 73
21 74
21 75
21 77
21 78
21 82
21 83
21 86
21 88
21 89
21 94
21 96
21 97
21 98
21 99
21 101
21 104
21 105
21 106
21 109
22 23
22 24
22 25
22 27
22 28
22 29
22 30
22 31
22 34
22 36
22 38
22 40
22 48
22 51
22 52
22 53
22 58
22 60
22 63
22 69
22 73
22 77
22 79
22 81
22 88
22 90
22 92
22 94
22 96
22 100
22 105
22 106
22 108
23 24
23 25
23 26
23 28
23 29
23 30
23 34
23 35
23 36
23 38
23 40
23 42
23 43
23 45
23 47
23 48
23 49
23 50
23 52
23 53
23 54
23 59
23 60
23 61
23 63
23 66
23 68
23 75
23 77
23 81
23 82
23 83
23 89
23 92
23 94
23 98
23 101
23 108
23 109
24 25
24 31
24 36
24 42
24 44
24 46
24 50
24 51
24 52
24 55
24 56
24 58
24 60
24 64
24 66
24 68
24 70
24 71
24 73
24 74
24 75
24 76
24 77
24 82
24 83
24 86
24 87
24 88
24 89
24 96
24 100
24 104
24 108
25 26
25 27
25 28
25 31
25 32
25 33
25 34
25 35
25 39
25 40
25 45
25 46
25 49
25 50
25 51
25 64
25 65
25 70
25 76
25 78
25 79
25 80
25 83
25 85
25 86
25 87
25 89
25 91
25 93
25 94
25 97
25 100
26 27
26 29
26 30
26 31
26 33
26 34
26 36
26 37
26 43
26 44
26 46
26 47
26 48
26 50
26 52
26 60
26 62
26 63
26 65
26 67
26 69
26 73
26 74
26 75
26 77
26 83
26 84
26 86
26 87
26 90
26 91
26 92
26 94
26 96
26 97
26 99
26 102
26 104
26 105
26 106
26 108
27 29
27 31
27 33
27 35
27 36
27 39
27 42
27 43
27 44
27 45
27 48
27 52
27 59
27 61
27 62
27 63
27 69
27 71
27 75
27 76
27 77
27 79
27 82
27 84
27 85
27 86
27 94
27 97
27 100
27 101
27 102
27 103
27 105
27 106
27 107
27 108
28 34
28 35
28 37
28 40
28 41
28 43
28 47
28 50
28 54
28 57
28 58
28 61
28 67
28 72
28 75
28 76
28 77
28 78
28 79
28 80
28 81
28 82
28 83
28 89
28 90
28 91
28 94
28 95
28 96
28 97
28 98
28 101
28 102
28 104
28 105
28 106
28 108
29 30
29 31
29 32
29 33
29 36
29 37
29 46
29 47
29 50
29 56
29 57
29 58
29 59
29 61
29 63
29 65
29 66
29 69
29 70
29 71
29 72
29 87
29 97
29 99
29 104
29 105
29 106
29 109
30 43
30 44
30 52
30 54
30 55
30 56
30 59
30 60
30 63
30 65
30 68
30 69
30 74
30 78
30 79
30 80
30 81
30 82
30 83
30 84
30 86
30 88
30 91
30 93
30 96
30 99
30 101
30 105
30 107
30 108
30 109
31 32
31 34
31 35
31 39
31 40
31 41
31 43
31 47
31 51
31 54
31 58
31 62
31 68
31 71
31 72
31 73
31 74
31 76
31 77
31 81
31 82
31 83
31 85
31 89
31 90
31 93
31 94
31 96
31 100
31 102
31 109
32 33
32 34
32 38
32 40
32 42
32 43
32 45
32 46
32 51
32 58
32 59
32 60
32 61
32 62
32 63
32 64
32 65
32 66
32 74
32 78
32 80
32 81
32 84
32 88
32 93
32 96
32 98
32 101
32 103
32 106
32 107
33 34
33 39
33 41
33 42
33 44
33 47
33 53
33 55
33 58
33 61
33 64
33 66
33 69
33 72
33 75
33 77
33 82
33 86
33 90
33 91
33 94
33 98
33 99
33 103
33 106
33 108
33 109
34 38
34 45
34 47
34 54
34 57
34 58
34 59
34 61
34 62
34 67
34 70
34 71
34 72
34 74
34 78
34 79
34 81
34 83
34 85
34 88
34 92
34 93
34 99
34 100
34 103
34 104
34 106
34 109
35 38
35 48
35 49
35 51
35 52
35 54
35 55
35 57
35 59
35 62
35 64
35 67
35 72
35 73
35 76
35 79
35 80
35 82
35 85
35 86
35 90
35 92
35 96
35 97
35 100
35 102
35 104
35 106
36 38
36 40
36 41
36 42
36 43
36 44
36 48
36 49
36 50
36 51
36 53
36 54
36 56
36 57
36 61
36 62
36 63
36 65
36 66
36 67
36 68
36 69
36 71
36 72
36 75
36 76
36 78
36 79
36 88
36 91
36 95
36 97
36 98
36 103
36 106
36 107
37 38
37 39
37 40
37 43
37 44
37 49
37 50
37 51
37 52
37 57
37 64
37 65
37 66
37 69
37 73
37 74
37 75
37 76
37 81
37 82
37 84
37 85
37 87
37 92
37 94
37 98
37 99
37 100
37 104
37 106
37 107
37 108
38 40
38 41
38 46
38 47
38 48
38 50
38 59
38 60
38 61
38 62
38 74
38 77
38 78
38 79
38 82
38 85
38 86
38 87
38 88
38 89
38 90
38 92
38 93
38 94
38 95
38 99
38 100
38 107
38 109
39 43
39 46
39 54
39 56
39 57
39 59
39 63
39 66
39 69
39 73
39 74
39 79
39 82
39 84
39 85
39 86
39 89
39 92
39 93
39 94
39 95
39 96
39 97
39 100
39 102
39 105
39 106
39 108
39 109
40 41
40 43
40 47
40 49
40 55
40 56
40 57
40 59
40 62
40 63
40 65
40 66
40 71
40 72
40 73
40 78
40 79
40 80
40 81
40 85
40 88
40 90
40 91
40 93
40 94
40 95
40 98
40 102
40 103
40 105
40 107
40 109
41 42
41 43
41 45
41 48
41 49
41 50
41 51
41 53
41 54
41 55
41 56
41 59
41 60
41 61
41 62
41 63
41 64
41 65
41 69
41 70
41 72
41 73
41 77
41 79
41 80
41 81
41 82
41 83
41 84
41 89
41 91
41 96
41 99
41 103
41 108
42 46
42 49
42 53
42 55
42 59
42 62
42 66
42 67
42 68
42 69
42 72
42 75
42 76
42 77
42 78
42 79
42 80
42 82
42 84
42 86
42 90
42 91
42 92
42 94
42 99
42 101
42 102
42 103
42 106
42 108
42 109
43 48
43 49
43 50
43 51
43 54
43 56
43 60
43 67
43 68
43 71
43 78
43 81
43 84
43 85
43 94
43 99
43 100
43 103
43 105
43 107
44 45
44 49
44 53
44 54
44 55
44 57
44 64
44 65
44 68
44 70
44 71
44 73
44 74
44 76
44 79
44 81
44 82
44 86
44 88
44 91
44 93
44 94
44 96
44 97
44 102
44 104
44 107
45 47
45 58
45 63
45 66
45 68
45 77
45 78
45 79
45 81
45 83
45 87
45 89
45 90
45 96
45 99
45 101
45 102
45 103
45 105
46 47
46 48
46 50
46 55
46 62
46 64
46 69
46 70
46 72
46 76
46 80
46 82
46 86
46 89
46 92
46 95
46 96
46 97
46 102
46 106
46 108
47 48
47 51
47 52
47 54
47 60
47 63
47 65
47 68
47 70
47 74
47 76
47 81
47 82
47 85
47 87
47 89
47 97
47 98
47 99
47 102
47 104
47 105
47 106
47 109
48 52
48 53
48 55
48 58
48 60
48 62
48 64
48 67
48 68
48 69
48 71
48 72
48 78
48 79
48 80
48 82
48 83
48 85
48 86
48 93
48 94
48 99
48 101
48 102
48 103
49 50
49 51
49 54
49 56
49 58
49 60
49 61
49 67
49 71
49 72
49 74
49 75
49 76
49 77
49 78
49 79
49 82
49 84
49 87
49 93
49 94
49 95
49 96
49 98
49 99
49 101
49 103
49 105
49 106
49 109
50 61
50 63
50 64
50 75
50 78
50 81
50 83
50 86
50 88
50 89
50 90
50 91
50 95
50 98
50 99
50 101
50 105
50 106
50 109
51 52
51 53
51 55
51 56
51 57
51 58
51 59
51 62
51 63
51 65
51 66
51 67
51 70
51 71
51 72
51 73
51 77
51 78
51 81
51 82
51 84
51 89
51 90
51 92
51 93
51 94
51 95
51 97
51 98
51 101
51 102
51 103
51 105
52 53
52 55
52 59
52 61
52 62
52 63
52 64
52 65
52 67
52 68
52 73
52 75
52 78
52 79
52 85
52 86
52 92
52 93
52 96
52 97
52 99
52 100
52 101
52 103
52 104
52 106
52 107
53 54
53 55
53 57
53 59
53 60
53 62
53 64
53 65
53 67
53 68
53 77
53 78
53 79
53 83
53 87
53 88
53 92
53 93
53 95
53 97
53 98
53 101
53 102
53 105
53 106
53 107
54 57
54 60
54 61
54 66
54 67
54 69
54 75
54 80
54 81
54 84
54 87
54 88
54 90
54 91
54 97
54 98
54 99
54 101
54 103
55 56
55 57
55 60
55 61
55 63
55 64
55 66
55 67
55 68
55 70
55 73
55 75
55 77
55 78
55 79
55 82
55 84
55 85
55 87
55 88
55 91
55 92
55 93
55 96
55 97
55 98
55 99
55 100
55 102
55 103
55 104
55 109
56 58
56 61
56 63
56 68
56 69
56 72
56 74
56 77
56 79
56 80
56 82
56 84
56 85
56 88
56 89
56 92
56 93
56 96
56 98
56 102
57 58
57 67
57 70
57 71
57 75
57 77
57 78
57 81
57 82
57 88
57 94
57 96
57 97
57 103
57 104
57 105
57 106
57 109
58 61
58 63
58 64
58 66
58 67
58 69
58 74
58 77
58 79
58 80
58 81
58 82
58 85
58 87
58 90
58 91
58 93
58 102
58 106
59 60
59 61
59 62
59 64
59 66
59 67
59 70
59 72
59 73
59 75
59 78
59 80
59 82
59 84
59 86
59 87
59 88
59 90
59 91
59 96
59 97
59 103
59 105
60 61
60 70
60 71
60 72
60 73
60 76
60 77
60 78
60 79
60 82
60 87
60 90
60 94
60 95
60 97
60 98
60 103
60 108
61 70
61 72
61 75
61 76
61 77
61 78
61 84
61 85
61 86
61 87
61 88
61 90
61 93
61 94
61 98
61 99
61 105
61 107
62 64
62 65
62 66
62 70
62 72
62 75
62 76
62 80
62 81
62 82
62 84
62 87
62 88
62 89
62 92
62 93
62 96
62 99
62 102
62 105
63 66
63 70
63 71
63 72
63 73
63 76
63 79
63 80
63 81
63 85
63 90
63 92
63 93
63 94
63 96
63 98
63 99
63 100
63 102
63 104
63 105
63 106
63 107
64 65
64 66
64 67
64 68
64 70
64 71
64 72
64 74
64 76
64 77
64 78
64 79
64 81
64 90
64 93
64 94
64 98
64 99
64 100
64 103
64 104
64 105
64 107
64 109
65 67
65 71
65 72
65 73
65 74
65 75
65 76
65 78
65 80
65 81
65 82
65 83
65 85
65 87
65 90
65 91
65 93
65 94
65 98
65 100
65 102
65 104
65 107
65 108
66 69
66 71
66 76
66 77
66 79
66 80
66 85
66 88
66 89
66 90
66 94
66 98
66 99
66 101
66 103
66 104
66 106
66 109
67 68
67 71
67 72
67 77
67 81
67 83
67 84
67 85
67 87
67 93
67 94
67 97
67 102
67 105
67 108
68 69
68 70
68 72
68 75
68 79
68 81
68 85
68 86
68 87
68 92
68 93
68 96
68 97
68 100
68 102
68 104
68 105
68 106
69 70
69 73
69 74
69 76
69 85
69 87
69 88
69 91
69 93
69 95
69 96
69 99
69 104
69 107
69 108
70 72
70 73
70 78
70 81
70 82
70 83
70 84
70 86
70 87
70 92
70 97
70 104
70 107
70 108
71 72
71 73
71 76
71 81
71 84
71 90
71 91
71 93
71 96
71 100
71 103
71 104
71 108
72 74
72 76
72 77
72 80
72 84
72 87
72 88
72 91
72 92
72 96
72 100
72 101
72 103
72 105
72 106
73 74
73 75
73 78
73 83
73 85
73 86
73 90
73 94
73 96
73 99
73 104
73 108
74 79
74 91
74 93
74 94
74 95
74 97
74 99
74 102
74 104
74 107
74 109
75 76
75 78
75 79
75 80
75 82
75 84
75 86
75 87
75 92
75 98
75 100
75 102
75 105
76 77
76 78
76 79
76 80
76 83
76 90
76 93
76 94
76 95
76 97
76 98
76 103
76 105
76 109
77 80
77 83
77 84
77 86
77 87
77 88
77 90
77 95
77 96
77 97
77 102
77 104
78 80
78 85
78 86
78 90
78 93
78 94
78 96
78 97
78 99
78 101
78 103
78 104
78 105
79 81
79 82
79 85
79 86
79 89
79 90
79 92
79 93
79 96
79 97
79 98
79 101
79 103
79 105
79 108
80 90
80 96
80 97
80 99
80 100
80 103
80 105
81 86
81 89
81 93
81 99
81 101
81 105
81 107
81 109
82 84
82 85
82 86
82 93
82 95
82 97
82 99
82 103
82 105
82 108
82 109
83 85
83 87
83 88
83 93
83 94
83 95
83 96
83 98
83 105
83 108
83 109
84 88
84 89
84 90
84 91
84 92
84 93
84 95
84 96
84 99
84 100
84 101
84 107
84 108
85 88
85 90
85 92
85 94
85 98
85 100
85 105
85 106
85 107
86 87
86 88
86 89
86 90
86 91
86 94
86 95
86 99
86 101
86 102
86 103
86 104
86 108
87 88
87 91
87 92
87 93
87 95
87 96
87 97
87 99
87 100
87 103
87 106
87 107
87 109
88 89
88 92
88 94
88 95
88 100
88 101
88 103
88 104
88 106
89 97
89 99
89 101
89 102
89 103
89 107
89 108
90 91
90 92
90 96
90 97
90 102
90 105
90 106
90 107
91 93
91 97
91 99
91 103
91 106
91 107
91 109
92 95
92 97
92 98
92 99
92 105
92 108
93 96
93 97
93 99
93 100
93 101
93 102
93 103
93 106
93 108
94 95
94 98
94 99
94 101
94 108
95 98
95 99
95 100
95 101
95 106
95 107
96 97
96 100
96 101
96 102
96 106
96 108
97 98
97 101
97 102
97 103
97 105
98 102
98 109
99 102
99 103
99 105
99 106
99 108
101 105
101 107
102 106
103 104
103 106
103 107
103 108
105 109
106 107
107 109
23 32 97 101 66 76 84 1 30 83 14 8 6 104 0 28 107 80 11 71 40 19
100 53 16 21 34 25 49 3 15 72 78 61 94 81 20 44 7 108 52 24 22 96
2 105 70 75 89 109 39 50 68 60 79 67 26 43 98 56 64 73 58 54 48 99
41 86 59 12 92 27 35 47 5 36 69 42 10 63 46 9 65 88 103 82 51 4
31 17 45 74 57 18 38 13 87 29 55 77 85 91 95 90 62 93 37 106 33 102
