110
2387
10
0 3
0 7
0 8
0 10
0 11
0 13
0 16
0 17
0 18
0 22
0 24
0 26
0 27
0 33
0 34
0 36
0 37
0 41
0 43
0 46
0 48
0 54
0 58
0 63
0 65
0 66
0 67
0 68
0 73
0 76
0 77
0 78
0 80
0 82
0 89
0 90
0 91
0 94
0 96
0 98
0 101
0 105
1 2
1 3
1 6
1 7
1 8
1 13
1 16
1 19
1 20
1 23
1 25
1 28
1 31
1 32
1 35
1 39
1 40
1 42
1 48
1 49
1 50
1 52
1 54
1 56
1 57
1 58
1 59
1 60
1 61
1 62
1 64
1 76
1 77
1 78
1 79
1 82
1 83
1 87
1 90
1 95
1 96
1 97
1 101
1 102
1 103
1 104
1 105
1 106
1 108
1 109
2 3
2 4
2 6
2 7
2 8
2 14
2 15
2 22
2 27
2 28
2 30
2 34
2 36
2 37
2 42
2 43
2 44
2 45
2 46
2 47
2 48
2 51
2 53
2 62
2 65
2 66
2 68
2 70
2 75
2 76
2 77
2 78
2 80
2 82
2 83
2 84
2 91
2 92
2 99
2 100
2 101
2 104
2 105
2 107
2 108
3 5
3 9
3 10
3 13
3 14
3 15
3 16
3 17
3 21
3 23
3 24
3 26
3 27
3 31
3 34
3 39
3 40
3 42
3 43
3 44
3 54
3 57
3 58
3 60
3 62
3 63
3 64
3 71
3 72
3 75
3 78
3 85
3 87
3 90
3 92
3 94
3 98
3 99
3 100
3 104
3 105
3 107
3 108
4 7
4 14
4 18
4 20
4 23
4 27
4 29
4 34
4 37
4 38
4 39
4 40
4 45
4 48
4 49
4 51
4 54
4 58
4 60
4 67
4 72
4 73
4 75
4 76
4 79
4 81
4 89
4 93
4 96
4 107
4 109
5 11
5 12
5 17
5 19
5 23
5 29
5 31
5 35
5 37
5 40
5 41
5 42
5 48
5 53
5 58
5 61
5 62
5 63
5 64
5 65
5 67
5 68
5 74
5 76
5 77
5 82
5 87
5 88
5 90
5 91
5 94
5 95
5 97
5 103
5 106
6 16
6 18
6 19
6 23
6 27
6 29
6 30
6 36
6 37
6 38
6 47
6 51
6 52
6 53
6 59
6 61
6 63
6 64
6 65
6 66
6 67
6 74
6 80
6 81
6 82
6 83
6 89
6 91
6 95
6 96
6 97
6 98
6 100
6 105
6 106
7 8
7 10
7 11
7 15
7 20
7 21
7 22
7 26
7 33
7 37
7 39
7 42
7 44
7 45
7 46
7 47
7 48
7 49
7 50
7 53
7 54
7 57
7 60
7 64
7 65
7 66
7 67
7 68
7 69
7 75
7 76
7 77
7 78
7 81
7 82
7 85
7 87
7 89
7 90
7 91
7 101
7 102
7 103
7 106
7 108
7 109
8 10
8 14
8 17
8 18
8 19
8 21
8 22
8 23
8 28
8 29
8 32
8 34
8 36
8 37
8 40
8 43
8 44
8 46
8 50
8 54
8 55
8 63
8 68
8 69
8 71
8 72
8 73
8 77
8 78
8 80
8 83
8 84
8 87
8 91
8 97
8 98
8 101
8 106
8 107
9 12
9 14
9 19
9 22
9 24
9 26
9 28
9 31
9 32
9 33
9 34
9 36
9 41
9 42
9 44
9 49
9 51
9 52
9 53
9 54
9 60
9 61
9 66
9 68
9 70
9 72
9 76
9 77
9 78
9 81
9 85
9 88
9 89
9 91
9 92
9 94
9 95
9 96
9 99
9 101
9 102
9 103
9 107
9 109
10 13
10 14
10 16
10 17
10 18
10 20
10 22
10 23
10 25
10 26
10 30
10 33
10 34
10 35
10 36
10 38
10 39
10 40
10 42
10 43
10 44
10 51
10 53
10 54
10 57
10 59
10 61
10 65
10 66
10 67
10 69
10 71
10 73
10 75
10 77
10 78
10 79
10 81
10 84
10 99
10 102
10 104
10 105
10 107
11 14
11 16
11 17
11 18
11 20
11 23
11 28
11 30
11 31
11 33
11 37
11 39
11 41
11 45
11 47
11 49
11 51
11 54
11 56
11 61
11 64
11 65
11 67
11 69
11 70
11 71
11 72
11 73
11 74
11 75
11 80
11 82
11 84
11 85
11 86
11 87
11 89
11 91
11 93
11 94
11 95
11 96
11 97
11 101
11 102
11 103
11 104
11 106
11 109
12 17
12 19
12 20
12 24
12 28
12 34
12 36
12 37
12 38
12 41
12 44
12 45
12 47
12 51
12 52
12 57
12 58
12 61
12 64
12 68
12 70
12 75
12 77
12 80
12 82
12 85
12 87
12 90
12 92
12 93
12 94
12 96
12 99
12 100
12 106
12 109
13 15
13 19
13 23
13 28
13 32
13 35
13 40
13 42
13 43
13 46
13 47
13 50
13 54
13 55
13 59
13 60
13 64
13 66
13 68
13 71
13 73
13 76
13 77
13 78
13 80
13 87
13 88
13 89
13 90
13 95
13 96
13 99
13 100
13 101
13 106
13 107
14 16
14 17
14 21
14 25
14 27
14 29
14 34
14 38
14 39
14 42
14 43
14 45
14 47
14 49
14 50
14 51
14 52
14 56
14 59
14 60
14 61
14 62
14 65
14 67
14 73
14 75
14 76
14 77
14 81
14 82
14 86
14 87
14 88
14 91
14 95
14 96
14 98
14 99
14 100
14 105
14 108
15 21
15 23
15 24
15 25
15 26
15 27
15 30
15 31
15 32
15 35
15 38
15 39
15 40
15 42
15 43
15 44
15 45
15 46
15 48
15 51
15 55
15 56
15 57
15 63
15 67
15 68
15 73
15 74
15 77
15 79
15 83
15 84
15 85
15 89
15 90
15 94
15 97
15 102
15 105
15 106
15 108
15 109
16 17
16 18
16 20
16 24
16 27
16 31
16 32
16 39
16 41
16 42
16 47
16 48
16 49
16 51
16 57
16 58
16 59
16 65
16 66
16 69
16 75
16 78
16 79
16 80
16 81
16 82
16 84
16 85
16 86
16 87
16 88
16 89
16 93
16 94
16 95
16 105
16 107
17 19
17 20
17 23
17 27
17 28
17 38
17 40
17 41
17 42
17 43
17 44
17 45
17 46
17 48
17 52
17 53
17 60
17 61
17 62
17 64
17 65
17 66
17 67
17 71
17 72
17 73
17 75
17 76
17 77
17 78
17 79
17 82
17 84
17 85
17 86
17 91
17 92
17 93
17 95
17 96
17 100
17 103
17 105
17 109
18 21
18 22
18 23
18 29
18 31
18 37
18 39
18 40
18 41
18 48
18 52
18 54
18 55
18 58
18 59
18 61
18 62
18 63
18 64
18 65
18 69
18 70
18 71
18 72
18 75
18 76
18 77
18 78
18 82
18 85
18 89
18 91
18 92
18 97
18 99
18 100
18 104
18 106
18 108
18 109
19 20
19 22
19 23
19 25
19 26
19 34
19 39
19 40
19 42
19 43
19 46
19 47
19 49
19 51
19 54
19 58
19 59
19 63
19 65
19 69
19 74
19 76
19 79
19 80
19 81
19 82
19 83
19 87
19 88
19 90
19 92
19 94
19 96
19 97
19 102
19 104
19 109
20 22
20 25
20 27
20 28
20 36
20 42
20 44
20 47
20 51
20 52
20 54
20 56
20 59
20 60
20 62
20 66
20 67
20 69
20 71
20 74
20 76
20 77
20 78
20 80
20 82
20 83
20 90
20 91
20 92
20 93
20 94
20 96
20 98
20 99
20 101
20 102
20 103
20 105
20 106
20 107
21 23
21 24
21 25
21 26
21 29
21 32
21 33
21 34
21 37
21 44
21 48
21 49
21 50
21 51
21 52
21 53
21 56
21 58
21 59
21 62
21 65
21 68
21 69
21 70
21 72
21 73
21 74
21 82
21 87
21 93
21 97
21 101
21 102
21 103
21 104
21 105
21 108
21 109
22 24
22 26
22 29
22 30
22 34
22 39
22 41
22 42
22 44
22 48
22 50
22 51
22 53
22 55
22 58
22 59
22 61
22 65
22 75
22 78
22 79
22 84
22 85
22 86
22 88
22 92
22 93
22 95
22 96
22 98
22 102
22 104
22 105
23 25
23 26
23 29
23 32
23 33
23 36
23 43
23 44
23 46
23 47
23 48
23 50
23 51
23 54
23 65
23 67
23 73
23 76
23 81
23 85
23 88
23 89
23 90
23 91
23 92
23 100
23 102
23 104
23 107
23 109
24 26
24 30
24 32
24 38
24 43
24 45
24 48
24 53
24 55
24 64
24 67
24 69
24 70
24 75
24 76
24 78
24 82
24 85
24 87
24 88
24 92
24 95
24 96
24 98
24 99
24 101
24 102
24 104
24 105
24 107
24 108
25 29
25 33
25 35
25 38
25 40
25 41
25 43
25 44
25 45
25 47
25 48
25 49
25 55
25 56
25 57
25 58
25 64
25 66
25 68
25 71
25 72
25 76
25 77
25 82
25 84
25 89
25 90
25 92
25 93
25 94
25 96
25 103
25 104
25 106
25 108
26 27
26 28
26 32
26 33
26 38
26 39
26 41
26 42
26 44
26 46
26 48
26 50
26 52
26 53
26 55
26 56
26 57
26 61
26 62
26 63
26 64
26 65
26 67
26 70
26 72
26 78
26 79
26 81
26 83
26 85
26 87
26 90
26 91
26 92
26 93
26 94
26 95
26 100
26 103
26 105
26 107
26 108
26 109
27 32
27 37
27 41
27 44
27 46
27 47
27 49
27 50
27 51
27 60
27 62
27 63
27 65
27 67
27 69
27 70
27 73
27 77
27 79
27 82
27 84
27 86
27 89
27 100
27 101
27 109
28 35
28 36
28 38
28 39
28 43
28 47
28 51
28 55
28 56
28 59
28 71
28 72
28 74
28 75
28 77
28 78
28 79
28 81
28 82
28 83
28 84
28 89
28 96
28 97
28 98
28 107
28 108
29 31
29 32
29 34
29 37
29 41
29 44
29 46
29 51
29 53
29 54
29 55
29 56
29 57
29 58
29 63
29 68
29 69
29 70
29 71
29 74
29 75
29 76
29 77
29 82
29 84
29 86
29 90
29 96
29 97
29 99
29 105
29 106
29 107
29 108
29 109
30 33
30 36
30 38
30 39
30 44
30 48
30 53
30 54
30 57
30 59
30 63
30 66
30 69
30 70
30 72
30 73
30 75
30 81
30 84
30 86
30 89
30 90
30 93
30 94
30 97
30 104
30 105
31 35
31 42
31 44
31 47
31 49
31 51
31 52
31 55
31 57
31 58
31 59
31 61
31 71
31 73
31 76
31 77
31 78
31 80
31 90
31 91
31 94
31 97
31 98
31 99
31 104
31 105
31 107
31 108
32 34
32 41
32 42
32 45
32 46
32 49
32 50
32 57
32 65
32 67
32 72
32 73
32 78
32 81
32 82
32 83
32 85
32 87
32 89
32 90
32 92
32 94
32 96
32 98
32 99
32 100
32 103
32 107
33 47
33 49
33 50
33 51
33 59
33 63
33 64
33 66
33 67
33 76
33 78
33 80
33 82
33 86
33 88
33 89
33 90
33 94
33 96
33 102
33 107
34 35
34 37
34 39
34 40
34 44
34 45
34 46
34 50
34 53
34 58
34 59
34 61
34 64
34 65
34 67
34 68
34 72
34 75
34 76
34 79
34 80
34 81
34 84
34 86
34 87
34 88
34 90
34 91
34 92
34 93
34 95
34 98
34 102
34 104
34 107
34 108
35 36
35 38
35 39
35 40
35 42
35 43
35 48
35 50
35 51
35 52
35 66
35 70
35 71
35 72
35 76
35 78
35 81
35 82
35 83
35 84
35 88
35 93
35 96
35 97
35 100
35 101
35 107
35 109
36 39
36 43
36 48
36 49
36 55
36 60
36 66
36 72
36 74
36 78
36 82
36 84
36 87
36 95
36 97
36 98
36 99
36 101
36 106
37 38
37 42
37 45
37 49
37 50
37 53
37 64
37 67
37 68
37 69
37 72
37 77
37 78
37 79
37 80
37 83
37 84
37 85
37 89
37 92
37 93
37 94
37 95
37 96
37 100
37 102
37 104
37 105
37 106
38 40
38 43
38 51
38 52
38 53
38 54
38 55
38 57
38 64
38 66
38 69
38 72
38 73
38 77
38 79
38 80
38 83
38 88
38 91
38 93
38 94
38 95
38 96
38 98
38 103
38 104
38 107
39 45
39 47
39 51
39 53
39 60
39 61
39 62
39 63
39 65
39 66
39 68
39 70
39 71
39 77
39 80
39 81
39 82
39 83
39 87
39 90
39 93
39 96
39 97
39 98
39 100
39 104
39 105
39 106
39 108
40 42
40 46
40 53
40 55
40 57
40 62
40 63
40 64
40 68
40 69
40 72
40 74
40 80
40 81
40 82
40 83
40 84
40 85
40 87
40 89
40 92
40 93
40 95
40 97
40 100
40 101
40 104
40 105
40 106
41 42
41 47
41 54
41 56
41 57
41 63
41 64
41 65
41 66
41 68
41 70
41 71
41 73
41 75
41 80
41 83
41 84
41 85
41 88
41 93
41 96
41 99
41 102
41 104
41 105
41 108
42 43
42 46
42 49
42 51
42 52
42 53
42 54
42 55
42 59
42 60
42 63
42 71
42 72
42 73
42 74
42 75
42 80
42 82
42 85
42 87
42 89
42 94
42 99
42 101
42 102
43 46
43 48
43 50
43 52
43 55
43 56
43 58
43 59
43 61
43 62
43 63
43 64
43 66
43 68
43 70
43 71
43 73
43 80
43 81
43 82
43 86
43 88
43 90
43 91
43 93
43 96
43 98
43 99
43 100
43 101
43 103
43 104
43 107
43 108
43 109
44 46
44 48
44 49
44 52
44 54
44 55
44 58
44 59
44 63
44 65
44 68
44 73
44 75
44 82
44 87
44 88
44 89
44 92
44 95
44 96
44 97
44 99
44 101
44 105
44 106
44 109
45 47
45 48
45 49
45 50
45 51
45 53
45 55
45 56
45 57
45 58
45 59
45 61
45 62
45 65
45 67
45 69
45 72
45 73
45 74
45 76
45 79
45 85
45 87
45 89
45 96
45 98
45 104
45 105
45 107
45 109
46 47
46 50
46 51
46 56
46 58
46 61
46 64
46 66
46 69
46 70
46 75
46 76
46 77
46 78
46 80
46 91
46 92
46 95
46 101
46 102
46 103
46 106
46 108
47 50
47 56
47 62
47 63
47 70
47 73
47 74
47 76
47 77
47 79
47 83
47 86
47 87
47 90
47 91
47 93
47 95
47 96
47 98
47 100
47 104
47 105
47 107
47 109
48 54
48 56
48 58
48 61
48 64
48 65
48 66
48 67
48 69
48 71
48 81
48 87
48 88
48 89
48 90
48 92
48 94
48 98
48 101
48 102
48 103
48 105
49 50
49 61
49 62
49 63
49 65
49 66
49 70
49 71
49 74
49 76
49 81
49 84
49 85
49 90
49 95
49 99
49 102
49 106
49 107
49 108
50 54
50 58
50 60
50 61
50 63
50 65
50 67
50 68
50 70
50 71
50 72
50 73
50 74
50 78
50 82
50 86
50 87
50 88
50 90
50 93
50 94
50 96
50 98
50 103
50 104
51 53
51 56
51 58
51 59
51 61
51 62
51 63
51 64
51 65
51 66
51 69
51 72
51 73
51 74
51 75
51 81
51 82
51 84
51 88
51 89
51 91
51 92
51 93
51 94
51 99
52 56
52 59
52 61
52 64
52 67
52 68
52 69
52 73
52 75
52 76
52 79
52 80
52 86
52 90
52 92
52 93
52 96
52 100
52 102
52 106
52 108
53 61
53 62
53 65
53 77
53 78
53 79
53 87
53 89
53 90
53 91
53 94
53 97
53 100
53 101
53 108
53 109
54 56
54 57
54 65
54 66
54 67
54 69
54 72
54 77
54 79
54 80
54 81
54 82
54 83
54 88
54 94
54 99
54 100
54 102
54 104
54 105
54 107
54 108
54 109
55 61
55 72
55 73
55 75
55 77
55 80
55 83
55 88
55 102
56 57
56 62
56 63
56 66
56 68
56 72
56 78
56 82
56 83
56 84
56 85
56 87
56 88
56 89
56 90
56 93
56 95
56 96
56 97
56 99
56 100
56 102
57 59
57 60
57 62
57 64
57 65
57 66
57 68
57 73
57 74
57 75
57 76
57 77
57 78
57 87
57 88
57 89
57 93
57 96
57 98
57 99
57 100
57 102
57 105
57 107
58 64
58 66
58 67
58 68
58 71
58 73
58 76
58 77
58 79
58 85
58 91
58 92
58 95
58 96
58 98
58 99
58 100
58 106
59 62
59 63
59 65
59 67
59 69
59 70
59 71
59 73
59 74
59 75
59 76
59 77
59 79
59 81
59 82
59 86
59 87
59 90
59 94
59 96
59 98
59 100
59 101
59 104
60 61
60 62
60 63
60 64
60 68
60 70
60 74
60 75
60 77
60 78
60 84
60 87
60 91
60 93
60 95
60 96
60 97
60 103
60 106
60 108
61 70
61 71
61 72
61 80
61 88
61 89
61 90
61 92
61 96
61 98
61 100
61 101
61 109
62 66
62 69
62 70
62 72
62 75
62 77
62 84
62 86
62 88
62 92
62 95
62 97
62 100
62 101
62 105
62 107
62 109
63 65
63 67
63 68
63 70
63 73
63 74
63 79
63 80
63 81
63 83
63 89
63 90
63 91
63 92
63 95
63 99
63 103
63 105
63 106
64 70
64 72
64 73
64 74
64 75
64 80
64 82
64 83
64 84
64 85
64 93
64 94
64 97
64 98
64 101
64 103
64 104
64 105
64 106
64 108
65 66
65 69
65 72
65 74
65 76
65 77
65 79
65 80
65 82
65 85
65 86
65 91
65 94
65 95
65 97
65 100
65 101
65 102
65 104
65 105
65 106
65 109
66 68
66 72
66 73
66 78
66 79
66 81
66 85
66 86
66 88
66 91
66 93
66 94
66 95
66 98
66 104
67 69
67 70
67 72
67 73
67 74
67 78
67 79
67 81
67 84
67 85
67 86
67 87
67 88
67 96
67 97
67 99
67 100
67 105
67 107
68 69
68 71
68 74
68 78
68 82
68 83
68 88
68 89
68 94
68 101
68 103
68 105
68 106
68 108
68 109
69 70
69 71
69 79
69 81
69 86
69 90
69 94
69 95
69 99
69 102
69 104
69 105
69 109
70 74
70 81
70 82
70 86
70 90
70 91
70 94
70 98
70 99
70 100
70 103
70 104
70 106
70 107
71 72
71 75
71 77
71 79
71 82
71 84
71 87
71 94
71 97
71 98
71 99
71 107
71 108
71 109
72 75
72 76
72 77
72 78
72 80
72 81
72 92
72 94
72 97
72 98
72 99
72 101
72 102
72 106
72 109
73 77
73 80
73 81
73 82
73 86
73 91
73 95
73 99
73 100
73 101
73 103
73 105
74 75
74 79
74 80
74 81
74 84
74 88
74 89
74 91
74 95
74 96
74 98
74 99
74 100
74 101
74 109
75 79
75 81
75 86
75 88
75 92
75 97
75 98
75 99
75 101
75 105
76 77
76 79
76 84
76 86
76 87
76 88
76 93
76 94
76 97
76 106
77 78
77 82
77 84
77 85
77 87
77 91
77 93
77 94
77 99
77 100
77 104
77 105
77 107
77 108
78 79
78 83
78 84
78 87
78 92
78 94
78 95
78 96
78 97
78 98
78 99
78 102
78 103
78 104
78 105
78 106
78 108
79 83
79 84
79 88
79 89
79 91
79 92
79 93
79 98
79 99
79 100
79 101
79 102
79 107
79 108
79 109
80 82
80 84
80 85
80 86
80 87
80 88
80 89
80 93
80 94
80 95
80 96
80 98
80 100
80 106
80 107
81 82
81 86
81 94
81 95
81 97
81 98
81 100
81 102
81 104
81 105
81 106
81 107
81 108
81 109
82 83
82 84
82 89
82 91
82 93
82 94
82 95
82 96
82 99
82 105
82 106
82 108
83 84
83 88
83 90
83 92
83 97
83 100
83 102
83 104
83 107
83 108
83 109
84 85
84 90
84 91
84 92
84 94
84 95
84 98
84 103
85 87
85 88
85 91
85 92
85 94
85 95
85 106
85 107
85 109
86 88
86 90
86 91
86 94
86 97
86 98
86 100
86 102
86 106
86 107
86 109
87 96
87 99
87 100
87 101
87 102
87 105
87 106
88 89
88 91
88 98
88 100
88 101
88 104
88 105
88 106
88 109
89 91
89 93
89 95
89 97
89 101
89 108
90 91
90 92
90 94
90 95
90 96
90 99
90 103
90 105
90 106
90 108
91 95
91 96
91 97
91 98
91 102
92 93
92 95
92 98
92 102
92 105
92 107
93 95
93 96
93 97
93 100
93 101
93 104
93 106
93 107
93 109
94 100
94 105
94 108
95 96
95 97
95 100
95 102
95 103
95 104
95 105
95 106
95 108
96 100
96 102
96 103
96 104
96 106
97 99
97 100
97 104
97 106
97 108
97 109
98 99
98 102
98 105
99 102
99 105
99 107
99 108
99 109
100 101
100 102
100 103
100 104
100 106
100 109
101 102
101 103
101 107
101 109
102 103
102 105
102 107
103 105
103 107
103 109
104 108
105 107
106 107
106 109
107 109
108 109
23 29 39 57 54 21 49 37 22 102 19
1 43 26 2 74 82 53 15 92 46 25
76 75 61 63 98 101 83 14 34 104 85
38 71 59 7 8 91 79 62 97 105 10
70 100 33 58 17 40 50 13 9 77 72
89 52 94 81 6 5 48 93 87 41 4
30 56 27 73 65 66 107 16 90 47 31
95 11 96 20 3 84 36 12 106 69 44
0 108 32 99 55 109 78 80 88 24 68
64 28 35 18 42 45 60 103 51 86 67
