110
3006
5
0 1
0 4
0 5
0 10
0 15
0 16
0 19
0 21
0 22
0 23
0 24
0 26
0 27
0 28
0 29
0 30
0 31
0 32
0 33
0 35
0 36
0 37
0 40
0 41
0 42
0 43
0 49
0 51
0 53
0 54
0 56
0 57
0 61
0 62
0 63
0 67
0 69
0 72
0 74
0 78
0 79
0 84
0 85
0 86
0 87
0 88
0 90
0 94
0 95
0 97
0 98
0 101
0 103
0 104
0 105
0 106
0 107
0 109
1 2
1 3
1 4
1 5
1 6
1 7
1 8
1 9
1 10
1 11
1 17
1 20
1 21
1 26
1 28
1 30
1 33
1 35
1 36
1 39
1 42
1 44
1 45
1 46
1 48
1 49
1 50
1 52
1 53
1 57
1 58
1 65
1 66
1 67
1 72
1 73
1 75
1 76
1 77
1 78
1 81
1 82
1 83
1 84
1 88
1 89
1 90
1 94
1 96
1 98
1 100
1 101
1 105
1 106
2 7
2 9
2 11
2 12
2 18
2 20
2 21
2 22
2 23
2 32
2 33
2 34
2 36
2 38
2 39
2 41
2 42
2 43
2 44
2 45
2 47
2 48
2 51
2 53
2 55
2 63
2 65
2 67
2 71
2 73
2 75
2 76
2 78
2 79
2 80
2 83
2 84
2 86
2 87
2 88
2 90
2 93
2 95
2 96
2 98
2 102
2 103
2 104
2 105
2 108
3 4
3 6
3 7
3 8
3 9
3 10
3 11
3 12
3 13
3 14
3 16
3 17
3 18
3 19
3 21
3 24
3 26
3 28
3 30
3 33
3 34
3 35
3 37
3 38
3 40
3 41
3 42
3 43
3 45
3 48
3 49
3 52
3 53
3 54
3 55
3 56
3 59
3 61
3 65
3 66
3 68
3 69
3 72
3 75
3 78
3 83
3 84
3 86
3 87
3 88
3 92
3 94
3 96
3 97
3 105
3 106
3 107
4 6
4 8
4 10
4 14
4 16
4 18
4 20
4 21
4 22
4 23
4 24
4 25
4 26
4 27
4 31
4 32
4 33
4 34
4 35
4 36
4 37
4 39
4 40
4 46
4 48
4 49
4 50
4 51
4 53
4 55
4 57
4 58
4 59
4 61
4 63
4 64
4 65
4 66
4 69
4 71
4 72
4 74
4 75
4 77
4 79
4 80
4 81
4 82
4 86
4 89
4 92
4 93
4 95
4 97
4 102
4 103
4 105
4 106
4 107
4 108
4 109
5 6
5 7
5 12
5 14
5 15
5 18
5 22
5 24
5 25
5 27
5 30
5 32
5 35
5 37
5 38
5 39
5 40
5 41
5 42
5 44
5 46
5 47
5 49
5 51
5 52
5 54
5 61
5 62
5 64
5 65
5 66
5 67
5 68
5 70
5 74
5 75
5 76
5 79
5 81
5 82
5 87
5 88
5 93
5 94
5 97
5 98
5 99
5 103
5 107
5 109
6 7
6 8
6 9
6 10
6 11
6 15
6 16
6 17
6 19
6 21
6 23
6 24
6 25
6 27
6 28
6 31
6 32
6 33
6 34
6 36
6 39
6 40
6 41
6 42
6 44
6 46
6 48
6 56
6 57
6 60
6 61
6 62
6 64
6 65
6 68
6 70
6 72
6 73
6 74
6 75
6 77
6 80
6 82
6 83
6 84
6 85
6 86
6 87
6 88
6 89
6 91
6 92
6 93
6 100
6 104
6 105
6 106
6 107
6 108
7 12
7 13
7 15
7 17
7 18
7 20
7 21
7 23
7 24
7 25
7 26
7 27
7 28
7 30
7 31
7 32
7 33
7 34
7 37
7 38
7 39
7 40
7 41
7 43
7 44
7 45
7 46
7 49
7 51
7 53
7 54
7 56
7 57
7 61
7 62
7 66
7 68
7 69
7 70
7 73
7 75
7 76
7 77
7 78
7 80
7 82
7 83
7 84
7 85
7 89
7 90
7 93
7 94
7 95
7 96
7 101
7 102
7 105
7 106
7 109
8 9
8 10
8 12
8 14
8 15
8 16
8 18
8 19
8 20
8 22
8 24
8 25
8 26
8 30
8 32
8 33
8 34
8 38
8 39
8 40
8 43
8 44
8 48
8 49
8 50
8 51
8 56
8 59
8 61
8 63
8 64
8 67
8 70
8 74
8 75
8 76
8 77
8 79
8 80
8 81
8 82
8 83
8 84
8 93
8 97
8 99
8 101
8 105
8 106
8 107
8 108
8 109
9 10
9 12
9 13
9 14
9 15
9 17
9 19
9 21
9 22
9 24
9 26
9 27
9 28
9 29
9 33
9 37
9 38
9 41
9 42
9 45
9 46
9 50
9 51
9 53
9 54
9 55
9 56
9 57
9 58
9 59
9 60
9 61
9 62
9 63
9 70
9 72
9 74
9 75
9 76
9 77
9 80
9 82
9 84
9 85
9 87
9 90
9 91
9 95
9 96
9 97
9 99
9 100
9 101
9 102
9 104
9 106
9 107
10 18
10 20
10 22
10 23
10 24
10 25
10 26
10 28
10 30
10 31
10 33
10 34
10 41
10 42
10 43
10 45
10 48
10 49
10 50
10 52
10 53
10 54
10 56
10 61
10 62
10 64
10 68
10 70
10 71
10 72
10 73
10 77
10 78
10 80
10 83
10 84
10 86
10 88
10 89
10 92
10 93
10 95
10 97
10 98
10 100
10 101
10 102
11 12
11 13
11 16
11 18
11 22
11 28
11 29
11 31
11 32
11 34
11 41
11 43
11 44
11 47
11 48
11 49
11 50
11 53
11 55
11 59
11 62
11 66
11 69
11 74
11 75
11 76
11 77
11 78
11 80
11 83
11 84
11 85
11 86
11 88
11 89
11 94
11 95
11 97
11 104
11 107
11 108
12 15
12 17
12 18
12 20
12 23
12 24
12 28
12 29
12 30
12 33
12 38
12 40
12 41
12 42
12 43
12 44
12 45
12 47
12 49
12 50
12 52
12 59
12 63
12 64
12 66
12 68
12 70
12 72
12 73
12 74
12 76
12 78
12 80
12 83
12 86
12 88
12 89
12 90
12 91
12 92
12 93
12 97
12 98
12 99
12 100
12 103
12 108
12 109
13 15
13 16
13 17
13 18
13 21
13 22
13 23
13 24
13 25
13 26
13 27
13 28
13 31
13 33
13 35
13 41
13 43
13 44
13 46
13 48
13 49
13 50
13 54
13 56
13 60
13 61
13 62
13 63
13 65
13 68
13 73
13 74
13 75
13 78
13 79
13 80
13 81
13 82
13 85
13 87
13 88
13 90
13 92
13 94
13 95
13 97
13 98
13 100
13 101
13 102
13 105
13 106
13 108
14 16
14 19
14 20
14 23
14 26
14 27
14 30
14 32
14 33
14 34
14 35
14 36
14 38
14 39
14 42
14 43
14 44
14 46
14 49
14 51
14 54
14 55
14 56
14 57
14 62
14 64
14 68
14 70
14 73
14 74
14 75
14 77
14 79
14 80
14 82
14 83
14 85
14 88
14 90
14 91
14 95
14 97
14 99
14 100
14 102
14 103
14 104
14 107
14 108
15 16
15 17
15 19
15 20
15 22
15 23
15 24
15 26
15 27
15 28
15 29
15 30
15 32
15 33
15 35
15 38
15 47
15 50
15 51
15 53
15 55
15 56
15 57
15 58
15 64
15 66
15 67
15 68
15 69
15 73
15 75
15 76
15 77
15 80
15 82
15 85
15 87
15 88
15 90
15 91
15 92
15 94
15 95
15 98
15 99
15 101
15 103
15 104
15 105
15 107
15 109
16 19
16 24
16 26
16 28
16 31
16 32
16 39
16 42
16 45
16 47
16 54
16 55
16 56
16 57
16 61
16 62
16 64
16 66
16 67
16 73
16 75
16 79
16 80
16 81
16 82
16 83
16 84
16 87
16 88
16 90
16 91
16 92
16 93
16 95
16 96
16 97
16 98
16 100
16 102
16 103
16 104
16 108
17 20
17 25
17 26
17 27
17 28
17 29
17 30
17 31
17 32
17 33
17 36
17 41
17 42
17 45
17 52
17 56
17 57
17 58
17 59
17 63
17 65
17 69
17 71
17 72
17 73
17 75
17 76
17 78
17 83
17 84
17 85
17 87
17 89
17 92
17 93
17 96
17 103
17 104
17 105
17 106
17 107
17 109
18 19
18 20
18 25
18 27
18 29
18 31
18 32
18 34
18 36
18 37
18 40
18 42
18 45
18 46
18 48
18 50
18 51
18 52
18 55
18 56
18 57
18 59
18 64
18 65
18 66
18 67
18 70
18 71
18 74
18 77
18 80
18 83
18 84
18 85
18 86
18 90
18 92
18 93
18 94
18 97
18 99
18 100
18 101
18 103
18 106
18 107
19 21
19 22
19 24
19 26
19 27
19 29
19 32
19 34
19 35
19 37
19 38
19 39
19 42
19 43
19 46
19 48
19 50
19 51
19 52
19 53
19 54
19 56
19 57
19 58
19 60
19 62
19 63
19 64
19 65
19 72
19 73
19 74
19 75
19 76
19 82
19 83
19 84
19 87
19 89
19 90
19 92
19 93
19 99
19 103
19 104
19 106
19 108
20 23
20 26
20 27
20 33
20 34
20 41
20 42
20 43
20 45
20 46
20 48
20 50
20 55
20 56
20 59
20 61
20 63
20 64
20 65
20 69
20 70
20 72
20 76
20 77
20 80
20 82
20 84
20 85
20 86
20 88
20 89
20 91
20 94
20 95
20 96
20 97
20 98
20 99
20 105
20 106
20 108
20 109
21 22
21 23
21 24
21 26
21 27
21 28
21 31
21 33
21 34
21 35
21 36
21 41
21 42
21 43
21 47
21 49
21 51
21 52
21 53
21 57
21 58
21 61
21 63
21 65
21 69
21 70
21 73
21 74
21 78
21 80
21 83
21 86
21 92
21 95
21 97
21 98
21 99
21 101
21 102
21 104
21 105
21 106
22 23
22 24
22 25
22 26
22 28
22 33
22 37
22 39
22 40
22 41
22 42
22 44
22 45
22 46
22 47
22 49
22 51
22 52
22 53
22 54
22 55
22 56
22 57
22 58
22 59
22 60
22 61
22 64
22 66
22 68
22 69
22 71
22 74
22 75
22 77
22 78
22 79
22 87
22 88
22 89
22 91
22 96
22 97
22 99
22 100
22 107
22 109
23 27
23 30
23 32
23 36
23 37
23 39
23 40
23 44
23 46
23 48
23 49
23 50
23 51
23 52
23 53
23 57
23 59
23 60
23 61
23 63
23 64
23 65
23 66
23 67
23 68
23 69
23 72
23 76
23 77
23 78
23 81
23 84
23 85
23 88
23 89
23 91
23 92
23 96
23 97
23 98
23 100
23 104
23 108
24 27
24 29
24 31
24 33
24 35
24 37
24 38
24 39
24 43
24 46
24 48
24 50
24 51
24 52
24 53
24 55
24 57
24 62
24 64
24 65
24 66
24 67
24 68
24 73
24 74
24 80
24 82
24 84
24 91
24 93
24 95
24 97
24 98
24 99
24 101
24 103
24 105
24 106
24 108
24 109
25 29
25 34
25 36
25 37
25 39
25 40
25 41
25 46
25 47
25 48
25 50
25 51
25 52
25 53
25 57
25 58
25 59
25 60
25 61
25 66
25 67
25 68
25 75
25 76
25 77
25 78
25 79
25 81
25 83
25 87
25 88
25 91
25 94
25 99
25 101
25 102
25 103
25 106
25 108
25 109
26 28
26 35
26 37
26 38
26 42
26 45
26 50
26 52
26 53
26 57
26 58
26 64
26 66
26 67
26 69
26 70
26 72
26 76
26 77
26 78
26 81
26 82
26 92
26 101
26 105
26 109
27 28
27 33
27 35
27 36
27 37
27 39
27 40
27 43
27 44
27 45
27 46
27 48
27 49
27 50
27 51
27 54
27 55
27 56
27 59
27 61
27 63
27 67
27 71
27 72
27 73
27 74
27 75
27 76
27 77
27 78
27 81
27 82
27 86
27 93
27 95
27 98
27 99
27 105
27 106
27 107
27 108
28 29
28 33
28 35
28 39
28 40
28 42
28 46
28 49
28 51
28 53
28 55
28 57
28 59
28 62
28 63
28 64
28 69
28 71
28 75
28 76
28 77
28 79
28 80
28 84
28 85
28 86
28 87
28 95
28 101
28 102
28 105
28 108
28 109
29 31
29 33
29 34
29 36
29 38
29 41
29 42
29 43
29 44
29 45
29 46
29 48
29 50
29 51
29 55
29 57
29 58
29 59
29 60
29 61
29 62
29 67
29 69
29 71
29 72
29 73
29 76
29 80
29 82
29 83
29 84
29 85
29 86
29 87
29 89
29 90
29 93
29 95
29 96
29 97
29 100
29 104
29 106
29 109
30 32
30 34
30 36
30 37
30 38
30 40
30 41
30 42
30 43
30 44
30 46
30 48
30 50
30 51
30 52
30 55
30 56
30 58
30 59
30 61
30 63
30 64
30 65
30 66
30 68
30 72
30 76
30 77
30 80
30 81
30 82
30 83
30 84
30 88
30 90
30 91
30 95
30 99
30 102
30 103
30 106
30 109
31 33
31 34
31 42
31 43
31 44
31 45
31 47
31 49
31 50
31 51
31 52
31 54
31 55
31 56
31 57
31 58
31 59
31 60
31 61
31 65
31 66
31 70
31 74
31 76
31 77
31 79
31 80
31 81
31 82
31 83
31 85
31 86
31 91
31 95
31 96
31 98
31 100
31 104
31 106
31 107
31 109
32 34
32 35
32 36
32 42
32 43
32 44
32 46
32 47
32 50
32 52
32 54
32 56
32 61
32 62
32 64
32 65
32 67
32 68
32 70
32 71
32 73
32 78
32 79
32 80
32 82
32 85
32 86
32 87
32 88
32 92
32 93
32 94
32 97
32 98
32 101
32 102
32 103
32 105
32 109
33 34
33 35
33 37
33 38
33 39
33 42
33 44
33 45
33 49
33 51
33 52
33 55
33 56
33 59
33 60
33 61
33 64
33 66
33 67
33 69
33 70
33 72
33 75
33 77
33 84
33 86
33 87
33 89
33 91
33 93
33 94
33 97
33 98
33 100
33 105
33 108
33 109
34 36
34 41
34 42
34 43
34 44
34 45
34 46
34 47
34 50
34 52
34 54
34 55
34 56
34 58
34 59
34 60
34 64
34 66
34 68
34 70
34 71
34 72
34 73
34 74
34 75
34 76
34 78
34 82
34 83
34 85
34 88
34 89
34 90
34 91
34 93
34 96
34 97
34 98
34 100
34 102
34 104
35 45
35 46
35 47
35 50
35 53
35 55
35 56
35 57
35 61
35 62
35 64
35 65
35 66
35 68
35 70
35 72
35 74
35 75
35 76
35 81
35 84
35 85
35 88
35 93
35 95
35 97
35 99
35 101
35 106
35 107
35 108
35 109
36 38
36 40
36 45
36 49
36 50
36 51
36 52
36 55
36 56
36 57
36 58
36 60
36 61
36 63
36 64
36 66
36 67
36 68
36 70
36 73
36 74
36 76
36 78
36 79
36 80
36 81
36 82
36 85
36 86
36 88
36 90
36 95
36 96
36 97
36 99
36 102
36 103
36 107
37 40
37 48
37 51
37 52
37 55
37 60
37 61
37 63
37 64
37 70
37 72
37 73
37 76
37 78
37 79
37 81
37 83
37 85
37 86
37 88
37 89
37 94
37 95
37 98
37 99
37 102
37 105
37 106
37 108
37 109
38 40
38 42
38 44
38 45
38 47
38 48
38 56
38 57
38 58
38 65
38 69
38 74
38 75
38 77
38 79
38 80
38 81
38 83
38 84
38 85
38 87
38 88
38 96
38 98
38 99
38 100
38 101
38 103
38 109
39 42
39 44
39 45
39 48
39 49
39 50
39 51
39 52
39 53
39 57
39 58
39 60
39 61
39 62
39 63
39 65
39 66
39 67
39 68
39 69
39 74
39 75
39 79
39 85
39 86
39 87
39 88
39 89
39 90
39 91
39 94
39 95
39 96
39 97
39 100
39 103
39 105
39 106
39 108
39 109
40 41
40 42
40 45
40 47
40 49
40 52
40 53
40 56
40 57
40 58
40 61
40 62
40 63
40 65
40 67
40 68
40 69
40 71
40 72
40 74
40 75
40 76
40 79
40 80
40 82
40 83
40 86
40 87
40 88
40 92
40 93
40 95
40 99
40 100
40 102
40 107
40 108
41 44
41 47
41 49
41 50
41 51
41 52
41 54
41 59
41 60
41 62
41 64
41 65
41 66
41 68
41 70
41 72
41 74
41 76
41 77
41 78
41 80
41 82
41 87
41 89
41 95
41 96
41 98
41 100
41 101
41 104
41 105
41 106
41 107
41 109
42 44
42 46
42 47
42 48
42 49
42 50
42 51
42 54
42 55
42 58
42 66
42 67
42 71
42 72
42 74
42 75
42 78
42 79
42 80
42 82
42 83
42 84
42 85
42 86
42 87
42 90
42 92
42 95
42 96
42 97
42 98
42 99
42 101
42 103
42 105
42 106
42 107
42 108
42 109
43 45
43 46
43 48
43 52
43 53
43 55
43 57
43 58
43 60
43 61
43 62
43 63
43 64
43 67
43 71
43 75
43 76
43 78
43 83
43 85
43 88
43 89
43 94
43 95
43 98
43 100
43 101
43 102
43 103
43 104
43 105
43 109
44 45
44 49
44 50
44 52
44 55
44 59
44 60
44 62
44 63
44 64
44 65
44 66
44 67
44 68
44 70
44 71
44 72
44 73
44 77
44 79
44 80
44 81
44 82
44 84
44 85
44 86
44 87
44 89
44 96
44 101
44 103
44 107
44 108
44 109
45 46
45 49
45 51
45 54
45 55
45 58
45 70
45 72
45 74
45 76
45 77
45 79
45 81
45 82
45 83
45 86
45 90
45 91
45 92
45 94
45 95
45 99
45 100
45 101
45 102
45 103
45 105
45 107
45 108
46 49
46 51
46 53
46 56
46 60
46 63
46 66
46 68
46 70
46 71
46 72
46 74
46 75
46 78
46 80
46 81
46 82
46 86
46 90
46 91
46 92
46 95
46 100
46 101
46 104
46 105
46 106
46 107
46 108
47 49
47 50
47 51
47 52
47 54
47 58
47 60
47 61
47 62
47 65
47 67
47 68
47 69
47 71
47 73
47 76
47 77
47 79
47 83
47 85
47 86
47 88
47 92
47 93
47 94
47 95
47 97
47 99
47 104
47 107
47 108
48 49
48 51
48 53
48 56
48 63
48 64
48 65
48 66
48 70
48 71
48 73
48 75
48 79
48 80
48 83
48 86
48 92
48 93
48 97
48 99
48 100
48 102
48 103
48 104
48 105
48 107
49 53
49 58
49 59
49 62
49 66
49 67
49 75
49 76
49 78
49 79
49 84
49 85
49 87
49 89
49 91
49 92
49 93
49 94
49 96
49 97
49 99
49 102
49 108
49 109
50 54
50 55
50 60
50 62
50 63
50 66
50 68
50 70
50 71
50 75
50 76
50 77
50 80
50 82
50 87
50 90
50 91
50 92
50 93
50 94
50 98
50 101
50 104
50 106
50 108
51 52
51 55
51 56
51 57
51 58
51 61
51 62
51 63
51 66
51 70
51 72
51 74
51 75
51 77
51 78
51 79
51 82
51 83
51 85
51 86
51 87
51 88
51 89
51 91
51 92
51 94
51 97
51 98
51 99
51 101
51 103
51 104
51 105
51 108
52 55
52 57
52 59
52 60
52 63
52 67
52 68
52 72
52 73
52 74
52 76
52 77
52 78
52 79
52 80
52 82
52 83
52 85
52 87
52 91
52 96
52 98
52 101
52 105
52 106
52 108
52 109
53 54
53 56
53 57
53 58
53 61
53 62
53 65
53 66
53 68
53 69
53 70
53 73
53 74
53 84
53 85
53 87
53 88
53 89
53 90
53 91
53 92
53 96
53 98
53 100
53 101
53 102
53 105
53 106
53 107
53 108
53 109
54 56
54 59
54 60
54 61
54 62
54 64
54 66
54 67
54 68
54 69
54 71
54 75
54 76
54 79
54 80
54 82
54 85
54 88
54 89
54 92
54 94
54 96
54 97
54 99
54 100
54 102
54 106
54 107
54 108
54 109
55 58
55 59
55 60
55 63
55 64
55 65
55 68
55 69
55 70
55 71
55 72
55 73
55 74
55 75
55 76
55 81
55 82
55 85
55 87
55 91
55 95
55 98
55 101
55 102
55 103
55 104
55 106
55 107
55 108
56 60
56 62
56 64
56 67
56 69
56 70
56 72
56 75
56 76
56 81
56 82
56 83
56 84
56 85
56 86
56 90
56 91
56 100
56 101
56 102
56 104
56 105
56 109
57 58
57 59
57 60
57 61
57 62
57 63
57 67
57 68
57 69
57 70
57 74
57 77
57 78
57 79
57 81
57 82
57 88
57 89
57 92
57 93
57 94
57 96
57 97
57 99
57 101
57 102
57 104
57 106
57 109
58 60
58 63
58 64
58 66
58 67
58 68
58 72
58 73
58 77
58 81
58 82
58 86
58 87
58 90
58 91
58 92
58 98
58 100
58 101
58 102
58 103
58 104
59 60
59 61
59 62
59 64
59 69
59 70
59 71
59 75
59 76
59 78
59 79
59 80
59 81
59 85
59 87
59 88
59 92
59 94
59 97
59 98
59 99
59 100
59 101
59 103
59 106
59 107
59 109
60 64
60 65
60 66
60 68
60 69
60 70
60 71
60 76
60 77
60 78
60 81
60 85
60 86
60 87
60 88
60 90
60 93
60 95
60 101
60 102
60 103
60 104
60 107
61 63
61 66
61 67
61 68
61 69
61 72
61 73
61 74
61 75
61 76
61 77
61 79
61 80
61 84
61 85
61 87
61 89
61 90
61 91
61 94
61 95
61 96
61 100
61 101
61 103
61 104
61 105
61 107
62 63
62 65
62 66
62 69
62 73
62 74
62 79
62 80
62 81
62 82
62 83
62 85
62 87
62 89
62 90
62 92
62 93
62 94
62 95
62 98
62 100
62 101
62 103
62 104
62 105
62 108
63 64
63 65
63 69
63 70
63 71
63 73
63 74
63 82
63 83
63 84
63 86
63 88
63 89
63 91
63 92
63 93
63 96
63 97
63 101
63 103
63 104
63 106
64 65
64 68
64 70
64 77
64 78
64 80
64 81
64 86
64 88
64 89
64 90
64 91
64 92
64 93
64 99
64 105
64 106
64 108
64 109
65 67
65 68
65 69
65 71
65 73
65 74
65 75
65 76
65 78
65 79
65 82
65 83
65 85
65 89
65 93
65 94
65 96
65 98
65 102
65 103
65 104
65 106
65 108
66 69
66 71
66 72
66 73
66 78
66 80
66 82
66 83
66 85
66 86
66 87
66 89
66 91
66 92
66 93
66 94
66 95
66 96
66 97
66 98
66 104
67 71
67 74
67 77
67 80
67 81
67 82
67 83
67 86
67 88
67 91
67 95
67 96
67 99
67 101
67 104
67 105
67 106
68 70
68 72
68 74
68 75
68 77
68 79
68 85
68 86
68 87
68 90
68 93
68 94
68 95
68 96
68 106
68 109
69 71
69 72
69 74
69 75
69 76
69 77
69 78
69 80
69 81
69 82
69 83
69 84
69 85
69 86
69 87
69 88
69 90
69 91
69 92
69 93
69 94
69 95
69 96
69 97
69 98
69 99
69 100
69 101
69 102
69 103
69 104
69 105
69 109
70 73
70 76
70 77
70 78
70 81
70 85
70 86
70 87
70 89
70 91
70 94
70 95
70 96
70 98
70 99
70 100
70 101
70 103
70 105
70 106
71 72
71 76
71 77
71 78
71 81
71 85
71 87
71 88
71 89
71 90
71 91
71 93
71 97
71 98
71 100
71 101
71 102
71 103
71 104
71 105
71 106
71 107
71 108
72 73
72 75
72 76
72 77
72 78
72 80
72 82
72 83
72 88
72 91
72 92
72 93
72 104
72 105
72 106
72 107
72 109
73 74
73 76
73 77
73 78
73 81
73 82
73 83
73 84
73 85
73 86
73 87
73 89
73 92
73 94
73 99
73 100
73 103
73 105
73 106
73 107
73 108
74 75
74 76
74 81
74 86
74 87
74 89
74 92
74 95
74 96
74 98
74 100
74 104
74 109
75 78
75 80
75 84
75 87
75 88
75 89
75 91
75 92
75 98
75 102
75 104
75 105
75 107
75 108
75 109
76 78
76 79
76 80
76 81
76 89
76 91
76 96
76 97
76 98
76 99
76 100
76 101
76 102
76 105
76 106
76 107
76 109
77 80
77 81
77 83
77 86
77 87
77 88
77 90
77 93
77 95
77 96
77 97
77 99
77 100
77 106
77 109
78 79
78 81
78 83
78 84
78 86
78 87
78 88
78 91
78 92
78 95
78 96
78 97
78 99
78 100
78 103
78 104
78 105
78 106
78 107
79 80
79 84
79 88
79 89
79 92
79 94
79 97
79 98
79 103
79 104
79 106
79 107
80 81
80 82
80 84
80 85
80 86
80 88
80 98
80 99
80 100
80 101
81 82
81 83
81 84
81 85
81 86
81 90
81 91
81 93
81 94
81 95
81 96
81 97
81 99
81 102
81 103
81 105
81 107
81 108
82 85
82 86
82 87
82 88
82 89
82 91
82 92
82 93
82 94
82 95
82 96
82 97
82 100
82 101
82 102
82 108
83 87
83 89
83 90
83 92
83 99
83 100
83 101
83 103
83 105
83 106
83 107
83 109
84 89
84 91
84 93
84 94
84 95
84 96
84 97
84 98
84 99
84 100
84 102
84 105
84 106
84 107
84 109
85 86
85 90
85 91
85 94
85 96
85 99
85 101
85 102
85 103
85 105
85 106
85 108
86 89
86 93
86 95
86 96
86 97
86 98
86 101
86 104
86 105
86 107
87 88
87 89
87 92
87 93
87 95
87 97
87 98
87 103
87 104
87 105
87 106
87 107
87 108
88 89
88 90
88 91
88 94
88 95
88 96
88 97
88 98
88 99
88 101
88 105
88 106
88 107
88 108
88 109
89 90
89 91
89 94
89 95
89 97
89 98
89 99
89 101
89 102
89 107
89 108
90 92
90 93
90 94
90 95
90 99
90 101
90 102
90 104
90 105
90 106
90 107
91 92
91 99
91 101
91 102
91 103
91 104
91 105
91 106
92 93
92 98
92 100
92 104
92 105
92 107
93 94
93 96
93 103
93 104
93 105
93 106
94 99
94 100
94 102
94 106
94 107
95 96
95 97
95 98
95 100
95 101
95 104
95 106
95 107
95 109
96 97
96 99
96 101
96 102
96 103
96 106
96 107
97 98
97 99
97 101
97 102
97 103
97 105
97 106
98 99
98 101
98 103
98 105
98 108
99 101
99 102
99 104
99 105
99 108
100 104
100 105
100 107
100 108
101 102
101 103
101 104
101 105
102 103
102 106
102 107
102 108
103 105
103 106
103 107
104 105
104 106
104 107
105 108
107 108
107 109
108 109
99 12 64 81 77 55 23 95 31 57 51 105 92 50 1 75 56 53 65 13 106 49
16 73 28 22 42 47 18 107 89 94 54 37 87 58 103 21 60 90 48 33 67 76
44 35 101 86 93 19 39 69 70 29 0 43 9 85 61 108 109 7 3 26 40 97
25 80 5 72 6 20 38 24 79 91 96 84 11 100 2 71 104 34 30 78 41 82
15 32 36 62 46 68 74 88 10 102 27 45 4 8 14 63 98 52 17 59 83 66
