110
1218
7
0 1
0 2
0 7
0 14
0 16
0 18
0 27
0 30
0 43
0 44
0 46
0 47
0 55
0 58
0 69
0 70
0 73
0 78
0 85
0 86
0 89
0 90
0 97
0 98
0 104
0 106
0 107
1 2
1 7
1 8
1 14
1 17
1 20
1 24
1 26
1 33
1 34
1 38
1 42
1 43
1 48
1 60
1 69
1 76
1 86
1 92
1 101
1 102
1 107
2 4
2 5
2 8
2 19
2 20
2 25
2 37
2 40
2 44
2 47
2 50
2 53
2 55
2 68
2 69
2 72
2 75
2 81
2 84
2 86
2 93
2 96
2 97
2 101
2 102
2 107
2 109
3 7
3 19
3 21
3 23
3 24
3 26
3 35
3 36
3 44
3 51
3 59
3 63
3 66
3 77
3 91
3 94
3 97
3 98
3 104
4 7
4 14
4 18
4 24
4 30
4 33
4 41
4 42
4 43
4 48
4 53
4 54
4 57
4 60
4 64
4 68
4 69
4 80
4 81
4 84
4 89
4 90
4 92
4 94
4 95
4 101
4 102
4 105
4 107
5 6
5 8
5 10
5 11
5 14
5 19
5 29
5 32
5 33
5 34
5 54
5 59
5 66
5 69
5 71
5 87
5 89
5 90
5 101
5 103
5 104
5 105
5 109
6 15
6 17
6 18
6 20
6 23
6 37
6 39
6 41
6 42
6 44
6 48
6 49
6 57
6 59
6 83
6 86
6 104
6 107
6 109
7 13
7 18
7 24
7 27
7 30
7 35
7 36
7 46
7 47
7 51
7 52
7 61
7 68
7 69
7 71
7 72
7 75
7 77
7 89
7 92
7 96
8 14
8 15
8 18
8 20
8 22
8 26
8 28
8 30
8 34
8 41
8 42
8 52
8 55
8 56
8 77
8 94
8 97
8 100
8 101
8 107
8 108
9 11
9 13
9 20
9 32
9 41
9 49
9 54
9 56
9 58
9 61
9 62
9 72
9 87
9 90
9 95
9 105
9 106
9 108
10 15
10 16
10 17
10 29
10 34
10 36
10 41
10 49
10 50
10 56
10 62
10 63
10 64
10 65
10 66
10 69
10 72
10 77
10 86
10 90
10 91
10 95
10 99
10 105
10 107
10 108
11 14
11 17
11 23
11 25
11 33
11 50
11 62
11 63
11 68
11 73
11 84
11 92
11 105
11 106
12 14
12 17
12 18
12 22
12 27
12 31
12 34
12 55
12 68
12 69
12 72
12 75
12 77
12 80
12 81
12 102
12 104
12 106
12 108
13 14
13 16
13 23
13 24
13 25
13 35
13 46
13 48
13 50
13 55
13 56
13 60
13 61
13 77
13 93
13 99
13 104
14 16
14 20
14 22
14 25
14 33
14 45
14 46
14 59
14 65
14 84
14 95
14 104
14 106
14 107
15 19
15 21
15 23
15 42
15 50
15 56
15 60
15 66
15 68
15 73
15 74
15 75
15 80
15 95
15 103
15 107
16 40
16 42
16 50
16 63
16 64
16 65
16 76
16 83
16 89
16 92
16 94
16 97
16 102
16 105
16 107
17 19
17 22
17 32
17 34
17 36
17 42
17 54
17 56
17 57
17 60
17 63
17 69
17 71
17 81
17 91
17 95
17 96
17 106
18 19
18 21
18 24
18 25
18 27
18 42
18 50
18 57
18 62
18 64
18 70
18 90
18 91
18 97
18 100
18 104
18 106
19 20
19 24
19 25
19 31
19 45
19 50
19 52
19 53
19 58
19 65
19 68
19 72
19 81
19 82
19 86
19 87
19 88
19 89
19 91
19 92
19 95
19 99
19 106
19 107
20 24
20 28
20 29
20 37
20 44
20 45
20 49
20 56
20 59
20 66
20 84
20 89
20 93
20 106
21 22
21 28
21 33
21 34
21 43
21 47
21 59
21 66
21 73
21 74
21 76
21 78
21 79
21 82
21 84
21 85
21 87
21 88
21 93
21 97
21 100
21 102
21 103
21 106
22 24
22 27
22 31
22 40
22 46
22 55
22 71
22 72
22 84
22 88
22 91
22 92
22 103
23 25
23 28
23 30
23 35
23 41
23 42
23 44
23 45
23 51
23 52
23 54
23 60
23 68
23 73
23 74
23 77
23 84
23 95
23 105
23 108
24 25
24 27
24 28
24 29
24 33
24 35
24 39
24 42
24 48
24 51
24 55
24 60
24 65
24 70
24 72
24 74
24 78
24 87
24 100
24 104
24 109
25 26
25 36
25 56
25 68
25 71
25 78
25 92
25 99
25 102
26 30
26 31
26 39
26 52
26 53
26 54
26 59
26 62
26 69
26 73
26 74
26 75
26 81
26 83
26 85
26 86
26 87
26 88
26 89
26 94
26 99
26 100
26 103
26 106
27 28
27 33
27 41
27 50
27 61
27 73
27 79
27 82
27 97
27 103
27 109
28 29
28 33
28 35
28 39
28 43
28 51
28 52
28 59
28 62
28 65
28 73
28 74
28 80
28 91
28 94
28 97
28 98
28 100
28 103
28 107
29 34
29 40
29 41
29 54
29 64
29 74
29 79
29 81
29 87
29 101
29 106
29 109
30 36
30 40
30 50
30 51
30 58
30 59
30 60
30 61
30 62
30 63
30 67
30 69
30 75
30 77
30 79
30 82
30 83
30 88
30 94
30 100
30 101
30 105
30 107
30 108
31 36
31 38
31 42
31 47
31 48
31 56
31 59
31 63
31 70
31 76
31 82
31 98
31 99
31 100
31 103
31 104
31 108
32 33
32 41
32 42
32 59
32 64
32 67
32 72
32 84
32 99
32 106
33 39
33 41
33 47
33 50
33 54
33 66
33 72
33 74
33 76
33 78
33 79
33 83
33 93
33 103
33 107
34 45
34 48
34 53
34 59
34 68
34 71
34 76
34 87
34 95
34 98
34 100
34 105
34 106
35 45
35 58
35 60
35 67
35 77
35 80
35 87
35 88
35 95
35 96
35 105
35 107
36 72
36 78
36 81
36 85
36 90
36 91
36 96
36 102
36 104
36 105
36 108
37 38
37 55
37 72
37 78
37 86
37 87
37 92
37 96
37 102
37 107
38 45
38 55
38 63
38 67
38 70
38 71
38 76
38 79
38 81
38 82
38 86
38 88
38 89
38 92
38 95
38 99
38 101
38 103
39 55
39 61
39 65
39 69
39 72
39 73
39 76
39 77
39 81
39 83
39 87
39 90
39 98
39 107
39 109
40 42
40 43
40 45
40 47
40 59
40 62
40 66
40 73
40 77
40 79
40 83
40 84
40 104
40 107
41 44
41 52
41 53
41 57
41 64
41 74
41 75
41 81
41 83
41 84
41 96
41 100
41 102
41 105
42 45
42 51
42 52
42 53
42 58
42 60
42 65
42 75
42 77
42 78
42 80
42 82
42 83
42 101
42 108
43 49
43 51
43 54
43 56
43 57
43 68
43 73
43 74
43 75
43 76
43 78
43 79
43 87
43 88
43 92
43 98
43 101
43 108
44 45
44 46
44 57
44 58
44 65
44 67
44 73
44 74
44 77
44 78
44 85
44 89
44 91
44 95
44 98
44 101
45 52
45 58
45 63
45 69
45 70
45 76
45 79
45 80
45 83
45 84
45 87
45 105
45 106
46 54
46 58
46 63
46 73
46 75
46 76
46 81
46 89
46 90
46 96
46 101
47 51
47 54
47 56
47 66
47 67
47 70
47 71
47 73
47 75
47 82
47 89
47 90
47 99
47 104
48 51
48 53
48 60
48 64
48 74
48 76
48 88
48 92
48 99
48 103
48 109
49 69
49 84
49 87
49 94
49 96
49 97
49 98
49 100
49 101
49 104
50 52
50 56
50 57
50 64
50 85
50 93
50 94
50 95
50 99
50 103
50 104
50 106
50 108
51 57
51 60
51 61
51 66
51 67
51 69
51 75
51 80
51 83
51 87
51 95
51 100
51 106
52 57
52 58
52 61
52 63
52 67
52 69
52 74
52 77
52 85
52 96
53 58
53 70
53 77
53 89
53 96
53 104
53 109
54 55
54 56
54 60
54 64
54 67
54 70
54 76
54 77
54 78
54 80
54 97
54 101
54 108
55 60
55 68
55 70
55 74
55 77
55 78
55 82
55 88
55 93
55 94
55 103
55 104
55 107
55 109
56 68
56 84
56 97
56 98
56 104
56 106
56 108
56 109
57 59
57 60
57 62
57 71
57 74
57 79
57 83
57 84
57 89
57 108
58 62
58 74
58 75
58 81
58 83
58 95
59 67
59 78
59 83
59 84
59 87
59 95
59 100
59 104
59 106
59 107
60 62
60 64
60 67
60 83
60 90
60 94
60 97
60 103
60 107
61 64
61 67
61 77
61 82
61 88
61 90
61 93
61 102
61 103
61 106
62 69
62 71
62 74
62 75
62 77
62 78
62 79
62 87
62 89
62 93
62 94
62 95
62 104
62 107
63 71
63 77
63 88
63 96
63 103
63 106
64 67
64 68
64 71
64 76
64 82
64 84
64 90
64 96
64 97
64 105
64 109
65 72
65 89
65 91
65 97
65 104
66 69
66 72
66 86
66 91
66 92
66 93
66 94
67 74
67 77
67 82
67 90
67 92
68 69
68 71
68 73
68 77
68 78
68 95
68 96
68 103
69 75
69 76
69 77
69 78
69 92
69 94
69 99
69 106
69 109
70 76
70 79
70 82
70 84
70 91
70 106
70 109
71 75
71 81
71 82
71 84
71 85
71 88
71 92
71 96
71 97
71 99
71 102
71 105
71 109
72 77
72 78
72 79
72 88
72 89
72 95
72 99
72 104
72 107
73 78
73 82
73 87
73 100
73 104
73 105
74 81
74 86
74 88
74 93
74 96
74 98
74 101
74 105
74 109
75 79
75 82
75 94
75 97
75 98
75 100
75 102
76 77
76 79
76 80
76 83
76 86
76 88
76 89
76 99
76 105
76 108
76 109
77 78
77 85
77 88
77 94
77 96
77 104
78 84
78 99
78 101
79 80
79 95
79 105
79 106
80 84
80 85
80 103
80 105
80 107
81 85
81 88
81 92
81 93
81 94
81 97
81 101
81 102
81 105
82 88
82 90
82 94
82 95
82 98
82 99
82 103
82 107
82 108
83 87
83 88
83 90
83 91
83 93
83 95
83 100
84 86
84 89
84 90
84 93
84 96
84 102
84 106
85 88
85 91
85 93
85 94
85 107
86 87
86 96
86 100
86 107
86 109
87 91
87 92
87 100
87 101
87 107
88 89
88 92
88 98
88 105
88 106
88 107
88 109
89 90
89 102
90 91
90 104
90 107
91 94
91 101
92 96
92 99
92 101
92 103
92 107
93 95
93 97
93 104
93 107
93 108
94 95
94 96
94 97
94 101
94 104
95 100
95 105
96 109
97 98
97 105
97 107
97 109
98 102
98 105
98 108
99 100
99 103
100 106
101 106
103 105
103 108
104 108
105 108
106 109
53 3 47 94 4 67 80 93 50 27 29 34 13 109 101 64
69 87 48 103 90 0 65 104 39 2 18 22 11 46 14 108
52 55 97 83 49 74 98 38 73 79 57 16 105 102 107 106
24 8 58 6 30 28 41 99 61 31 66 95 10 62 56 91
20 68 44 7 89 82 12 81 9 71 51 26 60 17 42 21
76 77 23 88 92 59 15 86 40 35 5 1 75 33 32 96
19 78 72 43 25 100 54 63 36 37 85 84 45 70
