120
2887
7
0 2
0 5
0 6
0 7
0 10
0 12
0 18
0 20
0 23
0 25
0 26
0 29
0 32
0 33
0 37
0 44
0 45
0 46
0 52
0 55
0 59
0 62
0 68
0 69
0 70
0 74
0 77
0 79
0 80
0 81
0 82
0 83
0 88
0 89
0 95
0 98
0 100
0 101
0 107
0 111
0 112
0 113
0 114
0 115
0 118
1 2
1 4
1 5
1 7
1 8
1 9
1 10
1 11
1 16
1 22
1 23
1 29
1 33
1 34
1 35
1 36
1 38
1 39
1 43
1 44
1 48
1 49
1 50
1 57
1 59
1 60
1 61
1 64
1 66
1 67
1 70
1 71
1 72
1 77
1 78
1 85
1 87
1 88
1 89
1 90
1 94
1 95
1 97
1 100
1 110
1 115
1 116
2 8
2 10
2 14
2 16
2 18
2 23
2 26
2 31
2 33
2 34
2 35
2 36
2 37
2 38
2 40
2 43
2 44
2 45
2 48
2 50
2 52
2 53
2 57
2 58
2 59
2 61
2 63
2 64
2 69
2 70
2 76
2 78
2 83
2 84
2 85
2 91
2 92
2 97
2 98
2 99
2 103
2 105
2 112
2 115
2 117
2 119
3 11
3 14
3 15
3 16
3 18
3 23
3 25
3 27
3 28
3 30
3 32
3 33
3 35
3 37
3 46
3 48
3 49
3 50
3 51
3 52
3 54
3 55
3 57
3 58
3 61
3 62
3 63
3 65
3 67
3 70
3 71
3 77
3 78
3 79
3 80
3 84
3 85
3 86
3 87
3 88
3 90
3 91
3 93
3 97
3 101
3 102
3 103
3 104
3 108
3 110
3 111
3 112
3 118
4 9
4 10
4 13
4 14
4 18
4 19
4 21
4 24
4 26
4 27
4 28
4 30
4 35
4 36
4 37
4 40
4 42
4 43
4 46
4 48
4 50
4 53
4 55
4 59
4 61
4 63
4 66
4 67
4 68
4 73
4 76
4 80
4 83
4 85
4 87
4 88
4 89
4 91
4 94
4 97
4 100
4 104
4 107
4 108
4 109
4 115
5 7
5 9
5 15
5 16
5 18
5 20
5 22
5 23
5 25
5 26
5 30
5 37
5 38
5 39
5 40
5 42
5 43
5 46
5 48
5 54
5 56
5 60
5 65
5 69
5 70
5 73
5 75
5 81
5 83
5 84
5 89
5 91
5 99
5 101
5 103
5 105
5 108
5 109
5 110
5 111
5 112
5 114
5 116
5 117
6 11
6 14
6 16
6 17
6 20
6 22
6 26
6 30
6 31
6 33
6 35
6 36
6 37
6 45
6 46
6 47
6 48
6 49
6 54
6 57
6 60
6 66
6 69
6 70
6 72
6 77
6 79
6 80
6 81
6 83
6 85
6 88
6 90
6 91
6 92
6 95
6 96
6 97
6 107
6 108
6 109
6 110
6 111
6 113
7 8
7 10
7 12
7 13
7 14
7 15
7 16
7 19
7 20
7 29
7 30
7 31
7 34
7 35
7 36
7 45
7 46
7 47
7 54
7 55
7 56
7 57
7 59
7 60
7 61
7 63
7 65
7 67
7 68
7 69
7 71
7 73
7 74
7 77
7 81
7 82
7 83
7 84
7 88
7 89
7 93
7 94
7 100
7 101
7 102
7 104
7 107
7 109
7 111
7 112
7 114
7 118
8 12
8 21
8 22
8 25
8 26
8 27
8 29
8 30
8 36
8 38
8 39
8 46
8 47
8 50
8 51
8 53
8 56
8 57
8 60
8 64
8 68
8 72
8 75
8 77
8 79
8 81
8 82
8 83
8 90
8 92
8 93
8 95
8 97
8 98
8 99
8 103
8 104
8 105
8 106
8 109
8 112
8 113
8 115
8 117
8 118
9 11
9 12
9 13
9 14
9 15
9 17
9 19
9 20
9 22
9 24
9 26
9 27
9 32
9 33
9 37
9 41
9 43
9 44
9 46
9 48
9 49
9 50
9 52
9 57
9 62
9 67
9 68
9 70
9 72
9 73
9 74
9 78
9 80
9 84
9 87
9 89
9 91
9 92
9 97
9 103
9 104
9 105
9 106
9 107
9 111
9 112
9 113
9 117
9 119
10 12
10 13
10 14
10 15
10 17
10 22
10 34
10 37
10 38
10 40
10 42
10 43
10 44
10 46
10 47
10 55
10 56
10 63
10 64
10 66
10 67
10 71
10 76
10 80
10 85
10 86
10 87
10 88
10 89
10 94
10 95
10 96
10 103
10 106
10 110
10 116
10 117
11 12
11 13
11 14
11 15
11 21
11 22
11 27
11 36
11 37
11 38
11 39
11 41
11 44
11 45
11 48
11 53
11 54
11 55
11 61
11 63
11 64
11 65
11 66
11 70
11 71
11 79
11 80
11 83
11 95
11 96
11 98
11 99
11 105
11 106
11 110
11 114
11 117
12 14
12 15
12 16
12 17
12 18
12 20
12 23
12 26
12 28
12 29
12 30
12 33
12 37
12 38
12 40
12 43
12 46
12 47
12 52
12 53
12 54
12 56
12 57
12 59
12 61
12 63
12 65
12 69
12 71
12 72
12 73
12 74
12 76
12 79
12 81
12 82
12 83
12 85
12 88
12 93
12 98
12 101
12 103
12 104
12 106
12 108
12 110
12 114
13 15
13 17
13 18
13 23
13 34
13 36
13 38
13 43
13 45
13 46
13 48
13 49
13 57
13 59
13 61
13 63
13 64
13 66
13 67
13 69
13 72
13 73
13 78
13 79
13 81
13 82
13 84
13 85
13 86
13 87
13 91
13 92
13 93
13 95
13 97
13 99
13 104
13 106
13 107
13 109
13 111
13 113
13 115
13 118
14 17
14 20
14 21
14 23
14 27
14 29
14 30
14 33
14 39
14 40
14 41
14 46
14 49
14 50
14 52
14 56
14 61
14 62
14 64
14 65
14 66
14 69
14 70
14 74
14 77
14 80
14 81
14 84
14 85
14 93
14 95
14 104
14 107
14 109
14 112
14 113
14 115
14 116
14 117
15 16
15 18
15 21
15 26
15 28
15 29
15 32
15 36
15 40
15 41
15 45
15 46
15 48
15 52
15 55
15 60
15 62
15 63
15 68
15 73
15 80
15 81
15 82
15 88
15 89
15 90
15 91
15 98
15 106
15 111
15 114
15 116
16 17
16 18
16 19
16 21
16 22
16 23
16 24
16 31
16 34
16 36
16 38
16 39
16 45
16 47
16 50
16 52
16 55
16 57
16 58
16 62
16 64
16 66
16 68
16 71
16 73
16 74
16 78
16 79
16 82
16 84
16 88
16 90
16 91
16 92
16 94
16 96
16 98
16 99
16 100
16 103
16 113
16 116
16 117
16 119
17 19
17 22
17 25
17 28
17 29
17 30
17 31
17 32
17 34
17 37
17 38
17 40
17 42
17 48
17 49
17 52
17 53
17 54
17 55
17 59
17 61
17 63
17 70
17 72
17 74
17 75
17 77
17 78
17 81
17 82
17 83
17 84
17 88
17 90
17 93
17 95
17 96
17 102
17 103
17 109
17 112
17 115
17 116
17 118
17 119
18 24
18 26
18 27
18 29
18 30
18 34
18 35
18 36
18 37
18 42
18 43
18 52
18 57
18 58
18 60
18 61
18 62
18 64
18 65
18 66
18 70
18 72
18 73
18 75
18 77
18 80
18 82
18 84
18 86
18 87
18 88
18 89
18 92
18 93
18 95
18 96
18 97
18 101
18 104
18 108
18 113
18 115
18 116
19 20
19 21
19 25
19 27
19 30
19 31
19 34
19 36
19 38
19 39
19 41
19 43
19 45
19 46
19 47
19 48
19 49
19 51
19 53
19 55
19 59
19 63
19 68
19 73
19 75
19 77
19 78
19 79
19 85
19 86
19 87
19 90
19 91
19 93
19 95
19 98
19 101
19 102
19 104
19 106
19 107
19 110
19 113
20 22
20 23
20 30
20 35
20 37
20 39
20 41
20 43
20 46
20 47
20 49
20 55
20 56
20 59
20 62
20 66
20 69
20 71
20 73
20 74
20 77
20 78
20 85
20 86
20 91
20 92
20 93
20 94
20 96
20 101
20 104
20 106
20 112
20 114
20 116
20 119
21 23
21 24
21 25
21 30
21 33
21 35
21 37
21 38
21 39
21 41
21 43
21 47
21 48
21 50
21 57
21 61
21 63
21 65
21 66
21 67
21 72
21 73
21 74
21 75
21 83
21 86
21 87
21 91
21 92
21 95
21 96
21 97
21 98
21 102
21 106
21 111
21 114
21 117
22 23
22 28
22 29
22 30
22 33
22 34
22 35
22 38
22 41
22 42
22 44
22 45
22 47
22 48
22 52
22 54
22 55
22 57
22 59
22 60
22 61
22 69
22 71
22 73
22 75
22 76
22 77
22 79
22 80
22 81
22 83
22 86
22 87
22 89
22 91
22 92
22 103
22 105
22 110
22 114
22 115
22 116
23 32
23 37
23 38
23 44
23 48
23 49
23 51
23 58
23 60
23 61
23 64
23 66
23 73
23 75
23 76
23 78
23 79
23 80
23 82
23 83
23 84
23 86
23 87
23 89
23 90
23 92
23 93
23 95
23 99
23 100
23 101
23 102
23 103
23 104
23 105
23 106
23 109
23 114
23 115
23 116
23 117
23 118
24 25
24 30
24 32
24 39
24 41
24 42
24 48
24 54
24 56
24 59
24 60
24 63
24 67
24 69
24 71
24 74
24 75
24 77
24 79
24 81
24 84
24 85
24 87
24 89
24 94
24 95
24 97
24 98
24 102
24 103
24 104
24 105
24 112
24 115
24 116
25 26
25 29
25 34
25 36
25 37
25 39
25 40
25 41
25 42
25 44
25 45
25 46
25 56
25 57
25 60
25 62
25 69
25 70
25 73
25 76
25 78
25 86
25 88
25 91
25 94
25 98
25 101
25 102
25 103
25 108
25 113
25 114
25 117
26 27
26 28
26 29
26 30
26 31
26 35
26 48
26 55
26 57
26 58
26 63
26 64
26 66
26 68
26 69
26 74
26 75
26 76
26 78
26 79
26 84
26 85
26 88
26 89
26 92
26 95
26 96
26 97
26 98
26 99
26 102
26 105
26 107
26 109
26 110
26 114
26 117
26 119
27 28
27 29
27 32
27 34
27 35
27 37
27 38
27 39
27 43
27 44
27 47
27 48
27 53
27 59
27 62
27 63
27 66
27 70
27 72
27 74
27 76
27 77
27 79
27 80
27 82
27 85
27 87
27 91
27 94
27 95
27 96
27 97
27 99
27 103
27 111
27 112
27 116
28 29
28 31
28 32
28 34
28 40
28 46
28 53
28 55
28 60
28 61
28 64
28 65
28 67
28 68
28 71
28 72
28 73
28 74
28 79
28 80
28 82
28 85
28 86
28 87
28 88
28 90
28 91
28 96
28 100
28 105
28 109
28 110
28 113
28 118
29 32
29 34
29 35
29 36
29 37
29 40
29 41
29 42
29 43
29 45
29 47
29 50
29 52
29 56
29 60
29 63
29 65
29 66
29 68
29 74
29 77
29 80
29 83
29 85
29 86
29 94
29 96
29 97
29 100
29 104
29 105
29 107
29 110
29 113
29 114
29 115
29 116
29 117
29 119
30 32
30 35
30 39
30 40
30 44
30 46
30 50
30 51
30 53
30 56
30 57
30 59
30 60
30 63
30 64
30 67
30 68
30 72
30 75
30 76
30 79
30 80
30 81
30 83
30 84
30 87
30 88
30 89
30 93
30 95
30 96
30 100
30 101
30 103
30 104
30 108
30 109
30 110
30 111
30 112
30 117
30 119
31 32
31 34
31 35
31 36
31 38
31 39
31 41
31 43
31 46
31 47
31 49
31 51
31 52
31 54
31 56
31 57
31 58
31 67
31 68
31 69
31 70
31 71
31 72
31 78
31 80
31 81
31 85
31 86
31 87
31 88
31 89
31 90
31 93
31 95
31 96
31 101
31 105
31 108
31 109
31 110
31 112
31 114
31 117
32 33
32 37
32 40
32 45
32 47
32 52
32 53
32 61
32 63
32 64
32 67
32 68
32 69
32 71
32 73
32 80
32 82
32 86
32 88
32 92
32 94
32 95
32 99
32 101
32 104
32 105
32 106
32 107
32 114
32 116
32 118
32 119
33 38
33 39
33 46
33 47
33 48
33 49
33 51
33 54
33 59
33 64
33 66
33 67
33 68
33 70
33 75
33 78
33 85
33 86
33 89
33 90
33 91
33 93
33 94
33 95
33 99
33 108
33 110
33 112
33 118
33 119
34 36
34 38
34 40
34 42
34 52
34 55
34 56
34 59
34 66
34 70
34 76
34 83
34 85
34 87
34 88
34 90
34 93
34 96
34 97
34 99
34 101
34 102
34 103
34 105
34 108
34 109
34 110
34 113
34 114
34 116
34 117
35 37
35 42
35 43
35 44
35 46
35 49
35 52
35 55
35 57
35 60
35 65
35 66
35 68
35 73
35 74
35 75
35 78
35 80
35 81
35 82
35 83
35 84
35 85
35 87
35 88
35 96
35 97
35 98
35 99
35 100
35 101
35 102
35 103
35 104
35 105
35 106
35 107
35 109
35 110
35 115
35 116
35 117
36 41
36 42
36 45
36 46
36 47
36 49
36 52
36 54
36 55
36 56
36 58
36 63
36 67
36 71
36 73
36 79
36 80
36 81
36 86
36 87
36 88
36 89
36 91
36 94
36 100
36 103
36 107
36 111
36 112
37 40
37 43
37 45
37 46
37 47
37 48
37 49
37 55
37 59
37 62
37 69
37 70
37 71
37 74
37 76
37 77
37 79
37 80
37 82
37 83
37 84
37 91
37 93
37 96
37 99
37 101
37 109
37 110
37 112
37 113
38 41
38 48
38 54
38 55
38 56
38 57
38 58
38 59
38 60
38 62
38 64
38 67
38 75
38 76
38 78
38 80
38 82
38 83
38 84
38 85
38 87
38 88
38 97
38 98
38 101
38 102
38 105
38 109
38 113
38 115
38 116
38 118
39 42
39 43
39 47
39 49
39 50
39 51
39 52
39 54
39 57
39 59
39 66
39 68
39 71
39 73
39 74
39 77
39 81
39 82
39 85
39 88
39 89
39 98
39 106
39 107
39 108
39 113
39 115
39 116
39 119
40 44
40 45
40 46
40 51
40 55
40 56
40 57
40 59
40 60
40 63
40 64
40 67
40 69
40 74
40 76
40 77
40 78
40 79
40 80
40 83
40 87
40 89
40 90
40 95
40 97
40 98
40 100
40 103
40 107
40 109
40 112
40 113
40 116
40 117
41 42
41 44
41 45
41 48
41 53
41 54
41 57
41 58
41 64
41 65
41 66
41 70
41 72
41 75
41 76
41 78
41 81
41 82
41 86
41 87
41 90
41 93
41 95
41 98
41 103
41 107
41 108
41 109
41 110
41 113
41 114
41 115
41 117
41 119
42 43
42 44
42 52
42 53
42 56
42 57
42 59
42 61
42 62
42 63
42 67
42 71
42 72
42 78
42 86
42 87
42 90
42 93
42 95
42 96
42 98
42 103
42 104
42 106
42 108
42 111
42 112
42 119
43 50
43 52
43 54
43 55
43 56
43 57
43 59
43 66
43 70
43 72
43 73
43 74
43 75
43 76
43 82
43 83
43 84
43 85
43 86
43 89
43 91
43 94
43 95
43 96
43 97
43 100
43 101
43 102
43 105
43 107
43 113
43 114
43 117
43 118
43 119
44 45
44 46
44 50
44 51
44 71
44 73
44 77
44 78
44 80
44 81
44 83
44 86
44 87
44 88
44 91
44 92
44 95
44 97
44 98
44 100
44 105
44 108
44 109
44 111
44 112
44 116
44 117
44 119
45 58
45 61
45 64
45 67
45 69
45 74
45 80
45 82
45 88
45 91
45 99
45 101
45 102
45 103
45 106
45 108
45 116
46 48
46 49
46 52
46 53
46 56
46 60
46 61
46 63
46 64
46 66
46 67
46 70
46 72
46 76
46 77
46 79
46 81
46 83
46 86
46 89
46 92
46 94
46 96
46 97
46 98
46 101
46 105
46 106
46 109
46 112
46 118
46 119
47 48
47 49
47 55
47 56
47 58
47 59
47 61
47 62
47 65
47 66
47 70
47 76
47 77
47 78
47 82
47 85
47 86
47 87
47 88
47 89
47 90
47 94
47 100
47 103
47 104
47 106
47 108
47 109
47 114
47 115
48 49
48 50
48 52
48 53
48 55
48 59
48 60
48 66
48 68
48 70
48 73
48 76
48 77
48 78
48 79
48 81
48 83
48 86
48 87
48 88
48 91
48 93
48 95
48 96
48 98
48 101
48 104
48 105
48 110
48 111
48 114
48 115
48 118
49 52
49 54
49 57
49 61
49 62
49 64
49 65
49 66
49 67
49 68
49 73
49 77
49 80
49 83
49 84
49 87
49 88
49 89
49 90
49 92
49 98
49 108
49 113
49 117
49 119
50 51
50 54
50 55
50 57
50 61
50 62
50 63
50 65
50 66
50 69
50 70
50 71
50 72
50 75
50 76
50 77
50 80
50 81
50 86
50 88
50 89
50 94
50 98
50 99
50 102
50 104
50 106
50 107
50 108
50 111
50 112
50 116
50 117
50 118
50 119
51 52
51 55
51 56
51 57
51 59
51 61
51 66
51 67
51 68
51 70
51 72
51 73
51 77
51 78
51 79
51 83
51 84
51 86
51 89
51 90
51 92
51 93
51 95
51 98
51 99
51 102
51 105
51 110
51 115
51 117
51 118
51 119
52 54
52 56
52 59
52 60
52 65
52 67
52 70
52 71
52 83
52 87
52 90
52 91
52 95
52 97
52 99
52 103
52 105
52 106
52 109
52 111
52 113
52 115
52 116
52 119
53 56
53 57
53 58
53 62
53 65
53 69
53 70
53 71
53 74
53 75
53 76
53 77
53 78
53 82
53 83
53 84
53 87
53 88
53 89
53 91
53 95
53 98
53 99
53 103
53 104
53 111
53 114
54 56
54 57
54 67
54 68
54 70
54 71
54 73
54 74
54 75
54 76
54 78
54 80
54 82
54 85
54 86
54 87
54 92
54 94
54 96
54 100
54 101
54 104
54 105
54 106
54 109
54 114
54 118
54 119
55 57
55 64
55 65
55 66
55 67
55 68
55 71
55 78
55 80
55 86
55 89
55 92
55 94
55 96
55 100
55 102
55 106
55 108
55 109
55 116
55 117
55 118
56 57
56 58
56 59
56 60
56 61
56 65
56 66
56 67
56 69
56 72
56 73
56 74
56 77
56 82
56 90
56 92
56 93
56 95
56 102
56 103
56 105
56 109
56 110
56 112
56 114
56 115
56 117
56 118
57 58
57 60
57 66
57 71
57 81
57 82
57 86
57 87
57 88
57 89
57 91
57 92
57 100
57 107
57 110
57 111
57 113
57 114
58 59
58 62
58 65
58 67
58 69
58 70
58 72
58 75
58 76
58 81
58 82
58 85
58 86
58 87
58 89
58 96
58 97
58 101
58 102
58 105
58 106
58 107
58 108
58 109
58 110
58 112
59 60
59 69
59 72
59 76
59 82
59 83
59 84
59 85
59 88
59 89
59 91
59 95
59 97
59 102
59 105
59 107
59 109
59 110
59 115
59 116
59 117
60 61
60 66
60 70
60 72
60 73
60 75
60 76
60 79
60 83
60 86
60 89
60 92
60 94
60 101
60 103
60 105
60 108
60 112
60 113
60 114
61 64
61 65
61 74
61 75
61 76
61 78
61 79
61 81
61 82
61 84
61 87
61 90
61 91
61 92
61 93
61 97
61 98
61 99
61 100
61 101
61 108
61 109
61 114
61 116
62 63
62 65
62 69
62 70
62 71
62 74
62 84
62 95
62 96
62 98
62 100
62 102
62 103
62 104
62 107
62 109
62 110
62 112
62 114
62 115
62 119
63 66
63 68
63 72
63 74
63 75
63 80
63 82
63 83
63 85
63 87
63 91
63 93
63 95
63 98
63 101
63 103
63 104
63 110
63 116
64 65
64 66
64 69
64 70
64 77
64 78
64 81
64 84
64 85
64 86
64 87
64 88
64 90
64 92
64 95
64 96
64 98
64 101
64 102
64 104
64 105
64 107
64 109
64 110
64 111
64 114
64 116
64 119
65 69
65 72
65 74
65 75
65 77
65 80
65 81
65 84
65 85
65 87
65 88
65 90
65 91
65 93
65 95
65 98
65 99
65 100
65 102
65 105
65 106
65 107
65 109
65 115
66 67
66 68
66 70
66 73
66 75
66 76
66 79
66 83
66 85
66 92
66 95
66 99
66 100
66 105
66 107
66 108
66 109
66 112
66 113
66 114
66 115
66 117
67 70
67 71
67 72
67 74
67 75
67 76
67 79
67 85
67 88
67 89
67 91
67 93
67 96
67 98
67 102
67 106
67 108
67 109
67 113
67 114
68 70
68 75
68 77
68 78
68 79
68 80
68 84
68 88
68 90
68 91
68 93
68 101
68 108
68 110
68 116
68 118
68 119
69 71
69 73
69 74
69 82
69 86
69 91
69 92
69 93
69 94
69 95
69 96
69 98
69 103
69 105
69 106
69 114
69 119
70 73
70 80
70 81
70 82
70 88
70 89
70 90
70 91
70 92
70 94
70 98
70 99
70 100
70 111
70 112
70 113
70 116
70 118
71 73
71 74
71 75
71 77
71 87
71 91
71 93
71 96
71 99
71 100
71 102
71 104
71 105
71 107
71 110
71 112
71 113
71 114
71 116
71 117
72 75
72 77
72 79
72 80
72 91
72 92
72 94
72 95
72 98
72 99
72 103
72 109
72 110
72 111
72 112
72 113
72 114
72 115
72 117
73 76
73 77
73 80
73 81
73 83
73 85
73 87
73 89
73 95
73 96
73 97
73 100
73 108
73 112
73 113
73 116
73 117
73 118
74 78
74 83
74 84
74 85
74 88
74 89
74 90
74 91
74 94
74 99
74 101
74 103
74 104
74 110
74 114
74 119
75 77
75 79
75 82
75 85
75 88
75 91
75 92
75 94
75 95
75 97
75 98
75 99
75 100
75 101
75 102
75 103
75 105
75 106
75 107
75 108
75 109
75 110
75 113
75 115
75 116
75 118
76 77
76 79
76 80
76 81
76 82
76 83
76 84
76 86
76 87
76 94
76 100
76 101
76 106
76 107
76 108
76 109
76 110
76 113
76 114
77 80
77 83
77 86
77 88
77 90
77 91
77 94
77 95
77 100
77 101
77 104
77 107
77 111
77 113
77 115
77 116
77 117
77 118
78 82
78 83
78 86
78 87
78 88
78 89
78 90
78 91
78 95
78 101
78 102
78 103
78 106
78 109
78 111
78 112
79 83
79 84
79 85
79 87
79 91
79 93
79 95
79 97
79 98
79 99
79 102
79 103
79 106
79 107
79 108
79 110
79 112
79 115
79 116
79 117
79 118
80 82
80 83
80 85
80 88
80 89
80 92
80 94
80 99
80 101
80 105
80 112
80 115
80 116
80 119
81 84
81 86
81 87
81 88
81 89
81 90
81 94
81 97
81 98
81 100
81 102
81 103
81 104
81 105
81 106
81 107
81 108
81 109
81 114
81 117
81 118
82 84
82 85
82 90
82 93
82 95
82 98
82 102
82 104
82 105
82 107
82 110
82 111
82 112
82 116
82 119
83 85
83 90
83 91
83 93
83 94
83 95
83 98
83 99
83 100
83 103
83 104
83 105
83 108
83 112
83 113
83 114
83 118
83 119
84 88
84 89
84 90
84 91
84 94
84 98
84 103
84 108
84 109
84 114
84 115
84 116
84 118
85 86
85 89
85 91
85 92
85 95
85 101
85 106
85 107
85 109
85 113
86 89
86 94
86 95
86 98
86 100
86 101
86 104
86 105
86 107
86 109
86 113
86 114
86 116
86 117
87 90
87 91
87 94
87 98
87 99
87 100
87 103
87 104
87 105
87 106
87 109
87 113
87 119
88 91
88 92
88 93
88 99
88 106
88 108
88 111
88 113
88 117
88 118
89 90
89 91
89 92
89 93
89 94
89 97
89 98
89 99
89 102
89 106
89 108
89 109
89 111
89 112
89 113
89 114
89 115
89 116
89 119
90 91
90 92
90 95
90 97
90 98
90 100
90 116
90 117
90 119
91 95
91 100
91 104
91 105
91 106
91 107
91 109
91 110
91 112
91 115
91 118
92 93
92 94
92 95
92 97
92 98
92 99
92 102
92 105
92 109
92 111
92 112
92 113
92 114
92 116
93 94
93 95
93 98
93 102
93 105
93 108
93 111
93 112
93 117
93 118
93 119
94 95
94 96
94 99
94 101
94 105
94 107
94 111
94 114
94 115
94 119
95 96
95 99
95 100
95 102
95 104
95 105
95 107
95 110
95 113
95 114
95 116
95 118
95 119
96 97
96 99
96 100
96 103
96 105
96 106
96 111
96 118
97 98
97 102
97 103
97 104
97 109
97 114
97 115
97 119
98 105
98 110
98 111
98 112
98 113
98 116
98 117
99 100
99 102
99 103
99 104
99 106
99 107
99 108
99 111
99 112
99 118
99 119
100 102
100 103
100 104
100 108
100 109
100 110
100 111
100 112
100 116
100 117
101 102
101 105
101 106
101 109
101 112
101 113
101 114
101 116
102 103
102 106
102 110
102 111
102 119
103 104
103 106
103 108
103 111
103 113
103 114
103 115
103 117
103 118
103 119
104 106
104 107
104 109
104 112
105 108
105 111
105 112
105 113
105 114
105 115
105 117
105 118
106 107
106 109
106 111
106 112
106 113
106 115
106 116
107 109
107 111
107 112
107 116
108 110
108 113
108 114
109 111
109 115
110 111
110 112
110 115
110 117
110 119
111 112
111 113
111 114
111 118
111 119
112 114
112 115
112 116
112 117
113 116
113 117
114 115
114 117
115 118
115 119
53 47 111 118 76 71 4 70 74 24 42 82 11 109 27 26 84 94
114 86 16 66 48 102 93 64 6 54 18 56 52 28 91 81 32 99
97 14 17 1 87 115 20 51 2 37 61 55 103 83 21 58 41 85
12 43 38 59 19 69 119 0 108 67 117 110 40 36 107 5 116 90
15 22 77 98 13 72 44 34 3 25 39 65 113 62 92 101 96 75
112 88 79 100 57 46 30 8 95 7 10 9 89 60 104 33 50 63
78 35 45 23 73 80 49 105 29 68 31 106
