120
1463
7
0 4
0 7
0 12
0 14
0 18
0 25
0 46
0 51
0 53
0 63
0 71
0 72
0 74
0 75
0 77
0 84
0 87
0 88
0 110
0 112
0 114
0 115
0 117
1 4
1 6
1 15
1 23
1 29
1 44
1 49
1 50
1 56
1 61
1 65
1 68
1 70
1 72
1 74
1 79
1 80
1 82
1 102
1 106
1 112
1 113
1 116
1 117
1 118
2 4
2 5
2 7
2 9
2 11
2 14
2 19
2 26
2 31
2 35
2 37
2 38
2 49
2 52
2 58
2 67
2 72
2 81
2 85
2 86
2 87
2 99
2 111
2 113
2 114
3 6
3 12
3 13
3 14
3 18
3 25
3 30
3 33
3 36
3 38
3 49
3 59
3 69
3 78
3 84
3 88
3 92
3 98
3 99
3 115
3 117
3 118
4 14
4 26
4 28
4 38
4 39
4 41
4 54
4 57
4 61
4 62
4 64
4 74
4 75
4 78
4 79
4 86
4 92
4 99
5 14
5 17
5 18
5 24
5 40
5 42
5 43
5 44
5 47
5 61
5 63
5 67
5 68
5 72
5 73
5 75
5 79
5 80
5 84
5 85
5 92
5 95
5 97
5 102
5 106
5 111
6 8
6 13
6 25
6 26
6 27
6 29
6 33
6 34
6 36
6 39
6 46
6 54
6 55
6 58
6 62
6 66
6 71
6 80
6 82
6 85
6 93
6 94
6 99
6 105
6 106
7 13
7 17
7 38
7 42
7 55
7 61
7 64
7 65
7 67
7 68
7 73
7 85
7 86
7 92
7 93
7 99
7 107
7 110
7 111
7 113
7 117
7 119
8 11
8 17
8 18
8 22
8 23
8 34
8 35
8 38
8 40
8 49
8 54
8 56
8 65
8 76
8 78
8 104
8 110
8 111
8 112
8 116
8 117
8 118
9 17
9 18
9 20
9 25
9 26
9 44
9 50
9 52
9 59
9 60
9 63
9 67
9 69
9 72
9 74
9 78
9 82
9 83
9 89
9 100
9 106
9 108
9 109
9 117
9 118
10 13
10 20
10 22
10 26
10 28
10 30
10 33
10 41
10 45
10 47
10 48
10 51
10 60
10 77
10 84
10 87
10 88
10 91
10 115
10 116
11 14
11 22
11 25
11 30
11 35
11 37
11 40
11 52
11 53
11 54
11 57
11 59
11 64
11 67
11 68
11 69
11 77
11 79
11 84
11 85
11 88
11 103
11 104
11 116
11 117
12 15
12 16
12 18
12 24
12 40
12 41
12 52
12 53
12 59
12 61
12 69
12 72
12 76
12 77
12 80
12 86
12 88
12 93
12 94
12 100
12 107
12 112
12 114
12 115
13 17
13 27
13 32
13 34
13 36
13 43
13 44
13 45
13 52
13 54
13 57
13 61
13 72
13 75
13 76
13 78
13 106
13 117
14 16
14 19
14 22
14 27
14 29
14 37
14 38
14 41
14 50
14 57
14 59
14 61
14 62
14 63
14 79
14 83
14 86
14 92
14 98
14 99
14 103
14 112
14 114
14 119
15 21
15 23
15 27
15 30
15 41
15 43
15 55
15 62
15 66
15 75
15 87
15 94
15 98
15 100
15 101
15 105
15 106
15 111
15 112
15 115
16 21
16 30
16 39
16 43
16 46
16 47
16 73
16 90
16 93
16 104
16 109
17 24
17 28
17 36
17 41
17 42
17 48
17 56
17 61
17 65
17 67
17 78
17 82
17 83
17 89
17 97
17 104
17 109
18 20
18 29
18 36
18 40
18 41
18 44
18 58
18 59
18 69
18 71
18 76
18 77
18 80
18 84
18 94
18 108
18 110
18 114
18 117
18 119
19 20
19 23
19 29
19 30
19 31
19 37
19 52
19 60
19 62
19 65
19 67
19 68
19 86
19 90
19 109
19 111
19 117
20 21
20 24
20 25
20 26
20 27
20 52
20 59
20 64
20 65
20 68
20 71
20 92
20 96
20 101
20 103
20 114
20 115
21 26
21 32
21 34
21 41
21 53
21 55
21 56
21 63
21 64
21 67
21 71
21 85
21 87
21 89
21 94
21 96
21 102
21 104
21 111
21 116
22 27
22 30
22 34
22 37
22 46
22 74
22 105
22 107
22 113
22 116
23 26
23 30
23 32
23 36
23 47
23 64
23 77
23 83
23 85
23 90
23 98
23 111
23 112
23 114
23 119
24 25
24 36
24 42
24 43
24 45
24 48
24 66
24 77
24 81
24 83
24 99
24 108
24 110
24 115
25 32
25 44
25 53
25 54
25 56
25 57
25 62
25 65
25 70
25 72
25 91
25 101
25 106
25 108
26 47
26 49
26 51
26 69
26 72
26 74
26 87
26 97
26 98
26 99
26 105
26 114
26 118
27 38
27 41
27 45
27 46
27 50
27 63
27 70
27 78
27 79
27 82
27 83
27 84
27 97
27 100
27 102
27 103
27 110
27 111
27 115
28 29
28 32
28 40
28 41
28 45
28 54
28 63
28 69
28 70
28 71
28 73
28 83
28 87
28 105
28 111
29 32
29 34
29 41
29 42
29 53
29 67
29 72
29 74
29 76
29 84
29 92
29 94
29 97
29 99
29 101
29 111
29 112
29 118
30 34
30 48
30 49
30 53
30 55
30 60
30 66
30 71
30 72
30 74
30 75
30 82
30 86
30 92
30 95
30 111
30 114
30 117
31 32
31 33
31 34
31 38
31 39
31 46
31 66
31 70
31 73
31 81
31 87
31 98
31 103
31 112
31 114
31 116
31 117
32 33
32 36
32 40
32 55
32 56
32 58
32 64
32 80
32 92
32 95
32 104
32 112
32 115
32 118
32 119
33 38
33 40
33 42
33 49
33 55
33 56
33 57
33 59
33 63
33 65
33 66
33 70
33 71
33 72
33 74
33 75
33 78
33 79
33 82
33 85
33 87
33 92
33 97
33 100
33 101
33 113
33 114
33 115
33 116
33 119
34 35
34 37
34 40
34 47
34 49
34 52
34 57
34 63
34 68
34 76
34 77
34 80
34 81
34 83
34 84
34 98
34 108
34 112
34 115
35 42
35 45
35 46
35 48
35 49
35 50
35 52
35 60
35 62
35 64
35 65
35 71
35 78
35 82
35 92
35 103
35 105
36 40
36 44
36 48
36 50
36 51
36 55
36 57
36 60
36 61
36 73
36 76
36 78
36 90
36 91
36 93
36 95
36 111
36 114
36 118
37 38
37 39
37 41
37 49
37 60
37 62
37 66
37 67
37 70
37 73
37 80
37 82
37 91
37 92
37 100
37 112
37 116
37 117
37 118
38 39
38 42
38 43
38 48
38 59
38 66
38 84
38 87
38 89
38 92
38 93
38 97
38 98
38 101
38 105
38 107
38 108
38 113
38 114
39 41
39 43
39 44
39 54
39 58
39 68
39 92
39 97
39 101
39 105
39 110
39 116
39 119
40 43
40 45
40 46
40 53
40 54
40 55
40 58
40 64
40 70
40 74
40 75
40 80
40 85
40 88
40 91
40 94
40 99
40 110
40 113
40 116
40 117
41 42
41 44
41 47
41 54
41 56
41 58
41 66
41 85
41 86
41 89
41 98
41 100
41 101
41 104
41 113
42 55
42 56
42 58
42 68
42 71
42 74
42 87
42 89
42 90
42 91
42 95
42 96
42 99
42 104
42 107
42 117
43 45
43 48
43 68
43 69
43 70
43 76
43 87
43 88
43 93
43 94
43 102
43 105
43 113
43 114
43 119
44 54
44 55
44 60
44 62
44 69
44 71
44 73
44 79
44 80
44 86
44 97
44 98
44 108
44 112
44 113
45 46
45 49
45 63
45 66
45 70
45 75
45 76
45 77
45 84
45 86
45 88
45 100
45 104
45 108
45 112
45 117
45 118
46 48
46 50
46 51
46 55
46 56
46 57
46 80
46 86
46 89
46 90
46 97
46 98
46 102
46 107
46 108
46 112
46 113
46 115
47 48
47 51
47 60
47 61
47 71
47 79
47 85
47 89
47 101
47 102
47 110
47 112
47 117
48 51
48 59
48 64
48 66
48 68
48 74
48 80
48 82
48 83
48 92
48 94
48 98
48 102
48 117
49 57
49 69
49 70
49 74
49 78
49 85
49 87
49 90
49 93
49 97
49 98
49 103
49 104
49 111
49 112
49 114
49 117
50 63
50 65
50 66
50 67
50 82
50 90
50 96
50 99
50 100
50 101
50 103
50 112
51 52
51 54
51 56
51 57
51 59
51 60
51 65
51 72
51 76
51 83
51 85
51 92
51 97
51 100
51 103
51 105
51 108
51 115
52 56
52 59
52 76
52 81
52 85
52 86
52 99
52 105
52 111
52 117
53 59
53 64
53 65
53 67
53 75
53 80
53 95
53 97
53 105
53 109
53 113
53 114
53 117
54 56
54 57
54 70
54 73
54 74
54 79
54 85
54 89
54 91
54 97
54 98
54 101
54 103
54 104
54 108
54 112
54 119
55 70
55 78
55 79
55 87
55 88
55 95
55 99
55 101
55 110
55 114
55 116
55 118
55 119
56 57
56 59
56 64
56 68
56 69
56 70
56 72
56 74
56 78
56 82
56 83
56 91
56 93
56 94
56 95
56 99
56 101
56 105
56 107
56 109
56 111
56 117
56 118
57 61
57 66
57 67
57 69
57 70
57 74
57 83
57 104
57 107
57 111
57 112
57 114
57 116
58 62
58 66
58 73
58 77
58 80
58 88
58 89
58 93
58 95
58 98
58 99
58 104
58 107
58 114
58 115
59 61
59 63
59 67
59 68
59 81
59 82
59 84
59 88
59 91
59 92
59 104
59 108
59 109
59 117
59 119
60 61
60 66
60 69
60 75
60 87
60 88
60 93
60 104
60 106
60 113
60 115
60 116
60 119
61 62
61 79
61 83
61 88
61 98
61 113
62 63
62 70
62 71
62 75
62 79
62 80
62 93
62 98
62 105
62 109
62 115
62 118
63 66
63 67
63 69
63 71
63 72
63 73
63 82
63 87
63 90
63 92
63 97
63 102
63 103
63 107
63 112
63 116
63 118
64 69
64 72
64 74
64 77
64 86
64 87
64 88
64 94
64 95
64 96
64 98
64 99
64 104
64 118
65 66
65 73
65 76
65 77
65 79
65 81
65 82
65 85
65 88
65 90
65 98
65 102
65 108
65 113
65 116
66 71
66 72
66 76
66 79
66 89
66 90
66 93
66 101
66 102
66 110
66 113
66 114
66 118
67 74
67 75
67 76
67 100
67 102
67 106
67 115
67 116
68 78
68 81
68 82
68 83
68 90
68 92
68 93
68 94
68 97
68 98
68 100
68 101
68 104
68 108
68 118
69 70
69 71
69 76
69 79
69 81
69 82
69 83
69 98
69 99
69 100
70 72
70 76
70 82
70 85
70 87
70 94
70 111
70 112
70 116
70 118
71 72
71 74
71 85
71 88
71 89
71 91
71 94
71 96
71 97
71 105
71 111
71 112
71 116
71 117
71 119
72 74
72 82
72 87
72 90
72 102
72 105
72 108
72 112
72 114
73 83
73 84
73 85
73 86
73 89
73 90
73 96
73 106
73 107
73 108
73 109
73 111
73 115
74 81
74 93
74 98
74 101
74 103
74 106
74 110
75 76
75 87
75 88
75 90
75 92
75 100
75 105
75 110
75 113
75 115
75 116
76 85
76 89
76 93
76 95
76 98
76 105
76 106
76 107
76 108
76 111
76 116
77 83
77 84
77 87
77 89
77 95
77 101
77 102
77 103
77 108
78 81
78 85
78 86
78 87
78 90
78 97
78 98
78 101
78 108
78 110
78 118
79 80
79 85
79 88
79 91
79 99
79 102
79 110
80 81
80 88
80 89
80 90
80 93
80 99
80 103
80 104
80 111
80 119
81 92
81 109
82 84
82 87
82 89
82 92
82 95
82 99
82 101
82 106
82 108
82 113
82 115
82 116
82 117
83 84
83 85
83 88
83 94
83 96
83 103
83 104
83 118
84 101
84 106
84 107
84 111
84 118
85 103
85 104
85 105
85 107
85 111
86 88
86 98
86 100
86 107
86 109
86 114
86 115
86 116
87 90
87 99
87 101
87 102
87 105
87 117
87 119
88 95
88 102
88 103
88 105
88 106
88 111
89 90
89 93
89 116
90 94
90 104
90 107
90 110
90 113
90 114
90 115
90 119
91 101
91 104
91 108
91 111
91 112
91 117
92 97
92 101
92 108
92 109
92 118
92 119
93 106
93 115
94 95
94 99
94 112
94 117
95 96
95 100
95 102
95 112
96 97
96 103
96 116
97 98
97 105
97 106
97 109
97 114
97 115
98 108
98 114
98 117
98 118
99 103
99 106
99 111
99 115
99 119
100 109
100 111
100 115
100 117
100 118
101 103
101 105
101 108
101 112
101 114
101 115
101 117
102 109
102 112
102 115
102 116
103 107
103 113
103 117
104 107
104 108
104 112
105 106
105 107
105 114
106 111
106 114
106 118
107 109
107 115
107 118
108 109
108 117
109 112
109 114
109 115
110 113
111 112
111 119
114 116
114 118
116 117
59 68 108 6 56 11 81 90 89 20 118 3 4 38 9 55 23 54
48 79 62 94 106 18 110 41 16 64 2 13 97 100 51 112 95 63
52 61 119 36 39 24 77 111 101 96 37 46 104 87 114 45 53 58
5 78 19 42 80 105 34 88 50 25 86 12 99 85 1 15 35 29
115 60 65 102 49 14 27 40 98 8 116 17 75 82 107 66 76 22
73 10 109 117 57 74 0 47 33 28 113 26 84 91 43 70 67 71
7 69 72 21 92 83 31 30 44 32 93 103
