120
2099
20
0 1
0 3
0 4
0 5
0 6
0 9
0 15
0 17
0 19
0 20
0 26
0 34
0 45
0 47
0 50
0 61
0 63
0 65
0 67
0 73
0 80
0 82
0 85
0 87
0 91
0 93
0 95
0 96
0 97
0 100
0 101
0 102
0 103
0 107
0 114
0 115
1 4
1 5
1 7
1 11
1 12
1 14
1 15
1 16
1 19
1 21
1 22
1 24
1 27
1 31
1 37
1 39
1 40
1 41
1 42
1 45
1 58
1 64
1 66
1 68
1 70
1 71
1 75
1 76
1 82
1 83
1 85
1 87
1 88
1 94
1 99
1 100
1 102
1 103
1 109
1 118
2 3
2 5
2 8
2 9
2 13
2 14
2 18
2 24
2 25
2 29
2 31
2 37
2 39
2 40
2 44
2 45
2 50
2 52
2 62
2 64
2 69
2 78
2 80
2 88
2 94
2 96
2 101
2 108
2 112
2 116
3 7
3 11
3 14
3 15
3 26
3 27
3 28
3 31
3 33
3 34
3 35
3 37
3 38
3 47
3 48
3 49
3 50
3 51
3 53
3 57
3 58
3 59
3 63
3 66
3 77
3 78
3 82
3 86
3 87
3 89
3 96
3 97
3 101
3 113
3 117
4 8
4 9
4 11
4 17
4 18
4 23
4 24
4 26
4 33
4 34
4 35
4 42
4 48
4 54
4 57
4 58
4 67
4 68
4 69
4 70
4 79
4 82
4 84
4 85
4 87
4 93
4 94
4 99
4 100
4 101
4 103
4 105
4 107
4 113
4 117
5 8
5 19
5 23
5 28
5 31
5 35
5 38
5 40
5 41
5 42
5 45
5 51
5 56
5 57
5 58
5 59
5 61
5 62
5 63
5 66
5 68
5 71
5 73
5 77
5 79
5 85
5 87
5 88
5 89
5 90
5 94
5 100
5 103
5 104
5 112
5 114
5 115
5 116
5 117
5 118
6 7
6 10
6 14
6 23
6 25
6 29
6 31
6 33
6 35
6 40
6 47
6 48
6 49
6 51
6 53
6 56
6 59
6 64
6 65
6 74
6 76
6 85
6 87
6 94
6 96
6 100
6 107
6 110
6 111
6 115
6 119
7 8
7 9
7 29
7 30
7 37
7 39
7 44
7 47
7 56
7 57
7 61
7 63
7 64
7 65
7 66
7 72
7 73
7 75
7 79
7 80
7 81
7 84
7 85
7 86
7 88
7 96
7 98
7 100
7 104
7 108
7 109
7 110
7 117
8 10
8 13
8 14
8 15
8 17
8 20
8 22
8 23
8 27
8 30
8 34
8 39
8 42
8 48
8 51
8 55
8 56
8 58
8 60
8 63
8 64
8 65
8 67
8 69
8 73
8 74
8 79
8 81
8 84
8 90
8 91
8 92
8 93
8 115
8 116
8 118
9 20
9 23
9 24
9 27
9 37
9 39
9 43
9 50
9 58
9 61
9 62
9 65
9 68
9 72
9 75
9 79
9 80
9 81
9 82
9 83
9 84
9 86
9 88
9 89
9 91
9 93
9 94
9 96
9 103
9 104
9 106
9 110
9 114
10 12
10 14
10 16
10 18
10 19
10 21
10 23
10 26
10 33
10 36
10 41
10 45
10 49
10 55
10 57
10 58
10 63
10 64
10 70
10 75
10 78
10 81
10 83
10 84
10 90
10 91
10 94
10 95
10 99
10 101
10 105
10 106
10 107
10 111
10 114
10 115
11 14
11 15
11 21
11 34
11 37
11 46
11 47
11 55
11 58
11 61
11 66
11 70
11 72
11 73
11 87
11 91
11 94
11 96
11 97
11 101
11 107
11 116
12 14
12 15
12 20
12 25
12 28
12 30
12 34
12 37
12 39
12 43
12 46
12 48
12 49
12 57
12 58
12 60
12 64
12 68
12 74
12 75
12 78
12 80
12 84
12 85
12 88
12 90
12 94
12 96
12 97
12 99
12 103
12 104
12 109
12 113
12 116
12 117
13 17
13 19
13 27
13 28
13 37
13 44
13 45
13 47
13 49
13 60
13 62
13 63
13 64
13 65
13 66
13 72
13 75
13 84
13 86
13 87
13 91
13 96
13 98
13 103
13 107
13 111
13 112
13 117
13 119
14 15
14 16
14 17
14 20
14 36
14 42
14 43
14 50
14 52
14 53
14 56
14 57
14 58
14 59
14 61
14 64
14 65
14 66
14 71
14 72
14 73
14 74
14 77
14 79
14 80
14 81
14 93
14 96
14 98
14 101
14 104
14 105
14 110
14 112
14 114
14 119
15 17
15 18
15 23
15 25
15 34
15 35
15 41
15 44
15 46
15 48
15 50
15 53
15 55
15 57
15 58
15 66
15 71
15 72
15 75
15 76
15 79
15 85
15 87
15 91
15 98
15 100
15 101
15 104
15 105
15 109
16 18
16 19
16 26
16 29
16 32
16 34
16 36
16 49
16 51
16 54
16 64
16 65
16 66
16 69
16 70
16 72
16 80
16 83
16 84
16 85
16 89
16 91
16 93
16 96
16 99
16 100
16 101
16 103
16 107
16 109
16 111
16 113
16 116
16 118
17 20
17 24
17 33
17 36
17 43
17 47
17 48
17 49
17 50
17 53
17 54
17 56
17 61
17 64
17 66
17 67
17 70
17 76
17 77
17 85
17 90
17 91
17 94
17 102
17 106
17 110
17 115
17 117
18 19
18 22
18 24
18 27
18 29
18 30
18 31
18 35
18 36
18 46
18 49
18 50
18 57
18 59
18 63
18 64
18 70
18 75
18 82
18 83
18 84
18 85
18 88
18 93
18 96
18 104
18 108
18 112
18 116
18 118
18 119
19 21
19 22
19 25
19 37
19 38
19 39
19 42
19 52
19 60
19 63
19 68
19 69
19 71
19 75
19 81
19 82
19 84
19 87
19 88
19 90
19 97
19 105
19 106
19 116
20 21
20 29
20 40
20 52
20 56
20 58
20 60
20 62
20 78
20 79
20 82
20 83
20 101
20 106
20 112
20 114
20 116
20 118
21 22
21 26
21 27
21 28
21 29
21 33
21 34
21 44
21 48
21 51
21 52
21 62
21 64
21 67
21 71
21 72
21 74
21 79
21 81
21 84
21 85
21 91
21 101
21 102
21 106
21 107
21 108
21 109
21 112
21 113
21 116
21 117
21 119
22 24
22 27
22 28
22 36
22 37
22 41
22 43
22 45
22 46
22 49
22 51
22 61
22 62
22 64
22 65
22 71
22 77
22 79
22 80
22 82
22 84
22 88
22 90
22 91
22 95
22 101
22 102
22 106
22 107
22 115
23 26
23 27
23 28
23 35
23 42
23 44
23 46
23 48
23 49
23 50
23 52
23 53
23 58
23 62
23 63
23 65
23 66
23 68
23 70
23 71
23 72
23 77
23 80
23 81
23 89
23 94
23 95
23 97
23 103
23 104
23 112
23 117
24 26
24 27
24 31
24 37
24 38
24 41
24 46
24 50
24 54
24 56
24 60
24 68
24 70
24 71
24 73
24 75
24 76
24 77
24 78
24 79
24 81
24 83
24 84
24 88
24 89
24 95
24 96
24 100
24 112
24 113
24 116
24 119
25 26
25 29
25 30
25 31
25 32
25 35
25 36
25 42
25 45
25 47
25 48
25 51
25 53
25 54
25 56
25 59
25 61
25 65
25 66
25 68
25 77
25 79
25 80
25 85
25 88
25 93
25 97
25 103
25 105
25 107
25 110
25 112
25 113
25 114
25 118
26 27
26 28
26 29
26 33
26 36
26 37
26 40
26 47
26 55
26 58
26 62
26 65
26 66
26 67
26 71
26 75
26 76
26 78
26 84
26 87
26 88
26 91
26 95
26 99
26 103
26 105
26 107
26 112
26 117
26 118
26 119
27 33
27 37
27 39
27 42
27 46
27 50
27 52
27 57
27 61
27 62
27 69
27 79
27 82
27 83
27 85
27 87
27 88
27 100
27 103
27 105
27 108
27 112
27 113
27 115
28 30
28 33
28 38
28 41
28 47
28 53
28 56
28 59
28 67
28 69
28 72
28 77
28 78
28 86
28 90
28 95
28 97
28 108
28 112
28 115
28 116
29 32
29 35
29 41
29 42
29 45
29 47
29 48
29 52
29 57
29 59
29 60
29 61
29 65
29 70
29 74
29 76
29 79
29 80
29 83
29 91
29 92
29 95
29 100
29 101
29 104
29 111
29 112
29 115
29 116
29 117
30 37
30 38
30 40
30 45
30 59
30 67
30 75
30 76
30 77
30 81
30 87
30 93
30 95
30 97
30 106
30 110
31 35
31 40
31 42
31 44
31 45
31 46
31 47
31 48
31 49
31 50
31 51
31 53
31 55
31 57
31 58
31 59
31 62
31 64
31 69
31 76
31 81
31 90
31 92
31 93
31 98
31 102
31 106
31 115
31 117
32 33
32 36
32 44
32 45
32 52
32 53
32 59
32 64
32 66
32 67
32 68
32 76
32 78
32 79
32 80
32 81
32 89
32 92
32 95
32 96
32 97
32 98
32 99
32 100
32 101
32 103
32 105
32 108
32 110
32 111
32 112
32 113
32 115
32 117
32 118
33 37
33 42
33 46
33 55
33 56
33 61
33 62
33 64
33 68
33 75
33 77
33 78
33 80
33 82
33 87
33 90
33 99
33 101
33 102
33 107
33 108
33 109
33 111
34 36
34 37
34 38
34 39
34 40
34 45
34 46
34 55
34 56
34 58
34 59
34 61
34 65
34 66
34 67
34 69
34 70
34 73
34 80
34 81
34 90
34 94
34 95
34 96
34 99
34 105
34 107
34 113
34 114
34 115
34 116
34 117
34 118
35 41
35 42
35 43
35 54
35 64
35 66
35 67
35 69
35 70
35 77
35 78
35 80
35 87
35 89
35 96
35 100
35 103
35 108
35 115
35 116
35 117
35 118
35 119
36 43
36 45
36 50
36 56
36 67
36 68
36 70
36 72
36 73
36 74
36 77
36 79
36 80
36 84
36 86
36 94
36 101
36 102
36 107
36 108
36 109
36 114
37 42
37 43
37 44
37 48
37 49
37 50
37 52
37 61
37 63
37 65
37 70
37 72
37 81
37 82
37 88
37 96
37 99
37 100
37 102
37 104
37 113
37 114
37 116
37 117
38 40
38 41
38 46
38 51
38 54
38 55
38 62
38 63
38 66
38 68
38 73
38 81
38 90
38 91
38 94
38 97
38 108
38 109
38 110
38 111
38 116
39 42
39 44
39 45
39 46
39 51
39 58
39 61
39 63
39 65
39 66
39 67
39 73
39 75
39 76
39 79
39 85
39 89
39 90
39 96
39 102
39 103
39 116
39 119
40 49
40 54
40 57
40 60
40 63
40 65
40 74
40 75
40 80
40 86
40 91
40 94
40 98
40 101
40 102
40 104
40 113
41 42
41 43
41 45
41 46
41 47
41 54
41 58
41 59
41 60
41 63
41 70
41 74
41 80
41 88
41 90
41 91
41 92
41 98
41 99
41 102
41 103
41 113
42 46
42 47
42 48
42 59
42 60
42 64
42 67
42 70
42 73
42 78
42 80
42 86
42 94
42 96
42 100
42 102
42 107
42 108
42 113
42 116
42 118
43 46
43 51
43 60
43 62
43 72
43 82
43 88
43 89
43 100
43 105
43 108
43 109
43 112
44 45
44 47
44 51
44 52
44 53
44 55
44 56
44 59
44 64
44 65
44 67
44 71
44 72
44 73
44 76
44 77
44 78
44 80
44 87
44 88
44 94
44 100
44 101
44 106
44 110
44 111
44 116
44 119
45 47
45 51
45 53
45 56
45 59
45 60
45 65
45 70
45 71
45 84
45 85
45 89
45 93
45 95
45 102
45 105
45 106
45 109
45 113
45 115
45 116
45 119
46 48
46 50
46 52
46 56
46 58
46 61
46 70
46 71
46 72
46 73
46 74
46 76
46 77
46 78
46 81
46 86
46 87
46 93
46 98
46 100
46 110
46 111
46 113
46 116
47 52
47 63
47 65
47 69
47 76
47 78
47 81
47 82
47 84
47 86
47 87
47 89
47 92
47 93
47 94
47 101
47 102
47 108
47 111
47 114
47 115
48 51
48 68
48 74
48 76
48 78
48 86
48 89
48 90
48 96
48 97
48 98
48 102
48 103
48 108
48 112
48 113
48 116
48 117
49 52
49 54
49 61
49 62
49 65
49 77
49 80
49 81
49 82
49 83
49 84
49 87
49 88
49 96
49 97
49 100
49 103
49 104
49 105
49 106
49 110
49 111
49 112
49 113
49 114
49 115
49 116
50 51
50 61
50 64
50 66
50 67
50 70
50 73
50 74
50 78
50 81
50 82
50 84
50 86
50 96
50 102
50 104
50 109
50 110
50 111
50 114
50 115
51 53
51 57
51 60
51 65
51 69
51 71
51 75
51 88
51 89
51 91
51 93
51 94
51 97
51 100
51 104
51 105
51 117
52 59
52 63
52 64
52 73
52 75
52 79
52 81
52 84
52 87
52 90
52 99
52 102
52 105
52 106
52 111
52 112
52 116
52 119
53 57
53 58
53 63
53 65
53 70
53 74
53 77
53 79
53 81
53 88
53 91
53 93
53 97
53 101
53 102
53 107
53 112
53 118
54 56
54 59
54 61
54 64
54 68
54 75
54 82
54 83
54 90
54 95
54 96
54 97
54 98
54 104
54 105
54 106
55 56
55 61
55 63
55 67
55 69
55 70
55 71
55 74
55 77
55 78
55 84
55 91
55 92
55 98
55 99
55 100
55 101
55 102
55 115
55 116
55 119
56 58
56 66
56 67
56 71
56 72
56 73
56 86
56 92
56 93
56 95
56 96
56 100
56 101
56 106
56 111
56 112
56 115
57 59
57 60
57 63
57 66
57 71
57 73
57 74
57 79
57 82
57 87
57 91
57 95
57 100
57 101
57 105
57 106
57 111
57 114
58 59
58 60
58 61
58 63
58 64
58 72
58 73
58 77
58 82
58 83
58 85
58 86
58 89
58 92
58 95
58 104
58 105
58 112
58 113
58 117
59 65
59 71
59 73
59 76
59 83
59 90
59 92
59 96
59 101
59 102
59 103
59 104
59 113
59 119
60 63
60 66
60 69
60 70
60 76
60 80
60 83
60 84
60 87
60 88
60 91
60 92
60 101
60 102
60 106
60 111
60 112
60 113
61 63
61 68
61 69
61 73
61 78
61 91
61 92
61 98
61 99
61 106
61 111
61 115
61 116
62 63
62 68
62 69
62 70
62 74
62 77
62 81
62 84
62 92
62 94
62 97
62 100
62 101
62 108
62 112
62 113
62 117
62 118
62 119
63 70
63 73
63 77
63 78
63 83
63 84
63 91
63 92
63 94
63 97
63 98
63 103
63 110
63 114
63 117
63 119
64 65
64 67
64 68
64 69
64 77
64 83
64 85
64 87
64 89
64 91
64 93
64 94
64 99
64 100
64 105
64 108
64 115
64 117
65 67
65 70
65 80
65 82
65 83
65 89
65 91
65 101
65 104
65 105
65 106
65 112
65 113
65 118
66 67
66 71
66 76
66 77
66 81
66 90
66 95
66 97
66 98
66 99
66 101
66 103
66 105
66 108
66 110
66 111
66 115
66 118
66 119
67 75
67 78
67 80
67 81
67 82
67 83
67 89
67 90
67 94
67 95
67 98
67 99
67 104
67 106
67 107
67 109
67 112
67 114
68 76
68 79
68 81
68 84
68 85
68 87
68 88
68 90
68 92
68 96
68 100
68 105
68 111
68 113
68 115
68 116
69 70
69 71
69 73
69 74
69 77
69 79
69 81
69 83
69 85
69 90
69 95
69 96
69 97
69 98
69 112
69 114
69 117
69 118
70 73
70 80
70 81
70 84
70 93
70 95
70 97
70 102
70 105
70 108
70 111
70 113
70 116
70 118
71 75
71 76
71 77
71 80
71 87
71 94
71 95
71 96
71 101
71 102
71 104
71 107
71 111
71 112
71 115
71 116
71 117
72 73
72 78
72 85
72 90
72 91
72 96
72 99
72 102
72 105
72 115
72 116
72 118
73 74
73 76
73 80
73 81
73 82
73 83
73 95
73 97
73 102
73 103
73 105
73 109
73 114
73 116
73 118
74 77
74 78
74 82
74 89
74 91
74 92
74 99
74 100
74 103
74 109
74 111
74 112
75 76
75 79
75 88
75 92
75 96
75 98
75 104
75 105
75 106
75 107
75 108
75 114
75 115
75 118
76 80
76 82
76 93
76 96
76 100
76 105
76 106
76 107
76 108
76 115
77 86
77 87
77 103
77 108
77 109
77 111
77 113
77 117
78 81
78 87
78 88
78 91
78 92
78 93
78 94
78 96
78 99
78 101
78 102
78 103
78 106
78 113
78 117
78 119
79 81
79 88
79 89
79 92
79 96
79 102
79 105
79 106
79 111
79 112
79 114
79 116
80 89
80 91
80 93
80 94
80 97
80 102
80 112
80 114
81 83
81 86
81 90
81 93
81 97
81 98
81 99
81 100
81 108
81 111
81 114
81 119
82 88
82 91
82 102
82 105
82 110
82 111
82 119
83 84
83 92
83 96
83 100
83 102
83 105
83 106
83 108
83 109
83 112
83 114
83 119
84 85
84 94
84 96
84 97
84 99
84 104
85 89
85 97
85 99
85 106
85 110
85 114
86 89
86 90
86 92
86 96
86 104
86 108
86 109
86 110
86 114
86 115
86 116
86 118
87 92
87 94
87 95
87 97
87 98
87 105
87 109
87 115
87 118
88 92
88 97
88 99
88 100
88 102
88 105
88 109
88 113
88 116
89 92
89 97
89 101
89 103
89 109
90 98
90 99
90 100
90 102
90 104
90 106
90 107
90 109
90 114
91 92
91 93
91 94
91 95
91 100
91 101
91 103
91 107
91 109
91 110
91 114
91 116
91 119
92 93
92 94
92 106
92 107
92 108
92 112
92 117
92 118
92 119
93 94
93 97
93 98
93 99
93 105
93 106
93 107
93 109
93 110
93 116
93 119
94 98
94 104
94 108
94 110
94 114
94 119
95 96
95 108
95 118
95 119
96 99
96 101
96 103
96 106
96 110
96 111
96 115
96 119
97 102
97 113
97 116
97 118
98 100
98 103
98 105
98 109
98 110
98 114
98 119
99 102
99 108
99 111
99 112
99 114
99 117
100 108
100 109
100 110
100 117
101 102
101 104
101 109
101 110
101 119
102 105
102 108
102 109
102 110
102 116
102 117
102 119
103 107
103 110
103 112
104 106
104 110
104 114
104 118
105 108
105 112
105 113
105 114
105 117
106 111
106 115
106 119
107 113
107 118
108 110
108 111
108 116
109 110
109 111
109 115
109 117
109 118
110 111
110 112
110 118
110 119
111 112
111 113
111 115
111 117
112 114
112 115
113 117
113 119
117 118
93 100 118 74 98 46
78 103 33 34 50 25
38 24 68 20 55 16
92 114 18 107 32 12
6 83 88 112 14 13
87 110 63 62 85 73
111 69 53 15 77 8
84 36 97 44 9 0
4 72 106 117 115 71
42 67 22 37 96 81
28 64 101 56 29 54
31 47 26 104 116 59
70 57 7 99 49 27
41 76 40 65 45 119
61 113 75 66 11 21
51 95 108 105 19 82
109 89 5 10 23 94
30 80 58 86 35 3
79 43 52 90 39 102
48 60 1 17 91 2
