120
3515
20
0 1
0 4
0 5
0 8
0 9
0 11
0 12
0 16
0 17
0 18
0 22
0 26
0 31
0 32
0 33
0 34
0 35
0 36
0 39
0 40
0 43
0 44
0 46
0 48
0 50
0 51
0 57
0 58
0 60
0 63
0 64
0 66
0 67
0 68
0 71
0 73
0 74
0 75
0 76
0 78
0 80
0 81
0 83
0 84
0 85
0 87
0 88
0 90
0 91
0 93
0 94
0 95
0 99
0 102
0 103
0 107
0 109
0 113
0 115
0 116
1 4
1 5
1 6
1 10
1 13
1 14
1 15
1 16
1 18
1 21
1 22
1 24
1 27
1 35
1 36
1 37
1 38
1 39
1 40
1 42
1 47
1 48
1 50
1 51
1 52
1 54
1 59
1 60
1 63
1 64
1 65
1 67
1 70
1 71
1 77
1 81
1 82
1 83
1 84
1 86
1 88
1 89
1 93
1 99
1 101
1 105
1 108
1 110
1 111
1 112
1 113
1 114
1 115
1 116
1 119
2 5
2 6
2 8
2 9
2 10
2 14
2 15
2 16
2 19
2 21
2 25
2 26
2 27
2 30
2 31
2 33
2 35
2 36
2 37
2 39
2 41
2 42
2 43
2 46
2 47
2 49
2 51
2 52
2 53
2 54
2 59
2 62
2 63
2 66
2 67
2 68
2 72
2 75
2 76
2 78
2 79
2 80
2 81
2 83
2 84
2 86
2 87
2 90
2 94
2 95
2 97
2 103
2 105
2 106
2 108
2 112
2 116
2 117
2 118
3 5
3 7
3 8
3 14
3 15
3 18
3 19
3 22
3 23
3 25
3 29
3 32
3 34
3 35
3 36
3 37
3 42
3 44
3 47
3 48
3 54
3 57
3 60
3 61
3 62
3 63
3 64
3 66
3 68
3 71
3 73
3 75
3 76
3 77
3 78
3 79
3 80
3 81
3 82
3 83
3 91
3 92
3 93
3 94
3 95
3 96
3 99
3 105
3 110
3 111
3 113
3 115
4 6
4 8
4 10
4 12
4 13
4 15
4 20
4 21
4 22
4 24
4 25
4 26
4 27
4 28
4 29
4 32
4 35
4 36
4 37
4 39
4 40
4 41
4 42
4 44
4 47
4 48
4 50
4 52
4 54
4 55
4 57
4 58
4 59
4 61
4 64
4 65
4 66
4 67
4 70
4 71
4 72
4 73
4 74
4 76
4 78
4 82
4 83
4 86
4 87
4 88
4 90
4 91
4 92
4 96
4 98
4 101
4 102
4 104
4 109
4 111
4 114
4 116
4 118
4 119
5 8
5 13
5 16
5 18
5 19
5 21
5 22
5 28
5 30
5 33
5 34
5 35
5 38
5 40
5 43
5 44
5 45
5 46
5 47
5 48
5 50
5 52
5 54
5 55
5 56
5 57
5 59
5 62
5 69
5 71
5 72
5 74
5 76
5 77
5 80
5 81
5 84
5 86
5 89
5 91
5 92
5 95
5 101
5 102
5 107
5 113
5 118
6 8
6 10
6 11
6 14
6 20
6 21
6 23
6 24
6 25
6 26
6 27
6 28
6 32
6 36
6 37
6 38
6 40
6 41
6 43
6 44
6 45
6 48
6 52
6 53
6 54
6 55
6 56
6 57
6 59
6 60
6 61
6 62
6 65
6 69
6 70
6 76
6 82
6 85
6 87
6 88
6 90
6 93
6 94
6 95
6 96
6 98
6 100
6 101
6 103
6 108
6 110
6 112
6 114
6 115
6 116
7 8
7 10
7 14
7 15
7 16
7 18
7 19
7 22
7 29
7 30
7 31
7 32
7 34
7 37
7 39
7 40
7 41
7 42
7 44
7 47
7 48
7 49
7 50
7 51
7 52
7 54
7 56
7 60
7 61
7 63
7 67
7 69
7 71
7 73
7 75
7 77
7 82
7 85
7 87
7 88
7 89
7 90
7 91
7 92
7 100
7 103
7 104
7 105
7 108
7 110
7 112
7 114
8 9
8 11
8 12
8 13
8 16
8 17
8 20
8 21
8 22
8 23
8 24
8 26
8 28
8 29
8 31
8 32
8 34
8 35
8 36
8 37
8 40
8 44
8 47
8 49
8 51
8 53
8 54
8 57
8 60
8 62
8 65
8 66
8 67
8 72
8 73
8 75
8 76
8 77
8 79
8 80
8 81
8 82
8 83
8 85
8 88
8 91
8 92
8 93
8 98
8 102
8 104
8 106
8 107
8 108
8 110
8 113
8 114
9 10
9 11
9 12
9 13
9 24
9 25
9 27
9 28
9 29
9 30
9 31
9 35
9 36
9 37
9 38
9 42
9 45
9 47
9 48
9 51
9 53
9 58
9 59
9 60
9 62
9 63
9 65
9 66
9 67
9 69
9 71
9 73
9 74
9 77
9 79
9 80
9 81
9 82
9 85
9 88
9 89
9 91
9 94
9 95
9 97
9 99
9 100
9 101
9 102
9 105
9 106
9 107
9 108
9 110
9 117
9 119
10 11
10 13
10 15
10 17
10 21
10 32
10 34
10 37
10 39
10 43
10 45
10 47
10 48
10 49
10 50
10 53
10 56
10 60
10 61
10 64
10 65
10 66
10 68
10 70
10 71
10 73
10 77
10 78
10 80
10 81
10 82
10 87
10 88
10 90
10 91
10 92
10 94
10 95
10 97
10 98
10 99
10 101
10 106
10 107
10 108
10 109
10 111
10 112
10 114
10 115
10 116
10 117
10 118
10 119
11 12
11 15
11 16
11 20
11 22
11 23
11 24
11 26
11 27
11 29
11 30
11 32
11 33
11 37
11 42
11 43
11 44
11 46
11 50
11 52
11 53
11 60
11 61
11 62
11 63
11 64
11 66
11 67
11 69
11 70
11 71
11 74
11 75
11 77
11 78
11 80
11 82
11 83
11 84
11 86
11 87
11 88
11 90
11 94
11 95
11 97
11 98
11 99
11 101
11 103
11 104
11 109
11 110
11 111
11 112
11 113
11 114
11 117
12 15
12 16
12 18
12 22
12 24
12 25
12 27
12 29
12 31
12 32
12 36
12 37
12 38
12 39
12 42
12 45
12 46
12 47
12 50
12 51
12 52
12 54
12 58
12 59
12 62
12 68
12 69
12 74
12 75
12 76
12 77
12 80
12 81
12 82
12 84
12 86
12 88
12 90
12 92
12 93
12 95
12 99
12 100
12 101
12 103
12 105
12 107
12 108
12 109
12 115
12 119
13 15
13 17
13 18
13 19
13 24
13 27
13 30
13 31
13 32
13 36
13 37
13 38
13 39
13 40
13 41
13 42
13 43
13 44
13 47
13 50
13 53
13 54
13 55
13 57
13 58
13 59
13 60
13 61
13 62
13 65
13 66
13 69
13 70
13 71
13 74
13 76
13 77
13 78
13 79
13 81
13 83
13 85
13 86
13 88
13 90
13 91
13 92
13 96
13 101
13 104
13 105
13 107
13 108
13 110
13 117
13 119
14 15
14 17
14 18
14 22
14 24
14 25
14 27
14 28
14 30
14 31
14 32
14 33
14 34
14 36
14 37
14 38
14 41
14 44
14 46
14 47
14 48
14 50
14 51
14 54
14 55
14 57
14 60
14 61
14 62
14 65
14 66
14 67
14 69
14 70
14 74
14 78
14 80
14 81
14 84
14 86
14 88
14 89
14 94
14 96
14 97
14 99
14 100
14 101
14 104
14 105
14 106
14 107
14 108
14 109
14 112
14 113
14 114
14 115
14 118
15 17
15 18
15 19
15 20
15 21
15 22
15 24
15 28
15 29
15 32
15 33
15 34
15 35
15 36
15 37
15 41
15 46
15 48
15 50
15 52
15 53
15 54
15 56
15 58
15 59
15 61
15 62
15 64
15 68
15 69
15 71
15 72
15 76
15 80
15 84
15 85
15 87
15 88
15 90
15 95
15 99
15 101
15 103
15 108
15 112
15 113
15 117
15 119
16 22
16 28
16 29
16 31
16 32
16 33
16 34
16 35
16 36
16 37
16 41
16 42
16 43
16 44
16 45
16 47
16 48
16 49
16 53
16 58
16 59
16 60
16 61
16 65
16 67
16 70
16 72
16 74
16 77
16 78
16 82
16 85
16 87
16 88
16 90
16 91
16 93
16 94
16 96
16 99
16 100
16 104
16 108
16 111
16 113
16 117
17 19
17 22
17 30
17 31
17 32
17 36
17 38
17 39
17 40
17 42
17 44
17 46
17 47
17 48
17 49
17 50
17 51
17 54
17 56
17 57
17 61
17 64
17 65
17 67
17 68
17 69
17 70
17 74
17 75
17 76
17 77
17 80
17 81
17 82
17 84
17 85
17 87
17 88
17 90
17 91
17 92
17 94
17 95
17 97
17 98
17 99
17 100
17 101
17 104
17 107
17 108
17 109
17 111
17 113
17 114
17 115
17 117
17 119
18 19
18 20
18 21
18 23
18 24
18 25
18 27
18 30
18 31
18 34
18 35
18 39
18 42
18 44
18 47
18 49
18 50
18 51
18 56
18 57
18 58
18 59
18 61
18 62
18 66
18 67
18 68
18 70
18 72
18 76
18 78
18 79
18 80
18 81
18 84
18 85
18 86
18 87
18 91
18 93
18 94
18 95
18 96
18 97
18 99
18 102
18 104
18 110
18 112
18 115
18 117
18 119
19 21
19 22
19 23
19 24
19 27
19 29
19 30
19 31
19 38
19 40
19 41
19 42
19 43
19 45
19 47
19 48
19 49
19 51
19 53
19 54
19 55
19 57
19 58
19 62
19 63
19 65
19 66
19 70
19 72
19 74
19 75
19 79
19 81
19 83
19 85
19 87
19 88
19 89
19 91
19 92
19 93
19 94
19 95
19 96
19 98
19 101
19 103
19 104
19 106
19 108
19 110
19 111
19 116
20 21
20 22
20 23
20 25
20 28
20 29
20 31
20 33
20 37
20 38
20 39
20 40
20 42
20 43
20 46
20 48
20 50
20 51
20 55
20 56
20 57
20 60
20 61
20 62
20 63
20 69
20 70
20 72
20 73
20 75
20 83
20 85
20 86
20 88
20 89
20 90
20 91
20 92
20 93
20 95
20 98
20 99
20 100
20 101
20 110
20 112
20 115
20 116
21 22
21 23
21 25
21 27
21 28
21 33
21 34
21 41
21 43
21 46
21 48
21 49
21 52
21 53
21 54
21 55
21 56
21 57
21 58
21 59
21 70
21 72
21 75
21 79
21 83
21 84
21 87
21 88
21 89
21 91
21 92
21 93
21 95
21 98
21 99
21 103
21 104
21 105
21 106
21 107
21 108
21 110
21 112
21 113
21 114
21 115
21 116
22 28
22 29
22 34
22 35
22 38
22 40
22 41
22 44
22 45
22 46
22 47
22 48
22 50
22 53
22 55
22 64
22 65
22 66
22 74
22 75
22 79
22 81
22 83
22 84
22 88
22 89
22 91
22 93
22 96
22 97
22 99
22 103
22 105
22 107
22 108
22 110
22 111
22 113
22 114
22 116
22 117
22 118
23 26
23 28
23 30
23 31
23 32
23 35
23 38
23 44
23 45
23 48
23 49
23 50
23 51
23 53
23 55
23 59
23 65
23 67
23 70
23 71
23 78
23 79
23 80
23 82
23 83
23 85
23 87
23 89
23 91
23 92
23 93
23 96
23 97
23 98
23 104
23 105
23 107
23 110
23 111
23 114
23 116
23 117
23 118
24 26
24 27
24 28
24 29
24 30
24 31
24 33
24 36
24 39
24 40
24 42
24 49
24 50
24 54
24 56
24 57
24 60
24 61
24 63
24 66
24 67
24 68
24 69
24 71
24 74
24 83
24 85
24 86
24 89
24 91
24 92
24 93
24 94
24 98
24 99
24 103
24 105
24 107
24 109
24 110
24 111
24 113
24 115
24 118
24 119
25 26
25 27
25 28
25 31
25 32
25 33
25 35
25 40
25 41
25 42
25 43
25 44
25 45
25 46
25 48
25 50
25 56
25 57
25 58
25 60
25 61
25 62
25 67
25 70
25 73
25 74
25 75
25 79
25 80
25 81
25 85
25 88
25 94
25 99
25 100
25 103
25 104
25 105
25 107
25 109
25 116
25 118
26 27
26 34
26 36
26 40
26 42
26 45
26 48
26 51
26 52
26 53
26 54
26 57
26 59
26 62
26 65
26 67
26 71
26 72
26 73
26 74
26 76
26 77
26 86
26 87
26 90
26 93
26 95
26 97
26 102
26 105
26 106
26 112
26 115
26 116
27 32
27 35
27 38
27 39
27 40
27 41
27 43
27 50
27 51
27 53
27 54
27 55
27 58
27 59
27 61
27 62
27 63
27 64
27 65
27 70
27 71
27 72
27 73
27 74
27 79
27 82
27 85
27 87
27 88
27 90
27 97
27 98
27 100
27 102
27 103
27 104
27 106
27 107
27 110
27 111
27 112
27 114
27 116
27 119
28 29
28 32
28 33
28 39
28 40
28 43
28 44
28 45
28 46
28 48
28 50
28 51
28 52
28 54
28 59
28 60
28 61
28 62
28 66
28 67
28 70
28 71
28 72
28 73
28 76
28 78
28 80
28 83
28 85
28 87
28 91
28 93
28 94
28 97
28 100
28 101
28 102
28 104
28 105
28 107
28 109
28 110
28 111
28 112
28 114
28 115
28 119
29 31
29 33
29 34
29 36
29 39
29 40
29 43
29 45
29 46
29 47
29 48
29 49
29 53
29 55
29 56
29 59
29 61
29 63
29 67
29 69
29 71
29 72
29 75
29 78
29 80
29 81
29 87
29 88
29 90
29 91
29 92
29 93
29 94
29 95
29 97
29 102
29 103
29 105
29 108
29 109
29 110
29 111
29 112
29 113
29 115
29 117
29 118
29 119
30 31
30 32
30 34
30 37
30 39
30 42
30 43
30 48
30 50
30 52
30 55
30 56
30 59
30 60
30 61
30 62
30 63
30 66
30 67
30 68
30 69
30 70
30 71
30 72
30 77
30 79
30 84
30 85
30 87
30 91
30 92
30 96
30 97
30 100
30 106
30 107
30 108
30 109
30 110
30 111
30 115
30 116
30 117
31 33
31 35
31 36
31 38
31 40
31 42
31 43
31 46
31 47
31 48
31 49
31 50
31 53
31 54
31 57
31 61
31 63
31 65
31 67
31 68
31 69
31 71
31 73
31 75
31 76
31 78
31 79
31 80
31 81
31 84
31 85
31 87
31 89
31 90
31 91
31 93
31 94
31 96
31 97
31 98
31 101
31 102
31 103
31 104
31 106
31 107
31 109
31 111
31 113
31 115
31 116
31 117
31 119
32 36
32 37
32 38
32 40
32 42
32 44
32 46
32 48
32 50
32 51
32 52
32 53
32 56
32 59
32 60
32 61
32 62
32 64
32 71
32 75
32 77
32 81
32 83
32 85
32 87
32 88
32 89
32 91
32 94
32 95
32 101
32 103
32 105
32 109
32 111
32 113
32 114
32 115
32 117
33 35
33 36
33 37
33 39
33 50
33 51
33 52
33 56
33 57
33 62
33 65
33 67
33 71
33 72
33 73
33 74
33 77
33 79
33 83
33 84
33 86
33 87
33 89
33 91
33 93
33 94
33 95
33 96
33 97
33 100
33 101
33 102
33 106
33 110
33 111
33 113
33 115
33 117
34 36
34 39
34 41
34 42
34 44
34 45
34 46
34 49
34 50
34 52
34 53
34 54
34 56
34 58
34 60
34 61
34 62
34 63
34 65
34 69
34 70
34 77
34 78
34 80
34 82
34 83
34 90
34 92
34 93
34 97
34 98
34 102
34 104
34 106
34 109
34 110
34 111
34 114
34 116
34 118
35 38
35 39
35 41
35 44
35 45
35 46
35 47
35 49
35 50
35 51
35 53
35 54
35 55
35 57
35 61
35 63
35 64
35 65
35 67
35 69
35 70
35 72
35 73
35 75
35 78
35 79
35 80
35 81
35 82
35 83
35 84
35 85
35 87
35 88
35 90
35 93
35 94
35 95
35 96
35 100
35 103
35 104
35 108
35 109
35 110
35 111
35 112
35 113
35 114
35 115
35 116
36 38
36 44
36 49
36 54
36 57
36 58
36 60
36 62
36 64
36 65
36 67
36 68
36 70
36 71
36 73
36 76
36 77
36 78
36 79
36 80
36 81
36 83
36 84
36 86
36 88
36 92
36 94
36 95
36 96
36 97
36 98
36 99
36 100
36 101
36 102
36 103
36 105
36 106
36 108
36 109
36 110
36 112
37 38
37 40
37 44
37 46
37 47
37 49
37 50
37 51
37 54
37 56
37 57
37 58
37 59
37 61
37 64
37 65
37 67
37 68
37 69
37 71
37 73
37 75
37 76
37 80
37 82
37 85
37 86
37 90
37 94
37 95
37 96
37 97
37 101
37 105
37 108
37 110
37 111
37 113
37 115
37 117
37 118
38 41
38 42
38 43
38 45
38 46
38 47
38 48
38 50
38 51
38 62
38 63
38 64
38 67
38 69
38 70
38 71
38 75
38 76
38 78
38 79
38 80
38 81
38 82
38 83
38 84
38 85
38 86
38 87
38 89
38 90
38 91
38 93
38 100
38 101
38 107
38 109
38 115
38 117
39 42
39 43
39 45
39 46
39 52
39 55
39 56
39 59
39 60
39 61
39 63
39 65
39 66
39 72
39 73
39 74
39 78
39 82
39 83
39 84
39 85
39 86
39 92
39 94
39 99
39 100
39 102
39 103
39 104
39 106
39 107
39 111
39 112
39 113
39 114
39 115
39 116
39 117
39 119
40 42
40 43
40 44
40 47
40 50
40 52
40 53
40 54
40 55
40 64
40 65
40 66
40 67
40 68
40 69
40 72
40 78
40 80
40 81
40 83
40 86
40 90
40 97
40 98
40 99
40 100
40 101
40 105
40 107
40 108
40 109
40 110
40 111
40 112
40 113
40 117
40 119
41 43
41 44
41 45
41 47
41 48
41 52
41 54
41 56
41 57
41 60
41 61
41 64
41 65
41 66
41 67
41 68
41 70
41 71
41 73
41 75
41 76
41 77
41 79
41 81
41 82
41 85
41 86
41 88
41 91
41 93
41 94
41 95
41 96
41 98
41 102
41 105
41 106
41 110
41 111
41 114
41 115
41 116
41 117
41 118
42 43
42 44
42 46
42 47
42 49
42 55
42 56
42 57
42 59
42 62
42 70
42 72
42 74
42 75
42 76
42 77
42 83
42 84
42 85
42 86
42 89
42 90
42 91
42 93
42 94
42 96
42 97
42 98
42 99
42 103
42 104
42 106
42 107
42 111
42 115
42 118
42 119
43 44
43 45
43 51
43 52
43 53
43 54
43 56
43 59
43 61
43 62
43 65
43 67
43 68
43 69
43 70
43 71
43 72
43 75
43 77
43 79
43 81
43 87
43 88
43 92
43 93
43 95
43 96
43 97
43 98
43 100
43 101
43 102
43 103
43 104
43 108
43 110
43 113
43 114
43 116
43 118
43 119
44 45
44 46
44 47
44 48
44 49
44 50
44 51
44 54
44 58
44 62
44 64
44 65
44 66
44 67
44 68
44 69
44 70
44 72
44 73
44 74
44 77
44 79
44 81
44 85
44 87
44 88
44 90
44 95
44 96
44 97
44 99
44 102
44 104
44 106
44 109
44 110
44 113
44 114
44 118
45 48
45 49
45 50
45 53
45 56
45 57
45 58
45 59
45 60
45 62
45 64
45 65
45 70
45 72
45 73
45 75
45 76
45 77
45 78
45 80
45 81
45 84
45 85
45 87
45 90
45 92
45 93
45 96
45 97
45 98
45 100
45 102
45 104
45 105
45 107
45 110
45 111
45 113
45 115
45 116
46 47
46 49
46 52
46 53
46 59
46 61
46 62
46 63
46 65
46 72
46 77
46 78
46 85
46 86
46 89
46 90
46 94
46 95
46 96
46 98
46 99
46 100
46 103
46 108
46 111
46 116
46 117
47 50
47 51
47 58
47 61
47 63
47 65
47 67
47 68
47 70
47 71
47 72
47 79
47 83
47 86
47 87
47 89
47 90
47 92
47 93
47 94
47 107
47 110
47 111
47 112
47 113
47 114
47 115
47 117
47 119
48 49
48 50
48 52
48 57
48 58
48 59
48 62
48 64
48 65
48 66
48 67
48 69
48 71
48 73
48 74
48 76
48 78
48 82
48 84
48 85
48 86
48 88
48 91
48 94
48 95
48 97
48 98
48 99
48 100
48 101
48 103
48 110
48 112
48 113
48 114
48 115
48 116
48 119
49 50
49 52
49 53
49 56
49 58
49 60
49 63
49 64
49 65
49 66
49 70
49 73
49 76
49 77
49 79
49 83
49 87
49 92
49 94
49 95
49 97
49 99
49 104
49 105
49 110
49 111
49 112
49 118
50 51
50 52
50 54
50 56
50 60
50 62
50 64
50 65
50 74
50 75
50 76
50 79
50 80
50 81
50 83
50 84
50 86
50 87
50 88
50 90
50 93
50 95
50 96
50 98
50 102
50 108
50 109
50 111
50 112
50 113
50 115
50 116
51 52
51 55
51 56
51 57
51 59
51 60
51 61
51 63
51 64
51 65
51 66
51 68
51 70
51 72
51 74
51 76
51 77
51 80
51 81
51 83
51 84
51 85
51 86
51 87
51 90
51 92
51 96
51 98
51 99
51 102
51 104
51 105
51 108
51 110
51 113
51 115
52 53
52 57
52 58
52 59
52 61
52 64
52 65
52 67
52 69
52 74
52 80
52 84
52 87
52 88
52 92
52 93
52 98
52 99
52 106
52 113
52 114
52 116
52 117
52 119
53 56
53 58
53 59
53 60
53 61
53 62
53 65
53 66
53 72
53 73
53 78
53 79
53 80
53 81
53 82
53 84
53 86
53 88
53 91
53 92
53 93
53 96
53 97
53 98
53 100
53 102
53 103
53 104
53 106
53 109
53 113
53 114
53 115
53 117
54 55
54 56
54 59
54 65
54 66
54 67
54 70
54 74
54 75
54 77
54 78
54 79
54 80
54 81
54 82
54 83
54 86
54 87
54 89
54 90
54 91
54 93
54 94
54 95
54 96
54 97
54 100
54 104
54 105
54 106
54 107
54 109
54 111
54 113
54 118
55 56
55 59
55 60
55 62
55 64
55 65
55 66
55 67
55 69
55 70
55 71
55 72
55 77
55 78
55 79
55 82
55 83
55 85
55 86
55 87
55 89
55 91
55 93
55 94
55 99
55 100
55 101
55 102
55 105
55 106
55 109
55 111
55 113
55 117
55 118
55 119
56 57
56 58
56 59
56 64
56 65
56 66
56 68
56 69
56 70
56 72
56 73
56 74
56 75
56 78
56 79
56 80
56 81
56 82
56 83
56 84
56 85
56 86
56 90
56 91
56 95
56 96
56 98
56 99
56 102
56 103
56 104
56 106
56 108
56 109
56 110
56 112
56 114
56 117
56 118
56 119
57 58
57 59
57 60
57 62
57 63
57 64
57 66
57 69
57 71
57 72
57 73
57 75
57 76
57 77
57 78
57 79
57 80
57 85
57 86
57 87
57 88
57 89
57 90
57 91
57 94
57 98
57 100
57 102
57 105
57 106
57 108
57 109
57 110
57 112
57 113
57 114
57 117
57 118
57 119
58 61
58 63
58 65
58 67
58 68
58 69
58 71
58 72
58 77
58 78
58 79
58 80
58 81
58 82
58 83
58 84
58 85
58 87
58 88
58 95
58 97
58 98
58 99
58 101
58 103
58 104
58 105
58 106
58 107
58 108
58 111
58 113
58 116
58 117
58 118
58 119
59 62
59 63
59 64
59 65
59 66
59 68
59 69
59 70
59 71
59 72
59 74
59 75
59 77
59 80
59 82
59 83
59 85
59 86
59 88
59 90
59 92
59 93
59 95
59 98
59 99
59 100
59 103
59 104
59 105
59 106
59 108
59 110
59 117
59 118
60 61
60 63
60 64
60 65
60 69
60 70
60 71
60 72
60 73
60 76
60 77
60 78
60 79
60 81
60 84
60 89
60 90
60 91
60 93
60 94
60 95
60 98
60 102
60 103
60 105
60 106
60 108
60 109
60 110
60 113
60 115
60 116
60 117
60 119
61 62
61 63
61 64
61 65
61 66
61 67
61 69
61 72
61 73
61 74
61 76
61 78
61 79
61 80
61 81
61 82
61 85
61 92
61 97
61 99
61 101
61 103
61 106
61 107
61 108
61 109
61 111
61 116
61 118
62 65
62 66
62 67
62 68
62 69
62 71
62 72
62 73
62 75
62 76
62 78
62 79
62 80
62 83
62 84
62 87
62 89
62 90
62 92
62 94
62 98
62 102
62 104
62 105
62 107
62 113
62 114
62 115
62 118
63 67
63 68
63 69
63 70
63 71
63 80
63 81
63 82
63 83
63 85
63 87
63 89
63 92
63 96
63 99
63 100
63 103
63 105
63 106
63 107
63 109
63 111
63 116
63 118
63 119
64 66
64 70
64 71
64 72
64 74
64 77
64 78
64 79
64 80
64 82
64 83
64 85
64 86
64 93
64 95
64 97
64 104
64 106
64 108
64 111
64 112
64 115
64 117
64 119
65 67
65 68
65 69
65 72
65 74
65 76
65 77
65 78
65 81
65 82
65 83
65 84
65 86
65 87
65 91
65 93
65 98
65 100
65 102
65 103
65 108
65 109
65 112
65 113
65 116
65 117
65 118
66 68
66 69
66 70
66 72
66 73
66 75
66 76
66 78
66 79
66 80
66 81
66 83
66 86
66 89
66 91
66 96
66 97
66 98
66 100
66 105
66 107
66 108
66 109
66 117
67 75
67 76
67 78
67 79
67 82
67 83
67 85
67 86
67 88
67 90
67 91
67 95
67 96
67 102
67 104
67 106
67 107
67 108
67 110
67 112
67 114
67 115
67 116
67 118
67 119
68 69
68 71
68 74
68 75
68 79
68 81
68 85
68 90
68 91
68 93
68 94
68 95
68 96
68 98
68 99
68 100
68 101
68 103
68 104
68 108
68 109
68 111
68 112
68 113
68 114
68 116
68 117
69 70
69 72
69 74
69 77
69 81
69 83
69 89
69 92
69 93
69 94
69 95
69 96
69 97
69 98
69 99
69 100
69 101
69 103
69 108
69 110
69 112
69 116
69 118
70 73
70 75
70 76
70 78
70 80
70 81
70 84
70 85
70 86
70 87
70 88
70 89
70 92
70 95
70 97
70 101
70 103
70 105
70 106
70 109
70 112
70 113
70 117
70 118
71 72
71 73
71 74
71 75
71 77
71 78
71 79
71 80
71 81
71 83
71 84
71 86
71 87
71 89
71 92
71 93
71 96
71 97
71 99
71 101
71 102
71 103
71 104
71 105
71 107
71 109
71 110
71 112
71 113
71 114
71 116
71 117
71 118
72 75
72 76
72 80
72 84
72 86
72 90
72 95
72 96
72 97
72 98
72 99
72 100
72 101
72 102
72 105
72 106
72 108
72 110
72 113
72 114
72 116
72 119
73 77
73 83
73 85
73 87
73 89
73 90
73 92
73 97
73 98
73 99
73 101
73 106
73 107
73 108
73 109
73 110
73 115
73 116
73 117
73 118
74 79
74 83
74 85
74 92
74 93
74 94
74 95
74 96
74 98
74 100
74 101
74 105
74 107
74 108
74 111
74 112
74 113
74 115
74 116
74 117
74 119
75 76
75 77
75 79
75 80
75 84
75 85
75 87
75 88
75 92
75 96
75 98
75 99
75 101
75 103
75 104
75 105
75 110
75 111
75 112
75 117
75 118
75 119
76 80
76 82
76 85
76 86
76 87
76 89
76 92
76 93
76 95
76 96
76 97
76 98
76 106
76 108
76 109
76 110
76 117
77 79
77 83
77 84
77 86
77 88
77 89
77 92
77 93
77 97
77 98
77 102
77 104
77 107
77 111
77 112
77 113
77 114
77 115
77 116
77 117
77 119
78 79
78 81
78 87
78 89
78 90
78 92
78 94
78 96
78 97
78 99
78 102
78 103
78 105
78 107
78 115
78 118
78 119
79 80
79 84
79 85
79 89
79 90
79 93
79 95
79 96
79 97
79 98
79 102
79 103
79 105
79 107
79 109
79 110
79 113
79 116
79 117
79 118
80 83
80 84
80 87
80 88
80 93
80 96
80 101
80 102
80 103
80 105
80 106
80 108
80 109
80 112
80 113
80 114
80 115
80 118
81 83
81 85
81 88
81 91
81 93
81 95
81 96
81 99
81 100
81 102
81 104
81 108
81 110
81 112
81 114
82 83
82 84
82 85
82 87
82 89
82 90
82 91
82 94
82 95
82 96
82 98
82 101
82 102
82 104
82 105
82 108
82 111
82 112
82 113
82 115
82 117
82 118
82 119
83 87
83 88
83 89
83 91
83 96
83 98
83 99
83 100
83 101
83 103
83 104
83 106
83 108
83 113
83 114
83 117
83 118
83 119
84 88
84 89
84 90
84 91
84 94
84 95
84 101
84 106
84 107
84 108
84 110
84 112
84 114
84 119
85 87
85 88
85 90
85 92
85 95
85 97
85 98
85 99
85 100
85 102
85 106
85 107
85 108
85 109
85 112
85 114
85 115
85 117
85 118
86 87
86 91
86 92
86 93
86 99
86 101
86 102
86 105
86 106
86 107
86 109
86 110
86 111
86 112
86 114
86 115
86 116
86 117
86 119
87 89
87 90
87 92
87 93
87 94
87 95
87 100
87 113
87 115
87 116
87 119
88 90
88 93
88 94
88 96
88 98
88 99
88 100
88 101
88 102
88 106
88 108
88 111
88 113
88 114
88 115
88 119
89 90
89 93
89 96
89 97
89 108
89 109
89 111
89 113
89 114
89 117
89 118
90 91
90 92
90 93
90 95
90 96
90 97
90 99
90 100
90 102
90 106
90 107
90 108
90 112
90 113
90 114
90 115
90 117
90 118
91 93
91 96
91 97
91 100
91 101
91 102
91 105
91 107
91 109
91 110
91 113
91 114
91 115
92 93
92 95
92 96
92 99
92 100
92 103
92 104
92 105
92 108
92 109
92 111
92 112
92 113
92 114
93 94
93 95
93 96
93 97
93 99
93 100
93 102
93 103
93 106
93 107
93 108
93 109
93 111
93 113
94 96
94 97
94 102
94 103
94 105
94 110
94 111
94 113
94 115
94 118
95 97
95 101
95 102
95 103
95 108
95 112
95 113
95 116
95 118
95 119
96 99
96 103
96 105
96 107
96 111
96 112
96 114
96 115
96 117
96 118
96 119
97 98
97 99
97 102
97 103
97 106
97 107
97 110
97 111
97 114
97 115
97 119
98 100
98 101
98 102
98 104
98 106
98 108
98 109
98 110
98 111
98 114
98 116
98 117
98 119
99 100
99 101
99 104
99 106
99 112
99 116
99 118
100 105
100 113
100 116
100 117
100 119
101 104
101 111
101 113
101 115
101 117
101 118
101 119
102 103
102 104
102 105
102 106
102 108
102 109
102 111
102 114
102 117
102 119
103 104
103 107
103 111
103 113
103 114
103 115
104 107
104 109
104 110
104 112
104 114
104 116
104 117
105 109
105 110
105 117
105 119
106 108
106 110
106 118
107 108
107 110
107 111
107 112
107 113
107 114
107 116
107 118
107 119
108 109
108 111
108 112
108 115
108 118
108 119
109 110
109 112
109 114
109 116
109 117
109 118
109 119
110 111
110 115
110 116
110 118
111 112
111 115
111 119
112 113
112 115
113 115
113 116
113 118
113 119
114 116
114 119
115 116
115 119
116 117
116 119
117 118
14 7 107 109 70 35
61 94 22 49 37 103
65 48 96 63 118 72
55 104 68 45 90 20
36 69 27 25 42 24
11 92 12 76 87 58
13 9 116 62 52 85
21 39 84 8 117 10
6 89 79 115 83 18
86 28 75 16 57 98
102 15 95 111 88 59
4 46 105 113 23 40
60 17 73 67 66 114
43 53 100 110 54 71
119 97 101 33 56 82
91 81 51 26 108 93
50 0 2 78 19 112
5 38 47 106 3 34
74 41 32 30 80 77
99 1 44 31 29 64
