120
689
20
0 31
0 49
0 55
0 56
0 57
0 64
0 67
0 70
0 74
0 81
0 90
0 91
0 100
0 105
0 114
1 15
1 19
1 27
1 30
1 36
1 46
1 56
1 76
1 79
1 84
1 88
1 94
1 95
1 100
1 116
2 29
2 30
2 54
2 77
2 87
2 90
2 94
2 103
3 20
3 43
3 44
3 59
3 82
3 86
3 115
3 118
4 6
4 10
4 33
4 36
4 40
4 51
4 57
4 72
4 73
4 78
4 91
4 100
4 104
4 114
4 117
5 11
5 34
5 37
5 62
5 71
5 81
5 97
5 100
5 108
5 115
5 118
6 21
6 26
6 38
6 42
6 43
6 47
6 60
6 71
6 82
6 89
6 91
7 11
7 16
7 51
7 82
7 98
7 100
7 113
8 32
8 34
8 57
8 59
8 64
8 76
8 78
8 80
8 84
8 85
8 91
8 93
8 96
8 104
8 105
8 106
8 109
8 114
8 117
9 12
9 33
9 36
9 38
9 40
9 48
9 51
9 59
9 60
9 71
9 87
9 103
9 111
10 15
10 24
10 31
10 37
10 45
10 53
10 60
10 73
10 75
10 94
10 111
11 26
11 40
11 44
11 67
11 75
11 77
11 78
11 98
11 105
12 17
12 18
12 35
12 42
12 50
12 55
12 58
12 98
12 119
13 20
13 61
13 62
13 69
13 71
13 73
13 92
13 99
13 115
13 117
14 16
14 17
14 35
14 46
14 50
14 59
14 60
14 61
14 68
14 73
14 96
14 104
14 109
14 117
15 48
15 56
15 72
15 94
15 109
16 24
16 39
16 44
16 45
16 48
16 56
16 68
16 95
16 96
16 100
16 106
16 118
16 119
17 73
17 88
17 104
17 113
18 27
18 35
18 48
18 71
18 86
18 103
19 62
19 78
19 104
19 106
20 21
20 43
20 47
20 73
20 87
20 88
20 94
20 117
21 28
21 39
21 45
21 79
21 81
21 98
21 100
21 106
21 108
21 116
21 118
22 23
22 33
22 34
22 61
22 66
22 68
22 81
22 87
23 25
23 39
23 40
23 63
23 79
23 88
23 108
24 39
24 44
24 52
24 56
24 66
24 71
24 72
24 91
24 99
24 100
24 103
24 108
25 30
25 31
25 32
25 36
25 55
25 64
25 81
25 84
25 107
25 110
26 28
26 57
26 72
26 75
26 76
26 84
26 99
26 101
27 35
27 46
27 49
27 64
27 69
27 71
27 75
27 81
27 83
27 85
27 104
27 115
28 32
28 36
28 44
28 49
28 56
28 61
28 81
28 91
28 101
29 47
29 49
29 55
29 58
29 59
29 61
30 32
30 40
30 50
30 51
30 53
30 54
30 61
30 108
30 119
31 34
31 60
31 77
31 83
31 84
31 96
31 119
32 33
32 35
32 37
32 47
32 52
32 66
32 70
32 82
32 86
32 90
32 97
32 109
32 113
33 43
33 60
33 61
33 69
33 114
33 115
33 116
34 39
34 52
34 58
34 85
34 90
34 93
34 96
34 118
35 42
35 43
35 45
35 50
35 55
35 59
35 83
35 113
36 43
36 49
36 68
36 69
36 75
36 85
36 95
37 42
37 47
37 53
37 63
37 64
37 67
37 72
37 74
37 102
38 40
38 52
38 53
38 54
38 71
38 72
38 82
38 85
38 108
39 44
39 47
39 53
39 66
39 74
39 83
39 104
39 109
39 113
39 114
40 52
40 67
40 88
40 95
41 66
41 80
41 91
41 94
41 97
41 104
41 110
42 49
42 55
42 74
42 103
42 114
43 47
43 51
43 56
43 64
43 69
43 89
43 100
43 111
43 114
43 117
44 47
44 63
44 74
44 93
44 98
44 117
45 46
45 52
45 54
45 88
45 91
45 114
45 119
46 82
46 89
46 91
46 93
46 109
46 111
46 112
46 118
47 60
47 64
47 65
47 75
47 109
48 62
48 104
48 112
49 58
49 60
49 70
49 71
49 84
49 110
49 119
50 67
50 69
50 82
50 108
50 112
51 80
51 104
51 110
51 112
51 113
52 59
52 68
52 69
52 70
52 80
52 81
52 95
52 98
52 102
52 105
52 111
53 57
53 87
53 94
54 69
54 70
54 95
54 112
55 60
55 62
55 66
55 86
55 99
55 106
55 117
56 68
56 79
56 103
56 114
56 115
56 117
57 62
57 64
57 69
57 74
57 115
57 117
57 118
58 60
58 78
58 81
58 93
58 98
58 109
58 110
59 93
59 94
59 105
59 106
59 114
60 63
60 64
60 82
60 84
60 89
60 93
60 110
60 113
60 117
60 118
61 69
61 74
61 75
61 89
61 94
62 70
62 75
62 82
62 103
62 107
62 116
62 117
63 74
63 82
63 90
63 91
63 103
63 107
63 111
63 113
63 119
64 69
64 95
64 96
64 102
64 110
64 116
65 71
65 76
65 81
65 86
65 111
65 118
66 69
66 80
66 85
66 89
66 101
66 103
67 71
67 83
67 91
67 96
67 101
67 103
67 107
68 69
68 78
68 79
68 85
68 87
68 97
68 111
68 115
69 75
69 77
69 82
69 84
69 98
69 106
69 115
70 72
70 82
70 85
70 91
70 95
70 115
70 116
71 92
71 96
71 110
71 114
72 87
72 89
72 114
73 74
73 114
73 118
74 88
74 89
74 97
75 85
76 79
77 78
77 87
77 104
77 115
77 117
77 119
78 85
78 93
78 94
78 96
78 97
78 112
80 81
80 82
80 119
81 88
81 98
81 104
81 113
81 119
82 92
82 107
82 113
83 87
83 113
84 86
84 97
84 109
84 112
84 114
84 118
84 119
85 91
85 93
85 100
85 104
85 105
85 106
86 99
86 119
87 106
87 113
87 114
88 91
88 96
88 102
88 105
88 108
88 118
89 97
89 98
89 102
90 109
90 113
90 115
91 98
91 101
91 107
91 109
92 94
92 117
93 95
93 98
93 108
93 115
94 95
94 98
94 102
95 98
95 99
95 109
97 114
98 108
100 104
101 107
102 112
102 117
103 106
103 119
105 115
105 116
106 113
106 115
108 109
108 116
110 116
112 113
114 117
114 119
66 18 20 100 19 46
50 37 59 96 47 109
60 57 64 75 38 3
33 58 70 67 97 8
31 115 36 102 29 43
15 34 91 105 119 26
77 11 0 76 81 86
10 63 78 74 17 85
88 16 22 110 21 39
25 53 79 51 40 95
106 83 82 65 32 4
14 99 112 42 24 49
62 80 55 13 44 116
69 28 89 52 71 101
92 41 1 56 7 90
108 93 54 23 117 48
118 107 104 98 30 73
113 12 35 5 87 9
114 72 103 6 27 84
61 68 111 94 45 2
