120
2105
7
0 5
0 14
0 17
0 21
0 35
0 36
0 37
0 41
0 42
0 45
0 46
0 48
0 50
0 51
0 60
0 64
0 65
0 68
0 71
0 77
0 80
0 85
0 88
0 90
0 91
0 99
0 114
0 116
0 118
1 2
1 7
1 9
1 11
1 13
1 15
1 19
1 22
1 23
1 29
1 44
1 48
1 50
1 58
1 59
1 61
1 64
1 67
1 69
1 70
1 71
1 73
1 78
1 79
1 82
1 85
1 88
1 90
1 93
1 96
1 97
1 98
1 102
1 106
1 111
1 112
1 113
1 115
2 3
2 7
2 9
2 19
2 29
2 30
2 33
2 41
2 43
2 44
2 48
2 56
2 58
2 59
2 64
2 65
2 68
2 74
2 79
2 80
2 82
2 88
2 90
2 100
2 102
2 104
2 107
2 113
2 116
2 117
2 119
3 4
3 5
3 6
3 7
3 10
3 13
3 15
3 24
3 29
3 31
3 36
3 38
3 39
3 42
3 44
3 45
3 47
3 48
3 49
3 52
3 54
3 56
3 59
3 60
3 67
3 68
3 70
3 72
3 73
3 76
3 79
3 80
3 84
3 86
3 90
3 98
3 101
3 112
3 113
3 116
4 5
4 8
4 9
4 11
4 14
4 18
4 19
4 37
4 38
4 39
4 40
4 44
4 52
4 59
4 60
4 62
4 64
4 65
4 67
4 68
4 75
4 76
4 80
4 82
4 91
4 92
4 93
4 106
4 112
4 113
4 114
4 118
5 6
5 12
5 16
5 17
5 18
5 22
5 24
5 27
5 35
5 36
5 38
5 40
5 42
5 46
5 50
5 51
5 63
5 65
5 69
5 73
5 77
5 78
5 84
5 85
5 89
5 91
5 92
5 93
5 94
5 96
5 100
5 102
5 105
5 107
5 114
5 116
5 118
5 119
6 7
6 19
6 20
6 26
6 37
6 39
6 41
6 43
6 48
6 49
6 52
6 55
6 58
6 66
6 71
6 72
6 74
6 77
6 83
6 90
6 91
6 93
6 94
6 95
6 97
6 104
6 105
6 107
6 110
6 112
6 113
6 116
7 17
7 19
7 20
7 21
7 23
7 26
7 27
7 33
7 35
7 36
7 37
7 39
7 44
7 45
7 46
7 56
7 61
7 62
7 64
7 65
7 68
7 69
7 74
7 78
7 82
7 83
7 89
7 90
7 91
7 98
7 100
7 103
7 104
7 105
7 107
7 109
7 115
7 116
7 118
8 11
8 16
8 19
8 20
8 24
8 26
8 27
8 34
8 45
8 49
8 53
8 62
8 63
8 69
8 73
8 78
8 80
8 81
8 84
8 85
8 86
8 87
8 102
8 103
8 106
8 112
8 113
8 114
8 115
8 118
9 10
9 11
9 15
9 16
9 18
9 20
9 23
9 24
9 30
9 31
9 34
9 37
9 38
9 44
9 48
9 55
9 56
9 59
9 61
9 62
9 65
9 70
9 72
9 77
9 83
9 92
9 94
9 105
9 106
9 110
9 114
9 116
9 117
10 15
10 17
10 19
10 22
10 24
10 25
10 27
10 30
10 33
10 38
10 42
10 50
10 54
10 59
10 61
10 65
10 66
10 74
10 77
10 80
10 87
10 89
10 96
10 97
10 99
10 101
10 102
10 103
10 110
10 112
10 114
10 119
11 14
11 19
11 21
11 23
11 25
11 35
11 41
11 42
11 44
11 48
11 53
11 56
11 58
11 60
11 62
11 65
11 67
11 68
11 69
11 70
11 71
11 72
11 74
11 75
11 82
11 83
11 90
11 92
11 94
11 101
11 105
11 106
11 118
12 23
12 24
12 28
12 29
12 33
12 51
12 52
12 53
12 56
12 59
12 60
12 62
12 63
12 68
12 70
12 72
12 83
12 87
12 99
12 100
12 101
12 107
12 109
12 112
12 117
13 18
13 20
13 25
13 28
13 29
13 32
13 35
13 41
13 42
13 45
13 46
13 47
13 49
13 50
13 59
13 60
13 61
13 66
13 69
13 73
13 77
13 80
13 85
13 89
13 91
13 94
13 98
13 99
13 103
13 105
13 106
13 108
13 109
13 110
13 113
13 115
13 117
13 118
14 20
14 24
14 26
14 27
14 29
14 35
14 36
14 40
14 41
14 43
14 48
14 50
14 53
14 54
14 56
14 57
14 59
14 61
14 65
14 68
14 72
14 77
14 78
14 80
14 90
14 91
14 100
14 102
14 105
14 110
14 111
14 113
14 115
14 117
14 119
15 16
15 21
15 24
15 25
15 32
15 33
15 34
15 36
15 37
15 41
15 43
15 51
15 53
15 55
15 56
15 58
15 66
15 67
15 73
15 76
15 78
15 79
15 82
15 89
15 95
15 96
15 99
15 102
15 118
16 20
16 31
16 38
16 43
16 47
16 49
16 50
16 51
16 52
16 53
16 56
16 57
16 58
16 60
16 65
16 66
16 67
16 77
16 78
16 81
16 83
16 84
16 85
16 91
16 93
16 97
16 99
16 100
16 102
16 103
16 108
16 110
16 113
16 115
16 116
17 18
17 19
17 20
17 23
17 26
17 29
17 30
17 40
17 47
17 49
17 51
17 56
17 58
17 59
17 60
17 64
17 70
17 73
17 86
17 88
17 89
17 90
17 91
17 92
17 96
17 107
17 114
17 115
18 27
18 34
18 36
18 37
18 38
18 39
18 44
18 50
18 52
18 54
18 56
18 57
18 60
18 65
18 75
18 80
18 90
18 91
18 92
18 97
18 103
18 108
18 110
18 115
19 20
19 21
19 23
19 26
19 27
19 30
19 31
19 34
19 35
19 38
19 40
19 41
19 51
19 56
19 58
19 60
19 62
19 69
19 71
19 77
19 80
19 83
19 84
19 88
19 92
19 93
19 99
19 101
19 105
19 112
19 118
19 119
20 23
20 26
20 27
20 28
20 29
20 31
20 34
20 38
20 45
20 47
20 48
20 50
20 52
20 53
20 57
20 60
20 61
20 64
20 68
20 70
20 71
20 76
20 77
20 82
20 85
20 86
20 87
20 97
20 103
20 109
20 110
20 115
20 117
21 23
21 24
21 32
21 56
21 57
21 58
21 59
21 62
21 63
21 64
21 65
21 66
21 71
21 82
21 91
21 93
21 97
21 103
21 105
21 106
21 108
21 109
21 110
21 111
21 115
21 116
22 26
22 27
22 30
22 34
22 39
22 41
22 46
22 49
22 51
22 53
22 54
22 55
22 59
22 61
22 71
22 79
22 80
22 81
22 82
22 85
22 86
22 88
22 90
22 91
22 95
22 99
22 101
22 102
22 103
22 110
22 111
22 116
22 118
23 24
23 32
23 36
23 38
23 39
23 42
23 44
23 51
23 53
23 54
23 60
23 65
23 67
23 69
23 73
23 75
23 77
23 85
23 87
23 89
23 95
23 97
23 98
23 101
23 109
23 111
23 114
23 115
23 117
24 26
24 37
24 39
24 44
24 54
24 60
24 62
24 68
24 72
24 76
24 79
24 80
24 83
24 86
24 87
24 88
24 90
24 97
24 100
24 102
24 105
24 108
24 109
24 112
24 116
24 117
24 119
25 26
25 28
25 31
25 32
25 35
25 37
25 39
25 40
25 41
25 42
25 51
25 52
25 57
25 58
25 61
25 63
25 64
25 65
25 75
25 78
25 79
25 80
25 84
25 88
25 91
25 93
25 95
25 97
25 99
25 101
25 106
25 108
25 112
25 117
26 36
26 41
26 48
26 50
26 53
26 58
26 63
26 67
26 68
26 73
26 78
26 82
26 83
26 84
26 88
26 113
26 116
26 118
27 28
27 33
27 35
27 38
27 40
27 46
27 48
27 54
27 63
27 64
27 67
27 72
27 74
27 75
27 76
27 92
27 95
27 101
27 103
27 109
27 113
28 29
28 30
28 32
28 35
28 38
28 45
28 47
28 49
28 52
28 55
28 56
28 57
28 60
28 62
28 63
28 72
28 75
28 76
28 77
28 80
28 82
28 84
28 89
28 93
28 96
28 100
28 106
28 112
28 113
28 114
28 117
28 119
29 33
29 34
29 35
29 38
29 44
29 49
29 55
29 57
29 58
29 59
29 60
29 61
29 64
29 66
29 70
29 74
29 75
29 79
29 81
29 82
29 85
29 87
29 89
29 95
29 98
29 103
29 105
29 111
29 116
29 117
29 118
30 43
30 46
30 49
30 55
30 59
30 69
30 70
30 74
30 75
30 83
30 84
30 85
30 92
30 93
30 100
30 101
30 103
30 104
30 111
31 32
31 34
31 37
31 39
31 40
31 46
31 49
31 64
31 65
31 71
31 72
31 73
31 75
31 77
31 80
31 82
31 87
31 89
31 91
31 92
31 99
31 108
31 109
31 116
32 33
32 36
32 37
32 42
32 43
32 46
32 47
32 48
32 53
32 56
32 58
32 67
32 68
32 72
32 73
32 78
32 83
32 85
32 88
32 94
32 99
32 105
32 110
32 112
32 115
32 117
32 119
33 35
33 36
33 40
33 42
33 45
33 59
33 65
33 66
33 68
33 70
33 79
33 83
33 99
33 100
33 104
33 105
33 107
33 109
33 111
33 118
34 35
34 36
34 40
34 41
34 47
34 48
34 60
34 62
34 66
34 69
34 74
34 77
34 82
34 83
34 85
34 89
34 94
34 97
34 104
34 105
34 107
34 117
35 40
35 47
35 48
35 50
35 54
35 56
35 59
35 60
35 63
35 73
35 75
35 81
35 82
35 86
35 87
35 94
35 100
35 104
35 107
35 108
35 113
36 38
36 40
36 47
36 51
36 52
36 58
36 61
36 62
36 63
36 69
36 70
36 71
36 73
36 74
36 79
36 80
36 82
36 86
36 87
36 93
36 94
36 95
36 98
36 108
36 113
36 115
36 117
36 118
37 43
37 48
37 49
37 54
37 55
37 56
37 57
37 63
37 67
37 68
37 69
37 70
37 73
37 75
37 78
37 80
37 82
37 86
37 88
37 92
37 93
37 94
37 95
37 97
37 100
37 104
37 106
37 112
37 113
37 114
37 118
38 45
38 51
38 52
38 56
38 57
38 62
38 63
38 74
38 78
38 84
38 85
38 87
38 96
38 99
38 102
38 103
38 109
38 111
38 112
38 114
38 117
39 41
39 47
39 49
39 56
39 58
39 60
39 61
39 62
39 79
39 82
39 90
39 91
39 94
39 98
39 100
39 103
39 105
39 106
39 108
39 110
39 112
39 118
39 119
40 44
40 52
40 54
40 66
40 72
40 91
40 92
40 93
40 99
40 101
40 107
40 110
40 114
40 115
40 117
40 118
41 43
41 47
41 49
41 50
41 55
41 56
41 58
41 59
41 62
41 63
41 65
41 66
41 67
41 68
41 71
41 77
41 82
41 86
41 89
41 95
41 101
41 104
41 105
41 109
41 110
41 112
41 113
41 114
41 118
42 43
42 47
42 48
42 52
42 54
42 55
42 56
42 57
42 58
42 59
42 61
42 66
42 74
42 78
42 84
42 86
42 87
42 96
42 97
42 108
42 111
43 45
43 49
43 50
43 51
43 56
43 57
43 63
43 66
43 68
43 69
43 72
43 79
43 81
43 82
43 83
43 87
43 92
43 93
43 94
43 95
43 99
43 101
43 105
43 106
43 107
43 109
43 110
43 114
44 52
44 59
44 60
44 64
44 65
44 69
44 71
44 81
44 84
44 92
44 93
44 99
44 100
44 103
44 105
44 106
44 107
45 46
45 54
45 56
45 59
45 60
45 66
45 67
45 72
45 76
45 79
45 80
45 81
45 83
45 84
45 86
45 97
45 99
45 107
45 108
45 112
45 115
45 116
45 119
46 51
46 55
46 59
46 60
46 61
46 62
46 63
46 66
46 67
46 75
46 76
46 77
46 82
46 91
46 98
46 104
46 105
46 112
46 113
46 115
46 116
46 117
47 51
47 53
47 55
47 56
47 60
47 64
47 67
47 72
47 75
47 88
47 90
47 91
47 96
47 98
47 103
47 108
47 112
47 118
48 51
48 58
48 67
48 70
48 75
48 80
48 83
48 88
48 90
48 92
48 94
48 99
48 101
48 106
48 111
48 112
48 117
48 119
49 51
49 53
49 54
49 56
49 57
49 60
49 62
49 65
49 71
49 73
49 77
49 80
49 83
49 88
49 89
49 93
49 95
49 96
49 97
49 99
49 100
49 106
49 109
49 112
49 113
49 118
49 119
50 55
50 57
50 58
50 60
50 67
50 72
50 78
50 79
50 90
50 92
50 93
50 98
50 106
50 108
50 118
51 56
51 58
51 60
51 65
51 66
51 68
51 71
51 80
51 81
51 90
51 95
51 99
51 100
51 108
51 109
51 111
51 114
52 56
52 58
52 60
52 62
52 64
52 65
52 67
52 68
52 69
52 71
52 72
52 75
52 79
52 85
52 88
52 93
52 95
52 104
52 105
52 107
52 109
52 110
52 113
52 118
53 58
53 65
53 68
53 71
53 76
53 77
53 81
53 82
53 95
53 97
53 98
53 99
53 100
53 106
53 109
53 113
54 63
54 64
54 67
54 71
54 75
54 76
54 77
54 79
54 83
54 86
54 89
54 90
54 96
54 98
54 100
54 101
54 106
54 114
54 117
54 118
55 63
55 66
55 68
55 70
55 71
55 73
55 76
55 77
55 80
55 81
55 85
55 86
55 94
55 97
55 102
55 104
55 106
55 110
55 111
55 113
55 119
56 59
56 63
56 64
56 70
56 72
56 74
56 77
56 78
56 81
56 84
56 86
56 87
56 88
56 90
56 93
56 97
56 99
56 100
56 108
56 110
56 114
56 115
56 117
56 118
57 66
57 67
57 68
57 80
57 83
57 88
57 90
57 93
57 94
57 96
57 97
57 99
57 100
57 101
57 103
57 105
57 112
57 115
57 117
57 118
58 61
58 65
58 73
58 76
58 88
58 91
58 94
58 99
58 100
58 104
58 108
58 109
58 110
58 117
59 60
59 68
59 69
59 72
59 76
59 77
59 80
59 81
59 85
59 86
59 93
59 96
59 99
59 100
59 101
59 108
59 109
59 111
60 64
60 65
60 67
60 68
60 69
60 70
60 80
60 82
60 83
60 84
60 86
60 89
60 91
60 94
60 95
60 96
60 98
60 101
60 102
60 108
60 110
60 111
60 113
60 115
61 65
61 68
61 70
61 72
61 77
61 78
61 84
61 89
61 91
61 93
61 94
61 95
61 98
61 100
61 104
61 108
61 112
61 114
61 118
62 67
62 69
62 72
62 77
62 79
62 92
62 93
62 95
62 98
62 100
62 105
62 106
62 113
62 114
62 119
63 64
63 65
63 69
63 82
63 88
63 95
63 101
63 105
63 107
63 108
63 109
63 110
63 112
63 113
63 118
64 70
64 76
64 79
64 80
64 84
64 85
64 93
64 95
64 98
64 99
64 100
64 102
64 105
64 106
64 107
64 108
64 114
64 117
64 119
65 66
65 68
65 73
65 75
65 76
65 80
65 81
65 92
65 100
65 108
65 113
65 115
65 116
65 118
65 119
66 68
66 69
66 70
66 72
66 73
66 84
66 86
66 89
66 90
66 95
66 96
66 97
66 100
66 102
66 105
66 107
66 109
66 112
66 116
67 68
67 70
67 77
67 78
67 90
67 92
67 95
67 99
67 100
67 103
67 104
67 105
67 107
67 108
67 109
67 111
67 118
68 69
68 75
68 78
68 86
68 90
68 97
68 98
68 104
68 105
68 110
68 113
68 119
69 72
69 73
69 74
69 77
69 78
69 82
69 88
69 93
69 96
69 97
69 99
69 107
69 108
69 111
69 114
70 77
70 78
70 93
70 95
70 97
70 98
70 99
70 101
70 103
70 108
70 109
70 110
70 114
71 73
71 75
71 77
71 80
71 81
71 83
71 98
71 99
71 100
71 101
71 103
71 104
71 105
71 108
71 111
71 112
71 113
71 115
71 117
71 119
72 74
72 77
72 79
72 81
72 95
72 101
72 102
72 103
72 104
72 112
72 115
72 118
73 75
73 76
73 79
73 80
73 83
73 87
73 88
73 90
73 91
73 92
73 96
73 99
73 100
73 101
73 109
73 110
73 117
73 118
74 76
74 83
74 103
74 104
74 108
74 109
74 116
74 118
75 77
75 83
75 84
75 87
75 88
75 93
75 95
75 99
75 100
75 105
75 108
75 112
75 113
76 78
76 81
76 83
76 85
76 86
76 89
76 91
76 92
76 94
76 98
76 100
76 102
76 109
76 110
76 113
76 115
76 119
77 79
77 88
77 98
77 102
77 105
77 106
77 107
77 115
78 80
78 84
78 90
78 91
78 92
78 93
78 94
78 95
78 97
78 106
78 111
78 115
79 82
79 85
79 88
79 90
79 93
79 99
79 101
79 103
79 104
79 106
79 107
79 108
79 110
79 113
79 114
79 116
80 81
80 82
80 84
80 88
80 89
80 96
80 99
80 102
80 106
80 107
80 116
80 117
81 82
81 83
81 88
81 92
81 97
81 105
81 107
82 86
82 88
82 91
82 94
82 96
82 98
82 99
82 100
82 105
82 109
82 113
82 116
83 88
83 90
83 94
83 95
83 96
83 98
83 102
83 106
83 110
84 91
84 93
84 98
84 110
84 114
84 118
84 119
85 96
85 97
85 98
85 99
85 109
85 111
85 113
86 90
86 93
86 98
86 99
86 101
86 105
86 106
86 107
86 111
86 114
86 119
87 96
87 103
87 107
87 110
87 113
88 95
88 96
88 98
88 105
88 110
88 111
88 112
88 114
88 116
89 94
89 95
89 96
89 98
89 101
89 110
89 111
89 112
89 113
89 115
89 119
90 98
90 108
90 110
90 114
90 116
91 92
91 95
91 96
91 101
91 109
91 111
91 112
91 117
91 119
92 95
92 96
92 97
92 102
92 103
92 106
92 116
93 99
93 100
93 102
93 104
93 105
93 107
93 109
93 110
93 115
93 116
93 118
94 96
94 104
94 105
94 106
94 110
94 112
94 114
94 116
94 117
94 118
95 104
96 97
96 101
96 103
96 106
96 108
96 115
96 117
96 119
97 98
97 103
97 106
97 109
97 116
97 119
98 99
98 100
98 103
98 105
98 106
98 109
98 111
98 112
98 116
98 118
99 100
99 101
99 105
99 106
99 110
99 115
99 118
100 101
100 102
100 106
100 108
100 109
101 102
101 105
101 109
101 116
101 119
102 103
102 104
102 106
102 107
102 108
102 109
102 110
102 116
103 105
103 119
104 108
104 110
104 111
104 114
104 118
105 106
105 112
105 113
106 108
106 110
106 115
106 118
107 108
107 111
107 112
107 114
107 119
108 113
108 114
109 114
109 118
109 119
110 114
110 118
110 119
111 115
111 117
112 113
112 114
113 114
114 115
114 119
115 119
28 48 38 99 79 17 0 1 119 62 106 14 87 36 69 45 13 41
10 8 70 33 35 102 63 47 12 60 112 23 101 80 51 64 11 7
5 105 59 31 61 43 16 96 55 18 111 104 108 2 68 75 73 81
89 109 77 110 74 22 40 67 54 118 50 83 42 46 92 26 90 91
24 114 66 20 78 84 57 30 34 3 19 65 15 25 95 98 93 71
82 44 103 97 94 32 58 116 117 115 27 56 85 76 72 37 113 100
21 88 86 4 29 49 6 52 39 107 9 53
