120
2850
20
0 2
0 3
0 5
0 6
0 9
0 10
0 18
0 24
0 25
0 27
0 28
0 31
0 32
0 33
0 34
0 36
0 37
0 39
0 40
0 42
0 44
0 45
0 49
0 50
0 64
0 65
0 68
0 72
0 74
0 77
0 81
0 82
0 83
0 86
0 89
0 91
0 93
0 95
0 97
0 99
0 103
0 104
0 112
0 114
0 119
1 3
1 4
1 5
1 6
1 7
1 8
1 12
1 16
1 17
1 22
1 23
1 29
1 30
1 31
1 32
1 33
1 34
1 35
1 38
1 41
1 43
1 49
1 56
1 57
1 59
1 61
1 63
1 67
1 68
1 70
1 81
1 82
1 83
1 84
1 86
1 87
1 92
1 93
1 98
1 104
1 106
1 107
1 111
1 113
1 115
1 116
1 117
2 13
2 16
2 17
2 18
2 20
2 23
2 26
2 27
2 28
2 33
2 36
2 37
2 38
2 40
2 41
2 42
2 49
2 50
2 56
2 63
2 64
2 66
2 68
2 70
2 75
2 77
2 79
2 81
2 82
2 83
2 84
2 88
2 89
2 95
2 97
2 98
2 102
2 103
2 106
2 107
2 109
2 114
2 115
2 116
2 118
3 4
3 7
3 9
3 10
3 15
3 18
3 20
3 21
3 22
3 23
3 27
3 29
3 32
3 35
3 36
3 37
3 40
3 41
3 43
3 52
3 53
3 62
3 63
3 64
3 65
3 67
3 68
3 74
3 75
3 83
3 86
3 89
3 90
3 92
3 93
3 94
3 96
3 98
3 101
3 102
3 105
3 106
3 108
3 109
3 110
3 111
3 115
3 118
4 8
4 9
4 16
4 18
4 19
4 20
4 23
4 26
4 28
4 31
4 33
4 34
4 46
4 53
4 57
4 60
4 62
4 65
4 67
4 70
4 73
4 74
4 77
4 79
4 80
4 81
4 84
4 87
4 88
4 91
4 93
4 94
4 97
4 100
4 103
4 104
4 106
4 107
4 110
4 111
4 116
4 117
4 118
4 119
5 12
5 16
5 22
5 25
5 27
5 31
5 33
5 36
5 37
5 43
5 48
5 54
5 64
5 65
5 68
5 69
5 70
5 73
5 74
5 75
5 76
5 80
5 81
5 83
5 84
5 85
5 86
5 88
5 91
5 92
5 93
5 94
5 95
5 96
5 101
5 104
5 108
5 109
5 110
5 111
5 112
5 119
6 7
6 8
6 9
6 11
6 14
6 20
6 24
6 25
6 26
6 29
6 31
6 34
6 35
6 37
6 44
6 45
6 48
6 49
6 51
6 52
6 53
6 54
6 57
6 60
6 62
6 67
6 74
6 75
6 77
6 78
6 81
6 84
6 87
6 90
6 91
6 93
6 99
6 101
6 104
6 105
6 109
6 117
6 119
7 9
7 10
7 13
7 15
7 17
7 18
7 20
7 24
7 25
7 26
7 27
7 29
7 32
7 35
7 36
7 37
7 44
7 45
7 47
7 50
7 51
7 52
7 58
7 59
7 62
7 66
7 67
7 68
7 71
7 72
7 74
7 76
7 77
7 80
7 81
7 83
7 86
7 87
7 89
7 92
7 93
7 94
7 99
7 101
7 106
7 108
7 110
7 114
7 115
7 118
7 119
8 10
8 11
8 12
8 13
8 15
8 16
8 22
8 23
8 24
8 29
8 31
8 32
8 34
8 35
8 38
8 39
8 40
8 45
8 47
8 48
8 49
8 54
8 56
8 57
8 58
8 62
8 65
8 66
8 67
8 70
8 72
8 80
8 82
8 83
8 90
8 91
8 92
8 94
8 96
8 98
8 99
8 100
8 101
8 106
8 107
8 108
8 109
8 113
9 13
9 15
9 19
9 22
9 24
9 28
9 30
9 36
9 37
9 39
9 42
9 44
9 45
9 48
9 49
9 50
9 51
9 53
9 55
9 57
9 58
9 68
9 69
9 72
9 73
9 75
9 76
9 77
9 78
9 80
9 83
9 84
9 85
9 87
9 88
9 89
9 90
9 95
9 96
9 102
9 103
9 104
9 106
9 107
9 108
9 112
9 113
9 114
9 117
9 118
10 15
10 19
10 21
10 24
10 25
10 26
10 28
10 40
10 44
10 45
10 48
10 53
10 56
10 57
10 58
10 62
10 63
10 64
10 65
10 67
10 68
10 69
10 70
10 72
10 75
10 76
10 78
10 82
10 83
10 88
10 91
10 92
10 93
10 94
10 100
10 103
10 105
10 107
10 108
10 109
10 111
10 113
10 115
10 116
10 119
11 12
11 13
11 14
11 17
11 24
11 26
11 28
11 29
11 30
11 31
11 34
11 36
11 37
11 41
11 43
11 47
11 48
11 52
11 56
11 60
11 62
11 68
11 71
11 73
11 78
11 83
11 84
11 88
11 93
11 94
11 98
11 99
11 103
11 104
11 105
11 108
11 109
11 111
11 112
11 116
11 117
11 119
12 13
12 16
12 17
12 18
12 19
12 21
12 22
12 23
12 29
12 31
12 32
12 37
12 39
12 47
12 48
12 51
12 58
12 60
12 62
12 67
12 68
12 73
12 74
12 78
12 79
12 80
12 81
12 84
12 89
12 94
12 96
12 97
12 98
12 99
12 101
12 103
12 105
12 106
12 110
12 113
12 114
13 14
13 17
13 22
13 26
13 29
13 33
13 38
13 45
13 46
13 50
13 51
13 52
13 54
13 59
13 61
13 62
13 63
13 64
13 67
13 69
13 75
13 76
13 80
13 82
13 83
13 84
13 85
13 86
13 91
13 92
13 94
13 97
13 99
13 100
13 101
13 102
13 103
13 106
13 107
13 108
13 109
13 112
13 114
14 15
14 17
14 21
14 22
14 23
14 25
14 30
14 40
14 41
14 45
14 50
14 51
14 57
14 61
14 67
14 70
14 71
14 75
14 80
14 84
14 85
14 87
14 88
14 90
14 93
14 96
14 99
14 100
14 107
14 109
14 113
14 114
14 115
14 116
14 117
14 119
15 16
15 17
15 18
15 20
15 21
15 23
15 26
15 29
15 31
15 34
15 36
15 43
15 45
15 46
15 53
15 54
15 60
15 61
15 63
15 66
15 67
15 75
15 79
15 80
15 81
15 83
15 84
15 86
15 87
15 88
15 89
15 90
15 92
15 94
15 95
15 96
15 100
15 103
15 104
15 106
15 110
15 112
15 114
15 115
15 117
15 118
16 21
16 23
16 25
16 26
16 27
16 28
16 29
16 34
16 36
16 37
16 39
16 40
16 43
16 49
16 50
16 53
16 55
16 63
16 67
16 70
16 72
16 77
16 78
16 79
16 83
16 84
16 87
16 88
16 90
16 93
16 97
16 98
16 99
16 100
16 102
16 105
16 107
16 108
16 111
16 116
16 119
17 18
17 21
17 23
17 29
17 31
17 32
17 34
17 37
17 42
17 43
17 46
17 50
17 53
17 54
17 57
17 58
17 60
17 62
17 63
17 67
17 68
17 71
17 77
17 81
17 84
17 86
17 87
17 88
17 90
17 92
17 94
17 97
17 98
17 101
17 102
17 105
17 107
17 110
17 111
17 113
17 116
17 119
18 26
18 28
18 29
18 30
18 37
18 38
18 46
18 50
18 51
18 52
18 53
18 57
18 58
18 63
18 71
18 73
18 75
18 76
18 82
18 84
18 86
18 87
18 90
18 91
18 93
18 97
18 98
18 101
18 103
18 108
18 109
18 112
18 113
18 115
18 116
18 117
18 119
19 21
19 22
19 25
19 28
19 30
19 33
19 34
19 35
19 40
19 41
19 45
19 55
19 56
19 70
19 71
19 74
19 76
19 86
19 87
19 90
19 93
19 98
19 100
19 102
19 104
19 109
19 111
19 113
19 114
19 119
20 22
20 23
20 24
20 30
20 33
20 36
20 37
20 38
20 39
20 41
20 46
20 51
20 53
20 61
20 63
20 66
20 69
20 77
20 78
20 79
20 82
20 83
20 84
20 88
20 90
20 91
20 93
20 102
20 103
20 106
20 111
20 113
20 116
21 23
21 26
21 29
21 31
21 33
21 34
21 35
21 36
21 37
21 38
21 42
21 48
21 49
21 52
21 55
21 57
21 60
21 61
21 67
21 68
21 71
21 78
21 83
21 87
21 92
21 93
21 95
21 96
21 98
21 100
21 102
21 106
21 107
21 112
21 113
21 114
21 115
21 117
21 118
21 119
22 23
22 26
22 31
22 33
22 35
22 38
22 40
22 45
22 47
22 52
22 53
22 56
22 60
22 62
22 63
22 65
22 66
22 69
22 72
22 73
22 74
22 76
22 78
22 80
22 82
22 83
22 85
22 89
22 90
22 93
22 94
22 106
22 107
22 110
22 117
23 29
23 30
23 31
23 32
23 34
23 35
23 37
23 39
23 45
23 46
23 48
23 50
23 59
23 63
23 64
23 67
23 73
23 82
23 86
23 88
23 90
23 95
23 97
23 101
23 108
23 110
23 112
23 114
24 26
24 28
24 31
24 40
24 43
24 45
24 46
24 49
24 50
24 51
24 54
24 56
24 57
24 60
24 61
24 62
24 64
24 68
24 70
24 71
24 72
24 73
24 75
24 87
24 89
24 90
24 92
24 94
24 100
24 106
24 108
24 111
24 112
24 114
24 117
24 118
25 26
25 28
25 31
25 34
25 35
25 43
25 44
25 46
25 48
25 50
25 51
25 54
25 56
25 58
25 60
25 62
25 63
25 64
25 70
25 76
25 79
25 82
25 88
25 90
25 91
25 93
25 94
25 95
25 97
25 99
25 100
25 107
25 109
25 110
25 112
25 114
25 115
25 116
26 33
26 34
26 36
26 39
26 41
26 43
26 44
26 53
26 58
26 64
26 66
26 70
26 71
26 72
26 74
26 75
26 78
26 79
26 80
26 83
26 86
26 88
26 97
26 105
26 108
26 110
26 112
26 113
26 114
26 115
26 116
26 118
27 30
27 34
27 35
27 38
27 41
27 42
27 44
27 46
27 58
27 59
27 61
27 62
27 64
27 76
27 80
27 81
27 83
27 84
27 85
27 86
27 88
27 90
27 93
27 95
27 96
27 99
27 109
27 110
27 117
27 119
28 29
28 31
28 33
28 35
28 37
28 38
28 39
28 41
28 51
28 53
28 54
28 59
28 60
28 63
28 66
28 67
28 71
28 72
28 79
28 85
28 88
28 91
28 92
28 94
28 96
28 98
28 102
28 104
28 105
28 106
28 109
28 111
28 113
28 115
28 116
28 117
28 118
28 119
29 31
29 34
29 35
29 39
29 40
29 43
29 45
29 47
29 50
29 56
29 58
29 59
29 66
29 68
29 69
29 71
29 72
29 74
29 75
29 80
29 81
29 84
29 90
29 95
29 97
29 105
29 108
29 110
29 112
29 113
29 116
29 117
29 119
30 31
30 40
30 41
30 47
30 49
30 51
30 56
30 60
30 62
30 63
30 66
30 67
30 69
30 70
30 73
30 74
30 75
30 78
30 80
30 81
30 82
30 83
30 84
30 86
30 87
30 89
30 90
30 91
30 93
30 96
30 105
30 106
30 109
30 110
30 111
30 116
30 118
30 119
31 32
31 33
31 38
31 39
31 41
31 42
31 49
31 51
31 52
31 55
31 59
31 60
31 63
31 64
31 66
31 67
31 69
31 73
31 77
31 79
31 80
31 82
31 85
31 88
31 90
31 91
31 93
31 95
31 97
31 103
31 104
31 108
31 110
31 115
31 116
31 118
31 119
32 34
32 37
32 40
32 41
32 42
32 45
32 46
32 48
32 49
32 50
32 51
32 55
32 57
32 62
32 65
32 66
32 67
32 69
32 73
32 76
32 77
32 82
32 89
32 91
32 92
32 93
32 94
32 97
32 99
32 103
32 108
32 109
32 114
32 115
32 117
33 34
33 36
33 38
33 39
33 41
33 43
33 47
33 49
33 50
33 51
33 52
33 55
33 57
33 59
33 64
33 65
33 66
33 67
33 72
33 73
33 75
33 77
33 80
33 81
33 84
33 85
33 86
33 87
33 88
33 91
33 101
33 102
33 103
33 106
33 107
33 109
33 110
33 114
33 117
34 35
34 37
34 42
34 44
34 51
34 54
34 58
34 61
34 63
34 64
34 65
34 66
34 68
34 69
34 70
34 71
34 79
34 80
34 81
34 82
34 84
34 85
34 86
34 88
34 89
34 92
34 95
34 96
34 98
34 101
34 102
34 104
34 106
34 107
34 108
34 110
34 113
34 114
34 116
34 118
35 38
35 44
35 45
35 47
35 49
35 53
35 58
35 63
35 64
35 65
35 66
35 67
35 68
35 70
35 77
35 78
35 79
35 84
35 85
35 88
35 90
35 94
35 95
35 98
35 99
35 100
35 101
35 103
35 105
35 108
35 110
35 111
35 115
35 117
35 119
36 37
36 41
36 43
36 45
36 50
36 53
36 54
36 56
36 57
36 58
36 59
36 61
36 63
36 65
36 69
36 73
36 74
36 75
36 79
36 81
36 88
36 90
36 93
36 96
36 97
36 98
36 101
36 102
36 106
36 107
36 109
36 111
36 114
37 38
37 41
37 43
37 47
37 49
37 51
37 52
37 53
37 54
37 55
37 56
37 59
37 60
37 61
37 66
37 67
37 68
37 71
37 74
37 79
37 80
37 84
37 86
37 89
37 90
37 94
37 96
37 98
37 101
37 102
37 103
37 110
37 114
37 115
37 119
38 39
38 40
38 41
38 43
38 44
38 46
38 47
38 48
38 49
38 55
38 57
38 61
38 63
38 65
38 66
38 67
38 69
38 70
38 72
38 74
38 75
38 78
38 79
38 81
38 84
38 87
38 88
38 89
38 90
38 92
38 94
38 95
38 96
38 97
38 99
38 103
38 105
38 110
38 111
38 113
39 40
39 41
39 42
39 44
39 48
39 50
39 51
39 57
39 58
39 60
39 61
39 62
39 64
39 65
39 67
39 69
39 72
39 73
39 88
39 90
39 94
39 96
39 98
39 101
39 102
39 113
39 114
39 116
39 118
39 119
40 45
40 48
40 58
40 59
40 60
40 61
40 63
40 66
40 73
40 74
40 76
40 80
40 81
40 85
40 87
40 90
40 92
40 95
40 96
40 99
40 100
40 102
40 103
40 110
40 112
40 113
40 119
41 44
41 49
41 53
41 58
41 61
41 63
41 64
41 65
41 67
41 68
41 69
41 71
41 75
41 77
41 80
41 84
41 86
41 89
41 92
41 93
41 95
41 97
41 98
41 99
41 104
41 107
41 111
41 116
41 118
41 119
42 44
42 47
42 51
42 52
42 57
42 59
42 61
42 68
42 69
42 70
42 71
42 72
42 74
42 76
42 77
42 78
42 79
42 81
42 82
42 83
42 84
42 86
42 90
42 91
42 92
42 97
42 98
42 99
42 100
42 102
42 103
42 104
42 106
42 114
42 115
42 119
43 45
43 49
43 59
43 60
43 63
43 65
43 72
43 76
43 80
43 85
43 87
43 88
43 90
43 94
43 96
43 99
43 100
43 102
43 106
43 110
43 114
44 45
44 51
44 52
44 54
44 55
44 58
44 59
44 63
44 68
44 70
44 72
44 73
44 75
44 77
44 78
44 79
44 81
44 83
44 84
44 89
44 90
44 91
44 92
44 97
44 98
44 106
44 111
44 113
44 115
44 118
45 48
45 57
45 59
45 60
45 61
45 62
45 63
45 66
45 71
45 73
45 74
45 75
45 76
45 77
45 78
45 79
45 80
45 81
45 83
45 86
45 88
45 91
45 94
45 98
45 102
45 109
45 110
45 112
45 116
46 53
46 56
46 58
46 60
46 71
46 72
46 73
46 74
46 75
46 81
46 82
46 83
46 85
46 90
46 92
46 93
46 94
46 97
46 99
46 101
46 102
46 106
46 107
46 108
46 110
46 111
46 112
46 113
46 115
47 50
47 51
47 52
47 54
47 58
47 59
47 69
47 70
47 73
47 76
47 77
47 80
47 82
47 83
47 87
47 90
47 92
47 96
47 98
47 99
47 101
47 105
47 106
47 108
47 109
47 113
47 114
47 115
47 117
48 49
48 50
48 52
48 53
48 57
48 62
48 68
48 70
48 72
48 78
48 79
48 80
48 83
48 84
48 91
48 92
48 93
48 98
48 99
48 101
48 102
48 104
48 107
48 110
48 113
48 117
48 118
48 119
49 50
49 54
49 57
49 58
49 61
49 62
49 63
49 64
49 65
49 66
49 67
49 70
49 72
49 75
49 76
49 82
49 84
49 85
49 88
49 89
49 91
49 92
49 94
49 95
49 97
49 98
49 102
49 103
49 105
49 106
49 109
49 112
49 113
50 51
50 52
50 54
50 56
50 57
50 58
50 61
50 66
50 68
50 71
50 72
50 75
50 76
50 80
50 82
50 86
50 87
50 90
50 91
50 93
50 94
50 95
50 101
50 102
50 103
50 104
50 105
50 107
50 115
50 116
50 117
51 54
51 57
51 58
51 59
51 60
51 63
51 64
51 66
51 69
51 70
51 71
51 72
51 77
51 81
51 82
51 86
51 88
51 89
51 91
51 95
51 97
51 98
51 99
51 101
51 105
51 107
51 108
51 109
51 111
51 115
51 117
52 55
52 56
52 57
52 58
52 59
52 63
52 64
52 68
52 71
52 72
52 77
52 79
52 80
52 81
52 82
52 83
52 84
52 86
52 90
52 91
52 92
52 93
52 94
52 95
52 96
52 97
52 99
52 103
52 106
52 107
52 109
52 113
52 115
52 116
52 117
52 118
53 56
53 58
53 60
53 62
53 63
53 66
53 68
53 72
53 74
53 75
53 77
53 78
53 81
53 82
53 83
53 84
53 86
53 87
53 89
53 90
53 91
53 98
53 101
53 102
53 103
53 105
53 106
53 109
53 111
53 113
53 115
53 117
53 119
54 56
54 58
54 59
54 60
54 63
54 72
54 73
54 74
54 79
54 80
54 84
54 85
54 88
54 89
54 93
54 96
54 97
54 98
54 103
54 105
54 106
54 107
54 108
54 110
54 114
54 115
54 116
54 118
54 119
55 59
55 61
55 63
55 64
55 67
55 74
55 79
55 81
55 83
55 87
55 88
55 89
55 90
55 93
55 95
55 98
55 105
55 106
55 107
55 108
55 110
55 114
55 115
55 117
55 119
56 57
56 59
56 60
56 61
56 63
56 64
56 66
56 69
56 70
56 71
56 73
56 76
56 80
56 81
56 84
56 85
56 86
56 87
56 91
56 93
56 95
56 96
56 99
56 101
56 103
56 106
56 107
56 110
56 111
56 115
56 117
56 119
57 59
57 62
57 63
57 64
57 69
57 71
57 73
57 74
57 77
57 78
57 79
57 84
57 85
57 86
57 87
57 89
57 90
57 91
57 94
57 96
57 100
57 101
57 102
57 104
57 105
57 107
57 109
57 110
57 112
57 113
57 115
57 116
57 117
57 118
58 59
58 60
58 61
58 64
58 68
58 69
58 70
58 72
58 79
58 82
58 86
58 87
58 93
58 94
58 95
58 98
58 99
58 102
58 103
58 104
58 107
58 109
58 111
58 112
58 113
58 116
58 118
59 64
59 71
59 72
59 73
59 80
59 81
59 83
59 85
59 87
59 90
59 92
59 94
59 97
59 99
59 102
59 105
59 106
59 107
59 115
59 116
59 117
59 119
60 62
60 64
60 68
60 71
60 79
60 81
60 82
60 83
60 85
60 86
60 89
60 92
60 93
60 102
60 104
60 107
60 111
60 112
61 62
61 68
61 70
61 71
61 73
61 75
61 79
61 85
61 88
61 89
61 90
61 91
61 92
61 93
61 95
61 100
61 103
61 105
61 106
61 107
61 110
61 111
61 112
61 113
61 114
61 115
62 63
62 64
62 71
62 73
62 74
62 76
62 81
62 85
62 86
62 87
62 91
62 92
62 93
62 94
62 96
62 98
62 99
62 101
62 102
62 105
62 107
62 108
62 109
62 111
62 113
63 66
63 67
63 81
63 85
63 86
63 87
63 89
63 90
63 92
63 93
63 94
63 96
63 98
63 99
63 100
63 101
63 102
63 111
63 119
64 66
64 67
64 68
64 69
64 76
64 81
64 83
64 85
64 86
64 88
64 89
64 90
64 93
64 94
64 96
64 98
64 100
64 101
64 102
64 103
64 105
64 110
64 112
64 116
65 67
65 70
65 71
65 72
65 76
65 77
65 79
65 84
65 85
65 88
65 89
65 92
65 95
65 98
65 106
65 107
65 108
65 112
65 113
65 114
65 115
65 116
65 117
65 118
66 69
66 72
66 74
66 78
66 79
66 83
66 85
66 87
66 88
66 91
66 93
66 94
66 95
66 96
66 99
66 100
66 101
66 102
66 105
66 107
66 110
66 111
66 113
66 116
66 119
67 68
67 74
67 75
67 76
67 86
67 92
67 93
67 95
67 97
67 99
67 100
67 105
67 107
67 112
67 114
67 116
68 69
68 77
68 79
68 82
68 84
68 88
68 90
68 92
68 95
68 96
68 98
68 101
68 109
68 112
68 116
68 118
69 70
69 71
69 72
69 77
69 80
69 81
69 83
69 89
69 90
69 97
69 99
69 100
69 104
69 105
69 107
69 112
69 114
69 116
69 119
70 71
70 72
70 73
70 79
70 81
70 82
70 83
70 84
70 91
70 93
70 94
70 102
70 104
70 109
70 114
70 115
70 116
70 117
70 118
71 74
71 75
71 79
71 80
71 81
71 85
71 87
71 89
71 93
71 94
71 95
71 98
71 101
71 105
71 107
71 109
71 113
71 114
71 116
71 117
71 119
72 74
72 76
72 77
72 80
72 83
72 85
72 90
72 95
72 97
72 99
72 103
72 106
72 108
72 113
73 74
73 75
73 81
73 82
73 84
73 87
73 90
73 95
73 97
73 99
73 100
73 102
73 103
73 105
73 107
73 108
73 119
74 75
74 77
74 83
74 86
74 89
74 95
74 96
74 98
74 99
74 102
74 103
74 106
74 107
74 110
74 118
74 119
75 78
75 79
75 85
75 87
75 88
75 91
75 93
75 94
75 96
75 97
75 104
75 105
75 107
75 108
75 109
75 112
75 114
75 116
75 117
76 77
76 78
76 85
76 91
76 92
76 93
76 94
76 95
76 96
76 97
76 98
76 105
76 107
76 108
76 109
76 116
76 117
77 78
77 80
77 82
77 88
77 89
77 94
77 95
77 96
77 97
77 102
77 105
77 107
77 108
77 111
77 114
77 117
78 80
78 86
78 87
78 88
78 89
78 90
78 92
78 95
78 97
78 99
78 100
78 102
78 103
78 104
78 107
78 111
78 113
78 114
78 119
79 83
79 84
79 85
79 86
79 89
79 90
79 92
79 93
79 94
79 95
79 98
79 106
79 110
79 111
79 112
79 116
79 119
80 86
80 92
80 95
80 96
80 99
80 101
80 102
80 103
80 107
80 110
80 112
80 113
80 116
81 82
81 83
81 89
81 90
81 95
81 98
81 102
81 103
81 106
81 107
81 108
81 116
81 119
82 85
82 86
82 93
82 94
82 95
82 98
82 99
82 102
82 104
82 105
82 108
82 109
82 111
82 114
82 118
83 86
83 95
83 100
83 104
83 105
83 106
83 110
83 113
83 115
83 119
84 85
84 92
84 96
84 97
84 101
84 102
84 105
84 113
84 114
84 115
84 119
85 90
85 91
85 93
85 95
85 97
85 100
85 103
85 104
85 105
85 108
85 109
85 110
85 111
85 115
86 87
86 89
86 95
86 97
86 99
86 102
86 104
86 109
86 110
86 114
86 115
86 117
86 118
86 119
87 90
87 95
87 103
87 104
87 109
87 111
87 118
87 119
88 90
88 91
88 92
88 95
88 96
88 103
88 108
88 110
88 112
88 113
88 115
89 90
89 92
89 95
89 98
89 101
89 102
89 110
89 116
89 117
90 92
90 94
90 98
90 100
90 102
90 105
90 106
90 111
90 112
90 114
91 93
91 94
91 96
91 100
91 103
91 105
91 106
91 108
91 110
91 113
91 117
91 119
92 93
92 94
92 95
92 97
92 98
92 99
92 100
92 102
92 104
92 105
92 110
92 116
92 118
92 119
93 95
93 96
93 97
93 98
93 99
93 100
93 103
93 110
93 112
93 114
93 117
94 99
94 103
94 104
94 106
94 107
94 115
94 116
94 117
95 96
95 98
95 99
95 102
95 107
95 109
95 113
95 114
95 115
96 101
96 102
96 103
96 104
96 105
96 107
96 113
96 114
96 115
96 116
96 117
96 118
97 99
97 102
97 108
97 114
97 115
97 116
97 118
98 100
98 102
98 103
98 105
98 110
98 113
99 100
99 101
99 104
99 107
99 108
99 111
99 119
100 108
100 109
100 110
100 111
100 112
100 114
100 115
100 117
100 119
101 103
101 104
101 105
101 112
101 113
101 114
101 117
102 104
102 105
102 108
102 109
102 115
102 118
102 119
103 104
103 106
103 108
103 110
103 111
103 112
103 113
103 117
104 106
104 112
104 114
104 117
105 106
105 107
105 108
105 110
105 112
105 116
105 118
106 107
106 110
106 112
106 114
106 116
106 118
107 108
107 111
107 114
107 115
107 117
107 119
108 109
108 111
108 112
108 114
108 115
108 116
108 117
108 119
109 110
109 117
110 112
110 113
110 115
110 117
110 118
110 119
111 112
111 113
111 114
111 119
112 114
112 115
112 117
112 119
113 114
113 117
113 118
114 116
114 119
116 117
116 118
118 119
111 85 69 55 109 46
23 16 29 62 49 78
84 48 74 65 38 10
92 39 1 119 83 14
71 24 50 28 47 7
52 15 45 60 67 90
0 4 77 80 18 19
108 68 33 75 91 42
32 79 101 8 31 88
87 35 107 114 43 99
41 63 100 36 25 2
112 86 81 26 66 116
21 22 61 37 6 96
115 110 9 103 54 27
98 40 12 53 44 82
3 57 20 97 106 11
58 51 89 118 113 59
93 104 5 94 117 73
95 56 17 72 76 102
70 64 13 34 105 30
