130
1716
22
0 1
0 8
0 10
0 12
0 16
0 18
0 20
0 25
0 27
0 30
0 33
0 34
0 38
0 48
0 53
0 54
0 68
0 78
0 79
0 80
0 82
0 101
0 106
0 107
0 108
0 112
0 113
0 115
1 8
1 11
1 16
1 18
1 32
1 40
1 45
1 51
1 63
1 75
1 84
1 86
1 90
1 92
1 95
1 97
1 98
1 104
1 105
1 110
1 115
2 3
2 4
2 7
2 13
2 14
2 28
2 34
2 53
2 61
2 65
2 69
2 74
2 75
2 79
2 80
2 81
2 82
2 93
2 95
2 96
2 99
2 102
2 103
2 116
2 124
3 13
3 18
3 25
3 27
3 31
3 32
3 50
3 51
3 64
3 71
3 79
3 84
3 87
3 94
3 95
3 97
3 102
3 105
3 107
3 109
3 111
3 114
3 117
3 123
3 124
3 125
4 8
4 12
4 14
4 26
4 28
4 37
4 41
4 48
4 59
4 61
4 63
4 69
4 79
4 80
4 88
4 89
4 90
4 94
4 97
4 99
4 103
4 107
4 108
4 110
4 113
4 116
4 121
4 122
5 8
5 14
5 18
5 19
5 21
5 22
5 29
5 36
5 37
5 48
5 56
5 59
5 61
5 74
5 79
5 88
5 92
5 96
5 106
5 108
5 112
5 113
5 117
5 118
5 119
5 120
5 124
5 127
6 17
6 18
6 29
6 32
6 35
6 37
6 48
6 59
6 61
6 62
6 63
6 79
6 88
6 98
6 99
6 100
6 102
6 103
6 106
6 108
6 113
6 116
6 117
6 122
6 127
6 128
6 129
7 10
7 13
7 17
7 20
7 21
7 22
7 51
7 56
7 58
7 62
7 70
7 73
7 75
7 78
7 83
7 89
7 91
7 95
7 96
7 106
7 107
7 108
7 112
7 124
7 125
8 10
8 15
8 18
8 26
8 30
8 34
8 35
8 39
8 41
8 45
8 46
8 53
8 56
8 58
8 61
8 80
8 83
8 84
8 87
8 90
8 91
8 96
8 105
8 112
8 114
8 117
8 129
9 18
9 20
9 21
9 23
9 33
9 35
9 51
9 60
9 64
9 69
9 73
9 79
9 80
9 82
9 85
9 90
9 112
9 119
9 124
10 14
10 16
10 19
10 24
10 27
10 28
10 32
10 33
10 41
10 46
10 48
10 56
10 57
10 60
10 74
10 77
10 79
10 80
10 83
10 86
10 94
10 103
10 108
10 110
10 120
10 122
10 124
10 125
10 126
11 16
11 19
11 38
11 39
11 41
11 46
11 47
11 55
11 62
11 65
11 74
11 77
11 78
11 84
11 86
11 89
11 94
11 103
11 104
11 105
11 111
11 116
11 121
11 124
12 15
12 21
12 24
12 25
12 27
12 28
12 39
12 41
12 46
12 49
12 70
12 76
12 80
12 92
12 93
12 102
12 111
12 120
12 124
12 126
12 127
12 129
13 16
13 29
13 38
13 39
13 48
13 51
13 54
13 64
13 68
13 70
13 76
13 78
13 84
13 86
13 87
13 91
13 92
13 98
13 101
13 106
13 108
13 110
13 117
13 121
13 128
13 129
14 17
14 21
14 25
14 31
14 37
14 45
14 53
14 61
14 62
14 70
14 79
14 82
14 83
14 97
14 106
14 109
14 112
14 115
14 118
14 119
14 122
14 125
15 17
15 20
15 40
15 49
15 55
15 56
15 57
15 64
15 71
15 75
15 78
15 83
15 85
15 90
15 92
15 97
15 99
15 102
15 116
15 124
16 18
16 21
16 24
16 29
16 30
16 54
16 56
16 62
16 68
16 69
16 71
16 72
16 80
16 97
16 98
16 99
16 100
16 101
16 106
16 110
16 118
16 120
16 122
17 20
17 21
17 24
17 55
17 60
17 69
17 71
17 94
17 98
17 101
17 103
17 108
17 110
17 114
17 127
17 128
17 129
18 20
18 30
18 34
18 35
18 36
18 38
18 39
18 48
18 52
18 53
18 56
18 59
18 60
18 63
18 74
18 77
18 80
18 90
18 93
18 98
18 115
18 116
18 118
18 120
18 121
18 123
18 125
18 126
18 128
19 26
19 34
19 37
19 42
19 43
19 69
19 71
19 74
19 79
19 80
19 88
19 89
19 94
19 104
19 105
19 108
19 123
20 28
20 33
20 37
20 40
20 47
20 53
20 57
20 58
20 59
20 61
20 64
20 65
20 69
20 70
20 71
20 81
20 84
20 85
20 87
20 89
20 91
20 96
20 100
20 105
20 106
20 113
20 117
20 120
20 122
21 23
21 25
21 35
21 42
21 44
21 53
21 54
21 56
21 57
21 58
21 82
21 98
21 101
21 111
21 119
21 123
21 124
21 126
22 23
22 26
22 41
22 46
22 57
22 60
22 66
22 67
22 69
22 75
22 85
22 87
22 89
22 102
22 103
22 112
22 115
22 122
23 38
23 43
23 44
23 48
23 54
23 58
23 67
23 68
23 80
23 82
23 84
23 97
23 99
23 101
23 102
23 117
23 120
23 124
23 125
24 26
24 28
24 30
24 38
24 42
24 44
24 45
24 47
24 51
24 52
24 56
24 71
24 79
24 81
24 82
24 84
24 90
24 92
24 94
24 103
24 109
24 110
25 31
25 32
25 37
25 38
25 42
25 48
25 49
25 52
25 54
25 58
25 71
25 75
25 76
25 79
25 88
25 91
25 94
25 98
25 104
25 113
25 120
25 127
26 27
26 31
26 32
26 33
26 34
26 41
26 48
26 66
26 67
26 71
26 73
26 77
26 88
26 90
26 91
26 92
26 95
26 103
26 104
26 113
26 119
26 125
27 45
27 52
27 56
27 59
27 62
27 72
27 73
27 75
27 76
27 79
27 84
27 89
27 93
27 94
27 97
27 98
27 101
27 116
27 118
27 121
27 123
27 125
27 127
27 129
28 32
28 33
28 39
28 47
28 52
28 55
28 77
28 79
28 87
28 89
28 92
28 97
28 98
28 99
28 100
28 102
28 105
28 111
28 112
28 116
28 117
28 118
28 122
28 125
28 129
29 31
29 37
29 41
29 42
29 46
29 61
29 62
29 82
29 90
29 91
29 94
29 95
29 97
29 109
29 122
30 43
30 44
30 53
30 56
30 61
30 65
30 70
30 81
30 84
30 86
30 89
30 96
30 101
30 107
30 118
30 126
31 32
31 40
31 47
31 51
31 52
31 53
31 56
31 65
31 68
31 71
31 74
31 76
31 84
31 88
31 94
31 99
31 102
31 106
31 114
31 115
31 117
31 125
31 126
31 128
32 35
32 41
32 46
32 48
32 51
32 58
32 63
32 73
32 75
32 76
32 79
32 85
32 102
32 109
32 111
32 116
32 123
32 124
32 127
33 35
33 36
33 44
33 46
33 58
33 61
33 63
33 65
33 66
33 72
33 75
33 77
33 81
33 83
33 91
33 97
33 105
33 108
33 110
33 126
34 43
34 46
34 57
34 58
34 65
34 68
34 69
34 71
34 74
34 79
34 80
34 90
34 94
34 101
34 102
34 104
34 124
34 126
34 128
35 36
35 38
35 40
35 41
35 44
35 46
35 47
35 60
35 61
35 62
35 64
35 79
35 82
35 84
35 89
35 90
35 91
35 92
35 99
35 104
35 106
35 119
35 122
35 123
35 127
36 39
36 42
36 43
36 48
36 50
36 51
36 53
36 62
36 67
36 73
36 74
36 75
36 82
36 85
36 86
36 92
36 95
36 97
36 104
36 107
36 108
36 116
36 117
36 119
36 121
36 127
37 38
37 43
37 48
37 49
37 50
37 55
37 56
37 57
37 64
37 67
37 69
37 71
37 72
37 83
37 85
37 88
37 102
37 104
37 106
37 121
37 124
37 125
37 128
38 44
38 46
38 49
38 52
38 57
38 59
38 66
38 73
38 75
38 83
38 87
38 88
38 91
38 96
38 102
38 103
38 104
38 109
38 113
38 116
38 123
38 128
39 49
39 50
39 62
39 70
39 71
39 72
39 80
39 84
39 87
39 91
39 93
39 96
39 99
39 107
39 115
39 122
39 123
40 41
40 44
40 49
40 55
40 84
40 87
40 99
40 100
40 101
40 106
40 115
40 122
40 123
41 45
41 49
41 56
41 59
41 61
41 66
41 67
41 70
41 71
41 85
41 92
41 98
41 99
41 101
41 102
41 111
41 118
41 121
41 125
41 127
42 46
42 47
42 48
42 54
42 60
42 78
42 81
42 89
42 93
42 94
42 95
42 99
42 100
42 108
42 114
42 116
42 123
42 125
43 46
43 81
43 82
43 84
43 85
43 86
43 96
43 100
43 105
43 108
43 109
43 114
43 124
43 125
43 126
44 50
44 56
44 58
44 62
44 72
44 78
44 79
44 96
44 99
44 104
44 109
44 112
44 122
44 129
45 46
45 47
45 52
45 55
45 58
45 60
45 62
45 63
45 67
45 77
45 88
45 92
45 93
45 94
45 95
45 103
45 106
45 115
45 127
46 49
46 60
46 69
46 70
46 79
46 80
46 91
46 101
46 104
46 105
46 108
46 118
47 48
47 49
47 50
47 52
47 55
47 57
47 59
47 61
47 69
47 77
47 78
47 84
47 88
47 91
47 95
47 96
47 104
47 105
47 115
47 116
47 124
48 58
48 59
48 62
48 65
48 66
48 69
48 73
48 78
48 82
48 86
48 89
48 92
48 94
48 101
48 104
48 110
48 114
48 115
48 126
48 129
49 54
49 56
49 58
49 62
49 69
49 71
49 72
49 87
49 97
49 98
49 107
49 108
49 127
49 129
50 51
50 54
50 68
50 70
50 73
50 104
50 107
50 110
50 114
50 120
50 122
51 65
51 70
51 71
51 74
51 77
51 80
51 84
51 88
51 93
51 95
51 98
51 99
51 101
51 106
51 115
51 116
51 120
51 123
52 53
52 60
52 61
52 65
52 70
52 72
52 74
52 80
52 86
52 96
52 112
53 59
53 60
53 65
53 66
53 69
53 70
53 72
53 91
53 103
53 114
53 122
54 57
54 59
54 61
54 64
54 70
54 75
54 78
54 84
54 85
54 98
54 108
54 109
54 110
54 116
54 120
55 58
55 69
55 78
55 84
55 85
55 88
55 90
55 99
55 107
55 114
55 115
55 117
55 121
55 123
56 57
56 62
56 65
56 67
56 87
56 100
56 101
56 105
56 107
56 115
56 117
56 118
56 124
57 60
57 63
57 64
57 73
57 80
57 86
57 88
57 92
57 95
57 96
57 100
57 101
57 106
57 121
57 129
58 60
58 65
58 79
58 84
58 85
58 94
58 102
58 106
58 115
58 123
59 61
59 65
59 70
59 78
59 79
59 90
59 92
59 93
59 105
59 106
59 115
59 117
59 122
59 124
59 126
59 127
60 62
60 63
60 64
60 66
60 69
60 70
60 71
60 74
60 79
60 80
60 82
60 84
60 98
60 101
60 108
60 111
60 113
60 119
60 125
61 62
61 66
61 74
61 76
61 80
61 81
61 84
61 95
61 98
61 99
61 101
61 105
61 108
61 109
61 113
61 117
61 123
61 126
61 129
62 70
62 74
62 75
62 91
62 92
62 105
62 116
62 122
62 125
63 68
63 72
63 84
63 90
63 100
63 103
63 104
63 112
63 128
63 129
64 66
64 70
64 75
64 80
64 81
64 84
64 90
64 94
64 101
64 102
64 108
64 109
64 111
64 112
64 115
64 120
64 125
64 128
64 129
65 79
65 81
65 83
65 84
65 89
65 91
65 94
65 101
65 114
65 115
65 116
65 128
66 69
66 73
66 77
66 79
66 80
66 84
66 103
66 108
66 109
66 124
67 70
67 73
67 76
67 78
67 80
67 86
67 87
67 91
67 93
67 94
67 96
67 100
67 109
67 122
67 123
67 126
67 128
68 69
68 82
68 86
68 90
68 92
68 97
68 100
68 101
68 106
68 125
69 71
69 75
69 77
69 88
69 95
69 96
69 102
69 107
69 108
69 120
69 124
69 125
69 129
70 71
70 72
70 80
70 84
70 90
70 93
70 94
70 95
70 97
70 99
70 106
70 119
71 73
71 81
71 85
71 91
71 96
71 98
71 99
71 119
71 123
72 74
72 78
72 79
72 83
72 89
72 90
72 93
72 96
72 102
72 104
72 111
72 116
72 117
72 118
72 120
72 121
72 126
72 128
73 81
73 92
73 93
73 98
73 107
73 118
73 120
73 127
73 129
74 77
74 85
74 87
74 88
74 90
74 113
74 117
74 118
74 120
74 122
74 123
75 78
75 81
75 85
75 87
75 102
75 106
75 108
76 77
76 88
76 93
76 101
76 104
76 105
76 109
76 111
76 112
76 113
76 117
76 120
76 129
77 85
77 100
77 107
77 117
77 118
77 120
78 81
78 83
78 84
78 87
78 98
78 99
78 105
78 112
78 118
78 123
78 124
78 127
79 80
79 87
79 88
79 91
79 92
79 98
79 99
79 105
79 107
79 112
79 113
79 118
79 119
79 129
80 81
80 83
80 86
80 90
80 95
80 99
80 100
80 108
80 110
80 113
80 119
81 84
81 102
81 105
81 106
81 112
81 114
81 117
81 118
81 121
81 123
81 129
82 85
82 86
82 93
82 102
82 103
82 106
82 108
82 112
82 124
82 127
82 128
83 88
83 90
83 99
83 108
83 113
84 85
84 87
84 91
84 94
84 96
84 102
84 103
84 105
84 111
84 119
84 121
84 123
84 128
85 96
85 101
85 103
85 110
85 113
85 115
85 119
85 123
85 125
86 87
86 88
86 97
86 118
86 123
86 125
86 126
87 88
87 90
87 93
87 99
87 105
87 110
87 116
87 122
87 124
87 126
87 128
88 93
88 99
88 100
88 103
88 110
88 112
88 116
89 94
89 104
89 115
89 118
89 120
89 121
89 123
89 125
89 126
89 128
90 91
90 108
90 123
90 126
90 128
91 92
91 94
91 96
91 100
91 102
91 103
91 107
91 121
91 126
92 96
92 101
92 107
92 109
92 110
92 113
92 116
92 125
92 126
92 127
93 95
93 97
93 100
93 101
93 103
93 104
93 107
93 109
93 111
93 114
93 121
93 123
93 127
93 128
93 129
94 97
94 107
94 111
94 127
95 101
95 102
95 105
95 109
95 117
95 122
96 104
96 109
96 110
96 114
96 119
96 121
96 127
96 129
97 109
97 110
97 112
98 101
98 103
98 113
98 114
98 115
98 129
99 103
99 104
99 108
99 109
99 111
99 122
99 124
99 128
99 129
100 105
100 112
100 114
100 115
100 116
100 118
100 127
101 106
101 107
101 116
101 122
101 128
102 105
102 106
102 115
102 124
102 125
102 126
102 128
102 129
103 104
103 105
103 106
103 109
103 117
103 129
104 107
104 118
104 121
104 125
105 110
105 111
105 115
106 111
106 126
107 123
107 128
108 109
108 123
108 125
108 128
109 111
109 112
109 120
109 123
110 118
110 124
110 127
111 112
111 114
111 115
111 116
111 117
111 127
111 129
112 113
112 114
112 116
112 118
112 121
113 119
113 120
113 122
113 123
113 124
113 125
114 115
115 122
115 123
115 126
115 127
116 117
116 119
116 124
116 125
116 129
117 120
117 125
118 119
118 122
118 129
119 123
119 128
120 129
121 122
121 124
122 126
124 128
125 129
63 48 82 68 52 8
40 55 114 88 18 56
14 73 45 120 42 81
51 22 94 7 74 57
2 21 98 65 86 70
38 24 33 0 79 4
46 115 67 58 28 62
17 25 106 3 123 9
15 103 77 59 96 76
89 60 93 71 36 100
80 108 26 78 41 6
75 64 27 10 72 13
11 99 122 101 66 126
47 49 113 35 20 19
129 84 91 43 128 32
69 124 85 16 95 107
30 1 61 53 54 39
44 12 34 87 125 117
118 90 83 97 50 109
5 116 111 23 31 105
92 110 127 104 112 37
102 121 119 29
