130
4202
5
0 3
0 5
0 7
0 8
0 10
0 17
0 18
0 23
0 24
0 27
0 28
0 29
0 30
0 31
0 32
0 33
0 34
0 36
0 38
0 39
0 41
0 44
0 45
0 48
0 49
0 50
0 52
0 53
0 54
0 55
0 59
0 60
0 62
0 65
0 69
0 70
0 72
0 73
0 78
0 79
0 80
0 84
0 87
0 89
0 93
0 95
0 100
0 101
0 105
0 106
0 107
0 108
0 110
0 115
0 116
0 117
0 119
0 121
0 124
0 125
0 126
0 128
0 129
1 3
1 4
1 6
1 7
1 8
1 9
1 10
1 11
1 16
1 17
1 19
1 25
1 28
1 29
1 30
1 32
1 33
1 36
1 37
1 39
1 40
1 43
1 44
1 45
1 48
1 49
1 53
1 57
1 59
1 60
1 61
1 62
1 64
1 65
1 70
1 71
1 72
1 73
1 74
1 75
1 78
1 80
1 87
1 89
1 91
1 94
1 95
1 100
1 101
1 103
1 104
1 105
1 106
1 107
1 108
1 110
1 111
1 112
1 113
1 117
1 119
1 123
1 125
1 126
1 128
1 129
2 7
2 10
2 11
2 13
2 14
2 15
2 16
2 17
2 23
2 26
2 27
2 28
2 29
2 33
2 36
2 38
2 40
2 41
2 42
2 43
2 44
2 45
2 46
2 47
2 48
2 49
2 55
2 57
2 60
2 61
2 63
2 65
2 66
2 67
2 68
2 69
2 72
2 75
2 76
2 79
2 80
2 82
2 83
2 85
2 86
2 90
2 91
2 92
2 97
2 103
2 105
2 108
2 109
2 112
2 113
2 116
2 117
2 118
2 120
2 122
2 123
2 127
2 128
3 4
3 5
3 7
3 11
3 12
3 13
3 14
3 15
3 17
3 19
3 20
3 24
3 27
3 28
3 30
3 31
3 32
3 34
3 35
3 39
3 40
3 42
3 43
3 44
3 46
3 47
3 49
3 51
3 52
3 54
3 55
3 64
3 66
3 69
3 70
3 71
3 72
3 74
3 75
3 76
3 79
3 80
3 84
3 85
3 86
3 87
3 89
3 91
3 92
3 93
3 94
3 96
3 97
3 98
3 103
3 104
3 105
3 106
3 108
3 110
3 111
3 113
3 114
3 117
3 118
3 119
3 121
3 122
3 123
3 124
3 127
3 128
4 5
4 6
4 8
4 12
4 13
4 15
4 19
4 22
4 23
4 24
4 26
4 28
4 31
4 34
4 36
4 38
4 40
4 41
4 43
4 44
4 45
4 46
4 50
4 52
4 53
4 54
4 58
4 59
4 61
4 62
4 63
4 66
4 67
4 69
4 71
4 74
4 75
4 76
4 78
4 80
4 85
4 86
4 88
4 89
4 92
4 94
4 95
4 97
4 99
4 101
4 102
4 104
4 107
4 109
4 112
4 113
4 115
4 116
4 117
4 118
4 119
4 120
4 121
4 122
4 125
4 126
4 127
4 128
5 6
5 7
5 8
5 14
5 15
5 18
5 21
5 22
5 25
5 27
5 31
5 32
5 34
5 36
5 37
5 39
5 40
5 41
5 43
5 46
5 48
5 49
5 50
5 52
5 53
5 55
5 59
5 61
5 62
5 63
5 64
5 66
5 67
5 71
5 72
5 74
5 77
5 80
5 81
5 82
5 83
5 84
5 85
5 86
5 87
5 88
5 89
5 90
5 92
5 93
5 94
5 95
5 98
5 99
5 100
5 101
5 110
5 112
5 114
5 115
5 116
5 117
5 123
5 124
5 126
6 7
6 8
6 10
6 14
6 16
6 17
6 25
6 28
6 29
6 30
6 32
6 34
6 35
6 36
6 38
6 40
6 41
6 43
6 44
6 45
6 48
6 51
6 52
6 58
6 59
6 60
6 62
6 65
6 66
6 67
6 68
6 73
6 74
6 76
6 77
6 79
6 81
6 82
6 84
6 86
6 87
6 88
6 89
6 90
6 92
6 93
6 94
6 97
6 100
6 102
6 103
6 104
6 106
6 108
6 109
6 110
6 113
6 115
6 118
6 120
6 121
6 123
6 128
6 129
7 8
7 10
7 13
7 14
7 16
7 26
7 27
7 32
7 34
7 36
7 37
7 39
7 41
7 45
7 46
7 47
7 48
7 50
7 51
7 56
7 59
7 62
7 63
7 64
7 67
7 68
7 70
7 71
7 73
7 74
7 75
7 78
7 82
7 83
7 85
7 86
7 88
7 90
7 91
7 93
7 98
7 100
7 103
7 104
7 105
7 107
7 108
7 110
7 111
7 115
7 116
7 118
7 122
7 123
7 127
7 128
7 129
8 11
8 12
8 15
8 17
8 20
8 25
8 31
8 32
8 33
8 34
8 35
8 36
8 37
8 41
8 42
8 45
8 46
8 47
8 51
8 55
8 56
8 57
8 58
8 62
8 64
8 65
8 66
8 69
8 70
8 72
8 74
8 76
8 77
8 80
8 81
8 83
8 84
8 86
8 87
8 89
8 92
8 94
8 96
8 102
8 103
8 104
8 105
8 107
8 109
8 111
8 112
8 113
8 115
8 116
8 121
8 122
8 127
8 128
8 129
9 10
9 11
9 14
9 15
9 16
9 17
9 20
9 21
9 24
9 25
9 30
9 33
9 35
9 38
9 40
9 41
9 43
9 44
9 46
9 47
9 48
9 49
9 53
9 56
9 58
9 60
9 65
9 66
9 70
9 72
9 75
9 77
9 79
9 80
9 83
9 84
9 86
9 87
9 88
9 89
9 95
9 96
9 97
9 98
9 100
9 101
9 102
9 106
9 107
9 108
9 109
9 110
9 111
9 112
9 114
9 115
9 117
9 119
9 122
9 128
10 13
10 16
10 20
10 21
10 22
10 23
10 24
10 25
10 26
10 30
10 33
10 35
10 36
10 42
10 43
10 44
10 46
10 47
10 51
10 55
10 57
10 58
10 61
10 62
10 63
10 64
10 65
10 68
10 69
10 70
10 71
10 72
10 73
10 74
10 75
10 77
10 78
10 79
10 82
10 83
10 85
10 86
10 87
10 89
10 91
10 92
10 99
10 100
10 101
10 102
10 104
10 105
10 108
10 110
10 111
10 115
10 117
10 119
10 120
10 121
10 123
10 124
10 126
10 127
10 128
10 129
11 12
11 15
11 16
11 17
11 18
11 21
11 22
11 23
11 30
11 34
11 36
11 38
11 40
11 44
11 45
11 47
11 48
11 50
11 51
11 52
11 54
11 55
11 59
11 60
11 61
11 62
11 63
11 67
11 68
11 70
11 71
11 75
11 77
11 78
11 80
11 81
11 82
11 83
11 91
11 92
11 98
11 99
11 101
11 102
11 104
11 106
11 107
11 109
11 113
11 119
11 121
11 122
11 123
11 124
11 125
11 127
11 128
12 17
12 19
12 22
12 23
12 26
12 29
12 31
12 32
12 33
12 35
12 37
12 39
12 40
12 42
12 43
12 47
12 48
12 49
12 59
12 60
12 61
12 62
12 63
12 64
12 65
12 68
12 71
12 74
12 76
12 79
12 81
12 82
12 87
12 89
12 92
12 93
12 94
12 96
12 98
12 99
12 101
12 102
12 104
12 105
12 107
12 110
12 112
12 113
12 114
12 116
12 117
12 119
12 126
12 129
13 14
13 15
13 16
13 18
13 19
13 26
13 27
13 29
13 32
13 34
13 36
13 39
13 40
13 43
13 45
13 47
13 49
13 50
13 51
13 53
13 59
13 65
13 66
13 68
13 69
13 77
13 78
13 80
13 81
13 82
13 83
13 85
13 86
13 87
13 88
13 89
13 91
13 92
13 94
13 97
13 98
13 101
13 104
13 105
13 107
13 111
13 112
13 113
13 114
13 116
13 117
13 118
13 125
13 126
13 128
14 15
14 16
14 18
14 22
14 23
14 25
14 30
14 33
14 34
14 36
14 38
14 40
14 43
14 44
14 48
14 49
14 54
14 55
14 56
14 57
14 58
14 59
14 60
14 61
14 62
14 64
14 65
14 66
14 67
14 68
14 70
14 72
14 74
14 81
14 84
14 85
14 86
14 87
14 89
14 92
14 93
14 97
14 98
14 104
14 106
14 109
14 114
14 115
14 116
14 117
14 118
14 119
14 121
14 123
14 128
15 17
15 19
15 20
15 21
15 22
15 23
15 24
15 26
15 31
15 32
15 34
15 35
15 40
15 42
15 43
15 44
15 49
15 50
15 51
15 53
15 54
15 60
15 62
15 63
15 64
15 65
15 72
15 73
15 75
15 76
15 80
15 81
15 82
15 83
15 84
15 87
15 89
15 90
15 93
15 97
15 99
15 102
15 104
15 106
15 110
15 113
15 119
15 124
15 125
15 126
15 129
16 18
16 20
16 21
16 29
16 32
16 33
16 34
16 36
16 38
16 39
16 42
16 47
16 50
16 56
16 61
16 62
16 63
16 64
16 65
16 66
16 69
16 74
16 75
16 78
16 79
16 80
16 83
16 84
16 85
16 86
16 87
16 89
16 90
16 91
16 94
16 97
16 98
16 101
16 102
16 104
16 105
16 107
16 108
16 110
16 111
16 114
16 120
16 122
16 123
16 124
16 125
16 126
16 128
16 129
17 18
17 26
17 28
17 29
17 34
17 35
17 36
17 37
17 38
17 39
17 40
17 42
17 45
17 47
17 53
17 54
17 55
17 57
17 58
17 61
17 64
17 67
17 68
17 72
17 75
17 77
17 78
17 80
17 81
17 82
17 83
17 87
17 88
17 89
17 92
17 94
17 95
17 96
17 97
17 98
17 99
17 101
17 103
17 105
17 113
17 114
17 115
17 116
17 117
17 118
17 119
17 121
17 122
17 123
17 124
17 127
17 128
18 19
18 20
18 21
18 24
18 27
18 29
18 30
18 33
18 34
18 36
18 38
18 41
18 44
18 45
18 47
18 48
18 50
18 51
18 52
18 57
18 58
18 60
18 65
18 66
18 69
18 72
18 75
18 76
18 77
18 80
18 81
18 82
18 84
18 85
18 87
18 88
18 89
18 92
18 93
18 95
18 97
18 98
18 99
18 100
18 101
18 103
18 104
18 106
18 110
18 111
18 113
18 114
18 115
18 116
18 119
18 121
18 122
18 123
18 124
18 126
18 129
19 20
19 24
19 26
19 27
19 31
19 33
19 35
19 36
19 39
19 40
19 41
19 48
19 50
19 51
19 52
19 53
19 55
19 56
19 61
19 62
19 63
19 66
19 67
19 69
19 70
19 72
19 73
19 74
19 75
19 76
19 78
19 81
19 83
19 84
19 85
19 89
19 90
19 92
19 93
19 96
19 98
19 99
19 102
19 109
19 112
19 117
19 118
19 120
19 122
19 125
19 126
19 127
19 128
19 129
20 23
20 27
20 28
20 32
20 33
20 34
20 35
20 36
20 39
20 41
20 44
20 45
20 46
20 48
20 53
20 57
20 58
20 59
20 62
20 63
20 65
20 68
20 70
20 72
20 74
20 76
20 81
20 83
20 86
20 91
20 92
20 95
20 98
20 99
20 102
20 103
20 105
20 107
20 109
20 110
20 118
20 120
20 122
20 124
20 125
20 128
21 23
21 25
21 26
21 30
21 33
21 36
21 38
21 39
21 42
21 44
21 50
21 52
21 53
21 54
21 56
21 57
21 63
21 66
21 67
21 68
21 69
21 70
21 72
21 77
21 79
21 80
21 82
21 84
21 85
21 86
21 92
21 94
21 95
21 96
21 97
21 98
21 99
21 104
21 105
21 106
21 108
21 111
21 114
21 119
21 124
21 125
21 127
21 129
22 24
22 28
22 29
22 30
22 31
22 33
22 35
22 36
22 38
22 39
22 40
22 41
22 42
22 43
22 45
22 46
22 47
22 49
22 52
22 53
22 54
22 56
22 57
22 58
22 61
22 62
22 63
22 64
22 65
22 66
22 67
22 71
22 72
22 74
22 76
22 77
22 79
22 83
22 84
22 85
22 87
22 88
22 89
22 92
22 93
22 94
22 95
22 96
22 97
22 99
22 100
22 102
22 103
22 104
22 105
22 106
22 108
22 110
22 116
22 117
22 118
22 119
22 122
22 126
22 127
23 24
23 26
23 29
23 37
23 38
23 40
23 42
23 47
23 48
23 50
23 51
23 52
23 54
23 56
23 57
23 61
23 67
23 70
23 71
23 75
23 77
23 79
23 80
23 83
23 84
23 87
23 88
23 91
23 92
23 94
23 95
23 96
23 102
23 104
23 105
23 106
23 107
23 108
23 110
23 112
23 113
23 116
23 118
23 120
23 121
23 129
24 25
24 26
24 27
24 33
24 35
24 36
24 39
24 40
24 42
24 44
24 45
24 47
24 51
24 55
24 57
24 59
24 61
24 62
24 63
24 64
24 65
24 66
24 69
24 70
24 71
24 72
24 75
24 86
24 87
24 88
24 91
24 92
24 94
24 98
24 100
24 101
24 103
24 107
24 112
24 113
24 119
24 120
24 121
24 123
24 124
24 125
24 126
25 26
25 31
25 34
25 35
25 36
25 37
25 39
25 41
25 42
25 43
25 45
25 46
25 47
25 49
25 50
25 57
25 59
25 60
25 62
25 64
25 65
25 67
25 68
25 71
25 75
25 77
25 78
25 84
25 85
25 86
25 88
25 92
25 94
25 96
25 97
25 101
25 102
25 103
25 104
25 106
25 109
25 110
25 113
25 114
25 119
25 120
25 122
25 123
25 124
25 127
26 27
26 29
26 30
26 33
26 34
26 35
26 37
26 39
26 42
26 47
26 48
26 52
26 58
26 64
26 65
26 66
26 68
26 70
26 72
26 73
26 74
26 78
26 81
26 84
26 86
26 89
26 92
26 93
26 94
26 95
26 96
26 98
26 101
26 102
26 104
26 106
26 107
26 108
26 112
26 115
26 116
26 118
26 120
26 122
26 123
26 126
26 128
26 129
27 29
27 30
27 31
27 33
27 34
27 37
27 38
27 40
27 42
27 43
27 46
27 47
27 49
27 50
27 56
27 60
27 66
27 68
27 69
27 74
27 75
27 76
27 77
27 78
27 82
27 85
27 86
27 89
27 93
27 94
27 95
27 98
27 100
27 101
27 102
27 103
27 104
27 105
27 108
27 113
27 116
27 117
27 118
27 120
27 121
27 126
27 127
27 129
28 29
28 30
28 32
28 34
28 37
28 42
28 44
28 45
28 47
28 49
28 52
28 54
28 56
28 57
28 59
28 61
28 62
28 64
28 66
28 67
28 69
28 71
28 73
28 74
28 75
28 76
28 77
28 78
28 79
28 80
28 81
28 83
28 84
28 85
28 87
28 92
28 96
28 97
28 101
28 102
28 103
28 106
28 108
28 110
28 111
28 113
28 115
28 116
28 119
28 120
28 122
28 126
28 128
29 30
29 31
29 32
29 33
29 36
29 37
29 39
29 40
29 41
29 42
29 43
29 46
29 47
29 53
29 55
29 56
29 57
29 58
29 59
29 62
29 63
29 65
29 66
29 68
29 70
29 73
29 75
29 78
29 79
29 80
29 81
29 84
29 89
29 92
29 93
29 96
29 97
29 101
29 103
29 104
29 106
29 114
29 117
29 118
29 119
29 120
29 124
29 127
29 129
30 33
30 34
30 36
30 37
30 38
30 39
30 43
30 44
30 45
30 46
30 48
30 51
30 52
30 54
30 56
30 59
30 63
30 65
30 69
30 72
30 73
30 74
30 76
30 77
30 78
30 79
30 81
30 85
30 86
30 87
30 89
30 90
30 92
30 94
30 95
30 101
30 102
30 104
30 109
30 110
30 111
30 112
30 114
30 115
30 116
30 117
30 123
30 124
30 129
31 32
31 34
31 35
31 36
31 38
31 39
31 40
31 41
31 43
31 45
31 46
31 47
31 48
31 50
31 51
31 52
31 53
31 54
31 57
31 63
31 67
31 68
31 73
31 76
31 81
31 83
31 87
31 90
31 91
31 92
31 93
31 94
31 98
31 99
31 100
31 101
31 103
31 104
31 105
31 106
31 109
31 111
31 112
31 113
31 115
31 120
31 121
31 123
31 125
31 126
31 127
31 128
32 33
32 34
32 35
32 36
32 37
32 40
32 41
32 42
32 46
32 48
32 49
32 55
32 56
32 57
32 58
32 59
32 60
32 61
32 64
32 66
32 72
32 73
32 76
32 79
32 80
32 82
32 83
32 90
32 91
32 92
32 94
32 100
32 101
32 102
32 105
32 106
32 109
32 112
32 113
32 114
32 115
32 116
32 121
32 124
32 127
33 36
33 37
33 39
33 40
33 43
33 47
33 53
33 55
33 57
33 58
33 59
33 60
33 61
33 62
33 64
33 72
33 73
33 74
33 75
33 76
33 77
33 80
33 82
33 83
33 84
33 86
33 88
33 89
33 92
33 94
33 99
33 104
33 106
33 108
33 112
33 114
33 119
33 123
33 124
33 127
34 37
34 38
34 41
34 42
34 44
34 45
34 48
34 49
34 50
34 51
34 53
34 54
34 56
34 57
34 59
34 60
34 61
34 62
34 63
34 65
34 71
34 72
34 73
34 75
34 76
34 80
34 82
34 83
34 86
34 90
34 91
34 92
34 93
34 94
34 97
34 99
34 100
34 104
34 105
34 109
34 110
34 114
34 117
34 118
34 119
34 120
34 125
34 127
34 128
34 129
35 37
35 38
35 43
35 44
35 45
35 54
35 55
35 56
35 57
35 59
35 63
35 64
35 68
35 70
35 75
35 76
35 77
35 80
35 81
35 84
35 86
35 88
35 89
35 90
35 91
35 95
35 96
35 97
35 99
35 102
35 103
35 106
35 107
35 108
35 109
35 110
35 111
35 112
35 115
35 116
35 117
35 119
35 121
35 122
35 123
35 125
35 127
35 129
36 37
36 38
36 42
36 44
36 48
36 49
36 50
36 55
36 57
36 58
36 60
36 63
36 69
36 71
36 72
36 75
36 76
36 77
36 79
36 81
36 82
36 83
36 89
36 90
36 91
36 92
36 93
36 95
36 97
36 98
36 99
36 103
36 104
36 106
36 111
36 113
36 114
36 116
36 118
36 121
36 122
36 123
36 124
36 126
36 127
37 39
37 41
37 45
37 50
37 54
37 55
37 59
37 60
37 62
37 65
37 66
37 67
37 70
37 71
37 72
37 73
37 76
37 81
37 82
37 86
37 87
37 89
37 91
37 92
37 94
37 96
37 101
37 103
37 105
37 107
37 108
37 110
37 113
37 114
37 115
37 116
37 119
37 120
37 122
37 123
37 124
37 126
37 127
37 128
37 129
38 41
38 42
38 43
38 44
38 46
38 51
38 52
38 53
38 54
38 55
38 56
38 58
38 61
38 62
38 63
38 64
38 65
38 66
38 67
38 68
38 69
38 70
38 71
38 72
38 74
38 75
38 76
38 77
38 78
38 81
38 82
38 87
38 93
38 95
38 96
38 100
38 105
38 107
38 109
38 110
38 112
38 113
38 114
38 115
38 116
38 117
38 118
38 121
38 124
38 127
38 128
38 129
39 43
39 47
39 48
39 52
39 54
39 55
39 57
39 60
39 64
39 65
39 66
39 68
39 69
39 70
39 71
39 72
39 76
39 77
39 78
39 79
39 80
39 81
39 84
39 85
39 88
39 89
39 90
39 92
39 95
39 99
39 101
39 103
39 105
39 107
39 109
39 110
39 111
39 112
39 113
39 114
39 115
39 116
39 119
39 121
39 125
39 128
39 129
40 42
40 43
40 44
40 45
40 46
40 49
40 50
40 51
40 54
40 57
40 60
40 61
40 62
40 63
40 64
40 66
40 67
40 68
40 70
40 71
40 75
40 76
40 78
40 82
40 83
40 84
40 91
40 92
40 94
40 101
40 102
40 104
40 106
40 109
40 110
40 111
40 114
40 115
40 116
40 121
40 122
41 44
41 46
41 48
41 49
41 51
41 56
41 57
41 59
41 60
41 61
41 63
41 64
41 65
41 66
41 68
41 69
41 70
41 72
41 73
41 74
41 75
41 76
41 79
41 81
41 82
41 83
41 84
41 90
41 91
41 94
41 97
41 98
41 101
41 103
41 104
41 106
41 107
41 110
41 111
41 112
41 115
41 117
41 118
41 119
41 121
41 123
41 124
41 125
41 127
41 128
41 129
42 43
42 46
42 47
42 48
42 49
42 50
42 53
42 55
42 58
42 62
42 63
42 65
42 67
42 68
42 72
42 73
42 74
42 76
42 83
42 84
42 85
42 87
42 88
42 91
42 93
42 94
42 95
42 99
42 101
42 102
42 106
42 107
42 110
42 115
42 116
42 124
42 125
42 126
42 129
43 44
43 45
43 46
43 49
43 51
43 52
43 54
43 56
43 63
43 64
43 65
43 66
43 68
43 72
43 74
43 75
43 76
43 78
43 81
43 82
43 86
43 87
43 88
43 92
43 94
43 97
43 98
43 101
43 102
43 103
43 104
43 107
43 108
43 109
43 113
43 115
43 116
43 118
43 120
43 121
43 124
43 127
43 128
43 129
44 46
44 47
44 49
44 50
44 51
44 52
44 53
44 54
44 59
44 60
44 61
44 63
44 65
44 66
44 67
44 70
44 71
44 73
44 74
44 76
44 78
44 79
44 80
44 81
44 83
44 88
44 90
44 92
44 94
44 100
44 101
44 102
44 105
44 107
44 113
44 114
44 115
44 118
44 120
44 122
44 125
44 126
44 128
45 46
45 48
45 49
45 55
45 56
45 58
45 59
45 61
45 62
45 63
45 65
45 67
45 68
45 70
45 73
45 76
45 78
45 79
45 81
45 87
45 88
45 91
45 92
45 94
45 95
45 100
45 101
45 105
45 106
45 107
45 108
45 109
45 110
45 111
45 112
45 115
45 118
45 119
45 121
45 123
45 124
45 126
45 127
45 129
46 50
46 51
46 52
46 56
46 57
46 59
46 60
46 61
46 62
46 65
46 67
46 69
46 72
46 75
46 78
46 79
46 80
46 81
46 83
46 84
46 85
46 86
46 88
46 89
46 92
46 93
46 94
46 95
46 98
46 99
46 100
46 102
46 103
46 104
46 105
46 107
46 109
46 110
46 111
46 112
46 113
46 115
46 116
46 117
46 118
46 119
46 121
46 122
46 128
46 129
47 49
47 51
47 52
47 54
47 55
47 58
47 63
47 65
47 66
47 69
47 70
47 71
47 72
47 75
47 77
47 78
47 79
47 80
47 83
47 84
47 86
47 87
47 88
47 89
47 90
47 91
47 94
47 97
47 100
47 101
47 103
47 105
47 115
47 117
47 118
47 119
47 123
47 124
47 128
48 50
48 51
48 52
48 54
48 56
48 57
48 59
48 62
48 65
48 66
48 69
48 71
48 75
48 76
48 77
48 84
48 86
48 87
48 88
48 89
48 90
48 92
48 93
48 94
48 95
48 98
48 104
48 105
48 107
48 111
48 113
48 116
48 118
48 119
48 122
48 123
48 126
48 127
48 129
49 50
49 51
49 52
49 53
49 57
49 58
49 59
49 65
49 66
49 68
49 69
49 71
49 72
49 74
49 76
49 77
49 78
49 79
49 80
49 81
49 82
49 83
49 84
49 85
49 91
49 92
49 93
49 95
49 96
49 98
49 100
49 101
49 102
49 104
49 106
49 107
49 109
49 112
49 113
49 114
49 116
49 117
49 118
49 122
49 125
49 126
50 51
50 52
50 55
50 57
50 58
50 59
50 60
50 61
50 63
50 65
50 70
50 71
50 72
50 73
50 75
50 78
50 79
50 80
50 82
50 83
50 88
50 90
50 91
50 98
50 99
50 102
50 105
50 107
50 108
50 109
50 110
50 113
50 117
50 122
50 123
50 124
50 127
50 129
51 52
51 54
51 56
51 57
51 60
51 63
51 65
51 70
51 71
51 77
51 78
51 87
51 88
51 90
51 92
51 93
51 94
51 97
51 99
51 101
51 102
51 105
51 108
51 109
51 111
51 115
51 117
51 118
51 128
51 129
52 54
52 57
52 60
52 61
52 62
52 63
52 64
52 65
52 66
52 68
52 69
52 70
52 71
52 72
52 74
52 76
52 77
52 82
52 83
52 89
52 90
52 91
52 92
52 94
52 95
52 96
52 97
52 98
52 100
52 101
52 102
52 103
52 104
52 105
52 106
52 110
52 113
52 114
52 116
52 117
52 122
52 125
53 55
53 60
53 64
53 66
53 67
53 69
53 72
53 73
53 74
53 76
53 77
53 79
53 80
53 81
53 82
53 83
53 84
53 86
53 87
53 90
53 92
53 94
53 98
53 99
53 105
53 106
53 112
53 113
53 115
53 117
53 120
53 121
53 122
53 123
53 127
53 129
54 57
54 63
54 65
54 69
54 73
54 74
54 77
54 78
54 81
54 83
54 86
54 88
54 90
54 92
54 93
54 96
54 98
54 99
54 101
54 102
54 103
54 104
54 105
54 106
54 107
54 108
54 109
54 110
54 111
54 112
54 114
54 115
54 116
54 117
54 120
54 122
54 123
54 124
54 126
54 127
54 129
55 56
55 60
55 62
55 64
55 65
55 66
55 68
55 69
55 72
55 73
55 78
55 80
55 82
55 86
55 90
55 92
55 94
55 97
55 99
55 102
55 103
55 108
55 109
55 111
55 112
55 113
55 116
55 120
55 125
55 126
55 128
55 129
56 57
56 58
56 61
56 64
56 68
56 71
56 72
56 74
56 75
56 76
56 77
56 79
56 80
56 83
56 87
56 92
56 93
56 96
56 98
56 99
56 101
56 102
56 103
56 107
56 113
56 122
56 126
56 127
56 128
57 58
57 62
57 63
57 65
57 66
57 67
57 68
57 69
57 73
57 75
57 76
57 77
57 79
57 80
57 81
57 82
57 84
57 85
57 87
57 88
57 90
57 91
57 93
57 95
57 96
57 98
57 100
57 104
57 105
57 106
57 108
57 109
57 110
57 112
57 113
57 116
57 117
57 118
57 122
57 123
57 124
57 127
57 129
58 59
58 61
58 62
58 64
58 67
58 68
58 69
58 70
58 71
58 74
58 75
58 76
58 80
58 82
58 83
58 87
58 88
58 90
58 92
58 93
58 98
58 99
58 100
58 103
58 104
58 108
58 109
58 110
58 111
58 112
58 114
58 119
58 120
58 122
58 124
58 125
58 128
58 129
59 63
59 65
59 66
59 70
59 71
59 78
59 80
59 81
59 83
59 85
59 87
59 94
59 96
59 98
59 99
59 100
59 102
59 103
59 104
59 105
59 106
59 108
59 111
59 112
59 114
59 115
59 117
59 120
59 121
59 122
59 125
59 128
60 61
60 64
60 66
60 67
60 70
60 72
60 75
60 76
60 79
60 82
60 83
60 84
60 85
60 86
60 89
60 90
60 91
60 92
60 97
60 100
60 102
60 104
60 105
60 106
60 107
60 108
60 110
60 112
60 114
60 115
60 118
60 120
60 121
60 122
60 124
60 125
60 128
60 129
61 62
61 64
61 65
61 67
61 70
61 72
61 73
61 74
61 75
61 79
61 81
61 83
61 84
61 86
61 87
61 88
61 91
61 93
61 95
61 96
61 98
61 99
61 100
61 101
61 103
61 106
61 107
61 108
61 111
61 112
61 113
61 118
61 119
61 123
61 124
61 127
61 128
61 129
62 63
62 64
62 65
62 67
62 68
62 69
62 70
62 72
62 73
62 76
62 81
62 83
62 84
62 87
62 89
62 90
62 93
62 95
62 98
62 99
62 100
62 107
62 108
62 109
62 111
62 112
62 113
62 114
62 116
62 117
62 118
62 119
62 123
62 124
62 126
62 129
63 64
63 65
63 66
63 69
63 71
63 75
63 76
63 77
63 78
63 79
63 80
63 81
63 83
63 85
63 89
63 90
63 91
63 93
63 95
63 97
63 102
63 103
63 104
63 106
63 107
63 108
63 110
63 111
63 112
63 114
63 116
63 117
63 120
63 121
63 122
63 125
63 126
63 127
64 65
64 66
64 67
64 70
64 74
64 75
64 77
64 78
64 80
64 81
64 84
64 86
64 87
64 88
64 89
64 90
64 91
64 92
64 95
64 96
64 97
64 98
64 99
64 101
64 102
64 105
64 106
64 113
64 115
64 116
64 117
64 120
64 123
64 124
64 128
64 129
65 66
65 67
65 68
65 69
65 70
65 72
65 77
65 79
65 81
65 83
65 86
65 87
65 89
65 93
65 94
65 97
65 104
65 105
65 106
65 107
65 108
65 110
65 111
65 113
65 114
65 119
65 121
65 122
65 125
65 129
66 68
66 69
66 72
66 76
66 77
66 83
66 84
66 85
66 86
66 90
66 91
66 95
66 96
66 101
66 106
66 107
66 109
66 110
66 111
66 112
66 113
66 115
66 120
66 121
66 122
66 123
66 124
66 125
66 126
66 127
67 68
67 69
67 72
67 73
67 81
67 84
67 85
67 86
67 88
67 91
67 92
67 93
67 95
67 96
67 104
67 107
67 113
67 115
67 117
67 123
67 126
67 127
68 71
68 75
68 76
68 77
68 79
68 80
68 81
68 82
68 84
68 85
68 87
68 91
68 92
68 94
68 95
68 98
68 100
68 101
68 102
68 104
68 106
68 108
68 110
68 111
68 112
68 114
68 116
68 117
68 118
68 119
68 120
68 122
68 125
68 129
69 70
69 71
69 72
69 73
69 74
69 75
69 78
69 79
69 80
69 81
69 82
69 87
69 89
69 91
69 94
69 98
69 99
69 102
69 103
69 104
69 105
69 107
69 108
69 110
69 111
69 112
69 113
69 115
69 116
69 117
69 123
69 124
69 126
69 128
69 129
70 71
70 72
70 76
70 78
70 79
70 80
70 82
70 84
70 85
70 90
70 92
70 93
70 96
70 97
70 99
70 102
70 104
70 107
70 108
70 110
70 112
70 113
70 114
70 117
70 118
70 120
70 121
70 122
70 124
70 125
70 126
70 127
71 72
71 77
71 79
71 80
71 82
71 84
71 88
71 89
71 90
71 93
71 95
71 98
71 99
71 101
71 109
71 110
71 111
71 112
71 113
71 116
71 118
71 120
71 121
71 125
71 126
71 128
71 129
72 75
72 76
72 77
72 78
72 79
72 80
72 84
72 87
72 90
72 94
72 95
72 96
72 98
72 101
72 102
72 103
72 104
72 108
72 109
72 111
72 112
72 113
72 114
72 117
72 120
72 122
72 129
73 75
73 77
73 78
73 80
73 81
73 83
73 84
73 85
73 86
73 87
73 89
73 91
73 92
73 93
73 95
73 96
73 98
73 99
73 100
73 101
73 103
73 104
73 106
73 107
73 114
73 116
73 117
73 118
73 124
73 125
73 127
73 128
73 129
74 76
74 77
74 79
74 81
74 82
74 83
74 84
74 85
74 89
74 93
74 95
74 96
74 102
74 104
74 106
74 109
74 111
74 113
74 114
74 115
74 116
74 117
74 122
74 125
74 126
75 76
75 79
75 80
75 81
75 82
75 83
75 84
75 85
75 87
75 89
75 90
75 91
75 92
75 93
75 94
75 98
75 101
75 102
75 103
75 105
75 106
75 109
75 110
75 111
75 112
75 113
75 118
75 119
75 121
75 123
75 124
75 126
75 127
75 128
76 77
76 78
76 79
76 80
76 84
76 85
76 86
76 87
76 90
76 93
76 95
76 97
76 98
76 99
76 100
76 104
76 107
76 113
76 114
76 117
76 118
76 119
76 121
76 126
76 128
76 129
77 78
77 79
77 83
77 84
77 85
77 89
77 90
77 93
77 94
77 95
77 98
77 99
77 103
77 108
77 109
77 115
77 118
77 122
77 123
77 124
77 125
77 126
77 127
77 129
78 81
78 86
78 88
78 89
78 91
78 92
78 93
78 94
78 95
78 99
78 101
78 108
78 111
78 112
78 113
78 114
78 115
78 121
78 126
78 127
78 128
78 129
79 80
79 81
79 87
79 88
79 89
79 95
79 96
79 98
79 99
79 101
79 103
79 105
79 106
79 107
79 108
79 109
79 114
79 115
79 116
79 117
79 118
79 119
79 121
79 122
79 124
79 125
79 126
80 81
80 86
80 87
80 88
80 92
80 93
80 95
80 97
80 102
80 104
80 109
80 112
80 116
80 117
80 118
80 119
80 120
80 122
80 123
80 124
80 125
80 126
81 82
81 83
81 85
81 87
81 90
81 93
81 95
81 96
81 98
81 100
81 103
81 104
81 105
81 107
81 108
81 109
81 110
81 111
81 112
81 114
81 116
81 117
81 118
81 119
81 121
81 123
81 125
81 128
82 83
82 84
82 87
82 88
82 89
82 91
82 92
82 94
82 95
82 96
82 97
82 98
82 100
82 101
82 104
82 106
82 110
82 111
82 114
82 116
82 117
82 118
82 119
82 120
82 124
82 127
83 84
83 86
83 89
83 90
83 91
83 92
83 94
83 95
83 96
83 100
83 105
83 108
83 114
83 115
83 119
83 120
83 121
83 122
83 126
83 129
84 87
84 88
84 90
84 91
84 92
84 94
84 95
84 97
84 98
84 100
84 101
84 103
84 106
84 108
84 109
84 110
84 111
84 112
84 113
84 114
84 115
84 116
84 120
84 122
84 123
84 126
84 127
85 86
85 89
85 94
85 97
85 101
85 102
85 104
85 106
85 107
85 110
85 111
85 114
85 117
85 120
85 122
85 123
85 125
86 90
86 91
86 94
86 98
86 100
86 101
86 102
86 104
86 107
86 108
86 109
86 110
86 113
86 114
86 115
86 116
86 117
86 123
86 124
86 129
87 91
87 93
87 95
87 97
87 98
87 99
87 101
87 102
87 103
87 104
87 105
87 107
87 110
87 111
87 112
87 113
87 114
87 115
87 118
87 119
87 123
87 127
87 129
88 89
88 90
88 91
88 94
88 95
88 97
88 98
88 99
88 102
88 103
88 113
88 114
88 115
88 116
88 117
88 118
88 119
88 120
88 122
88 124
88 125
88 128
89 91
89 96
89 98
89 99
89 103
89 104
89 107
89 108
89 109
89 110
89 111
89 112
89 113
89 116
89 117
89 118
89 119
89 120
89 125
89 127
89 128
90 91
90 92
90 94
90 102
90 104
90 106
90 107
90 108
90 110
90 113
90 115
90 116
90 117
90 118
90 119
90 120
90 121
90 122
90 124
90 125
90 128
91 92
91 93
91 94
91 95
91 99
91 100
91 101
91 102
91 104
91 106
91 108
91 113
91 118
91 119
91 120
91 121
91 122
91 124
91 125
91 126
91 128
92 95
92 96
92 98
92 101
92 103
92 106
92 108
92 110
92 112
92 113
92 115
92 116
92 117
92 118
92 119
92 120
92 124
92 126
92 127
92 128
92 129
93 97
93 98
93 99
93 103
93 106
93 107
93 114
93 116
93 118
93 120
93 121
93 123
93 125
93 126
93 127
93 129
94 96
94 97
94 98
94 99
94 101
94 103
94 104
94 106
94 112
94 115
94 117
94 118
94 119
94 122
94 123
94 124
94 127
95 96
95 98
95 101
95 102
95 103
95 105
95 107
95 108
95 110
95 112
95 113
95 118
95 120
95 124
95 127
95 128
96 97
96 99
96 100
96 102
96 103
96 105
96 111
96 113
96 114
96 115
96 117
96 118
96 119
96 122
96 126
96 129
97 98
97 101
97 104
97 105
97 106
97 109
97 110
97 113
97 114
97 115
97 116
97 120
97 123
97 124
97 125
97 126
97 128
97 129
98 99
98 102
98 103
98 104
98 110
98 114
98 116
98 117
98 119
98 120
98 122
98 124
98 125
98 128
99 100
99 104
99 105
99 106
99 109
99 112
99 115
99 118
99 119
99 122
99 126
99 127
100 105
100 106
100 109
100 111
100 113
100 114
100 117
100 118
100 119
100 120
100 122
100 124
100 126
100 127
100 129
101 102
101 104
101 105
101 106
101 110
101 112
101 113
101 114
101 115
101 116
101 118
101 119
101 120
101 122
101 124
101 128
101 129
102 103
102 104
102 107
102 110
102 111
102 112
102 113
102 118
102 120
102 122
102 123
102 124
102 125
102 126
102 129
103 109
103 111
103 112
103 113
103 115
103 116
103 117
103 118
103 120
103 127
104 110
104 111
104 112
104 114
104 115
104 116
104 117
104 119
104 120
104 121
104 124
104 125
104 126
104 127
104 129
105 106
105 107
105 108
105 110
105 111
105 112
105 113
105 118
105 120
105 121
105 122
105 123
106 108
106 111
106 112
106 113
106 114
106 115
106 117
106 118
106 119
106 120
106 121
106 123
106 124
106 127
106 128
107 109
107 112
107 119
107 120
107 121
107 122
107 124
107 125
107 126
107 127
107 129
108 109
108 110
108 114
108 116
108 120
108 123
108 125
108 126
109 111
109 112
109 114
109 116
109 118
109 119
109 122
109 125
109 128
109 129
110 112
110 113
110 114
110 115
110 117
110 127
110 128
111 113
111 116
111 118
111 119
111 120
111 121
111 123
111 125
111 127
111 129
112 113
112 116
112 117
112 118
112 121
112 124
112 126
112 127
112 129
113 121
113 122
113 124
113 125
113 129
114 115
114 116
114 117
114 118
114 119
114 120
114 121
114 122
114 124
114 125
115 116
115 117
115 123
115 128
116 117
116 119
116 121
116 123
116 124
116 128
117 118
117 120
117 121
117 123
117 127
117 128
117 129
118 119
118 123
118 124
118 125
118 127
118 129
119 120
119 123
119 126
119 127
120 121
120 122
120 125
120 128
120 129
121 129
122 124
122 128
122 129
123 125
123 126
123 128
123 129
124 126
124 127
125 126
125 127
125 128
125 129
126 127
126 129
127 128
128 129
101 98 107 99 54 120 2 128 82 33 20 19 43 83 55 100 71 85 27 95 87 81 111 42 69 52
88 46 61 32 11 26 16 106 125 117 109 21 40 129 122 75 123 28 22 73 86 103 51 1 78 57
64 12 72 65 49 67 7 70 62 23 84 4 93 66 37 112 47 8 29 76 80 127 34 89 116 41
90 60 113 3 74 58 53 96 102 105 18 50 15 17 9 6 92 91 63 68 45 77 31 119 94 48
104 24 79 115 30 13 35 126 121 14 39 5 25 108 38 10 114 124 44 0 36 118 56 97 110 59
