130
2572
22
0 1
0 3
0 5
0 8
0 13
0 16
0 21
0 22
0 24
0 27
0 28
0 31
0 32
0 33
0 34
0 35
0 44
0 45
0 46
0 53
0 54
0 72
0 76
0 78
0 81
0 82
0 87
0 88
0 90
0 92
0 93
0 100
0 102
0 104
0 109
0 110
0 113
0 115
0 117
0 128
1 3
1 10
1 16
1 25
1 29
1 38
1 44
1 47
1 49
1 50
1 57
1 66
1 67
1 76
1 77
1 78
1 79
1 80
1 82
1 87
1 90
1 92
1 96
1 99
1 102
1 103
1 109
1 110
1 112
1 113
1 121
1 124
2 18
2 20
2 24
2 30
2 34
2 36
2 37
2 38
2 41
2 42
2 43
2 44
2 47
2 51
2 53
2 59
2 62
2 65
2 68
2 69
2 74
2 76
2 82
2 84
2 92
2 96
2 102
2 106
2 107
2 108
2 109
2 111
2 115
2 116
2 118
2 120
2 124
2 127
2 129
3 4
3 5
3 11
3 19
3 20
3 22
3 26
3 30
3 32
3 35
3 36
3 38
3 44
3 50
3 51
3 58
3 59
3 60
3 64
3 68
3 69
3 72
3 74
3 80
3 88
3 89
3 92
3 95
3 96
3 101
3 105
3 106
3 123
3 124
3 125
3 126
4 6
4 7
4 12
4 13
4 16
4 18
4 20
4 21
4 23
4 29
4 33
4 36
4 40
4 45
4 46
4 49
4 52
4 53
4 56
4 58
4 60
4 61
4 62
4 65
4 66
4 69
4 71
4 72
4 76
4 81
4 83
4 89
4 94
4 96
4 105
4 110
4 116
4 117
4 122
4 126
4 127
4 128
4 129
5 8
5 10
5 13
5 16
5 19
5 33
5 35
5 39
5 41
5 42
5 49
5 54
5 56
5 57
5 60
5 63
5 64
5 68
5 74
5 75
5 76
5 77
5 89
5 90
5 91
5 94
5 95
5 97
5 100
5 102
5 107
5 111
5 114
5 115
5 116
5 120
5 123
5 125
5 128
6 7
6 10
6 13
6 17
6 21
6 26
6 34
6 35
6 39
6 40
6 43
6 49
6 54
6 56
6 59
6 60
6 61
6 65
6 68
6 69
6 71
6 75
6 83
6 88
6 90
6 93
6 94
6 95
6 99
6 112
6 126
6 127
6 128
6 129
7 8
7 11
7 12
7 16
7 17
7 18
7 22
7 24
7 30
7 34
7 37
7 39
7 45
7 50
7 54
7 56
7 57
7 65
7 66
7 68
7 74
7 76
7 77
7 79
7 81
7 87
7 88
7 89
7 92
7 93
7 94
7 98
7 101
7 103
7 116
7 117
7 118
7 121
7 122
7 124
7 127
8 12
8 13
8 18
8 27
8 28
8 29
8 31
8 40
8 44
8 46
8 47
8 49
8 52
8 57
8 59
8 60
8 63
8 75
8 79
8 82
8 83
8 87
8 89
8 92
8 94
8 97
8 101
8 108
8 111
8 119
8 123
9 10
9 13
9 14
9 15
9 19
9 20
9 22
9 25
9 27
9 28
9 30
9 33
9 45
9 46
9 48
9 51
9 57
9 58
9 66
9 67
9 75
9 76
9 78
9 80
9 82
9 85
9 87
9 88
9 90
9 92
9 94
9 96
9 103
9 110
9 113
9 119
9 120
9 122
9 123
9 125
10 13
10 24
10 29
10 33
10 37
10 42
10 51
10 56
10 57
10 61
10 64
10 65
10 66
10 67
10 72
10 73
10 76
10 83
10 87
10 89
10 91
10 93
10 95
10 100
10 101
10 105
10 110
10 113
10 115
10 117
10 118
10 119
10 125
10 128
11 12
11 15
11 16
11 17
11 20
11 23
11 26
11 33
11 35
11 36
11 37
11 40
11 41
11 45
11 46
11 48
11 53
11 56
11 57
11 64
11 68
11 73
11 75
11 76
11 79
11 81
11 82
11 89
11 93
11 95
11 96
11 97
11 98
11 105
11 111
11 113
11 115
11 120
11 124
11 125
12 14
12 16
12 17
12 18
12 19
12 22
12 23
12 26
12 27
12 29
12 30
12 40
12 50
12 51
12 53
12 57
12 65
12 69
12 71
12 78
12 80
12 81
12 85
12 86
12 103
12 104
12 105
12 108
12 111
12 115
12 116
12 117
12 118
12 120
12 124
12 126
12 129
13 18
13 24
13 25
13 34
13 39
13 42
13 46
13 47
13 53
13 54
13 55
13 59
13 68
13 75
13 78
13 80
13 84
13 93
13 94
13 95
13 97
13 98
13 100
13 101
13 108
13 109
13 119
13 122
13 123
13 124
13 125
14 17
14 18
14 23
14 26
14 27
14 28
14 31
14 40
14 43
14 44
14 45
14 50
14 53
14 56
14 57
14 67
14 69
14 70
14 72
14 75
14 76
14 78
14 79
14 81
14 85
14 93
14 95
14 99
14 100
14 105
14 107
14 110
14 113
14 119
14 127
14 129
15 19
15 20
15 23
15 28
15 38
15 39
15 41
15 42
15 44
15 45
15 46
15 61
15 64
15 66
15 67
15 68
15 76
15 78
15 82
15 83
15 89
15 94
15 99
15 100
15 110
15 112
15 115
15 122
15 123
15 124
15 125
15 126
16 19
16 22
16 25
16 26
16 30
16 33
16 35
16 38
16 43
16 48
16 50
16 51
16 58
16 59
16 63
16 67
16 75
16 77
16 78
16 81
16 88
16 89
16 96
16 99
16 100
16 101
16 102
16 107
16 110
16 111
16 112
16 113
16 114
16 119
16 120
16 126
16 129
17 22
17 23
17 31
17 32
17 36
17 37
17 39
17 41
17 44
17 45
17 50
17 52
17 54
17 56
17 59
17 62
17 63
17 66
17 75
17 81
17 84
17 87
17 93
17 94
17 96
17 99
17 101
17 106
17 107
17 109
17 110
17 112
17 119
17 120
17 123
17 127
17 129
18 22
18 23
18 25
18 29
18 30
18 33
18 37
18 38
18 46
18 47
18 60
18 61
18 62
18 63
18 65
18 67
18 69
18 76
18 84
18 93
18 96
18 99
18 112
18 115
18 116
18 119
18 120
18 121
18 123
18 127
18 128
18 129
19 21
19 22
19 24
19 25
19 26
19 28
19 29
19 31
19 34
19 37
19 40
19 43
19 46
19 47
19 48
19 51
19 54
19 59
19 62
19 70
19 80
19 82
19 85
19 86
19 88
19 92
19 95
19 100
19 101
19 104
19 107
19 114
19 121
19 123
19 124
20 25
20 29
20 33
20 35
20 37
20 38
20 41
20 43
20 45
20 46
20 48
20 50
20 53
20 57
20 63
20 67
20 69
20 72
20 75
20 76
20 81
20 86
20 88
20 89
20 93
20 96
20 101
20 102
20 106
20 111
20 114
20 120
20 124
20 125
21 22
21 23
21 25
21 31
21 37
21 39
21 42
21 44
21 45
21 51
21 54
21 55
21 56
21 71
21 74
21 80
21 81
21 84
21 89
21 92
21 95
21 101
21 106
21 110
21 111
21 115
21 120
21 123
21 125
21 126
22 24
22 26
22 29
22 31
22 36
22 42
22 43
22 44
22 46
22 50
22 56
22 58
22 65
22 70
22 72
22 75
22 82
22 92
22 95
22 96
22 99
22 102
22 108
22 116
22 118
23 24
23 25
23 28
23 30
23 34
23 36
23 39
23 40
23 41
23 43
23 45
23 56
23 58
23 60
23 61
23 62
23 64
23 65
23 68
23 72
23 75
23 79
23 82
23 83
23 87
23 88
23 89
23 90
23 91
23 92
23 95
23 96
23 99
23 103
23 104
23 105
23 106
23 107
23 113
23 115
23 117
23 119
23 121
23 128
23 129
24 27
24 28
24 31
24 32
24 33
24 41
24 43
24 49
24 56
24 57
24 64
24 65
24 69
24 73
24 79
24 86
24 90
24 92
24 97
24 98
24 102
24 103
24 104
24 108
24 115
24 116
24 121
25 28
25 30
25 33
25 35
25 36
25 38
25 45
25 47
25 48
25 52
25 53
25 54
25 58
25 59
25 63
25 64
25 68
25 73
25 82
25 84
25 87
25 92
25 94
25 95
25 97
25 102
25 105
25 108
25 109
25 110
25 116
25 122
25 126
25 127
26 28
26 29
26 30
26 31
26 35
26 40
26 42
26 44
26 47
26 50
26 52
26 58
26 59
26 60
26 61
26 64
26 68
26 70
26 72
26 76
26 77
26 79
26 84
26 86
26 88
26 90
26 91
26 92
26 101
26 102
26 107
26 112
26 114
26 122
26 123
26 129
27 28
27 31
27 38
27 40
27 43
27 44
27 46
27 50
27 51
27 53
27 55
27 57
27 60
27 63
27 66
27 67
27 69
27 71
27 76
27 79
27 88
27 95
27 101
27 106
27 109
27 114
27 120
27 121
27 122
27 126
27 127
28 32
28 33
28 35
28 36
28 37
28 38
28 40
28 43
28 47
28 49
28 57
28 59
28 61
28 72
28 78
28 80
28 83
28 84
28 85
28 88
28 89
28 92
28 98
28 100
28 109
28 111
28 112
28 119
28 121
28 124
28 125
28 126
28 129
29 33
29 35
29 39
29 45
29 50
29 61
29 65
29 67
29 68
29 69
29 74
29 75
29 80
29 82
29 85
29 88
29 92
29 93
29 95
29 102
29 104
29 107
29 108
29 111
29 112
29 113
29 114
29 116
29 119
29 122
29 126
30 38
30 40
30 43
30 44
30 45
30 46
30 48
30 50
30 51
30 52
30 55
30 56
30 59
30 65
30 66
30 68
30 71
30 83
30 84
30 92
30 96
30 99
30 103
30 105
30 112
30 115
30 117
30 119
30 126
31 33
31 34
31 39
31 41
31 42
31 43
31 56
31 60
31 62
31 65
31 66
31 67
31 69
31 70
31 72
31 74
31 76
31 77
31 81
31 85
31 87
31 89
31 90
31 91
31 94
31 96
31 98
31 99
31 101
31 105
31 109
31 114
31 118
31 123
31 124
31 125
31 126
31 127
31 128
32 33
32 35
32 38
32 39
32 41
32 42
32 47
32 50
32 54
32 55
32 56
32 57
32 58
32 63
32 64
32 66
32 67
32 74
32 78
32 81
32 82
32 89
32 93
32 95
32 96
32 106
32 111
32 113
32 121
32 124
32 127
32 128
33 36
33 38
33 39
33 41
33 42
33 44
33 45
33 47
33 53
33 55
33 58
33 59
33 63
33 64
33 65
33 66
33 67
33 73
33 75
33 79
33 80
33 82
33 89
33 92
33 95
33 96
33 104
33 106
33 107
33 114
33 115
33 118
33 122
33 126
33 127
33 129
34 40
34 41
34 44
34 45
34 46
34 49
34 50
34 58
34 60
34 63
34 64
34 67
34 69
34 70
34 74
34 76
34 78
34 81
34 82
34 90
34 94
34 98
34 102
34 105
34 106
34 108
34 109
34 116
34 117
34 118
34 119
34 121
34 123
34 125
34 126
35 39
35 40
35 44
35 47
35 51
35 52
35 54
35 56
35 59
35 60
35 66
35 67
35 71
35 73
35 75
35 78
35 82
35 85
35 87
35 90
35 91
35 92
35 93
35 94
35 95
35 100
35 102
35 111
35 115
35 116
35 118
35 119
35 127
36 37
36 43
36 45
36 46
36 47
36 57
36 58
36 60
36 65
36 66
36 74
36 75
36 77
36 82
36 83
36 87
36 89
36 96
36 98
36 99
36 100
36 101
36 102
36 105
36 108
36 111
36 112
36 118
36 120
36 121
36 122
36 128
36 129
37 45
37 46
37 47
37 48
37 50
37 53
37 56
37 61
37 63
37 64
37 68
37 71
37 73
37 74
37 76
37 80
37 83
37 88
37 95
37 97
37 99
37 105
37 112
37 115
37 118
37 120
37 121
37 124
37 127
38 43
38 46
38 52
38 62
38 68
38 69
38 70
38 72
38 78
38 80
38 82
38 87
38 91
38 92
38 96
38 102
38 103
38 104
38 111
38 113
38 116
38 117
38 122
39 41
39 43
39 46
39 47
39 48
39 51
39 54
39 57
39 58
39 61
39 64
39 66
39 69
39 72
39 73
39 76
39 78
39 79
39 84
39 87
39 95
39 98
39 100
39 102
39 103
39 104
39 105
39 106
39 109
39 112
39 114
39 121
39 122
40 41
40 47
40 56
40 63
40 65
40 69
40 79
40 80
40 83
40 84
40 85
40 86
40 89
40 90
40 92
40 106
40 107
40 108
40 109
40 112
40 113
40 116
40 129
41 43
41 44
41 49
41 50
41 55
41 62
41 64
41 68
41 70
41 71
41 75
41 76
41 80
41 81
41 84
41 88
41 90
41 91
41 93
41 96
41 98
41 99
41 102
41 106
41 107
41 113
41 114
41 116
41 117
41 120
41 122
41 124
41 129
42 43
42 46
42 51
42 52
42 53
42 54
42 58
42 67
42 69
42 71
42 74
42 75
42 78
42 82
42 86
42 90
42 91
42 95
42 99
42 103
42 106
42 107
42 108
42 109
42 112
42 113
42 114
42 115
42 118
42 124
42 126
42 128
43 44
43 46
43 54
43 55
43 57
43 61
43 63
43 65
43 66
43 69
43 71
43 75
43 77
43 80
43 89
43 90
43 91
43 95
43 97
43 113
43 115
43 116
43 119
43 120
43 125
44 48
44 53
44 55
44 56
44 57
44 60
44 61
44 62
44 68
44 69
44 73
44 74
44 75
44 76
44 80
44 87
44 88
44 90
44 94
44 95
44 106
44 107
44 108
44 109
44 111
44 114
44 119
44 122
44 123
44 126
45 48
45 49
45 52
45 61
45 64
45 65
45 71
45 73
45 75
45 79
45 80
45 81
45 82
45 85
45 89
45 90
45 91
45 94
45 95
45 99
45 102
45 103
45 105
45 121
45 122
46 59
46 60
46 61
46 62
46 64
46 80
46 81
46 95
46 96
46 105
46 109
46 114
46 115
46 116
46 118
46 125
47 51
47 52
47 55
47 58
47 60
47 61
47 69
47 73
47 75
47 76
47 77
47 80
47 84
47 87
47 98
47 101
47 102
47 110
47 115
47 122
47 126
47 129
48 50
48 51
48 53
48 54
48 60
48 62
48 66
48 70
48 71
48 72
48 78
48 79
48 91
48 95
48 98
48 100
48 107
48 108
48 113
48 115
48 117
48 119
48 120
48 121
48 125
49 50
49 53
49 56
49 61
49 70
49 71
49 76
49 78
49 84
49 85
49 90
49 93
49 98
49 100
49 101
49 104
49 106
49 107
49 108
49 111
49 116
49 120
49 122
49 123
49 126
50 52
50 53
50 56
50 57
50 62
50 63
50 68
50 74
50 78
50 79
50 80
50 81
50 84
50 85
50 86
50 88
50 89
50 90
50 97
50 106
50 109
50 112
50 117
50 122
50 127
50 128
50 129
51 55
51 56
51 68
51 71
51 77
51 78
51 79
51 80
51 81
51 83
51 84
51 93
51 99
51 100
51 101
51 103
51 104
51 105
51 108
51 111
51 113
51 114
51 115
51 118
51 125
51 126
52 53
52 55
52 56
52 57
52 65
52 67
52 69
52 72
52 74
52 75
52 76
52 80
52 81
52 83
52 86
52 88
52 89
52 90
52 92
52 100
52 102
52 104
52 107
52 115
52 117
52 119
52 122
53 58
53 59
53 64
53 67
53 68
53 70
53 74
53 77
53 78
53 81
53 84
53 85
53 86
53 89
53 92
53 95
53 97
53 101
53 105
53 113
53 114
53 117
53 119
53 125
53 127
54 64
54 72
54 74
54 75
54 76
54 86
54 88
54 93
54 97
54 98
54 99
54 100
54 101
54 103
54 105
54 120
54 123
54 127
55 58
55 63
55 64
55 71
55 77
55 79
55 86
55 89
55 90
55 92
55 99
55 105
55 107
55 114
55 116
55 117
55 119
55 120
55 121
55 123
55 124
55 125
55 128
55 129
56 61
56 64
56 67
56 77
56 80
56 81
56 82
56 83
56 87
56 91
56 92
56 93
56 94
56 101
56 106
56 108
56 115
56 117
56 126
56 129
57 60
57 61
57 63
57 65
57 69
57 72
57 73
57 74
57 80
57 83
57 85
57 90
57 97
57 103
57 111
57 114
57 115
57 121
57 123
57 124
57 125
57 129
58 59
58 62
58 63
58 64
58 65
58 68
58 70
58 71
58 76
58 83
58 89
58 96
58 97
58 99
58 102
58 103
58 104
58 106
58 110
58 113
58 114
58 117
58 118
58 121
58 122
58 127
59 60
59 61
59 62
59 71
59 73
59 76
59 96
59 99
59 100
59 104
59 107
59 108
59 111
59 114
59 116
59 117
59 125
60 63
60 65
60 72
60 74
60 77
60 81
60 83
60 88
60 92
60 93
60 95
60 98
60 100
60 103
60 105
60 107
60 110
60 111
60 112
60 113
60 119
61 64
61 66
61 70
61 73
61 81
61 86
61 90
61 91
61 93
61 94
61 96
61 98
61 100
61 102
61 103
61 105
61 116
61 120
62 63
62 64
62 73
62 78
62 83
62 84
62 89
62 101
62 102
62 103
62 104
62 105
62 109
62 124
63 64
63 67
63 72
63 85
63 88
63 94
63 97
63 98
63 99
63 110
63 121
63 122
63 123
63 128
64 65
64 69
64 74
64 86
64 88
64 89
64 91
64 93
64 96
64 101
64 102
64 104
64 106
64 108
64 109
64 112
64 113
64 114
64 116
64 120
64 124
64 125
64 128
65 67
65 68
65 73
65 74
65 78
65 79
65 80
65 81
65 82
65 86
65 89
65 91
65 92
65 93
65 94
65 96
65 102
65 106
65 107
65 108
65 111
65 116
65 121
65 122
65 127
65 128
66 69
66 73
66 78
66 80
66 84
66 86
66 87
66 88
66 96
66 99
66 101
66 102
66 106
66 109
66 123
66 124
66 125
66 128
66 129
67 74
67 82
67 85
67 89
67 90
67 98
67 99
67 100
67 101
67 102
67 105
67 106
67 107
67 108
67 112
67 115
67 116
67 118
67 119
67 121
67 127
67 128
68 72
68 73
68 74
68 75
68 83
68 84
68 88
68 90
68 91
68 93
68 94
68 96
68 100
68 102
68 103
68 106
68 109
68 110
68 112
68 113
68 116
68 117
68 118
68 121
68 123
68 128
69 82
69 85
69 92
69 94
69 95
69 99
69 101
69 106
69 107
69 116
69 118
69 119
69 123
69 124
69 125
70 71
70 76
70 77
70 85
70 90
70 94
70 98
70 107
70 118
70 124
70 127
71 73
71 75
71 79
71 85
71 92
71 94
71 100
71 105
71 106
71 108
71 110
71 114
71 115
71 118
71 121
71 122
71 123
71 126
71 129
72 73
72 76
72 79
72 82
72 83
72 86
72 88
72 92
72 102
72 106
72 110
72 111
72 116
72 120
72 121
72 123
72 128
73 75
73 76
73 77
73 78
73 79
73 83
73 95
73 99
73 100
73 104
73 106
73 108
73 111
73 112
73 114
73 121
73 129
74 75
74 76
74 81
74 84
74 87
74 94
74 95
74 96
74 99
74 100
74 110
74 113
74 115
74 117
74 118
74 125
74 126
75 78
75 83
75 97
75 101
75 103
75 105
75 106
75 107
75 112
75 113
75 115
75 117
75 118
75 120
75 121
75 122
75 123
75 124
75 125
75 127
75 129
76 82
76 83
76 86
76 88
76 90
76 91
76 95
76 97
76 107
76 111
76 113
76 116
76 119
76 121
76 122
76 129
77 78
77 80
77 87
77 88
77 94
77 95
77 96
77 100
77 104
77 107
77 108
77 112
77 121
77 126
78 80
78 86
78 87
78 93
78 96
78 97
78 100
78 102
78 108
78 109
78 111
78 119
78 125
78 126
78 129
79 81
79 82
79 86
79 87
79 88
79 91
79 92
79 93
79 94
79 95
79 106
79 109
79 113
79 118
79 124
79 126
79 127
79 128
80 81
80 86
80 89
80 94
80 95
80 99
80 100
80 102
80 103
80 104
80 109
80 114
80 120
80 122
80 123
80 125
80 126
81 84
81 86
81 96
81 99
81 101
81 105
81 106
81 108
81 110
81 115
81 116
81 126
82 89
82 92
82 96
82 97
82 98
82 101
82 102
82 104
82 105
82 119
82 122
82 124
82 126
82 127
83 105
83 109
83 121
83 126
84 94
84 95
84 99
84 102
84 103
84 105
84 115
84 117
84 122
84 123
84 124
84 125
84 128
85 88
85 90
85 93
85 94
85 109
85 114
85 115
85 119
85 120
85 121
85 125
85 127
85 128
86 89
86 96
86 100
86 103
86 105
86 113
86 123
87 91
87 92
87 94
87 99
87 100
87 106
87 112
87 115
87 125
87 127
88 92
88 105
88 109
88 113
88 115
88 117
88 119
88 120
88 121
88 123
88 127
89 92
89 101
89 104
89 105
89 108
89 109
89 110
89 123
89 127
90 91
90 92
90 94
90 96
90 100
90 103
90 107
90 108
90 112
90 113
90 119
90 121
90 122
90 123
90 124
91 92
91 99
91 103
91 104
91 105
91 106
91 110
91 115
91 123
91 126
92 93
92 97
92 101
92 102
92 104
92 109
92 110
92 111
92 116
92 123
92 127
93 100
93 103
93 106
93 107
93 111
93 115
93 120
93 121
93 124
93 125
93 127
94 95
94 97
94 100
94 102
94 105
94 109
94 111
94 112
94 115
94 120
94 125
94 126
94 127
95 97
95 98
95 99
95 104
95 105
95 107
95 115
95 123
95 125
95 128
96 98
96 100
96 109
96 113
96 117
96 123
97 100
97 111
97 114
97 116
97 118
97 119
97 120
97 129
98 103
98 104
98 105
98 107
98 108
98 109
98 112
98 115
98 117
98 119
98 121
98 122
98 126
99 102
99 104
99 107
99 109
99 112
99 115
99 117
99 118
99 119
99 120
99 122
99 123
99 125
99 128
100 102
100 103
100 104
100 105
100 110
100 113
100 115
100 116
100 120
100 121
100 125
100 126
100 129
101 105
101 106
101 110
101 114
101 115
101 116
101 117
101 118
101 122
101 123
101 127
101 128
101 129
102 105
102 111
102 117
102 128
103 105
103 111
103 115
103 121
103 122
103 125
103 127
104 105
104 110
104 112
104 113
104 118
104 123
104 125
105 108
105 113
105 116
105 119
105 120
105 128
106 114
106 120
106 125
106 127
107 108
107 109
107 110
107 116
107 118
107 121
107 124
107 127
108 111
108 112
108 113
108 123
108 125
108 127
109 111
109 113
109 120
109 122
109 123
109 126
110 111
110 114
110 115
110 116
110 117
110 127
110 129
111 115
111 120
111 121
111 127
111 128
112 114
112 124
112 127
112 129
113 116
113 120
113 122
113 124
114 118
114 120
114 125
114 127
114 129
115 116
115 121
116 121
116 125
116 127
116 129
117 118
117 119
117 127
118 122
118 125
118 126
118 128
119 123
119 127
120 121
120 126
120 128
120 129
121 125
121 128
121 129
122 125
123 129
124 125
125 129
127 129
49 70 72 113 7 99
74 16 108 79 119 46
67 120 128 73 64 6
98 54 17 50 111 104
80 22 27 24 89 23
4 35 69 44 10 0
53 48 55 18 12 76
96 123 115 15 65 60
25 124 2 86 32 68
66 34 56 43 101 3
126 112 62 109 37 8
51 83 91 100 63 121
33 78 47 103 28 13
57 129 9 88 58 38
45 87 85 107 97 117
30 92 114 116 20 39
106 21 1 19 95 41
94 59 84 52 77 82
61 81 31 14 75 105
40 36 127 29 71 93
5 90 118 11 102 125
110 122 42 26
