130
815
5
0 12
0 16
0 23
0 28
0 33
0 41
0 49
0 66
0 70
0 73
0 74
0 85
0 98
0 118
1 9
1 10
1 14
1 24
1 46
1 50
1 74
1 84
1 96
1 97
1 103
1 111
1 124
2 16
2 29
2 46
2 80
2 83
2 93
2 105
2 115
2 121
3 5
3 20
3 38
3 43
3 63
3 69
3 77
3 83
3 104
3 115
3 119
3 124
3 128
4 19
4 31
4 32
4 36
4 39
4 40
4 46
4 61
4 62
4 63
4 70
4 75
4 89
4 96
4 110
4 126
5 15
5 70
5 72
5 74
5 82
5 87
5 103
5 107
5 109
6 8
6 13
6 24
6 44
6 89
6 94
6 111
6 112
6 115
6 122
6 124
7 9
7 10
7 17
7 18
7 20
7 38
7 40
7 43
7 54
7 62
7 76
7 77
7 79
7 85
7 88
7 101
7 108
7 120
7 124
8 19
8 60
8 66
8 68
8 75
8 81
8 87
8 97
8 123
8 126
9 14
9 53
9 73
9 83
9 87
9 98
9 109
9 111
9 113
10 11
10 21
10 28
10 38
10 66
10 69
10 74
10 75
10 78
10 79
10 89
10 95
10 108
10 113
10 120
10 121
11 12
11 44
11 85
11 87
11 125
12 27
12 31
12 48
12 53
12 55
12 62
12 63
12 70
12 72
12 75
12 76
12 97
12 122
13 16
13 19
13 25
13 33
13 48
13 51
13 52
13 67
13 71
13 75
13 80
13 94
13 100
14 18
14 22
14 26
14 32
14 45
14 47
14 49
14 53
14 54
14 65
14 69
14 88
14 102
14 110
14 120
14 122
15 25
15 31
15 39
15 42
15 45
15 50
15 55
15 57
15 101
15 122
16 19
16 21
16 29
16 71
16 73
16 111
16 119
17 34
17 43
17 47
17 49
17 62
17 64
17 81
17 108
17 117
18 29
18 37
18 55
18 68
18 75
18 76
18 82
18 83
18 85
18 90
18 93
18 116
19 21
19 38
19 39
19 43
19 44
19 51
19 62
19 64
19 69
19 86
19 90
19 101
19 117
19 122
20 22
20 26
20 30
20 57
20 59
20 66
20 84
20 85
20 99
20 125
21 23
21 62
21 69
21 76
21 80
21 82
21 86
21 87
21 117
22 36
22 47
22 74
22 79
22 94
22 98
22 112
22 121
22 125
23 32
23 36
23 37
23 42
23 56
23 65
23 74
23 93
23 97
23 121
24 44
24 46
24 55
24 81
24 87
24 95
24 99
24 125
25 28
25 44
25 62
25 67
25 71
25 76
25 78
25 88
25 100
25 109
25 114
25 116
25 129
26 31
26 33
26 34
26 53
26 68
26 80
26 88
26 102
26 112
26 129
27 42
27 86
27 98
27 99
27 100
27 102
27 103
27 104
27 107
27 112
27 115
27 120
28 29
28 60
28 65
28 77
28 97
28 110
29 40
29 44
29 57
29 60
29 79
29 103
29 104
29 105
29 115
29 117
29 127
30 32
30 39
30 44
30 50
30 55
30 63
30 66
30 68
30 76
30 81
30 101
30 119
30 121
31 34
31 47
31 50
31 69
31 84
31 96
31 125
32 37
32 41
32 47
32 51
32 52
32 64
32 67
32 68
32 90
32 106
32 107
32 111
32 118
33 50
33 53
33 73
33 75
33 87
33 100
33 109
33 118
33 124
34 44
34 45
34 55
34 65
34 79
34 84
34 89
34 93
34 112
34 128
35 49
35 50
35 60
35 66
35 67
35 73
35 92
35 103
35 108
35 110
35 111
35 121
36 50
36 57
36 59
36 70
36 89
36 101
36 107
36 117
37 45
37 59
37 65
37 98
37 108
37 118
38 52
38 59
38 68
38 70
38 75
38 85
38 93
38 100
38 102
38 108
38 120
39 46
39 48
39 51
39 67
39 74
39 82
39 93
39 100
39 115
39 122
40 41
40 51
40 53
40 59
40 63
40 72
40 87
40 93
40 98
40 108
41 43
41 67
41 87
41 89
41 92
41 96
41 101
41 121
41 125
42 75
42 79
42 82
42 87
42 98
42 99
42 114
42 124
43 61
43 69
43 82
43 83
43 84
43 88
43 104
43 110
43 116
43 119
44 57
44 64
44 65
44 80
44 82
44 84
44 88
44 93
44 100
44 104
44 108
44 117
45 68
45 70
45 76
45 79
45 88
45 90
45 106
45 110
45 127
46 47
46 49
46 54
46 57
46 60
46 66
46 69
46 94
46 97
46 98
46 120
46 122
47 57
47 60
47 64
47 78
47 116
47 128
48 52
48 67
48 78
48 84
48 88
48 94
48 110
48 117
48 125
49 55
49 68
49 80
49 86
49 95
49 105
49 106
49 117
49 118
49 119
49 128
50 68
50 72
50 88
50 114
50 120
51 53
51 60
51 80
51 86
51 94
51 96
51 120
51 126
52 58
52 88
52 89
52 91
52 101
52 119
53 56
53 58
53 62
53 65
53 76
53 83
53 87
53 97
53 107
53 108
53 119
53 125
53 127
53 128
54 92
54 93
54 111
55 71
55 75
55 81
55 85
55 96
55 99
56 74
56 105
57 77
57 94
57 107
57 118
57 121
58 64
58 65
58 82
58 84
58 89
58 96
58 100
58 111
58 120
58 125
59 73
59 83
59 84
59 87
59 95
59 103
59 118
59 127
60 74
60 85
60 99
60 118
61 73
61 77
61 84
61 85
61 86
61 101
61 102
61 123
62 78
62 89
62 127
63 79
63 80
63 98
63 120
63 122
63 127
64 81
64 88
64 101
64 103
64 108
64 116
65 67
65 94
65 114
65 119
66 67
66 69
66 73
66 83
66 94
66 97
66 107
66 119
66 122
66 125
67 95
67 116
67 127
68 79
68 91
68 105
68 118
68 121
69 108
69 109
69 113
70 94
70 110
70 120
71 125
72 82
72 83
72 122
72 126
73 75
73 80
73 81
73 87
73 91
73 93
73 99
73 106
73 117
73 120
74 78
74 80
74 90
74 92
74 104
74 116
74 123
75 91
75 102
75 120
75 125
76 77
76 86
76 87
76 91
76 98
76 103
76 105
76 115
76 118
76 123
76 125
77 91
77 93
77 103
77 122
77 129
78 79
78 84
78 104
78 110
78 115
78 124
79 81
79 88
79 98
79 103
79 111
79 119
79 120
79 122
80 91
80 99
80 100
80 106
80 114
80 120
81 86
81 91
81 95
81 97
81 100
81 124
82 93
82 125
82 127
83 98
83 106
83 108
83 122
83 126
83 127
84 105
85 99
85 104
85 106
85 107
86 88
86 97
86 116
87 101
87 128
87 129
88 97
88 118
88 119
89 110
90 95
90 98
90 116
91 117
91 125
91 129
92 126
93 102
93 105
93 108
93 112
94 109
94 118
95 111
95 119
95 123
96 115
97 103
97 104
97 115
97 119
97 123
98 104
98 105
98 107
98 112
98 114
99 104
99 114
99 123
100 110
100 120
101 117
102 104
102 114
103 108
103 118
103 127
105 116
105 117
106 110
106 112
106 122
106 126
107 115
107 128
109 120
110 112
110 113
111 117
111 122
112 117
112 121
112 122
113 122
113 123
113 126
114 115
116 119
116 120
116 122
116 126
116 127
118 120
119 128
120 125
121 123
121 129
122 127
127 128
69 114 119 92 70 46 11 56 1 102 5 68 98 10 80 63 123 22 120 117 39 15 61 53 83 121
25 105 73 118 99 74 79 113 28 75 84 16 72 8 32 17 6 49 76 51 50 54 35 58 128 36
47 7 71 21 52 2 122 40 81 0 4 125 87 43 57 103 89 9 88 34 109 101 29 95 27 85
59 33 104 124 94 100 41 112 24 19 30 18 67 23 20 60 12 65 42 93 66 45 116 64 129 110
38 77 3 26 97 14 31 55 37 90 108 82 106 13 44 96 78 107 126 48 62 127 91 86 115 111
