130
1675
5
0 1
0 6
0 15
0 22
0 24
0 27
0 28
0 32
0 33
0 34
0 35
0 46
0 49
0 52
0 62
0 63
0 64
0 67
0 78
0 80
0 81
0 90
0 91
0 97
0 102
0 108
0 109
0 112
0 128
0 129
1 11
1 12
1 14
1 15
1 18
1 23
1 52
1 53
1 62
1 69
1 70
1 71
1 72
1 82
1 83
1 84
1 86
1 88
1 89
1 91
1 106
1 107
1 109
1 116
1 129
2 6
2 15
2 22
2 26
2 29
2 39
2 41
2 43
2 44
2 48
2 49
2 51
2 61
2 64
2 68
2 70
2 74
2 76
2 79
2 103
2 109
2 115
2 117
2 122
2 123
2 125
2 128
2 129
3 5
3 10
3 16
3 23
3 25
3 26
3 27
3 29
3 30
3 33
3 50
3 61
3 66
3 68
3 71
3 74
3 83
3 84
3 85
3 92
3 95
3 96
3 97
3 104
3 105
3 114
3 121
3 124
3 127
3 128
3 129
4 9
4 13
4 14
4 18
4 20
4 21
4 24
4 30
4 35
4 42
4 45
4 50
4 55
4 72
4 74
4 82
4 90
4 98
4 99
4 101
4 108
4 119
5 11
5 15
5 26
5 33
5 37
5 38
5 42
5 49
5 57
5 62
5 65
5 69
5 74
5 79
5 86
5 89
5 93
5 102
5 103
5 106
5 109
5 115
5 120
5 126
6 9
6 10
6 21
6 24
6 30
6 34
6 39
6 45
6 46
6 53
6 55
6 58
6 65
6 66
6 67
6 68
6 70
6 72
6 74
6 75
6 79
6 80
6 82
6 83
6 90
6 100
6 101
6 102
6 103
6 105
6 107
6 108
6 111
6 112
6 113
6 114
6 116
7 13
7 17
7 20
7 25
7 28
7 32
7 35
7 36
7 41
7 50
7 51
7 68
7 73
7 76
7 85
7 90
7 93
7 98
7 100
7 105
7 107
7 109
7 115
8 16
8 20
8 28
8 31
8 40
8 41
8 43
8 50
8 58
8 72
8 75
8 76
8 80
8 81
8 86
8 90
8 99
8 100
8 111
8 116
8 124
9 11
9 25
9 26
9 31
9 33
9 42
9 48
9 65
9 66
9 71
9 84
9 89
9 93
9 96
9 100
9 104
9 123
9 125
9 126
10 14
10 17
10 21
10 34
10 41
10 48
10 55
10 58
10 66
10 67
10 85
10 89
10 92
10 93
10 95
10 109
10 117
10 121
10 124
11 20
11 21
11 23
11 28
11 33
11 34
11 35
11 44
11 46
11 57
11 60
11 63
11 65
11 67
11 68
11 69
11 70
11 73
11 77
11 84
11 85
11 92
11 100
11 102
11 105
11 112
11 116
11 126
12 14
12 17
12 23
12 28
12 36
12 40
12 41
12 50
12 53
12 61
12 62
12 64
12 67
12 71
12 75
12 76
12 78
12 81
12 86
12 110
12 111
12 116
12 120
12 128
13 14
13 17
13 19
13 29
13 33
13 45
13 49
13 50
13 57
13 59
13 61
13 63
13 64
13 68
13 71
13 72
13 74
13 79
13 80
13 81
13 82
13 84
13 98
13 106
13 124
13 125
13 128
14 19
14 21
14 27
14 29
14 33
14 51
14 53
14 57
14 63
14 64
14 69
14 72
14 73
14 74
14 89
14 106
14 117
14 118
14 126
14 128
15 16
15 18
15 34
15 35
15 43
15 55
15 56
15 58
15 63
15 66
15 70
15 71
15 73
15 85
15 86
15 87
15 95
15 101
15 109
15 110
15 114
15 116
15 117
15 119
16 20
16 35
16 40
16 44
16 75
16 81
16 86
16 88
16 93
16 99
16 102
16 108
16 116
16 120
16 128
17 18
17 19
17 21
17 27
17 39
17 40
17 43
17 45
17 47
17 48
17 49
17 56
17 62
17 66
17 88
17 92
17 93
17 94
17 105
17 107
17 118
17 120
18 21
18 29
18 30
18 31
18 36
18 57
18 67
18 69
18 76
18 80
18 83
18 96
18 104
18 109
18 115
18 123
18 127
19 20
19 24
19 30
19 33
19 34
19 39
19 41
19 47
19 49
19 65
19 67
19 70
19 71
19 84
19 95
19 97
19 100
19 101
19 114
19 119
19 122
20 27
20 28
20 31
20 43
20 44
20 49
20 52
20 55
20 59
20 63
20 65
20 66
20 69
20 76
20 77
20 80
20 84
20 85
20 86
20 87
20 92
20 94
20 96
20 97
20 100
20 104
20 105
20 111
20 114
20 121
20 124
21 25
21 30
21 38
21 41
21 53
21 68
21 88
21 90
21 97
21 101
21 104
21 107
21 115
21 120
21 124
22 32
22 46
22 53
22 54
22 55
22 60
22 64
22 66
22 67
22 77
22 101
22 105
22 106
22 107
22 110
22 111
22 115
22 117
22 119
22 120
22 129
23 26
23 27
23 28
23 29
23 32
23 35
23 36
23 46
23 49
23 57
23 62
23 64
23 65
23 79
23 86
23 92
23 96
23 97
23 101
23 103
23 110
23 117
23 121
23 123
23 125
23 127
24 32
24 37
24 46
24 50
24 55
24 61
24 62
24 73
24 78
24 86
24 94
24 98
24 105
24 110
24 112
24 123
25 27
25 29
25 36
25 43
25 49
25 51
25 57
25 58
25 59
25 61
25 68
25 75
25 76
25 77
25 86
25 87
25 88
25 89
25 94
25 99
25 109
25 118
25 119
25 125
25 128
26 27
26 33
26 34
26 37
26 40
26 43
26 54
26 56
26 64
26 67
26 68
26 75
26 76
26 78
26 83
26 86
26 87
26 88
26 91
26 94
26 95
26 96
26 97
26 98
26 110
26 113
26 115
27 28
27 31
27 43
27 48
27 58
27 60
27 65
27 66
27 67
27 71
27 72
27 77
27 89
27 90
27 98
27 103
27 105
27 113
27 115
28 30
28 35
28 43
28 44
28 47
28 53
28 57
28 59
28 73
28 77
28 78
28 80
28 87
28 91
28 94
28 96
28 99
28 124
29 31
29 34
29 42
29 74
29 78
29 79
29 81
29 93
29 95
29 97
29 99
29 101
29 105
29 110
29 115
29 121
30 31
30 40
30 42
30 43
30 47
30 50
30 71
30 72
30 77
30 80
30 81
30 83
30 84
30 87
30 91
30 98
30 101
30 104
30 109
30 115
30 125
30 129
31 33
31 35
31 44
31 46
31 65
31 66
31 69
31 80
31 83
31 88
31 95
31 96
31 102
31 106
31 123
31 126
32 34
32 46
32 52
32 57
32 68
32 74
32 82
32 87
32 96
32 98
32 103
32 106
32 112
32 119
32 124
32 127
33 34
33 38
33 46
33 50
33 53
33 60
33 65
33 87
33 108
33 113
33 124
33 126
34 38
34 49
34 56
34 65
34 66
34 67
34 68
34 72
34 82
34 88
34 95
34 96
34 104
34 125
35 43
35 48
35 50
35 56
35 59
35 62
35 69
35 73
35 79
35 82
35 93
35 95
35 98
35 109
35 117
35 120
35 126
35 127
36 37
36 39
36 45
36 47
36 51
36 52
36 60
36 61
36 62
36 76
36 77
36 81
36 83
36 86
36 90
36 93
36 105
36 109
36 111
36 112
36 113
36 119
36 123
36 127
37 39
37 43
37 45
37 49
37 54
37 57
37 60
37 63
37 67
37 77
37 78
37 86
37 88
37 91
37 98
37 104
37 109
37 111
37 112
37 119
37 120
37 123
38 42
38 44
38 45
38 46
38 52
38 54
38 58
38 60
38 61
38 73
38 83
38 85
38 98
38 109
38 112
38 113
38 114
38 117
38 121
38 126
39 43
39 57
39 60
39 91
39 92
39 94
39 101
39 105
39 106
39 108
39 110
39 116
39 125
39 126
40 42
40 55
40 56
40 61
40 64
40 69
40 71
40 72
40 74
40 84
40 92
40 94
40 98
40 102
40 105
40 108
40 116
40 118
40 124
40 125
40 128
41 44
41 53
41 55
41 61
41 64
41 65
41 75
41 78
41 79
41 87
41 89
41 94
41 100
41 106
41 111
41 114
41 116
41 129
42 48
42 52
42 57
42 72
42 73
42 77
42 78
42 85
42 87
42 95
42 113
42 117
42 118
42 121
42 126
42 127
43 44
43 56
43 57
43 60
43 63
43 65
43 68
43 75
43 80
43 81
43 82
43 86
43 87
43 100
43 108
43 111
43 112
43 124
43 125
43 126
43 129
44 47
44 67
44 68
44 71
44 73
44 78
44 81
44 83
44 89
44 94
44 95
44 100
44 102
44 106
44 116
44 118
44 123
45 53
45 62
45 65
45 68
45 83
45 87
45 89
45 90
45 109
45 112
45 118
45 123
46 47
46 65
46 71
46 91
46 107
46 110
46 112
46 115
46 121
46 124
46 127
46 129
47 50
47 54
47 64
47 65
47 73
47 77
47 79
47 80
47 87
47 88
47 92
47 94
47 104
47 107
47 110
47 111
47 115
47 116
47 117
47 124
47 125
47 129
48 51
48 53
48 60
48 62
48 65
48 67
48 71
48 81
48 89
48 93
48 95
48 103
48 106
48 110
48 112
48 114
48 117
48 119
48 121
48 122
48 125
48 126
48 127
49 50
49 59
49 66
49 68
49 73
49 74
49 77
49 86
49 104
49 109
49 113
49 117
49 118
49 121
49 122
49 129
50 52
50 57
50 58
50 60
50 67
50 70
50 75
50 78
50 79
50 84
50 89
50 93
50 100
50 102
50 105
50 119
50 121
50 123
50 124
50 125
51 52
51 60
51 66
51 76
51 78
51 83
51 86
51 87
51 91
51 99
51 100
51 102
51 103
51 106
51 107
51 110
51 111
51 123
52 55
52 70
52 74
52 82
52 96
52 99
52 100
52 103
52 108
52 129
53 56
53 57
53 58
53 63
53 66
53 75
53 76
53 81
53 87
53 90
53 95
53 96
53 106
53 115
53 118
53 125
54 55
54 64
54 71
54 73
54 75
54 99
54 113
54 121
54 124
54 128
54 129
55 57
55 59
55 63
55 66
55 68
55 69
55 70
55 77
55 80
55 86
55 96
55 106
55 112
55 113
55 114
55 118
55 120
55 121
55 122
55 127
56 59
56 61
56 62
56 65
56 66
56 69
56 71
56 72
56 73
56 74
56 81
56 82
56 89
56 94
56 98
57 60
57 61
57 66
57 73
57 76
57 78
57 80
57 88
57 97
57 102
57 104
57 108
57 114
57 117
57 122
57 124
57 128
58 61
58 62
58 67
58 75
58 77
58 78
58 86
58 89
58 92
58 98
58 107
58 111
58 114
58 116
58 125
59 66
59 80
59 81
59 84
59 86
59 101
59 104
59 112
59 113
59 128
60 66
60 67
60 72
60 77
60 82
60 83
60 90
60 98
60 100
60 101
60 102
60 103
60 112
60 114
60 115
60 122
61 65
61 66
61 67
61 69
61 70
61 77
61 78
61 79
61 89
61 90
61 91
61 94
61 96
61 98
61 99
61 101
61 105
62 66
62 68
62 81
62 84
62 87
62 92
62 93
62 98
62 99
62 100
62 114
62 115
62 117
62 124
63 69
63 86
63 91
63 92
63 93
63 94
63 99
63 101
63 112
63 116
63 119
63 123
63 126
64 65
64 70
64 73
64 75
64 78
64 79
64 82
64 94
64 97
64 101
64 105
64 110
64 113
64 119
65 66
65 77
65 90
65 92
65 93
65 102
65 103
65 108
65 111
65 121
65 125
65 128
66 67
66 78
66 89
66 90
66 112
66 114
66 116
66 118
66 123
66 126
67 89
67 90
67 106
67 111
67 115
67 117
67 128
67 129
68 69
68 75
68 77
68 88
68 98
68 102
68 104
68 113
68 126
69 78
69 83
69 85
69 86
69 89
69 90
69 95
69 103
69 105
69 123
69 125
70 71
70 74
70 79
70 82
70 93
70 94
70 99
70 103
70 106
70 108
70 114
70 121
71 74
71 78
71 79
71 87
71 90
71 92
71 95
71 99
71 102
71 104
71 106
71 109
71 111
71 117
71 120
71 128
72 77
72 80
72 84
72 86
72 87
72 91
72 94
72 103
72 115
72 125
72 127
73 81
73 91
73 94
73 95
73 99
73 100
73 102
73 113
73 119
73 125
73 128
74 85
74 98
74 103
74 104
74 105
74 109
74 113
74 116
74 120
74 123
74 126
74 128
75 77
75 78
75 80
75 81
75 86
75 93
75 108
75 113
75 114
75 118
75 119
75 126
76 80
76 81
76 86
76 87
76 99
76 102
76 106
76 116
77 83
77 84
77 87
77 97
77 102
77 116
77 126
78 79
78 85
78 92
78 100
78 111
78 113
78 119
78 123
78 128
79 80
79 82
79 86
79 87
79 98
79 99
79 106
79 111
79 124
80 86
80 87
80 91
80 97
80 100
80 102
80 103
80 104
80 109
80 115
80 116
80 119
80 120
80 121
80 123
80 126
80 127
80 128
81 101
81 103
81 129
82 88
82 94
82 96
82 99
82 101
82 106
82 109
82 112
82 125
82 128
83 86
83 88
83 90
83 96
83 98
83 105
83 106
83 109
83 116
83 125
84 104
84 111
84 113
84 117
84 119
84 120
84 122
84 123
84 125
85 91
85 95
85 97
85 99
85 108
85 113
85 122
85 128
86 89
86 104
86 110
86 115
86 123
87 91
87 94
87 97
87 107
87 119
87 127
87 129
88 95
88 97
88 98
88 111
88 118
88 122
88 123
89 90
89 103
89 106
89 107
89 109
90 94
90 95
90 101
90 103
90 107
90 109
90 111
91 94
91 100
91 103
91 107
91 109
91 113
91 114
91 117
91 123
91 124
91 128
92 97
92 101
92 103
92 108
92 124
93 98
93 103
93 110
93 127
93 129
94 97
94 99
94 109
94 115
95 99
95 101
95 102
95 103
95 109
95 110
95 112
95 114
95 116
95 121
95 123
95 126
95 129
96 104
96 107
96 114
96 123
96 128
97 98
97 100
97 105
97 111
97 118
97 119
98 100
98 102
98 103
98 104
98 107
98 112
98 113
98 115
98 117
98 118
98 119
98 120
98 126
99 100
99 101
99 110
99 112
99 118
100 125
100 128
101 104
101 105
101 109
101 113
101 114
101 116
101 122
101 125
101 126
101 129
102 110
102 123
102 127
103 104
103 110
103 111
104 108
104 115
104 117
105 106
105 109
105 120
105 123
105 124
105 125
106 108
106 109
106 114
106 119
106 120
106 127
106 128
107 113
107 114
107 115
107 121
107 124
108 115
108 120
108 121
108 127
108 129
109 115
109 116
109 119
109 121
109 122
109 127
109 128
110 111
110 116
110 117
110 120
110 129
111 112
111 122
111 129
113 114
113 115
113 121
113 123
114 116
114 117
114 118
114 120
114 121
115 126
116 117
116 121
116 124
116 126
117 125
117 126
118 120
118 121
119 124
119 125
119 127
120 124
121 123
121 125
121 127
123 127
125 128
125 129
127 129
128 129
108 34 8 107 104 64 80 29 114 111 57 106 59 61 91 83 30 98 15 115 87 66 20 78 52 10
9 21 19 44 5 36 16 53 71 117 123 124 13 22 60 37 72 0 116 50 33 93 46 6 122 68
49 86 42 128 105 25 109 51 119 118 32 62 113 97 70 79 54 75 102 76 38 14 55 24 88 103
1 58 4 126 39 40 27 110 17 82 95 85 7 56 3 77 121 31 45 41 94 43 90 11 84 100
48 73 112 125 92 28 67 35 2 18 65 12 74 127 23 47 120 96 63 69 101 81 129 26 89 99
