130
3289
5
0 1
0 3
0 4
0 8
0 10
0 11
0 12
0 13
0 14
0 18
0 19
0 21
0 22
0 25
0 26
0 31
0 39
0 40
0 42
0 44
0 45
0 47
0 48
0 51
0 54
0 55
0 58
0 60
0 61
0 62
0 64
0 66
0 68
0 69
0 71
0 72
0 74
0 77
0 78
0 80
0 81
0 83
0 84
0 89
0 90
0 97
0 102
0 103
0 104
0 105
0 109
0 113
0 116
0 119
0 122
0 124
0 125
0 126
0 128
1 2
1 4
1 5
1 10
1 13
1 14
1 16
1 17
1 24
1 25
1 28
1 29
1 31
1 32
1 35
1 36
1 41
1 45
1 46
1 49
1 52
1 53
1 54
1 60
1 65
1 69
1 71
1 73
1 79
1 85
1 86
1 88
1 89
1 90
1 91
1 93
1 95
1 99
1 110
1 111
1 112
1 117
1 119
1 123
1 124
1 125
1 127
1 128
1 129
2 6
2 12
2 13
2 14
2 16
2 19
2 23
2 24
2 25
2 27
2 28
2 29
2 40
2 41
2 44
2 50
2 52
2 54
2 58
2 60
2 62
2 65
2 67
2 68
2 70
2 71
2 73
2 75
2 77
2 78
2 79
2 81
2 82
2 85
2 87
2 90
2 94
2 97
2 100
2 114
2 115
2 116
2 118
2 119
2 125
2 127
2 129
3 5
3 8
3 9
3 10
3 11
3 13
3 22
3 24
3 28
3 30
3 33
3 37
3 39
3 42
3 46
3 50
3 52
3 53
3 54
3 58
3 59
3 60
3 61
3 67
3 68
3 75
3 76
3 77
3 79
3 83
3 84
3 85
3 87
3 88
3 89
3 92
3 94
3 95
3 96
3 100
3 101
3 108
3 109
3 116
3 119
3 120
3 122
3 124
3 127
3 128
4 8
4 9
4 10
4 12
4 13
4 14
4 15
4 16
4 18
4 20
4 21
4 24
4 26
4 28
4 30
4 31
4 32
4 37
4 38
4 42
4 44
4 48
4 54
4 56
4 57
4 60
4 64
4 70
4 71
4 73
4 75
4 78
4 84
4 85
4 90
4 93
4 97
4 107
4 108
4 110
4 113
4 116
4 117
4 118
4 119
4 120
4 122
4 123
5 7
5 11
5 12
5 14
5 17
5 18
5 19
5 20
5 21
5 27
5 29
5 34
5 35
5 37
5 38
5 42
5 45
5 47
5 48
5 49
5 53
5 55
5 57
5 58
5 59
5 60
5 61
5 67
5 69
5 71
5 73
5 82
5 83
5 84
5 87
5 90
5 91
5 95
5 97
5 98
5 99
5 101
5 103
5 106
5 109
5 110
5 111
5 118
5 125
5 128
5 129
6 8
6 10
6 13
6 17
6 18
6 22
6 23
6 29
6 33
6 37
6 38
6 40
6 47
6 49
6 50
6 52
6 58
6 59
6 60
6 64
6 68
6 73
6 77
6 79
6 81
6 85
6 89
6 90
6 93
6 95
6 99
6 100
6 102
6 103
6 106
6 107
6 117
6 119
6 120
6 122
6 125
6 127
7 8
7 10
7 11
7 12
7 14
7 16
7 17
7 18
7 21
7 23
7 29
7 30
7 32
7 36
7 38
7 43
7 44
7 45
7 48
7 51
7 53
7 54
7 55
7 57
7 58
7 61
7 65
7 73
7 76
7 82
7 85
7 87
7 90
7 94
7 98
7 101
7 102
7 104
7 106
7 107
7 109
7 114
7 117
7 121
7 122
7 123
7 125
7 126
7 127
7 128
8 10
8 12
8 16
8 18
8 19
8 20
8 22
8 23
8 24
8 25
8 27
8 28
8 30
8 32
8 33
8 38
8 44
8 46
8 48
8 52
8 62
8 63
8 64
8 66
8 68
8 73
8 74
8 77
8 78
8 79
8 80
8 81
8 86
8 91
8 93
8 94
8 95
8 100
8 102
8 103
8 111
8 114
8 115
8 120
8 122
8 124
9 10
9 11
9 16
9 17
9 18
9 19
9 21
9 22
9 26
9 27
9 36
9 43
9 44
9 48
9 49
9 65
9 68
9 69
9 74
9 77
9 81
9 82
9 83
9 86
9 87
9 93
9 94
9 95
9 97
9 99
9 100
9 102
9 105
9 106
9 111
9 112
9 113
9 116
9 122
9 127
9 128
9 129
10 13
10 14
10 21
10 22
10 24
10 28
10 29
10 30
10 33
10 39
10 43
10 51
10 56
10 63
10 66
10 67
10 68
10 69
10 70
10 72
10 73
10 75
10 79
10 81
10 82
10 83
10 85
10 89
10 99
10 102
10 108
10 113
10 114
10 115
10 116
10 117
10 119
10 123
10 124
11 14
11 15
11 17
11 18
11 20
11 21
11 22
11 23
11 29
11 30
11 35
11 36
11 38
11 41
11 43
11 45
11 46
11 49
11 50
11 51
11 54
11 55
11 56
11 59
11 62
11 65
11 68
11 71
11 72
11 75
11 77
11 78
11 79
11 84
11 85
11 86
11 88
11 89
11 90
11 91
11 95
11 97
11 99
11 102
11 107
11 111
11 112
11 116
11 119
11 120
11 128
11 129
12 13
12 15
12 16
12 17
12 19
12 21
12 22
12 23
12 24
12 26
12 27
12 33
12 34
12 35
12 36
12 44
12 46
12 48
12 51
12 54
12 58
12 59
12 62
12 68
12 70
12 72
12 73
12 74
12 76
12 77
12 79
12 80
12 82
12 90
12 92
12 94
12 97
12 99
12 100
12 102
12 104
12 108
12 109
12 111
12 115
12 117
12 119
12 121
12 125
13 15
13 16
13 18
13 20
13 23
13 26
13 27
13 28
13 33
13 36
13 37
13 42
13 43
13 44
13 47
13 51
13 54
13 55
13 56
13 57
13 59
13 61
13 63
13 65
13 66
13 67
13 69
13 70
13 75
13 76
13 78
13 80
13 83
13 84
13 88
13 96
13 97
13 99
13 100
13 102
13 104
13 105
13 106
13 108
13 111
13 115
13 119
13 122
13 124
13 125
13 126
14 17
14 21
14 28
14 30
14 33
14 35
14 37
14 38
14 39
14 40
14 41
14 42
14 44
14 47
14 50
14 54
14 56
14 57
14 59
14 62
14 68
14 73
14 74
14 77
14 80
14 81
14 83
14 86
14 87
14 99
14 109
14 111
14 117
14 121
14 122
14 123
14 124
14 127
15 20
15 23
15 24
15 31
15 33
15 35
15 38
15 40
15 41
15 42
15 44
15 45
15 47
15 48
15 50
15 51
15 52
15 53
15 58
15 63
15 64
15 68
15 70
15 72
15 73
15 75
15 78
15 86
15 87
15 88
15 90
15 91
15 94
15 98
15 101
15 103
15 106
15 108
15 111
15 117
15 121
15 122
15 123
15 124
16 18
16 21
16 22
16 23
16 26
16 27
16 28
16 32
16 37
16 38
16 42
16 48
16 49
16 50
16 58
16 64
16 65
16 66
16 69
16 72
16 73
16 74
16 75
16 78
16 81
16 82
16 83
16 87
16 91
16 94
16 95
16 99
16 103
16 105
16 109
16 111
16 114
16 116
16 120
16 121
16 124
16 127
16 129
17 20
17 21
17 23
17 25
17 29
17 32
17 35
17 36
17 47
17 51
17 53
17 55
17 59
17 60
17 65
17 70
17 72
17 74
17 75
17 85
17 88
17 89
17 90
17 91
17 92
17 94
17 95
17 96
17 97
17 98
17 99
17 108
17 113
17 117
17 118
17 119
17 121
17 123
17 127
18 19
18 20
18 22
18 23
18 24
18 26
18 29
18 30
18 34
18 35
18 36
18 37
18 40
18 41
18 44
18 46
18 48
18 49
18 59
18 61
18 63
18 64
18 73
18 74
18 80
18 81
18 83
18 84
18 88
18 90
18 91
18 92
18 94
18 99
18 100
18 101
18 103
18 112
18 122
18 123
18 124
19 20
19 21
19 22
19 23
19 24
19 30
19 34
19 36
19 37
19 41
19 46
19 48
19 51
19 52
19 53
19 54
19 59
19 60
19 64
19 65
19 71
19 73
19 76
19 80
19 83
19 86
19 88
19 89
19 90
19 92
19 94
19 96
19 98
19 103
19 105
19 106
19 109
19 114
19 115
19 117
19 119
19 121
19 125
19 128
20 21
20 23
20 26
20 27
20 32
20 38
20 40
20 49
20 50
20 57
20 60
20 61
20 62
20 65
20 67
20 69
20 70
20 75
20 77
20 80
20 82
20 85
20 87
20 88
20 89
20 90
20 91
20 92
20 96
20 98
20 101
20 108
20 109
20 112
20 114
20 116
20 117
20 120
20 121
20 124
20 125
20 126
20 127
21 23
21 26
21 33
21 38
21 41
21 42
21 43
21 46
21 47
21 48
21 51
21 55
21 57
21 58
21 61
21 62
21 64
21 65
21 66
21 68
21 70
21 72
21 74
21 75
21 76
21 77
21 79
21 84
21 85
21 88
21 92
21 96
21 99
21 101
21 102
21 109
21 111
21 117
21 120
21 121
21 129
22 23
22 24
22 25
22 26
22 28
22 33
22 34
22 35
22 37
22 38
22 41
22 43
22 45
22 46
22 48
22 49
22 52
22 53
22 54
22 60
22 61
22 62
22 63
22 64
22 66
22 67
22 68
22 72
22 73
22 74
22 78
22 82
22 90
22 91
22 93
22 94
22 99
22 106
22 112
22 118
22 120
22 121
22 123
22 126
22 127
23 24
23 27
23 34
23 41
23 43
23 44
23 45
23 48
23 52
23 53
23 61
23 62
23 64
23 68
23 69
23 75
23 78
23 83
23 88
23 89
23 95
23 96
23 98
23 99
23 100
23 104
23 105
23 108
23 109
23 112
23 113
23 117
23 118
23 119
23 121
23 122
23 123
23 124
23 125
23 126
24 25
24 26
24 27
24 29
24 30
24 32
24 38
24 43
24 45
24 51
24 60
24 61
24 69
24 70
24 72
24 75
24 76
24 79
24 80
24 85
24 92
24 95
24 96
24 97
24 99
24 107
24 108
24 111
24 115
24 116
24 118
24 122
24 125
24 127
24 128
25 28
25 31
25 36
25 37
25 39
25 40
25 42
25 45
25 47
25 48
25 57
25 60
25 61
25 62
25 63
25 70
25 73
25 75
25 80
25 81
25 83
25 85
25 87
25 88
25 89
25 90
25 93
25 97
25 101
25 105
25 106
25 107
25 109
25 111
25 112
25 113
25 114
25 121
25 124
25 126
25 128
26 27
26 28
26 29
26 33
26 35
26 36
26 37
26 45
26 48
26 49
26 52
26 53
26 55
26 57
26 58
26 66
26 70
26 71
26 72
26 73
26 75
26 76
26 78
26 81
26 82
26 86
26 91
26 97
26 98
26 99
26 105
26 107
26 109
26 110
26 113
26 114
26 118
26 119
26 120
26 121
26 123
26 125
27 29
27 33
27 36
27 37
27 38
27 40
27 41
27 48
27 49
27 52
27 53
27 55
27 61
27 63
27 66
27 73
27 76
27 78
27 79
27 83
27 86
27 89
27 92
27 93
27 95
27 98
27 99
27 101
27 103
27 104
27 108
27 112
27 115
27 116
27 117
27 119
27 121
27 122
28 31
28 35
28 36
28 37
28 38
28 39
28 40
28 41
28 42
28 43
28 44
28 45
28 50
28 52
28 54
28 57
28 61
28 62
28 63
28 64
28 65
28 67
28 68
28 76
28 78
28 79
28 81
28 82
28 83
28 85
28 86
28 90
28 93
28 94
28 96
28 97
28 99
28 105
28 107
28 108
28 110
28 114
28 116
28 122
28 123
28 125
29 30
29 32
29 34
29 41
29 43
29 48
29 50
29 53
29 57
29 60
29 61
29 62
29 65
29 67
29 70
29 72
29 73
29 75
29 77
29 81
29 82
29 83
29 85
29 86
29 87
29 90
29 93
29 95
29 102
29 103
29 104
29 105
29 108
29 114
29 117
29 120
30 31
30 35
30 39
30 43
30 44
30 45
30 46
30 47
30 50
30 52
30 53
30 56
30 59
30 60
30 64
30 65
30 66
30 68
30 72
30 73
30 77
30 78
30 79
30 82
30 83
30 86
30 90
30 91
30 92
30 94
30 97
30 101
30 105
30 107
30 108
30 110
30 114
30 117
30 121
30 123
30 124
30 125
30 126
30 127
30 128
31 34
31 37
31 38
31 41
31 42
31 43
31 46
31 50
31 53
31 54
31 59
31 65
31 70
31 76
31 78
31 79
31 81
31 86
31 89
31 90
31 91
31 92
31 95
31 103
31 104
31 106
31 110
31 111
31 117
31 118
31 119
31 120
31 121
31 122
31 123
31 124
31 129
32 33
32 37
32 40
32 44
32 46
32 52
32 54
32 59
32 60
32 65
32 66
32 68
32 69
32 70
32 71
32 73
32 75
32 77
32 79
32 83
32 91
32 100
32 103
32 104
32 105
32 109
32 110
32 113
32 114
32 115
32 116
32 118
32 120
32 122
32 123
32 124
32 126
32 129
33 34
33 35
33 37
33 39
33 40
33 41
33 47
33 48
33 55
33 58
33 60
33 62
33 63
33 68
33 69
33 70
33 74
33 75
33 77
33 80
33 81
33 83
33 86
33 92
33 94
33 96
33 98
33 100
33 103
33 104
33 106
33 114
33 116
33 120
33 122
33 124
33 125
34 40
34 48
34 52
34 53
34 54
34 55
34 59
34 60
34 63
34 65
34 66
34 69
34 71
34 74
34 79
34 80
34 81
34 87
34 90
34 94
34 101
34 107
34 109
34 110
34 118
34 119
34 123
34 125
35 41
35 43
35 44
35 53
35 55
35 56
35 64
35 67
35 71
35 73
35 76
35 77
35 78
35 79
35 82
35 84
35 85
35 86
35 93
35 95
35 96
35 101
35 102
35 104
35 110
35 114
35 115
35 118
35 119
35 120
35 121
35 122
35 123
35 126
36 37
36 38
36 39
36 45
36 48
36 52
36 54
36 57
36 58
36 60
36 61
36 63
36 64
36 65
36 66
36 70
36 74
36 76
36 78
36 79
36 81
36 83
36 86
36 95
36 97
36 100
36 102
36 103
36 104
36 106
36 108
36 109
36 112
36 117
36 120
36 121
36 123
36 125
36 128
37 40
37 44
37 45
37 46
37 51
37 56
37 59
37 60
37 65
37 66
37 71
37 75
37 76
37 79
37 85
37 86
37 93
37 94
37 102
37 108
37 110
37 112
37 113
37 117
37 118
37 125
38 39
38 50
38 52
38 53
38 59
38 60
38 62
38 67
38 70
38 74
38 83
38 85
38 86
38 87
38 90
38 91
38 93
38 94
38 95
38 100
38 101
38 102
38 103
38 104
38 106
38 109
38 111
38 112
38 114
38 118
38 119
38 121
38 122
38 123
38 126
39 40
39 43
39 45
39 49
39 55
39 56
39 58
39 59
39 60
39 67
39 68
39 69
39 71
39 74
39 75
39 79
39 80
39 84
39 93
39 94
39 95
39 97
39 98
39 99
39 100
39 102
39 106
39 110
39 111
39 112
39 113
39 124
39 126
39 127
40 41
40 44
40 45
40 49
40 50
40 56
40 57
40 58
40 62
40 63
40 64
40 66
40 70
40 71
40 74
40 76
40 78
40 81
40 82
40 87
40 90
40 91
40 94
40 96
40 97
40 98
40 100
40 103
40 109
40 112
40 113
40 116
40 120
40 121
40 124
40 126
40 127
41 42
41 44
41 45
41 47
41 48
41 49
41 50
41 54
41 55
41 58
41 59
41 64
41 67
41 68
41 72
41 73
41 79
41 81
41 83
41 85
41 87
41 88
41 92
41 93
41 95
41 96
41 101
41 102
41 105
41 106
41 109
41 111
41 114
41 115
41 116
41 120
41 122
41 125
41 126
41 127
41 128
42 48
42 55
42 56
42 58
42 61
42 62
42 63
42 69
42 72
42 73
42 75
42 76
42 77
42 78
42 80
42 81
42 82
42 84
42 85
42 90
42 91
42 94
42 102
42 110
42 111
42 112
42 113
42 114
42 115
42 116
42 118
42 123
42 124
42 126
42 127
43 45
43 52
43 53
43 55
43 56
43 57
43 59
43 60
43 62
43 63
43 64
43 67
43 72
43 76
43 79
43 82
43 85
43 93
43 94
43 95
43 96
43 98
43 101
43 102
43 103
43 106
43 107
43 109
43 111
43 113
43 115
43 116
43 117
43 118
43 121
43 122
43 127
44 48
44 49
44 54
44 55
44 57
44 59
44 60
44 65
44 66
44 71
44 72
44 74
44 75
44 80
44 82
44 83
44 86
44 87
44 88
44 91
44 96
44 100
44 106
44 108
44 111
44 113
44 117
44 118
44 122
44 124
44 128
45 51
45 52
45 57
45 59
45 60
45 61
45 65
45 67
45 69
45 71
45 72
45 74
45 78
45 80
45 81
45 84
45 91
45 97
45 98
45 99
45 103
45 105
45 108
45 110
45 117
45 118
45 120
45 123
45 124
45 129
46 47
46 49
46 50
46 52
46 55
46 59
46 60
46 61
46 63
46 64
46 65
46 66
46 68
46 69
46 72
46 73
46 75
46 80
46 81
46 84
46 87
46 88
46 90
46 93
46 95
46 105
46 107
46 111
46 113
46 117
46 118
46 120
46 121
46 122
46 124
46 126
46 127
47 52
47 53
47 54
47 55
47 57
47 58
47 66
47 67
47 68
47 69
47 72
47 73
47 74
47 76
47 80
47 83
47 87
47 91
47 93
47 94
47 99
47 101
47 105
47 106
47 109
47 112
47 116
47 124
47 125
48 50
48 53
48 54
48 58
48 59
48 61
48 62
48 67
48 69
48 70
48 73
48 76
48 77
48 78
48 81
48 84
48 89
48 90
48 93
48 94
48 95
48 96
48 98
48 99
48 106
48 107
48 108
48 109
48 114
48 116
48 119
48 120
48 129
49 52
49 56
49 58
49 59
49 61
49 62
49 66
49 69
49 73
49 76
49 83
49 87
49 89
49 90
49 91
49 92
49 95
49 96
49 99
49 101
49 102
49 104
49 107
49 108
49 110
49 113
49 114
49 116
49 117
49 119
49 122
49 124
49 128
50 51
50 52
50 55
50 56
50 57
50 58
50 61
50 64
50 65
50 66
50 68
50 77
50 78
50 81
50 84
50 85
50 87
50 89
50 90
50 91
50 96
50 97
50 98
50 100
50 104
50 105
50 107
50 108
50 111
50 114
50 115
50 116
50 118
50 120
50 123
50 125
50 128
51 59
51 61
51 63
51 74
51 75
51 76
51 78
51 79
51 82
51 83
51 87
51 89
51 92
51 94
51 95
51 100
51 103
51 106
51 110
51 115
51 118
51 120
51 121
51 123
51 124
51 127
51 128
51 129
52 53
52 55
52 58
52 61
52 65
52 68
52 70
52 73
52 77
52 78
52 83
52 88
52 89
52 91
52 93
52 94
52 97
52 99
52 105
52 106
52 109
52 110
52 111
52 115
52 116
52 119
52 121
52 123
52 124
52 126
52 128
53 54
53 55
53 58
53 60
53 61
53 70
53 71
53 72
53 74
53 76
53 80
53 82
53 87
53 88
53 90
53 96
53 98
53 100
53 103
53 106
53 108
53 111
53 112
53 113
53 114
53 115
53 118
53 119
53 120
53 122
53 123
53 124
53 129
54 55
54 56
54 57
54 61
54 62
54 65
54 67
54 68
54 70
54 71
54 72
54 76
54 80
54 83
54 84
54 85
54 87
54 91
54 93
54 96
54 101
54 105
54 107
54 108
54 111
54 114
54 118
54 119
54 121
54 123
54 126
54 128
55 57
55 58
55 62
55 65
55 67
55 69
55 72
55 74
55 76
55 77
55 87
55 88
55 91
55 92
55 93
55 94
55 98
55 101
55 102
55 103
55 105
55 108
55 109
55 110
55 117
55 120
55 122
55 123
55 124
55 127
55 129
56 57
56 59
56 63
56 64
56 66
56 71
56 73
56 74
56 76
56 77
56 82
56 83
56 85
56 86
56 91
56 97
56 102
56 103
56 105
56 108
56 109
56 110
56 113
56 116
56 118
56 119
56 120
56 123
56 128
57 58
57 60
57 62
57 63
57 66
57 84
57 87
57 88
57 90
57 94
57 101
57 104
57 106
57 107
57 108
57 111
57 113
57 114
57 117
57 119
57 120
57 125
57 127
57 128
58 59
58 61
58 63
58 70
58 76
58 77
58 80
58 82
58 83
58 86
58 90
58 91
58 92
58 93
58 95
58 97
58 98
58 100
58 101
58 110
58 114
58 116
58 119
58 123
58 125
58 128
59 61
59 62
59 66
59 70
59 71
59 74
59 77
59 79
59 83
59 86
59 90
59 91
59 92
59 93
59 94
59 96
59 99
59 101
59 102
59 109
59 114
59 115
59 117
59 119
59 120
59 126
59 127
59 129
60 62
60 64
60 65
60 67
60 69
60 72
60 73
60 75
60 76
60 77
60 78
60 79
60 83
60 88
60 90
60 91
60 92
60 94
60 99
60 104
60 109
60 110
60 113
60 115
60 116
60 120
60 122
60 126
61 63
61 66
61 67
61 69
61 73
61 76
61 77
61 81
61 83
61 84
61 85
61 87
61 88
61 92
61 93
61 105
61 107
61 108
61 109
61 110
61 113
61 117
61 120
61 127
61 128
62 64
62 67
62 68
62 69
62 70
62 73
62 74
62 77
62 79
62 80
62 83
62 84
62 86
62 87
62 89
62 91
62 100
62 101
62 109
62 110
62 117
62 119
62 120
62 121
62 122
62 123
62 128
63 64
63 70
63 71
63 74
63 75
63 76
63 77
63 81
63 84
63 85
63 89
63 90
63 91
63 92
63 97
63 98
63 99
63 101
63 103
63 108
63 111
63 116
63 117
63 121
63 126
63 129
64 65
64 66
64 69
64 70
64 73
64 74
64 81
64 85
64 91
64 96
64 97
64 99
64 107
64 108
64 110
64 113
64 114
64 117
64 118
64 120
64 123
64 124
64 125
64 128
65 66
65 69
65 73
65 76
65 83
65 85
65 86
65 87
65 91
65 95
65 98
65 102
65 103
65 105
65 107
65 111
65 114
65 116
65 119
65 122
65 124
65 126
66 67
66 68
66 69
66 71
66 72
66 74
66 75
66 86
66 88
66 90
66 91
66 92
66 93
66 94
66 95
66 99
66 100
66 103
66 104
66 106
66 111
66 112
66 118
66 121
66 125
66 126
66 127
66 129
67 68
67 71
67 72
67 75
67 78
67 87
67 91
67 92
67 93
67 95
67 98
67 101
67 103
67 107
67 108
67 109
67 111
67 112
67 114
67 117
67 120
67 123
67 125
67 127
68 70
68 71
68 72
68 74
68 75
68 76
68 77
68 79
68 84
68 85
68 87
68 90
68 91
68 92
68 93
68 95
68 96
68 99
68 113
68 118
68 120
68 121
68 125
68 126
68 128
69 70
69 71
69 73
69 74
69 76
69 78
69 79
69 82
69 86
69 88
69 89
69 90
69 91
69 92
69 93
69 95
69 98
69 102
69 103
69 107
69 108
69 109
69 111
69 112
69 113
69 116
69 118
69 119
69 120
69 121
69 126
69 128
70 71
70 72
70 74
70 77
70 78
70 81
70 82
70 83
70 85
70 90
70 93
70 99
70 101
70 102
70 103
70 104
70 105
70 106
70 108
70 110
70 111
70 112
70 113
70 117
70 118
70 119
70 122
70 123
70 124
70 128
71 72
71 75
71 76
71 78
71 80
71 81
71 82
71 83
71 87
71 88
71 91
71 92
71 93
71 94
71 98
71 99
71 101
71 105
71 108
71 119
71 123
71 125
71 126
71 127
72 73
72 76
72 77
72 79
72 82
72 83
72 85
72 88
72 90
72 92
72 93
72 96
72 99
72 101
72 105
72 106
72 111
72 112
72 115
72 119
72 120
72 122
72 123
72 124
72 126
72 128
72 129
73 74
73 84
73 85
73 91
73 92
73 94
73 98
73 102
73 104
73 105
73 108
73 112
73 117
73 121
73 122
73 128
74 78
74 83
74 86
74 90
74 92
74 100
74 101
74 102
74 104
74 107
74 113
74 120
74 121
74 125
74 129
75 76
75 79
75 81
75 92
75 95
75 96
75 100
75 103
75 109
75 112
75 113
75 114
75 116
75 117
75 118
75 123
75 124
75 126
75 128
76 78
76 79
76 82
76 83
76 85
76 90
76 92
76 94
76 99
76 102
76 105
76 109
76 111
76 112
76 115
76 123
76 124
76 126
76 127
76 128
76 129
77 84
77 86
77 87
77 89
77 93
77 94
77 95
77 96
77 99
77 100
77 102
77 104
77 105
77 106
77 107
77 110
77 114
77 115
77 116
77 117
77 119
77 122
77 124
77 125
77 129
78 79
78 80
78 81
78 83
78 84
78 87
78 88
78 94
78 96
78 98
78 100
78 101
78 104
78 108
78 111
78 112
78 121
78 124
78 128
79 82
79 85
79 86
79 88
79 90
79 93
79 97
79 100
79 106
79 115
79 121
79 123
79 124
79 125
79 127
80 84
80 86
80 87
80 94
80 99
80 103
80 104
80 105
80 106
80 108
80 111
80 112
80 113
80 118
80 119
80 120
80 121
80 122
80 123
80 126
80 127
81 82
81 84
81 87
81 88
81 89
81 95
81 98
81 102
81 103
81 105
81 108
81 109
81 110
81 115
81 117
81 118
81 119
81 122
81 123
81 126
81 127
81 128
81 129
82 85
82 86
82 87
82 89
82 90
82 92
82 93
82 100
82 103
82 106
82 110
82 114
82 118
82 119
82 122
82 123
82 124
82 125
82 127
82 128
83 89
83 90
83 92
83 93
83 95
83 97
83 99
83 100
83 103
83 104
83 107
83 111
83 114
83 115
83 116
83 118
83 119
83 120
83 126
83 129
84 86
84 89
84 91
84 92
84 93
84 94
84 99
84 102
84 104
84 108
84 109
84 111
84 112
84 115
84 116
84 117
84 118
84 120
84 121
84 122
84 123
84 124
85 87
85 89
85 90
85 91
85 93
85 95
85 96
85 97
85 99
85 101
85 103
85 112
85 113
85 114
85 115
85 118
85 119
85 121
85 122
85 125
86 89
86 92
86 93
86 94
86 100
86 102
86 104
86 105
86 107
86 108
86 112
86 113
86 115
86 117
86 119
86 123
86 127
86 129
87 89
87 90
87 92
87 94
87 96
87 100
87 103
87 105
87 107
87 111
87 114
87 117
87 121
87 122
87 126
88 91
88 93
88 98
88 99
88 100
88 101
88 103
88 104
88 105
88 106
88 113
88 115
88 121
88 123
88 124
88 128
88 129
89 90
89 91
89 95
89 97
89 101
89 102
89 104
89 106
89 107
89 109
89 111
89 114
89 115
89 117
89 118
89 121
89 122
89 123
89 125
89 126
89 127
90 92
90 95
90 98
90 99
90 103
90 104
90 105
90 109
90 110
90 113
90 115
90 116
90 117
90 118
90 120
90 123
90 124
90 125
90 129
91 93
91 99
91 103
91 104
91 107
91 111
91 117
91 120
91 124
92 93
92 101
92 102
92 107
92 108
92 109
92 111
92 112
92 118
92 119
92 124
92 126
92 127
92 129
93 95
93 96
93 98
93 99
93 105
93 107
93 109
93 113
93 117
93 121
93 122
93 127
93 129
94 99
94 100
94 106
94 108
94 110
94 114
94 118
94 120
94 122
94 124
94 126
94 127
94 128
95 98
95 100
95 101
95 102
95 103
95 108
95 110
95 111
95 116
95 118
95 119
95 121
95 125
95 126
96 99
96 103
96 105
96 106
96 108
96 112
96 113
96 114
96 115
96 116
96 117
96 118
96 120
96 125
96 127
97 98
97 102
97 106
97 108
97 109
97 111
97 113
97 114
97 115
97 118
97 119
97 121
97 123
97 126
97 127
98 109
98 114
98 118
98 127
99 103
99 109
99 110
99 111
99 117
99 118
99 122
99 124
99 126
100 101
100 102
100 103
100 105
100 106
100 107
100 109
100 114
100 120
100 123
101 104
101 108
101 112
101 114
101 115
101 117
101 119
101 123
101 124
101 125
101 126
101 127
102 106
102 109
102 110
102 115
102 121
102 125
102 128
103 105
103 108
103 112
103 113
103 114
103 115
103 116
103 122
103 123
103 124
103 125
103 126
104 109
104 112
104 116
104 117
104 120
104 122
104 123
104 124
104 126
105 117
105 119
105 122
105 123
105 126
105 127
106 107
106 108
106 112
106 113
106 114
106 121
106 122
106 123
106 124
106 125
107 108
107 112
107 116
107 119
107 121
107 129
108 110
108 114
108 115
108 116
108 122
108 123
108 125
108 126
108 129
109 111
109 112
109 113
109 117
109 118
109 119
109 121
109 122
109 125
109 126
109 129
110 111
110 114
110 117
110 119
110 121
110 125
110 126
111 114
111 115
111 117
111 119
111 121
111 124
111 127
111 128
112 113
112 116
112 117
112 125
112 128
112 129
113 116
113 122
113 123
113 124
113 127
113 128
113 129
114 117
114 122
114 123
114 129
115 118
115 119
115 126
115 127
116 119
116 122
116 123
116 127
116 128
116 129
117 125
117 128
118 120
118 121
118 123
118 125
118 129
119 121
119 123
119 125
119 127
119 128
120 122
120 125
120 126
120 128
121 124
121 128
121 129
122 124
122 125
122 126
122 127
122 128
122 129
123 126
123 129
124 125
124 126
124 127
124 129
125 128
126 128
126 129
128 129
3 66 41 7 102 89 104 47 9 42 4 5 6 63 15 50 115 10 78 32 28 71 59 65 114 105 113 70 61 38 57 58
82 54 27 34 24 80 46 125 52 119 73 26 36 12 83 101 21 99 1 13 84 20 117 88 96 103 121 22 11 31 33 118
122 37 30 120 98 44 74 77 110 87 92 85 48 91 56 45 17 62 2 95 19 123 64 76 25 40 0 127 93 109 51 86
35 112 97 72 94 53 68 23 81 49 55 14 128 39 90 43 111 18 69 16 124 116 129 79 100 8 108 107 29 67 75 106
126 60
