130
1750
10
0 2
0 16
0 19
0 20
0 21
0 22
0 32
0 40
0 45
0 53
0 63
0 71
0 73
0 80
0 88
0 91
0 96
0 110
0 116
1 2
1 4
1 10
1 12
1 14
1 16
1 17
1 20
1 27
1 37
1 43
1 45
1 46
1 51
1 54
1 61
1 64
1 68
1 69
1 71
1 79
1 80
1 93
1 97
1 100
1 118
1 119
2 14
2 27
2 34
2 35
2 38
2 43
2 59
2 64
2 66
2 70
2 73
2 75
2 78
2 87
2 91
2 95
2 96
2 104
2 106
2 107
2 119
2 123
2 124
3 5
3 6
3 14
3 15
3 17
3 19
3 24
3 31
3 32
3 34
3 35
3 36
3 37
3 40
3 43
3 51
3 54
3 63
3 66
3 67
3 68
3 73
3 77
3 80
3 81
3 85
3 93
3 98
3 109
3 111
3 113
3 117
3 119
3 120
3 123
4 11
4 18
4 20
4 21
4 22
4 23
4 26
4 27
4 31
4 33
4 35
4 64
4 73
4 75
4 76
4 86
4 101
4 116
4 117
4 124
5 6
5 13
5 15
5 22
5 30
5 31
5 39
5 40
5 42
5 43
5 49
5 61
5 62
5 64
5 73
5 75
5 100
5 101
5 104
5 106
5 113
5 116
5 121
5 123
5 129
6 18
6 29
6 34
6 35
6 42
6 46
6 49
6 51
6 59
6 61
6 65
6 70
6 71
6 73
6 76
6 78
6 81
6 84
6 87
6 93
6 102
6 103
6 105
6 106
6 108
6 121
6 126
6 127
7 16
7 21
7 33
7 35
7 37
7 40
7 43
7 53
7 56
7 60
7 62
7 63
7 68
7 73
7 74
7 76
7 81
7 88
7 96
7 103
7 111
7 114
7 118
7 127
8 17
8 24
8 25
8 36
8 39
8 43
8 44
8 48
8 52
8 61
8 66
8 67
8 69
8 71
8 73
8 75
8 76
8 77
8 81
8 82
8 84
8 85
8 91
8 96
8 99
8 109
8 112
8 114
8 120
9 24
9 25
9 28
9 30
9 32
9 33
9 34
9 39
9 43
9 45
9 46
9 58
9 66
9 69
9 71
9 76
9 84
9 87
9 88
9 101
9 109
9 113
9 117
9 118
9 119
9 121
9 127
10 20
10 25
10 37
10 38
10 44
10 46
10 56
10 71
10 72
10 77
10 78
10 80
10 83
10 93
10 97
10 98
10 104
10 106
10 112
10 116
10 118
10 128
11 18
11 20
11 23
11 31
11 32
11 42
11 43
11 44
11 60
11 61
11 62
11 63
11 64
11 71
11 80
11 81
11 83
11 90
11 91
11 95
11 97
11 101
11 104
11 106
11 113
11 115
11 119
11 121
11 124
11 126
12 15
12 17
12 22
12 35
12 37
12 43
12 44
12 49
12 54
12 63
12 69
12 75
12 77
12 80
12 83
12 85
12 87
12 88
12 90
12 94
12 95
12 96
12 97
12 99
12 115
12 122
12 129
13 16
13 20
13 26
13 29
13 33
13 64
13 66
13 70
13 73
13 77
13 82
13 97
13 102
13 105
13 112
13 116
13 127
14 20
14 21
14 22
14 25
14 30
14 36
14 38
14 45
14 48
14 58
14 60
14 61
14 63
14 69
14 74
14 78
14 79
14 88
14 90
14 104
14 122
14 128
15 19
15 28
15 30
15 33
15 46
15 53
15 58
15 72
15 74
15 76
15 80
15 88
15 89
15 90
15 92
15 95
15 99
15 107
15 109
15 110
15 114
15 129
16 32
16 33
16 34
16 37
16 39
16 41
16 48
16 52
16 57
16 62
16 63
16 66
16 67
16 71
16 72
16 73
16 74
16 75
16 103
16 117
16 120
16 123
16 127
17 19
17 21
17 32
17 37
17 41
17 43
17 47
17 56
17 64
17 66
17 70
17 75
17 79
17 85
17 87
17 99
17 100
17 110
17 114
17 115
17 120
17 121
17 124
17 127
18 19
18 22
18 24
18 25
18 34
18 38
18 39
18 46
18 48
18 59
18 72
18 85
18 89
18 104
18 106
18 111
18 124
18 129
19 27
19 38
19 43
19 56
19 60
19 62
19 65
19 68
19 71
19 75
19 76
19 78
19 80
19 88
19 97
19 102
19 103
19 105
19 108
19 112
19 114
19 118
19 120
19 122
19 125
19 129
20 23
20 36
20 40
20 48
20 50
20 53
20 57
20 59
20 60
20 66
20 77
20 90
20 97
20 98
20 103
20 104
20 105
20 109
20 111
20 114
20 122
20 128
21 27
21 31
21 40
21 42
21 46
21 48
21 54
21 59
21 62
21 77
21 92
21 94
21 95
21 97
21 104
21 106
21 113
21 116
21 117
21 119
21 124
21 125
21 128
22 29
22 45
22 47
22 51
22 52
22 56
22 57
22 65
22 73
22 83
22 86
22 89
22 102
22 111
22 126
23 25
23 28
23 37
23 39
23 46
23 47
23 51
23 52
23 57
23 60
23 70
23 71
23 83
23 86
23 91
23 92
23 114
23 122
23 125
23 127
23 129
24 26
24 30
24 33
24 40
24 42
24 43
24 58
24 59
24 65
24 68
24 69
24 76
24 78
24 81
24 82
24 84
24 86
24 94
24 102
24 107
24 109
24 112
24 116
24 119
24 123
25 27
25 34
25 41
25 46
25 60
25 68
25 77
25 78
25 80
25 87
25 95
25 99
25 100
25 106
25 107
25 108
25 112
25 119
25 121
26 42
26 56
26 60
26 67
26 78
26 79
26 86
26 91
26 99
26 103
26 104
26 108
26 118
26 119
26 125
27 30
27 33
27 36
27 39
27 41
27 57
27 63
27 64
27 66
27 68
27 74
27 81
27 88
27 90
27 92
27 98
27 100
27 101
27 103
27 105
27 107
27 110
27 111
27 112
27 114
27 125
27 127
28 30
28 36
28 37
28 38
28 39
28 44
28 46
28 53
28 60
28 62
28 63
28 67
28 69
28 70
28 74
28 76
28 78
28 81
28 87
28 88
28 89
28 94
28 96
28 108
28 120
28 126
28 128
29 30
29 33
29 38
29 44
29 48
29 51
29 53
29 54
29 60
29 65
29 82
29 84
29 85
29 93
29 94
29 108
29 115
29 116
29 120
29 123
29 128
30 35
30 38
30 45
30 47
30 50
30 54
30 78
30 84
30 88
30 98
30 101
30 104
30 106
30 107
30 116
30 122
30 128
30 129
31 33
31 40
31 47
31 48
31 50
31 51
31 52
31 59
31 67
31 73
31 77
31 78
31 86
31 89
31 91
31 92
31 95
31 97
31 100
31 102
31 103
31 105
31 106
31 107
31 109
31 121
31 122
31 126
32 35
32 36
32 39
32 40
32 45
32 48
32 53
32 56
32 57
32 59
32 62
32 66
32 76
32 77
32 79
32 81
32 82
32 85
32 87
32 93
32 97
32 100
32 102
32 112
32 122
33 34
33 40
33 42
33 46
33 48
33 51
33 53
33 61
33 67
33 73
33 74
33 76
33 77
33 83
33 85
33 93
33 98
33 103
33 105
33 127
34 39
34 40
34 49
34 51
34 58
34 70
34 83
34 87
34 98
34 106
34 119
34 129
35 40
35 43
35 46
35 59
35 66
35 68
35 69
35 78
35 83
35 84
35 86
35 87
35 89
35 90
35 92
35 99
35 100
35 101
35 102
35 112
35 115
35 122
35 127
35 129
36 39
36 46
36 57
36 61
36 63
36 64
36 66
36 67
36 77
36 78
36 93
36 96
36 97
36 104
36 106
36 116
36 121
36 124
36 129
37 42
37 52
37 56
37 63
37 65
37 69
37 72
37 73
37 77
37 89
37 93
37 95
37 98
37 102
37 108
37 111
37 114
37 116
37 126
37 129
38 43
38 61
38 72
38 74
38 76
38 80
38 81
38 104
38 108
38 114
38 115
38 116
38 118
38 120
38 123
38 128
39 40
39 51
39 53
39 56
39 59
39 60
39 63
39 64
39 68
39 70
39 73
39 74
39 90
39 91
39 92
39 93
39 95
39 101
39 102
39 107
39 112
39 118
39 119
39 123
40 42
40 45
40 51
40 55
40 59
40 61
40 65
40 70
40 74
40 81
40 82
40 84
40 89
40 90
40 96
40 100
40 108
40 111
40 113
40 115
41 49
41 50
41 54
41 58
41 59
41 60
41 66
41 69
41 74
41 76
41 77
41 83
41 87
41 91
41 93
41 94
41 95
41 96
41 97
41 98
41 102
41 108
41 111
41 118
41 121
41 126
42 46
42 52
42 53
42 58
42 65
42 66
42 67
42 76
42 78
42 80
42 92
42 95
42 98
42 100
42 102
42 121
42 123
42 127
43 44
43 45
43 48
43 51
43 55
43 57
43 59
43 60
43 61
43 62
43 72
43 73
43 76
43 94
43 98
43 100
43 116
43 120
44 52
44 57
44 64
44 65
44 73
44 78
44 80
44 83
44 84
44 86
44 90
44 91
44 99
44 101
44 113
44 120
44 121
44 122
45 48
45 49
45 54
45 60
45 70
45 77
45 79
45 86
45 89
45 95
45 104
45 107
45 110
45 113
45 121
45 122
45 124
45 129
46 51
46 53
46 61
46 62
46 67
46 83
46 88
46 101
46 105
46 119
46 120
47 48
47 50
47 63
47 64
47 67
47 70
47 71
47 75
47 85
47 86
47 92
47 96
47 102
47 104
47 107
47 111
47 114
47 116
47 122
47 128
48 56
48 59
48 60
48 61
48 64
48 88
48 90
48 95
48 97
48 100
48 103
48 104
48 109
48 110
48 113
48 114
48 116
48 117
48 122
48 128
48 129
49 58
49 59
49 62
49 67
49 76
49 88
49 96
49 101
49 102
49 106
49 107
49 109
49 110
49 126
49 128
50 55
50 57
50 61
50 68
50 70
50 72
50 73
50 83
50 92
50 96
50 100
50 104
50 107
50 110
50 116
50 117
50 120
50 126
50 127
50 129
51 55
51 66
51 70
51 84
51 85
51 91
51 94
51 105
51 106
51 107
51 113
51 123
52 59
52 60
52 62
52 63
52 75
52 84
52 89
52 91
52 93
52 94
52 109
52 110
52 116
52 117
52 120
52 122
52 123
52 124
53 59
53 60
53 64
53 74
53 81
53 83
53 91
53 93
53 97
53 99
53 109
53 112
53 118
53 120
53 121
53 124
53 125
53 126
53 127
53 129
54 57
54 59
54 60
54 62
54 63
54 80
54 88
54 94
54 95
54 99
54 111
54 112
54 114
54 129
55 59
55 60
55 63
55 70
55 75
55 81
55 95
55 98
55 106
55 109
55 111
55 127
56 61
56 65
56 67
56 68
56 73
56 74
56 77
56 79
56 82
56 83
56 87
56 91
56 99
56 107
56 110
56 112
56 115
56 121
56 125
56 126
57 59
57 68
57 72
57 76
57 83
57 89
57 98
57 106
57 111
57 113
57 116
57 127
58 60
58 61
58 62
58 70
58 75
58 77
58 83
58 84
58 90
58 91
58 94
58 106
58 114
58 116
58 121
58 125
58 127
58 128
59 65
59 68
59 69
59 75
59 76
59 80
59 84
59 85
59 88
59 89
59 92
59 94
59 98
59 106
59 109
59 110
59 112
59 117
59 118
59 119
59 121
60 74
60 75
60 84
60 86
60 87
60 91
60 95
60 98
60 108
60 111
60 117
60 118
60 119
60 121
60 127
61 63
61 64
61 65
61 68
61 73
61 77
61 78
61 82
61 90
61 99
61 100
61 107
61 112
62 67
62 72
62 74
62 78
62 79
62 87
62 88
62 89
62 102
62 104
62 114
62 117
62 127
62 129
63 68
63 84
63 86
63 87
63 90
63 92
63 97
63 99
63 100
63 101
63 105
63 107
63 112
63 117
63 123
64 67
64 71
64 72
64 74
64 75
64 79
64 82
64 91
64 95
64 96
64 99
64 102
64 111
64 128
65 66
65 71
65 82
65 85
65 86
65 91
65 95
65 99
65 106
65 107
65 109
65 121
66 67
66 69
66 79
66 91
66 94
66 96
66 113
66 114
66 115
66 119
66 120
66 123
66 124
66 129
67 74
67 76
67 78
67 88
67 98
67 101
67 107
67 115
67 117
67 119
67 125
68 72
68 76
68 77
68 82
68 84
68 85
68 92
68 96
68 107
68 113
69 76
69 78
69 80
69 81
69 84
69 87
69 93
69 97
69 104
69 106
69 113
69 117
69 119
70 71
70 77
70 81
70 100
70 103
70 104
70 109
70 121
70 125
70 126
70 127
71 74
71 84
71 88
71 94
71 98
71 102
71 104
71 105
71 109
71 111
71 114
71 117
71 126
72 74
72 78
72 81
72 85
72 91
72 94
72 96
72 101
72 103
72 107
72 110
72 115
72 116
72 117
72 118
72 119
72 125
72 126
73 76
73 77
73 80
73 88
73 97
73 129
74 82
74 87
74 89
74 95
74 101
74 104
74 107
74 108
74 109
74 110
74 112
74 113
74 114
74 122
74 124
75 87
75 99
75 101
75 114
75 116
75 117
75 122
75 126
75 127
76 80
76 92
76 122
76 123
76 124
76 126
77 78
77 79
77 81
77 85
77 94
77 98
77 101
77 117
77 120
78 80
78 83
78 103
78 116
78 124
79 88
79 91
79 94
79 103
79 108
79 109
79 112
79 117
79 119
79 123
79 124
79 125
79 126
79 127
80 94
80 95
80 98
80 100
80 102
80 108
80 110
80 115
80 116
80 122
80 123
80 124
81 88
81 95
81 96
81 98
81 103
81 113
81 118
81 120
81 122
81 125
82 83
82 85
82 97
82 99
82 103
82 124
82 128
83 87
83 94
83 102
83 104
83 113
83 120
83 125
83 127
83 129
84 89
84 95
84 106
84 111
84 112
84 125
85 102
85 119
85 120
85 121
85 124
85 128
86 89
86 95
86 103
86 105
86 106
86 116
86 123
86 124
86 126
86 127
87 89
87 92
87 94
87 96
87 97
87 99
87 105
87 106
87 108
87 109
87 116
87 119
87 120
87 121
87 126
87 127
88 93
88 97
88 105
88 115
88 118
88 124
88 125
88 127
89 93
89 95
89 102
89 107
89 111
89 119
89 125
89 129
90 101
90 115
90 127
91 97
91 102
91 108
91 110
91 111
91 113
91 117
91 118
91 119
92 95
92 97
92 99
92 106
92 110
92 115
92 116
92 124
92 128
93 94
93 95
93 96
93 101
93 108
93 123
93 128
94 96
94 105
94 109
94 126
95 113
95 118
95 121
95 124
95 127
95 129
96 98
96 99
96 102
96 106
96 112
96 121
96 123
96 124
96 125
96 126
96 129
97 101
97 104
97 113
97 123
97 127
98 107
98 109
98 113
98 114
98 116
98 117
99 110
99 112
99 113
99 119
99 120
99 123
99 128
100 105
100 109
100 121
100 123
100 127
101 102
101 103
101 127
102 110
102 111
102 121
102 122
102 127
102 128
103 108
103 110
103 111
103 113
103 116
103 119
103 127
103 128
104 112
104 113
104 115
104 118
104 125
104 129
105 106
105 108
105 116
105 120
105 123
105 124
106 109
106 111
106 113
106 114
106 120
106 121
106 125
106 129
107 110
107 116
107 118
107 123
107 124
107 126
108 119
108 124
109 110
109 114
109 115
109 118
109 121
109 123
109 128
110 123
111 112
111 115
111 121
111 123
111 124
112 117
112 125
113 119
113 127
114 117
114 119
114 120
114 125
114 127
115 116
115 118
115 120
115 129
116 117
116 122
116 128
117 129
118 119
119 125
120 123
122 124
122 125
122 129
123 126
123 128
123 129
124 125
124 127
124 128
127 129
84 14 70 0 54 123 17 121 91 38 32 93 61
57 2 110 115 3 74 107 11 29 7 67 10 40
59 58 98 90 105 92 44 22 128 122 80 104 34
12 25 120 88 31 87 112 6 95 55 108 106 8
42 46 45 114 13 65 124 37 30 1 43 49 94
15 20 99 117 39 16 71 26 68 24 113 83 129
64 73 63 35 47 127 56 97 102 60 79 76 86
66 78 101 51 116 23 27 48 75 52 62 119 69
82 50 126 125 9 41 81 21 103 96 77 85 19
5 118 53 28 100 33 18 36 89 72 109 4 111
