140
1854
20
0 6
0 11
0 13
0 20
0 27
0 29
0 31
0 35
0 36
0 40
0 53
0 59
0 60
0 65
0 73
0 76
0 78
0 92
0 106
0 107
0 115
0 118
0 119
0 129
0 130
0 131
0 137
0 138
1 7
1 12
1 15
1 20
1 21
1 34
1 36
1 37
1 38
1 40
1 53
1 54
1 57
1 59
1 79
1 82
1 87
1 88
1 93
1 102
1 107
1 117
1 120
1 127
1 137
2 3
2 7
2 9
2 15
2 19
2 25
2 31
2 36
2 42
2 44
2 56
2 57
2 60
2 63
2 65
2 67
2 69
2 81
2 86
2 95
2 98
2 105
2 109
2 111
2 117
2 122
2 123
2 130
2 133
2 135
3 6
3 9
3 18
3 21
3 22
3 23
3 24
3 63
3 66
3 68
3 71
3 76
3 81
3 82
3 87
3 91
3 93
3 96
3 97
3 110
3 112
3 115
3 128
4 6
4 11
4 12
4 14
4 26
4 27
4 30
4 32
4 40
4 41
4 44
4 48
4 54
4 60
4 61
4 62
4 70
4 82
4 86
4 91
4 92
4 94
4 102
4 104
4 109
4 112
4 115
4 127
4 130
5 6
5 9
5 14
5 18
5 19
5 23
5 35
5 36
5 45
5 49
5 59
5 62
5 63
5 69
5 70
5 81
5 89
5 92
5 104
5 106
5 107
5 118
5 124
5 125
5 126
5 129
5 130
5 131
6 13
6 19
6 20
6 22
6 25
6 26
6 27
6 29
6 30
6 33
6 37
6 41
6 57
6 59
6 69
6 79
6 81
6 87
6 91
6 100
6 109
6 120
6 127
6 133
7 9
7 17
7 19
7 20
7 22
7 29
7 34
7 35
7 42
7 43
7 45
7 62
7 64
7 72
7 78
7 94
7 103
7 110
7 117
7 119
7 120
7 124
7 129
7 132
7 138
7 139
8 11
8 29
8 31
8 34
8 35
8 38
8 41
8 43
8 50
8 52
8 57
8 60
8 67
8 68
8 70
8 77
8 78
8 82
8 83
8 85
8 93
8 95
8 97
8 99
8 100
8 101
8 104
8 114
8 115
8 129
8 136
8 137
8 139
9 10
9 17
9 24
9 27
9 29
9 46
9 51
9 56
9 58
9 61
9 65
9 66
9 68
9 80
9 84
9 89
9 91
9 99
9 104
9 108
9 111
9 118
9 132
10 11
10 13
10 23
10 30
10 36
10 43
10 46
10 51
10 58
10 59
10 66
10 69
10 72
10 79
10 86
10 88
10 91
10 99
10 101
10 111
10 120
10 122
10 125
10 129
10 139
11 14
11 21
11 25
11 28
11 42
11 43
11 44
11 47
11 48
11 51
11 57
11 65
11 66
11 74
11 78
11 103
11 110
11 117
11 130
11 135
12 13
12 24
12 26
12 34
12 35
12 44
12 49
12 54
12 60
12 61
12 66
12 73
12 75
12 76
12 77
12 81
12 87
12 95
12 104
12 108
12 119
12 122
12 128
12 130
12 131
12 134
13 16
13 20
13 29
13 33
13 37
13 47
13 48
13 61
13 64
13 67
13 69
13 71
13 75
13 81
13 82
13 85
13 92
13 93
13 94
13 99
13 103
13 118
13 119
13 120
13 125
13 128
14 19
14 28
14 40
14 41
14 48
14 54
14 57
14 60
14 63
14 67
14 82
14 83
14 87
14 88
14 90
14 95
14 99
14 117
14 133
15 16
15 41
15 44
15 48
15 51
15 60
15 68
15 78
15 83
15 85
15 89
15 91
15 93
15 96
15 97
15 98
15 106
15 113
15 119
15 138
15 139
16 18
16 23
16 46
16 51
16 53
16 57
16 61
16 62
16 64
16 70
16 85
16 93
16 97
16 99
16 110
16 111
16 113
16 114
16 116
16 119
16 123
16 127
16 131
16 133
16 139
17 24
17 28
17 29
17 31
17 37
17 39
17 42
17 45
17 46
17 55
17 62
17 64
17 65
17 68
17 70
17 72
17 78
17 95
17 97
17 110
17 112
17 122
17 123
17 129
17 137
18 19
18 27
18 31
18 33
18 40
18 48
18 49
18 52
18 54
18 55
18 57
18 58
18 59
18 60
18 61
18 83
18 84
18 87
18 89
18 91
18 95
18 98
18 99
18 102
18 106
18 111
18 113
18 119
18 122
18 131
18 135
19 24
19 36
19 37
19 39
19 43
19 44
19 54
19 56
19 58
19 59
19 63
19 74
19 87
19 94
19 98
19 105
19 111
19 117
19 119
19 122
19 124
19 130
19 133
19 139
20 26
20 27
20 43
20 44
20 48
20 55
20 56
20 58
20 64
20 66
20 69
20 75
20 96
20 98
20 100
20 101
20 104
20 106
20 108
20 111
20 114
20 119
20 124
20 135
21 22
21 23
21 29
21 34
21 44
21 47
21 56
21 58
21 71
21 75
21 78
21 81
21 82
21 86
21 103
21 108
21 112
21 126
21 132
21 137
22 24
22 31
22 40
22 42
22 45
22 50
22 58
22 60
22 82
22 84
22 90
22 97
22 100
22 102
22 104
22 106
22 112
22 118
22 121
22 126
22 130
22 131
22 138
23 30
23 33
23 43
23 45
23 49
23 57
23 65
23 67
23 74
23 80
23 81
23 83
23 85
23 92
23 93
23 98
23 101
23 106
23 108
23 113
23 118
23 121
24 26
24 27
24 32
24 34
24 36
24 40
24 41
24 44
24 49
24 51
24 62
24 67
24 79
24 80
24 81
24 84
24 96
24 98
24 99
24 101
24 122
24 123
24 129
25 38
25 44
25 49
25 56
25 61
25 63
25 71
25 77
25 80
25 82
25 89
25 90
25 95
25 99
25 102
25 105
25 106
25 121
25 130
26 43
26 45
26 49
26 50
26 51
26 54
26 62
26 68
26 70
26 72
26 77
26 78
26 79
26 83
26 85
26 90
26 95
26 99
26 105
26 115
26 118
26 128
26 134
27 28
27 33
27 51
27 58
27 69
27 72
27 88
27 91
27 101
27 107
27 109
27 114
27 127
27 137
28 31
28 46
28 52
28 56
28 61
28 63
28 77
28 79
28 90
28 91
28 92
28 107
28 120
28 122
28 124
28 130
28 137
29 32
29 34
29 45
29 52
29 59
29 60
29 66
29 67
29 75
29 81
29 83
29 93
29 96
29 101
29 107
29 110
29 117
29 121
29 124
29 126
30 33
30 34
30 44
30 70
30 74
30 87
30 96
30 105
30 109
30 119
30 122
30 123
30 137
30 138
31 34
31 38
31 41
31 42
31 43
31 45
31 51
31 54
31 59
31 64
31 69
31 71
31 75
31 85
31 86
31 91
31 104
31 108
31 113
31 116
31 118
31 121
31 127
31 137
32 34
32 42
32 43
32 47
32 51
32 57
32 66
32 67
32 79
32 88
32 94
32 100
32 104
32 105
32 113
32 122
32 126
32 128
32 129
32 130
32 131
32 132
32 136
32 138
32 139
33 41
33 43
33 52
33 54
33 55
33 56
33 57
33 60
33 65
33 75
33 81
33 87
33 92
33 107
33 108
33 111
33 114
33 117
33 118
33 131
33 134
33 138
34 35
34 37
34 39
34 41
34 45
34 50
34 51
34 80
34 91
34 95
34 97
34 104
34 106
34 109
34 113
34 114
34 123
34 125
34 126
34 127
34 135
34 138
35 42
35 43
35 51
35 60
35 64
35 67
35 70
35 72
35 73
35 75
35 78
35 82
35 88
35 95
35 99
35 100
35 101
35 102
35 104
35 118
35 121
35 126
35 132
35 136
35 139
36 50
36 59
36 61
36 62
36 66
36 71
36 76
36 81
36 92
36 95
36 96
36 97
36 99
36 112
36 113
36 128
36 130
36 133
36 139
37 47
37 50
37 58
37 59
37 61
37 63
37 65
37 66
37 67
37 75
37 77
37 78
37 81
37 82
37 87
37 93
37 95
37 99
37 101
37 104
37 105
37 107
37 110
37 111
37 112
37 116
37 122
37 126
38 49
38 50
38 52
38 61
38 73
38 86
38 89
38 98
38 100
38 111
38 112
38 119
38 120
38 130
38 131
38 132
38 133
38 134
38 138
39 40
39 45
39 53
39 58
39 63
39 64
39 70
39 73
39 76
39 79
39 82
39 83
39 86
39 89
39 91
39 98
39 101
39 104
39 106
39 108
39 131
39 134
39 139
40 41
40 48
40 49
40 55
40 58
40 61
40 63
40 65
40 72
40 79
40 85
40 95
40 101
40 103
40 104
40 107
40 117
40 118
40 126
40 127
40 139
41 45
41 46
41 50
41 65
41 66
41 78
41 85
41 94
41 100
41 106
41 109
41 116
41 117
41 118
41 120
41 124
41 128
41 131
41 137
41 139
42 49
42 50
42 54
42 64
42 73
42 74
42 80
42 98
42 100
42 112
42 114
42 118
42 123
42 129
42 133
42 139
43 47
43 48
43 54
43 61
43 62
43 66
43 71
43 79
43 85
43 98
43 102
43 103
43 108
43 112
43 121
43 124
43 126
43 135
44 47
44 54
44 60
44 61
44 64
44 65
44 71
44 76
44 79
44 84
44 89
44 99
44 102
44 104
44 105
44 106
44 114
44 126
44 133
44 136
44 138
45 61
45 65
45 68
45 75
45 76
45 78
45 83
45 84
45 88
45 93
45 102
45 114
45 118
45 129
46 51
46 54
46 58
46 64
46 66
46 82
46 85
46 90
46 110
46 111
46 121
46 133
46 138
47 58
47 59
47 62
47 65
47 67
47 74
47 79
47 80
47 81
47 86
47 96
47 107
47 108
47 109
47 110
47 112
47 113
47 114
47 117
47 128
48 56
48 58
48 62
48 81
48 87
48 95
48 96
48 108
48 109
48 118
48 120
48 122
48 132
49 55
49 61
49 64
49 69
49 76
49 80
49 87
49 90
49 99
49 108
49 137
49 139
50 60
50 62
50 64
50 66
50 67
50 69
50 83
50 87
50 92
50 99
50 102
50 104
50 105
50 109
50 112
50 117
50 118
50 123
50 124
50 126
50 127
50 136
50 137
50 139
51 73
51 82
51 83
51 85
51 97
51 98
51 106
51 108
51 111
51 113
51 114
51 119
51 121
51 135
51 137
51 138
52 54
52 73
52 74
52 90
52 93
52 96
52 99
52 112
52 122
52 133
53 54
53 55
53 56
53 62
53 65
53 66
53 71
53 74
53 81
53 91
53 94
53 98
53 107
53 115
53 117
53 130
53 133
53 136
53 139
54 55
54 61
54 79
54 85
54 92
54 93
54 99
54 100
54 102
54 104
54 112
54 113
54 116
54 118
54 124
54 135
55 61
55 62
55 67
55 71
55 78
55 80
55 82
55 89
55 97
55 101
55 109
55 112
55 120
55 127
55 129
55 130
55 132
55 137
55 139
56 57
56 59
56 72
56 82
56 84
56 91
56 106
56 107
56 111
56 116
56 119
56 121
56 129
56 130
56 131
57 59
57 65
57 66
57 70
57 74
57 76
57 77
57 80
57 81
57 83
57 84
57 85
57 91
57 96
57 99
57 108
57 109
57 111
57 121
57 127
57 137
57 138
58 59
58 65
58 69
58 72
58 74
58 82
58 90
58 98
58 99
58 100
58 101
58 106
58 110
58 111
58 112
58 120
58 123
58 124
58 126
58 133
58 138
59 70
59 71
59 72
59 74
59 79
59 87
59 92
59 94
59 98
59 102
59 105
59 124
59 126
59 127
59 133
60 66
60 68
60 69
60 73
60 83
60 96
60 108
60 111
60 113
60 118
60 119
60 128
61 68
61 70
61 77
61 80
61 94
61 97
61 99
61 104
61 107
61 136
62 69
62 72
62 77
62 79
62 83
62 87
62 97
62 113
62 125
62 132
63 64
63 72
63 76
63 79
63 80
63 84
63 91
63 96
63 100
63 103
63 105
63 108
63 109
63 110
63 118
63 129
63 130
63 135
63 139
64 70
64 71
64 81
64 82
64 84
64 88
64 96
64 98
64 100
64 107
64 108
64 119
64 121
64 133
64 139
65 67
65 75
65 77
65 78
65 80
65 81
65 86
65 93
65 98
65 100
65 102
65 104
65 131
65 133
65 134
65 139
66 70
66 86
66 96
66 97
66 103
66 107
66 113
66 118
66 119
66 121
66 138
66 139
67 74
67 82
67 89
67 99
67 109
67 122
67 127
67 128
67 133
67 136
67 138
68 73
68 75
68 79
68 82
68 83
68 85
68 93
68 95
68 98
68 103
68 104
68 119
68 121
68 126
68 135
68 136
69 78
69 84
69 89
69 92
69 94
69 97
69 99
69 104
69 105
69 106
69 110
69 119
69 127
69 131
69 133
69 135
70 72
70 74
70 75
70 77
70 84
70 93
70 96
70 97
70 104
70 105
70 109
70 119
70 132
70 138
71 74
71 77
71 78
71 84
71 89
71 92
71 93
71 99
71 107
71 109
71 113
71 128
71 134
72 75
72 76
72 77
72 86
72 87
72 88
72 91
72 105
72 107
72 131
73 78
73 79
73 84
73 89
73 92
73 97
73 102
73 129
73 133
73 134
73 135
73 136
74 80
74 103
74 104
74 105
74 123
74 124
74 127
74 131
74 134
75 82
75 92
75 98
75 100
75 101
75 113
75 114
75 125
75 136
75 137
76 94
76 98
76 99
76 114
76 122
76 124
76 127
76 130
76 131
77 86
77 98
77 109
77 110
77 111
77 130
77 133
77 134
77 139
78 86
78 93
78 97
78 100
78 103
78 107
78 113
78 116
78 125
78 127
78 137
79 86
79 93
79 94
79 95
79 104
79 110
79 124
79 132
79 135
79 138
79 139
80 83
80 88
80 91
80 93
80 94
80 107
80 110
80 113
80 117
80 125
80 133
81 86
81 87
81 91
81 95
81 98
81 107
81 108
81 117
81 118
81 119
81 122
81 127
81 131
81 134
81 138
82 83
82 90
82 94
82 97
82 99
82 109
82 121
82 128
82 132
83 89
83 90
83 93
83 99
83 100
83 103
83 106
83 110
83 111
83 122
83 124
83 139
84 91
84 93
84 100
84 102
84 108
84 120
84 126
84 128
84 131
85 92
85 93
85 95
85 107
85 112
85 116
85 117
85 122
85 132
85 139
86 90
86 98
86 102
86 104
86 116
86 118
86 124
86 130
86 133
86 138
86 139
87 89
87 98
87 103
87 107
87 109
87 110
87 115
87 129
87 130
87 133
87 135
87 138
88 90
88 92
88 101
88 105
88 108
88 110
88 111
88 114
88 117
88 124
88 128
88 129
88 133
88 137
89 98
89 104
89 106
89 114
89 115
89 121
89 128
89 131
90 92
90 98
90 103
90 117
90 118
90 120
90 121
90 132
90 137
91 98
91 101
91 122
91 126
91 138
92 118
92 120
92 121
92 127
92 130
92 132
92 139
93 98
93 105
93 116
93 119
93 125
93 132
93 134
93 135
93 136
93 139
94 96
94 97
94 98
94 99
94 100
94 105
94 106
94 111
94 115
94 116
94 124
94 135
94 139
95 99
95 100
95 105
95 108
95 110
95 111
95 114
95 116
95 120
95 125
95 131
95 138
96 105
96 110
96 119
96 122
96 137
97 98
97 106
97 117
97 120
97 124
98 102
98 105
98 114
98 117
98 127
98 130
99 100
99 103
99 104
99 108
99 109
99 110
99 115
99 137
100 102
100 107
100 108
100 111
100 113
100 120
101 119
101 121
101 132
102 107
102 110
102 120
102 138
102 139
103 121
103 127
103 136
103 138
103 139
104 107
104 114
104 115
104 128
104 134
104 136
105 107
105 115
105 117
105 122
105 135
105 139
106 109
106 113
106 117
106 118
106 135
106 136
107 113
107 122
108 110
108 118
108 127
108 129
109 114
109 118
109 122
109 130
110 135
110 137
110 138
110 139
111 113
111 115
111 120
111 125
111 126
111 134
111 138
111 139
112 118
112 121
112 128
113 114
113 123
113 127
113 139
114 129
114 136
115 127
115 135
115 137
116 131
116 134
116 135
117 120
117 121
117 123
117 124
117 126
117 128
118 124
118 127
118 129
118 130
119 121
119 124
119 125
119 126
119 132
119 134
120 121
120 122
120 124
120 125
120 127
120 134
121 126
121 127
121 130
121 132
121 133
121 136
122 126
122 132
122 133
122 134
123 131
123 136
124 125
124 136
125 132
125 133
126 128
126 133
127 128
127 129
127 138
128 132
128 133
128 139
129 130
129 131
129 133
129 134
129 139
130 133
130 134
130 136
131 133
131 134
131 137
132 133
133 138
134 139
135 136
137 138
75 83 63 9 136 36 132
80 107 135 134 114 119 113
3 66 120 103 71 137 110
13 60 57 88 108 94 127
118 17 79 16 82 53 93
129 69 21 34 67 44 115
131 91 27 25 65 54 46
81 6 40 14 1 72 86
133 5 124 35 77 104 56
42 62 37 109 11 105 106
32 111 95 38 84 70 100
90 121 89 26 10 61 24
49 31 78 99 0 20 8
130 55 139 73 29 101 112
48 117 92 4 45 138 33
97 116 64 128 68 22 74
15 28 122 30 85 41 123
102 87 19 76 52 23 47
125 39 59 51 18 126 96
43 2 12 58 7 98 50
