140
979
10
0 2
0 6
0 15
0 32
0 44
0 58
0 68
0 75
0 79
0 90
0 95
0 101
0 105
0 121
0 126
1 5
1 7
1 17
1 22
1 26
1 29
1 37
1 40
1 42
1 51
1 60
1 65
1 73
1 93
1 103
1 124
1 129
2 7
2 24
2 46
2 74
2 75
2 86
2 89
2 92
2 105
2 109
2 110
2 126
3 4
3 12
3 23
3 34
3 38
3 74
3 86
3 99
3 104
3 113
3 117
3 119
3 125
3 128
4 21
4 22
4 25
4 26
4 35
4 40
4 44
4 45
4 46
4 47
4 53
4 64
4 65
4 90
4 118
4 120
4 130
5 6
5 9
5 23
5 24
5 44
5 65
5 78
5 94
5 108
5 126
6 35
6 39
6 49
6 68
6 74
6 82
6 98
6 99
6 110
6 133
6 134
7 8
7 31
7 33
7 41
7 64
7 71
7 82
7 87
7 96
7 105
7 120
7 121
8 37
8 44
8 53
8 64
8 65
8 69
8 88
8 96
8 102
8 103
8 115
8 131
9 39
9 47
9 49
9 58
9 62
9 63
9 66
9 114
9 117
9 123
9 125
9 133
9 134
10 30
10 31
10 32
10 34
10 47
10 56
10 57
10 59
10 60
10 64
10 68
10 87
10 96
10 98
10 137
11 13
11 18
11 24
11 25
11 29
11 40
11 46
11 59
11 66
11 69
11 77
11 80
11 87
11 88
11 115
11 124
11 126
11 135
12 27
12 63
12 81
12 85
12 89
12 91
12 92
12 93
12 103
12 106
12 115
12 116
12 130
12 139
13 19
13 24
13 33
13 57
13 61
13 63
13 66
13 93
13 95
13 96
13 106
13 109
13 118
13 138
14 46
14 51
14 71
14 82
14 84
14 93
14 98
14 109
14 121
14 126
14 135
15 16
15 17
15 28
15 44
15 49
15 64
15 65
15 66
15 72
15 75
15 77
15 78
15 79
15 81
15 94
15 111
15 112
15 117
15 118
15 123
15 135
16 25
16 28
16 32
16 42
16 49
16 76
16 77
16 89
16 107
16 112
16 120
17 31
17 54
17 65
17 86
17 89
17 115
17 126
17 134
18 37
18 46
18 51
18 55
18 59
18 72
18 73
18 82
18 83
18 90
18 91
18 107
18 131
19 27
19 41
19 54
19 60
19 95
19 103
19 105
19 129
19 131
19 139
20 35
20 36
20 45
20 60
20 82
20 93
20 125
20 130
21 26
21 27
21 41
21 50
21 57
21 59
21 63
21 66
21 71
21 85
21 92
21 105
21 128
21 136
22 28
22 30
22 33
22 36
22 68
22 69
22 74
22 79
22 80
22 88
22 98
22 111
22 120
22 127
23 29
23 39
23 44
23 58
23 60
23 71
23 89
23 104
23 111
23 139
24 39
24 66
24 79
24 83
24 98
24 107
24 113
24 123
25 37
25 38
25 54
25 56
25 68
25 77
25 80
25 89
25 95
25 103
25 113
25 129
26 39
26 42
26 46
26 48
26 52
26 69
26 81
26 82
26 91
26 98
26 115
26 132
27 34
27 43
27 59
27 63
27 65
27 85
27 88
27 107
27 108
27 109
27 115
27 125
27 134
28 39
28 47
28 65
28 75
28 76
28 82
28 100
28 105
28 106
28 112
28 127
29 30
29 44
29 47
29 63
29 67
29 71
29 74
29 75
29 85
29 99
29 112
29 114
29 134
30 53
30 80
30 89
30 90
30 105
30 123
30 130
31 73
31 85
31 104
31 105
31 110
31 111
31 119
31 124
31 130
31 137
32 48
32 51
32 52
32 55
32 57
32 61
32 62
32 71
32 74
32 82
32 95
32 102
32 113
32 114
32 127
33 34
33 46
33 59
33 61
33 79
33 108
33 124
33 128
33 135
34 38
34 40
34 44
34 48
34 59
34 63
34 80
34 82
34 90
34 108
34 110
34 127
35 38
35 72
35 73
35 75
35 86
35 110
35 112
35 123
35 126
35 134
35 138
36 42
36 53
36 55
36 57
36 65
36 77
36 91
36 92
36 115
36 134
36 136
37 60
37 61
37 68
37 69
37 88
37 91
37 101
37 109
37 115
37 127
37 137
38 43
38 78
38 88
38 97
38 104
38 112
38 118
39 45
39 55
39 63
39 79
39 87
39 91
39 118
39 125
39 136
40 59
40 65
40 67
40 73
40 74
40 88
40 93
40 94
41 52
41 60
41 76
41 108
41 114
41 121
41 122
41 124
41 138
42 54
42 73
42 84
42 109
42 110
42 125
42 139
43 65
43 72
43 80
43 89
43 92
43 98
43 107
44 53
44 57
44 72
44 92
44 106
44 111
44 135
44 137
45 48
45 65
45 69
45 81
45 96
45 97
45 106
45 116
46 57
46 62
46 83
46 135
47 54
47 57
47 59
47 61
47 69
47 75
47 80
47 83
47 102
47 114
47 134
47 135
47 137
48 51
48 70
48 91
48 98
48 105
48 116
48 129
49 51
49 62
49 64
49 80
49 91
49 128
49 130
50 53
50 59
50 68
50 70
50 76
50 102
50 107
50 123
50 128
50 129
51 53
51 75
51 78
51 81
51 84
51 85
51 88
51 90
51 100
51 106
51 108
51 136
52 79
52 82
52 87
52 93
52 126
53 58
53 60
53 63
53 70
53 81
53 96
53 100
53 136
54 65
54 66
54 68
54 72
54 74
54 100
54 115
54 126
54 128
55 75
55 87
55 89
55 101
55 106
55 110
55 126
55 135
55 139
56 59
56 60
56 70
56 80
56 81
56 82
56 91
56 92
56 93
56 94
56 104
56 117
56 120
56 124
57 66
57 73
57 81
57 118
57 121
58 64
58 68
58 77
58 81
58 84
58 96
58 97
58 99
58 102
58 108
58 130
58 132
58 133
59 73
59 101
59 102
59 107
59 113
59 115
59 117
59 119
59 139
60 61
60 64
60 70
60 78
60 93
60 104
60 115
60 120
61 64
61 65
61 87
61 93
61 94
61 95
61 98
61 100
61 102
61 122
61 128
61 129
62 64
62 67
62 68
62 69
62 73
62 76
62 90
62 126
62 131
62 139
63 76
63 80
63 84
63 85
63 102
63 132
64 66
64 67
64 73
64 77
64 88
64 104
64 115
64 119
64 124
64 126
64 135
65 71
65 81
65 83
65 90
65 102
65 111
65 119
65 137
65 138
66 74
66 83
66 85
66 92
66 94
66 105
66 109
66 110
66 112
66 127
66 137
66 139
67 86
67 109
67 112
67 125
67 126
67 128
67 131
68 73
68 75
68 87
68 88
68 93
68 102
68 107
68 114
68 130
68 139
69 77
69 98
69 99
69 127
70 72
70 75
70 104
70 114
70 118
70 121
70 126
70 128
71 84
71 100
71 105
72 75
72 79
72 101
72 104
72 113
72 132
73 77
73 80
73 87
73 96
73 98
73 100
73 120
73 127
73 128
73 139
74 79
74 83
74 90
75 80
75 83
75 93
75 107
75 111
75 114
75 122
75 129
76 80
76 98
76 99
76 103
76 112
76 115
76 130
77 83
77 88
77 98
77 109
77 111
77 113
77 119
77 125
77 127
78 105
78 116
78 132
79 115
80 91
80 110
80 118
81 86
81 126
81 129
82 85
82 105
82 115
82 122
82 126
83 86
83 105
83 122
83 126
83 128
84 86
84 92
84 98
84 126
84 129
84 136
85 103
85 115
85 117
85 121
85 128
85 133
85 139
86 87
86 95
86 106
86 123
86 130
86 137
86 138
86 139
87 98
87 112
87 114
87 120
87 131
87 132
87 137
88 91
88 100
88 114
88 118
88 129
89 97
89 100
89 107
89 128
90 100
90 101
90 106
90 108
90 134
91 104
91 106
91 134
91 135
92 120
92 125
92 127
92 129
93 101
93 128
93 138
93 139
94 96
94 105
94 112
94 115
94 122
94 134
94 135
94 137
95 117
95 131
95 134
96 107
96 111
96 115
96 116
96 119
96 120
96 129
96 131
96 135
97 109
97 118
97 120
97 130
98 111
98 139
99 102
99 105
99 106
99 107
99 128
100 101
100 107
100 115
100 116
100 127
101 104
101 105
102 107
102 114
102 115
102 117
102 130
102 136
103 111
103 115
103 139
104 105
104 136
105 106
105 135
105 136
105 139
106 113
106 128
107 118
108 119
108 121
108 124
108 129
108 135
109 110
109 132
110 114
110 127
110 128
110 138
111 121
112 124
112 135
113 118
113 129
113 135
113 137
114 129
115 124
115 128
115 130
115 136
116 121
116 125
116 129
116 135
117 134
117 136
117 139
118 125
118 126
118 128
119 120
120 138
122 137
122 139
123 124
123 137
124 125
124 134
125 127
125 132
126 128
126 139
127 136
127 137
133 134
138 139
124 53 58 125 4 13 113 130 95 78 54 87 132 75
120 27 21 126 37 42 26 98 64 127 47 128 88 43
117 129 66 50 5 72 14 77 96 23 123 100 57 104
3 86 71 82 30 8 33 40 73 76 74 122 119 121
19 118 61 9 103 44 2 60 115 59 11 55 131 32
38 94 102 85 39 7 116 48 29 1 89 81 84 25
92 20 62 137 134 6 10 68 136 112 114 17 90 79
135 110 109 101 69 22 46 51 83 0 99 15 93 36
106 138 65 12 91 31 97 70 105 52 49 24 67 107
45 28 56 108 111 41 139 63 35 133 80 34 18 16
