140
2893
20
0 1
0 2
0 3
0 4
0 5
0 12
0 13
0 14
0 16
0 17
0 22
0 26
0 29
0 33
0 34
0 36
0 39
0 40
0 45
0 47
0 48
0 49
0 53
0 58
0 59
0 60
0 62
0 67
0 75
0 78
0 79
0 81
0 82
0 84
0 88
0 92
0 94
0 95
0 98
0 100
0 101
0 106
0 108
0 115
0 119
0 121
0 122
0 128
0 131
0 132
1 4
1 5
1 8
1 11
1 12
1 15
1 17
1 21
1 23
1 32
1 33
1 36
1 38
1 41
1 49
1 67
1 70
1 71
1 75
1 76
1 77
1 78
1 79
1 82
1 85
1 89
1 91
1 97
1 107
1 109
1 110
1 115
1 116
1 118
1 122
1 123
1 126
1 128
1 130
1 131
1 132
1 139
2 5
2 6
2 12
2 16
2 17
2 18
2 23
2 24
2 37
2 41
2 43
2 48
2 49
2 52
2 53
2 54
2 55
2 59
2 63
2 73
2 74
2 75
2 78
2 81
2 82
2 83
2 88
2 89
2 90
2 96
2 97
2 106
2 107
2 108
2 111
2 112
2 113
2 115
2 120
2 121
2 127
2 130
2 133
2 134
3 9
3 11
3 18
3 19
3 21
3 23
3 24
3 25
3 29
3 31
3 39
3 45
3 46
3 48
3 56
3 62
3 71
3 74
3 75
3 76
3 78
3 89
3 90
3 103
3 106
3 108
3 109
3 111
3 113
3 114
3 116
3 125
3 128
3 129
3 130
3 134
4 5
4 7
4 8
4 19
4 27
4 34
4 36
4 38
4 39
4 42
4 58
4 67
4 69
4 78
4 88
4 91
4 94
4 99
4 100
4 112
4 118
4 121
4 128
4 129
4 137
5 6
5 9
5 11
5 13
5 16
5 22
5 23
5 24
5 32
5 40
5 43
5 44
5 46
5 47
5 51
5 56
5 59
5 65
5 66
5 67
5 70
5 74
5 75
5 79
5 80
5 88
5 89
5 90
5 92
5 108
5 110
5 113
5 114
5 120
5 125
5 126
6 8
6 12
6 15
6 16
6 19
6 20
6 22
6 25
6 33
6 43
6 50
6 51
6 55
6 56
6 57
6 58
6 61
6 63
6 66
6 69
6 70
6 74
6 75
6 76
6 78
6 81
6 84
6 88
6 92
6 93
6 100
6 102
6 109
6 111
6 112
6 116
6 118
6 119
6 122
6 126
6 127
6 130
6 133
6 136
7 12
7 14
7 15
7 16
7 20
7 23
7 24
7 25
7 30
7 31
7 33
7 36
7 40
7 42
7 46
7 49
7 51
7 53
7 66
7 72
7 75
7 83
7 85
7 87
7 95
7 100
7 102
7 109
7 112
7 114
7 115
7 117
7 123
7 126
7 131
7 132
7 138
8 12
8 15
8 20
8 22
8 25
8 26
8 27
8 28
8 35
8 41
8 45
8 46
8 50
8 52
8 54
8 56
8 57
8 60
8 64
8 66
8 67
8 70
8 73
8 74
8 75
8 76
8 80
8 85
8 86
8 96
8 105
8 107
8 110
8 111
8 113
8 115
8 117
8 120
8 124
8 128
8 129
8 134
8 135
8 138
9 12
9 16
9 21
9 23
9 24
9 28
9 30
9 31
9 35
9 36
9 42
9 50
9 51
9 53
9 54
9 56
9 57
9 62
9 63
9 71
9 72
9 73
9 74
9 75
9 78
9 79
9 81
9 83
9 86
9 88
9 91
9 93
9 98
9 99
9 100
9 101
9 106
9 109
9 111
9 117
9 126
9 127
9 131
9 135
10 11
10 12
10 14
10 20
10 21
10 22
10 26
10 27
10 28
10 29
10 35
10 42
10 44
10 47
10 48
10 56
10 66
10 67
10 72
10 74
10 76
10 80
10 85
10 93
10 94
10 97
10 104
10 107
10 110
10 111
10 113
10 120
10 123
10 130
10 131
10 132
10 133
11 15
11 17
11 19
11 23
11 29
11 30
11 34
11 35
11 40
11 43
11 46
11 47
11 57
11 59
11 73
11 75
11 76
11 78
11 79
11 83
11 89
11 90
11 92
11 94
11 107
11 110
11 124
11 126
11 127
11 129
11 132
11 135
12 18
12 21
12 31
12 35
12 37
12 40
12 45
12 48
12 54
12 56
12 57
12 59
12 62
12 72
12 73
12 80
12 88
12 93
12 103
12 108
12 112
12 117
12 125
12 126
12 129
12 132
12 135
12 136
12 137
13 16
13 17
13 22
13 35
13 37
13 48
13 51
13 53
13 55
13 56
13 58
13 63
13 64
13 65
13 66
13 68
13 69
13 75
13 76
13 85
13 86
13 88
13 91
13 93
13 98
13 102
13 108
13 117
13 118
13 119
13 121
13 123
13 128
13 130
13 132
13 139
14 18
14 19
14 23
14 31
14 32
14 33
14 34
14 43
14 47
14 48
14 49
14 50
14 52
14 57
14 59
14 63
14 64
14 67
14 68
14 71
14 74
14 80
14 81
14 83
14 84
14 85
14 86
14 88
14 96
14 97
14 100
14 103
14 107
14 113
14 117
14 121
14 122
14 126
14 128
14 138
15 18
15 36
15 37
15 40
15 41
15 43
15 47
15 48
15 49
15 55
15 59
15 65
15 68
15 70
15 72
15 75
15 76
15 77
15 82
15 87
15 94
15 105
15 106
15 108
15 112
15 114
15 117
15 118
15 119
15 120
15 121
15 122
15 125
15 130
15 132
16 17
16 18
16 20
16 21
16 22
16 25
16 29
16 31
16 33
16 34
16 36
16 43
16 44
16 46
16 48
16 51
16 53
16 57
16 59
16 68
16 70
16 71
16 72
16 74
16 87
16 88
16 89
16 90
16 92
16 93
16 97
16 98
16 101
16 105
16 115
16 121
16 122
16 128
16 132
16 134
16 137
17 18
17 20
17 23
17 26
17 35
17 45
17 51
17 52
17 60
17 65
17 68
17 70
17 71
17 75
17 77
17 84
17 86
17 88
17 95
17 99
17 100
17 102
17 103
17 106
17 108
17 110
17 111
17 116
17 118
17 119
17 121
17 124
17 125
17 128
17 135
17 138
17 139
18 24
18 25
18 28
18 37
18 39
18 40
18 42
18 44
18 50
18 52
18 64
18 73
18 74
18 76
18 77
18 83
18 89
18 91
18 93
18 94
18 95
18 105
18 108
18 120
18 124
18 129
18 131
18 134
18 136
18 137
18 138
18 139
19 22
19 24
19 33
19 46
19 49
19 62
19 68
19 78
19 81
19 82
19 84
19 86
19 93
19 98
19 118
19 125
19 128
20 21
20 27
20 29
20 30
20 41
20 42
20 43
20 45
20 48
20 51
20 53
20 63
20 65
20 68
20 69
20 70
20 78
20 82
20 87
20 90
20 91
20 93
20 95
20 105
20 107
20 109
20 111
20 112
20 113
20 115
20 127
20 129
20 130
20 133
20 135
20 136
20 137
21 25
21 26
21 28
21 35
21 36
21 39
21 41
21 43
21 45
21 50
21 52
21 56
21 63
21 66
21 71
21 74
21 85
21 87
21 93
21 94
21 95
21 97
21 99
21 102
21 104
21 108
21 111
21 113
21 114
21 115
21 118
21 119
21 120
21 124
21 126
21 134
21 137
22 28
22 31
22 34
22 37
22 38
22 42
22 44
22 49
22 50
22 52
22 54
22 58
22 60
22 61
22 62
22 65
22 69
22 73
22 78
22 79
22 82
22 87
22 88
22 95
22 96
22 101
22 102
22 104
22 107
22 108
22 111
22 113
22 115
22 119
22 125
22 129
22 130
22 131
22 139
23 28
23 33
23 34
23 37
23 39
23 43
23 44
23 54
23 55
23 57
23 66
23 68
23 71
23 72
23 75
23 83
23 84
23 85
23 88
23 93
23 96
23 100
23 102
23 108
23 109
23 114
23 115
23 116
23 117
23 118
23 122
23 124
23 125
23 126
23 136
23 137
24 26
24 29
24 31
24 32
24 35
24 43
24 46
24 49
24 50
24 51
24 52
24 54
24 55
24 60
24 63
24 70
24 72
24 79
24 84
24 86
24 91
24 92
24 95
24 99
24 103
24 104
24 105
24 106
24 110
24 111
24 112
24 113
24 115
24 117
24 120
24 121
24 122
24 131
24 132
24 133
24 134
24 135
24 139
25 27
25 29
25 31
25 34
25 35
25 36
25 39
25 40
25 42
25 45
25 46
25 47
25 54
25 56
25 58
25 62
25 69
25 70
25 75
25 77
25 78
25 85
25 86
25 88
25 89
25 92
25 94
25 99
25 100
25 105
25 109
25 112
25 115
25 126
25 131
25 133
25 134
25 135
26 34
26 43
26 48
26 50
26 56
26 57
26 60
26 64
26 66
26 74
26 83
26 87
26 94
26 101
26 107
26 108
26 117
26 119
26 120
26 124
26 129
26 133
27 33
27 34
27 35
27 37
27 39
27 40
27 42
27 44
27 55
27 57
27 60
27 61
27 63
27 64
27 67
27 69
27 72
27 82
27 84
27 85
27 87
27 89
27 92
27 97
27 99
27 103
27 105
27 107
27 108
27 109
27 111
27 112
27 113
27 115
27 118
27 120
27 126
27 127
27 129
27 135
27 138
28 29
28 33
28 35
28 36
28 37
28 42
28 44
28 52
28 53
28 54
28 57
28 60
28 61
28 67
28 76
28 78
28 81
28 82
28 90
28 91
28 96
28 98
28 106
28 107
28 110
28 112
28 113
28 115
28 122
28 129
28 131
28 132
28 133
29 31
29 32
29 34
29 36
29 38
29 40
29 44
29 46
29 48
29 51
29 64
29 65
29 66
29 71
29 75
29 76
29 81
29 84
29 87
29 88
29 90
29 94
29 97
29 98
29 107
29 112
29 115
29 116
29 117
29 118
29 123
29 126
29 128
29 132
29 134
29 139
30 31
30 35
30 39
30 45
30 46
30 47
30 54
30 62
30 64
30 65
30 68
30 69
30 70
30 72
30 74
30 77
30 78
30 79
30 85
30 87
30 90
30 92
30 93
30 94
30 100
30 105
30 106
30 108
30 109
30 111
30 112
30 114
30 115
30 117
30 120
30 121
30 122
30 124
30 128
30 131
30 132
30 134
30 135
31 34
31 36
31 38
31 40
31 43
31 46
31 47
31 54
31 62
31 67
31 77
31 81
31 84
31 87
31 88
31 98
31 99
31 101
31 105
31 108
31 110
31 113
31 119
31 122
31 123
31 124
31 125
31 126
31 129
31 130
31 131
31 135
31 136
32 33
32 34
32 35
32 36
32 40
32 44
32 45
32 46
32 49
32 54
32 66
32 67
32 69
32 73
32 77
32 80
32 84
32 86
32 89
32 90
32 94
32 95
32 96
32 97
32 100
32 101
32 103
32 104
32 116
32 126
32 127
32 129
32 130
32 131
32 135
32 136
33 37
33 38
33 40
33 43
33 45
33 47
33 56
33 58
33 60
33 63
33 68
33 69
33 77
33 78
33 81
33 82
33 85
33 88
33 98
33 104
33 106
33 118
33 120
33 122
33 124
33 125
33 127
33 128
33 131
33 132
33 133
33 134
34 35
34 36
34 37
34 41
34 43
34 46
34 47
34 49
34 50
34 53
34 54
34 57
34 59
34 60
34 64
34 73
34 77
34 79
34 82
34 83
34 87
34 93
34 95
34 96
34 104
34 109
34 110
34 116
34 118
34 123
34 125
34 137
35 38
35 40
35 41
35 45
35 47
35 56
35 58
35 59
35 63
35 64
35 66
35 71
35 76
35 78
35 81
35 83
35 86
35 88
35 91
35 92
35 95
35 99
35 104
35 110
35 111
35 115
35 116
35 117
35 124
35 125
35 127
35 132
35 134
35 135
36 39
36 40
36 43
36 44
36 45
36 46
36 48
36 58
36 61
36 62
36 64
36 67
36 72
36 74
36 75
36 80
36 81
36 85
36 89
36 91
36 92
36 94
36 98
36 101
36 102
36 104
36 112
36 113
36 122
36 123
36 127
36 128
36 133
37 40
37 42
37 43
37 44
37 45
37 46
37 47
37 57
37 59
37 61
37 62
37 65
37 67
37 70
37 71
37 77
37 88
37 96
37 101
37 102
37 104
37 107
37 109
37 110
37 113
37 118
37 121
37 124
37 128
37 131
37 134
37 136
37 139
38 40
38 45
38 55
38 56
38 60
38 66
38 70
38 73
38 75
38 76
38 79
38 84
38 85
38 90
38 92
38 94
38 98
38 99
38 103
38 107
38 108
38 110
38 112
38 115
38 121
38 123
38 124
38 129
38 131
38 137
39 41
39 47
39 48
39 50
39 54
39 55
39 62
39 65
39 69
39 72
39 76
39 78
39 81
39 84
39 85
39 87
39 88
39 90
39 91
39 103
39 106
39 108
39 112
39 116
39 120
39 124
39 127
39 128
39 139
40 46
40 47
40 50
40 51
40 56
40 62
40 64
40 66
40 67
40 69
40 71
40 76
40 77
40 78
40 83
40 91
40 92
40 94
40 95
40 100
40 101
40 105
40 107
40 108
40 110
40 112
40 116
40 121
40 125
40 126
40 136
40 138
40 139
41 51
41 54
41 55
41 60
41 62
41 63
41 64
41 65
41 69
41 71
41 74
41 76
41 79
41 82
41 95
41 96
41 104
41 105
41 106
41 122
41 125
41 126
41 132
41 133
41 135
41 138
42 43
42 45
42 49
42 52
42 56
42 57
42 60
42 63
42 66
42 72
42 73
42 76
42 101
42 106
42 108
42 109
42 113
42 115
42 123
42 125
42 126
42 132
42 135
43 46
43 48
43 57
43 63
43 65
43 69
43 73
43 75
43 77
43 78
43 79
43 82
43 85
43 87
43 88
43 89
43 90
43 93
43 96
43 102
43 109
43 113
43 117
43 119
43 121
43 136
43 137
43 138
44 47
44 49
44 51
44 52
44 53
44 65
44 71
44 76
44 77
44 79
44 80
44 82
44 88
44 100
44 101
44 102
44 109
44 110
44 111
44 118
44 120
44 123
44 124
44 126
44 128
44 133
44 135
44 137
44 139
45 46
45 48
45 49
45 50
45 57
45 62
45 64
45 67
45 68
45 69
45 74
45 76
45 82
45 83
45 88
45 89
45 112
45 115
45 117
45 120
45 121
45 122
45 124
45 126
45 129
45 138
45 139
46 48
46 50
46 51
46 52
46 53
46 55
46 60
46 62
46 66
46 67
46 69
46 72
46 74
46 79
46 81
46 84
46 86
46 88
46 89
46 91
46 94
46 99
46 102
46 103
46 105
46 107
46 109
46 112
46 114
46 121
46 126
46 127
46 130
46 131
46 134
46 137
47 49
47 52
47 54
47 56
47 57
47 58
47 65
47 71
47 72
47 73
47 74
47 75
47 80
47 82
47 86
47 89
47 90
47 92
47 101
47 102
47 103
47 106
47 107
47 108
47 109
47 113
47 114
47 119
47 120
47 122
47 123
47 126
47 138
48 50
48 58
48 59
48 61
48 63
48 69
48 72
48 73
48 76
48 77
48 78
48 82
48 83
48 92
48 95
48 98
48 104
48 109
48 113
48 114
48 118
48 124
48 128
48 134
48 137
49 53
49 55
49 59
49 70
49 71
49 73
49 74
49 76
49 80
49 81
49 82
49 85
49 87
49 88
49 90
49 93
49 94
49 97
49 103
49 106
49 110
49 111
49 113
49 118
49 120
49 121
49 125
49 129
49 131
49 133
49 134
49 136
49 137
49 138
49 139
50 51
50 53
50 57
50 61
50 64
50 68
50 70
50 73
50 74
50 75
50 85
50 90
50 91
50 92
50 95
50 96
50 98
50 99
50 104
50 107
50 112
50 117
50 118
50 126
50 128
50 129
50 136
50 138
51 56
51 59
51 63
51 64
51 65
51 68
51 72
51 75
51 76
51 79
51 81
51 85
51 89
51 93
51 95
51 100
51 106
51 112
51 113
51 115
51 119
51 126
51 129
51 134
51 138
52 53
52 59
52 61
52 64
52 69
52 73
52 74
52 75
52 79
52 89
52 90
52 91
52 95
52 100
52 102
52 105
52 109
52 111
52 115
52 118
52 119
52 121
52 122
52 123
52 125
52 126
52 127
52 129
52 131
52 134
52 137
53 62
53 66
53 68
53 76
53 78
53 79
53 86
53 95
53 96
53 99
53 101
53 104
53 105
53 108
53 116
53 119
53 124
53 128
53 129
54 56
54 61
54 63
54 64
54 65
54 66
54 70
54 72
54 73
54 75
54 79
54 81
54 83
54 85
54 86
54 87
54 88
54 90
54 92
54 95
54 96
54 100
54 103
54 104
54 106
54 113
54 114
54 117
54 120
54 121
54 125
54 130
54 137
54 139
55 60
55 61
55 64
55 66
55 70
55 78
55 79
55 81
55 82
55 84
55 85
55 86
55 89
55 92
55 96
55 97
55 98
55 104
55 105
55 108
55 112
55 115
55 118
55 120
55 123
55 128
55 137
55 138
56 59
56 64
56 73
56 74
56 76
56 77
56 82
56 83
56 96
56 97
56 99
56 101
56 103
56 105
56 113
56 116
56 119
56 123
56 126
56 129
56 130
56 133
56 134
56 135
56 139
57 58
57 60
57 62
57 74
57 79
57 83
57 88
57 89
57 91
57 93
57 102
57 103
57 108
57 111
57 114
57 117
57 122
57 126
57 127
57 131
57 132
58 61
58 64
58 68
58 72
58 75
58 76
58 81
58 91
58 96
58 102
58 109
58 110
58 118
58 119
58 121
58 124
58 126
58 127
58 128
58 132
58 139
59 64
59 68
59 79
59 81
59 82
59 86
59 89
59 95
59 96
59 98
59 102
59 106
59 114
59 116
59 119
59 121
59 122
59 131
60 70
60 71
60 73
60 74
60 76
60 80
60 86
60 87
60 91
60 94
60 98
60 102
60 105
60 106
60 107
60 109
60 110
60 118
60 124
60 126
60 129
60 131
60 136
60 137
61 63
61 64
61 67
61 68
61 71
61 73
61 83
61 93
61 95
61 97
61 99
61 101
61 106
61 109
61 117
61 124
61 127
61 129
61 132
61 134
61 138
62 63
62 67
62 68
62 69
62 74
62 76
62 78
62 81
62 84
62 85
62 86
62 94
62 100
62 102
62 110
62 111
62 112
62 121
62 128
62 129
63 65
63 69
63 71
63 72
63 73
63 76
63 82
63 87
63 100
63 101
63 102
63 105
63 107
63 108
63 116
63 117
63 121
63 123
63 124
63 125
63 128
63 130
63 137
64 66
64 76
64 84
64 89
64 90
64 97
64 100
64 102
64 106
64 108
64 110
64 115
64 116
64 117
64 119
64 124
64 131
64 133
64 138
65 68
65 71
65 73
65 77
65 80
65 85
65 91
65 92
65 94
65 101
65 109
65 111
65 123
65 126
65 128
65 132
65 135
65 136
65 137
65 139
66 79
66 82
66 88
66 89
66 90
66 92
66 97
66 98
66 99
66 100
66 108
66 109
66 110
66 111
66 114
66 119
66 120
66 122
66 133
66 134
66 136
66 137
67 73
67 76
67 77
67 78
67 80
67 87
67 94
67 95
67 97
67 100
67 103
67 105
67 108
67 110
67 112
67 113
67 120
67 125
67 128
67 129
67 133
67 135
67 136
67 137
68 79
68 82
68 83
68 87
68 90
68 91
68 95
68 98
68 99
68 105
68 107
68 108
68 111
68 117
68 120
68 122
68 132
68 133
68 136
68 138
68 139
69 70
69 82
69 83
69 86
69 87
69 89
69 93
69 97
69 104
69 107
69 115
69 123
69 131
69 132
69 134
69 136
70 78
70 79
70 81
70 83
70 90
70 95
70 99
70 103
70 104
70 105
70 110
70 114
70 126
70 132
70 134
70 137
71 81
71 83
71 85
71 86
71 88
71 92
71 93
71 94
71 96
71 97
71 99
71 100
71 101
71 108
71 112
71 117
71 119
71 121
71 122
71 124
71 126
71 129
71 130
71 134
71 136
71 138
71 139
72 76
72 77
72 79
72 82
72 83
72 84
72 92
72 99
72 100
72 104
72 109
72 110
72 113
72 115
72 116
72 118
72 120
72 131
72 132
72 133
72 135
72 139
73 86
73 88
73 91
73 95
73 105
73 107
73 112
73 114
73 118
73 119
73 120
73 121
73 126
73 132
73 135
73 136
73 137
73 138
73 139
74 78
74 79
74 80
74 85
74 88
74 94
74 108
74 111
74 113
74 115
74 119
74 124
74 125
74 127
74 128
74 132
74 139
75 78
75 86
75 87
75 91
75 98
75 100
75 102
75 103
75 106
75 108
75 110
75 111
75 114
75 115
75 117
75 120
75 124
75 128
75 131
75 132
76 81
76 85
76 86
76 91
76 94
76 100
76 102
76 106
76 107
76 109
76 114
76 116
76 123
76 125
76 127
76 128
76 131
76 134
76 138
77 85
77 87
77 91
77 92
77 99
77 101
77 102
77 105
77 107
77 112
77 118
77 119
77 120
77 121
77 128
77 132
78 83
78 84
78 90
78 92
78 107
78 113
78 116
78 117
78 118
78 126
78 128
78 131
78 133
78 137
79 83
79 84
79 86
79 88
79 89
79 90
79 104
79 106
79 109
79 110
79 113
79 115
79 116
79 122
79 129
79 133
79 136
80 85
80 87
80 90
80 93
80 95
80 97
80 98
80 99
80 103
80 108
80 110
80 111
80 115
80 120
80 123
80 129
80 132
80 136
80 138
81 92
81 98
81 99
81 103
81 106
81 110
81 111
81 112
81 118
81 121
81 127
81 131
81 132
81 133
81 134
81 136
81 137
81 139
82 98
82 104
82 110
82 116
82 118
82 121
82 122
82 128
82 129
82 130
82 134
82 139
83 84
83 86
83 87
83 93
83 98
83 101
83 106
83 110
83 114
83 116
83 118
83 120
83 123
83 129
83 131
83 132
83 133
83 134
83 139
84 89
84 90
84 94
84 95
84 97
84 105
84 110
84 111
84 112
84 115
84 120
84 122
84 131
84 132
84 133
84 135
84 136
84 138
85 86
85 87
85 91
85 94
85 95
85 106
85 108
85 111
85 113
85 115
85 119
85 121
85 129
85 133
86 87
86 95
86 98
86 101
86 106
86 110
86 112
86 113
86 119
86 125
86 128
86 130
86 133
86 139
87 93
87 94
87 101
87 102
87 104
87 110
87 113
87 118
87 130
87 136
88 89
88 91
88 101
88 102
88 103
88 122
88 123
88 129
88 130
88 131
88 135
88 138
89 92
89 97
89 103
89 111
89 112
89 114
89 116
89 122
89 123
89 125
89 127
89 128
89 135
89 137
90 98
90 108
90 111
90 112
90 116
90 123
90 127
90 134
90 137
91 95
91 96
91 97
91 98
91 99
91 103
91 107
91 108
91 110
91 112
91 115
91 117
91 119
91 123
91 124
91 133
91 134
91 135
91 137
91 138
92 94
92 95
92 100
92 109
92 114
92 116
92 117
92 118
92 126
92 129
92 130
92 136
92 137
92 138
92 139
93 97
93 100
93 104
93 106
93 108
93 115
93 120
93 125
93 132
93 136
93 137
93 139
94 96
94 99
94 100
94 113
94 115
94 118
94 120
94 121
94 124
94 126
94 127
94 128
94 129
94 131
95 96
95 97
95 98
95 104
95 107
95 112
95 113
95 115
95 116
95 119
95 120
95 122
95 134
96 98
96 100
96 101
96 102
96 105
96 117
96 118
96 119
96 123
96 125
96 131
96 138
96 139
97 98
97 102
97 107
97 108
97 110
97 114
97 119
97 120
97 123
97 127
97 130
97 135
97 136
97 139
98 99
98 103
98 106
98 108
98 109
98 111
98 113
98 116
98 119
98 121
98 125
98 127
98 134
98 139
99 105
99 107
99 117
99 119
99 120
99 122
99 126
99 130
99 133
99 134
99 135
99 136
99 138
99 139
100 104
100 108
100 109
100 115
100 119
100 120
100 123
100 126
100 130
100 133
100 139
101 103
101 119
101 125
101 130
101 134
101 135
101 136
102 104
102 111
102 112
102 122
102 123
102 127
102 128
102 131
102 132
102 134
102 136
102 137
103 105
103 115
103 116
103 123
103 126
103 127
103 131
103 133
103 135
103 137
104 106
104 110
104 119
104 121
104 125
104 131
104 132
104 134
104 135
104 139
105 108
105 111
105 113
105 114
105 117
105 120
105 125
105 130
105 131
105 132
105 133
106 108
106 113
106 116
106 120
106 130
106 136
106 138
106 139
107 108
107 110
107 115
107 117
107 123
107 127
107 129
107 131
107 132
107 133
107 134
107 138
108 112
108 122
108 124
108 125
108 133
108 135
109 117
109 128
109 131
109 132
109 136
109 137
110 113
110 115
110 117
110 118
110 120
110 123
110 127
110 130
110 134
110 135
110 136
111 117
111 118
111 120
111 127
111 129
111 132
111 134
111 137
112 113
112 116
112 117
112 122
112 123
112 124
112 126
112 134
112 137
112 138
112 139
113 118
113 122
113 123
113 124
113 126
113 128
113 130
113 136
113 137
114 116
114 127
114 139
115 117
115 121
115 124
115 128
115 129
115 133
115 134
115 137
116 120
116 121
116 134
116 135
116 136
117 119
117 122
117 123
117 127
117 131
117 132
117 134
118 121
118 122
118 129
118 131
118 132
118 133
118 136
119 124
119 126
119 131
119 132
119 133
119 134
120 121
120 124
120 125
120 128
120 132
120 137
121 122
121 124
121 127
121 128
121 132
121 133
121 134
121 137
122 127
122 128
122 131
122 133
122 135
122 137
123 125
123 131
123 132
123 136
123 138
124 126
124 131
124 138
125 130
125 138
126 127
126 132
126 133
126 136
126 138
127 129
127 136
127 137
129 136
129 138
129 139
130 134
130 136
131 135
131 139
132 136
132 137
132 139
133 134
133 139
134 136
134 137
134 139
135 136
135 138
135 139
136 138
136 139
137 138
137 139
103 56 60 79 130 37 75
106 88 87 71 3 18 63
43 101 52 50 1 55 7
92 91 74 20 80 125 21
78 122 39 123 36 138 70
94 135 29 38 111 90 15
26 124 116 58 113 131 137
19 109 128 83 136 129 89
53 10 9 8 98 120 72
30 45 104 40 6 68 24
96 108 112 100 51 33 86
48 25 44 41 115 16 17
73 114 31 57 139 62 42
93 97 107 81 95 105 23
54 110 61 82 13 99 118
22 27 65 119 14 84 32
12 77 34 134 11 5 121
132 69 127 28 59 102 126
117 85 76 0 46 49 133
67 35 4 2 47 64 66
