140
2894
10
0 4
0 5
0 11
0 12
0 13
0 14
0 15
0 17
0 19
0 21
0 22
0 23
0 24
0 25
0 33
0 34
0 37
0 39
0 40
0 41
0 49
0 50
0 52
0 55
0 56
0 61
0 63
0 65
0 66
0 70
0 72
0 73
0 74
0 85
0 90
0 91
0 101
0 106
0 107
0 109
0 110
0 120
0 124
0 126
0 127
0 129
0 133
0 134
1 7
1 8
1 10
1 11
1 16
1 22
1 26
1 30
1 31
1 32
1 35
1 37
1 40
1 44
1 46
1 49
1 52
1 56
1 58
1 63
1 65
1 66
1 68
1 70
1 84
1 86
1 93
1 96
1 97
1 107
1 113
1 114
1 116
1 118
1 124
1 130
2 4
2 6
2 8
2 10
2 12
2 17
2 18
2 22
2 23
2 25
2 31
2 32
2 33
2 34
2 39
2 52
2 60
2 61
2 62
2 65
2 73
2 81
2 82
2 83
2 85
2 88
2 92
2 93
2 94
2 100
2 103
2 108
2 123
2 126
2 130
2 132
2 133
2 134
2 136
3 8
3 10
3 12
3 13
3 19
3 21
3 22
3 24
3 31
3 35
3 36
3 43
3 44
3 46
3 49
3 51
3 54
3 64
3 65
3 70
3 74
3 76
3 77
3 78
3 79
3 82
3 88
3 93
3 94
3 96
3 100
3 104
3 107
3 109
3 116
3 117
3 119
3 123
3 124
3 130
3 131
4 5
4 8
4 9
4 10
4 14
4 16
4 17
4 23
4 39
4 40
4 42
4 43
4 45
4 54
4 55
4 56
4 60
4 63
4 65
4 70
4 79
4 83
4 84
4 88
4 98
4 99
4 103
4 104
4 107
4 108
4 111
4 117
4 126
4 133
4 136
4 137
4 138
5 11
5 13
5 19
5 20
5 26
5 29
5 30
5 35
5 37
5 38
5 43
5 45
5 50
5 51
5 58
5 59
5 63
5 65
5 73
5 74
5 82
5 83
5 89
5 94
5 97
5 98
5 101
5 104
5 107
5 108
5 109
5 110
5 111
5 113
5 119
5 124
5 128
5 131
5 138
6 7
6 8
6 15
6 22
6 26
6 29
6 30
6 34
6 35
6 37
6 46
6 47
6 60
6 62
6 65
6 66
6 69
6 70
6 71
6 72
6 76
6 77
6 84
6 88
6 89
6 90
6 92
6 94
6 98
6 100
6 101
6 102
6 104
6 109
6 111
6 112
6 113
6 116
6 117
6 118
6 119
6 120
6 121
6 130
6 131
6 132
6 133
6 136
6 138
7 8
7 14
7 17
7 22
7 23
7 32
7 35
7 40
7 41
7 44
7 45
7 47
7 53
7 54
7 58
7 61
7 67
7 74
7 76
7 85
7 89
7 92
7 96
7 102
7 103
7 104
7 105
7 108
7 113
7 117
7 118
7 120
7 121
7 122
7 130
7 133
7 135
7 137
7 139
8 10
8 12
8 14
8 15
8 18
8 22
8 23
8 25
8 26
8 33
8 36
8 39
8 48
8 49
8 51
8 52
8 56
8 57
8 59
8 60
8 64
8 65
8 69
8 75
8 79
8 82
8 92
8 96
8 104
8 106
8 109
8 110
8 111
8 112
8 113
8 117
8 131
8 134
8 135
9 10
9 15
9 17
9 19
9 22
9 23
9 24
9 30
9 31
9 32
9 34
9 36
9 37
9 42
9 46
9 48
9 51
9 53
9 57
9 58
9 69
9 70
9 76
9 79
9 80
9 81
9 86
9 88
9 91
9 93
9 97
9 102
9 107
9 108
9 110
9 114
9 116
9 117
9 121
9 130
9 131
9 133
9 135
9 139
10 11
10 26
10 29
10 36
10 39
10 41
10 47
10 48
10 58
10 62
10 67
10 68
10 78
10 83
10 86
10 88
10 95
10 98
10 101
10 103
10 106
10 109
10 114
10 115
10 121
10 123
10 124
10 126
10 128
10 130
10 131
10 132
10 135
10 138
11 12
11 17
11 18
11 20
11 26
11 31
11 34
11 35
11 36
11 46
11 47
11 49
11 51
11 52
11 57
11 65
11 67
11 68
11 70
11 72
11 75
11 76
11 78
11 82
11 88
11 90
11 91
11 92
11 101
11 105
11 108
11 110
11 122
11 126
11 139
12 17
12 19
12 20
12 21
12 26
12 28
12 31
12 32
12 40
12 44
12 49
12 51
12 52
12 54
12 56
12 67
12 72
12 73
12 76
12 80
12 82
12 84
12 89
12 90
12 94
12 103
12 104
12 105
12 111
12 118
12 125
12 127
12 128
12 136
12 137
13 20
13 22
13 24
13 25
13 27
13 35
13 38
13 44
13 48
13 53
13 54
13 55
13 57
13 59
13 63
13 64
13 68
13 69
13 71
13 74
13 78
13 87
13 90
13 91
13 94
13 96
13 99
13 104
13 108
13 110
13 112
13 117
13 125
13 134
14 17
14 22
14 27
14 28
14 29
14 34
14 37
14 43
14 46
14 48
14 49
14 55
14 60
14 74
14 76
14 80
14 81
14 95
14 101
14 104
14 109
14 113
14 116
14 127
14 128
14 130
14 133
14 134
15 17
15 20
15 24
15 26
15 27
15 33
15 34
15 37
15 38
15 40
15 45
15 49
15 53
15 60
15 61
15 62
15 65
15 70
15 71
15 74
15 75
15 80
15 81
15 84
15 87
15 92
15 93
15 97
15 100
15 102
15 116
15 117
15 120
15 122
15 124
15 127
15 128
15 129
15 132
15 139
16 17
16 22
16 30
16 32
16 36
16 40
16 43
16 45
16 53
16 57
16 61
16 66
16 67
16 74
16 83
16 86
16 93
16 95
16 99
16 100
16 104
16 106
16 107
16 123
16 126
16 136
16 139
17 24
17 35
17 36
17 38
17 41
17 43
17 44
17 57
17 59
17 68
17 73
17 77
17 80
17 83
17 87
17 90
17 96
17 98
17 99
17 101
17 102
17 103
17 106
17 107
17 111
17 112
17 118
17 119
17 121
17 122
17 123
17 125
17 133
17 134
17 136
17 137
18 19
18 20
18 21
18 23
18 26
18 27
18 34
18 36
18 38
18 42
18 44
18 45
18 46
18 49
18 54
18 56
18 57
18 70
18 71
18 72
18 82
18 86
18 89
18 95
18 98
18 100
18 104
18 108
18 109
18 111
18 114
18 115
18 116
18 118
18 123
18 124
18 125
18 128
18 133
18 136
18 138
18 139
19 20
19 21
19 22
19 24
19 28
19 30
19 33
19 39
19 40
19 41
19 43
19 45
19 46
19 47
19 50
19 58
19 59
19 60
19 61
19 62
19 63
19 64
19 66
19 68
19 70
19 75
19 77
19 80
19 82
19 87
19 89
19 91
19 93
19 94
19 95
19 98
19 101
19 104
19 109
19 114
19 116
19 119
19 128
19 138
20 21
20 23
20 25
20 28
20 30
20 32
20 36
20 40
20 44
20 45
20 47
20 51
20 52
20 56
20 59
20 60
20 64
20 65
20 66
20 68
20 70
20 71
20 72
20 77
20 78
20 79
20 80
20 84
20 86
20 88
20 92
20 96
20 98
20 102
20 106
20 107
20 109
20 112
20 113
20 114
20 124
20 129
20 135
21 22
21 24
21 26
21 32
21 35
21 41
21 44
21 46
21 47
21 48
21 49
21 50
21 51
21 59
21 61
21 65
21 69
21 76
21 77
21 84
21 86
21 87
21 92
21 94
21 95
21 99
21 105
21 106
21 111
21 113
21 117
21 118
21 123
21 126
21 131
21 132
21 134
21 139
22 23
22 28
22 31
22 32
22 35
22 40
22 47
22 48
22 50
22 55
22 61
22 66
22 67
22 69
22 73
22 76
22 84
22 87
22 90
22 92
22 101
22 116
22 120
22 122
22 124
22 125
22 127
22 128
22 129
22 134
22 136
23 26
23 27
23 28
23 30
23 44
23 50
23 51
23 54
23 58
23 60
23 61
23 64
23 65
23 73
23 80
23 82
23 86
23 93
23 98
23 99
23 101
23 105
23 108
23 113
23 118
23 126
23 128
23 134
23 136
23 139
24 25
24 27
24 33
24 34
24 35
24 37
24 38
24 39
24 43
24 46
24 48
24 51
24 64
24 66
24 68
24 74
24 75
24 77
24 79
24 80
24 82
24 84
24 89
24 93
24 94
24 95
24 102
24 104
24 106
24 113
24 114
24 116
24 122
24 126
24 132
24 134
24 136
24 138
25 27
25 31
25 35
25 39
25 44
25 52
25 54
25 59
25 67
25 75
25 81
25 83
25 88
25 89
25 90
25 94
25 95
25 101
25 107
25 111
25 114
25 128
25 137
26 31
26 38
26 42
26 49
26 51
26 53
26 56
26 62
26 70
26 74
26 79
26 80
26 82
26 94
26 95
26 96
26 98
26 100
26 101
26 103
26 105
26 108
26 110
26 112
26 113
26 118
26 119
26 120
26 122
26 129
26 131
26 133
26 135
26 136
27 33
27 40
27 41
27 49
27 52
27 53
27 54
27 55
27 58
27 59
27 65
27 66
27 67
27 71
27 72
27 75
27 77
27 80
27 86
27 87
27 90
27 91
27 93
27 100
27 101
27 103
27 106
27 109
27 111
27 112
27 113
27 116
27 117
27 119
27 120
27 122
27 123
27 127
27 128
27 129
27 132
27 136
28 31
28 33
28 35
28 40
28 43
28 45
28 50
28 51
28 55
28 60
28 64
28 67
28 71
28 76
28 83
28 94
28 99
28 106
28 110
28 111
28 116
28 118
28 122
28 125
28 126
28 127
28 133
28 134
28 135
28 136
28 139
29 33
29 34
29 36
29 37
29 38
29 42
29 50
29 51
29 53
29 55
29 56
29 58
29 60
29 65
29 85
29 87
29 88
29 89
29 90
29 94
29 95
29 99
29 102
29 103
29 104
29 107
29 109
29 110
29 115
29 117
29 124
29 125
29 132
29 134
30 42
30 43
30 44
30 45
30 54
30 65
30 66
30 70
30 73
30 74
30 76
30 77
30 80
30 84
30 86
30 89
30 92
30 94
30 98
30 105
30 106
30 112
30 122
30 125
30 126
30 127
30 130
30 131
30 133
30 139
31 40
31 43
31 45
31 50
31 53
31 54
31 56
31 59
31 64
31 66
31 67
31 68
31 71
31 73
31 84
31 85
31 86
31 87
31 88
31 93
31 96
31 97
31 99
31 101
31 104
31 106
31 108
31 111
31 113
31 114
31 119
31 122
31 123
31 138
31 139
32 39
32 45
32 47
32 48
32 51
32 52
32 57
32 60
32 62
32 65
32 70
32 73
32 77
32 83
32 86
32 91
32 94
32 98
32 100
32 103
32 105
32 107
32 110
32 117
32 118
32 126
32 130
32 136
33 35
33 36
33 39
33 42
33 45
33 47
33 48
33 49
33 50
33 51
33 52
33 55
33 58
33 64
33 65
33 73
33 77
33 79
33 83
33 84
33 96
33 102
33 103
33 108
33 120
33 122
33 127
33 128
33 130
33 131
33 132
33 134
33 135
33 137
34 40
34 42
34 52
34 55
34 58
34 59
34 70
34 71
34 72
34 74
34 76
34 78
34 79
34 87
34 92
34 93
34 94
34 99
34 106
34 112
34 115
34 117
34 121
34 125
34 129
34 130
34 131
34 132
34 135
34 139
35 36
35 37
35 39
35 40
35 48
35 49
35 50
35 57
35 60
35 62
35 64
35 66
35 73
35 79
35 88
35 90
35 93
35 94
35 97
35 101
35 103
35 111
35 112
35 117
35 125
35 127
35 128
35 130
35 133
35 134
35 135
35 136
36 37
36 39
36 43
36 45
36 51
36 57
36 60
36 62
36 64
36 65
36 67
36 71
36 82
36 84
36 91
36 96
36 98
36 99
36 100
36 105
36 107
36 111
36 118
36 125
36 127
36 129
36 132
36 134
36 135
37 38
37 42
37 43
37 44
37 57
37 60
37 62
37 64
37 65
37 66
37 72
37 75
37 77
37 82
37 85
37 87
37 88
37 90
37 91
37 99
37 100
37 102
37 103
37 111
37 112
37 114
37 120
37 124
37 132
37 134
37 135
38 39
38 41
38 43
38 45
38 50
38 56
38 57
38 61
38 64
38 68
38 73
38 77
38 79
38 80
38 83
38 89
38 101
38 102
38 103
38 109
38 110
38 111
38 113
38 123
38 125
38 130
38 132
38 136
39 44
39 46
39 48
39 50
39 51
39 54
39 55
39 58
39 59
39 63
39 64
39 68
39 71
39 72
39 73
39 78
39 79
39 80
39 83
39 85
39 86
39 87
39 89
39 98
39 102
39 103
39 104
39 106
39 108
39 110
39 111
39 112
39 119
39 120
39 121
39 122
39 127
39 131
39 133
39 134
39 135
39 136
40 41
40 43
40 48
40 49
40 50
40 51
40 57
40 58
40 59
40 61
40 67
40 70
40 74
40 76
40 78
40 80
40 89
40 94
40 97
40 100
40 101
40 104
40 105
40 108
40 110
40 115
40 116
40 118
40 119
40 122
40 123
40 126
40 128
40 131
40 137
41 46
41 47
41 48
41 51
41 56
41 61
41 64
41 66
41 71
41 72
41 73
41 77
41 84
41 85
41 90
41 91
41 92
41 96
41 97
41 105
41 106
41 111
41 113
41 117
41 118
41 125
41 126
41 127
41 128
41 129
41 130
41 134
41 137
42 45
42 48
42 51
42 60
42 62
42 64
42 65
42 67
42 75
42 77
42 79
42 80
42 82
42 84
42 87
42 88
42 89
42 93
42 94
42 97
42 101
42 103
42 112
42 113
42 114
42 115
42 121
42 128
42 129
42 133
43 45
43 47
43 51
43 52
43 54
43 58
43 59
43 75
43 85
43 86
43 89
43 95
43 98
43 105
43 109
43 112
43 113
43 115
43 118
43 123
43 128
43 133
43 135
43 136
43 137
44 45
44 49
44 50
44 53
44 56
44 58
44 61
44 62
44 66
44 70
44 72
44 73
44 74
44 77
44 78
44 80
44 83
44 84
44 85
44 87
44 88
44 89
44 90
44 96
44 98
44 99
44 107
44 110
44 115
44 117
44 121
44 123
44 124
44 130
44 133
44 137
44 138
45 46
45 47
45 52
45 56
45 62
45 67
45 68
45 69
45 71
45 72
45 75
45 76
45 79
45 80
45 83
45 89
45 90
45 93
45 98
45 103
45 104
45 105
45 110
45 111
45 115
45 120
45 131
45 132
45 133
45 134
45 136
46 47
46 53
46 55
46 57
46 58
46 60
46 69
46 70
46 71
46 73
46 80
46 82
46 84
46 86
46 89
46 91
46 92
46 97
46 100
46 101
46 103
46 105
46 106
46 112
46 125
46 127
46 131
46 136
46 137
47 56
47 63
47 72
47 77
47 79
47 84
47 85
47 87
47 88
47 94
47 99
47 108
47 111
47 116
47 120
47 122
47 126
47 132
47 136
48 50
48 52
48 58
48 59
48 64
48 72
48 76
48 77
48 83
48 85
48 87
48 90
48 91
48 92
48 95
48 98
48 99
48 108
48 110
48 111
48 114
48 115
48 116
48 118
48 128
49 58
49 61
49 62
49 63
49 66
49 76
49 80
49 84
49 87
49 90
49 95
49 100
49 102
49 103
49 104
49 107
49 111
49 113
49 114
49 116
49 117
49 122
49 125
49 129
50 53
50 55
50 67
50 69
50 71
50 77
50 86
50 87
50 88
50 90
50 93
50 97
50 101
50 109
50 112
50 113
50 115
50 132
50 133
50 134
51 56
51 57
51 63
51 70
51 72
51 77
51 83
51 84
51 85
51 87
51 88
51 92
51 93
51 96
51 97
51 98
51 100
51 104
51 105
51 110
51 115
51 122
51 125
51 126
51 132
51 137
51 138
51 139
52 55
52 57
52 59
52 63
52 65
52 67
52 68
52 69
52 78
52 79
52 80
52 83
52 85
52 103
52 104
52 108
52 111
52 114
52 118
52 119
52 120
52 122
52 128
52 130
52 132
52 134
52 136
52 137
53 54
53 63
53 65
53 67
53 72
53 73
53 74
53 77
53 79
53 80
53 81
53 86
53 91
53 92
53 96
53 100
53 113
53 115
53 117
53 121
53 125
53 137
54 58
54 65
54 66
54 68
54 80
54 84
54 89
54 93
54 95
54 99
54 103
54 104
54 105
54 117
54 123
54 135
55 64
55 65
55 70
55 73
55 75
55 77
55 80
55 81
55 84
55 92
55 94
55 95
55 97
55 99
55 105
55 106
55 116
55 117
55 119
55 120
55 121
55 127
55 129
55 134
55 139
56 57
56 60
56 63
56 64
56 65
56 69
56 73
56 76
56 78
56 80
56 83
56 87
56 88
56 93
56 97
56 99
56 107
56 110
56 111
56 113
56 118
56 120
56 121
56 124
56 127
56 134
56 135
56 139
57 59
57 65
57 68
57 72
57 73
57 84
57 89
57 93
57 94
57 95
57 103
57 106
57 107
57 111
57 113
57 114
57 115
57 118
57 119
57 123
57 128
57 129
57 130
57 135
57 136
57 138
57 139
58 61
58 63
58 67
58 72
58 73
58 74
58 75
58 81
58 86
58 87
58 95
58 97
58 98
58 101
58 108
58 109
58 110
58 115
58 116
58 117
58 119
58 120
58 126
58 129
58 132
58 137
58 139
59 61
59 63
59 64
59 81
59 88
59 89
59 91
59 95
59 96
59 97
59 98
59 99
59 103
59 108
59 113
59 116
59 118
59 120
59 124
59 130
59 131
59 134
59 136
59 139
60 62
60 68
60 74
60 84
60 88
60 90
60 91
60 96
60 102
60 103
60 107
60 110
60 111
60 113
60 116
60 117
60 118
60 119
60 121
60 122
60 129
60 131
60 136
61 64
61 72
61 73
61 75
61 77
61 79
61 80
61 83
61 87
61 102
61 106
61 107
61 120
61 124
61 125
61 126
61 127
61 129
61 130
61 136
61 137
62 64
62 69
62 77
62 79
62 82
62 87
62 92
62 104
62 105
62 117
62 122
62 123
62 125
62 129
62 134
62 138
63 66
63 67
63 69
63 72
63 73
63 81
63 83
63 84
63 86
63 89
63 91
63 92
63 93
63 97
63 107
63 116
63 118
63 122
63 126
63 128
63 130
63 134
64 68
64 69
64 73
64 74
64 76
64 77
64 78
64 84
64 85
64 88
64 95
64 98
64 99
64 104
64 105
64 110
64 113
64 117
64 118
64 119
64 122
64 123
64 124
64 126
64 132
64 135
65 70
65 71
65 72
65 79
65 84
65 93
65 95
65 96
65 97
65 101
65 105
65 106
65 112
65 113
65 115
65 120
65 123
65 126
65 129
65 131
65 133
65 136
65 137
66 68
66 69
66 73
66 81
66 84
66 85
66 86
66 92
66 94
66 97
66 98
66 99
66 105
66 108
66 110
66 116
66 124
66 126
66 127
66 136
67 70
67 73
67 76
67 83
67 86
67 88
67 93
67 108
67 116
67 117
67 118
67 121
67 125
67 126
67 130
67 132
67 135
67 137
68 70
68 78
68 81
68 85
68 87
68 90
68 94
68 102
68 104
68 109
68 111
68 112
68 113
68 115
68 126
68 128
68 129
68 131
68 132
68 133
68 134
68 135
68 136
68 138
69 70
69 71
69 73
69 75
69 76
69 78
69 83
69 87
69 93
69 97
69 101
69 102
69 103
69 111
69 113
69 114
69 115
69 116
69 120
69 134
69 137
69 139
70 71
70 81
70 82
70 91
70 93
70 94
70 99
70 109
70 111
70 112
70 113
70 120
70 123
70 129
70 130
70 131
70 132
70 134
70 135
70 137
70 138
71 73
71 79
71 80
71 82
71 83
71 84
71 93
71 95
71 98
71 100
71 102
71 106
71 110
71 112
71 113
71 117
71 121
71 122
71 126
71 127
71 130
72 74
72 78
72 79
72 80
72 83
72 89
72 91
72 94
72 95
72 96
72 115
72 122
72 123
72 127
72 128
72 129
72 134
72 135
72 138
73 74
73 76
73 80
73 82
73 83
73 84
73 88
73 95
73 96
73 97
73 101
73 109
73 113
73 117
73 123
73 124
73 132
73 137
74 76
74 77
74 78
74 82
74 83
74 85
74 86
74 95
74 97
74 98
74 112
74 114
74 116
74 118
74 137
74 138
75 78
75 79
75 80
75 82
75 83
75 86
75 87
75 94
75 95
75 97
75 98
75 103
75 104
75 105
75 110
75 111
75 113
75 117
75 118
75 122
75 124
75 133
75 137
76 81
76 89
76 91
76 93
76 95
76 98
76 104
76 109
76 110
76 111
76 112
76 115
76 117
76 129
76 133
76 134
76 135
76 139
77 94
77 97
77 98
77 104
77 115
77 116
77 123
77 125
77 134
78 82
78 88
78 89
78 93
78 95
78 97
78 98
78 102
78 103
78 105
78 109
78 116
78 124
78 126
78 128
78 130
78 136
79 86
79 87
79 89
79 97
79 99
79 101
79 107
79 108
79 113
79 114
79 117
79 118
79 124
79 125
79 127
79 134
79 135
79 139
80 81
80 82
80 86
80 91
80 92
80 93
80 94
80 97
80 102
80 107
80 108
80 110
80 111
80 115
80 116
80 124
80 127
80 130
80 139
81 88
81 90
81 92
81 93
81 95
81 97
81 98
81 99
81 100
81 101
81 103
81 106
81 107
81 108
81 113
81 117
81 120
81 123
81 125
81 126
81 128
81 129
81 131
81 135
81 136
82 86
82 88
82 90
82 91
82 95
82 96
82 99
82 102
82 104
82 109
82 113
82 117
82 128
82 133
82 134
82 135
83 87
83 90
83 94
83 100
83 102
83 106
83 107
83 110
83 114
83 118
83 119
83 125
83 129
83 130
83 135
83 137
84 87
84 90
84 92
84 98
84 99
84 103
84 104
84 112
84 113
84 121
84 128
84 132
84 133
84 135
85 87
85 89
85 91
85 95
85 99
85 102
85 105
85 116
85 121
85 122
85 124
85 125
85 126
85 128
85 136
85 138
86 93
86 97
86 99
86 100
86 101
86 105
86 107
86 109
86 114
86 126
86 130
86 131
86 135
86 137
86 139
87 88
87 89
87 91
87 93
87 94
87 97
87 98
87 100
87 102
87 104
87 107
87 109
87 111
87 117
87 118
87 124
87 126
87 134
87 136
87 138
88 89
88 92
88 95
88 96
88 97
88 99
88 101
88 107
88 114
88 116
88 119
88 124
88 126
88 128
88 130
89 91
89 94
89 98
89 109
89 112
89 113
89 114
89 115
89 116
89 117
89 121
89 122
89 123
89 124
89 128
89 134
90 94
90 98
90 99
90 102
90 107
90 113
90 117
90 120
90 126
90 139
91 94
91 97
91 99
91 102
91 105
91 116
91 128
91 131
91 134
91 135
91 137
91 139
92 99
92 100
92 105
92 106
92 107
92 110
92 111
92 114
92 119
92 120
92 125
92 128
92 133
93 98
93 99
93 100
93 107
93 118
93 120
93 126
93 127
93 128
93 131
93 133
93 134
94 96
94 97
94 107
94 109
94 112
94 115
94 119
94 121
94 127
94 129
94 135
94 136
95 99
95 102
95 104
95 106
95 110
95 114
95 118
95 120
95 125
95 128
95 131
95 135
95 138
96 103
96 107
96 109
96 113
96 114
96 115
96 116
96 123
96 125
96 132
96 133
96 137
96 139
97 104
97 106
97 108
97 111
97 113
97 123
97 134
97 137
98 104
98 107
98 111
98 114
98 115
98 116
98 119
98 121
98 126
98 127
98 128
98 130
98 132
98 136
99 100
99 102
99 103
99 108
99 111
99 115
99 117
99 122
99 123
99 124
99 129
99 131
99 132
99 138
100 101
100 111
100 112
100 115
100 119
100 120
100 122
100 123
100 125
100 130
100 131
101 117
101 123
101 127
101 128
101 137
101 138
102 109
102 114
102 123
102 130
102 136
102 137
103 104
103 105
103 106
103 107
103 109
103 111
103 112
103 113
103 118
103 122
103 125
103 132
103 137
104 107
104 111
104 112
104 114
104 118
104 126
104 131
104 134
104 136
104 137
104 138
104 139
105 110
105 112
105 113
105 116
105 124
105 128
105 136
106 108
106 111
106 112
106 116
106 118
106 120
106 122
106 123
106 125
106 127
106 129
106 131
106 135
106 139
107 109
107 116
107 122
107 124
107 129
107 134
107 136
107 139
108 109
108 111
108 114
108 116
108 117
108 118
108 121
108 126
108 127
108 128
108 132
108 138
109 110
109 114
109 118
109 119
109 120
109 124
109 125
109 127
109 129
109 133
109 134
109 136
110 113
110 115
110 118
110 119
110 122
110 123
110 129
110 131
110 132
110 133
111 114
111 119
111 126
111 127
111 130
111 133
111 136
111 137
112 113
112 114
112 118
112 119
112 124
112 129
112 130
112 131
112 133
112 134
112 135
112 136
112 137
112 138
113 116
113 121
113 128
113 130
113 131
113 135
113 136
113 139
114 116
114 121
114 122
114 127
114 128
114 138
114 139
115 116
115 120
115 121
115 122
115 127
115 128
115 131
115 138
116 119
116 121
116 128
116 136
116 137
117 118
117 119
117 127
117 139
118 122
118 124
118 126
118 128
118 129
118 130
118 131
118 132
118 134
118 137
118 138
119 120
119 121
119 122
119 124
119 129
119 133
119 137
120 127
120 129
120 133
120 135
121 127
121 128
121 132
121 137
122 123
122 124
122 127
122 129
122 132
122 137
122 138
122 139
123 124
123 129
123 130
124 125
124 127
124 130
124 137
125 126
125 128
125 131
125 132
125 137
125 138
126 127
126 128
126 135
126 138
126 139
127 129
127 131
127 132
127 138
128 129
128 134
128 139
129 130
129 132
129 134
129 137
129 139
130 132
130 134
130 138
130 139
131 133
132 135
132 136
132 137
133 137
133 139
134 135
134 139
135 139
136 137
136 138
23 44 130 10 123 42 35 114 1 133 48 31 52 137
57 100 19 81 74 99 8 88 5 59 102 95 124 9
91 86 105 97 82 87 132 94 24 58 120 40 22 111
25 53 6 75 54 116 110 69 29 129 80 71 60 64
139 113 115 15 20 28 68 41 11 45 136 2 98 34
70 30 107 12 122 126 65 128 72 138 21 39 47 131
43 101 84 93 135 67 55 38 18 76 90 79 63 83
77 26 4 0 13 85 51 96 46 106 49 62 118 56
32 37 92 109 112 121 108 104 66 119 3 127 17 36
33 125 103 117 89 50 78 14 16 134 27 61 7 73
