140
2890
7
0 2
0 6
0 7
0 8
0 10
0 19
0 22
0 27
0 32
0 34
0 38
0 41
0 55
0 56
0 64
0 67
0 72
0 75
0 82
0 88
0 90
0 92
0 93
0 95
0 97
0 99
0 101
0 104
0 106
0 107
0 113
0 126
0 127
0 129
0 131
0 132
0 134
0 139
1 2
1 3
1 4
1 5
1 8
1 9
1 14
1 17
1 18
1 19
1 21
1 22
1 29
1 31
1 36
1 37
1 48
1 51
1 54
1 56
1 58
1 59
1 62
1 65
1 66
1 67
1 69
1 72
1 74
1 81
1 82
1 86
1 90
1 91
1 92
1 93
1 99
1 101
1 104
1 107
1 108
1 112
1 115
1 118
1 122
1 123
1 124
1 134
1 135
1 137
2 3
2 4
2 5
2 8
2 9
2 18
2 19
2 29
2 31
2 34
2 37
2 45
2 48
2 51
2 52
2 54
2 56
2 59
2 62
2 63
2 65
2 69
2 70
2 79
2 80
2 83
2 84
2 86
2 87
2 91
2 101
2 103
2 104
2 106
2 108
2 109
2 110
2 112
2 115
2 116
2 118
2 121
2 122
2 129
2 130
2 131
2 133
2 137
3 6
3 8
3 9
3 10
3 21
3 23
3 28
3 34
3 39
3 40
3 47
3 48
3 50
3 51
3 57
3 61
3 66
3 68
3 69
3 70
3 74
3 76
3 78
3 81
3 90
3 91
3 93
3 94
3 96
3 98
3 101
3 103
3 105
3 110
3 112
3 113
3 115
3 118
3 119
3 120
3 121
3 122
3 124
3 125
3 128
3 129
3 138
4 5
4 16
4 17
4 25
4 27
4 28
4 31
4 35
4 36
4 38
4 49
4 51
4 56
4 60
4 70
4 71
4 76
4 87
4 88
4 89
4 90
4 97
4 101
4 104
4 105
4 106
4 110
4 115
4 116
4 120
4 121
4 124
4 126
4 127
4 128
4 129
4 131
4 139
5 6
5 9
5 13
5 28
5 30
5 32
5 33
5 34
5 37
5 42
5 45
5 46
5 49
5 55
5 60
5 64
5 67
5 68
5 80
5 81
5 87
5 93
5 97
5 99
5 100
5 101
5 102
5 103
5 113
5 116
5 117
5 118
5 127
5 129
5 130
6 7
6 12
6 14
6 17
6 18
6 19
6 20
6 24
6 29
6 33
6 35
6 41
6 42
6 47
6 48
6 51
6 55
6 59
6 65
6 72
6 74
6 78
6 80
6 82
6 85
6 90
6 92
6 94
6 95
6 96
6 97
6 98
6 99
6 101
6 104
6 105
6 107
6 111
6 116
6 118
6 119
6 128
6 129
6 138
7 11
7 13
7 15
7 16
7 22
7 23
7 24
7 27
7 35
7 37
7 38
7 48
7 49
7 53
7 54
7 55
7 56
7 62
7 77
7 84
7 96
7 100
7 104
7 105
7 107
7 108
7 112
7 117
7 121
7 125
7 126
7 128
7 131
7 132
8 12
8 13
8 21
8 22
8 25
8 30
8 31
8 35
8 39
8 42
8 43
8 47
8 48
8 49
8 50
8 53
8 55
8 56
8 58
8 60
8 64
8 67
8 70
8 77
8 86
8 88
8 90
8 105
8 111
8 114
8 123
8 125
8 126
8 128
8 131
8 135
8 136
9 11
9 14
9 15
9 17
9 21
9 39
9 40
9 41
9 42
9 48
9 49
9 50
9 53
9 58
9 72
9 77
9 80
9 81
9 82
9 84
9 90
9 93
9 100
9 102
9 104
9 115
9 117
9 121
9 123
9 124
9 129
9 132
9 138
9 139
10 11
10 12
10 15
10 16
10 18
10 21
10 23
10 26
10 27
10 29
10 30
10 31
10 32
10 40
10 44
10 45
10 46
10 53
10 54
10 62
10 63
10 65
10 67
10 71
10 73
10 76
10 78
10 79
10 83
10 86
10 88
10 98
10 100
10 101
10 103
10 105
10 108
10 115
10 119
10 125
10 128
10 135
10 139
11 13
11 15
11 19
11 20
11 24
11 26
11 29
11 34
11 39
11 43
11 45
11 46
11 47
11 48
11 49
11 52
11 53
11 55
11 61
11 62
11 64
11 65
11 66
11 68
11 69
11 73
11 74
11 82
11 83
11 84
11 88
11 101
11 106
11 111
11 112
11 115
11 118
11 119
11 124
11 125
11 126
11 127
11 128
11 129
11 131
11 134
11 136
11 138
11 139
12 16
12 17
12 21
12 23
12 28
12 43
12 46
12 48
12 49
12 50
12 52
12 56
12 58
12 60
12 63
12 76
12 80
12 88
12 89
12 97
12 100
12 106
12 108
12 111
12 112
12 118
12 126
12 127
12 133
13 14
13 16
13 22
13 24
13 30
13 33
13 36
13 37
13 38
13 39
13 43
13 44
13 47
13 55
13 59
13 62
13 70
13 71
13 77
13 81
13 82
13 91
13 99
13 103
13 104
13 110
13 111
13 112
13 113
13 114
13 123
13 138
14 22
14 25
14 27
14 28
14 31
14 32
14 33
14 37
14 40
14 41
14 43
14 44
14 45
14 46
14 47
14 52
14 54
14 57
14 62
14 70
14 74
14 76
14 77
14 78
14 81
14 85
14 95
14 100
14 101
14 102
14 107
14 113
14 115
14 117
14 118
14 123
14 126
14 127
14 134
14 136
14 137
15 18
15 22
15 37
15 39
15 51
15 55
15 57
15 61
15 63
15 69
15 71
15 78
15 83
15 84
15 85
15 86
15 91
15 93
15 97
15 98
15 99
15 100
15 101
15 102
15 104
15 107
15 108
15 111
15 113
15 116
15 119
15 120
15 121
15 125
15 128
15 129
15 130
15 131
15 132
15 133
15 137
15 139
16 18
16 19
16 20
16 21
16 28
16 35
16 36
16 39
16 44
16 45
16 46
16 47
16 50
16 54
16 62
16 69
16 70
16 75
16 78
16 82
16 83
16 93
16 94
16 96
16 98
16 101
16 112
16 113
16 121
16 126
16 130
16 132
16 134
17 25
17 26
17 30
17 33
17 34
17 36
17 38
17 39
17 40
17 41
17 43
17 47
17 53
17 65
17 66
17 70
17 76
17 81
17 88
17 90
17 96
17 101
17 103
17 107
17 108
17 109
17 110
17 111
17 116
17 120
17 122
17 134
17 137
17 138
18 19
18 23
18 29
18 33
18 37
18 38
18 40
18 41
18 44
18 53
18 54
18 75
18 76
18 77
18 80
18 81
18 83
18 84
18 85
18 88
18 89
18 105
18 107
18 110
18 113
18 114
18 115
18 117
18 118
18 133
18 134
18 136
18 137
19 21
19 23
19 29
19 30
19 34
19 37
19 38
19 44
19 48
19 54
19 63
19 66
19 67
19 74
19 76
19 81
19 83
19 86
19 89
19 93
19 94
19 96
19 97
19 105
19 109
19 110
19 112
19 115
19 116
19 118
19 121
19 122
19 124
19 139
20 32
20 35
20 37
20 38
20 39
20 41
20 42
20 45
20 46
20 47
20 49
20 51
20 52
20 54
20 55
20 65
20 75
20 79
20 80
20 85
20 89
20 91
20 93
20 97
20 100
20 104
20 108
20 109
20 112
20 114
20 117
20 118
20 120
20 130
20 136
20 139
21 25
21 27
21 31
21 33
21 34
21 35
21 37
21 43
21 52
21 54
21 55
21 56
21 59
21 64
21 66
21 68
21 69
21 70
21 71
21 74
21 82
21 84
21 85
21 92
21 98
21 107
21 108
21 111
21 116
21 121
21 122
21 123
21 124
21 129
21 130
21 132
21 135
21 137
21 138
22 24
22 25
22 27
22 28
22 31
22 35
22 37
22 40
22 42
22 45
22 48
22 51
22 52
22 53
22 64
22 66
22 68
22 71
22 72
22 73
22 76
22 77
22 78
22 81
22 83
22 84
22 87
22 90
22 91
22 93
22 99
22 101
22 102
22 106
22 110
22 114
22 116
22 117
22 120
22 129
22 133
22 135
22 137
22 138
23 26
23 27
23 29
23 36
23 44
23 47
23 51
23 53
23 56
23 60
23 67
23 70
23 72
23 73
23 76
23 78
23 91
23 93
23 99
23 101
23 104
23 105
23 109
23 113
23 117
23 124
23 126
23 129
23 134
23 135
23 139
24 30
24 33
24 37
24 44
24 46
24 55
24 56
24 58
24 60
24 63
24 68
24 69
24 70
24 72
24 73
24 77
24 78
24 80
24 81
24 83
24 84
24 87
24 89
24 90
24 97
24 103
24 108
24 109
24 110
24 121
24 125
24 127
24 133
24 134
24 137
24 139
25 28
25 34
25 39
25 40
25 43
25 47
25 48
25 51
25 54
25 55
25 57
25 62
25 68
25 73
25 74
25 76
25 80
25 82
25 84
25 86
25 89
25 90
25 100
25 104
25 106
25 116
25 119
25 126
25 128
25 132
26 35
26 36
26 40
26 41
26 53
26 54
26 61
26 69
26 74
26 78
26 83
26 86
26 87
26 88
26 90
26 91
26 93
26 99
26 100
26 102
26 103
26 104
26 107
26 111
26 118
26 121
26 123
26 128
26 136
26 139
27 29
27 35
27 37
27 43
27 61
27 63
27 65
27 66
27 73
27 77
27 79
27 81
27 82
27 88
27 101
27 108
27 111
27 113
27 119
27 121
27 123
27 128
27 135
27 139
28 30
28 34
28 37
28 38
28 42
28 43
28 45
28 46
28 47
28 52
28 57
28 58
28 60
28 65
28 71
28 75
28 78
28 79
28 80
28 81
28 89
28 94
28 95
28 96
28 100
28 102
28 103
28 107
28 112
28 118
28 120
28 122
28 123
28 124
28 129
28 131
28 134
29 31
29 32
29 34
29 37
29 54
29 55
29 57
29 61
29 72
29 77
29 80
29 82
29 84
29 85
29 92
29 93
29 95
29 97
29 101
29 102
29 104
29 108
29 109
29 112
29 119
29 124
29 125
29 131
29 136
30 31
30 32
30 37
30 38
30 40
30 43
30 46
30 51
30 54
30 59
30 62
30 67
30 68
30 77
30 78
30 79
30 81
30 88
30 92
30 98
30 101
30 108
30 111
30 120
30 121
30 122
30 123
30 124
30 125
30 126
30 127
30 133
30 135
30 137
30 139
31 33
31 34
31 39
31 41
31 48
31 53
31 58
31 59
31 62
31 64
31 66
31 69
31 71
31 73
31 74
31 76
31 77
31 93
31 95
31 99
31 106
31 107
31 114
31 115
31 121
31 124
31 125
31 127
31 130
31 131
32 33
32 35
32 37
32 39
32 41
32 42
32 44
32 45
32 47
32 59
32 61
32 63
32 66
32 67
32 75
32 78
32 84
32 87
32 88
32 90
32 95
32 97
32 99
32 102
32 106
32 107
32 108
32 113
32 114
32 115
32 119
32 122
32 123
32 130
32 131
32 134
32 139
33 36
33 39
33 40
33 47
33 50
33 56
33 59
33 62
33 70
33 71
33 73
33 79
33 87
33 88
33 89
33 90
33 91
33 96
33 107
33 108
33 112
33 113
33 120
33 123
33 126
33 127
33 130
33 131
33 134
33 137
34 35
34 41
34 42
34 43
34 48
34 51
34 55
34 57
34 62
34 64
34 66
34 70
34 80
34 82
34 83
34 84
34 85
34 86
34 101
34 104
34 109
34 122
34 123
34 127
34 136
34 138
34 139
35 41
35 42
35 44
35 45
35 50
35 55
35 59
35 60
35 61
35 63
35 68
35 77
35 80
35 87
35 89
35 92
35 94
35 99
35 100
35 102
35 105
35 113
35 114
35 117
35 121
35 133
35 139
36 42
36 44
36 50
36 51
36 52
36 59
36 62
36 64
36 67
36 68
36 73
36 80
36 81
36 86
36 87
36 89
36 92
36 96
36 100
36 105
36 108
36 115
36 117
36 119
36 120
36 125
36 126
36 128
36 129
36 134
37 40
37 44
37 50
37 55
37 56
37 64
37 67
37 68
37 69
37 74
37 75
37 79
37 80
37 81
37 82
37 85
37 86
37 88
37 89
37 90
37 91
37 94
37 100
37 102
37 104
37 106
37 109
37 111
37 117
37 118
37 121
37 123
37 133
37 134
37 137
38 48
38 55
38 58
38 61
38 63
38 64
38 71
38 73
38 81
38 85
38 92
38 95
38 96
38 99
38 104
38 108
38 109
38 112
38 113
38 116
38 120
38 121
38 123
38 132
38 136
39 42
39 43
39 48
39 51
39 53
39 54
39 59
39 61
39 67
39 69
39 75
39 79
39 81
39 82
39 86
39 92
39 95
39 101
39 102
39 108
39 110
39 111
39 117
39 118
39 120
39 121
39 122
39 123
39 130
39 131
39 135
40 44
40 45
40 47
40 48
40 50
40 54
40 57
40 66
40 67
40 70
40 71
40 74
40 76
40 82
40 83
40 84
40 87
40 88
40 89
40 93
40 94
40 95
40 96
40 97
40 102
40 109
40 115
40 116
40 119
40 121
40 124
40 127
40 137
41 44
41 45
41 58
41 59
41 60
41 63
41 70
41 71
41 75
41 76
41 77
41 79
41 80
41 93
41 95
41 98
41 103
41 107
41 108
41 109
41 111
41 112
41 113
41 114
41 116
41 117
41 119
41 120
41 126
41 132
42 45
42 46
42 47
42 56
42 58
42 61
42 69
42 72
42 73
42 74
42 76
42 79
42 81
42 82
42 85
42 89
42 92
42 95
42 100
42 105
42 112
42 118
42 122
42 130
42 131
42 134
42 138
43 46
43 51
43 58
43 60
43 69
43 74
43 77
43 79
43 80
43 82
43 84
43 85
43 86
43 92
43 93
43 101
43 116
43 118
43 121
43 123
43 131
43 133
43 138
43 139
44 45
44 46
44 55
44 58
44 66
44 78
44 87
44 89
44 93
44 94
44 101
44 103
44 104
44 105
44 107
44 114
44 115
44 116
44 122
44 123
44 130
44 131
45 46
45 47
45 49
45 51
45 52
45 56
45 57
45 58
45 59
45 60
45 64
45 67
45 68
45 70
45 74
45 77
45 81
45 87
45 88
45 93
45 104
45 105
45 109
45 112
45 115
45 116
45 119
45 122
45 128
45 131
45 134
45 138
45 139
46 54
46 56
46 57
46 59
46 60
46 61
46 62
46 64
46 65
46 69
46 71
46 74
46 81
46 82
46 84
46 85
46 86
46 89
46 92
46 102
46 105
46 111
46 112
46 116
46 118
46 123
46 126
46 127
46 129
46 130
46 139
47 49
47 56
47 59
47 61
47 64
47 66
47 68
47 70
47 78
47 79
47 80
47 92
47 93
47 94
47 97
47 102
47 119
47 125
47 126
47 133
48 50
48 51
48 55
48 57
48 63
48 73
48 77
48 81
48 85
48 88
48 91
48 92
48 99
48 103
48 110
48 114
48 115
48 116
48 117
48 120
48 122
48 123
48 124
48 129
48 130
48 134
48 139
49 50
49 54
49 55
49 61
49 69
49 71
49 73
49 75
49 76
49 82
49 85
49 86
49 88
49 90
49 94
49 95
49 96
49 97
49 98
49 101
49 104
49 105
49 106
49 108
49 109
49 110
49 117
49 119
49 123
49 137
50 51
50 53
50 56
50 57
50 65
50 69
50 71
50 73
50 80
50 84
50 85
50 86
50 87
50 96
50 98
50 100
50 102
50 105
50 107
50 110
50 111
50 114
50 115
50 119
50 121
50 127
50 128
50 133
50 136
50 137
50 138
51 52
51 53
51 54
51 55
51 56
51 57
51 60
51 66
51 77
51 80
51 81
51 82
51 83
51 85
51 104
51 105
51 108
51 112
51 113
51 116
51 122
51 129
51 130
51 132
51 136
51 139
52 53
52 55
52 58
52 61
52 62
52 64
52 66
52 73
52 76
52 79
52 81
52 84
52 86
52 89
52 91
52 92
52 93
52 97
52 100
52 101
52 103
52 106
52 110
52 114
52 116
52 117
52 118
52 119
52 120
52 121
52 124
52 125
52 127
52 130
52 134
52 135
53 56
53 58
53 71
53 74
53 77
53 79
53 85
53 86
53 87
53 89
53 91
53 101
53 102
53 104
53 106
53 109
53 116
53 118
53 119
53 120
53 123
53 125
53 127
53 128
53 130
53 136
53 139
54 56
54 58
54 59
54 62
54 63
54 64
54 66
54 68
54 70
54 74
54 79
54 80
54 82
54 84
54 88
54 96
54 97
54 100
54 110
54 114
54 116
54 119
54 121
54 122
54 131
54 134
54 135
55 69
55 70
55 73
55 74
55 76
55 79
55 83
55 84
55 85
55 89
55 90
55 92
55 98
55 99
55 100
55 106
55 107
55 109
55 113
55 122
55 125
55 127
55 131
55 132
56 57
56 59
56 60
56 66
56 72
56 73
56 82
56 85
56 86
56 92
56 97
56 99
56 101
56 102
56 108
56 112
56 117
56 120
56 121
56 123
56 126
56 133
56 136
57 61
57 66
57 69
57 70
57 71
57 73
57 74
57 77
57 79
57 87
57 92
57 93
57 106
57 107
57 108
57 109
57 111
57 112
57 113
57 114
57 116
57 117
57 122
57 123
57 127
57 132
57 137
58 62
58 63
58 67
58 72
58 73
58 78
58 84
58 94
58 96
58 100
58 102
58 104
58 108
58 110
58 114
58 117
58 119
58 130
58 133
58 138
59 66
59 67
59 68
59 73
59 74
59 76
59 78
59 79
59 81
59 82
59 83
59 85
59 88
59 89
59 91
59 92
59 94
59 97
59 98
59 101
59 106
59 112
59 118
59 122
59 128
59 132
59 134
59 138
60 62
60 69
60 75
60 78
60 80
60 86
60 88
60 89
60 98
60 101
60 103
60 104
60 106
60 111
60 113
60 115
60 116
60 118
60 124
60 127
60 129
60 133
60 138
61 62
61 72
61 76
61 80
61 81
61 86
61 89
61 91
61 92
61 95
61 98
61 102
61 104
61 114
61 115
61 119
61 120
61 123
61 126
61 127
61 128
61 130
61 132
62 68
62 70
62 72
62 73
62 77
62 81
62 82
62 84
62 88
62 90
62 91
62 98
62 101
62 102
62 104
62 109
62 121
62 123
62 124
62 125
62 128
63 64
63 65
63 67
63 72
63 89
63 94
63 106
63 107
63 108
63 109
63 112
63 113
63 114
63 115
63 127
63 129
63 131
63 134
63 137
63 139
64 67
64 68
64 71
64 73
64 77
64 79
64 80
64 82
64 90
64 94
64 96
64 99
64 100
64 103
64 104
64 105
64 106
64 108
64 112
64 118
64 119
64 129
64 134
64 138
64 139
65 67
65 69
65 71
65 72
65 74
65 78
65 80
65 82
65 86
65 88
65 89
65 95
65 96
65 97
65 98
65 102
65 103
65 112
65 114
65 115
65 116
65 121
65 122
65 128
65 129
65 130
65 134
65 137
65 139
66 69
66 70
66 76
66 86
66 94
66 97
66 98
66 103
66 104
66 106
66 108
66 109
66 111
66 116
66 117
66 121
66 124
66 135
66 136
66 137
67 69
67 76
67 77
67 78
67 84
67 85
67 89
67 90
67 92
67 105
67 106
67 108
67 115
67 117
67 118
67 121
67 122
67 125
67 126
67 128
67 129
67 131
67 136
68 71
68 73
68 74
68 75
68 76
68 81
68 83
68 87
68 88
68 95
68 97
68 98
68 100
68 101
68 103
68 107
68 108
68 112
68 117
68 121
68 127
68 131
68 134
68 135
68 137
69 70
69 71
69 72
69 76
69 78
69 83
69 85
69 88
69 89
69 91
69 92
69 93
69 96
69 97
69 109
69 114
69 126
69 129
70 81
70 86
70 89
70 91
70 94
70 98
70 102
70 103
70 106
70 108
70 126
70 128
70 131
70 134
71 91
71 93
71 94
71 97
71 99
71 101
71 108
71 111
71 113
71 115
71 116
71 117
71 118
71 119
71 123
71 130
71 132
71 134
71 135
71 136
71 137
72 81
72 84
72 91
72 92
72 93
72 104
72 106
72 108
72 110
72 115
72 117
72 119
72 120
72 124
72 126
72 127
72 136
72 138
73 74
73 80
73 81
73 82
73 83
73 84
73 85
73 90
73 92
73 103
73 105
73 106
73 108
73 112
73 114
73 120
73 124
73 131
73 132
73 136
73 138
74 85
74 87
74 100
74 101
74 102
74 103
74 111
74 116
74 117
74 119
74 122
74 127
74 129
74 136
75 80
75 100
75 104
75 107
75 114
75 116
75 117
75 118
75 120
75 123
75 125
75 130
75 132
75 133
75 139
76 82
76 83
76 86
76 88
76 92
76 95
76 104
76 105
76 109
76 123
76 125
76 130
76 133
77 81
77 93
77 96
77 97
77 98
77 100
77 101
77 102
77 104
77 107
77 109
77 111
77 126
77 132
77 136
77 139
78 79
78 80
78 85
78 86
78 93
78 95
78 102
78 103
78 107
78 111
78 114
78 116
78 122
78 124
78 126
78 128
78 135
78 136
79 85
79 90
79 91
79 96
79 100
79 104
79 110
79 111
79 114
79 126
79 128
79 131
79 132
79 137
79 139
80 81
80 82
80 84
80 86
80 90
80 91
80 94
80 100
80 102
80 108
80 113
80 116
80 117
80 121
80 123
80 127
80 128
80 130
80 132
80 133
80 134
80 135
80 137
80 139
81 86
81 89
81 90
81 96
81 97
81 99
81 102
81 106
81 107
81 112
81 113
81 116
81 121
81 129
81 134
81 135
81 136
81 138
81 139
82 83
82 84
82 88
82 91
82 92
82 93
82 97
82 102
82 103
82 104
82 110
82 111
82 120
82 121
82 124
82 131
82 137
83 86
83 88
83 92
83 95
83 98
83 99
83 104
83 109
83 110
83 119
83 125
83 130
83 131
83 134
83 138
84 85
84 86
84 90
84 99
84 100
84 122
84 123
84 130
84 135
85 86
85 87
85 93
85 99
85 100
85 103
85 104
85 105
85 110
85 112
85 116
85 118
85 119
85 123
85 126
85 128
85 129
85 130
85 134
85 135
86 89
86 93
86 94
86 98
86 104
86 110
86 113
86 116
86 122
86 123
86 124
86 125
86 131
86 134
86 138
87 88
87 89
87 91
87 95
87 97
87 98
87 107
87 110
87 111
87 112
87 117
87 119
87 120
87 132
87 135
87 136
87 137
87 139
88 90
88 92
88 102
88 106
88 109
88 114
88 116
88 117
88 122
88 123
88 130
88 133
88 135
88 138
89 90
89 98
89 103
89 106
89 107
89 109
89 110
89 112
89 114
89 115
89 117
89 122
89 129
89 130
89 131
89 133
89 134
89 139
90 97
90 104
90 109
90 115
90 118
90 124
90 127
90 128
90 129
90 132
90 135
91 93
91 95
91 98
91 99
91 101
91 102
91 103
91 104
91 110
91 113
91 116
91 118
91 125
91 126
91 130
91 131
91 132
91 137
92 105
92 107
92 108
92 118
92 119
92 121
92 127
92 128
92 130
92 133
92 135
93 96
93 99
93 101
93 113
93 117
93 123
93 126
93 127
93 134
93 135
93 136
93 138
94 101
94 102
94 103
94 109
94 111
94 121
94 129
94 134
94 135
94 137
95 96
95 100
95 101
95 103
95 106
95 110
95 111
95 112
95 113
95 121
95 124
95 128
95 130
95 132
95 138
96 100
96 103
96 113
96 115
96 123
96 124
96 130
96 133
96 135
96 137
96 138
97 103
97 107
97 108
97 112
97 113
97 114
97 115
97 116
97 120
97 121
97 122
97 123
97 124
97 125
97 132
97 133
97 136
98 99
98 102
98 110
98 118
98 119
98 120
98 122
98 131
98 132
98 133
98 134
98 139
99 103
99 110
99 112
99 118
99 119
99 121
99 122
99 123
99 132
99 133
100 101
100 110
100 111
100 112
100 118
100 119
100 120
100 125
100 126
101 105
101 113
101 119
101 120
101 123
101 125
101 126
101 139
102 105
102 111
102 114
102 119
102 125
102 126
102 128
102 130
102 131
102 132
102 134
102 135
102 137
102 139
103 105
103 107
103 108
103 110
103 111
103 113
103 115
103 117
103 119
103 124
103 125
103 128
103 131
103 132
103 134
103 136
103 137
104 105
104 108
104 113
104 117
104 118
104 119
104 125
104 129
105 108
105 112
105 119
105 121
105 124
105 125
105 126
105 127
105 132
106 110
106 112
106 114
106 115
106 118
106 119
106 123
106 124
106 125
106 128
106 130
106 134
106 137
106 138
106 139
107 125
107 130
107 135
107 136
108 115
108 116
108 118
108 119
108 120
108 122
108 130
108 131
108 132
108 133
108 135
108 136
109 116
109 121
109 125
109 127
109 131
109 132
109 133
110 111
110 112
110 113
110 114
110 115
110 117
110 121
110 123
110 125
110 130
110 132
110 134
110 135
111 115
111 117
111 122
111 133
111 135
111 139
112 114
112 121
112 125
112 126
112 127
112 132
112 138
113 119
113 121
113 123
113 124
113 126
113 127
113 129
113 132
113 134
113 135
114 116
114 124
114 126
114 128
114 131
114 134
114 135
114 137
115 116
115 121
115 123
115 124
115 125
115 130
115 131
115 134
115 135
115 137
115 139
116 124
116 127
116 134
117 118
117 123
117 125
117 129
117 130
117 133
117 139
118 120
118 121
118 122
118 124
118 130
118 133
118 135
118 139
119 120
119 122
119 123
119 124
119 127
119 131
119 134
120 123
120 130
120 134
121 124
121 128
121 134
121 138
122 124
122 127
122 129
122 134
123 125
123 127
123 135
123 136
123 137
123 139
124 129
124 130
124 131
124 132
124 136
124 137
125 126
125 127
125 129
125 139
126 128
126 131
126 132
126 135
127 128
127 131
127 132
127 134
128 133
128 134
128 138
129 130
129 133
129 136
130 131
130 135
130 136
130 137
130 139
131 132
131 135
131 138
132 135
132 137
133 138
134 136
134 137
137 138
3 55 54 30 91 125 128 51 137 132 71 84 70 19 56 112 29 123 15 100 35
110 138 45 86 124 24 117 64 67 47 131 4 11 26 108 106 13 133 95 23 129
53 135 107 79 12 5 1 50 98 80 46 38 103 0 36 34 65 97 136 43 92
88 32 96 68 134 127 113 39 116 6 52 119 66 101 93 105 22 2 75 58 94
18 9 118 111 89 83 44 139 33 63 104 121 60 42 62 48 8 57 49 87 16
126 102 122 17 41 20 76 85 130 59 69 21 77 61 78 81 10 90 74 27 72
31 114 73 115 99 25 7 40 14 82 37 28 109 120
