140
3924
20
0 3
0 6
0 7
0 9
0 12
0 15
0 18
0 19
0 25
0 29
0 30
0 32
0 34
0 40
0 43
0 45
0 46
0 48
0 50
0 53
0 54
0 59
0 60
0 61
0 62
0 63
0 66
0 67
0 70
0 81
0 82
0 84
0 87
0 88
0 90
0 91
0 92
0 93
0 94
0 98
0 101
0 105
0 106
0 111
0 113
0 114
0 115
0 116
0 117
0 121
0 122
0 126
0 128
0 131
0 133
0 134
0 137
1 5
1 7
1 8
1 9
1 10
1 11
1 12
1 20
1 23
1 24
1 26
1 29
1 31
1 33
1 34
1 35
1 38
1 41
1 42
1 44
1 45
1 49
1 55
1 57
1 59
1 62
1 63
1 64
1 65
1 68
1 71
1 77
1 78
1 82
1 83
1 89
1 91
1 92
1 93
1 94
1 97
1 110
1 112
1 116
1 117
1 118
1 126
1 129
1 130
1 131
1 133
1 134
1 135
1 137
1 138
2 3
2 6
2 9
2 16
2 18
2 22
2 25
2 30
2 39
2 41
2 42
2 46
2 47
2 49
2 51
2 59
2 65
2 66
2 67
2 68
2 69
2 71
2 72
2 75
2 79
2 82
2 88
2 90
2 91
2 92
2 93
2 97
2 99
2 102
2 104
2 107
2 109
2 110
2 111
2 112
2 114
2 119
2 122
2 128
2 129
2 136
2 139
3 7
3 10
3 12
3 16
3 18
3 20
3 23
3 25
3 26
3 28
3 29
3 30
3 31
3 32
3 33
3 36
3 38
3 39
3 45
3 46
3 52
3 55
3 70
3 71
3 72
3 73
3 74
3 79
3 80
3 84
3 91
3 92
3 96
3 100
3 105
3 107
3 113
3 115
3 116
3 117
3 119
3 121
3 122
3 123
3 125
3 126
3 127
3 128
3 131
3 136
3 137
3 138
3 139
4 5
4 6
4 7
4 8
4 9
4 10
4 13
4 19
4 22
4 26
4 27
4 30
4 31
4 33
4 34
4 37
4 38
4 39
4 43
4 44
4 45
4 48
4 58
4 59
4 65
4 66
4 68
4 70
4 72
4 74
4 76
4 77
4 78
4 79
4 81
4 83
4 84
4 85
4 86
4 89
4 90
4 93
4 94
4 95
4 96
4 97
4 98
4 102
4 103
4 104
4 108
4 111
4 112
4 115
4 117
4 119
4 120
4 124
4 125
4 132
4 133
5 7
5 12
5 18
5 19
5 21
5 22
5 24
5 25
5 28
5 30
5 32
5 34
5 40
5 42
5 43
5 45
5 46
5 49
5 50
5 52
5 56
5 62
5 64
5 66
5 67
5 69
5 71
5 72
5 78
5 80
5 81
5 91
5 92
5 96
5 98
5 99
5 101
5 102
5 103
5 106
5 108
5 110
5 115
5 116
5 117
5 119
5 120
5 121
5 128
5 130
5 131
5 133
5 136
5 137
6 8
6 9
6 10
6 11
6 12
6 18
6 20
6 27
6 30
6 33
6 34
6 40
6 42
6 43
6 45
6 46
6 47
6 51
6 52
6 53
6 57
6 61
6 62
6 63
6 64
6 66
6 68
6 72
6 73
6 75
6 84
6 85
6 87
6 89
6 91
6 96
6 101
6 102
6 103
6 105
6 106
6 110
6 111
6 113
6 114
6 117
6 120
6 121
6 127
6 128
6 129
6 130
6 131
6 132
6 134
6 135
7 8
7 9
7 10
7 13
7 18
7 23
7 24
7 26
7 27
7 32
7 35
7 36
7 39
7 41
7 42
7 50
7 52
7 53
7 54
7 56
7 57
7 58
7 60
7 62
7 63
7 65
7 68
7 69
7 70
7 78
7 79
7 81
7 82
7 83
7 84
7 85
7 87
7 91
7 92
7 95
7 99
7 101
7 102
7 105
7 108
7 110
7 112
7 113
7 118
7 121
7 124
7 125
7 133
7 139
8 9
8 11
8 12
8 14
8 19
8 21
8 26
8 32
8 34
8 39
8 41
8 43
8 46
8 48
8 49
8 51
8 52
8 53
8 54
8 55
8 60
8 64
8 66
8 68
8 70
8 71
8 72
8 75
8 77
8 81
8 82
8 88
8 93
8 100
8 101
8 104
8 105
8 110
8 111
8 112
8 113
8 118
8 120
8 121
8 124
8 127
8 128
8 130
8 133
8 134
8 137
9 11
9 13
9 18
9 22
9 26
9 27
9 28
9 31
9 34
9 36
9 42
9 43
9 46
9 47
9 48
9 51
9 52
9 54
9 60
9 62
9 63
9 64
9 65
9 66
9 68
9 69
9 70
9 71
9 73
9 75
9 78
9 79
9 80
9 81
9 82
9 84
9 89
9 90
9 91
9 93
9 94
9 95
9 96
9 98
9 101
9 102
9 104
9 114
9 115
9 116
9 117
9 118
9 120
9 122
9 123
9 125
9 126
9 128
9 130
9 131
9 132
9 133
9 134
9 137
10 11
10 17
10 23
10 24
10 26
10 28
10 29
10 33
10 37
10 38
10 40
10 41
10 42
10 46
10 52
10 56
10 58
10 62
10 63
10 64
10 65
10 68
10 70
10 71
10 76
10 81
10 82
10 85
10 86
10 87
10 88
10 93
10 95
10 96
10 100
10 112
10 113
10 114
10 117
10 118
10 127
10 131
10 133
10 134
10 138
10 139
11 12
11 13
11 14
11 16
11 17
11 18
11 21
11 27
11 29
11 35
11 38
11 39
11 40
11 41
11 42
11 43
11 44
11 45
11 51
11 53
11 55
11 58
11 60
11 61
11 62
11 63
11 65
11 66
11 69
11 70
11 72
11 73
11 77
11 79
11 80
11 82
11 86
11 91
11 93
11 95
11 96
11 97
11 98
11 104
11 105
11 106
11 107
11 109
11 110
11 117
11 119
11 120
11 122
11 127
11 129
11 130
11 134
11 136
11 137
11 139
12 17
12 18
12 20
12 22
12 24
12 26
12 28
12 32
12 33
12 36
12 39
12 41
12 43
12 46
12 47
12 51
12 52
12 53
12 55
12 60
12 62
12 66
12 68
12 71
12 75
12 76
12 78
12 83
12 84
12 85
12 86
12 89
12 92
12 96
12 101
12 107
12 109
12 119
12 120
12 123
12 127
12 130
12 131
12 134
12 137
13 14
13 16
13 17
13 19
13 20
13 22
13 23
13 24
13 27
13 29
13 32
13 33
13 36
13 37
13 38
13 41
13 42
13 43
13 47
13 52
13 55
13 56
13 64
13 67
13 70
13 73
13 75
13 77
13 79
13 84
13 86
13 87
13 88
13 89
13 93
13 98
13 100
13 102
13 103
13 104
13 105
13 107
13 108
13 113
13 117
13 118
13 119
13 121
13 122
13 123
13 129
13 130
13 133
13 139
14 16
14 18
14 20
14 26
14 28
14 32
14 34
14 38
14 39
14 42
14 47
14 54
14 55
14 59
14 63
14 66
14 69
14 72
14 74
14 75
14 76
14 77
14 82
14 84
14 86
14 87
14 88
14 89
14 92
14 102
14 103
14 104
14 106
14 110
14 113
14 114
14 115
14 116
14 117
14 118
14 120
14 123
14 124
14 125
14 126
14 127
14 128
14 135
14 138
15 16
15 17
15 19
15 22
15 30
15 31
15 35
15 42
15 43
15 44
15 46
15 47
15 50
15 53
15 55
15 57
15 63
15 64
15 66
15 68
15 71
15 72
15 75
15 76
15 80
15 85
15 86
15 89
15 94
15 98
15 101
15 107
15 108
15 109
15 110
15 111
15 114
15 115
15 116
15 118
15 121
15 129
15 130
15 131
15 132
15 138
16 18
16 19
16 21
16 24
16 25
16 28
16 31
16 33
16 34
16 36
16 38
16 39
16 47
16 48
16 50
16 54
16 56
16 58
16 59
16 64
16 66
16 67
16 69
16 70
16 73
16 75
16 77
16 78
16 79
16 80
16 81
16 83
16 87
16 89
16 90
16 92
16 99
16 101
16 102
16 107
16 110
16 114
16 116
16 117
16 126
17 18
17 26
17 28
17 29
17 32
17 35
17 36
17 39
17 41
17 43
17 50
17 51
17 54
17 57
17 61
17 63
17 65
17 69
17 71
17 72
17 74
17 75
17 76
17 78
17 80
17 81
17 83
17 84
17 86
17 89
17 91
17 95
17 96
17 103
17 105
17 107
17 108
17 109
17 111
17 113
17 117
17 119
17 120
17 121
17 124
17 131
17 134
17 135
17 136
17 139
18 20
18 23
18 24
18 26
18 27
18 28
18 29
18 30
18 31
18 37
18 38
18 40
18 41
18 43
18 45
18 50
18 51
18 53
18 54
18 61
18 64
18 69
18 70
18 75
18 76
18 79
18 80
18 82
18 87
18 88
18 91
18 95
18 98
18 100
18 106
18 109
18 110
18 111
18 115
18 117
18 118
18 119
18 122
18 131
18 132
18 133
19 20
19 32
19 33
19 35
19 36
19 39
19 43
19 44
19 47
19 50
19 51
19 54
19 57
19 58
19 62
19 67
19 70
19 71
19 72
19 73
19 78
19 80
19 82
19 84
19 86
19 88
19 89
19 92
19 93
19 97
19 98
19 102
19 114
19 116
19 120
19 122
19 124
19 128
19 130
19 131
19 132
19 133
19 134
19 137
19 139
20 22
20 23
20 28
20 31
20 33
20 34
20 36
20 40
20 50
20 52
20 55
20 56
20 57
20 64
20 65
20 66
20 70
20 74
20 75
20 77
20 79
20 81
20 83
20 86
20 88
20 89
20 90
20 93
20 94
20 97
20 99
20 100
20 103
20 107
20 108
20 109
20 110
20 111
20 112
20 113
20 114
20 115
20 118
20 119
20 125
20 126
20 128
20 130
20 131
20 135
20 138
21 26
21 27
21 28
21 29
21 32
21 37
21 38
21 39
21 40
21 43
21 46
21 48
21 49
21 53
21 60
21 62
21 64
21 65
21 67
21 69
21 71
21 74
21 75
21 78
21 79
21 80
21 82
21 83
21 84
21 85
21 86
21 88
21 93
21 98
21 99
21 107
21 108
21 109
21 110
21 112
21 114
21 115
21 116
21 117
21 118
21 119
21 121
21 123
21 125
21 127
21 130
21 132
22 23
22 24
22 25
22 28
22 30
22 33
22 35
22 36
22 39
22 40
22 48
22 52
22 53
22 54
22 56
22 59
22 60
22 62
22 63
22 65
22 66
22 67
22 68
22 72
22 73
22 74
22 75
22 76
22 77
22 82
22 86
22 87
22 88
22 89
22 94
22 95
22 96
22 99
22 100
22 101
22 102
22 103
22 106
22 110
22 113
22 114
22 116
22 118
22 122
22 123
22 126
22 128
22 130
22 133
22 134
22 138
23 24
23 26
23 28
23 29
23 31
23 32
23 34
23 35
23 36
23 40
23 41
23 46
23 47
23 48
23 49
23 56
23 57
23 59
23 61
23 62
23 64
23 68
23 69
23 70
23 71
23 72
23 73
23 75
23 79
23 80
23 81
23 85
23 92
23 94
23 95
23 96
23 98
23 100
23 102
23 103
23 104
23 108
23 110
23 111
23 112
23 116
23 117
23 119
23 120
23 124
23 127
23 132
23 137
23 138
23 139
24 27
24 29
24 31
24 32
24 33
24 37
24 39
24 40
24 41
24 44
24 49
24 53
24 56
24 61
24 62
24 67
24 70
24 72
24 75
24 76
24 79
24 81
24 82
24 83
24 84
24 86
24 87
24 89
24 94
24 95
24 96
24 102
24 104
24 105
24 108
24 109
24 111
24 114
24 116
24 118
24 122
24 123
24 124
24 127
24 131
24 133
24 134
24 136
24 138
24 139
25 26
25 28
25 30
25 34
25 36
25 37
25 39
25 41
25 43
25 45
25 52
25 54
25 64
25 65
25 68
25 73
25 81
25 82
25 84
25 85
25 86
25 88
25 99
25 100
25 101
25 102
25 103
25 104
25 105
25 108
25 109
25 110
25 113
25 114
25 116
25 117
25 118
25 119
25 120
25 121
25 122
25 124
25 132
25 135
25 136
25 138
26 27
26 29
26 30
26 31
26 32
26 33
26 35
26 37
26 38
26 43
26 44
26 45
26 47
26 48
26 51
26 52
26 54
26 58
26 60
26 61
26 62
26 63
26 64
26 65
26 68
26 70
26 72
26 74
26 75
26 76
26 84
26 85
26 86
26 91
26 92
26 102
26 105
26 106
26 107
26 108
26 111
26 119
26 120
26 123
26 129
26 132
26 133
26 135
27 29
27 32
27 33
27 35
27 38
27 39
27 41
27 43
27 46
27 53
27 55
27 61
27 62
27 63
27 64
27 68
27 69
27 73
27 74
27 75
27 76
27 77
27 83
27 84
27 85
27 86
27 89
27 91
27 93
27 94
27 95
27 100
27 102
27 109
27 112
27 114
27 120
27 122
27 124
27 125
27 127
27 128
27 129
27 133
27 138
27 139
28 34
28 37
28 39
28 43
28 45
28 49
28 50
28 52
28 53
28 55
28 57
28 62
28 66
28 67
28 68
28 69
28 73
28 74
28 75
28 76
28 77
28 79
28 80
28 86
28 88
28 89
28 95
28 96
28 98
28 102
28 108
28 109
28 115
28 118
28 122
28 128
28 129
28 131
28 133
28 135
28 136
28 137
28 138
29 31
29 32
29 37
29 38
29 39
29 45
29 46
29 52
29 54
29 60
29 62
29 63
29 64
29 67
29 69
29 70
29 71
29 73
29 74
29 75
29 76
29 78
29 83
29 85
29 89
29 95
29 102
29 104
29 105
29 106
29 108
29 109
29 111
29 112
29 113
29 114
29 115
29 116
29 117
29 119
29 120
29 121
29 122
29 124
29 127
29 128
29 130
29 131
29 134
29 135
29 138
29 139
30 31
30 32
30 33
30 36
30 37
30 38
30 45
30 48
30 50
30 51
30 53
30 54
30 56
30 59
30 64
30 66
30 67
30 71
30 73
30 74
30 75
30 76
30 77
30 79
30 82
30 83
30 87
30 88
30 93
30 94
30 109
30 110
30 111
30 117
30 118
30 119
30 120
30 127
30 128
30 129
30 130
30 131
30 133
30 134
30 139
31 32
31 39
31 41
31 42
31 48
31 51
31 55
31 58
31 59
31 61
31 66
31 68
31 69
31 70
31 75
31 76
31 78
31 81
31 87
31 88
31 89
31 92
31 93
31 96
31 100
31 101
31 104
31 107
31 109
31 110
31 115
31 125
31 127
31 130
31 134
31 137
32 33
32 39
32 40
32 42
32 43
32 44
32 51
32 52
32 54
32 58
32 59
32 62
32 68
32 69
32 72
32 73
32 77
32 79
32 81
32 93
32 96
32 98
32 99
32 101
32 103
32 106
32 107
32 109
32 111
32 116
32 118
32 119
32 122
32 130
32 132
32 138
32 139
33 35
33 40
33 42
33 51
33 59
33 60
33 61
33 63
33 65
33 66
33 68
33 71
33 81
33 82
33 95
33 98
33 101
33 102
33 104
33 106
33 120
33 121
33 125
33 126
33 128
33 130
33 131
33 132
33 134
33 139
34 37
34 38
34 39
34 40
34 42
34 43
34 45
34 46
34 47
34 50
34 53
34 57
34 58
34 60
34 63
34 64
34 66
34 70
34 71
34 72
34 76
34 80
34 83
34 89
34 93
34 94
34 98
34 102
34 111
34 117
34 118
34 121
34 124
34 126
34 129
34 131
34 132
34 134
34 139
35 38
35 42
35 45
35 46
35 47
35 51
35 52
35 55
35 56
35 70
35 71
35 73
35 74
35 76
35 77
35 78
35 80
35 81
35 82
35 83
35 89
35 90
35 91
35 93
35 95
35 97
35 104
35 106
35 108
35 112
35 115
35 116
35 120
35 123
35 130
35 132
35 136
35 138
35 139
36 38
36 39
36 41
36 42
36 43
36 46
36 48
36 49
36 56
36 58
36 59
36 60
36 64
36 68
36 70
36 71
36 73
36 74
36 76
36 78
36 80
36 86
36 90
36 92
36 96
36 98
36 99
36 100
36 101
36 110
36 111
36 119
36 122
36 123
36 126
36 127
36 128
36 131
36 134
36 135
36 137
36 138
36 139
37 39
37 44
37 45
37 47
37 50
37 57
37 58
37 60
37 63
37 66
37 67
37 68
37 71
37 72
37 73
37 74
37 75
37 77
37 78
37 79
37 80
37 81
37 82
37 86
37 89
37 94
37 95
37 98
37 102
37 104
37 105
37 107
37 108
37 109
37 110
37 112
37 115
37 119
37 122
37 126
37 129
37 131
37 132
37 138
38 43
38 44
38 46
38 55
38 60
38 61
38 63
38 70
38 75
38 76
38 77
38 82
38 83
38 85
38 86
38 87
38 88
38 90
38 92
38 93
38 95
38 97
38 99
38 102
38 104
38 106
38 107
38 108
38 109
38 111
38 112
38 113
38 117
38 120
38 123
38 126
38 134
38 136
38 138
39 40
39 42
39 43
39 45
39 48
39 53
39 55
39 58
39 60
39 61
39 62
39 65
39 66
39 67
39 68
39 69
39 70
39 76
39 77
39 78
39 79
39 82
39 88
39 91
39 92
39 93
39 96
39 97
39 98
39 99
39 100
39 102
39 110
39 111
39 115
39 117
39 121
39 123
39 126
39 127
39 128
39 129
39 130
39 131
39 132
39 134
39 135
39 139
40 41
40 46
40 48
40 49
40 51
40 55
40 58
40 59
40 63
40 65
40 66
40 71
40 72
40 74
40 75
40 79
40 82
40 84
40 85
40 92
40 94
40 96
40 100
40 104
40 105
40 107
40 108
40 110
40 113
40 114
40 115
40 116
40 121
40 126
40 128
40 132
40 139
41 43
41 44
41 45
41 49
41 50
41 51
41 53
41 54
41 57
41 59
41 63
41 69
41 70
41 71
41 72
41 76
41 78
41 81
41 82
41 83
41 85
41 90
41 91
41 94
41 97
41 99
41 102
41 103
41 107
41 108
41 111
41 112
41 119
41 122
41 124
41 126
41 127
41 129
41 133
41 134
41 135
41 138
41 139
42 46
42 49
42 51
42 55
42 57
42 59
42 60
42 64
42 66
42 67
42 68
42 69
42 70
42 73
42 76
42 81
42 83
42 86
42 87
42 88
42 93
42 95
42 98
42 101
42 102
42 104
42 105
42 108
42 110
42 111
42 115
42 116
42 120
42 121
42 135
42 139
43 46
43 48
43 50
43 54
43 55
43 56
43 65
43 70
43 72
43 75
43 78
43 79
43 82
43 83
43 87
43 89
43 99
43 100
43 103
43 104
43 106
43 107
43 112
43 116
43 117
43 121
43 122
43 123
43 125
43 133
43 134
43 137
43 138
44 45
44 46
44 48
44 49
44 50
44 56
44 58
44 59
44 62
44 64
44 66
44 69
44 74
44 75
44 76
44 79
44 84
44 86
44 88
44 90
44 91
44 97
44 98
44 100
44 101
44 104
44 105
44 108
44 109
44 110
44 111
44 113
44 114
44 118
44 121
44 123
44 125
44 126
44 127
44 128
44 135
44 137
44 138
44 139
45 51
45 52
45 53
45 55
45 56
45 57
45 58
45 61
45 64
45 73
45 74
45 76
45 79
45 82
45 84
45 85
45 86
45 87
45 89
45 90
45 96
45 99
45 100
45 101
45 106
45 109
45 111
45 114
45 119
45 121
45 123
45 124
45 132
45 135
45 136
45 138
45 139
46 47
46 50
46 52
46 53
46 55
46 56
46 57
46 65
46 66
46 68
46 69
46 77
46 79
46 80
46 81
46 82
46 84
46 89
46 90
46 93
46 94
46 95
46 98
46 107
46 110
46 111
46 112
46 114
46 115
46 117
46 119
46 122
46 124
46 125
46 126
46 128
46 129
46 130
46 131
46 132
46 133
46 134
46 135
46 136
46 137
47 48
47 49
47 51
47 53
47 55
47 56
47 58
47 61
47 62
47 67
47 69
47 71
47 72
47 73
47 75
47 76
47 77
47 79
47 81
47 82
47 91
47 93
47 94
47 97
47 99
47 100
47 101
47 102
47 103
47 105
47 106
47 116
47 122
47 125
47 128
47 133
47 135
47 136
47 137
47 139
48 49
48 54
48 55
48 61
48 63
48 64
48 65
48 66
48 71
48 72
48 74
48 80
48 82
48 84
48 85
48 87
48 88
48 89
48 90
48 92
48 96
48 100
48 105
48 107
48 108
48 110
48 111
48 112
48 113
48 118
48 120
48 121
48 123
48 125
48 126
48 127
48 129
48 132
48 137
48 138
49 50
49 51
49 61
49 62
49 64
49 65
49 66
49 67
49 69
49 72
49 73
49 74
49 76
49 77
49 78
49 79
49 81
49 84
49 85
49 87
49 88
49 89
49 90
49 92
49 95
49 98
49 99
49 104
49 106
49 107
49 118
49 119
49 123
49 125
49 126
49 131
49 137
50 58
50 61
50 63
50 68
50 72
50 73
50 75
50 77
50 85
50 87
50 89
50 93
50 98
50 99
50 100
50 105
50 107
50 108
50 111
50 112
50 114
50 116
50 121
50 124
50 125
50 126
50 127
50 129
50 132
50 134
50 136
50 137
50 139
51 54
51 56
51 59
51 64
51 66
51 68
51 72
51 74
51 75
51 81
51 82
51 85
51 86
51 89
51 92
51 93
51 95
51 97
51 99
51 103
51 106
51 107
51 108
51 112
51 113
51 115
51 116
51 119
51 120
51 123
51 124
51 127
51 130
51 134
51 135
51 137
51 139
52 57
52 61
52 63
52 66
52 67
52 68
52 70
52 71
52 72
52 75
52 76
52 78
52 81
52 82
52 83
52 87
52 90
52 91
52 92
52 97
52 98
52 105
52 107
52 110
52 111
52 112
52 115
52 116
52 117
52 119
52 125
52 128
52 129
52 131
52 132
52 134
52 135
52 136
52 138
53 55
53 58
53 66
53 67
53 70
53 71
53 74
53 75
53 76
53 77
53 81
53 82
53 86
53 87
53 88
53 93
53 97
53 98
53 99
53 100
53 102
53 104
53 106
53 107
53 108
53 111
53 113
53 116
53 121
53 122
53 125
53 127
53 128
53 130
53 131
53 132
53 134
53 136
53 139
54 55
54 56
54 59
54 60
54 63
54 64
54 65
54 66
54 69
54 75
54 80
54 81
54 83
54 84
54 85
54 86
54 90
54 93
54 95
54 97
54 102
54 103
54 106
54 109
54 111
54 112
54 114
54 125
54 127
54 129
54 134
55 58
55 59
55 62
55 66
55 67
55 69
55 70
55 71
55 75
55 76
55 84
55 86
55 88
55 89
55 91
55 98
55 101
55 102
55 103
55 104
55 105
55 106
55 110
55 111
55 113
55 118
55 120
55 125
55 126
55 129
55 131
55 135
55 138
55 139
56 59
56 60
56 61
56 62
56 64
56 65
56 67
56 70
56 74
56 80
56 81
56 83
56 86
56 87
56 91
56 93
56 101
56 103
56 104
56 107
56 109
56 110
56 113
56 116
56 117
56 120
56 121
56 122
56 123
56 125
56 126
56 130
56 133
56 134
56 135
56 136
56 137
56 139
57 58
57 61
57 62
57 63
57 71
57 75
57 79
57 81
57 85
57 86
57 87
57 90
57 91
57 94
57 96
57 97
57 100
57 103
57 105
57 107
57 109
57 110
57 117
57 118
57 119
57 120
57 122
57 132
57 136
57 137
58 60
58 61
58 62
58 65
58 67
58 68
58 72
58 73
58 74
58 77
58 80
58 81
58 82
58 84
58 85
58 89
58 91
58 92
58 96
58 99
58 101
58 105
58 109
58 114
58 118
58 121
58 123
58 126
58 127
58 129
58 130
58 134
58 138
59 63
59 65
59 66
59 67
59 69
59 70
59 71
59 73
59 74
59 75
59 79
59 81
59 85
59 90
59 101
59 102
59 105
59 106
59 108
59 112
59 114
59 115
59 117
59 119
59 123
59 124
59 131
59 133
59 136
59 137
59 138
59 139
60 62
60 65
60 67
60 68
60 74
60 75
60 77
60 79
60 83
60 87
60 92
60 97
60 99
60 103
60 111
60 115
60 117
60 119
60 125
60 126
60 128
60 129
60 130
60 131
60 132
60 136
60 137
61 63
61 66
61 68
61 71
61 72
61 74
61 77
61 80
61 81
61 88
61 90
61 91
61 92
61 98
61 99
61 100
61 102
61 104
61 105
61 106
61 109
61 112
61 116
61 117
61 119
61 121
61 123
61 126
61 127
61 128
61 131
61 133
61 134
61 138
62 64
62 66
62 67
62 68
62 71
62 73
62 74
62 76
62 77
62 84
62 89
62 91
62 97
62 107
62 108
62 109
62 111
62 112
62 114
62 118
62 123
62 124
62 130
62 132
62 133
62 135
63 68
63 69
63 72
63 80
63 81
63 86
63 89
63 95
63 102
63 104
63 108
63 109
63 112
63 117
63 118
63 119
63 124
63 125
63 126
63 127
63 138
63 139
64 65
64 69
64 70
64 71
64 74
64 75
64 77
64 79
64 81
64 82
64 85
64 90
64 94
64 98
64 100
64 101
64 103
64 104
64 105
64 106
64 110
64 111
64 113
64 117
64 123
64 124
64 126
64 127
64 129
64 132
64 133
64 134
64 138
65 66
65 67
65 70
65 71
65 74
65 87
65 88
65 91
65 93
65 94
65 95
65 96
65 97
65 98
65 99
65 100
65 103
65 104
65 105
65 113
65 115
65 117
65 118
65 120
65 122
65 126
65 128
65 129
65 131
65 134
65 136
65 137
66 71
66 72
66 78
66 80
66 82
66 83
66 88
66 92
66 93
66 96
66 113
66 116
66 117
66 120
66 122
66 125
66 126
66 127
66 130
66 131
66 132
66 133
66 138
67 71
67 72
67 73
67 74
67 76
67 77
67 78
67 79
67 80
67 84
67 85
67 89
67 91
67 97
67 101
67 102
67 105
67 106
67 110
67 112
67 113
67 114
67 115
67 116
67 123
67 127
67 129
67 130
67 135
67 136
67 137
68 69
68 73
68 75
68 76
68 78
68 81
68 83
68 84
68 86
68 87
68 90
68 93
68 94
68 95
68 97
68 101
68 103
68 104
68 108
68 109
68 112
68 113
68 119
68 121
68 122
68 126
68 129
68 130
68 131
68 132
68 136
68 137
68 139
69 70
69 71
69 75
69 79
69 88
69 89
69 94
69 97
69 99
69 100
69 102
69 106
69 109
69 119
69 122
69 124
69 127
69 128
69 129
69 130
69 139
70 71
70 72
70 73
70 74
70 76
70 81
70 83
70 85
70 91
70 95
70 97
70 98
70 99
70 100
70 107
70 109
70 113
70 115
70 116
70 120
70 122
70 123
70 128
70 135
70 136
71 72
71 75
71 78
71 80
71 82
71 85
71 86
71 87
71 88
71 89
71 91
71 95
71 96
71 97
71 99
71 102
71 104
71 109
71 110
71 111
71 112
71 117
71 119
71 121
71 123
71 124
71 125
71 126
71 128
71 133
71 134
71 135
71 136
71 137
72 75
72 83
72 88
72 89
72 91
72 95
72 96
72 97
72 98
72 99
72 100
72 103
72 105
72 106
72 107
72 108
72 110
72 114
72 117
72 120
72 121
72 122
72 123
72 126
72 130
72 131
72 132
72 136
73 74
73 76
73 77
73 78
73 80
73 86
73 91
73 94
73 99
73 102
73 107
73 108
73 114
73 119
73 121
73 130
73 132
73 133
73 134
73 135
73 136
74 80
74 82
74 84
74 93
74 96
74 98
74 101
74 102
74 104
74 106
74 111
74 118
74 121
74 125
74 127
74 131
74 132
74 133
74 138
75 79
75 80
75 87
75 88
75 91
75 94
75 96
75 102
75 107
75 109
75 110
75 111
75 112
75 117
75 118
75 121
75 124
75 126
75 127
75 128
75 130
75 131
75 135
75 137
75 139
76 78
76 81
76 86
76 90
76 91
76 93
76 94
76 95
76 97
76 101
76 105
76 106
76 108
76 109
76 110
76 120
76 122
76 124
76 128
76 129
76 130
76 132
76 134
76 135
76 136
76 137
76 138
77 82
77 85
77 89
77 91
77 92
77 94
77 96
77 99
77 102
77 103
77 105
77 106
77 107
77 108
77 110
77 113
77 115
77 121
77 126
77 127
77 128
77 132
77 137
78 81
78 83
78 86
78 87
78 88
78 91
78 92
78 97
78 99
78 100
78 103
78 104
78 111
78 113
78 115
78 117
78 119
78 123
78 124
78 126
78 128
78 137
78 139
79 80
79 82
79 85
79 87
79 89
79 90
79 91
79 94
79 95
79 98
79 101
79 102
79 105
79 107
79 115
79 118
79 122
79 124
79 126
79 130
79 131
79 133
80 81
80 82
80 84
80 85
80 86
80 87
80 88
80 91
80 92
80 93
80 94
80 98
80 99
80 101
80 103
80 104
80 105
80 106
80 111
80 112
80 115
80 116
80 119
80 123
80 128
80 129
80 130
80 131
80 132
80 139
81 88
81 89
81 90
81 91
81 93
81 94
81 96
81 97
81 98
81 99
81 100
81 101
81 102
81 104
81 106
81 107
81 109
81 111
81 112
81 113
81 114
81 119
81 120
81 121
81 124
81 127
81 128
81 130
81 137
81 138
82 90
82 92
82 96
82 97
82 99
82 101
82 102
82 103
82 105
82 106
82 108
82 109
82 110
82 111
82 124
82 126
82 127
82 128
82 129
82 130
82 131
82 134
82 136
82 138
83 84
83 85
83 86
83 91
83 95
83 96
83 97
83 104
83 105
83 106
83 110
83 112
83 113
83 120
83 121
83 128
83 129
83 132
83 137
83 138
83 139
84 86
84 87
84 88
84 91
84 95
84 96
84 99
84 100
84 104
84 105
84 107
84 112
84 114
84 122
84 124
84 125
84 128
84 130
84 134
84 135
84 136
84 139
85 94
85 95
85 102
85 104
85 106
85 109
85 111
85 113
85 115
85 117
85 119
85 122
85 124
85 125
85 129
85 130
85 133
85 138
86 89
86 91
86 92
86 93
86 94
86 95
86 97
86 98
86 101
86 104
86 106
86 108
86 109
86 113
86 115
86 117
86 119
86 122
86 125
86 127
86 129
86 131
86 135
86 136
87 88
87 89
87 92
87 93
87 94
87 96
87 97
87 100
87 101
87 103
87 105
87 106
87 111
87 114
87 115
87 121
87 122
87 127
87 135
87 138
88 91
88 92
88 93
88 97
88 99
88 101
88 103
88 106
88 108
88 110
88 111
88 113
88 115
88 119
88 123
88 124
88 129
88 131
88 132
88 134
88 135
88 139
89 96
89 97
89 98
89 104
89 106
89 108
89 109
89 110
89 121
89 122
89 125
89 126
89 127
89 128
89 129
89 131
89 138
90 93
90 94
90 96
90 99
90 100
90 106
90 107
90 108
90 109
90 110
90 114
90 116
90 118
90 119
90 120
90 124
90 125
90 126
90 128
90 131
90 133
91 92
91 93
91 94
91 95
91 99
91 106
91 116
91 117
91 118
91 120
91 121
91 123
91 125
91 127
91 130
91 132
91 137
91 138
92 98
92 101
92 102
92 104
92 105
92 108
92 111
92 114
92 115
92 116
92 118
92 123
92 124
92 127
92 128
92 129
92 131
92 132
92 136
93 95
93 99
93 100
93 105
93 107
93 110
93 114
93 116
93 120
93 122
93 132
93 133
93 134
93 137
93 139
94 100
94 101
94 102
94 103
94 104
94 105
94 106
94 109
94 111
94 115
94 119
94 126
94 127
94 128
94 129
94 131
94 132
94 133
94 136
94 138
95 103
95 104
95 110
95 113
95 116
95 117
95 118
95 121
95 122
95 124
95 125
95 127
95 128
95 130
95 132
95 133
95 134
95 135
95 136
95 137
95 139
96 103
96 104
96 107
96 108
96 109
96 111
96 113
96 116
96 120
96 124
96 126
96 127
96 131
96 133
96 134
96 135
96 139
97 98
97 100
97 101
97 102
97 104
97 106
97 107
97 110
97 112
97 116
97 118
97 119
97 120
97 122
97 127
97 128
97 131
97 134
97 136
97 138
97 139
98 100
98 101
98 102
98 106
98 107
98 108
98 110
98 113
98 114
98 118
98 119
98 121
98 122
98 123
98 127
98 129
98 133
98 139
99 100
99 106
99 113
99 114
99 116
99 117
99 125
99 129
99 132
99 133
99 135
99 136
100 101
100 104
100 110
100 112
100 114
100 117
100 119
100 122
100 123
100 128
100 130
100 131
100 134
100 135
100 136
100 139
101 107
101 112
101 114
101 121
101 127
101 129
101 133
101 134
101 136
102 104
102 105
102 106
102 108
102 110
102 112
102 114
102 115
102 116
102 117
102 120
102 122
102 124
102 127
102 128
102 129
102 133
102 136
102 139
103 105
103 107
103 111
103 115
103 117
103 120
103 121
103 122
103 123
103 132
103 133
103 134
103 135
103 136
104 107
104 111
104 113
104 117
104 118
104 119
104 120
104 121
104 123
104 124
104 131
104 133
104 134
104 135
104 138
104 139
105 107
105 109
105 110
105 111
105 117
105 120
105 122
105 124
105 127
105 128
105 131
105 133
105 138
105 139
106 108
106 109
106 112
106 114
106 115
106 117
106 124
106 127
106 131
106 132
106 134
107 108
107 109
107 111
107 113
107 115
107 126
107 127
107 132
107 137
108 109
108 111
108 115
108 116
108 118
108 120
108 124
108 125
108 126
108 128
108 129
108 130
108 132
108 134
108 138
108 139
109 110
109 112
109 113
109 119
109 121
109 122
109 123
109 127
109 128
109 130
109 132
109 133
109 134
109 135
110 112
110 113
110 115
110 116
110 118
110 119
110 120
110 121
110 124
110 129
110 134
110 136
110 137
111 112
111 114
111 117
111 121
111 122
111 124
111 125
111 126
111 127
111 128
111 130
111 134
111 136
111 139
112 114
112 117
112 118
112 121
112 122
112 127
112 128
112 129
112 130
112 135
112 138
113 116
113 117
113 119
113 123
113 127
113 128
113 129
113 130
113 132
113 134
113 137
114 116
114 117
114 120
114 122
114 125
114 127
114 133
114 136
114 137
114 138
115 116
115 124
115 127
115 133
115 138
116 119
116 120
116 121
116 123
116 127
116 128
116 131
116 132
116 133
116 138
116 139
117 120
117 122
117 124
117 127
117 131
117 134
117 135
118 120
118 132
118 135
119 122
119 124
119 127
119 129
119 131
119 133
120 121
120 127
120 132
120 136
120 137
121 122
121 124
121 128
121 136
122 125
122 128
122 129
122 130
122 133
122 134
122 135
122 136
122 139
123 124
123 125
123 126
123 128
123 132
123 134
123 136
123 138
124 126
124 128
124 129
124 130
124 131
124 133
124 134
124 135
124 136
124 138
125 130
125 132
125 134
125 137
125 138
126 127
126 129
126 135
126 136
126 137
127 128
127 134
127 136
127 137
127 138
128 129
128 132
128 134
128 135
128 136
128 138
129 132
129 133
129 134
130 131
130 133
130 135
130 136
130 137
131 133
131 135
131 137
131 138
132 134
132 135
132 136
133 134
133 136
134 136
134 137
134 138
135 137
135 139
136 137
136 139
62 135 136 118 53 57 14
88 46 4 130 121 86 61
3 100 64 119 51 56 113
97 72 22 92 109 33 38
108 8 9 63 2 120 123
89 45 128 79 41 12 133
0 112 42 91 98 137 24
23 44 116 13 71 37 66
127 110 77 6 76 75 54
105 93 99 48 70 111 20
115 83 104 73 30 138 59
80 55 94 60 103 102 40
139 85 114 32 96 90 117
78 132 107 131 129 126 11
15 10 34 124 58 25 134
68 35 50 7 39 52 28
69 5 19 43 47 36 1
84 106 74 67 18 27 122
87 26 125 29 21 49 81
17 101 95 65 16 82 31
