100
1441
4
0 3
0 7
0 9
0 10
0 18
0 19
0 27
0 28
0 30
0 31
0 32
0 36
0 38
0 39
0 40
0 41
0 47
0 52
0 61
0 62
0 70
0 73
0 78
0 83
0 84
0 85
0 92
0 99
1 3
1 4
1 16
1 20
1 24
1 36
1 41
1 47
1 48
1 50
1 51
1 52
1 59
1 60
1 63
1 64
1 68
1 71
1 74
1 76
1 80
1 87
1 89
1 92
1 98
2 6
2 7
2 9
2 11
2 12
2 14
2 24
2 30
2 32
2 34
2 37
2 39
2 41
2 49
2 50
2 53
2 59
2 61
2 63
2 64
2 66
2 67
2 70
2 74
2 79
2 83
2 87
2 89
2 92
2 95
2 98
3 5
3 8
3 13
3 14
3 18
3 19
3 20
3 21
3 22
3 23
3 26
3 27
3 35
3 39
3 44
3 47
3 50
3 64
3 67
3 68
3 72
3 78
3 82
3 83
3 84
3 85
3 87
3 90
3 91
3 93
3 96
4 6
4 8
4 10
4 12
4 15
4 18
4 20
4 24
4 29
4 30
4 31
4 33
4 34
4 37
4 38
4 41
4 43
4 45
4 49
4 50
4 55
4 59
4 60
4 61
4 64
4 66
4 74
4 77
4 81
4 86
4 87
4 90
4 98
4 99
5 6
5 9
5 11
5 16
5 18
5 21
5 23
5 25
5 28
5 33
5 40
5 43
5 46
5 47
5 48
5 54
5 57
5 59
5 63
5 66
5 68
5 71
5 77
5 85
5 86
5 95
5 99
6 7
6 15
6 16
6 17
6 19
6 20
6 23
6 27
6 35
6 36
6 37
6 41
6 44
6 47
6 51
6 52
6 55
6 59
6 60
6 66
6 67
6 68
6 73
6 76
6 81
6 83
6 87
6 90
6 91
6 99
7 12
7 17
7 21
7 23
7 27
7 28
7 29
7 33
7 38
7 42
7 43
7 57
7 67
7 68
7 70
7 72
7 73
7 74
7 75
7 76
7 84
7 85
7 94
7 99
8 9
8 11
8 12
8 14
8 17
8 18
8 22
8 24
8 26
8 32
8 37
8 41
8 46
8 48
8 51
8 52
8 59
8 60
8 61
8 64
8 65
8 66
8 77
8 80
8 81
8 85
8 88
8 92
8 94
9 19
9 22
9 23
9 27
9 28
9 32
9 34
9 38
9 39
9 43
9 49
9 52
9 56
9 58
9 59
9 60
9 61
9 66
9 67
9 69
9 72
9 74
9 79
9 82
9 83
9 85
9 94
9 95
9 98
10 17
10 19
10 31
10 32
10 35
10 36
10 40
10 44
10 52
10 58
10 60
10 62
10 63
10 71
10 74
10 75
10 77
10 78
10 85
10 89
10 94
10 99
11 13
11 20
11 24
11 27
11 36
11 43
11 45
11 46
11 47
11 53
11 57
11 68
11 74
11 76
11 77
11 80
11 83
11 86
11 92
11 99
12 18
12 22
12 28
12 29
12 33
12 34
12 37
12 38
12 48
12 52
12 56
12 57
12 58
12 59
12 64
12 67
12 70
12 72
12 74
12 77
12 78
12 79
12 82
12 83
12 91
12 92
12 93
13 14
13 16
13 17
13 19
13 21
13 24
13 25
13 27
13 29
13 30
13 31
13 32
13 34
13 38
13 39
13 40
13 41
13 42
13 43
13 48
13 53
13 58
13 60
13 62
13 66
13 67
13 68
13 69
13 73
13 84
13 85
13 86
13 87
13 91
14 16
14 18
14 24
14 27
14 32
14 33
14 41
14 42
14 43
14 45
14 49
14 50
14 53
14 59
14 60
14 63
14 68
14 76
14 80
14 83
14 84
14 88
14 92
14 95
14 97
15 16
15 25
15 26
15 27
15 31
15 33
15 34
15 35
15 36
15 38
15 43
15 45
15 49
15 56
15 63
15 64
15 68
15 72
15 73
15 77
15 79
15 83
15 85
15 91
15 92
15 93
16 17
16 18
16 20
16 21
16 24
16 35
16 38
16 39
16 43
16 45
16 56
16 60
16 62
16 67
16 74
16 76
16 77
16 78
16 83
16 87
16 92
16 96
16 97
17 22
17 26
17 28
17 31
17 33
17 41
17 46
17 54
17 56
17 61
17 65
17 66
17 71
17 74
17 75
17 77
17 80
17 82
17 90
17 95
17 97
17 98
18 23
18 24
18 25
18 27
18 29
18 30
18 35
18 43
18 45
18 47
18 49
18 51
18 55
18 58
18 65
18 66
18 73
18 74
18 77
18 82
18 83
18 87
18 93
18 95
18 96
18 97
18 98
19 22
19 23
19 25
19 31
19 32
19 35
19 37
19 50
19 53
19 57
19 61
19 64
19 66
19 71
19 78
19 79
19 85
19 86
19 91
19 92
19 93
20 22
20 23
20 24
20 25
20 28
20 29
20 38
20 45
20 51
20 60
20 62
20 64
20 66
20 71
20 76
20 77
20 85
20 86
20 94
20 95
20 99
21 23
21 24
21 30
21 34
21 35
21 39
21 40
21 51
21 54
21 55
21 62
21 63
21 67
21 72
21 78
21 82
21 91
21 98
22 25
22 28
22 29
22 34
22 44
22 45
22 46
22 55
22 64
22 68
22 69
22 70
22 71
22 80
22 81
22 87
22 96
22 99
23 29
23 30
23 33
23 39
23 40
23 41
23 42
23 44
23 49
23 61
23 65
23 70
23 77
23 78
23 80
23 85
23 86
23 87
23 89
23 91
24 37
24 40
24 46
24 47
24 51
24 52
24 54
24 55
24 59
24 66
24 70
24 72
24 80
24 84
24 86
24 87
24 88
24 91
24 94
24 95
24 96
24 99
25 32
25 41
25 56
25 59
25 60
25 62
25 66
25 70
25 77
25 78
25 83
25 87
25 90
25 91
25 93
25 94
25 95
26 29
26 33
26 38
26 40
26 42
26 51
26 55
26 56
26 58
26 62
26 71
26 72
26 73
26 79
26 86
26 88
26 91
26 98
27 32
27 42
27 44
27 49
27 50
27 51
27 61
27 76
27 77
27 83
27 90
28 29
28 32
28 34
28 35
28 42
28 44
28 45
28 46
28 47
28 48
28 51
28 58
28 60
28 65
28 68
28 71
28 73
28 77
28 80
28 85
28 87
28 94
28 95
28 97
28 98
28 99
29 35
29 36
29 39
29 41
29 42
29 43
29 51
29 57
29 58
29 61
29 62
29 64
29 68
29 71
29 72
29 77
29 80
29 81
29 86
29 88
29 91
29 93
29 94
29 96
29 98
29 99
30 32
30 36
30 38
30 45
30 47
30 49
30 50
30 52
30 53
30 55
30 57
30 60
30 61
30 64
30 70
30 73
30 75
30 77
30 81
30 87
30 89
30 91
30 94
30 97
30 98
30 99
31 39
31 43
31 44
31 53
31 64
31 73
31 83
31 86
31 91
31 95
31 96
31 97
31 98
32 33
32 34
32 41
32 42
32 45
32 46
32 51
32 53
32 62
32 64
32 66
32 77
32 78
32 79
32 80
32 81
32 85
32 86
32 88
32 90
32 96
32 99
33 42
33 46
33 48
33 50
33 52
33 55
33 66
33 72
33 74
33 78
33 79
33 85
33 87
33 96
33 99
34 37
34 38
34 45
34 46
34 48
34 50
34 52
34 59
34 60
34 65
34 66
34 72
34 74
34 76
34 81
34 84
34 86
34 91
34 92
34 93
34 94
35 41
35 48
35 55
35 61
35 62
35 66
35 68
35 71
35 72
35 73
35 74
35 75
35 77
35 83
35 84
35 85
35 86
35 98
36 46
36 48
36 51
36 52
36 54
36 56
36 58
36 60
36 63
36 68
36 69
36 76
36 77
36 84
36 93
36 97
36 98
37 48
37 51
37 55
37 58
37 59
37 63
37 66
37 67
37 69
37 71
37 74
37 75
37 80
37 87
37 91
37 97
37 98
37 99
38 44
38 45
38 49
38 50
38 51
38 58
38 59
38 60
38 63
38 69
38 73
38 79
38 81
38 83
38 86
38 87
38 89
38 98
38 99
39 42
39 46
39 47
39 48
39 54
39 55
39 57
39 60
39 61
39 66
39 84
39 86
39 92
39 95
39 96
39 98
39 99
40 44
40 48
40 49
40 50
40 51
40 58
40 65
40 69
40 73
40 75
40 77
40 79
40 81
40 91
40 98
40 99
41 42
41 45
41 49
41 52
41 53
41 59
41 61
41 62
41 63
41 64
41 66
41 75
41 78
41 84
41 94
41 96
42 44
42 46
42 47
42 49
42 52
42 55
42 65
42 67
42 68
42 73
42 77
42 79
42 80
42 87
42 88
42 90
42 96
42 97
43 45
43 48
43 49
43 52
43 57
43 71
43 74
43 76
43 77
43 78
43 79
43 83
43 87
43 88
43 90
43 92
43 97
43 99
44 45
44 47
44 52
44 53
44 57
44 59
44 62
44 64
44 67
44 71
44 82
44 86
44 87
44 91
44 93
44 95
44 98
45 49
45 51
45 52
45 53
45 56
45 58
45 59
45 64
45 73
45 74
45 75
45 76
45 83
45 86
45 89
45 92
45 97
45 99
46 47
46 52
46 54
46 55
46 56
46 60
46 62
46 64
46 70
46 73
46 76
46 84
46 88
47 54
47 56
47 57
47 61
47 62
47 68
47 69
47 75
47 76
47 79
47 83
47 94
47 95
47 96
48 55
48 56
48 58
48 59
48 60
48 63
48 64
48 65
48 67
48 69
48 71
48 75
48 79
48 80
48 89
48 90
48 93
48 99
49 56
49 67
49 69
49 74
49 79
49 83
49 88
49 89
49 90
49 96
50 55
50 60
50 61
50 65
50 66
50 67
50 69
50 73
50 75
50 79
50 80
50 81
50 82
50 84
50 85
50 87
50 89
50 97
51 56
51 59
51 63
51 72
51 76
51 77
51 80
51 82
51 87
51 90
51 92
51 93
51 96
51 97
51 99
52 55
52 67
52 76
52 79
52 90
52 91
53 55
53 56
53 61
53 65
53 71
53 73
53 74
53 79
53 80
53 81
53 87
53 92
53 97
54 58
54 59
54 61
54 62
54 66
54 69
54 74
54 79
54 80
54 83
54 85
54 96
54 98
55 59
55 61
55 63
55 65
55 74
55 77
55 88
55 90
55 91
55 93
55 98
56 58
56 62
56 66
56 76
56 79
56 80
56 82
56 85
56 86
56 91
56 92
56 98
57 59
57 60
57 63
57 73
57 74
57 75
57 84
57 86
57 87
57 94
58 65
58 66
58 68
58 73
58 76
58 81
58 82
58 84
58 85
58 90
58 91
58 96
58 97
59 60
59 61
59 64
59 66
59 68
59 78
59 81
59 82
59 84
59 86
59 90
59 91
59 93
59 98
60 63
60 64
60 66
60 69
60 70
60 74
60 78
60 89
60 90
60 91
60 98
60 99
61 63
61 64
61 70
61 74
61 77
61 83
61 84
61 87
61 88
61 98
62 63
62 66
62 74
62 79
62 83
62 86
62 87
62 88
62 90
62 91
62 93
62 94
63 67
63 68
63 71
63 73
63 76
63 77
63 82
63 86
63 89
63 91
63 92
63 96
63 97
63 99
64 67
64 69
64 70
64 71
64 77
64 78
64 79
64 84
64 85
64 92
64 94
64 97
65 68
65 69
65 72
65 78
65 81
65 82
65 89
65 92
65 95
65 97
65 99
66 70
66 72
66 73
66 86
66 97
66 98
66 99
67 68
67 69
67 72
67 75
67 77
67 79
67 88
67 93
68 69
68 71
68 74
68 75
68 76
68 78
68 81
68 85
68 91
68 94
68 95
68 97
68 98
69 75
69 76
69 84
69 92
69 95
69 96
70 71
70 74
70 75
70 77
70 80
70 82
71 72
71 73
71 77
71 79
71 80
71 85
71 91
71 92
71 94
71 95
71 96
71 98
71 99
72 79
72 81
72 86
72 93
72 96
72 98
72 99
73 77
73 82
73 83
73 86
73 88
73 89
73 90
73 96
73 97
73 98
74 75
74 76
74 79
74 80
74 83
74 84
74 85
74 88
74 89
74 93
74 94
74 96
75 76
75 78
75 81
75 84
75 91
75 93
75 97
76 77
76 79
76 80
76 95
76 97
77 78
77 79
77 81
77 82
77 86
77 88
77 90
77 91
77 95
77 97
78 79
78 80
78 84
78 91
78 92
78 93
78 97
79 83
79 97
80 93
80 94
80 95
80 99
81 84
81 89
81 97
81 98
82 87
82 90
82 98
83 85
83 86
83 87
83 90
83 95
83 98
84 85
84 87
84 89
84 93
84 95
84 96
84 98
84 99
85 93
85 96
85 98
86 90
86 92
86 93
86 98
86 99
87 90
87 91
87 97
88 90
88 96
88 97
88 98
89 90
89 98
90 91
90 92
90 93
90 94
90 97
91 97
92 93
92 94
92 95
92 97
93 95
94 95
94 97
94 99
36 17 29 76 60 70 44 41 0 50 8 40 20 21 30 84 28 72 39 13 31 99 92 16 37
6 81 83 78 73 66 4 88 33 65 63 74 77 42 94 97 34 75 35 22 25 59 57 96 67
3 86 10 15 93 43 5 85 11 2 98 64 38 12 79 82 91 23 52 56 47 62 68 32 54
53 90 27 49 69 1 95 24 46 26 7 55 61 9 51 14 71 89 80 19 45 18 48 58 87
