100
2476
20
0 3
0 6
0 9
0 10
0 11
0 12
0 13
0 15
0 17
0 18
0 20
0 25
0 26
0 27
0 28
0 29
0 30
0 32
0 33
0 34
0 35
0 36
0 39
0 40
0 42
0 43
0 45
0 46
0 49
0 50
0 51
0 52
0 56
0 58
0 59
0 60
0 62
0 63
0 64
0 65
0 67
0 71
0 72
0 74
0 76
0 82
0 83
0 85
0 87
0 91
0 92
0 95
0 99
1 3
1 4
1 5
1 6
1 7
1 10
1 11
1 13
1 14
1 16
1 18
1 19
1 22
1 23
1 24
1 25
1 27
1 28
1 29
1 30
1 32
1 34
1 35
1 38
1 39
1 40
1 42
1 43
1 44
1 45
1 47
1 48
1 49
1 50
1 51
1 52
1 53
1 54
1 56
1 59
1 61
1 67
1 68
1 69
1 71
1 76
1 78
1 79
1 80
1 83
1 84
1 89
1 90
1 92
1 94
1 97
2 3
2 4
2 6
2 8
2 13
2 14
2 15
2 16
2 18
2 19
2 20
2 23
2 24
2 25
2 26
2 27
2 28
2 30
2 34
2 35
2 36
2 39
2 41
2 43
2 44
2 47
2 48
2 49
2 50
2 51
2 55
2 56
2 57
2 58
2 59
2 60
2 62
2 64
2 66
2 69
2 70
2 72
2 79
2 80
2 81
2 82
2 86
2 88
2 90
2 91
2 93
2 94
2 97
2 98
2 99
3 7
3 9
3 10
3 11
3 13
3 14
3 15
3 16
3 19
3 21
3 23
3 24
3 25
3 28
3 29
3 32
3 33
3 35
3 37
3 38
3 39
3 40
3 42
3 43
3 44
3 47
3 49
3 52
3 55
3 56
3 57
3 60
3 61
3 62
3 65
3 67
3 69
3 73
3 74
3 75
3 76
3 78
3 81
3 88
3 92
3 94
3 97
3 98
4 6
4 9
4 13
4 14
4 15
4 16
4 18
4 21
4 29
4 34
4 35
4 38
4 43
4 44
4 45
4 46
4 48
4 49
4 50
4 51
4 52
4 55
4 56
4 59
4 60
4 62
4 63
4 64
4 65
4 66
4 69
4 70
4 71
4 72
4 73
4 76
4 78
4 82
4 83
4 87
4 89
4 92
4 93
4 94
4 95
4 96
4 97
4 98
5 6
5 10
5 12
5 13
5 15
5 16
5 18
5 19
5 21
5 22
5 24
5 25
5 27
5 30
5 32
5 36
5 38
5 39
5 41
5 44
5 45
5 50
5 53
5 55
5 56
5 57
5 59
5 61
5 62
5 64
5 70
5 71
5 72
5 74
5 77
5 78
5 81
5 82
5 83
5 84
5 85
5 86
5 88
5 89
5 90
5 93
5 94
5 98
6 8
6 10
6 11
6 13
6 14
6 18
6 19
6 20
6 21
6 22
6 25
6 26
6 28
6 30
6 31
6 32
6 34
6 36
6 38
6 39
6 40
6 41
6 43
6 44
6 45
6 46
6 49
6 50
6 53
6 59
6 60
6 61
6 68
6 72
6 73
6 75
6 76
6 78
6 80
6 82
6 87
6 90
6 92
6 96
6 97
6 98
7 10
7 13
7 14
7 16
7 20
7 23
7 24
7 25
7 26
7 28
7 29
7 33
7 34
7 36
7 37
7 40
7 41
7 42
7 43
7 44
7 46
7 47
7 48
7 49
7 52
7 60
7 62
7 63
7 64
7 67
7 72
7 73
7 77
7 78
7 84
7 85
7 86
7 87
7 88
7 91
7 96
7 98
8 12
8 17
8 19
8 20
8 22
8 24
8 25
8 26
8 27
8 28
8 31
8 32
8 34
8 35
8 36
8 41
8 42
8 43
8 44
8 46
8 49
8 51
8 56
8 61
8 62
8 65
8 66
8 68
8 70
8 71
8 73
8 74
8 76
8 80
8 82
8 85
8 86
8 90
9 11
9 13
9 14
9 15
9 19
9 26
9 27
9 28
9 29
9 31
9 34
9 35
9 39
9 40
9 42
9 43
9 46
9 47
9 48
9 49
9 50
9 51
9 56
9 57
9 61
9 62
9 63
9 64
9 65
9 67
9 73
9 75
9 76
9 77
9 79
9 82
9 88
9 89
9 90
9 93
9 99
10 13
10 15
10 16
10 18
10 21
10 22
10 26
10 27
10 29
10 33
10 34
10 35
10 36
10 38
10 40
10 42
10 43
10 44
10 45
10 46
10 52
10 53
10 54
10 57
10 59
10 64
10 65
10 67
10 70
10 71
10 72
10 76
10 78
10 80
10 81
10 82
10 83
10 84
10 85
10 87
10 89
10 90
10 96
10 97
10 98
11 13
11 15
11 20
11 22
11 23
11 25
11 26
11 28
11 30
11 32
11 33
11 35
11 38
11 42
11 44
11 48
11 49
11 51
11 52
11 59
11 60
11 61
11 65
11 66
11 68
11 69
11 70
11 72
11 74
11 77
11 78
11 80
11 82
11 83
11 85
11 87
11 88
11 89
11 90
11 92
11 95
11 98
11 99
12 14
12 16
12 19
12 20
12 22
12 24
12 26
12 29
12 32
12 36
12 43
12 44
12 45
12 49
12 50
12 53
12 55
12 56
12 58
12 59
12 60
12 62
12 64
12 66
12 67
12 69
12 72
12 74
12 76
12 77
12 78
12 79
12 82
12 83
12 85
12 89
12 91
12 92
12 93
12 95
12 96
12 97
12 98
12 99
13 14
13 15
13 17
13 18
13 20
13 21
13 22
13 23
13 24
13 25
13 28
13 34
13 35
13 36
13 37
13 40
13 45
13 46
13 48
13 49
13 51
13 54
13 56
13 58
13 61
13 63
13 66
13 67
13 72
13 74
13 79
13 80
13 82
13 83
13 84
13 86
13 88
13 90
13 91
13 92
13 95
13 97
13 98
14 15
14 19
14 23
14 24
14 26
14 28
14 30
14 31
14 33
14 34
14 37
14 39
14 40
14 43
14 44
14 47
14 49
14 50
14 53
14 55
14 56
14 59
14 60
14 62
14 63
14 64
14 66
14 69
14 72
14 73
14 74
14 75
14 76
14 78
14 79
14 80
14 83
14 85
14 86
14 87
14 88
14 89
14 90
14 94
15 17
15 22
15 23
15 24
15 32
15 33
15 34
15 35
15 37
15 44
15 47
15 49
15 50
15 52
15 57
15 58
15 59
15 61
15 62
15 64
15 65
15 66
15 67
15 70
15 73
15 74
15 81
15 85
15 86
15 87
15 91
15 92
15 96
15 97
16 20
16 21
16 23
16 24
16 25
16 26
16 30
16 31
16 35
16 38
16 40
16 41
16 43
16 44
16 47
16 50
16 52
16 53
16 60
16 65
16 67
16 68
16 69
16 72
16 75
16 77
16 78
16 79
16 80
16 81
16 84
16 85
16 87
16 89
16 90
16 91
16 92
16 93
16 94
16 96
16 99
17 19
17 22
17 23
17 25
17 30
17 35
17 36
17 39
17 40
17 43
17 45
17 46
17 47
17 49
17 50
17 52
17 67
17 70
17 71
17 75
17 77
17 79
17 81
17 83
17 84
17 86
17 87
17 88
17 89
17 90
17 91
17 92
17 93
17 98
17 99
18 19
18 20
18 21
18 22
18 27
18 28
18 30
18 31
18 32
18 33
18 34
18 35
18 36
18 37
18 38
18 40
18 42
18 43
18 44
18 46
18 47
18 50
18 52
18 53
18 56
18 57
18 60
18 63
18 64
18 65
18 68
18 70
18 72
18 74
18 75
18 79
18 80
18 81
18 85
18 87
18 90
18 91
18 92
18 95
18 96
18 98
19 20
19 23
19 24
19 25
19 26
19 27
19 28
19 30
19 32
19 33
19 38
19 39
19 41
19 42
19 49
19 51
19 52
19 53
19 54
19 55
19 57
19 60
19 61
19 62
19 63
19 64
19 69
19 71
19 72
19 73
19 75
19 76
19 78
19 80
19 81
19 83
19 84
19 85
19 86
19 87
19 88
19 91
19 92
19 94
19 95
19 96
19 97
19 98
20 21
20 22
20 24
20 26
20 30
20 31
20 32
20 33
20 34
20 36
20 38
20 39
20 43
20 44
20 45
20 46
20 48
20 49
20 50
20 51
20 52
20 53
20 54
20 55
20 56
20 57
20 65
20 67
20 69
20 70
20 71
20 73
20 74
20 75
20 79
20 80
20 83
20 85
20 88
20 89
20 90
20 92
20 93
20 94
20 95
20 97
21 22
21 23
21 28
21 30
21 31
21 32
21 34
21 36
21 37
21 38
21 39
21 40
21 42
21 45
21 52
21 54
21 56
21 57
21 62
21 64
21 66
21 67
21 70
21 71
21 75
21 76
21 77
21 78
21 79
21 82
21 83
21 84
21 86
21 87
21 88
21 89
21 92
21 93
21 95
21 96
21 97
21 99
22 25
22 29
22 32
22 33
22 35
22 36
22 38
22 39
22 41
22 42
22 43
22 45
22 46
22 48
22 49
22 50
22 54
22 55
22 59
22 61
22 64
22 68
22 69
22 70
22 71
22 73
22 74
22 75
22 76
22 78
22 79
22 80
22 81
22 82
22 83
22 84
22 86
22 87
22 90
22 94
22 97
22 98
23 25
23 26
23 27
23 29
23 32
23 33
23 35
23 37
23 38
23 41
23 45
23 48
23 52
23 56
23 57
23 58
23 63
23 64
23 67
23 68
23 69
23 71
23 73
23 74
23 75
23 76
23 77
23 80
23 81
23 82
23 83
23 84
23 86
23 87
23 88
23 89
23 91
23 93
23 94
23 95
23 98
23 99
24 27
24 28
24 29
24 31
24 32
24 43
24 44
24 48
24 54
24 55
24 57
24 58
24 60
24 61
24 65
24 66
24 67
24 69
24 70
24 74
24 75
24 76
24 77
24 79
24 80
24 81
24 82
24 84
24 85
24 88
24 89
24 90
24 91
24 93
24 96
24 97
24 99
25 26
25 29
25 30
25 31
25 32
25 33
25 34
25 35
25 36
25 37
25 39
25 40
25 43
25 45
25 47
25 49
25 50
25 56
25 57
25 59
25 62
25 65
25 67
25 70
25 72
25 74
25 76
25 77
25 78
25 81
25 82
25 83
25 85
25 86
25 87
25 89
25 92
25 93
25 95
25 97
25 98
25 99
26 27
26 28
26 30
26 35
26 37
26 39
26 42
26 43
26 44
26 46
26 48
26 51
26 52
26 53
26 56
26 58
26 60
26 63
26 65
26 68
26 69
26 72
26 78
26 80
26 81
26 82
26 83
26 84
26 88
26 90
26 91
26 93
26 94
26 96
26 97
26 99
27 28
27 31
27 32
27 34
27 35
27 36
27 37
27 43
27 44
27 45
27 46
27 47
27 51
27 52
27 53
27 55
27 61
27 62
27 65
27 66
27 68
27 69
27 71
27 74
27 76
27 77
27 78
27 79
27 80
27 82
27 86
27 87
27 88
27 91
27 92
27 93
27 94
27 95
27 98
28 29
28 30
28 31
28 32
28 38
28 40
28 43
28 45
28 49
28 50
28 53
28 54
28 58
28 60
28 61
28 66
28 67
28 68
28 71
28 72
28 73
28 75
28 76
28 77
28 78
28 82
28 85
28 86
28 87
28 88
28 89
28 90
28 91
28 93
28 94
28 98
28 99
29 30
29 32
29 33
29 34
29 35
29 38
29 40
29 41
29 43
29 45
29 47
29 50
29 51
29 52
29 55
29 56
29 57
29 58
29 62
29 63
29 65
29 66
29 69
29 70
29 72
29 73
29 75
29 76
29 78
29 79
29 80
29 81
29 82
29 85
29 95
29 96
29 97
30 31
30 36
30 37
30 38
30 40
30 41
30 45
30 47
30 51
30 54
30 55
30 59
30 63
30 64
30 65
30 68
30 71
30 72
30 75
30 77
30 78
30 79
30 81
30 85
30 89
30 90
30 91
30 92
30 96
30 97
30 98
31 32
31 33
31 40
31 41
31 43
31 44
31 45
31 46
31 48
31 52
31 53
31 54
31 55
31 56
31 57
31 58
31 59
31 60
31 65
31 68
31 69
31 71
31 73
31 74
31 76
31 77
31 80
31 81
31 82
31 83
31 85
31 90
31 92
31 95
31 96
31 98
31 99
32 34
32 41
32 42
32 43
32 46
32 49
32 51
32 53
32 54
32 55
32 56
32 61
32 62
32 63
32 66
32 67
32 68
32 69
32 72
32 75
32 81
32 82
32 85
32 86
32 87
32 89
32 90
32 91
32 94
32 95
32 96
32 98
33 36
33 37
33 38
33 40
33 43
33 46
33 47
33 52
33 56
33 57
33 59
33 61
33 63
33 64
33 66
33 70
33 75
33 76
33 80
33 81
33 83
33 85
33 86
33 87
33 88
33 89
33 91
33 93
33 96
33 98
33 99
34 36
34 37
34 40
34 41
34 44
34 45
34 47
34 54
34 55
34 59
34 60
34 61
34 63
34 64
34 66
34 67
34 69
34 71
34 72
34 73
34 76
34 77
34 79
34 80
34 83
34 85
34 87
34 88
34 90
34 91
34 92
34 94
34 96
35 36
35 37
35 38
35 39
35 42
35 43
35 45
35 49
35 50
35 57
35 58
35 59
35 60
35 62
35 64
35 67
35 73
35 77
35 79
35 81
35 84
35 87
35 90
35 94
35 95
35 97
36 39
36 41
36 42
36 47
36 48
36 50
36 52
36 53
36 58
36 59
36 61
36 62
36 64
36 66
36 68
36 70
36 74
36 75
36 83
36 85
36 87
36 88
36 90
36 91
36 92
36 93
36 97
36 99
37 42
37 43
37 45
37 46
37 47
37 51
37 52
37 54
37 55
37 56
37 57
37 61
37 62
37 66
37 70
37 71
37 72
37 78
37 79
37 81
37 82
37 84
37 90
37 92
37 95
37 97
38 43
38 49
38 51
38 57
38 61
38 62
38 63
38 64
38 66
38 69
38 74
38 76
38 78
38 79
38 82
38 84
38 87
38 88
38 89
38 90
38 92
38 93
38 94
38 95
38 96
38 98
39 40
39 44
39 45
39 46
39 50
39 51
39 52
39 53
39 54
39 55
39 56
39 59
39 60
39 61
39 62
39 63
39 64
39 65
39 66
39 67
39 71
39 72
39 74
39 75
39 79
39 83
39 85
39 86
39 88
39 91
39 92
39 93
39 94
39 96
39 98
40 43
40 45
40 46
40 47
40 48
40 50
40 52
40 54
40 55
40 56
40 57
40 58
40 59
40 61
40 62
40 67
40 68
40 71
40 73
40 74
40 78
40 82
40 86
40 89
40 90
40 92
40 95
40 96
40 98
41 42
41 43
41 44
41 45
41 49
41 50
41 51
41 53
41 54
41 55
41 60
41 61
41 62
41 63
41 69
41 71
41 73
41 75
41 77
41 78
41 79
41 80
41 81
41 84
41 87
41 90
41 91
41 93
41 94
41 95
42 43
42 44
42 47
42 49
42 50
42 52
42 55
42 57
42 61
42 63
42 64
42 66
42 68
42 69
42 70
42 76
42 79
42 81
42 82
42 83
42 85
42 86
42 88
42 90
42 92
42 96
42 98
43 44
43 45
43 46
43 47
43 48
43 49
43 50
43 51
43 52
43 57
43 58
43 59
43 60
43 62
43 64
43 65
43 66
43 69
43 70
43 72
43 73
43 77
43 79
43 81
43 83
43 84
43 85
43 86
43 87
43 89
43 92
43 94
43 95
43 97
43 98
43 99
44 45
44 48
44 50
44 51
44 52
44 54
44 55
44 56
44 57
44 59
44 60
44 62
44 65
44 68
44 73
44 75
44 78
44 79
44 86
44 89
44 91
44 92
44 96
44 97
44 99
45 51
45 54
45 55
45 57
45 59
45 60
45 62
45 63
45 64
45 65
45 69
45 70
45 71
45 73
45 74
45 76
45 77
45 83
45 84
45 85
45 86
45 88
45 93
45 94
45 95
45 99
46 48
46 49
46 52
46 55
46 60
46 61
46 62
46 68
46 69
46 70
46 71
46 73
46 74
46 76
46 77
46 79
46 86
46 88
46 92
46 93
46 95
46 96
46 98
47 48
47 49
47 54
47 61
47 63
47 65
47 67
47 69
47 70
47 76
47 80
47 81
47 82
47 85
47 90
47 91
47 92
47 93
47 94
47 95
47 96
47 97
47 98
47 99
48 49
48 52
48 54
48 55
48 56
48 57
48 59
48 60
48 65
48 66
48 72
48 73
48 74
48 76
48 77
48 79
48 80
48 82
48 84
48 88
48 89
48 92
48 93
48 95
48 99
49 53
49 55
49 57
49 58
49 60
49 65
49 66
49 67
49 68
49 69
49 70
49 72
49 74
49 75
49 76
49 77
49 78
49 79
49 80
49 82
49 83
49 84
49 85
49 86
49 87
49 88
49 91
49 92
49 93
49 94
49 98
49 99
50 51
50 52
50 53
50 55
50 61
50 63
50 64
50 65
50 67
50 69
50 70
50 71
50 73
50 74
50 76
50 77
50 79
50 84
50 85
50 88
50 89
50 91
50 92
50 95
50 97
50 98
51 53
51 54
51 58
51 59
51 61
51 63
51 64
51 65
51 67
51 68
51 70
51 71
51 72
51 73
51 74
51 76
51 77
51 78
51 81
51 82
51 84
51 85
51 91
51 94
51 96
51 99
52 53
52 54
52 55
52 56
52 58
52 61
52 62
52 63
52 66
52 67
52 68
52 70
52 73
52 74
52 75
52 76
52 81
52 83
52 84
52 86
52 87
52 90
52 93
52 97
52 98
53 55
53 56
53 67
53 68
53 73
53 74
53 75
53 76
53 78
53 80
53 81
53 82
53 84
53 85
53 92
53 95
53 97
53 98
53 99
54 55
54 58
54 59
54 65
54 70
54 72
54 73
54 76
54 79
54 80
54 81
54 84
54 85
54 87
54 91
54 93
54 94
54 95
54 97
54 98
55 56
55 58
55 59
55 62
55 63
55 65
55 69
55 70
55 73
55 75
55 82
55 83
55 85
55 87
55 88
55 89
55 94
55 95
55 96
55 97
56 57
56 58
56 59
56 64
56 66
56 67
56 69
56 70
56 73
56 75
56 77
56 78
56 82
56 83
56 85
56 86
56 88
56 90
56 92
56 93
56 94
56 96
56 97
56 99
57 58
57 61
57 62
57 67
57 74
57 78
57 80
57 81
57 83
57 86
57 89
57 92
57 93
57 94
57 96
57 97
57 99
58 59
58 60
58 61
58 62
58 64
58 65
58 66
58 67
58 70
58 71
58 73
58 74
58 77
58 78
58 79
58 82
58 84
58 85
58 87
58 90
58 91
58 93
58 94
58 96
58 97
58 98
58 99
59 60
59 62
59 63
59 64
59 66
59 68
59 69
59 70
59 71
59 73
59 76
59 79
59 81
59 84
59 86
59 87
59 88
59 89
59 90
59 92
59 93
59 94
59 97
59 98
59 99
60 63
60 64
60 65
60 68
60 69
60 73
60 74
60 76
60 77
60 80
60 82
60 85
60 86
60 89
60 93
60 96
60 97
61 64
61 66
61 67
61 71
61 75
61 77
61 78
61 80
61 84
61 85
61 86
61 88
61 90
61 92
61 96
61 98
62 63
62 65
62 68
62 70
62 71
62 73
62 74
62 79
62 80
62 81
62 83
62 84
62 85
62 86
62 91
62 92
62 93
62 97
62 99
63 65
63 66
63 67
63 68
63 69
63 70
63 74
63 75
63 76
63 77
63 79
63 80
63 81
63 82
63 83
63 85
63 86
63 87
63 91
63 93
63 94
63 96
63 99
64 67
64 69
64 75
64 77
64 78
64 80
64 82
64 83
64 87
64 88
64 89
64 90
64 93
64 94
64 95
64 99
65 73
65 74
65 78
65 80
65 81
65 84
65 85
65 86
65 87
65 92
65 93
65 96
65 97
65 99
66 68
66 72
66 73
66 74
66 76
66 80
66 82
66 83
66 84
66 86
66 89
66 93
66 94
66 95
66 99
67 70
67 71
67 75
67 77
67 78
67 81
67 84
67 87
67 88
67 89
67 91
67 92
67 93
67 95
67 97
68 73
68 75
68 76
68 78
68 79
68 80
68 91
68 92
68 95
68 96
68 99
69 70
69 71
69 74
69 80
69 81
69 84
69 85
69 87
69 88
69 90
69 92
69 96
69 97
70 71
70 75
70 78
70 79
70 80
70 81
70 83
70 84
70 88
70 89
70 90
70 95
70 97
70 98
70 99
71 73
71 74
71 75
71 78
71 79
71 86
71 91
71 95
71 97
71 99
72 73
72 74
72 75
72 76
72 79
72 81
72 82
72 83
72 84
72 87
72 88
72 89
72 91
72 92
72 93
72 96
72 97
72 99
73 74
73 79
73 80
73 83
73 84
73 86
73 88
73 89
73 92
73 93
73 95
73 96
73 97
73 98
73 99
74 75
74 78
74 81
74 82
74 83
74 84
74 86
74 87
74 92
74 94
74 99
75 76
75 77
75 78
75 84
75 86
75 88
75 89
75 92
75 94
76 78
76 84
76 85
76 88
76 90
76 91
76 92
76 94
76 95
76 97
76 99
77 78
77 80
77 82
77 83
77 84
77 85
77 89
77 91
77 93
77 94
77 96
77 98
78 80
78 82
78 84
78 87
78 88
78 89
78 90
78 91
78 92
78 93
78 94
78 95
78 97
78 98
78 99
79 82
79 83
79 86
79 88
79 89
79 91
79 93
79 98
79 99
80 81
80 82
80 86
80 87
80 89
80 90
80 91
80 92
80 96
81 84
81 90
81 92
81 93
81 95
81 96
81 98
82 83
82 84
82 99
83 89
83 90
83 93
83 97
83 98
84 86
84 93
84 99
85 89
85 90
85 91
85 93
85 95
85 97
86 88
86 90
86 91
86 92
86 93
86 94
86 98
87 90
87 91
87 93
87 96
87 97
87 98
88 89
88 90
88 92
88 93
88 97
88 98
88 99
89 90
89 91
89 93
89 95
89 96
89 98
89 99
90 91
90 92
90 93
90 94
90 96
90 97
90 98
91 92
91 95
91 97
91 99
92 94
92 96
92 97
92 98
93 95
93 96
93 98
93 99
94 98
95 99
96 97
96 98
0 29 40 99 33
17 13 3 96 88
83 37 58 60 89
98 43 63 86 70
39 2 81 71 82
78 9 16 56 7
79 42 34 52 35
23 45 68 46 72
47 5 55 31 22
80 26 20 64 61
95 67 19 87 10
6 84 18 94 74
32 91 90 4 12
8 1 57 38 21
50 53 41 51 36
69 30 28 92 11
93 24 14 97 73
62 15 59 65 85
76 75 49 77 48
66 27 44 54 25
