100
487
4
0 5
0 10
0 36
0 38
0 68
0 70
0 79
0 84
1 7
1 10
1 11
1 25
1 47
1 48
1 67
1 68
1 71
1 90
1 93
2 11
2 16
2 27
2 32
2 34
2 48
2 71
2 74
2 85
2 90
3 7
3 18
3 37
3 50
3 52
3 58
3 66
3 69
3 82
3 95
4 11
4 27
4 34
4 36
4 40
4 43
4 49
4 52
4 53
4 60
4 63
4 64
4 65
4 86
4 96
4 98
5 16
5 31
5 39
5 77
5 79
5 88
5 92
5 96
5 98
6 33
6 52
6 95
7 11
7 12
7 28
7 45
7 52
7 57
7 65
8 30
8 50
8 60
8 66
8 67
8 72
8 84
8 88
8 92
9 20
9 22
9 23
9 24
9 28
9 31
9 33
9 60
9 72
9 75
9 80
9 82
9 95
10 13
10 14
10 46
10 47
10 48
10 50
10 56
10 64
10 66
10 74
10 85
10 89
10 95
10 98
10 99
11 17
11 20
11 36
11 43
11 46
11 49
11 55
11 69
11 76
12 13
12 25
12 66
12 70
12 91
12 92
12 98
13 28
13 38
13 57
13 61
13 65
13 76
13 86
14 24
14 25
14 30
14 42
14 51
14 61
14 67
14 78
14 91
15 19
15 29
15 34
15 45
15 57
15 59
15 64
15 67
15 71
15 95
16 30
16 43
16 44
16 58
16 62
16 64
16 66
16 75
16 78
16 86
16 90
16 92
17 24
17 41
17 49
17 68
17 83
17 88
17 91
18 23
18 36
18 49
18 52
18 69
18 70
19 42
19 81
19 90
20 32
20 49
20 53
20 61
20 72
20 75
20 81
20 82
20 93
20 94
20 98
20 99
21 27
21 29
21 37
21 69
21 74
21 87
21 88
21 95
21 99
22 31
22 39
22 45
22 52
22 57
22 63
22 87
22 92
22 94
23 39
23 53
23 55
23 56
23 61
23 73
23 81
23 86
23 94
23 96
24 25
24 26
24 29
24 36
24 41
24 44
24 48
24 55
24 57
24 66
25 39
25 45
25 51
25 59
25 95
25 96
25 97
26 44
26 65
26 67
26 69
26 87
26 92
27 28
27 30
27 35
27 71
27 89
28 36
28 80
28 84
28 89
29 45
29 55
29 64
29 65
29 90
29 91
30 37
30 38
30 48
30 50
30 55
30 56
30 62
30 74
30 75
30 97
31 39
31 41
31 42
31 43
31 58
31 67
31 78
31 80
31 82
32 38
32 62
32 68
32 71
32 87
32 88
33 86
33 87
33 91
33 95
34 37
34 75
35 59
35 68
35 69
35 89
35 92
35 94
35 95
35 96
36 58
36 62
36 69
36 71
36 73
36 75
36 97
37 79
37 82
37 83
38 48
38 51
38 56
38 59
38 63
38 80
38 85
38 96
39 41
39 45
39 50
39 61
39 67
39 68
39 76
39 77
39 78
39 88
40 47
40 49
40 72
40 74
40 76
40 77
41 49
41 53
41 61
41 62
41 90
41 96
41 99
42 47
42 48
42 51
42 52
42 60
42 67
42 69
42 73
42 74
43 81
44 45
44 82
44 87
44 90
44 96
45 66
45 68
45 83
45 84
45 86
45 87
46 61
46 87
46 98
47 54
47 61
47 65
47 68
47 73
47 78
47 96
47 97
48 55
48 59
48 74
49 51
49 62
49 63
49 80
49 83
49 98
50 59
50 75
50 79
50 88
50 92
50 93
50 94
51 53
51 56
51 58
51 59
51 98
52 54
52 62
52 71
52 74
52 93
53 54
53 56
53 67
53 94
53 99
54 77
54 97
55 61
55 97
55 99
56 62
56 65
56 80
56 95
57 59
57 77
57 98
58 67
58 82
58 88
58 91
58 95
58 98
59 61
59 71
59 72
59 73
59 84
59 88
59 95
60 91
61 63
61 70
61 82
61 90
61 91
62 63
62 74
62 78
62 84
63 74
63 92
63 99
64 70
64 82
64 85
64 96
65 68
65 83
66 69
66 71
66 99
68 89
68 94
70 75
70 81
71 93
72 81
72 84
72 85
73 79
73 88
74 79
74 95
75 84
75 86
75 91
76 81
76 91
76 99
77 92
77 94
78 88
78 95
78 98
79 81
79 94
79 95
80 98
81 90
81 95
82 87
83 98
84 89
84 93
86 90
89 96
91 99
92 96
92 97
20 98 96 85 80 53 34 40 18 19 97 61 67 90 50 10 16 84 31 86 4 88 76 21 94
23 57 52 64 69 44 81 36 9 75 62 63 73 95 72 77 6 66 1 93 24 54 78 43 7
30 56 37 33 65 46 27 42 74 99 13 70 22 68 59 45 48 35 49 29 55 17 25 87 47
89 41 0 3 71 11 82 32 79 83 14 60 26 2 12 91 39 8 38 92 51 58 15 28 5
