100
2004
10
0 1
0 10
0 13
0 14
0 18
0 19
0 23
0 26
0 28
0 32
0 33
0 34
0 36
0 37
0 38
0 43
0 51
0 54
0 58
0 67
0 70
0 73
0 74
0 76
0 80
0 81
0 82
0 89
0 94
0 95
0 98
1 4
1 7
1 10
1 11
1 12
1 15
1 19
1 23
1 25
1 26
1 29
1 31
1 35
1 37
1 38
1 39
1 40
1 43
1 47
1 51
1 54
1 55
1 57
1 61
1 64
1 65
1 67
1 68
1 70
1 72
1 73
1 74
1 76
1 77
1 83
1 88
1 90
1 91
1 94
1 95
2 3
2 4
2 6
2 8
2 10
2 14
2 18
2 19
2 20
2 21
2 23
2 28
2 31
2 32
2 34
2 38
2 44
2 45
2 49
2 53
2 57
2 58
2 64
2 65
2 73
2 76
2 81
2 84
2 85
2 86
2 87
2 88
2 89
2 90
2 91
2 93
2 94
2 95
2 97
2 99
3 4
3 7
3 14
3 16
3 23
3 24
3 25
3 27
3 28
3 29
3 31
3 32
3 40
3 41
3 42
3 46
3 47
3 48
3 51
3 53
3 54
3 55
3 56
3 58
3 61
3 64
3 66
3 72
3 73
3 74
3 76
3 77
3 78
3 80
3 82
3 85
3 90
3 95
3 97
3 98
3 99
4 5
4 7
4 8
4 10
4 11
4 15
4 17
4 18
4 19
4 20
4 22
4 29
4 30
4 34
4 35
4 36
4 46
4 47
4 54
4 56
4 57
4 60
4 61
4 63
4 65
4 66
4 67
4 69
4 70
4 72
4 79
4 81
4 84
4 86
4 89
4 94
4 95
4 99
5 15
5 18
5 21
5 22
5 24
5 26
5 27
5 29
5 30
5 32
5 35
5 36
5 39
5 40
5 46
5 50
5 52
5 53
5 55
5 56
5 58
5 59
5 63
5 64
5 65
5 66
5 68
5 69
5 70
5 71
5 72
5 74
5 75
5 80
5 82
5 83
5 86
5 87
5 88
5 89
5 90
5 91
5 94
5 98
6 7
6 8
6 13
6 18
6 21
6 22
6 25
6 30
6 35
6 38
6 39
6 45
6 47
6 48
6 54
6 55
6 58
6 60
6 62
6 65
6 66
6 68
6 69
6 70
6 71
6 74
6 77
6 78
6 79
6 81
6 88
6 89
6 90
6 91
6 94
6 95
6 96
7 9
7 15
7 20
7 23
7 24
7 26
7 27
7 28
7 30
7 32
7 43
7 44
7 49
7 50
7 51
7 55
7 56
7 58
7 60
7 63
7 66
7 69
7 71
7 72
7 73
7 80
7 88
7 90
7 91
7 95
7 96
7 98
8 14
8 19
8 20
8 21
8 22
8 26
8 28
8 30
8 32
8 33
8 34
8 40
8 41
8 42
8 47
8 50
8 52
8 56
8 57
8 61
8 69
8 70
8 71
8 73
8 74
8 75
8 77
8 78
8 85
8 86
8 87
8 88
8 90
8 95
8 99
9 11
9 16
9 19
9 21
9 25
9 28
9 30
9 31
9 32
9 34
9 36
9 37
9 40
9 41
9 48
9 50
9 52
9 53
9 54
9 55
9 59
9 61
9 63
9 71
9 72
9 73
9 76
9 77
9 78
9 86
9 90
9 91
9 93
9 95
9 98
10 11
10 12
10 13
10 14
10 18
10 19
10 20
10 21
10 23
10 26
10 30
10 34
10 39
10 41
10 43
10 47
10 48
10 50
10 51
10 58
10 59
10 63
10 64
10 71
10 72
10 75
10 78
10 79
10 81
10 82
10 85
10 86
10 87
10 88
10 89
10 94
10 97
11 12
11 19
11 20
11 22
11 24
11 32
11 33
11 36
11 44
11 45
11 51
11 55
11 62
11 65
11 66
11 67
11 69
11 75
11 76
11 77
11 81
11 83
11 84
11 85
11 86
11 87
11 88
11 89
11 92
11 93
11 94
11 95
11 99
12 13
12 16
12 17
12 18
12 22
12 26
12 28
12 30
12 33
12 38
12 39
12 42
12 45
12 49
12 50
12 52
12 54
12 55
12 59
12 61
12 65
12 68
12 74
12 76
12 77
12 80
12 81
12 82
12 84
12 85
12 88
12 90
12 91
12 92
12 93
12 97
13 22
13 23
13 24
13 26
13 27
13 28
13 30
13 31
13 35
13 36
13 40
13 41
13 42
13 43
13 46
13 50
13 58
13 61
13 62
13 66
13 68
13 72
13 73
13 76
13 78
13 79
13 82
13 83
13 85
13 86
13 94
13 96
13 98
14 15
14 16
14 17
14 19
14 23
14 24
14 25
14 26
14 33
14 34
14 35
14 37
14 40
14 41
14 42
14 44
14 45
14 49
14 50
14 51
14 52
14 55
14 56
14 58
14 59
14 62
14 64
14 65
14 69
14 70
14 72
14 73
14 77
14 81
14 82
14 84
14 85
14 89
14 90
14 91
14 95
14 96
14 97
14 99
15 22
15 24
15 25
15 26
15 28
15 31
15 32
15 36
15 37
15 40
15 42
15 44
15 45
15 47
15 48
15 50
15 51
15 57
15 61
15 64
15 67
15 70
15 74
15 77
15 78
15 79
15 82
15 84
15 85
15 92
15 93
15 99
16 18
16 19
16 20
16 27
16 32
16 33
16 36
16 38
16 41
16 44
16 45
16 49
16 50
16 52
16 53
16 54
16 57
16 60
16 61
16 64
16 70
16 72
16 73
16 78
16 79
16 83
16 84
16 85
16 89
16 91
16 93
16 95
16 99
17 20
17 21
17 22
17 25
17 26
17 28
17 29
17 30
17 33
17 35
17 37
17 40
17 42
17 43
17 47
17 48
17 51
17 52
17 54
17 55
17 57
17 60
17 62
17 68
17 70
17 71
17 72
17 77
17 79
17 81
17 85
17 92
17 94
17 95
17 96
17 98
18 20
18 27
18 29
18 30
18 31
18 33
18 34
18 35
18 39
18 43
18 44
18 49
18 52
18 53
18 54
18 55
18 60
18 62
18 63
18 64
18 67
18 68
18 69
18 70
18 71
18 72
18 76
18 81
18 82
18 86
18 87
18 88
18 91
18 93
18 95
18 97
18 99
19 21
19 25
19 27
19 28
19 30
19 34
19 38
19 40
19 46
19 49
19 52
19 54
19 55
19 56
19 62
19 68
19 69
19 71
19 74
19 76
19 77
19 78
19 81
19 82
19 83
19 87
19 89
19 93
20 22
20 23
20 25
20 28
20 34
20 35
20 36
20 37
20 38
20 40
20 41
20 45
20 46
20 47
20 52
20 55
20 56
20 59
20 62
20 63
20 65
20 67
20 68
20 70
20 72
20 76
20 78
20 79
20 83
20 85
20 88
20 92
20 94
20 97
21 26
21 27
21 30
21 37
21 38
21 40
21 41
21 44
21 45
21 47
21 51
21 52
21 57
21 58
21 60
21 61
21 62
21 66
21 68
21 69
21 74
21 75
21 80
21 83
21 86
21 87
21 92
21 93
21 94
21 95
21 96
21 97
21 98
22 23
22 27
22 28
22 29
22 31
22 34
22 46
22 48
22 52
22 54
22 57
22 59
22 60
22 62
22 66
22 69
22 71
22 72
22 77
22 80
22 83
22 84
22 86
22 87
22 89
22 91
22 92
22 95
22 98
22 99
23 24
23 25
23 28
23 29
23 30
23 34
23 38
23 40
23 42
23 43
23 47
23 48
23 49
23 56
23 58
23 59
23 61
23 69
23 71
23 74
23 75
23 76
23 77
23 78
23 79
23 81
23 82
23 83
23 90
23 93
23 94
23 97
23 98
24 32
24 33
24 36
24 38
24 43
24 45
24 48
24 49
24 51
24 54
24 57
24 58
24 61
24 62
24 66
24 69
24 72
24 80
24 82
24 86
24 87
24 91
24 94
25 26
25 30
25 33
25 37
25 38
25 39
25 40
25 44
25 47
25 52
25 54
25 55
25 56
25 57
25 59
25 62
25 65
25 66
25 67
25 69
25 70
25 71
25 74
25 77
25 78
25 79
25 83
25 85
25 88
25 92
25 93
25 94
25 99
26 28
26 29
26 30
26 31
26 36
26 37
26 38
26 45
26 51
26 54
26 55
26 57
26 59
26 62
26 63
26 64
26 66
26 67
26 69
26 70
26 71
26 73
26 74
26 75
26 78
26 79
26 82
26 86
26 87
26 88
26 90
26 91
26 93
26 96
26 97
26 98
27 31
27 33
27 37
27 41
27 43
27 44
27 46
27 48
27 49
27 50
27 53
27 60
27 61
27 65
27 70
27 72
27 74
27 76
27 78
27 83
27 84
27 85
27 90
27 97
27 99
28 34
28 36
28 37
28 41
28 43
28 47
28 48
28 55
28 56
28 57
28 58
28 59
28 60
28 63
28 66
28 70
28 73
28 75
28 77
28 82
28 84
28 90
28 92
28 95
28 98
29 31
29 35
29 38
29 42
29 45
29 48
29 49
29 51
29 53
29 56
29 57
29 60
29 61
29 62
29 65
29 68
29 71
29 74
29 75
29 76
29 77
29 81
29 84
29 85
29 87
29 88
29 90
29 92
29 94
29 95
29 98
29 99
30 42
30 43
30 45
30 47
30 48
30 49
30 51
30 54
30 56
30 59
30 64
30 66
30 70
30 72
30 74
30 78
30 81
30 82
30 84
30 90
30 97
31 33
31 36
31 40
31 41
31 42
31 44
31 45
31 50
31 52
31 53
31 54
31 57
31 60
31 61
31 63
31 64
31 67
31 69
31 71
31 74
31 75
31 77
31 80
31 84
31 95
31 96
31 98
31 99
32 35
32 38
32 39
32 44
32 45
32 47
32 50
32 53
32 55
32 58
32 59
32 61
32 62
32 63
32 65
32 67
32 69
32 73
32 74
32 76
32 78
32 79
32 86
32 87
32 90
33 35
33 37
33 40
33 45
33 46
33 47
33 48
33 49
33 50
33 54
33 55
33 59
33 60
33 61
33 64
33 67
33 68
33 69
33 70
33 72
33 75
33 76
33 79
33 81
33 82
33 83
33 88
33 89
33 92
33 95
33 96
33 98
33 99
34 36
34 37
34 38
34 39
34 40
34 41
34 44
34 46
34 47
34 49
34 50
34 57
34 58
34 59
34 64
34 65
34 66
34 70
34 71
34 72
34 75
34 80
34 83
34 87
34 94
34 97
34 98
35 37
35 40
35 45
35 50
35 51
35 53
35 54
35 55
35 56
35 64
35 65
35 68
35 70
35 71
35 72
35 75
35 76
35 77
35 78
35 82
35 87
35 93
35 95
35 96
35 98
35 99
36 44
36 45
36 46
36 47
36 48
36 50
36 53
36 54
36 55
36 57
36 58
36 59
36 61
36 63
36 64
36 67
36 68
36 70
36 74
36 77
36 81
36 82
36 87
36 90
36 91
36 95
36 98
37 38
37 39
37 41
37 42
37 43
37 44
37 45
37 49
37 51
37 54
37 55
37 57
37 59
37 60
37 61
37 62
37 65
37 66
37 69
37 73
37 84
37 85
37 89
37 93
38 40
38 45
38 46
38 48
38 50
38 53
38 54
38 60
38 65
38 66
38 68
38 69
38 70
38 71
38 72
38 75
38 76
38 78
38 83
38 85
38 89
38 90
38 91
38 95
38 97
38 98
39 40
39 41
39 42
39 43
39 44
39 45
39 46
39 50
39 51
39 52
39 54
39 57
39 59
39 60
39 67
39 69
39 71
39 75
39 77
39 79
39 82
39 84
39 88
39 89
39 91
39 92
39 96
39 99
40 41
40 42
40 46
40 47
40 48
40 52
40 53
40 57
40 60
40 64
40 66
40 73
40 77
40 88
40 90
40 92
40 94
40 95
40 97
40 99
41 48
41 52
41 53
41 57
41 58
41 60
41 61
41 63
41 65
41 66
41 67
41 72
41 74
41 78
41 81
41 82
41 83
41 85
41 88
41 89
41 95
41 96
41 97
41 98
42 43
42 46
42 49
42 54
42 56
42 57
42 60
42 62
42 64
42 65
42 66
42 67
42 72
42 74
42 78
42 80
42 83
42 84
42 86
42 88
42 92
42 94
42 95
42 96
43 45
43 48
43 51
43 53
43 54
43 58
43 60
43 63
43 65
43 66
43 68
43 70
43 74
43 75
43 77
43 78
43 81
43 82
43 83
43 89
43 92
44 47
44 48
44 58
44 59
44 60
44 61
44 63
44 65
44 66
44 70
44 72
44 73
44 75
44 76
44 79
44 80
44 81
44 85
44 88
44 99
45 47
45 49
45 50
45 53
45 61
45 64
45 66
45 68
45 71
45 74
45 75
45 77
45 78
45 82
45 83
45 84
45 86
45 99
46 47
46 60
46 67
46 68
46 72
46 73
46 75
46 76
46 82
46 83
46 85
46 88
46 94
46 95
46 98
46 99
47 48
47 50
47 51
47 53
47 54
47 55
47 57
47 58
47 59
47 60
47 62
47 63
47 65
47 66
47 70
47 71
47 76
47 83
47 84
47 89
47 93
47 98
47 99
48 50
48 55
48 56
48 59
48 60
48 61
48 64
48 67
48 68
48 71
48 73
48 75
48 78
48 79
48 81
48 83
48 84
48 85
48 86
48 88
48 91
48 92
48 98
49 52
49 54
49 55
49 58
49 60
49 61
49 62
49 64
49 65
49 66
49 68
49 72
49 73
49 74
49 77
49 79
49 81
49 85
49 86
49 88
49 89
49 90
49 91
49 93
49 94
49 96
49 97
49 98
50 51
50 53
50 54
50 55
50 57
50 62
50 63
50 64
50 65
50 68
50 74
50 76
50 80
50 82
50 85
50 88
50 90
50 91
50 92
50 93
50 97
50 99
51 52
51 53
51 55
51 56
51 59
51 60
51 62
51 67
51 71
51 74
51 77
51 79
51 80
51 82
51 88
51 90
51 92
51 98
51 99
52 53
52 54
52 55
52 56
52 58
52 64
52 66
52 69
52 76
52 77
52 79
52 83
52 84
52 86
52 88
52 93
52 96
52 97
53 54
53 56
53 60
53 62
53 63
53 64
53 67
53 73
53 75
53 76
53 78
53 82
53 90
53 91
53 92
53 97
53 98
54 56
54 57
54 58
54 60
54 62
54 63
54 67
54 69
54 71
54 72
54 75
54 82
54 83
54 89
54 91
54 92
54 93
54 94
54 95
54 96
54 98
54 99
55 60
55 63
55 64
55 65
55 69
55 70
55 71
55 73
55 74
55 78
55 81
55 88
55 89
55 92
55 93
55 98
56 65
56 67
56 70
56 73
56 74
56 78
56 81
56 82
56 85
56 90
56 91
56 92
56 93
57 60
57 64
57 67
57 68
57 70
57 71
57 73
57 74
57 75
57 80
57 82
57 83
57 84
57 86
57 89
57 91
57 96
57 98
57 99
58 63
58 65
58 67
58 70
58 71
58 72
58 73
58 75
58 77
58 78
58 81
58 83
58 85
58 90
58 92
58 93
58 94
59 61
59 64
59 66
59 68
59 72
59 74
59 78
59 79
59 82
59 83
59 87
59 88
59 89
59 90
59 95
59 97
59 99
60 62
60 64
60 65
60 68
60 70
60 74
60 75
60 77
60 78
60 79
60 80
60 81
60 87
60 93
60 94
60 95
60 97
61 62
61 63
61 68
61 70
61 73
61 74
61 79
61 80
61 85
61 89
61 92
61 93
61 96
62 64
62 69
62 71
62 72
62 73
62 76
62 82
62 83
62 87
62 90
62 95
62 96
62 98
62 99
63 65
63 68
63 70
63 71
63 72
63 73
63 74
63 76
63 77
63 78
63 79
63 80
63 83
63 84
63 86
63 88
63 89
63 93
63 94
63 95
63 98
64 65
64 71
64 72
64 79
64 82
64 87
64 91
64 93
64 94
64 95
64 97
65 66
65 69
65 71
65 75
65 76
65 77
65 79
65 80
65 81
65 82
65 84
65 85
65 86
65 92
65 94
65 96
65 97
65 98
66 67
66 71
66 73
66 76
66 81
66 83
66 85
66 88
66 90
66 91
66 92
66 93
66 94
66 95
67 68
67 69
67 71
67 77
67 80
67 83
67 84
67 87
67 88
67 92
67 95
67 96
67 97
68 71
68 72
68 74
68 75
68 76
68 81
68 82
68 83
68 84
68 86
68 87
68 88
68 89
68 90
68 91
68 93
68 94
68 95
68 96
68 98
69 70
69 72
69 73
69 76
69 79
69 81
69 84
69 85
69 92
70 71
70 76
70 79
70 86
70 89
70 90
70 91
70 92
70 95
70 99
71 74
71 77
71 80
71 81
71 82
71 88
71 91
71 93
71 94
71 98
72 75
72 77
72 78
72 84
72 91
72 94
72 96
72 98
72 99
73 75
73 77
73 78
73 80
73 85
73 86
73 91
73 92
73 93
73 94
73 98
73 99
74 75
74 76
74 78
74 80
74 82
74 83
74 84
74 85
74 87
74 89
74 91
74 96
75 78
75 79
75 80
75 81
75 84
75 86
75 92
75 93
75 94
75 95
75 97
75 98
75 99
76 78
76 84
76 90
76 92
76 96
76 97
76 98
77 86
77 93
77 94
77 95
77 96
77 99
78 79
78 80
78 81
78 94
78 95
78 96
79 81
79 82
79 86
79 88
79 94
79 95
79 97
80 82
80 83
80 84
80 86
80 92
80 94
81 82
81 90
81 93
81 94
81 95
82 86
82 89
82 92
82 95
82 96
82 97
82 99
83 87
83 88
83 91
83 93
83 94
83 98
84 86
84 87
84 89
84 91
84 92
85 86
85 87
85 88
85 90
85 91
86 87
86 88
86 89
86 91
86 92
86 94
86 95
86 97
86 98
87 93
87 95
87 97
87 98
88 89
88 92
88 97
89 94
89 96
89 97
89 98
90 94
90 95
90 96
90 98
90 99
91 93
91 96
91 97
92 94
92 95
92 96
93 94
93 96
94 95
94 96
95 98
95 99
96 98
96 99
97 99
43 29 91 44 37 86 67 28 48 51
61 71 94 15 20 50 84 21 69 33
31 99 17 72 6 14 24 65 92 81
93 47 88 34 80 18 68 76 9 58
54 4 46 85 10 36 82 97 56 5
70 63 19 0 35 79 12 27 32 1
16 42 22 45 89 64 3 90 60 38
78 59 52 41 8 83 23 55 77 25
30 98 26 74 73 7 13 2 57 39
62 96 11 95 49 75 40 87 53 66
