100
975
7
0 1
0 3
0 4
0 12
0 14
0 20
0 24
0 26
0 39
0 43
0 44
0 49
0 54
0 59
0 60
0 70
0 73
0 82
0 93
0 94
0 95
1 7
1 8
1 12
1 16
1 18
1 23
1 27
1 37
1 43
1 44
1 45
1 47
1 59
1 61
1 83
1 92
1 93
1 95
1 98
2 3
2 12
2 16
2 27
2 30
2 34
2 35
2 37
2 41
2 42
2 43
2 49
2 50
2 53
2 60
2 70
2 82
2 90
2 91
2 98
3 4
3 9
3 12
3 23
3 26
3 27
3 31
3 34
3 40
3 54
3 57
3 65
3 69
3 70
3 71
3 74
3 75
3 76
3 81
3 85
3 96
4 6
4 7
4 8
4 14
4 18
4 26
4 27
4 34
4 35
4 37
4 45
4 48
4 57
4 58
4 62
4 71
4 74
4 77
4 83
4 89
4 96
5 7
5 9
5 13
5 19
5 23
5 25
5 26
5 34
5 46
5 50
5 53
5 55
5 57
5 59
5 66
5 67
5 86
5 89
5 93
5 94
5 95
6 15
6 24
6 30
6 32
6 48
6 50
6 62
6 64
6 70
6 72
6 81
6 83
6 84
6 86
6 92
6 98
6 99
7 15
7 16
7 25
7 31
7 32
7 34
7 43
7 46
7 48
7 49
7 52
7 53
7 60
7 63
7 74
7 79
7 80
7 88
7 89
7 91
7 96
8 11
8 25
8 26
8 28
8 38
8 41
8 42
8 48
8 60
8 75
8 80
8 81
8 86
8 91
8 94
8 99
9 11
9 13
9 28
9 31
9 35
9 57
9 82
9 84
9 93
10 21
10 25
10 28
10 31
10 32
10 37
10 39
10 41
10 43
10 51
10 52
10 53
10 63
10 64
10 69
10 74
10 77
10 96
11 12
11 13
11 26
11 36
11 38
11 39
11 41
11 46
11 47
11 50
11 52
11 58
11 68
11 72
11 74
11 76
11 77
11 80
11 84
11 90
11 94
11 96
12 15
12 18
12 23
12 38
12 44
12 54
12 61
12 68
12 82
12 93
12 94
12 99
13 16
13 20
13 21
13 27
13 29
13 34
13 39
13 40
13 43
13 45
13 50
13 53
13 57
13 59
13 63
13 69
13 72
13 75
13 77
13 83
13 85
13 95
14 19
14 20
14 31
14 33
14 44
14 46
14 49
14 53
14 56
14 70
14 76
14 79
14 87
15 16
15 20
15 23
15 26
15 29
15 48
15 51
15 57
15 63
15 66
15 69
15 76
15 81
15 87
15 93
15 98
16 19
16 24
16 36
16 37
16 39
16 46
16 55
16 56
16 65
16 73
16 77
16 78
16 81
16 83
16 90
16 92
17 24
17 30
17 31
17 38
17 40
17 52
17 54
17 55
17 60
17 61
17 64
17 69
17 72
17 74
17 89
17 96
18 23
18 37
18 41
18 44
18 47
18 63
18 69
18 75
18 78
18 82
18 87
18 90
18 92
19 33
19 41
19 46
19 47
19 48
19 49
19 56
19 59
19 60
19 63
19 66
19 80
19 81
19 91
19 92
19 98
19 99
20 34
20 40
20 41
20 42
20 43
20 44
20 49
20 53
20 67
20 70
20 77
20 84
20 85
21 23
21 31
21 34
21 36
21 38
21 40
21 44
21 49
21 50
21 67
21 71
21 73
21 75
21 82
21 88
21 89
21 91
21 93
21 95
21 98
21 99
22 25
22 26
22 28
22 53
22 56
22 62
22 66
22 80
22 83
22 85
22 87
22 88
22 89
22 90
22 91
22 92
22 93
23 37
23 44
23 47
23 51
23 55
23 57
23 58
23 60
23 63
23 71
23 75
23 80
23 88
23 99
24 28
24 29
24 34
24 36
24 38
24 46
24 50
24 52
24 65
24 73
24 83
24 84
24 86
24 88
24 97
25 28
25 31
25 33
25 39
25 56
25 59
25 71
25 87
25 92
26 27
26 38
26 42
26 48
26 50
26 52
26 56
26 57
26 67
26 74
26 83
26 91
26 92
26 95
26 96
26 99
27 33
27 34
27 35
27 38
27 39
27 47
27 49
27 50
27 56
27 60
27 61
27 63
27 68
27 70
27 84
27 85
28 32
28 35
28 37
28 40
28 42
28 44
28 46
28 57
28 62
28 76
28 79
28 80
28 81
28 90
28 92
28 94
28 95
29 30
29 71
29 72
29 73
29 80
29 81
29 88
30 34
30 35
30 36
30 37
30 42
30 45
30 47
30 48
30 49
30 54
30 61
30 62
30 63
30 85
30 87
30 88
30 98
30 99
31 37
31 38
31 46
31 51
31 60
31 61
31 62
31 65
31 69
31 72
31 73
31 77
31 87
31 99
32 37
32 39
32 52
32 68
32 72
32 74
32 80
32 81
32 82
32 84
32 92
32 94
33 42
33 51
33 53
33 59
33 60
33 61
33 62
33 68
33 72
33 74
33 78
33 82
33 83
33 96
34 38
34 57
34 62
34 63
34 65
34 79
34 90
34 91
34 92
34 97
35 37
35 44
35 46
35 48
35 52
35 56
35 57
35 65
35 70
35 75
35 79
35 87
35 88
35 91
35 93
36 49
36 52
36 60
36 63
36 65
36 66
36 68
36 81
36 90
36 94
37 46
37 49
37 50
37 51
37 55
37 67
37 72
37 75
37 89
38 39
38 47
38 51
38 54
38 62
38 67
38 68
38 69
38 71
38 72
38 75
38 81
38 85
38 86
38 89
39 43
39 46
39 53
39 58
39 65
39 68
39 79
39 83
39 86
39 94
39 96
40 42
40 49
40 56
40 57
40 58
40 62
40 64
40 80
41 49
41 50
41 55
41 56
41 59
41 72
41 74
41 75
41 81
41 89
42 45
42 48
42 51
42 55
42 59
42 62
42 73
42 84
42 86
42 97
43 47
43 51
43 52
43 54
43 55
43 56
43 58
43 78
43 84
43 87
43 88
43 91
43 92
43 93
43 96
44 47
44 54
44 56
44 58
44 64
44 66
44 69
44 73
44 81
44 84
44 87
44 92
44 97
45 52
45 64
45 65
45 67
45 69
45 73
45 77
45 85
45 90
45 91
46 49
46 53
46 58
46 73
46 74
46 79
46 80
46 82
46 88
46 93
47 55
47 59
47 73
47 77
47 78
47 81
47 82
47 85
47 95
47 96
47 99
48 53
48 58
48 63
48 73
48 74
48 80
48 89
48 93
48 99
49 59
49 64
49 66
49 69
49 73
49 84
49 86
49 87
49 89
49 90
49 92
49 98
49 99
50 54
50 74
50 76
50 87
50 89
50 93
51 60
51 62
51 72
51 75
51 83
51 89
51 94
51 98
52 55
52 56
52 68
52 70
52 74
52 77
52 87
52 89
52 90
52 93
52 97
53 55
53 62
53 65
53 72
53 81
53 96
53 97
54 55
54 57
54 74
54 87
54 88
54 90
54 97
55 56
55 60
55 67
55 70
55 72
55 73
55 75
55 76
55 80
55 84
55 85
55 88
55 93
56 59
56 61
56 65
56 71
56 75
56 80
56 85
56 87
56 88
56 89
56 90
56 97
56 98
56 99
57 66
57 84
58 61
58 62
58 63
58 64
58 69
58 71
58 80
58 81
58 89
58 90
58 91
58 98
59 63
59 64
59 66
59 67
59 69
59 71
59 72
59 75
59 76
59 78
59 83
59 93
59 94
60 76
60 80
60 82
60 85
60 94
61 62
61 74
61 75
61 86
61 87
61 94
62 72
62 78
62 83
62 95
62 97
63 65
63 66
63 75
63 79
63 82
63 93
64 67
64 68
64 74
64 78
64 86
64 88
64 92
64 96
65 73
65 77
65 78
65 84
65 94
66 68
66 69
66 72
66 77
66 84
66 88
66 94
67 75
67 86
68 79
68 81
68 82
68 84
68 87
68 89
68 95
69 70
69 74
69 75
69 77
69 78
69 82
69 83
69 85
69 86
69 89
69 97
70 72
70 78
70 79
70 80
70 85
70 87
70 97
71 77
71 85
71 90
72 75
72 76
72 80
72 82
72 86
72 88
72 95
72 96
73 77
73 82
73 91
73 94
73 95
74 91
74 96
74 98
75 88
75 90
75 91
76 79
76 88
77 78
77 87
77 95
78 79
78 84
78 88
78 89
78 94
79 85
79 86
79 91
79 93
79 95
79 97
80 82
80 95
80 97
81 86
81 88
81 90
81 91
81 92
81 95
81 98
82 84
82 86
82 88
82 99
83 85
83 86
83 92
83 98
84 85
84 87
84 95
84 99
85 87
85 90
85 91
85 94
86 98
89 95
89 98
89 99
90 91
90 95
91 94
92 97
93 97
93 98
94 95
94 97
94 99
95 96
96 98
98 99
25 44 53 43 4 9 37 24 93 74 68 20 5 7 69
99 91 67 38 28 11 31 64 46 84 97 78 10 21 29
75 27 95 30 82 60 65 80 50 79 48 92 18 40 34
96 88 77 90 0 62 1 55 39 72 51 45 52 63 16
76 86 8 94 12 41 57 33 59 22 35 15 73 56 71
54 83 98 26 89 13 47 42 58 85 66 3 19 23 36
14 6 87 61 49 81 2 17 70 32
