150
4492
4
0 9
0 11
0 13
0 15
0 18
0 26
0 28
0 30
0 36
0 40
0 42
0 43
0 45
0 46
0 48
0 50
0 52
0 53
0 54
0 57
0 59
0 60
0 63
0 65
0 70
0 71
0 73
0 81
0 82
0 83
0 86
0 92
0 93
0 94
0 98
0 102
0 105
0 109
0 110
0 111
0 112
0 113
0 123
0 127
0 130
0 131
0 140
0 141
0 142
1 6
1 7
1 8
1 9
1 17
1 18
1 24
1 25
1 27
1 30
1 32
1 33
1 35
1 37
1 38
1 41
1 43
1 46
1 49
1 52
1 54
1 58
1 60
1 61
1 62
1 71
1 75
1 78
1 79
1 80
1 83
1 84
1 88
1 90
1 92
1 95
1 96
1 98
1 101
1 102
1 103
1 105
1 111
1 113
1 116
1 117
1 118
1 119
1 125
1 126
1 129
1 133
1 134
1 137
1 138
1 139
1 140
1 142
1 143
1 145
1 149
2 4
2 5
2 6
2 8
2 10
2 14
2 17
2 30
2 33
2 38
2 39
2 44
2 45
2 46
2 47
2 49
2 54
2 56
2 58
2 59
2 60
2 65
2 67
2 71
2 77
2 79
2 80
2 81
2 82
2 83
2 84
2 86
2 88
2 89
2 97
2 100
2 109
2 111
2 112
2 113
2 114
2 121
2 127
2 142
2 144
2 145
3 4
3 5
3 7
3 10
3 12
3 13
3 14
3 16
3 19
3 20
3 22
3 23
3 27
3 29
3 32
3 40
3 41
3 42
3 44
3 49
3 51
3 52
3 54
3 56
3 59
3 62
3 63
3 69
3 70
3 72
3 74
3 76
3 81
3 82
3 83
3 84
3 85
3 86
3 93
3 94
3 97
3 99
3 101
3 102
3 103
3 105
3 106
3 107
3 111
3 113
3 114
3 118
3 124
3 126
3 129
3 130
3 131
3 132
3 133
3 138
3 139
3 140
3 141
3 143
3 147
3 148
3 149
4 6
4 8
4 10
4 14
4 19
4 22
4 27
4 28
4 30
4 32
4 38
4 39
4 45
4 49
4 51
4 55
4 57
4 58
4 59
4 62
4 63
4 65
4 70
4 71
4 77
4 78
4 79
4 89
4 92
4 93
4 94
4 95
4 98
4 100
4 104
4 105
4 107
4 110
4 112
4 116
4 121
4 124
4 125
4 128
4 129
4 131
4 135
4 137
4 147
5 8
5 12
5 14
5 16
5 20
5 21
5 23
5 31
5 32
5 33
5 42
5 48
5 49
5 50
5 55
5 56
5 64
5 65
5 66
5 68
5 73
5 77
5 78
5 86
5 89
5 90
5 92
5 93
5 97
5 99
5 100
5 101
5 102
5 106
5 108
5 111
5 112
5 114
5 115
5 117
5 118
5 119
5 122
5 125
5 127
5 131
5 134
5 136
5 137
5 140
5 144
5 145
6 7
6 10
6 17
6 18
6 22
6 25
6 26
6 27
6 28
6 29
6 31
6 33
6 37
6 38
6 40
6 41
6 42
6 44
6 46
6 47
6 49
6 50
6 53
6 54
6 55
6 60
6 62
6 64
6 66
6 71
6 72
6 74
6 78
6 81
6 82
6 85
6 88
6 91
6 92
6 95
6 96
6 98
6 99
6 101
6 104
6 106
6 109
6 110
6 111
6 112
6 114
6 115
6 117
6 118
6 119
6 120
6 122
6 129
6 133
6 134
6 135
6 136
6 137
6 140
6 143
6 144
6 145
6 147
6 148
6 149
7 8
7 9
7 11
7 14
7 15
7 18
7 23
7 24
7 25
7 27
7 28
7 30
7 32
7 33
7 43
7 45
7 48
7 50
7 53
7 54
7 56
7 57
7 58
7 61
7 62
7 64
7 65
7 66
7 68
7 75
7 79
7 81
7 83
7 84
7 85
7 91
7 95
7 97
7 98
7 99
7 101
7 104
7 105
7 107
7 108
7 112
7 114
7 117
7 118
7 124
7 126
7 128
7 130
7 137
7 143
7 144
7 146
8 10
8 11
8 13
8 15
8 17
8 19
8 20
8 21
8 24
8 26
8 27
8 28
8 33
8 38
8 42
8 45
8 47
8 49
8 50
8 54
8 56
8 58
8 60
8 63
8 65
8 66
8 70
8 71
8 73
8 74
8 77
8 79
8 80
8 82
8 83
8 85
8 87
8 90
8 95
8 99
8 100
8 101
8 109
8 112
8 118
8 119
8 120
8 121
8 123
8 128
8 129
8 130
8 132
8 143
8 144
9 10
9 13
9 14
9 15
9 16
9 20
9 23
9 24
9 26
9 31
9 32
9 33
9 35
9 37
9 40
9 41
9 47
9 49
9 50
9 51
9 54
9 56
9 59
9 63
9 68
9 69
9 77
9 82
9 87
9 88
9 89
9 91
9 92
9 93
9 94
9 96
9 97
9 98
9 99
9 100
9 101
9 102
9 106
9 109
9 115
9 119
9 120
9 125
9 128
9 129
9 130
9 132
9 133
9 137
9 139
9 145
9 146
9 147
9 148
10 11
10 14
10 17
10 26
10 28
10 29
10 33
10 34
10 35
10 36
10 37
10 38
10 39
10 41
10 42
10 44
10 45
10 49
10 50
10 53
10 55
10 56
10 60
10 62
10 63
10 68
10 69
10 70
10 71
10 73
10 76
10 79
10 81
10 83
10 93
10 96
10 102
10 104
10 107
10 110
10 111
10 113
10 114
10 116
10 117
10 120
10 121
10 123
10 124
10 126
10 127
10 129
10 136
10 139
10 140
10 141
10 142
10 144
10 148
11 14
11 15
11 17
11 23
11 25
11 28
11 29
11 33
11 35
11 36
11 41
11 43
11 45
11 50
11 52
11 56
11 57
11 60
11 61
11 62
11 68
11 69
11 72
11 73
11 75
11 78
11 79
11 82
11 83
11 86
11 90
11 91
11 95
11 99
11 100
11 101
11 102
11 103
11 108
11 113
11 114
11 116
11 117
11 118
11 119
11 123
11 128
11 129
11 131
11 134
11 142
11 143
11 145
12 13
12 19
12 21
12 23
12 24
12 26
12 27
12 31
12 34
12 35
12 36
12 38
12 40
12 46
12 49
12 50
12 53
12 54
12 55
12 56
12 61
12 70
12 71
12 75
12 79
12 83
12 86
12 96
12 99
12 101
12 102
12 103
12 106
12 107
12 115
12 116
12 120
12 122
12 126
12 127
12 129
12 133
12 136
12 137
12 138
12 139
12 142
12 146
13 14
13 15
13 16
13 18
13 20
13 23
13 24
13 25
13 26
13 30
13 33
13 36
13 46
13 48
13 49
13 51
13 52
13 54
13 57
13 58
13 60
13 62
13 63
13 65
13 68
13 69
13 70
13 73
13 74
13 75
13 77
13 79
13 83
13 84
13 87
13 90
13 91
13 94
13 95
13 100
13 101
13 103
13 105
13 109
13 111
13 112
13 113
13 115
13 120
13 123
13 124
13 128
13 129
13 131
13 133
13 136
13 139
13 142
13 143
13 147
14 19
14 20
14 22
14 24
14 25
14 26
14 29
14 30
14 33
14 36
14 45
14 46
14 48
14 52
14 56
14 57
14 59
14 60
14 61
14 67
14 70
14 73
14 77
14 80
14 84
14 86
14 89
14 92
14 93
14 94
14 97
14 99
14 100
14 101
14 104
14 107
14 108
14 109
14 110
14 111
14 112
14 117
14 118
14 119
14 122
14 123
14 127
14 129
14 133
14 134
14 138
14 139
14 144
14 145
14 148
15 19
15 26
15 30
15 31
15 33
15 34
15 39
15 41
15 43
15 44
15 52
15 54
15 61
15 62
15 64
15 65
15 67
15 68
15 70
15 72
15 73
15 75
15 78
15 79
15 81
15 82
15 85
15 87
15 89
15 92
15 94
15 97
15 100
15 103
15 104
15 105
15 110
15 111
15 114
15 117
15 118
15 119
15 120
15 124
15 129
15 130
15 133
15 136
15 141
15 144
15 145
15 146
15 147
16 18
16 19
16 20
16 24
16 27
16 28
16 31
16 34
16 36
16 42
16 45
16 46
16 49
16 50
16 51
16 52
16 59
16 60
16 61
16 64
16 65
16 68
16 70
16 73
16 74
16 75
16 76
16 77
16 78
16 81
16 84
16 90
16 91
16 93
16 95
16 97
16 98
16 99
16 101
16 102
16 103
16 105
16 106
16 108
16 110
16 112
16 120
16 121
16 122
16 124
16 127
16 128
16 129
16 131
16 132
16 135
16 136
16 137
16 139
16 141
16 144
16 145
16 146
17 22
17 28
17 29
17 31
17 32
17 34
17 36
17 37
17 38
17 40
17 41
17 43
17 44
17 47
17 52
17 58
17 61
17 64
17 65
17 66
17 67
17 70
17 72
17 74
17 76
17 78
17 80
17 81
17 84
17 86
17 99
17 101
17 105
17 107
17 109
17 110
17 112
17 113
17 119
17 124
17 129
17 131
17 132
17 135
17 136
17 139
17 144
17 146
17 149
18 20
18 23
18 25
18 26
18 28
18 29
18 30
18 34
18 35
18 36
18 38
18 42
18 43
18 45
18 46
18 48
18 49
18 50
18 52
18 58
18 59
18 62
18 63
18 66
18 67
18 68
18 69
18 70
18 72
18 73
18 75
18 77
18 80
18 82
18 85
18 88
18 91
18 93
18 97
18 98
18 102
18 108
18 111
18 113
18 114
18 115
18 120
18 121
18 125
18 128
18 131
18 139
18 141
18 144
18 145
18 146
18 147
18 149
19 20
19 24
19 30
19 31
19 32
19 33
19 34
19 36
19 45
19 47
19 51
19 53
19 54
19 55
19 61
19 65
19 67
19 68
19 69
19 70
19 72
19 86
19 88
19 90
19 93
19 96
19 97
19 98
19 99
19 104
19 110
19 111
19 112
19 116
19 118
19 122
19 123
19 124
19 125
19 126
19 127
19 128
19 129
19 130
19 132
19 134
19 137
19 139
19 141
19 142
19 144
19 145
19 149
20 22
20 28
20 29
20 30
20 31
20 32
20 34
20 40
20 43
20 45
20 47
20 48
20 49
20 54
20 56
20 57
20 58
20 59
20 60
20 61
20 62
20 67
20 68
20 71
20 72
20 75
20 80
20 84
20 85
20 86
20 88
20 89
20 90
20 91
20 92
20 93
20 94
20 95
20 99
20 102
20 107
20 110
20 115
20 116
20 117
20 120
20 121
20 122
20 123
20 126
20 128
20 129
20 137
20 138
20 139
20 143
20 147
20 148
20 149
21 22
21 25
21 27
21 28
21 29
21 31
21 33
21 34
21 35
21 36
21 41
21 43
21 45
21 48
21 49
21 50
21 51
21 53
21 55
21 59
21 60
21 61
21 62
21 65
21 69
21 70
21 74
21 76
21 81
21 82
21 83
21 87
21 89
21 93
21 96
21 98
21 99
21 101
21 103
21 104
21 105
21 106
21 107
21 111
21 112
21 115
21 116
21 117
21 118
21 119
21 121
21 122
21 130
21 131
21 132
21 134
21 141
21 142
21 143
21 144
21 146
21 148
21 149
22 28
22 29
22 30
22 31
22 33
22 35
22 36
22 37
22 40
22 52
22 61
22 64
22 65
22 68
22 69
22 71
22 73
22 76
22 80
22 81
22 82
22 85
22 86
22 90
22 94
22 96
22 102
22 105
22 107
22 108
22 109
22 110
22 114
22 115
22 116
22 119
22 121
22 128
22 129
22 131
22 132
22 135
22 138
22 139
22 141
22 142
22 143
22 145
22 147
22 148
23 24
23 25
23 28
23 29
23 31
23 35
23 37
23 39
23 40
23 42
23 60
23 66
23 68
23 71
23 72
23 74
23 76
23 79
23 80
23 82
23 85
23 88
23 90
23 92
23 95
23 102
23 111
23 113
23 115
23 117
23 121
23 124
23 125
23 126
23 127
23 130
23 131
23 132
23 133
23 135
23 137
23 138
23 140
23 141
23 143
23 144
23 145
23 146
23 148
24 32
24 34
24 35
24 36
24 37
24 47
24 48
24 49
24 54
24 57
24 67
24 81
24 83
24 85
24 86
24 96
24 97
24 101
24 108
24 111
24 112
24 113
24 115
24 116
24 121
24 128
24 130
24 137
24 138
24 146
25 34
25 36
25 39
25 41
25 42
25 44
25 45
25 47
25 49
25 50
25 51
25 52
25 53
25 54
25 55
25 56
25 58
25 60
25 61
25 63
25 64
25 69
25 72
25 73
25 79
25 80
25 92
25 98
25 100
25 103
25 104
25 105
25 109
25 110
25 115
25 116
25 117
25 121
25 123
25 126
25 128
25 130
25 135
25 142
25 144
25 145
25 148
26 28
26 33
26 37
26 40
26 47
26 48
26 52
26 57
26 58
26 59
26 63
26 71
26 72
26 73
26 74
26 75
26 77
26 83
26 84
26 88
26 89
26 90
26 94
26 95
26 97
26 101
26 105
26 107
26 111
26 113
26 117
26 122
26 124
26 129
26 130
26 133
26 137
26 139
26 142
26 146
26 149
27 28
27 30
27 32
27 35
27 38
27 40
27 43
27 46
27 48
27 52
27 53
27 54
27 55
27 58
27 59
27 60
27 62
27 66
27 67
27 71
27 72
27 73
27 79
27 81
27 82
27 84
27 87
27 88
27 89
27 90
27 92
27 95
27 98
27 100
27 107
27 110
27 114
27 116
27 117
27 121
27 122
27 123
27 127
27 128
27 130
27 131
27 132
27 134
27 140
27 141
27 142
27 143
27 145
27 146
27 147
27 149
28 32
28 35
28 36
28 37
28 38
28 40
28 42
28 44
28 48
28 51
28 52
28 53
28 55
28 57
28 59
28 62
28 63
28 64
28 67
28 70
28 72
28 73
28 75
28 77
28 80
28 85
28 89
28 92
28 100
28 106
28 108
28 111
28 121
28 123
28 127
28 128
28 129
28 130
28 131
28 133
28 135
28 138
28 142
28 143
28 144
28 146
28 147
28 149
29 30
29 31
29 34
29 36
29 39
29 41
29 42
29 45
29 48
29 50
29 52
29 53
29 54
29 58
29 63
29 64
29 66
29 67
29 68
29 69
29 73
29 77
29 80
29 82
29 85
29 88
29 90
29 95
29 96
29 97
29 99
29 102
29 104
29 105
29 106
29 110
29 111
29 113
29 114
29 115
29 119
29 120
29 122
29 124
29 126
29 127
29 128
29 129
29 131
29 133
29 139
29 143
29 144
29 145
29 147
29 149
30 31
30 38
30 41
30 43
30 44
30 45
30 49
30 50
30 52
30 55
30 56
30 57
30 58
30 60
30 62
30 66
30 67
30 68
30 72
30 75
30 77
30 78
30 79
30 81
30 82
30 84
30 85
30 86
30 87
30 89
30 91
30 92
30 93
30 94
30 99
30 102
30 104
30 105
30 107
30 109
30 110
30 111
30 112
30 114
30 116
30 118
30 119
30 120
30 122
30 124
30 125
30 126
30 132
30 133
30 135
30 136
30 141
30 144
30 145
30 146
30 147
30 148
31 32
31 33
31 37
31 40
31 41
31 44
31 45
31 46
31 47
31 49
31 52
31 61
31 64
31 68
31 70
31 72
31 73
31 78
31 80
31 82
31 84
31 87
31 88
31 89
31 90
31 91
31 92
31 93
31 96
31 99
31 100
31 102
31 104
31 105
31 107
31 109
31 110
31 111
31 115
31 116
31 127
31 128
31 129
31 130
31 138
31 139
31 142
31 143
31 148
32 34
32 35
32 38
32 39
32 46
32 50
32 51
32 52
32 54
32 55
32 56
32 60
32 65
32 66
32 68
32 69
32 70
32 75
32 79
32 80
32 84
32 87
32 90
32 92
32 93
32 94
32 95
32 96
32 97
32 99
32 106
32 108
32 113
32 117
32 123
32 124
32 129
32 130
32 131
32 132
32 133
32 135
32 136
32 139
32 141
32 144
32 145
32 146
32 147
32 148
33 34
33 38
33 41
33 42
33 43
33 47
33 48
33 52
33 53
33 54
33 55
33 56
33 57
33 58
33 59
33 61
33 62
33 64
33 67
33 68
33 73
33 76
33 77
33 80
33 81
33 84
33 86
33 87
33 88
33 90
33 93
33 94
33 95
33 98
33 100
33 101
33 106
33 111
33 114
33 118
33 120
33 123
33 127
33 130
33 131
33 133
33 134
33 137
33 138
33 140
33 142
33 144
33 145
33 146
33 147
34 35
34 36
34 39
34 41
34 45
34 50
34 52
34 55
34 59
34 62
34 63
34 65
34 68
34 69
34 71
34 72
34 73
34 76
34 77
34 80
34 81
34 82
34 87
34 88
34 92
34 94
34 98
34 99
34 100
34 101
34 107
34 108
34 112
34 113
34 118
34 119
34 121
34 122
34 124
34 130
34 136
34 138
34 141
34 142
34 144
34 149
35 38
35 39
35 40
35 41
35 42
35 44
35 48
35 50
35 56
35 57
35 58
35 60
35 61
35 62
35 67
35 69
35 71
35 74
35 75
35 76
35 79
35 83
35 86
35 92
35 98
35 99
35 101
35 103
35 104
35 105
35 108
35 111
35 112
35 114
35 115
35 117
35 118
35 119
35 121
35 126
35 127
35 129
35 131
35 134
35 136
35 137
35 139
35 140
35 144
36 42
36 48
36 52
36 55
36 56
36 57
36 59
36 62
36 66
36 67
36 68
36 70
36 74
36 76
36 77
36 82
36 83
36 90
36 92
36 97
36 100
36 103
36 104
36 106
36 113
36 115
36 116
36 119
36 123
36 124
36 126
36 130
36 132
36 134
36 136
36 140
36 144
36 146
36 147
36 148
37 38
37 39
37 41
37 44
37 45
37 48
37 49
37 51
37 53
37 59
37 61
37 62
37 67
37 72
37 77
37 80
37 82
37 85
37 90
37 91
37 93
37 95
37 97
37 104
37 106
37 109
37 111
37 112
37 113
37 117
37 119
37 121
37 123
37 124
37 125
37 130
37 133
37 134
37 136
37 140
37 143
37 144
37 145
37 146
37 148
38 39
38 40
38 45
38 47
38 48
38 49
38 51
38 53
38 59
38 60
38 61
38 62
38 63
38 65
38 66
38 68
38 73
38 74
38 82
38 88
38 89
38 92
38 93
38 95
38 96
38 100
38 101
38 102
38 103
38 106
38 108
38 109
38 117
38 121
38 122
38 124
38 125
38 127
38 129
38 132
38 133
38 136
38 137
38 138
38 142
38 145
38 147
39 42
39 46
39 47
39 48
39 49
39 50
39 54
39 56
39 57
39 58
39 61
39 65
39 66
39 68
39 70
39 71
39 72
39 75
39 76
39 77
39 78
39 79
39 82
39 84
39 85
39 86
39 89
39 92
39 93
39 97
39 100
39 106
39 107
39 108
39 110
39 111
39 112
39 113
39 120
39 121
39 122
39 127
39 129
39 132
39 133
39 135
39 136
39 139
39 140
39 146
39 147
39 148
40 43
40 44
40 45
40 46
40 51
40 53
40 57
40 58
40 60
40 61
40 62
40 63
40 64
40 66
40 70
40 71
40 75
40 76
40 80
40 82
40 84
40 85
40 92
40 93
40 97
40 99
40 101
40 103
40 107
40 108
40 113
40 114
40 115
40 117
40 120
40 123
40 124
40 127
40 131
40 133
40 137
40 141
40 142
41 44
41 45
41 53
41 54
41 56
41 58
41 60
41 63
41 69
41 70
41 72
41 78
41 80
41 93
41 96
41 107
41 108
41 110
41 111
41 113
41 114
41 115
41 117
41 118
41 119
41 121
41 123
41 124
41 128
41 132
41 135
41 144
41 147
41 148
42 48
42 50
42 51
42 52
42 55
42 56
42 60
42 62
42 63
42 64
42 72
42 77
42 78
42 79
42 80
42 81
42 86
42 89
42 92
42 99
42 101
42 104
42 107
42 111
42 112
42 113
42 114
42 117
42 121
42 126
42 136
42 140
42 144
42 145
42 146
42 147
42 148
42 149
43 44
43 45
43 49
43 56
43 64
43 65
43 67
43 68
43 70
43 72
43 75
43 78
43 80
43 82
43 86
43 87
43 89
43 97
43 98
43 99
43 103
43 109
43 111
43 113
43 114
43 115
43 117
43 121
43 123
43 126
43 128
43 130
43 133
43 137
43 140
43 143
43 145
43 146
43 148
43 149
44 47
44 50
44 51
44 52
44 57
44 60
44 61
44 65
44 67
44 69
44 70
44 73
44 75
44 77
44 79
44 81
44 82
44 83
44 84
44 85
44 86
44 87
44 88
44 97
44 98
44 101
44 102
44 105
44 110
44 111
44 121
44 122
44 123
44 131
44 132
44 140
44 144
44 146
44 147
44 148
44 149
45 47
45 49
45 51
45 53
45 54
45 60
45 65
45 66
45 67
45 68
45 70
45 72
45 73
45 75
45 79
45 81
45 82
45 90
45 91
45 92
45 93
45 95
45 98
45 99
45 101
45 104
45 105
45 106
45 108
45 109
45 110
45 113
45 125
45 126
45 133
45 134
45 138
45 139
45 143
45 146
45 147
45 148
46 48
46 49
46 53
46 55
46 56
46 62
46 65
46 68
46 73
46 74
46 75
46 76
46 79
46 81
46 82
46 85
46 87
46 91
46 93
46 94
46 95
46 97
46 99
46 100
46 101
46 103
46 105
46 108
46 115
46 121
46 122
46 123
46 125
46 126
46 127
46 128
46 132
46 134
46 137
46 139
46 141
46 142
46 144
46 148
46 149
47 51
47 54
47 59
47 61
47 62
47 63
47 64
47 70
47 72
47 77
47 83
47 84
47 89
47 92
47 93
47 96
47 98
47 101
47 102
47 104
47 108
47 109
47 110
47 111
47 112
47 113
47 114
47 116
47 117
47 118
47 120
47 128
47 132
47 133
47 134
47 135
47 138
47 139
47 140
47 143
47 144
47 145
47 147
47 148
47 149
48 60
48 62
48 63
48 67
48 70
48 71
48 72
48 74
48 87
48 90
48 94
48 96
48 99
48 100
48 101
48 103
48 106
48 107
48 109
48 111
48 113
48 115
48 116
48 118
48 120
48 122
48 123
48 128
48 131
48 134
48 136
48 142
48 144
48 145
48 148
49 52
49 54
49 55
49 56
49 58
49 64
49 65
49 66
49 69
49 72
49 73
49 74
49 76
49 77
49 80
49 84
49 85
49 86
49 88
49 90
49 93
49 97
49 98
49 102
49 104
49 105
49 109
49 112
49 116
49 117
49 123
49 124
49 125
49 134
49 138
49 139
49 141
49 143
49 144
49 145
49 146
50 51
50 52
50 54
50 57
50 58
50 59
50 63
50 64
50 67
50 72
50 73
50 74
50 80
50 85
50 87
50 90
50 91
50 92
50 93
50 94
50 95
50 101
50 104
50 105
50 106
50 109
50 111
50 113
50 114
50 115
50 119
50 122
50 124
50 129
50 131
50 136
50 138
50 140
50 141
50 143
50 145
50 146
50 149
51 54
51 55
51 57
51 59
51 61
51 63
51 66
51 67
51 69
51 70
51 73
51 76
51 79
51 82
51 85
51 88
51 89
51 92
51 97
51 98
51 101
51 102
51 103
51 105
51 109
51 112
51 113
51 116
51 122
51 124
51 126
51 131
51 132
51 134
51 136
51 138
51 139
51 140
51 141
51 142
51 143
51 145
51 147
51 148
52 56
52 66
52 70
52 83
52 86
52 88
52 90
52 92
52 94
52 96
52 98
52 102
52 103
52 104
52 105
52 110
52 111
52 113
52 115
52 116
52 120
52 122
52 123
52 125
52 126
52 128
52 130
52 136
52 138
52 139
52 140
52 145
52 147
52 149
53 54
53 56
53 57
53 58
53 61
53 62
53 63
53 64
53 65
53 67
53 68
53 70
53 71
53 75
53 76
53 77
53 78
53 81
53 82
53 85
53 90
53 92
53 95
53 96
53 98
53 100
53 101
53 103
53 108
53 110
53 113
53 117
53 118
53 120
53 122
53 125
53 126
53 131
53 134
53 135
53 141
53 142
53 143
54 57
54 58
54 60
54 61
54 64
54 67
54 75
54 77
54 78
54 79
54 80
54 83
54 86
54 87
54 90
54 93
54 94
54 99
54 103
54 104
54 105
54 106
54 110
54 111
54 112
54 113
54 114
54 116
54 120
54 122
54 123
54 129
54 132
54 133
54 135
54 137
54 138
54 139
54 145
54 146
55 57
55 58
55 61
55 63
55 68
55 74
55 77
55 78
55 81
55 84
55 86
55 88
55 89
55 98
55 99
55 100
55 102
55 105
55 108
55 110
55 115
55 116
55 117
55 119
55 122
55 126
55 128
55 129
55 130
55 132
55 134
55 136
55 138
55 143
55 144
55 146
55 149
56 59
56 60
56 61
56 62
56 67
56 70
56 71
56 73
56 74
56 76
56 79
56 83
56 84
56 87
56 89
56 92
56 96
56 97
56 101
56 102
56 103
56 104
56 107
56 112
56 113
56 118
56 119
56 121
56 123
56 127
56 132
56 137
56 139
56 141
56 142
56 146
56 147
56 149
57 58
57 61
57 62
57 67
57 68
57 70
57 71
57 72
57 74
57 76
57 77
57 78
57 79
57 82
57 84
57 86
57 89
57 90
57 93
57 94
57 95
57 99
57 101
57 102
57 103
57 107
57 108
57 115
57 122
57 123
57 126
57 127
57 131
57 132
57 133
57 134
57 135
57 136
57 137
57 138
57 140
57 141
57 144
58 61
58 63
58 65
58 66
58 67
58 69
58 71
58 75
58 76
58 78
58 79
58 80
58 83
58 95
58 97
58 102
58 103
58 104
58 106
58 108
58 111
58 112
58 113
58 115
58 117
58 119
58 122
58 131
58 132
58 135
58 136
58 143
58 144
58 149
59 61
59 64
59 67
59 68
59 71
59 83
59 84
59 88
59 94
59 104
59 105
59 106
59 107
59 108
59 109
59 114
59 115
59 118
59 119
59 122
59 125
59 126
59 130
59 132
59 134
59 135
59 137
59 138
59 139
59 140
59 141
59 143
59 147
60 62
60 64
60 65
60 69
60 71
60 72
60 77
60 78
60 85
60 88
60 89
60 90
60 93
60 98
60 99
60 101
60 103
60 107
60 108
60 111
60 113
60 114
60 115
60 119
60 122
60 125
60 126
60 130
60 133
60 140
60 141
60 148
61 63
61 64
61 65
61 66
61 71
61 72
61 75
61 79
61 92
61 94
61 100
61 101
61 103
61 107
61 112
61 113
61 116
61 119
61 121
61 122
61 125
61 126
61 129
61 131
61 132
61 137
61 138
61 139
61 142
61 143
61 144
61 145
61 149
62 63
62 65
62 67
62 70
62 71
62 75
62 77
62 82
62 83
62 85
62 90
62 93
62 99
62 101
62 107
62 109
62 110
62 111
62 112
62 113
62 116
62 117
62 123
62 124
62 125
62 127
62 130
62 136
62 138
62 139
62 140
62 144
62 146
62 147
62 149
63 64
63 69
63 71
63 73
63 76
63 78
63 80
63 83
63 84
63 85
63 91
63 94
63 95
63 100
63 101
63 102
63 104
63 107
63 109
63 116
63 120
63 123
63 129
63 130
63 132
63 139
63 141
63 142
63 143
63 145
64 65
64 72
64 77
64 80
64 81
64 82
64 84
64 85
64 86
64 89
64 91
64 92
64 95
64 102
64 103
64 108
64 110
64 112
64 113
64 114
64 115
64 116
64 117
64 118
64 120
64 121
64 123
64 124
64 125
64 126
64 132
64 133
64 138
64 142
64 143
64 144
64 149
65 66
65 71
65 75
65 76
65 77
65 78
65 79
65 83
65 85
65 87
65 93
65 96
65 99
65 102
65 103
65 104
65 106
65 107
65 109
65 110
65 114
65 117
65 118
65 120
65 121
65 122
65 124
65 125
65 130
65 132
65 133
65 137
65 139
65 141
65 143
65 144
65 145
65 147
66 68
66 81
66 90
66 91
66 94
66 97
66 104
66 107
66 109
66 111
66 112
66 113
66 114
66 117
66 119
66 124
66 127
66 130
66 133
66 137
66 138
66 140
66 145
66 146
66 149
67 69
67 72
67 73
67 74
67 76
67 80
67 81
67 83
67 85
67 88
67 89
67 96
67 97
67 103
67 104
67 107
67 113
67 114
67 115
67 116
67 117
67 119
67 120
67 121
67 124
67 125
67 126
67 128
67 130
67 131
67 134
67 135
67 138
67 139
67 141
67 142
68 71
68 75
68 77
68 81
68 90
68 92
68 94
68 97
68 100
68 101
68 102
68 106
68 115
68 119
68 121
68 122
68 124
68 132
68 136
68 138
68 143
68 148
68 149
69 70
69 72
69 73
69 75
69 77
69 81
69 89
69 92
69 93
69 94
69 96
69 104
69 105
69 106
69 107
69 109
69 112
69 113
69 115
69 117
69 121
69 122
69 132
69 136
69 137
69 140
69 142
69 146
69 147
70 75
70 77
70 78
70 79
70 81
70 82
70 98
70 100
70 101
70 104
70 111
70 113
70 114
70 117
70 119
70 121
70 122
70 123
70 125
70 128
70 129
70 136
70 146
70 147
71 76
71 79
71 80
71 81
71 83
71 87
71 90
71 92
71 94
71 95
71 97
71 101
71 102
71 106
71 109
71 111
71 113
71 114
71 115
71 116
71 118
71 122
71 123
71 127
71 128
71 130
71 132
71 133
71 135
71 140
71 142
71 144
72 74
72 75
72 76
72 79
72 82
72 83
72 85
72 87
72 88
72 89
72 90
72 91
72 92
72 99
72 103
72 105
72 106
72 111
72 115
72 116
72 118
72 119
72 121
72 128
72 131
72 133
72 135
72 139
72 140
72 142
72 145
72 148
72 149
73 76
73 78
73 81
73 83
73 87
73 93
73 96
73 97
73 99
73 100
73 103
73 104
73 105
73 107
73 110
73 111
73 114
73 118
73 119
73 120
73 125
73 126
73 127
73 131
73 132
73 133
73 134
73 136
73 137
73 139
73 140
73 143
73 145
73 148
74 75
74 77
74 79
74 83
74 84
74 85
74 86
74 91
74 99
74 101
74 104
74 106
74 107
74 113
74 114
74 115
74 118
74 119
74 122
74 123
74 125
74 128
74 130
74 136
74 141
74 145
75 78
75 81
75 83
75 88
75 92
75 94
75 96
75 97
75 98
75 100
75 103
75 105
75 110
75 116
75 117
75 118
75 119
75 120
75 123
75 124
75 128
75 130
75 131
75 132
75 133
75 134
75 135
75 136
75 139
75 140
75 141
75 142
75 143
75 144
76 77
76 79
76 80
76 82
76 85
76 87
76 93
76 95
76 96
76 97
76 99
76 105
76 107
76 108
76 112
76 113
76 114
76 119
76 122
76 123
76 125
76 127
76 129
76 131
76 133
76 134
76 138
76 143
76 144
76 145
76 149
77 78
77 79
77 80
77 83
77 84
77 89
77 94
77 95
77 98
77 100
77 104
77 105
77 106
77 108
77 110
77 116
77 118
77 119
77 123
77 124
77 126
77 127
77 130
77 132
77 137
77 138
77 140
77 142
77 143
77 144
77 145
77 147
77 148
78 79
78 81
78 84
78 85
78 96
78 99
78 101
78 102
78 103
78 106
78 108
78 111
78 114
78 118
78 122
78 125
78 129
78 130
78 133
78 134
78 140
78 142
78 145
78 146
78 149
79 82
79 86
79 88
79 89
79 90
79 93
79 95
79 96
79 97
79 99
79 103
79 112
79 113
79 115
79 116
79 119
79 121
79 126
79 127
79 130
79 131
79 132
79 137
79 140
79 141
79 143
79 144
79 149
80 81
80 83
80 85
80 86
80 87
80 89
80 90
80 92
80 93
80 95
80 96
80 97
80 101
80 104
80 105
80 106
80 107
80 108
80 109
80 112
80 113
80 115
80 117
80 119
80 126
80 128
80 130
80 133
80 137
80 142
80 143
80 144
80 146
80 147
80 148
80 149
81 83
81 87
81 89
81 91
81 94
81 96
81 104
81 113
81 116
81 117
81 119
81 121
81 124
81 125
81 126
81 128
81 129
81 130
81 133
81 134
81 136
81 138
81 140
81 141
81 144
81 148
81 149
82 83
82 85
82 87
82 90
82 91
82 96
82 98
82 99
82 100
82 103
82 105
82 106
82 107
82 109
82 115
82 116
82 118
82 119
82 120
82 121
82 124
82 125
82 126
82 130
82 134
82 136
82 137
82 138
82 141
82 142
82 143
83 85
83 86
83 88
83 91
83 92
83 97
83 98
83 99
83 101
83 112
83 113
83 118
83 123
83 127
83 128
83 131
83 132
83 133
83 139
83 140
83 142
83 143
83 146
83 148
84 85
84 88
84 90
84 95
84 99
84 101
84 110
84 111
84 112
84 117
84 118
84 119
84 120
84 123
84 126
84 127
84 128
84 131
84 138
84 139
84 140
84 145
84 146
84 147
84 148
85 90
85 91
85 92
85 96
85 100
85 102
85 104
85 105
85 109
85 111
85 112
85 114
85 117
85 125
85 127
85 128
85 130
85 131
85 136
85 142
85 148
85 149
86 87
86 90
86 91
86 92
86 93
86 94
86 95
86 99
86 100
86 101
86 105
86 106
86 108
86 112
86 113
86 114
86 115
86 119
86 122
86 125
86 127
86 133
86 135
86 140
86 142
86 145
86 146
86 148
87 88
87 90
87 91
87 92
87 95
87 98
87 101
87 105
87 110
87 118
87 120
87 124
87 125
87 126
87 129
87 130
87 133
87 135
87 136
87 139
87 140
87 141
87 142
87 143
87 149
88 90
88 91
88 92
88 93
88 94
88 103
88 112
88 115
88 118
88 120
88 122
88 124
88 127
88 128
88 130
88 131
88 134
88 136
88 139
88 144
88 145
88 148
89 93
89 94
89 95
89 96
89 101
89 103
89 105
89 110
89 113
89 114
89 115
89 118
89 120
89 121
89 122
89 123
89 125
89 127
89 130
89 131
89 132
89 135
89 137
89 138
89 140
89 144
89 145
89 147
90 91
90 95
90 97
90 99
90 100
90 105
90 109
90 113
90 116
90 118
90 119
90 123
90 127
90 128
90 135
90 136
90 137
90 138
90 141
90 142
90 144
90 148
91 92
91 93
91 96
91 97
91 98
91 100
91 105
91 113
91 114
91 118
91 121
91 123
91 124
91 127
91 129
91 130
91 131
91 137
91 138
91 144
91 146
91 147
91 148
92 93
92 96
92 97
92 99
92 103
92 106
92 112
92 113
92 118
92 122
92 124
92 127
92 128
92 130
92 131
92 132
92 135
92 143
92 146
93 98
93 99
93 101
93 103
93 106
93 110
93 113
93 115
93 118
93 122
93 124
93 125
93 128
93 131
93 133
93 135
93 136
93 137
93 138
93 139
93 141
93 143
93 144
93 145
93 146
93 147
93 148
93 149
94 96
94 97
94 102
94 103
94 104
94 107
94 108
94 109
94 110
94 111
94 114
94 118
94 120
94 125
94 127
94 128
94 130
94 132
94 134
94 136
94 138
94 140
94 142
95 99
95 100
95 101
95 102
95 104
95 111
95 113
95 117
95 121
95 122
95 127
95 128
95 131
95 132
95 134
95 135
95 139
95 144
95 146
95 149
96 99
96 100
96 105
96 107
96 110
96 113
96 114
96 118
96 119
96 120
96 121
96 128
96 129
96 130
96 133
96 137
96 143
96 145
96 149
97 98
97 99
97 100
97 102
97 103
97 110
97 111
97 113
97 115
97 119
97 120
97 124
97 125
97 126
97 128
97 129
97 130
97 133
97 135
97 137
97 140
97 148
97 149
98 100
98 103
98 105
98 108
98 109
98 113
98 115
98 118
98 119
98 122
98 129
98 138
98 146
98 147
98 149
99 103
99 105
99 108
99 112
99 116
99 119
99 121
99 123
99 124
99 126
99 127
99 128
99 129
99 130
99 131
99 132
99 136
99 139
99 142
99 146
100 104
100 111
100 114
100 119
100 122
100 123
100 126
100 127
100 129
100 134
100 139
100 142
100 145
100 146
100 149
101 102
101 105
101 107
101 108
101 109
101 111
101 112
101 114
101 115
101 117
101 119
101 120
101 129
101 131
101 134
101 138
101 140
101 141
101 144
101 149
102 104
102 107
102 108
102 109
102 114
102 118
102 120
102 121
102 122
102 123
102 127
102 129
102 133
102 136
102 140
102 141
102 144
102 147
103 107
103 110
103 112
103 116
103 117
103 118
103 119
103 121
103 122
103 132
103 133
103 138
103 139
103 141
103 144
103 145
103 146
103 147
103 149
104 106
104 108
104 109
104 112
104 114
104 116
104 118
104 120
104 122
104 125
104 130
104 131
104 134
104 140
104 142
104 143
104 147
104 149
105 109
105 114
105 116
105 118
105 120
105 122
105 124
105 126
105 130
105 134
105 136
105 137
105 138
105 143
105 144
105 147
106 107
106 108
106 109
106 111
106 118
106 119
106 120
106 121
106 124
106 127
106 129
106 130
106 131
106 135
106 136
106 137
106 138
106 141
106 144
107 111
107 114
107 116
107 118
107 119
107 122
107 123
107 124
107 126
107 129
107 130
107 133
107 134
107 135
107 137
107 138
107 141
107 143
107 144
107 146
107 148
108 109
108 113
108 114
108 115
108 116
108 118
108 120
108 121
108 122
108 126
108 129
108 131
108 132
108 137
108 142
108 143
108 149
109 110
109 111
109 113
109 114
109 115
109 117
109 119
109 122
109 126
109 127
109 128
109 133
109 134
109 136
109 139
109 141
109 142
109 148
109 149
110 112
110 114
110 115
110 119
110 122
110 123
110 127
110 131
110 142
110 143
110 144
110 148
110 149
111 112
111 114
111 115
111 117
111 118
111 119
111 120
111 121
111 128
111 130
111 132
111 133
111 134
111 137
111 140
111 144
111 145
111 147
111 148
112 116
112 120
112 121
112 122
112 123
112 124
112 126
112 132
112 135
112 138
112 139
112 141
112 143
112 147
112 148
112 149
113 117
113 118
113 120
113 121
113 123
113 125
113 126
113 129
113 130
113 133
113 139
113 143
113 145
113 146
114 115
114 120
114 121
114 122
114 129
114 130
114 132
114 133
114 137
114 138
114 140
114 143
114 145
114 147
115 116
115 119
115 120
115 124
115 125
115 126
115 127
115 128
115 130
115 132
115 133
115 134
115 138
115 140
115 142
115 143
115 144
115 145
115 149
116 117
116 121
116 122
116 125
116 128
116 132
116 133
116 135
116 136
116 144
117 118
117 119
117 120
117 124
117 128
117 131
117 132
117 133
117 135
117 136
117 138
117 139
117 145
117 146
118 119
118 120
118 121
118 122
118 124
118 126
118 128
118 129
118 130
118 131
118 135
118 139
118 140
118 141
118 143
118 147
118 148
119 121
119 123
119 125
119 126
119 127
119 130
119 132
119 133
119 134
119 141
119 143
119 144
120 122
120 124
120 128
120 134
120 137
120 140
120 145
120 147
121 125
121 127
121 128
121 129
121 130
121 131
121 133
121 137
121 138
121 139
121 141
121 142
122 123
122 125
122 127
122 131
122 136
122 137
122 139
122 145
123 124
123 125
123 130
123 134
123 142
123 145
123 146
123 147
123 148
124 125
124 128
124 129
124 130
124 131
124 132
124 133
124 137
124 142
124 143
124 144
124 146
124 148
125 126
125 127
125 132
125 133
125 137
125 139
125 141
125 143
125 144
125 145
125 146
125 148
126 127
126 128
126 129
126 132
126 136
126 140
126 141
126 142
126 143
126 147
126 148
127 128
127 129
127 130
127 135
127 136
127 139
127 144
127 149
128 131
128 132
128 133
128 134
128 135
128 143
128 145
129 137
129 139
129 141
129 143
129 144
129 145
129 148
130 131
130 134
130 137
130 140
130 141
130 144
131 132
131 133
131 136
131 137
131 139
131 143
131 146
132 133
132 134
132 137
132 138
132 139
132 144
132 148
133 141
133 142
133 143
133 146
133 149
134 135
134 139
134 143
134 147
134 148
135 140
135 141
135 142
136 141
136 144
136 147
136 148
137 138
137 141
137 142
137 147
138 140
138 142
138 145
138 147
138 149
139 142
139 143
139 146
139 147
140 142
140 145
140 147
141 142
141 143
141 144
141 149
142 147
142 149
143 144
143 146
143 147
144 145
145 146
145 149
147 149
46 54 43 140 131 73 57 130 148 120 9 29 123 75 66 88 136 84 115 137 94 34 90 64 92 118 133 78 97 145 110 71 67 74 107 96 31 52 147 19 22 95 53 35 111
103 121 59 18 117 82 134 13 72 55 91 14 48 58 138 63 24 104 141 79 44 2 5 98 86 27 83 12 33 143 142 99 3 37 125 32 77 17 28 80 21 113 135 50 61
128 105 68 47 139 26 51 112 39 100 101 42 70 4 20 87 119 30 62 146 124 40 16 6 89 1 56 15 144 116 109 149 108 85 76 23 122 25 93 11 69 8 38 60 0
114 49 45 41 106 126 36 81 10 127 102 65 129 7 132
