200
6059
20
0 2
0 8
0 10
0 12
0 13
0 15
0 21
0 24
0 30
0 41
0 45
0 48
0 49
0 51
0 53
0 54
0 55
0 56
0 61
0 64
0 66
0 67
0 70
0 71
0 73
0 77
0 78
0 80
0 81
0 85
0 89
0 90
0 92
0 93
0 96
0 98
0 100
0 101
0 102
0 106
0 107
0 109
0 112
0 114
0 124
0 126
0 129
0 135
0 138
0 143
0 149
0 150
0 152
0 154
0 157
0 159
0 161
0 163
0 166
0 168
0 169
0 176
0 181
0 182
0 185
0 188
0 189
0 193
0 198
1 5
1 7
1 10
1 12
1 13
1 14
1 19
1 34
1 40
1 42
1 49
1 50
1 51
1 52
1 54
1 67
1 70
1 72
1 74
1 75
1 76
1 80
1 81
1 90
1 95
1 96
1 98
1 99
1 101
1 104
1 105
1 107
1 111
1 128
1 129
1 130
1 132
1 143
1 144
1 148
1 156
1 162
1 163
1 166
1 168
1 172
1 174
1 177
1 180
1 181
1 184
1 185
1 186
1 191
1 192
1 199
2 4
2 12
2 13
2 18
2 19
2 20
2 21
2 23
2 24
2 25
2 26
2 29
2 37
2 41
2 42
2 44
2 46
2 50
2 61
2 62
2 63
2 64
2 65
2 66
2 74
2 80
2 81
2 83
2 89
2 90
2 95
2 97
2 99
2 103
2 104
2 107
2 109
2 111
2 113
2 117
2 118
2 123
2 124
2 125
2 126
2 128
2 129
2 130
2 131
2 134
2 143
2 146
2 147
2 150
2 152
2 155
2 156
2 160
2 163
2 164
2 169
2 174
2 178
2 182
2 185
2 186
2 188
2 194
2 196
2 197
2 198
3 5
3 6
3 21
3 23
3 27
3 29
3 42
3 43
3 46
3 49
3 51
3 54
3 61
3 72
3 77
3 80
3 86
3 89
3 97
3 98
3 101
3 109
3 111
3 113
3 117
3 125
3 133
3 135
3 136
3 138
3 140
3 141
3 144
3 146
3 150
3 154
3 156
3 160
3 161
3 166
3 167
3 168
3 170
3 179
3 189
3 191
3 195
3 196
3 199
4 5
4 8
4 10
4 11
4 13
4 16
4 18
4 19
4 21
4 22
4 24
4 26
4 27
4 28
4 30
4 34
4 35
4 37
4 39
4 40
4 45
4 49
4 50
4 51
4 57
4 58
4 60
4 76
4 78
4 80
4 91
4 92
4 94
4 98
4 99
4 100
4 104
4 105
4 106
4 111
4 121
4 125
4 128
4 132
4 133
4 134
4 137
4 139
4 140
4 144
4 147
4 148
4 149
4 150
4 155
4 166
4 169
4 170
4 173
4 174
4 178
4 180
4 181
4 185
4 187
4 190
4 191
4 192
5 15
5 19
5 29
5 30
5 32
5 34
5 38
5 42
5 45
5 48
5 49
5 55
5 66
5 68
5 71
5 76
5 78
5 80
5 82
5 84
5 97
5 100
5 101
5 103
5 104
5 105
5 112
5 116
5 117
5 119
5 120
5 123
5 125
5 127
5 128
5 132
5 134
5 135
5 136
5 139
5 140
5 141
5 142
5 143
5 150
5 151
5 160
5 161
5 163
5 168
5 170
5 172
5 173
5 177
5 178
5 184
5 185
5 189
5 191
5 192
5 194
5 196
6 9
6 10
6 11
6 13
6 14
6 19
6 29
6 31
6 34
6 37
6 38
6 39
6 41
6 46
6 50
6 53
6 55
6 58
6 67
6 72
6 75
6 79
6 80
6 81
6 86
6 87
6 89
6 90
6 99
6 100
6 104
6 108
6 109
6 110
6 111
6 114
6 123
6 125
6 128
6 129
6 135
6 136
6 142
6 150
6 151
6 155
6 156
6 157
6 158
6 161
6 166
6 167
6 173
6 175
6 176
6 178
6 179
6 182
6 183
6 186
6 188
6 192
6 197
6 198
7 12
7 13
7 16
7 18
7 19
7 25
7 26
7 32
7 45
7 48
7 49
7 51
7 52
7 54
7 57
7 61
7 65
7 71
7 75
7 82
7 83
7 87
7 90
7 91
7 93
7 95
7 98
7 99
7 104
7 105
7 106
7 108
7 113
7 116
7 117
7 119
7 120
7 127
7 137
7 141
7 145
7 148
7 149
7 151
7 157
7 158
7 160
7 162
7 169
7 170
7 171
7 172
7 177
7 181
7 187
7 189
7 191
7 192
7 196
7 198
8 18
8 19
8 22
8 26
8 29
8 32
8 37
8 38
8 40
8 49
8 52
8 55
8 56
8 60
8 61
8 62
8 64
8 67
8 82
8 83
8 84
8 93
8 100
8 102
8 103
8 110
8 111
8 120
8 121
8 123
8 124
8 133
8 135
8 136
8 147
8 148
8 149
8 151
8 157
8 158
8 164
8 168
8 169
8 173
8 175
8 176
8 178
8 186
8 187
8 191
8 193
8 194
8 196
8 198
9 11
9 12
9 18
9 19
9 25
9 26
9 28
9 30
9 34
9 35
9 40
9 41
9 46
9 57
9 67
9 70
9 74
9 75
9 76
9 77
9 82
9 83
9 85
9 86
9 92
9 95
9 99
9 103
9 108
9 111
9 112
9 114
9 118
9 121
9 125
9 131
9 134
9 136
9 137
9 140
9 143
9 144
9 153
9 156
9 161
9 164
9 168
9 170
9 173
9 182
9 191
9 192
9 194
9 195
9 196
9 198
10 15
10 16
10 19
10 24
10 25
10 28
10 34
10 35
10 36
10 44
10 47
10 51
10 54
10 56
10 64
10 66
10 72
10 76
10 80
10 82
10 84
10 87
10 89
10 90
10 91
10 92
10 93
10 95
10 97
10 99
10 101
10 102
10 103
10 104
10 106
10 111
10 113
10 120
10 134
10 140
10 143
10 146
10 148
10 150
10 162
10 166
10 171
10 173
10 179
10 180
10 184
10 185
10 186
10 188
10 192
10 195
11 19
11 20
11 24
11 27
11 31
11 32
11 34
11 35
11 37
11 51
11 56
11 57
11 58
11 60
11 63
11 64
11 65
11 71
11 72
11 74
11 75
11 77
11 79
11 82
11 85
11 89
11 90
11 98
11 102
11 103
11 104
11 107
11 108
11 114
11 117
11 120
11 124
11 132
11 143
11 149
11 153
11 156
11 157
11 159
11 160
11 165
11 168
11 170
11 177
11 183
11 184
11 187
11 189
11 193
11 199
12 13
12 17
12 18
12 21
12 24
12 38
12 43
12 44
12 45
12 47
12 48
12 53
12 56
12 59
12 61
12 62
12 64
12 74
12 75
12 78
12 81
12 85
12 88
12 90
12 94
12 97
12 98
12 99
12 101
12 103
12 104
12 110
12 112
12 116
12 117
12 119
12 120
12 122
12 125
12 130
12 131
12 133
12 136
12 139
12 141
12 142
12 143
12 148
12 149
12 150
12 152
12 153
12 155
12 159
12 164
12 167
12 168
12 175
12 178
12 182
12 185
12 193
12 198
13 14
13 16
13 21
13 23
13 24
13 25
13 27
13 31
13 34
13 38
13 46
13 47
13 48
13 50
13 51
13 54
13 60
13 61
13 63
13 65
13 66
13 69
13 73
13 74
13 79
13 84
13 87
13 92
13 93
13 95
13 96
13 97
13 102
13 105
13 107
13 108
13 109
13 112
13 113
13 116
13 117
13 118
13 129
13 132
13 136
13 137
13 139
13 140
13 143
13 145
13 146
13 147
13 148
13 150
13 153
13 155
13 157
13 160
13 164
13 168
13 169
13 177
13 180
13 185
13 186
13 190
13 193
13 195
14 17
14 24
14 28
14 30
14 35
14 36
14 38
14 42
14 43
14 47
14 56
14 61
14 62
14 64
14 67
14 68
14 73
14 75
14 76
14 78
14 85
14 86
14 93
14 94
14 98
14 99
14 100
14 102
14 107
14 109
14 116
14 121
14 123
14 125
14 131
14 132
14 133
14 135
14 136
14 139
14 140
14 141
14 144
14 150
14 151
14 152
14 155
14 161
14 163
14 164
14 169
14 171
14 172
14 178
14 181
14 183
14 185
14 186
14 197
15 16
15 17
15 19
15 21
15 26
15 29
15 35
15 37
15 40
15 42
15 46
15 49
15 55
15 56
15 57
15 66
15 68
15 69
15 74
15 77
15 81
15 89
15 91
15 96
15 104
15 106
15 110
15 119
15 120
15 124
15 126
15 128
15 130
15 134
15 137
15 138
15 139
15 141
15 144
15 146
15 147
15 155
15 160
15 169
15 170
15 172
15 180
15 183
15 184
15 186
15 188
15 189
15 190
15 194
15 195
15 198
16 17
16 18
16 19
16 20
16 21
16 22
16 23
16 24
16 25
16 28
16 33
16 35
16 36
16 40
16 41
16 52
16 53
16 58
16 60
16 61
16 63
16 64
16 66
16 69
16 77
16 85
16 90
16 92
16 95
16 100
16 104
16 105
16 108
16 116
16 117
16 119
16 120
16 121
16 124
16 126
16 127
16 128
16 129
16 130
16 131
16 132
16 135
16 140
16 141
16 142
16 143
16 160
16 162
16 164
16 165
16 166
16 167
16 168
16 173
16 180
16 189
16 194
16 198
17 20
17 25
17 29
17 31
17 33
17 35
17 41
17 43
17 44
17 46
17 47
17 51
17 52
17 53
17 54
17 58
17 68
17 76
17 77
17 80
17 85
17 90
17 102
17 108
17 110
17 111
17 113
17 117
17 118
17 126
17 130
17 133
17 138
17 139
17 144
17 147
17 148
17 154
17 157
17 158
17 160
17 169
17 172
17 173
17 175
17 176
17 188
17 189
18 23
18 25
18 28
18 32
18 43
18 45
18 48
18 49
18 51
18 55
18 57
18 59
18 62
18 65
18 66
18 68
18 71
18 72
18 76
18 78
18 80
18 81
18 86
18 91
18 94
18 99
18 100
18 101
18 104
18 109
18 113
18 114
18 115
18 119
18 120
18 123
18 125
18 126
18 127
18 128
18 130
18 131
18 135
18 138
18 140
18 143
18 154
18 160
18 164
18 170
18 173
18 175
18 179
18 182
18 186
18 187
18 190
18 195
18 196
18 198
19 20
19 23
19 24
19 25
19 31
19 33
19 34
19 35
19 36
19 39
19 43
19 46
19 47
19 48
19 50
19 51
19 62
19 64
19 65
19 68
19 69
19 72
19 78
19 80
19 88
19 89
19 90
19 93
19 96
19 98
19 102
19 107
19 109
19 111
19 112
19 114
19 120
19 121
19 127
19 130
19 138
19 143
19 144
19 145
19 149
19 150
19 152
19 154
19 158
19 161
19 162
19 163
19 164
19 165
19 167
19 168
19 171
19 175
19 178
19 179
19 180
19 184
19 191
19 193
19 195
19 198
20 26
20 32
20 33
20 34
20 44
20 54
20 60
20 61
20 62
20 65
20 66
20 71
20 77
20 78
20 80
20 85
20 86
20 89
20 91
20 96
20 102
20 103
20 111
20 113
20 116
20 118
20 122
20 134
20 137
20 143
20 144
20 145
20 146
20 151
20 152
20 153
20 158
20 159
20 160
20 161
20 162
20 165
20 168
20 169
20 177
20 179
20 181
20 183
20 185
20 187
20 194
20 198
21 26
21 37
21 38
21 41
21 45
21 53
21 54
21 63
21 67
21 80
21 84
21 86
21 92
21 93
21 95
21 98
21 102
21 103
21 104
21 105
21 106
21 108
21 112
21 116
21 122
21 125
21 130
21 133
21 135
21 137
21 138
21 140
21 147
21 149
21 151
21 152
21 153
21 154
21 162
21 163
21 164
21 165
21 166
21 169
21 170
21 173
21 176
21 178
21 181
21 183
21 184
21 188
21 189
21 190
21 192
22 25
22 27
22 29
22 30
22 36
22 37
22 40
22 42
22 44
22 51
22 58
22 59
22 60
22 61
22 62
22 64
22 65
22 66
22 67
22 71
22 75
22 81
22 89
22 90
22 92
22 94
22 95
22 107
22 108
22 110
22 120
22 121
22 123
22 126
22 128
22 131
22 134
22 136
22 149
22 150
22 151
22 155
22 159
22 165
22 166
22 167
22 169
22 170
22 180
22 185
22 188
22 193
22 197
22 199
23 29
23 31
23 34
23 36
23 37
23 50
23 51
23 52
23 60
23 62
23 66
23 67
23 70
23 74
23 75
23 78
23 81
23 83
23 84
23 87
23 89
23 90
23 93
23 96
23 100
23 101
23 102
23 106
23 110
23 111
23 114
23 116
23 117
23 119
23 120
23 134
23 137
23 146
23 147
23 148
23 156
23 158
23 159
23 162
23 163
23 165
23 167
23 168
23 171
23 172
23 173
23 175
23 177
23 183
23 184
23 185
23 188
23 189
23 195
23 199
24 25
24 26
24 28
24 34
24 35
24 45
24 50
24 51
24 52
24 57
24 58
24 59
24 66
24 76
24 99
24 102
24 103
24 107
24 108
24 116
24 119
24 121
24 122
24 123
24 126
24 130
24 134
24 151
24 152
24 165
24 168
24 169
24 170
24 174
24 176
24 177
24 179
24 180
24 181
24 185
24 187
24 191
24 197
25 32
25 34
25 37
25 47
25 48
25 55
25 56
25 68
25 71
25 76
25 81
25 87
25 93
25 94
25 95
25 100
25 104
25 105
25 114
25 117
25 118
25 121
25 122
25 125
25 134
25 138
25 144
25 151
25 153
25 156
25 161
25 162
25 164
25 165
25 167
25 168
25 171
25 174
25 178
25 179
25 184
25 188
25 195
25 197
26 27
26 28
26 32
26 33
26 37
26 38
26 45
26 51
26 53
26 57
26 60
26 62
26 65
26 66
26 72
26 76
26 77
26 79
26 83
26 96
26 102
26 104
26 105
26 107
26 110
26 111
26 113
26 114
26 115
26 116
26 117
26 122
26 123
26 124
26 127
26 135
26 136
26 138
26 139
26 141
26 143
26 151
26 154
26 156
26 159
26 162
26 167
26 168
26 169
26 171
26 174
26 179
26 183
26 188
26 193
26 195
26 198
27 33
27 39
27 40
27 41
27 42
27 43
27 49
27 52
27 58
27 67
27 71
27 74
27 77
27 82
27 84
27 88
27 90
27 94
27 98
27 99
27 101
27 102
27 104
27 107
27 110
27 111
27 119
27 126
27 129
27 140
27 141
27 146
27 148
27 149
27 150
27 152
27 161
27 166
27 167
27 168
27 173
27 176
27 178
27 186
27 195
28 33
28 36
28 42
28 44
28 46
28 47
28 54
28 57
28 60
28 62
28 63
28 79
28 84
28 85
28 90
28 93
28 99
28 102
28 104
28 111
28 112
28 113
28 114
28 120
28 121
28 123
28 125
28 127
28 134
28 135
28 136
28 139
28 141
28 142
28 144
28 147
28 148
28 150
28 162
28 165
28 166
28 171
28 172
28 176
28 182
28 183
28 186
28 191
28 197
29 30
29 34
29 39
29 41
29 43
29 45
29 46
29 51
29 52
29 53
29 56
29 58
29 60
29 61
29 62
29 71
29 75
29 76
29 81
29 84
29 85
29 87
29 91
29 93
29 97
29 99
29 101
29 107
29 109
29 112
29 113
29 116
29 119
29 123
29 129
29 131
29 132
29 134
29 137
29 139
29 147
29 149
29 153
29 160
29 161
29 165
29 172
29 173
29 174
29 175
29 180
29 181
29 184
29 185
29 186
29 189
29 192
30 31
30 34
30 35
30 36
30 38
30 39
30 40
30 42
30 47
30 48
30 49
30 53
30 57
30 61
30 75
30 76
30 84
30 86
30 91
30 92
30 93
30 94
30 98
30 100
30 101
30 106
30 111
30 115
30 118
30 119
30 122
30 125
30 133
30 135
30 144
30 146
30 150
30 151
30 156
30 157
30 160
30 164
30 168
30 171
30 173
30 174
30 176
30 177
30 179
30 183
30 184
30 189
30 190
30 195
31 33
31 41
31 46
31 47
31 48
31 49
31 55
31 62
31 75
31 77
31 78
31 80
31 81
31 82
31 84
31 91
31 97
31 98
31 99
31 102
31 108
31 110
31 113
31 115
31 120
31 122
31 124
31 128
31 130
31 139
31 140
31 142
31 151
31 152
31 153
31 155
31 159
31 165
31 174
31 176
31 186
31 188
31 195
31 197
32 34
32 35
32 41
32 44
32 45
32 48
32 49
32 50
32 52
32 54
32 57
32 59
32 71
32 77
32 82
32 83
32 94
32 98
32 99
32 113
32 116
32 125
32 127
32 129
32 132
32 133
32 134
32 140
32 144
32 148
32 150
32 152
32 159
32 162
32 163
32 164
32 168
32 177
32 194
32 198
33 37
33 43
33 45
33 64
33 65
33 68
33 69
33 71
33 72
33 78
33 81
33 90
33 95
33 98
33 100
33 102
33 105
33 106
33 109
33 112
33 113
33 114
33 119
33 122
33 128
33 131
33 132
33 135
33 136
33 137
33 148
33 149
33 151
33 152
33 156
33 158
33 160
33 163
33 165
33 167
33 169
33 176
33 177
33 179
33 180
33 182
33 188
33 190
33 197
33 198
34 37
34 39
34 49
34 50
34 54
34 55
34 58
34 62
34 64
34 67
34 74
34 77
34 83
34 85
34 88
34 90
34 91
34 95
34 97
34 98
34 103
34 104
34 105
34 106
34 107
34 118
34 122
34 124
34 125
34 127
34 130
34 132
34 136
34 137
34 146
34 147
34 148
34 157
34 158
34 168
34 171
34 176
34 180
34 181
34 184
34 192
34 193
34 194
35 38
35 40
35 42
35 44
35 45
35 57
35 61
35 69
35 72
35 73
35 75
35 77
35 79
35 80
35 83
35 84
35 89
35 91
35 96
35 97
35 112
35 117
35 123
35 125
35 126
35 127
35 134
35 135
35 138
35 139
35 141
35 142
35 144
35 145
35 154
35 155
35 156
35 160
35 161
35 165
35 167
35 171
35 173
35 175
35 176
35 183
35 185
35 186
35 191
35 194
35 196
36 38
36 40
36 43
36 45
36 50
36 51
36 53
36 54
36 57
36 68
36 74
36 77
36 78
36 81
36 82
36 83
36 88
36 89
36 96
36 97
36 98
36 102
36 103
36 106
36 107
36 113
36 116
36 118
36 120
36 123
36 126
36 128
36 129
36 134
36 138
36 143
36 144
36 150
36 152
36 159
36 162
36 164
36 165
36 169
36 171
36 173
36 175
36 177
36 178
36 186
36 187
36 188
36 192
36 196
36 198
37 42
37 43
37 44
37 51
37 54
37 57
37 62
37 65
37 70
37 71
37 72
37 77
37 80
37 81
37 84
37 85
37 88
37 90
37 93
37 94
37 98
37 105
37 108
37 109
37 113
37 117
37 120
37 123
37 124
37 129
37 130
37 132
37 139
37 142
37 149
37 164
37 167
37 168
37 173
37 175
37 178
37 187
37 195
37 197
38 43
38 44
38 50
38 51
38 56
38 61
38 63
38 66
38 83
38 85
38 88
38 90
38 94
38 101
38 102
38 106
38 108
38 111
38 116
38 120
38 121
38 122
38 125
38 126
38 133
38 134
38 139
38 142
38 144
38 149
38 152
38 158
38 159
38 160
38 167
38 171
38 177
38 181
38 184
38 185
39 42
39 43
39 54
39 56
39 62
39 63
39 65
39 68
39 70
39 71
39 72
39 73
39 75
39 76
39 78
39 79
39 81
39 82
39 83
39 94
39 95
39 99
39 103
39 104
39 109
39 111
39 123
39 126
39 129
39 130
39 133
39 134
39 135
39 139
39 140
39 141
39 144
39 147
39 149
39 150
39 154
39 166
39 171
39 173
39 180
39 181
39 184
39 186
39 189
39 192
40 42
40 47
40 53
40 56
40 58
40 59
40 60
40 65
40 79
40 80
40 81
40 84
40 85
40 86
40 87
40 88
40 89
40 95
40 99
40 102
40 105
40 106
40 107
40 109
40 116
40 119
40 120
40 121
40 125
40 126
40 129
40 137
40 140
40 141
40 144
40 145
40 151
40 152
40 153
40 160
40 171
40 173
40 184
40 185
40 188
40 190
40 194
40 195
40 198
40 199
41 42
41 46
41 47
41 50
41 52
41 54
41 63
41 75
41 83
41 85
41 87
41 92
41 94
41 96
41 97
41 100
41 101
41 102
41 110
41 112
41 113
41 116
41 117
41 123
41 125
41 128
41 129
41 130
41 131
41 142
41 144
41 145
41 146
41 147
41 148
41 152
41 154
41 162
41 163
41 166
41 171
41 172
41 176
41 178
41 180
41 185
41 186
41 196
41 198
42 49
42 53
42 55
42 59
42 64
42 68
42 77
42 84
42 85
42 88
42 94
42 100
42 106
42 108
42 110
42 114
42 117
42 119
42 122
42 125
42 127
42 129
42 133
42 143
42 144
42 153
42 156
42 158
42 166
42 167
42 168
42 169
42 171
42 173
42 177
42 185
42 188
42 192
42 193
42 194
42 196
42 198
43 47
43 54
43 55
43 56
43 59
43 60
43 61
43 65
43 75
43 85
43 86
43 87
43 89
43 91
43 98
43 101
43 102
43 104
43 107
43 111
43 112
43 118
43 119
43 121
43 124
43 129
43 132
43 135
43 146
43 147
43 148
43 149
43 150
43 154
43 156
43 157
43 161
43 162
43 164
43 166
43 176
43 185
43 188
43 193
43 197
43 198
44 49
44 53
44 54
44 58
44 61
44 64
44 68
44 69
44 70
44 72
44 74
44 81
44 82
44 86
44 90
44 91
44 92
44 94
44 96
44 97
44 101
44 103
44 106
44 107
44 108
44 109
44 111
44 113
44 115
44 117
44 119
44 123
44 128
44 129
44 141
44 143
44 145
44 150
44 154
44 156
44 158
44 160
44 167
44 175
44 176
44 177
44 186
44 196
44 198
45 46
45 57
45 58
45 63
45 67
45 68
45 70
45 77
45 78
45 84
45 86
45 89
45 91
45 94
45 97
45 101
45 109
45 110
45 116
45 119
45 121
45 126
45 134
45 138
45 139
45 140
45 145
45 149
45 152
45 153
45 155
45 156
45 158
45 159
45 162
45 172
45 175
45 183
45 185
45 186
45 193
45 196
45 198
46 51
46 52
46 59
46 65
46 69
46 70
46 71
46 72
46 74
46 77
46 80
46 85
46 87
46 92
46 96
46 97
46 98
46 102
46 103
46 105
46 117
46 119
46 120
46 122
46 123
46 134
46 143
46 147
46 149
46 150
46 154
46 155
46 161
46 162
46 163
46 166
46 169
46 172
46 174
46 175
46 181
46 182
46 187
46 189
46 191
46 198
47 50
47 51
47 52
47 58
47 59
47 62
47 63
47 66
47 70
47 71
47 74
47 80
47 87
47 93
47 95
47 101
47 108
47 111
47 112
47 115
47 121
47 130
47 133
47 135
47 138
47 149
47 150
47 154
47 155
47 163
47 164
47 171
47 178
47 180
47 188
47 189
47 190
47 191
47 193
47 196
47 197
47 199
48 49
48 52
48 54
48 69
48 72
48 73
48 76
48 77
48 85
48 87
48 89
48 92
48 93
48 95
48 99
48 110
48 111
48 112
48 118
48 120
48 125
48 127
48 128
48 129
48 137
48 138
48 139
48 144
48 146
48 147
48 148
48 149
48 152
48 156
48 159
48 164
48 167
48 168
48 169
48 171
48 175
48 178
48 182
48 186
48 190
48 192
48 196
48 197
48 198
49 51
49 54
49 60
49 63
49 65
49 72
49 76
49 78
49 86
49 90
49 92
49 97
49 104
49 108
49 109
49 111
49 122
49 123
49 126
49 127
49 130
49 135
49 138
49 139
49 140
49 142
49 148
49 150
49 156
49 159
49 160
49 162
49 163
49 166
49 174
49 177
49 178
49 179
49 181
49 184
49 186
49 187
49 194
49 195
50 53
50 58
50 68
50 72
50 78
50 79
50 84
50 85
50 88
50 89
50 91
50 92
50 98
50 104
50 107
50 113
50 120
50 121
50 125
50 128
50 133
50 137
50 144
50 162
50 163
50 164
50 166
50 168
50 169
50 176
50 180
50 187
50 189
50 193
50 195
50 196
50 198
51 52
51 63
51 64
51 65
51 73
51 78
51 80
51 84
51 85
51 87
51 91
51 92
51 98
51 102
51 103
51 105
51 107
51 108
51 112
51 113
51 116
51 117
51 118
51 121
51 127
51 128
51 129
51 131
51 139
51 142
51 144
51 146
51 147
51 152
51 153
51 154
51 155
51 159
51 160
51 163
51 164
51 166
51 167
51 181
51 184
52 54
52 58
52 65
52 67
52 71
52 73
52 76
52 77
52 78
52 83
52 85
52 89
52 91
52 97
52 100
52 106
52 113
52 117
52 125
52 128
52 134
52 136
52 138
52 141
52 149
52 154
52 163
52 165
52 166
52 168
52 169
52 171
52 174
52 178
52 180
52 186
52 187
52 190
52 191
52 193
52 195
52 198
53 54
53 56
53 57
53 58
53 65
53 67
53 69
53 73
53 74
53 78
53 79
53 81
53 82
53 87
53 90
53 93
53 100
53 103
53 106
53 110
53 111
53 113
53 117
53 120
53 123
53 127
53 128
53 131
53 132
53 133
53 135
53 149
53 150
53 151
53 155
53 157
53 164
53 170
53 171
53 173
53 177
53 178
53 180
53 182
53 183
53 185
53 187
53 195
53 197
54 55
54 56
54 58
54 59
54 65
54 70
54 72
54 73
54 77
54 79
54 81
54 86
54 92
54 96
54 98
54 100
54 101
54 103
54 104
54 106
54 116
54 120
54 121
54 122
54 123
54 127
54 133
54 134
54 138
54 140
54 142
54 144
54 151
54 154
54 160
54 163
54 165
54 166
54 168
54 170
54 172
54 175
54 176
54 177
54 180
54 182
54 183
54 185
54 191
54 194
54 195
54 197
55 69
55 72
55 73
55 76
55 78
55 84
55 95
55 97
55 98
55 99
55 101
55 102
55 109
55 112
55 116
55 119
55 121
55 127
55 129
55 137
55 139
55 140
55 141
55 142
55 145
55 148
55 153
55 158
55 162
55 163
55 168
55 173
55 175
55 176
55 177
55 178
55 179
55 183
55 185
55 186
55 188
55 191
55 193
55 199
56 57
56 63
56 66
56 67
56 69
56 78
56 87
56 101
56 106
56 107
56 109
56 110
56 118
56 122
56 124
56 125
56 128
56 129
56 131
56 132
56 136
56 137
56 138
56 139
56 141
56 143
56 155
56 157
56 158
56 160
56 161
56 162
56 168
56 169
56 171
56 174
56 185
56 187
56 188
56 191
56 195
56 197
56 198
57 62
57 66
57 74
57 78
57 79
57 84
57 86
57 92
57 95
57 98
57 103
57 105
57 107
57 109
57 110
57 111
57 113
57 116
57 131
57 133
57 136
57 140
57 141
57 142
57 146
57 147
57 148
57 150
57 154
57 157
57 162
57 163
57 164
57 167
57 168
57 176
57 179
57 180
57 192
57 193
57 196
57 197
57 198
57 199
58 68
58 76
58 77
58 79
58 80
58 85
58 90
58 92
58 94
58 95
58 101
58 104
58 106
58 113
58 117
58 118
58 119
58 131
58 134
58 145
58 148
58 149
58 151
58 152
58 156
58 157
58 158
58 160
58 161
58 162
58 169
58 170
58 172
58 174
58 175
58 181
58 184
58 187
58 190
58 193
58 194
58 196
59 62
59 63
59 66
59 70
59 75
59 80
59 83
59 84
59 87
59 91
59 93
59 95
59 97
59 100
59 102
59 108
59 109
59 110
59 119
59 124
59 125
59 126
59 130
59 132
59 134
59 141
59 142
59 143
59 145
59 147
59 151
59 152
59 162
59 164
59 166
59 168
59 170
59 172
59 173
59 178
59 179
59 180
59 181
59 183
59 186
59 191
59 192
60 62
60 64
60 65
60 67
60 74
60 78
60 85
60 86
60 88
60 95
60 96
60 97
60 101
60 102
60 108
60 109
60 113
60 114
60 115
60 122
60 123
60 125
60 128
60 131
60 134
60 135
60 144
60 145
60 151
60 157
60 158
60 159
60 161
60 163
60 165
60 166
60 168
60 177
60 178
60 179
60 181
60 182
60 184
60 185
60 191
60 192
60 193
60 196
60 197
60 199
61 63
61 65
61 67
61 73
61 75
61 81
61 82
61 83
61 88
61 91
61 95
61 98
61 100
61 104
61 105
61 107
61 108
61 109
61 112
61 121
61 124
61 126
61 127
61 129
61 132
61 134
61 136
61 138
61 142
61 147
61 149
61 151
61 155
61 156
61 167
61 169
61 172
61 182
61 191
61 192
61 198
61 199
62 64
62 69
62 70
62 71
62 77
62 79
62 80
62 81
62 84
62 85
62 92
62 93
62 94
62 96
62 97
62 100
62 102
62 103
62 104
62 106
62 110
62 113
62 114
62 117
62 118
62 119
62 123
62 135
62 136
62 142
62 143
62 144
62 145
62 146
62 149
62 159
62 160
62 161
62 162
62 169
62 170
62 171
62 172
62 184
62 190
62 195
63 64
63 66
63 67
63 68
63 69
63 70
63 73
63 74
63 80
63 82
63 86
63 87
63 90
63 91
63 92
63 94
63 95
63 96
63 100
63 101
63 108
63 112
63 114
63 115
63 117
63 135
63 144
63 146
63 148
63 150
63 156
63 161
63 162
63 165
63 174
63 175
63 176
63 178
63 179
63 181
63 191
63 193
63 194
63 199
64 70
64 72
64 75
64 77
64 85
64 87
64 90
64 95
64 98
64 102
64 111
64 113
64 116
64 118
64 121
64 123
64 125
64 129
64 134
64 140
64 143
64 144
64 150
64 151
64 154
64 172
64 173
64 183
64 184
64 185
64 192
64 193
64 194
64 196
64 198
65 67
65 69
65 75
65 76
65 77
65 82
65 84
65 87
65 89
65 90
65 92
65 94
65 97
65 99
65 100
65 101
65 102
65 105
65 106
65 115
65 116
65 117
65 123
65 125
65 127
65 130
65 133
65 134
65 136
65 137
65 138
65 139
65 144
65 149
65 153
65 154
65 156
65 162
65 172
65 173
65 176
65 178
65 181
65 183
65 184
65 188
65 191
65 195
65 199
66 68
66 73
66 74
66 90
66 92
66 97
66 106
66 110
66 117
66 118
66 119
66 120
66 124
66 126
66 132
66 133
66 136
66 137
66 143
66 144
66 146
66 147
66 149
66 150
66 152
66 158
66 159
66 160
66 162
66 166
66 170
66 177
66 184
66 185
66 189
66 192
66 193
66 194
66 195
67 68
67 73
67 74
67 76
67 80
67 81
67 83
67 91
67 95
67 98
67 104
67 107
67 113
67 114
67 115
67 129
67 130
67 134
67 136
67 137
67 138
67 139
67 142
67 145
67 146
67 150
67 152
67 155
67 162
67 163
67 176
67 177
67 180
67 184
67 185
67 187
67 195
68 70
68 75
68 76
68 77
68 78
68 83
68 93
68 94
68 98
68 101
68 102
68 103
68 104
68 105
68 115
68 117
68 118
68 119
68 120
68 124
68 125
68 133
68 137
68 156
68 158
68 159
68 162
68 169
68 174
68 175
68 176
68 179
68 184
68 190
68 192
69 71
69 74
69 75
69 79
69 83
69 85
69 86
69 88
69 89
69 90
69 91
69 93
69 94
69 96
69 101
69 103
69 105
69 107
69 114
69 120
69 125
69 126
69 130
69 131
69 133
69 134
69 142
69 149
69 162
69 163
69 168
69 169
69 170
69 172
69 173
69 180
69 181
69 186
69 189
69 199
70 73
70 75
70 77
70 81
70 85
70 86
70 91
70 93
70 94
70 100
70 102
70 109
70 110
70 114
70 115
70 116
70 124
70 126
70 127
70 129
70 130
70 138
70 139
70 143
70 148
70 149
70 150
70 153
70 156
70 161
70 169
70 170
70 179
70 181
70 190
70 193
71 72
71 73
71 76
71 80
71 82
71 84
71 87
71 88
71 93
71 99
71 100
71 104
71 105
71 107
71 108
71 111
71 113
71 117
71 120
71 121
71 124
71 126
71 134
71 138
71 147
71 150
71 153
71 156
71 176
71 178
71 179
71 183
71 187
71 189
71 194
71 198
72 73
72 75
72 88
72 98
72 100
72 101
72 103
72 107
72 109
72 112
72 113
72 117
72 119
72 122
72 123
72 124
72 129
72 130
72 132
72 140
72 143
72 146
72 150
72 154
72 157
72 159
72 161
72 163
72 169
72 170
72 172
72 173
72 179
72 183
72 184
72 185
72 190
72 193
72 195
73 79
73 80
73 83
73 87
73 89
73 91
73 94
73 95
73 96
73 105
73 111
73 113
73 117
73 121
73 122
73 123
73 125
73 126
73 128
73 129
73 134
73 135
73 137
73 142
73 145
73 146
73 147
73 152
73 158
73 164
73 167
73 168
73 169
73 170
73 171
73 175
73 176
73 183
73 186
73 189
73 192
73 194
73 196
73 199
74 82
74 87
74 91
74 100
74 101
74 102
74 103
74 106
74 117
74 120
74 128
74 141
74 143
74 144
74 146
74 148
74 150
74 155
74 159
74 163
74 166
74 172
74 174
74 183
74 186
74 196
75 76
75 77
75 78
75 79
75 81
75 83
75 86
75 90
75 96
75 99
75 101
75 102
75 105
75 112
75 118
75 119
75 126
75 129
75 131
75 132
75 134
75 142
75 145
75 147
75 148
75 150
75 156
75 160
75 164
75 166
75 169
75 178
75 179
75 180
75 182
75 190
76 81
76 89
76 90
76 91
76 93
76 95
76 97
76 99
76 103
76 110
76 116
76 117
76 120
76 122
76 123
76 130
76 134
76 135
76 136
76 138
76 140
76 141
76 147
76 150
76 159
76 163
76 167
76 173
76 178
76 180
76 182
76 188
76 192
76 193
76 197
76 198
76 199
77 79
77 84
77 89
77 93
77 95
77 96
77 97
77 99
77 102
77 103
77 110
77 114
77 118
77 121
77 124
77 126
77 127
77 128
77 132
77 134
77 139
77 141
77 148
77 150
77 151
77 157
77 162
77 165
77 175
77 178
77 182
77 184
77 187
77 194
78 80
78 81
78 82
78 84
78 85
78 91
78 93
78 101
78 102
78 109
78 113
78 119
78 124
78 126
78 129
78 130
78 135
78 140
78 146
78 150
78 153
78 155
78 159
78 168
78 171
78 174
78 177
78 178
78 180
78 181
78 183
78 184
78 186
78 187
78 190
78 193
78 196
78 198
79 81
79 85
79 88
79 105
79 107
79 109
79 121
79 130
79 131
79 132
79 133
79 134
79 135
79 149
79 154
79 156
79 165
79 170
79 171
79 173
79 175
79 177
79 178
79 180
79 184
79 186
79 189
79 191
79 198
80 84
80 85
80 87
80 89
80 97
80 100
80 102
80 105
80 106
80 108
80 110
80 112
80 113
80 116
80 118
80 122
80 123
80 133
80 134
80 137
80 143
80 144
80 147
80 154
80 159
80 161
80 173
80 181
80 183
80 184
80 187
80 193
80 195
80 199
81 86
81 89
81 90
81 99
81 101
81 104
81 111
81 116
81 119
81 120
81 125
81 126
81 128
81 129
81 130
81 135
81 138
81 139
81 143
81 147
81 149
81 152
81 154
81 155
81 158
81 161
81 164
81 165
81 166
81 167
81 168
81 175
81 176
81 184
81 185
81 189
81 196
81 198
81 199
82 87
82 92
82 93
82 98
82 103
82 104
82 105
82 106
82 111
82 117
82 120
82 121
82 132
82 139
82 146
82 150
82 152
82 155
82 157
82 162
82 163
82 165
82 169
82 175
82 177
82 179
82 180
82 186
82 188
82 195
82 197
83 88
83 91
83 94
83 95
83 96
83 103
83 110
83 111
83 114
83 116
83 119
83 126
83 127
83 134
83 136
83 138
83 139
83 150
83 152
83 156
83 157
83 162
83 166
83 167
83 169
83 178
83 179
83 181
83 183
83 185
83 186
83 189
83 192
83 195
83 197
83 199
84 87
84 89
84 94
84 99
84 104
84 114
84 120
84 123
84 128
84 132
84 133
84 134
84 138
84 143
84 148
84 153
84 155
84 162
84 166
84 167
84 168
84 169
84 172
84 178
84 188
85 86
85 87
85 91
85 98
85 99
85 100
85 112
85 115
85 117
85 120
85 124
85 130
85 132
85 145
85 146
85 151
85 154
85 155
85 156
85 157
85 159
85 160
85 161
85 167
85 169
85 172
85 174
85 175
85 178
85 179
85 181
85 182
85 184
85 185
85 187
85 192
85 194
86 91
86 94
86 95
86 104
86 105
86 106
86 121
86 124
86 125
86 128
86 130
86 131
86 133
86 134
86 136
86 140
86 141
86 142
86 147
86 156
86 157
86 165
86 169
86 170
86 174
86 175
86 190
86 195
86 196
86 198
87 88
87 89
87 95
87 97
87 98
87 100
87 107
87 109
87 111
87 113
87 117
87 118
87 122
87 125
87 129
87 130
87 138
87 142
87 143
87 149
87 156
87 162
87 163
87 164
87 166
87 174
87 177
87 183
87 184
87 189
87 195
88 91
88 99
88 101
88 102
88 110
88 116
88 118
88 120
88 122
88 123
88 136
88 140
88 147
88 151
88 154
88 156
88 157
88 160
88 161
88 166
88 168
88 172
88 178
88 182
88 185
88 191
88 196
88 199
89 91
89 92
89 93
89 95
89 97
89 98
89 99
89 100
89 112
89 113
89 114
89 121
89 136
89 137
89 140
89 141
89 146
89 152
89 165
89 166
89 168
89 185
89 186
89 198
90 99
90 101
90 103
90 104
90 105
90 106
90 109
90 119
90 129
90 138
90 141
90 146
90 148
90 153
90 155
90 158
90 159
90 160
90 165
90 166
90 174
90 190
90 196
90 197
91 92
91 93
91 96
91 99
91 100
91 102
91 104
91 107
91 108
91 111
91 112
91 116
91 117
91 118
91 119
91 120
91 132
91 133
91 134
91 136
91 139
91 144
91 148
91 149
91 150
91 151
91 154
91 161
91 164
91 168
91 170
91 171
91 177
91 178
91 180
91 181
91 182
91 191
91 192
91 193
91 199
92 95
92 104
92 107
92 108
92 109
92 113
92 115
92 120
92 123
92 127
92 128
92 132
92 139
92 144
92 145
92 146
92 149
92 154
92 155
92 161
92 175
92 176
92 183
92 185
92 190
92 192
92 196
93 103
93 105
93 109
93 111
93 112
93 113
93 119
93 120
93 122
93 132
93 133
93 137
93 138
93 147
93 149
93 151
93 154
93 155
93 156
93 160
93 162
93 163
93 164
93 166
93 171
93 178
93 179
93 180
93 181
93 185
93 186
93 187
93 194
94 97
94 107
94 113
94 114
94 120
94 121
94 126
94 130
94 131
94 134
94 137
94 139
94 140
94 147
94 149
94 155
94 157
94 160
94 161
94 163
94 171
94 177
94 178
94 186
94 188
94 189
94 199
95 97
95 105
95 107
95 113
95 114
95 116
95 123
95 126
95 136
95 138
95 140
95 143
95 146
95 151
95 153
95 161
95 164
95 166
95 178
95 181
95 182
95 183
95 186
95 189
95 192
95 197
95 198
96 97
96 99
96 100
96 102
96 105
96 108
96 109
96 111
96 116
96 117
96 119
96 120
96 123
96 128
96 129
96 131
96 135
96 142
96 145
96 151
96 167
96 170
96 171
96 179
96 182
96 183
96 185
96 187
96 196
96 197
97 98
97 102
97 103
97 105
97 107
97 110
97 112
97 113
97 115
97 125
97 127
97 128
97 129
97 132
97 134
97 139
97 149
97 155
97 158
97 160
97 161
97 162
97 163
97 164
97 165
97 171
97 174
97 178
97 179
97 180
97 181
97 182
97 183
97 185
97 186
97 189
97 198
97 199
98 99
98 103
98 112
98 117
98 118
98 121
98 132
98 134
98 138
98 139
98 140
98 141
98 144
98 149
98 154
98 156
98 160
98 161
98 165
98 166
98 168
98 169
98 174
98 178
98 179
98 182
98 184
98 189
98 192
98 194
98 195
98 199
99 105
99 108
99 109
99 110
99 112
99 118
99 119
99 121
99 124
99 128
99 130
99 139
99 141
99 143
99 147
99 149
99 152
99 156
99 158
99 160
99 169
99 172
99 173
99 178
99 186
99 187
99 189
99 196
100 105
100 106
100 111
100 116
100 117
100 121
100 127
100 131
100 136
100 139
100 142
100 143
100 145
100 148
100 152
100 155
100 159
100 161
100 170
100 171
100 176
100 177
100 179
100 180
100 187
100 188
101 109
101 116
101 117
101 121
101 126
101 127
101 129
101 132
101 133
101 135
101 138
101 143
101 145
101 147
101 153
101 155
101 159
101 160
101 161
101 168
101 172
101 174
101 175
101 178
101 179
101 184
101 186
101 192
101 195
101 198
102 103
102 107
102 111
102 118
102 119
102 121
102 123
102 127
102 132
102 133
102 136
102 138
102 146
102 147
102 148
102 149
102 152
102 155
102 158
102 167
102 171
102 174
102 175
102 188
102 193
102 198
102 199
103 106
103 111
103 115
103 122
103 126
103 134
103 138
103 142
103 143
103 144
103 145
103 146
103 151
103 152
103 157
103 158
103 162
103 163
103 170
103 174
103 178
103 183
103 185
103 187
103 194
103 199
104 105
104 113
104 115
104 116
104 117
104 120
104 127
104 137
104 139
104 140
104 142
104 145
104 146
104 151
104 153
104 156
104 160
104 168
104 170
104 172
104 173
104 176
104 178
104 181
104 186
104 187
104 193
104 194
104 195
105 106
105 109
105 114
105 116
105 121
105 123
105 126
105 129
105 131
105 132
105 137
105 141
105 142
105 146
105 155
105 160
105 161
105 164
105 166
105 170
105 172
105 175
105 176
105 177
105 184
105 191
105 193
105 194
105 199
106 108
106 109
106 110
106 113
106 114
106 116
106 117
106 120
106 121
106 122
106 124
106 127
106 129
106 133
106 138
106 140
106 142
106 143
106 144
106 147
106 149
106 152
106 153
106 161
106 164
106 167
106 169
106 174
106 179
106 182
106 184
106 192
106 195
107 110
107 113
107 122
107 123
107 139
107 141
107 142
107 143
107 149
107 153
107 156
107 161
107 163
107 165
107 167
107 171
107 175
107 176
107 178
107 185
107 186
107 192
107 193
108 111
108 112
108 115
108 116
108 117
108 118
108 119
108 120
108 121
108 123
108 136
108 139
108 144
108 145
108 146
108 154
108 157
108 159
108 162
108 164
108 165
108 167
108 168
108 169
108 175
108 176
108 177
108 178
108 179
108 182
108 183
108 193
108 198
109 112
109 113
109 115
109 116
109 121
109 126
109 131
109 132
109 134
109 137
109 144
109 145
109 146
109 147
109 148
109 149
109 151
109 153
109 156
109 166
109 167
109 168
109 172
109 176
109 181
109 186
109 188
109 194
109 195
109 198
110 116
110 130
110 132
110 133
110 134
110 135
110 142
110 143
110 144
110 147
110 151
110 152
110 153
110 154
110 156
110 157
110 160
110 169
110 175
110 176
110 177
110 180
110 183
110 184
110 191
110 194
110 196
110 199
111 112
111 114
111 115
111 121
111 122
111 123
111 125
111 127
111 128
111 131
111 133
111 138
111 145
111 146
111 147
111 149
111 151
111 152
111 153
111 158
111 160
111 163
111 167
111 169
111 170
111 173
111 175
111 179
111 185
111 189
111 191
111 192
111 197
112 114
112 115
112 117
112 119
112 120
112 136
112 147
112 148
112 149
112 150
112 153
112 159
112 161
112 163
112 167
112 177
112 179
112 187
112 190
112 196
112 199
113 114
113 117
113 121
113 123
113 124
113 125
113 128
113 131
113 133
113 136
113 143
113 148
113 150
113 152
113 163
113 164
113 166
113 167
113 168
113 177
113 185
113 186
113 188
113 195
113 199
114 116
114 131
114 137
114 138
114 139
114 143
114 149
114 151
114 153
114 165
114 167
114 169
114 171
114 174
114 175
114 177
114 184
114 188
114 189
114 190
114 192
114 196
114 198
114 199
115 117
115 118
115 125
115 128
115 130
115 135
115 137
115 139
115 140
115 144
115 156
115 161
115 165
115 166
115 168
115 171
115 175
115 180
115 182
115 183
115 184
115 190
115 192
115 198
116 121
116 125
116 127
116 129
116 130
116 132
116 134
116 136
116 138
116 139
116 141
116 148
116 161
116 162
116 171
116 173
116 175
116 176
116 179
116 180
116 181
116 183
116 185
116 188
116 189
116 198
116 199
117 119
117 120
117 121
117 122
117 124
117 127
117 133
117 134
117 137
117 140
117 145
117 150
117 159
117 161
117 163
117 166
117 167
117 171
117 172
117 173
117 178
117 179
117 184
117 186
117 189
117 194
117 196
118 119
118 120
118 121
118 122
118 123
118 126
118 130
118 132
118 134
118 138
118 139
118 146
118 147
118 148
118 149
118 150
118 154
118 158
118 161
118 162
118 172
118 173
118 192
118 194
118 195
119 129
119 132
119 145
119 152
119 153
119 155
119 157
119 159
119 161
119 164
119 166
119 169
119 170
119 174
119 175
119 176
119 178
119 183
119 184
119 186
119 189
119 190
119 193
120 127
120 128
120 131
120 133
120 134
120 136
120 141
120 146
120 147
120 148
120 150
120 152
120 157
120 158
120 162
120 168
120 171
120 177
120 178
120 179
120 180
120 181
120 183
120 187
120 189
120 198
120 199
121 123
121 124
121 125
121 126
121 127
121 133
121 134
121 137
121 139
121 141
121 154
121 156
121 160
121 161
121 162
121 163
121 169
121 171
121 172
121 173
121 183
121 187
121 193
121 194
121 195
121 199
122 125
122 128
122 131
122 138
122 139
122 151
122 153
122 157
122 158
122 170
122 172
122 174
122 177
122 181
122 183
122 184
122 189
122 190
122 195
122 197
123 129
123 130
123 132
123 134
123 135
123 137
123 139
123 140
123 141
123 142
123 147
123 151
123 157
123 158
123 159
123 160
123 164
123 165
123 167
123 170
123 172
123 174
123 175
123 176
123 177
123 180
123 188
123 191
123 193
123 194
124 125
124 129
124 130
124 138
124 141
124 142
124 150
124 151
124 153
124 158
124 167
124 169
124 170
124 173
124 174
124 176
124 185
124 192
124 193
124 194
125 134
125 135
125 136
125 143
125 144
125 146
125 149
125 151
125 152
125 156
125 157
125 162
125 165
125 166
125 169
125 170
125 172
125 176
125 178
125 179
125 182
125 184
125 185
125 186
125 189
125 193
125 199
126 128
126 131
126 135
126 136
126 141
126 142
126 147
126 150
126 151
126 156
126 160
126 164
126 165
126 168
126 169
126 170
126 171
126 177
126 179
126 181
126 185
126 186
126 188
126 191
126 193
127 128
127 129
127 130
127 133
127 135
127 136
127 139
127 142
127 149
127 168
127 174
127 175
127 176
127 177
127 178
127 182
127 186
127 187
127 188
127 191
127 193
127 194
128 132
128 136
128 140
128 141
128 143
128 146
128 149
128 151
128 152
128 155
128 156
128 162
128 163
128 170
128 173
128 175
128 180
128 181
128 182
128 184
128 185
128 190
128 191
128 192
128 194
128 195
129 132
129 133
129 138
129 140
129 141
129 144
129 149
129 152
129 154
129 156
129 157
129 163
129 166
129 168
129 175
129 186
129 192
129 194
129 197
129 199
130 131
130 132
130 133
130 134
130 135
130 136
130 137
130 141
130 144
130 149
130 154
130 156
130 157
130 169
130 176
130 178
130 187
130 192
130 193
130 198
130 199
131 135
131 141
131 144
131 147
131 151
131 154
131 156
131 157
131 158
131 159
131 160
131 162
131 165
131 169
131 178
131 180
131 183
131 184
131 189
131 193
131 194
131 195
132 135
132 140
132 141
132 148
132 153
132 156
132 160
132 163
132 167
132 171
132 175
132 182
132 183
132 184
132 187
132 188
132 189
132 190
132 196
132 198
132 199
133 134
133 139
133 145
133 146
133 155
133 160
133 163
133 166
133 172
133 174
133 176
133 177
133 179
133 185
133 186
133 189
133 191
133 195
133 199
134 136
134 138
134 140
134 143
134 148
134 150
134 153
134 160
134 165
134 177
134 178
134 184
134 186
134 191
134 198
135 152
135 155
135 156
135 158
135 167
135 168
135 170
135 172
135 173
135 176
135 178
135 181
135 185
135 186
135 191
135 192
135 193
135 197
136 137
136 138
136 141
136 143
136 144
136 146
136 154
136 155
136 157
136 161
136 162
136 163
136 164
136 170
136 174
136 178
136 179
136 180
136 181
136 182
136 184
136 195
136 199
137 141
137 144
137 149
137 150
137 152
137 155
137 157
137 166
137 167
137 169
137 171
137 172
137 175
137 179
137 180
137 181
137 188
137 189
137 199
138 150
138 153
138 159
138 162
138 163
138 164
138 166
138 174
138 180
138 195
138 199
139 141
139 143
139 146
139 148
139 152
139 154
139 155
139 158
139 161
139 162
139 168
139 173
139 177
139 187
139 197
139 198
140 148
140 149
140 150
140 151
140 152
140 156
140 158
140 171
140 174
140 178
140 184
140 185
140 188
140 191
140 192
140 196
141 153
141 154
141 155
141 158
141 162
141 165
141 166
141 170
141 176
141 181
141 182
141 184
141 186
141 191
141 195
141 198
141 199
142 147
142 150
142 161
142 163
142 166
142 170
142 175
142 176
142 178
142 179
142 180
142 181
142 182
142 185
142 192
142 193
142 197
142 198
143 147
143 148
143 154
143 155
143 160
143 161
143 164
143 167
143 168
143 179
143 187
143 193
143 194
143 196
143 197
143 199
144 145
144 148
144 149
144 152
144 153
144 156
144 162
144 163
144 164
144 167
144 170
144 173
144 178
144 184
144 187
144 191
144 197
145 147
145 151
145 153
145 155
145 157
145 168
145 170
145 172
145 180
145 181
145 186
145 190
145 196
145 197
145 198
146 147
146 156
146 158
146 159
146 160
146 166
146 167
146 171
146 175
146 177
146 179
146 180
146 181
146 186
146 191
146 192
146 194
147 149
147 152
147 155
147 156
147 157
147 161
147 164
147 173
147 176
147 179
147 188
147 191
147 193
147 194
148 150
148 155
148 157
148 161
148 163
148 164
148 167
148 169
148 175
148 176
148 179
148 180
148 181
148 184
148 186
148 188
148 189
148 190
148 191
148 195
149 151
149 156
149 158
149 161
149 163
149 164
149 166
149 169
149 170
149 173
149 174
149 176
149 179
149 181
149 183
149 185
149 187
149 188
149 190
149 196
150 151
150 153
150 158
150 161
150 164
150 165
150 173
150 175
150 183
150 186
150 193
150 196
150 198
151 153
151 154
151 155
151 156
151 158
151 160
151 162
151 165
151 167
151 171
151 174
151 176
151 177
151 184
151 187
151 188
151 189
151 192
151 194
151 198
152 157
152 158
152 161
152 166
152 170
152 175
152 179
152 180
152 181
152 183
152 185
152 194
153 154
153 159
153 162
153 167
153 168
153 170
153 171
153 172
153 176
153 178
153 180
153 181
153 182
153 183
153 184
153 186
153 188
153 193
153 197
153 198
154 155
154 158
154 162
154 168
154 170
154 171
154 174
154 176
154 177
154 178
154 184
154 185
154 187
154 192
154 196
154 197
154 198
155 156
155 157
155 160
155 163
155 164
155 165
155 168
155 169
155 173
155 174
155 177
155 180
155 183
155 184
155 185
155 187
155 188
155 190
155 191
155 194
155 197
155 199
156 160
156 161
156 166
156 167
156 168
156 169
156 170
156 172
156 176
156 181
156 182
156 183
156 188
156 189
156 193
156 198
156 199
157 159
157 162
157 163
157 166
157 167
157 168
157 169
157 172
157 176
157 177
157 178
157 180
157 181
157 184
157 185
157 198
157 199
158 160
158 161
158 162
158 165
158 170
158 171
158 173
158 174
158 177
158 180
158 184
158 187
158 188
158 195
158 197
158 198
159 160
159 162
159 164
159 166
159 167
159 169
159 174
159 176
159 183
159 185
159 191
159 192
159 197
159 198
160 163
160 166
160 172
160 177
160 180
160 186
160 188
160 189
160 190
160 191
160 192
160 194
160 199
161 167
161 173
161 175
161 176
161 177
161 178
161 187
161 189
161 190
161 192
161 196
162 164
162 165
162 169
162 174
162 178
162 179
162 180
162 186
162 191
162 192
162 194
162 197
162 198
162 199
163 167
163 168
163 173
163 175
163 176
163 177
163 182
163 183
163 184
164 172
164 174
164 176
164 177
164 178
164 181
164 182
164 185
164 187
164 194
164 195
164 198
165 169
165 171
165 174
165 175
165 182
165 185
165 188
165 190
165 191
165 192
166 168
166 169
166 172
166 174
166 175
166 186
166 189
166 191
166 193
166 196
166 197
167 169
167 170
167 177
167 179
167 184
167 185
167 188
167 190
167 192
167 197
168 169
168 172
168 176
168 177
168 178
168 179
168 180
168 182
168 185
168 189
168 190
168 191
168 192
168 195
168 196
168 199
169 171
169 172
169 173
169 175
169 176
169 177
169 178
169 180
169 181
169 183
169 185
169 187
169 188
169 189
169 190
169 196
169 197
169 198
170 183
170 192
170 197
171 177
171 180
171 183
171 188
171 189
171 195
171 199
172 176
172 180
172 181
172 184
172 187
172 196
172 198
173 178
173 179
173 181
173 183
173 185
173 195
173 196
174 178
174 183
174 187
174 188
174 194
174 196
174 198
175 176
175 177
175 178
175 181
175 182
175 185
175 186
175 189
175 190
175 192
175 193
175 194
175 199
176 180
176 184
176 194
177 181
177 182
177 184
177 189
177 192
177 195
177 196
178 179
178 180
178 186
178 187
178 188
178 193
178 194
178 196
178 198
179 180
179 181
179 183
179 184
179 187
179 194
179 199
180 181
180 183
180 185
180 191
180 197
180 199
181 183
181 184
181 193
181 197
181 198
182 187
182 188
182 189
182 193
183 184
183 189
183 195
183 197
184 185
184 186
184 192
184 195
184 197
184 198
185 188
185 192
185 193
185 195
185 196
185 198
185 199
186 187
186 189
186 193
186 195
186 198
187 190
187 195
188 190
188 192
188 194
188 199
189 190
189 195
190 192
190 193
190 195
190 196
190 197
190 198
191 193
191 198
191 199
192 193
193 195
193 197
193 198
194 198
195 197
196 199
198 199
191 98 61 72 12 64 182 158 47 175
28 10 40 73 195 66 142 4 82 109
134 178 0 169 137 3 173 35 183 126
9 180 127 53 67 135 107 79 42 145
144 59 181 160 52 154 121 139 38 190
133 63 176 179 26 123 138 104 143 14
187 43 93 13 49 125 103 167 149 198
50 130 110 20 171 30 77 95 177 17
69 120 188 141 164 41 36 189 81 75
152 45 163 23 193 83 116 115 25 136
27 197 122 172 71 114 44 88 51 128
78 92 161 31 8 55 84 39 119 165
15 151 68 74 192 196 194 11 185 24
19 1 94 199 96 140 129 54 85 159
113 148 37 170 62 7 34 80 99 184
76 56 105 118 86 153 89 146 2 90
150 18 87 117 6 155 21 102 91 111
156 131 166 46 101 157 100 147 33 124
186 108 168 112 57 22 174 5 58 97
70 29 16 65 48 32 60 162 106 132
