200
1944
5
0 6
0 18
0 34
0 60
0 76
0 81
0 91
0 111
0 123
0 138
0 141
0 152
0 154
0 167
0 173
0 189
0 191
0 197
1 3
1 18
1 23
1 30
1 72
1 81
1 87
1 92
1 113
1 117
1 119
1 121
1 156
1 160
1 165
1 167
1 176
1 187
1 191
1 196
2 21
2 27
2 35
2 60
2 63
2 70
2 82
2 118
2 119
2 143
2 156
2 169
3 15
3 16
3 26
3 35
3 49
3 58
3 61
3 62
3 71
3 77
3 93
3 94
3 121
3 122
3 131
3 138
3 140
3 163
3 165
3 171
3 173
3 177
3 197
4 5
4 22
4 47
4 51
4 54
4 114
4 119
4 128
4 130
4 141
4 142
4 146
4 151
4 184
4 187
5 20
5 26
5 34
5 57
5 69
5 86
5 87
5 96
5 104
5 115
5 149
5 150
5 153
5 160
5 161
5 163
5 178
5 188
5 191
6 27
6 41
6 54
6 56
6 60
6 66
6 73
6 85
6 95
6 100
6 110
6 113
6 122
6 123
6 127
6 137
6 151
6 173
6 177
6 180
6 184
6 187
7 14
7 18
7 26
7 51
7 52
7 62
7 79
7 86
7 108
7 111
7 115
7 135
7 138
7 146
7 152
7 153
7 167
7 169
7 170
7 193
7 198
8 16
8 21
8 47
8 50
8 51
8 55
8 63
8 77
8 89
8 94
8 112
8 118
8 155
8 164
8 179
8 181
8 184
9 45
9 48
9 58
9 67
9 72
9 75
9 76
9 78
9 79
9 87
9 100
9 107
9 120
9 128
9 136
9 138
9 152
9 158
9 161
9 162
9 185
9 187
9 188
9 189
10 18
10 26
10 29
10 31
10 53
10 61
10 75
10 101
10 104
10 114
10 118
10 121
10 123
10 131
10 145
10 173
10 178
10 181
10 185
10 187
10 191
11 13
11 21
11 22
11 41
11 54
11 68
11 69
11 70
11 79
11 80
11 93
11 120
11 147
11 166
11 173
11 180
12 14
12 30
12 58
12 91
12 96
12 100
12 112
12 113
12 117
12 134
12 180
12 181
12 185
13 20
13 26
13 28
13 29
13 30
13 32
13 79
13 85
13 109
13 116
13 123
13 138
13 148
13 156
13 161
13 173
13 182
13 193
14 19
14 21
14 24
14 30
14 33
14 55
14 57
14 58
14 61
14 62
14 63
14 70
14 75
14 82
14 106
14 149
14 156
14 160
14 164
14 194
15 23
15 45
15 49
15 104
15 122
15 124
16 19
16 20
16 55
16 56
16 60
16 62
16 65
16 69
16 71
16 84
16 105
16 108
16 123
16 125
16 149
16 160
16 168
16 174
16 182
16 184
16 192
17 31
17 33
17 36
17 48
17 56
17 61
17 63
17 93
17 108
17 111
17 128
17 130
17 131
17 132
17 136
17 137
17 146
17 178
17 181
17 197
18 20
18 24
18 27
18 37
18 54
18 60
18 65
18 104
18 109
18 112
18 125
18 130
18 138
18 141
18 155
18 158
18 163
18 190
18 193
18 198
19 37
19 60
19 68
19 85
19 87
19 97
19 100
19 106
19 114
19 154
19 160
20 46
20 47
20 48
20 50
20 58
20 66
20 78
20 93
20 94
20 98
20 116
20 119
20 135
20 178
20 179
20 194
21 22
21 37
21 38
21 49
21 69
21 70
21 74
21 99
21 107
21 123
21 128
21 129
21 133
21 136
21 138
21 143
21 155
21 165
21 166
21 179
21 196
22 27
22 31
22 74
22 77
22 89
22 94
22 100
22 118
22 122
22 130
22 131
22 150
22 165
22 173
22 187
22 196
22 198
23 45
23 75
23 78
23 97
23 101
23 105
23 115
23 126
23 139
23 153
23 184
23 189
24 29
24 33
24 37
24 40
24 44
24 68
24 70
24 71
24 75
24 79
24 87
24 92
24 101
24 102
24 114
24 127
24 147
24 154
24 157
24 170
24 178
24 188
24 196
25 35
25 37
25 38
25 61
25 62
25 88
25 95
25 103
25 106
25 108
25 112
25 117
25 126
25 149
25 175
25 181
26 37
26 44
26 46
26 49
26 54
26 63
26 69
26 73
26 93
26 94
26 103
26 108
26 113
26 118
26 119
26 130
26 155
26 164
26 169
26 178
26 186
26 199
27 32
27 45
27 48
27 60
27 66
27 68
27 78
27 79
27 84
27 88
27 92
27 100
27 101
27 108
27 113
27 115
27 121
27 127
27 140
27 154
27 173
27 180
27 194
27 196
28 43
28 53
28 59
28 66
28 69
28 91
28 94
28 101
28 118
28 124
28 125
28 131
28 150
28 155
28 161
28 169
28 172
28 174
28 176
28 177
28 184
29 46
29 49
29 57
29 60
29 64
29 78
29 79
29 89
29 98
29 99
29 109
29 125
29 131
29 138
29 155
29 174
29 178
29 185
30 33
30 44
30 47
30 63
30 80
30 105
30 140
30 141
30 155
30 160
30 164
30 181
30 197
31 32
31 49
31 54
31 65
31 70
31 85
31 90
31 104
31 110
31 122
31 124
31 126
31 139
31 141
31 150
31 155
31 162
31 173
31 187
31 192
32 35
32 42
32 49
32 53
32 56
32 79
32 85
32 87
32 96
32 103
32 113
32 130
32 131
32 147
32 150
32 151
32 159
32 161
33 37
33 44
33 48
33 57
33 89
33 113
33 124
33 140
33 144
33 156
33 160
33 161
33 162
33 169
33 176
33 183
34 53
34 56
34 57
34 77
34 98
34 126
34 143
34 145
34 150
34 157
34 197
35 59
35 66
35 79
35 92
35 97
35 102
35 111
35 113
35 114
35 118
35 136
35 140
35 143
35 147
35 166
35 182
36 39
36 41
36 48
36 71
36 76
36 79
36 99
36 105
36 110
36 125
36 128
36 132
36 169
36 180
36 184
36 192
37 67
37 80
37 81
37 86
37 88
37 101
37 104
37 114
37 117
37 125
37 135
37 162
37 163
37 197
38 41
38 42
38 63
38 77
38 81
38 92
38 97
38 102
38 105
38 112
38 116
38 133
38 135
38 150
38 152
38 170
38 192
38 194
38 195
39 46
39 59
39 64
39 67
39 68
39 87
39 114
39 117
39 139
39 145
39 159
39 168
39 183
39 193
39 199
40 46
40 57
40 58
40 79
40 88
40 92
40 105
40 110
40 114
40 117
40 125
40 127
40 147
40 155
40 168
40 182
40 185
40 198
40 199
41 44
41 49
41 53
41 55
41 57
41 66
41 90
41 99
41 101
41 103
41 108
41 112
41 127
41 133
41 162
41 170
41 174
41 175
41 176
41 178
41 181
42 60
42 70
42 76
42 79
42 84
42 87
42 88
42 96
42 105
42 118
42 130
42 137
42 142
42 151
42 165
42 166
42 168
42 170
42 180
42 181
42 184
42 190
42 195
42 199
43 50
43 56
43 59
43 64
43 66
43 75
43 92
43 113
43 122
43 127
43 150
43 162
43 195
43 198
44 57
44 115
44 116
44 119
44 123
44 126
44 151
44 159
44 177
44 180
44 182
44 191
45 53
45 77
45 80
45 82
45 87
45 96
45 97
45 123
45 152
45 155
45 157
45 171
45 195
45 196
46 49
46 55
46 61
46 70
46 72
46 86
46 92
46 93
46 101
46 112
46 120
46 134
46 139
46 166
46 182
46 189
47 50
47 52
47 61
47 67
47 77
47 78
47 87
47 89
47 121
47 123
47 131
47 139
47 145
47 150
47 186
47 197
47 199
48 56
48 65
48 94
48 112
48 114
48 156
48 157
48 164
48 166
48 173
48 187
48 194
49 61
49 72
49 73
49 77
49 81
49 94
49 109
49 125
49 131
49 139
49 149
49 156
49 165
49 166
49 169
49 181
49 185
49 190
49 197
50 53
50 61
50 66
50 70
50 91
50 92
50 94
50 113
50 119
50 124
50 133
50 135
50 139
50 151
50 159
50 166
50 180
50 194
51 53
51 60
51 72
51 73
51 75
51 79
51 80
51 82
51 88
51 96
51 101
51 122
51 125
51 136
51 150
51 156
51 167
51 176
52 61
52 70
52 77
52 78
52 131
52 140
52 158
52 160
52 161
52 172
52 174
52 181
53 57
53 72
53 79
53 89
53 91
53 103
53 118
53 126
53 129
53 132
53 141
53 143
53 165
53 166
53 174
54 57
54 60
54 68
54 76
54 101
54 112
54 165
54 183
54 199
55 59
55 75
55 102
55 116
55 119
55 125
55 133
55 134
55 139
55 151
56 60
56 65
56 66
56 85
56 99
56 104
56 128
56 141
56 161
56 172
56 174
56 176
56 181
56 197
57 59
57 61
57 70
57 76
57 80
57 114
57 120
57 126
57 147
57 158
57 162
57 169
57 171
57 187
57 189
58 62
58 64
58 66
58 68
58 87
58 91
58 104
58 107
58 109
58 111
58 115
58 128
58 129
58 149
58 159
58 177
58 182
58 185
58 191
58 199
59 81
59 98
59 100
59 104
59 114
59 123
59 124
59 142
59 152
59 159
59 163
59 184
59 187
59 195
59 197
60 68
60 73
60 77
60 79
60 102
60 107
60 130
60 139
60 144
60 148
60 153
60 169
60 170
60 173
60 175
60 178
60 185
61 65
61 69
61 77
61 78
61 81
61 103
61 113
61 137
61 149
61 163
61 171
61 183
61 184
61 194
61 197
62 66
62 69
62 73
62 81
62 87
62 88
62 90
62 93
62 95
62 103
62 116
62 117
62 128
62 156
62 173
62 188
62 191
62 198
63 79
63 83
63 87
63 97
63 113
63 121
63 132
63 142
63 157
63 164
63 180
63 185
63 188
63 191
64 65
64 67
64 75
64 79
64 86
64 89
64 133
64 142
64 147
64 152
64 155
64 157
64 159
64 175
64 193
65 76
65 85
65 91
65 92
65 116
65 123
65 166
65 172
65 177
65 185
65 186
65 187
65 193
65 198
66 67
66 82
66 86
66 94
66 98
66 110
66 121
66 129
66 149
66 152
66 182
66 191
66 192
67 100
67 129
67 131
67 136
67 143
67 149
67 157
67 179
67 180
67 194
68 70
68 71
68 77
68 84
68 97
68 105
68 114
68 127
68 134
68 157
68 175
68 179
68 195
69 89
69 124
69 132
69 140
69 144
69 146
69 151
69 169
69 170
69 184
69 194
70 79
70 104
70 114
70 122
70 130
70 140
70 144
70 145
70 150
70 164
70 179
70 183
71 81
71 84
71 96
71 102
71 104
71 111
71 114
71 126
71 133
71 135
71 146
71 152
71 153
71 156
71 166
71 183
72 94
72 110
72 113
72 154
72 161
72 166
72 184
72 188
73 79
73 90
73 109
73 118
73 124
73 146
73 153
73 170
73 187
73 189
73 190
74 76
74 79
74 83
74 86
74 88
74 95
74 101
74 106
74 110
74 111
74 128
74 133
74 136
74 157
74 175
75 79
75 97
75 103
75 113
75 119
75 133
75 140
75 179
75 183
76 82
76 85
76 126
76 164
76 168
76 171
76 172
76 182
76 188
77 78
77 80
77 84
77 88
77 90
77 100
77 110
77 111
77 126
77 140
77 144
77 162
77 175
77 176
77 179
77 194
78 86
78 90
78 104
78 105
78 111
78 137
78 138
78 143
78 150
78 162
78 163
78 175
78 199
79 115
79 125
79 136
79 154
79 159
79 166
79 174
79 197
80 102
80 113
80 130
80 145
80 150
80 161
80 175
80 180
81 90
81 91
81 99
81 120
81 135
81 138
81 149
81 157
81 167
81 174
81 178
81 183
81 198
82 88
82 103
82 108
82 118
82 122
82 136
82 139
82 165
82 175
82 192
83 84
83 96
83 100
83 120
83 133
83 134
83 138
83 149
83 170
83 186
83 193
84 85
84 86
84 112
84 139
84 141
84 148
84 150
84 172
84 190
84 197
84 198
85 108
85 126
85 131
85 139
85 146
85 153
85 157
85 158
85 162
85 173
85 190
85 197
86 87
86 100
86 105
86 114
86 122
86 149
86 157
86 174
86 189
86 190
87 98
87 101
87 103
87 108
87 146
87 148
87 166
87 184
88 95
88 99
88 105
88 115
88 124
88 130
88 141
88 144
88 191
88 198
89 105
89 121
89 128
89 131
89 135
89 145
89 146
89 159
89 172
89 173
90 96
90 103
90 115
90 128
90 131
90 134
90 144
90 146
90 169
90 173
90 175
90 180
90 181
90 185
90 188
90 191
91 96
91 97
91 108
91 125
91 127
91 134
91 135
91 138
91 142
91 145
91 155
91 156
91 158
91 190
91 193
92 102
92 117
92 121
92 141
92 144
92 176
93 99
93 118
93 129
93 131
93 172
93 173
93 185
94 103
94 106
94 148
94 149
94 164
94 169
94 174
94 187
94 190
94 198
94 199
95 101
95 146
95 160
95 161
95 188
96 97
96 100
96 139
96 156
96 186
96 190
96 199
97 98
97 102
97 106
97 121
97 126
97 141
97 165
97 174
97 183
97 197
98 118
98 127
98 129
98 134
98 138
98 161
98 163
98 170
98 171
98 179
98 180
98 184
99 108
99 109
99 113
99 114
99 124
99 141
99 167
99 171
99 183
100 113
100 116
100 136
100 138
100 145
100 146
100 148
100 149
100 154
100 159
100 188
100 194
100 198
101 112
101 116
101 119
101 125
101 133
101 134
101 147
101 148
101 168
101 193
101 194
102 112
102 118
102 136
102 157
102 162
102 165
102 170
102 177
103 104
103 108
103 114
103 119
103 133
103 135
103 137
103 142
103 143
103 149
103 194
103 196
103 197
104 110
104 113
104 115
104 132
104 148
104 153
104 156
104 166
104 188
104 192
105 113
105 118
105 126
105 130
105 135
105 147
105 164
105 173
106 114
106 116
106 142
106 144
106 161
106 170
106 176
106 183
106 186
106 190
107 137
107 148
107 168
107 179
108 112
108 133
108 146
108 159
108 163
108 170
108 196
108 199
109 111
109 130
109 131
109 148
109 157
109 179
109 188
109 197
110 128
110 143
110 144
110 154
110 168
110 174
110 190
111 121
111 126
111 129
111 171
111 176
111 183
111 190
112 117
112 118
112 126
112 131
112 152
112 158
112 163
112 167
112 170
112 174
112 183
112 196
113 117
113 122
113 131
113 147
113 165
113 167
113 188
114 115
114 127
114 142
114 146
114 157
114 183
114 184
115 146
115 151
115 159
115 165
115 175
115 178
115 195
116 123
116 131
116 137
116 139
116 151
116 158
116 172
116 176
116 181
116 184
116 187
117 133
117 140
117 143
117 161
117 174
117 176
117 192
118 122
118 123
118 125
118 129
118 131
118 134
118 137
118 141
118 155
118 178
118 185
118 193
119 135
119 138
119 143
119 172
119 196
120 132
120 135
120 141
120 142
120 146
120 156
120 162
120 171
120 176
120 181
120 185
120 197
121 146
121 154
121 169
121 172
121 179
121 180
121 191
121 192
122 132
122 140
122 168
122 173
122 179
122 187
123 136
123 138
123 144
123 161
123 167
123 176
123 188
123 191
123 194
124 127
124 134
124 154
124 155
124 166
124 171
124 183
124 189
125 126
125 151
125 163
125 172
125 179
125 189
125 193
126 134
126 143
126 152
126 165
126 171
126 186
126 188
126 190
127 132
127 159
127 160
127 168
127 174
127 179
127 199
128 145
128 147
128 162
128 174
128 195
128 199
129 171
129 173
129 193
130 135
130 150
130 167
130 170
131 143
131 152
131 183
132 135
132 156
132 159
132 181
132 191
133 139
133 142
133 153
133 168
133 172
133 181
133 189
133 191
134 141
134 143
134 147
134 152
134 153
134 156
134 160
134 166
134 167
134 168
134 179
135 151
135 173
135 177
135 198
136 139
136 154
136 176
136 187
136 197
137 144
137 151
137 156
137 164
137 170
137 172
137 174
137 186
137 187
137 188
138 141
138 150
138 152
138 187
138 193
139 150
139 179
139 191
140 153
140 157
140 159
140 164
140 169
140 184
140 191
141 166
141 173
141 184
141 190
141 195
142 149
142 152
142 170
142 179
142 181
142 185
142 189
142 198
143 161
143 195
144 149
144 160
144 169
144 171
144 191
145 148
145 149
145 153
145 161
145 163
145 164
145 165
145 166
146 163
146 165
146 176
146 181
146 184
146 191
146 195
147 151
147 155
147 158
147 176
147 177
147 185
148 149
148 162
148 174
148 187
148 196
149 161
149 166
149 179
149 180
149 187
150 163
150 176
150 178
150 189
151 157
151 166
151 186
152 157
152 178
152 190
152 199
153 157
153 165
153 170
153 173
153 182
153 184
153 185
153 194
154 174
154 175
154 178
155 163
155 192
155 194
156 158
156 164
156 165
156 172
156 173
156 174
156 189
157 160
157 165
157 177
158 178
158 199
159 161
159 190
160 161
160 175
160 194
161 170
161 177
161 196
161 197
162 165
162 194
163 171
163 198
164 169
164 179
165 173
165 174
165 178
165 180
165 183
166 172
166 173
166 174
166 178
166 182
167 177
167 181
167 185
167 196
168 171
168 175
168 176
168 184
168 186
169 183
169 189
170 179
170 184
171 175
171 195
173 189
174 183
174 188
174 194
174 197
175 189
175 191
176 177
176 178
177 178
177 180
177 189
177 195
177 199
179 184
180 197
182 196
182 197
184 185
185 188
185 192
185 197
187 199
188 193
193 194
154 133 42 53 72 54 32 83 199 109 189 198 80 28 24 172 102 137 186 197 174 187 4 103 86 132 152 181 124 27 6 12 8 178 131 100 163 75 58 57
184 108 115 2 161 150 26 173 60 182 129 31 77 158 119 159 87 153 168 118 94 76 62 175 171 122 188 140 176 19 10 16 95 21 55 78 165 145 126 30
116 170 196 5 190 92 179 141 99 33 37 89 51 125 104 142 23 144 84 110 191 17 48 136 79 22 3 66 166 13 167 185 148 106 114 96 36 147 56 127
68 38 15 177 61 46 107 91 120 183 143 101 34 180 18 69 157 169 85 90 35 14 88 9 98 71 20 50 111 93 52 135 44 195 139 134 82 45 81 97
160 59 64 11 130 112 65 67 164 193 155 156 41 7 63 121 113 73 146 0 1 74 151 105 25 39 192 123 43 70 194 47 117 138 128 162 49 29 40 149
