50
225
25
0 12
0 17
0 21
0 23
0 25
0 40
0 46
0 48
1 6
1 13
1 16
1 19
1 21
1 46
1 48
2 8
2 12
2 13
2 15
2 24
2 28
2 30
3 7
3 10
3 12
3 15
3 16
3 24
3 26
3 27
3 34
4 8
4 25
4 36
4 37
4 40
4 42
4 49
5 8
5 9
5 12
5 16
5 28
5 30
5 40
5 45
5 47
6 15
6 19
6 21
6 33
6 34
6 47
7 29
7 34
7 40
7 46
8 10
8 15
8 21
8 27
8 32
8 34
8 42
8 48
9 14
9 16
9 20
9 25
9 37
9 38
10 20
10 27
10 30
10 33
10 38
10 44
11 19
11 21
11 24
11 27
11 30
11 38
11 40
11 43
11 49
12 15
12 34
12 36
12 40
12 44
12 48
13 18
13 19
13 20
13 29
13 30
13 45
13 48
14 19
14 20
14 21
14 24
14 25
14 33
14 35
14 39
14 42
14 47
14 49
15 20
15 42
15 46
15 47
15 49
16 23
16 37
16 49
17 22
17 26
17 34
18 29
18 44
18 47
19 21
19 23
19 31
19 40
19 47
20 22
20 25
20 37
20 38
20 39
20 41
21 25
21 28
21 31
21 34
21 38
21 49
22 30
22 42
22 49
23 24
23 25
23 34
23 37
23 39
23 46
24 31
24 37
24 39
24 41
24 43
25 26
25 31
25 38
25 40
25 45
26 36
26 37
26 45
27 30
27 31
27 36
27 40
27 44
27 45
28 33
28 35
28 47
29 31
29 32
29 33
29 36
29 40
29 42
29 43
29 45
29 47
29 49
30 34
30 43
31 35
31 36
31 41
31 44
31 45
32 36
32 37
32 44
32 47
33 44
34 38
34 42
34 45
34 47
35 40
36 37
36 40
36 43
36 46
36 47
36 49
37 38
37 39
38 40
39 41
39 49
40 46
40 49
41 45
41 46
41 48
42 45
42 46
42 47
43 45
43 48
44 46
45 48
45 49
46 47
47 49
36 47
44 42
11 46
6 2
33 48
27 7
8 14
5 9
12 24
28 4
22 17
41 25
21 19
43 35
13 34
1 38
49 26
30 31
3 45
29 18
10 0
15 20
37 40
23 16
32 39
