50
111
25
0 3
0 23
0 27
0 43
1 3
1 13
1 37
1 49
2 12
2 37
2 49
3 19
3 30
3 32
3 40
4 9
4 11
4 14
4 16
4 22
4 34
4 41
5 20
5 31
5 38
5 41
6 16
6 26
6 36
6 41
7 16
7 20
7 29
7 34
7 44
8 9
8 11
9 22
9 29
9 31
10 13
10 33
10 38
11 37
11 42
12 14
12 16
12 18
12 21
12 32
12 48
14 32
14 43
15 30
15 33
15 37
15 44
16 32
16 42
16 45
17 28
17 42
18 23
18 37
18 44
19 26
19 29
20 23
20 30
20 37
20 43
21 30
21 45
22 26
22 27
23 36
24 28
24 31
24 32
24 49
25 27
25 29
25 31
25 37
26 33
26 34
26 45
26 46
27 46
28 40
28 49
29 43
30 34
31 32
31 38
32 33
33 36
33 45
33 47
34 36
34 46
36 47
37 38
37 43
39 46
40 49
41 42
41 43
42 43
43 46
44 45
48 23
3 36
20 40
34 49
35 38
17 12
6 4
11 37
43 13
26 2
1 29
47 0
8 33
19 30
7 31
25 18
45 9
46 41
27 44
39 22
32 10
16 21
24 5
42 14
28 15
