50
372
5
0 2
0 7
0 8
0 9
0 12
0 23
0 24
0 25
0 26
0 27
0 28
0 30
0 33
0 34
0 36
0 48
0 49
1 7
1 10
1 11
1 14
1 17
1 18
1 19
1 26
1 27
1 30
1 31
1 33
1 35
1 36
2 3
2 9
2 10
2 11
2 12
2 13
2 18
2 21
2 24
2 25
2 32
2 34
2 35
2 40
3 5
3 6
3 10
3 11
3 23
3 26
3 29
3 30
3 31
3 33
3 38
3 40
3 42
3 47
3 48
4 6
4 7
4 10
4 11
4 13
4 15
4 16
4 18
4 27
4 31
4 34
4 37
5 9
5 11
5 17
5 22
5 23
5 24
5 28
5 37
5 45
5 48
6 7
6 9
6 19
6 25
6 31
6 42
6 45
6 46
6 48
7 8
7 9
7 11
7 12
7 14
7 16
7 17
7 20
7 23
7 29
7 32
7 33
7 39
7 40
7 43
7 45
7 47
7 49
8 12
8 13
8 24
8 27
8 28
8 29
8 30
8 38
8 39
8 40
8 49
9 12
9 17
9 19
9 23
9 27
9 29
9 30
9 33
9 34
9 36
9 38
9 43
9 45
9 46
10 14
10 16
10 19
10 20
10 22
10 29
10 32
10 37
10 38
10 40
10 41
10 44
10 48
11 13
11 15
11 17
11 22
11 23
11 30
11 31
11 32
11 34
11 35
11 38
11 40
11 42
11 44
11 45
11 46
12 14
12 16
12 20
12 24
12 26
12 32
12 37
12 41
12 44
12 46
12 48
12 49
13 19
13 25
13 28
13 30
13 37
13 39
13 40
14 16
14 17
14 18
14 20
14 21
14 23
14 29
14 30
14 39
14 43
14 45
14 46
14 49
15 17
15 20
15 21
15 25
15 27
15 38
15 39
16 21
16 23
16 24
16 35
16 38
16 46
16 48
16 49
17 23
17 25
17 39
17 40
17 46
18 21
18 28
18 34
18 40
18 42
18 46
18 47
19 23
19 24
19 34
19 35
19 41
19 42
19 44
19 45
19 48
20 23
20 26
20 29
20 35
20 40
20 41
20 44
20 45
20 47
20 48
21 22
21 25
21 27
21 31
21 32
21 34
21 36
21 47
21 48
21 49
22 25
22 29
22 42
22 46
23 26
23 28
23 29
23 31
23 36
23 37
23 40
23 48
23 49
24 28
24 31
24 32
24 38
24 39
24 44
24 48
24 49
25 29
25 30
25 31
25 34
25 45
25 46
25 48
26 27
26 28
26 30
26 31
26 34
26 40
26 44
27 29
27 38
27 41
27 42
27 43
27 44
27 46
27 49
28 29
28 30
28 31
28 36
28 43
28 46
29 32
29 33
29 34
29 36
29 38
29 40
29 41
29 44
29 46
30 31
30 32
30 34
30 36
30 37
30 41
30 45
30 46
31 32
31 36
31 37
31 40
31 44
32 35
32 37
32 39
32 47
32 48
33 34
33 38
33 42
33 44
33 46
33 47
34 40
34 45
34 48
35 36
35 38
35 43
35 46
35 49
36 39
36 40
36 42
36 45
36 46
36 47
36 48
37 45
37 47
37 49
38 40
38 42
38 45
39 42
39 44
39 46
39 47
39 49
40 42
40 45
40 46
41 42
41 49
42 45
42 46
42 47
43 47
43 48
44 49
45 49
46 48
47 15 1 49 27 28 0 16 5 29
6 48 4 12 44 41 11 2 14 13
36 18 46 10 21 43 30 42 7 23
45 19 24 40 26 38 3 20 37 25
34 35 33 31 17 8 22 32 39 9
