50
135
10
0 5
0 11
0 48
1 24
1 47
2 5
2 21
2 26
2 30
2 33
2 41
2 42
3 20
3 25
3 30
4 12
4 27
4 30
4 40
4 45
5 11
5 15
5 43
5 47
6 11
6 23
6 34
7 11
7 16
7 22
7 30
7 39
8 17
8 21
8 27
8 31
8 43
8 46
9 20
9 26
9 31
9 47
10 28
10 33
10 38
10 43
11 15
11 16
11 19
11 45
11 49
12 19
12 23
12 31
12 33
12 35
12 41
13 32
13 35
14 15
14 20
14 23
14 39
14 47
14 48
15 36
15 48
16 25
16 38
16 45
16 49
17 24
17 36
17 38
17 42
17 44
18 20
18 23
18 35
18 37
18 39
18 49
19 36
19 37
20 46
21 38
22 24
22 31
22 41
22 42
22 46
23 29
23 30
23 45
24 33
24 35
25 27
25 32
25 42
25 44
25 47
25 48
26 30
26 35
26 36
26 40
26 43
26 44
26 48
27 42
27 44
28 37
30 44
30 45
30 47
31 35
32 40
32 43
33 41
34 39
34 40
34 47
35 40
36 40
36 43
37 49
39 46
41 43
41 49
43 44
43 47
44 47
44 49
47 48
48 49
46 49 3 38 30
16 17 25 11 33
0 45 32 24 42
29 5 36 9 13
8 22 23 44 40
2 6 18 7 28
26 43 37 39 15
34 20 47 4 31
19 27 48 21 10
14 1 35 12 41
