50
247
5
0 7
0 8
0 9
0 10
0 15
0 18
0 24
0 37
0 39
0 46
0 47
1 7
1 20
1 24
1 26
1 29
1 32
1 36
1 40
2 3
2 4
2 5
2 6
2 11
2 15
2 17
2 20
2 21
2 26
2 28
2 41
2 44
2 46
3 12
3 14
3 15
3 16
3 18
3 22
3 24
3 25
3 34
3 35
4 5
4 13
4 18
4 20
4 21
4 24
4 30
4 33
4 34
4 36
4 46
4 49
5 6
5 7
5 8
5 9
5 35
5 41
5 46
5 48
6 9
6 11
6 12
6 14
6 16
6 22
6 28
6 31
6 41
6 43
6 44
7 10
7 16
7 27
7 29
7 34
7 42
7 43
7 47
8 9
8 13
8 20
8 37
8 41
8 44
8 48
8 49
9 10
9 12
9 15
9 19
9 22
9 25
9 30
9 37
9 39
9 43
9 46
10 17
10 21
10 43
10 44
10 45
10 49
11 13
11 17
11 19
11 24
11 38
11 40
11 43
11 45
12 13
12 19
12 21
12 30
12 34
13 20
13 22
13 34
13 36
13 41
13 42
13 48
14 15
14 17
14 21
14 32
14 34
14 35
14 38
14 41
14 44
14 47
15 22
15 24
15 31
15 37
15 41
15 42
16 22
16 23
16 24
16 25
16 29
16 30
16 39
16 44
16 49
17 24
17 26
17 28
17 45
17 49
18 30
18 33
18 36
18 48
19 30
19 32
19 35
19 42
20 29
20 31
20 41
21 23
21 25
21 31
21 33
21 35
21 37
21 41
21 47
22 28
22 34
22 39
22 40
22 42
23 25
23 31
23 33
23 35
23 41
24 25
24 27
24 29
24 30
25 26
25 27
25 31
25 37
25 43
25 49
26 41
26 43
26 44
26 48
27 36
27 42
27 48
28 29
28 30
28 31
28 34
28 37
28 41
28 42
29 45
29 46
29 49
30 36
30 37
30 48
31 37
31 40
31 43
32 38
32 42
32 47
33 40
33 46
34 35
34 39
34 44
34 49
35 38
36 38
36 42
36 44
38 44
38 48
39 42
40 42
40 46
41 43
41 44
42 49
43 46
43 47
44 45
44 49
45 46
46 47
47 49
13 2 42 17 39 7 16 44 38 34
21 37 30 22 1 45 3 12 14 48
25 4 18 28 19 23 46 26 5 36
15 49 33 10 32 47 31 11 43 9
35 27 8 20 0 6 29 24 41 40
