50
356
25
0 4
0 7
0 8
0 10
0 12
0 14
0 20
0 22
0 23
0 27
0 32
0 38
0 46
0 47
1 3
1 4
1 7
1 8
1 9
1 11
1 12
1 13
1 14
1 16
1 21
1 23
1 28
1 30
1 32
1 35
1 41
1 43
2 3
2 6
2 7
2 12
2 15
2 21
2 22
2 23
2 24
2 27
2 34
2 37
2 45
2 46
2 48
2 49
3 8
3 10
3 14
3 20
3 22
3 35
3 38
3 44
3 45
3 48
4 5
4 8
4 9
4 10
4 14
4 18
4 30
4 35
4 45
5 6
5 16
5 20
5 25
5 28
5 33
5 34
5 35
5 41
5 43
5 45
6 7
6 12
6 13
6 15
6 20
6 21
6 22
6 27
6 30
6 36
6 37
6 41
6 45
6 46
6 48
7 12
7 13
7 14
7 22
7 25
7 28
7 30
7 32
7 34
7 38
7 40
7 42
7 43
7 47
8 11
8 17
8 22
8 27
8 32
8 33
8 43
8 45
8 46
8 49
9 10
9 11
9 18
9 22
9 23
9 25
9 27
9 29
9 30
9 33
9 39
9 40
9 41
9 45
10 12
10 14
10 31
10 37
10 38
10 43
10 46
10 48
11 13
11 15
11 21
11 22
11 23
11 24
11 25
11 29
11 33
11 34
11 35
11 36
11 37
11 38
12 14
12 19
12 20
12 27
12 30
12 35
12 36
12 41
12 45
12 49
13 21
13 24
13 25
13 26
13 28
13 33
13 35
13 37
13 39
13 45
14 15
14 19
14 20
14 23
14 26
14 27
14 29
14 38
14 39
14 42
14 44
14 48
14 49
15 16
15 25
15 26
15 27
15 29
15 32
15 35
15 37
15 42
16 19
16 21
16 26
16 28
16 37
16 40
16 43
16 47
17 20
17 25
17 28
17 29
17 31
17 32
17 36
17 44
17 47
18 21
18 26
18 30
18 35
18 37
18 42
18 43
18 45
18 46
18 48
18 49
19 21
19 23
19 24
19 25
19 38
19 41
19 46
19 49
20 23
20 27
20 29
20 31
20 33
20 39
20 40
20 43
20 46
21 22
21 27
21 28
21 33
21 37
21 43
21 45
21 47
22 23
22 24
22 38
22 40
22 41
22 43
22 47
23 29
23 32
23 42
23 44
23 45
23 47
23 48
24 29
24 31
24 32
24 33
24 35
24 38
24 40
24 44
24 46
24 47
24 48
25 29
25 30
25 39
25 47
25 48
26 28
26 32
26 34
26 36
26 38
26 39
26 46
27 32
27 34
27 35
27 36
27 39
27 49
28 34
28 35
28 44
29 30
29 31
29 36
29 38
29 40
29 42
29 49
30 31
30 43
30 48
31 43
32 42
32 46
32 47
32 48
33 36
33 40
33 44
34 35
34 39
34 41
34 42
34 48
34 49
35 37
35 39
35 40
35 49
36 39
36 41
36 45
36 49
37 41
37 43
37 44
37 46
37 49
38 39
38 44
38 46
38 48
39 40
39 45
39 49
40 42
40 45
40 46
40 47
41 43
41 44
41 46
41 47
42 43
42 45
42 47
42 48
43 44
43 47
43 48
44 47
44 48
45 48
48 11
30 37
0 35
24 7
12 23
40 6
43 4
19 34
10 8
21 36
41 18
14 47
26 27
44 17
3 15
49 38
13 25
33 42
1 45
31 20
32 28
39 2
29 9
5 46
16 22
