150
5592
4
0 1
0 2
0 5
0 9
0 19
0 20
0 21
0 22
0 23
0 26
0 27
0 28
0 29
0 31
0 34
0 36
0 37
0 39
0 40
0 41
0 47
0 48
0 53
0 55
0 56
0 57
0 58
0 60
0 62
0 65
0 72
0 73
0 74
0 75
0 76
0 77
0 78
0 79
0 84
0 85
0 87
0 88
0 93
0 94
0 95
0 97
0 103
0 109
0 112
0 113
0 114
0 115
0 116
0 120
0 121
0 122
0 123
0 126
0 127
0 128
0 131
0 133
0 134
0 135
0 140
0 145
1 3
1 4
1 7
1 8
1 9
1 14
1 17
1 21
1 23
1 26
1 27
1 30
1 33
1 34
1 35
1 37
1 40
1 43
1 44
1 45
1 46
1 47
1 49
1 50
1 58
1 62
1 63
1 64
1 65
1 67
1 70
1 72
1 73
1 74
1 82
1 85
1 86
1 87
1 93
1 95
1 97
1 99
1 101
1 102
1 103
1 106
1 107
1 109
1 110
1 113
1 117
1 119
1 120
1 121
1 123
1 125
1 126
1 128
1 133
1 134
1 135
1 141
1 146
1 147
1 148
2 7
2 11
2 16
2 17
2 19
2 20
2 21
2 22
2 29
2 31
2 33
2 35
2 36
2 37
2 38
2 39
2 41
2 42
2 44
2 45
2 46
2 47
2 48
2 51
2 52
2 54
2 56
2 58
2 59
2 62
2 63
2 68
2 69
2 70
2 73
2 74
2 75
2 79
2 80
2 82
2 83
2 84
2 85
2 86
2 88
2 90
2 93
2 94
2 95
2 96
2 98
2 100
2 104
2 106
2 107
2 108
2 109
2 110
2 111
2 112
2 115
2 118
2 121
2 122
2 123
2 125
2 129
2 130
2 131
2 133
2 139
2 141
2 142
2 143
2 145
2 147
3 4
3 11
3 12
3 14
3 21
3 23
3 24
3 25
3 30
3 31
3 33
3 34
3 35
3 38
3 41
3 42
3 46
3 47
3 49
3 50
3 51
3 53
3 56
3 61
3 62
3 63
3 65
3 68
3 69
3 70
3 71
3 74
3 75
3 78
3 79
3 81
3 84
3 88
3 89
3 90
3 91
3 96
3 97
3 98
3 99
3 100
3 101
3 103
3 108
3 110
3 114
3 116
3 117
3 122
3 123
3 125
3 128
3 129
3 130
3 131
3 134
3 135
3 136
3 139
3 140
3 141
3 142
3 144
3 147
3 148
4 6
4 7
4 10
4 11
4 19
4 24
4 26
4 28
4 29
4 33
4 34
4 35
4 40
4 41
4 43
4 45
4 46
4 47
4 49
4 50
4 51
4 52
4 53
4 54
4 57
4 59
4 60
4 64
4 68
4 69
4 70
4 72
4 73
4 74
4 75
4 77
4 80
4 81
4 86
4 92
4 93
4 94
4 95
4 97
4 98
4 99
4 100
4 101
4 102
4 103
4 104
4 107
4 108
4 109
4 110
4 111
4 112
4 115
4 116
4 117
4 118
4 119
4 121
4 123
4 124
4 125
4 129
4 130
4 131
4 132
4 133
4 134
4 137
4 138
4 140
4 141
4 142
4 145
4 147
5 6
5 7
5 9
5 10
5 13
5 14
5 15
5 17
5 18
5 19
5 20
5 21
5 23
5 24
5 26
5 28
5 29
5 34
5 37
5 41
5 43
5 48
5 50
5 51
5 52
5 53
5 55
5 56
5 59
5 60
5 61
5 62
5 64
5 68
5 70
5 71
5 73
5 74
5 75
5 76
5 80
5 81
5 82
5 83
5 84
5 85
5 89
5 90
5 91
5 92
5 93
5 95
5 96
5 98
5 99
5 101
5 102
5 103
5 104
5 107
5 109
5 111
5 114
5 115
5 123
5 124
5 126
5 127
5 129
5 131
5 134
5 136
5 137
5 139
5 140
5 144
5 146
5 148
5 149
6 7
6 9
6 10
6 14
6 17
6 18
6 21
6 23
6 32
6 33
6 34
6 35
6 36
6 39
6 44
6 45
6 48
6 49
6 50
6 51
6 52
6 53
6 54
6 55
6 60
6 61
6 62
6 65
6 66
6 71
6 72
6 73
6 74
6 75
6 78
6 79
6 85
6 87
6 92
6 94
6 95
6 96
6 97
6 99
6 100
6 102
6 104
6 106
6 107
6 108
6 110
6 111
6 112
6 113
6 114
6 116
6 117
6 121
6 123
6 124
6 126
6 129
6 132
6 135
6 136
6 137
6 140
6 141
6 146
6 148
7 10
7 11
7 19
7 20
7 22
7 24
7 25
7 26
7 27
7 28
7 29
7 32
7 35
7 36
7 40
7 42
7 43
7 44
7 45
7 49
7 50
7 57
7 58
7 61
7 62
7 63
7 68
7 74
7 75
7 76
7 78
7 79
7 84
7 85
7 88
7 90
7 93
7 95
7 99
7 101
7 104
7 105
7 108
7 109
7 111
7 112
7 113
7 115
7 116
7 117
7 118
7 119
7 121
7 125
7 129
7 130
7 133
7 138
7 139
7 140
7 144
7 148
7 149
8 12
8 13
8 14
8 15
8 16
8 17
8 19
8 21
8 22
8 23
8 25
8 26
8 27
8 28
8 29
8 30
8 33
8 34
8 37
8 39
8 41
8 42
8 43
8 47
8 48
8 50
8 51
8 52
8 53
8 54
8 56
8 57
8 63
8 64
8 66
8 69
8 70
8 71
8 72
8 73
8 74
8 75
8 80
8 81
8 83
8 89
8 90
8 92
8 94
8 97
8 99
8 102
8 105
8 106
8 107
8 108
8 109
8 111
8 112
8 113
8 114
8 116
8 117
8 120
8 121
8 123
8 129
8 131
8 134
8 135
8 137
8 138
8 141
8 142
8 143
8 148
8 149
9 10
9 11
9 13
9 16
9 17
9 19
9 21
9 22
9 23
9 24
9 25
9 26
9 27
9 29
9 32
9 33
9 34
9 39
9 40
9 44
9 45
9 46
9 48
9 52
9 53
9 55
9 58
9 59
9 62
9 67
9 68
9 70
9 71
9 73
9 75
9 76
9 77
9 78
9 80
9 82
9 83
9 84
9 85
9 86
9 87
9 88
9 90
9 91
9 92
9 93
9 94
9 96
9 97
9 98
9 101
9 102
9 103
9 105
9 106
9 107
9 110
9 112
9 114
9 115
9 116
9 117
9 118
9 119
9 120
9 128
9 129
9 130
9 132
9 135
9 136
9 137
9 140
9 142
9 144
9 145
9 147
9 148
10 11
10 13
10 15
10 16
10 17
10 20
10 22
10 25
10 30
10 32
10 35
10 36
10 37
10 40
10 42
10 45
10 46
10 47
10 49
10 51
10 53
10 54
10 58
10 59
10 62
10 65
10 66
10 67
10 68
10 69
10 71
10 72
10 73
10 76
10 80
10 82
10 84
10 85
10 86
10 89
10 91
10 94
10 95
10 96
10 100
10 104
10 105
10 108
10 109
10 111
10 112
10 113
10 114
10 115
10 116
10 117
10 118
10 119
10 120
10 121
10 123
10 125
10 126
10 133
10 134
10 136
10 140
10 142
10 143
10 144
10 147
10 148
11 13
11 25
11 28
11 29
11 30
11 31
11 32
11 35
11 36
11 38
11 39
11 40
11 42
11 43
11 44
11 46
11 55
11 57
11 58
11 61
11 64
11 68
11 69
11 72
11 76
11 78
11 79
11 81
11 82
11 83
11 85
11 86
11 90
11 92
11 94
11 96
11 100
11 102
11 104
11 105
11 106
11 109
11 113
11 115
11 118
11 119
11 121
11 123
11 125
11 132
11 133
11 134
11 135
11 137
11 140
11 141
11 142
11 145
11 146
11 149
12 13
12 14
12 15
12 20
12 32
12 34
12 39
12 44
12 45
12 47
12 49
12 50
12 51
12 52
12 53
12 54
12 56
12 59
12 61
12 63
12 64
12 65
12 66
12 67
12 69
12 72
12 74
12 75
12 76
12 83
12 84
12 85
12 90
12 91
12 92
12 93
12 94
12 96
12 97
12 99
12 101
12 102
12 103
12 104
12 105
12 106
12 110
12 113
12 118
12 121
12 123
12 125
12 127
12 134
12 135
12 136
12 138
12 139
12 141
12 143
12 144
12 145
12 146
12 147
12 149
13 18
13 19
13 21
13 25
13 26
13 29
13 31
13 32
13 33
13 34
13 35
13 37
13 38
13 39
13 42
13 43
13 44
13 45
13 46
13 47
13 49
13 51
13 54
13 55
13 56
13 57
13 59
13 60
13 61
13 63
13 65
13 68
13 70
13 73
13 77
13 80
13 82
13 83
13 84
13 85
13 87
13 88
13 89
13 91
13 93
13 96
13 98
13 99
13 100
13 102
13 105
13 108
13 112
13 113
13 114
13 120
13 122
13 123
13 124
13 126
13 127
13 129
13 135
13 136
13 138
13 139
13 140
13 144
13 146
13 147
13 148
13 149
14 15
14 21
14 24
14 25
14 26
14 27
14 28
14 29
14 33
14 34
14 37
14 38
14 39
14 40
14 42
14 43
14 44
14 46
14 47
14 50
14 53
14 54
14 56
14 57
14 58
14 59
14 63
14 67
14 70
14 71
14 72
14 73
14 74
14 77
14 79
14 80
14 85
14 86
14 87
14 88
14 92
14 96
14 97
14 99
14 100
14 105
14 106
14 107
14 108
14 109
14 110
14 111
14 112
14 118
14 119
14 121
14 122
14 124
14 125
14 127
14 128
14 129
14 131
14 135
14 136
14 137
14 140
14 142
14 143
14 144
14 145
14 147
15 17
15 18
15 23
15 26
15 27
15 28
15 29
15 34
15 35
15 36
15 37
15 39
15 40
15 41
15 43
15 44
15 45
15 46
15 47
15 49
15 52
15 53
15 54
15 57
15 58
15 59
15 60
15 61
15 62
15 66
15 67
15 68
15 74
15 76
15 79
15 80
15 83
15 84
15 85
15 87
15 92
15 95
15 101
15 103
15 105
15 106
15 109
15 110
15 111
15 117
15 121
15 124
15 126
15 128
15 129
15 131
15 132
15 134
15 135
15 137
15 138
15 143
15 144
15 146
15 148
15 149
16 17
16 19
16 20
16 21
16 24
16 26
16 27
16 28
16 29
16 30
16 31
16 33
16 35
16 40
16 41
16 42
16 43
16 53
16 58
16 59
16 62
16 63
16 64
16 66
16 67
16 72
16 75
16 76
16 79
16 80
16 82
16 84
16 86
16 90
16 91
16 93
16 94
16 95
16 96
16 99
16 101
16 103
16 104
16 107
16 108
16 109
16 110
16 112
16 113
16 115
16 117
16 120
16 123
16 126
16 129
16 131
16 132
16 135
16 137
16 138
16 139
16 142
16 143
16 145
16 146
16 148
16 149
17 20
17 22
17 25
17 27
17 28
17 31
17 32
17 36
17 38
17 39
17 40
17 41
17 43
17 45
17 51
17 55
17 57
17 58
17 60
17 61
17 64
17 65
17 67
17 69
17 70
17 72
17 74
17 76
17 78
17 79
17 83
17 86
17 90
17 91
17 93
17 95
17 97
17 98
17 99
17 100
17 101
17 106
17 107
17 108
17 109
17 111
17 112
17 113
17 114
17 115
17 119
17 124
17 128
17 129
17 131
17 132
17 133
17 134
17 135
17 136
17 138
17 139
17 140
17 143
17 144
17 145
17 148
18 20
18 23
18 25
18 26
18 28
18 29
18 30
18 33
18 34
18 35
18 36
18 37
18 38
18 40
18 41
18 42
18 43
18 44
18 46
18 48
18 49
18 50
18 54
18 56
18 59
18 60
18 61
18 63
18 64
18 66
18 70
18 72
18 73
18 75
18 77
18 78
18 81
18 85
18 86
18 89
18 90
18 92
18 94
18 97
18 100
18 102
18 104
18 105
18 109
18 110
18 112
18 114
18 115
18 116
18 119
18 123
18 124
18 125
18 127
18 128
18 131
18 132
18 133
18 134
18 135
18 136
18 137
18 138
18 139
18 140
18 143
18 148
19 20
19 22
19 28
19 29
19 31
19 33
19 34
19 37
19 41
19 44
19 45
19 47
19 48
19 49
19 50
19 51
19 56
19 60
19 61
19 62
19 63
19 65
19 66
19 67
19 69
19 70
19 71
19 73
19 75
19 77
19 79
19 82
19 89
19 91
19 92
19 93
19 95
19 96
19 97
19 99
19 101
19 103
19 104
19 109
19 113
19 114
19 115
19 120
19 125
19 126
19 127
19 132
19 134
19 135
19 136
19 137
19 138
19 139
19 142
19 144
19 146
19 147
19 148
20 23
20 26
20 29
20 31
20 32
20 33
20 35
20 36
20 37
20 39
20 41
20 42
20 43
20 47
20 48
20 49
20 51
20 53
20 55
20 56
20 58
20 59
20 61
20 63
20 64
20 67
20 68
20 70
20 72
20 73
20 79
20 81
20 83
20 85
20 86
20 89
20 91
20 94
20 95
20 100
20 103
20 104
20 108
20 109
20 111
20 113
20 114
20 115
20 116
20 117
20 118
20 119
20 120
20 121
20 122
20 123
20 126
20 128
20 129
20 131
20 133
20 135
20 137
20 139
20 141
20 142
20 143
20 146
20 148
21 22
21 26
21 27
21 29
21 30
21 31
21 33
21 34
21 36
21 37
21 38
21 39
21 40
21 41
21 44
21 49
21 51
21 53
21 57
21 59
21 60
21 61
21 62
21 64
21 68
21 71
21 74
21 76
21 85
21 88
21 89
21 92
21 94
21 95
21 98
21 101
21 102
21 105
21 106
21 107
21 108
21 109
21 114
21 115
21 117
21 122
21 123
21 125
21 128
21 130
21 131
21 135
21 137
21 141
21 144
21 146
21 147
21 149
22 25
22 27
22 30
22 31
22 32
22 33
22 34
22 36
22 39
22 40
22 42
22 43
22 46
22 48
22 49
22 50
22 51
22 52
22 53
22 58
22 60
22 63
22 66
22 67
22 68
22 69
22 70
22 73
22 75
22 76
22 77
22 79
22 80
22 81
22 83
22 85
22 86
22 89
22 90
22 93
22 94
22 96
22 97
22 99
22 102
22 104
22 105
22 107
22 111
22 112
22 113
22 116
22 118
22 121
22 122
22 123
22 125
22 127
22 131
22 132
22 133
22 134
22 137
22 138
22 141
22 143
22 146
22 148
22 149
23 25
23 26
23 28
23 29
23 30
23 31
23 33
23 35
23 36
23 38
23 40
23 41
23 44
23 47
23 48
23 49
23 52
23 53
23 54
23 58
23 59
23 62
23 66
23 67
23 68
23 70
23 72
23 78
23 79
23 82
23 83
23 84
23 87
23 88
23 90
23 92
23 97
23 99
23 100
23 104
23 106
23 108
23 115
23 116
23 117
23 118
23 119
23 122
23 123
23 129
23 130
23 132
23 134
23 137
23 138
23 142
23 143
23 144
23 149
24 31
24 35
24 36
24 38
24 39
24 40
24 41
24 43
24 44
24 45
24 46
24 47
24 48
24 54
24 55
24 56
24 58
24 59
24 60
24 61
24 65
24 67
24 72
24 74
24 75
24 77
24 78
24 79
24 81
24 82
24 91
24 92
24 94
24 95
24 96
24 97
24 98
24 99
24 102
24 108
24 109
24 110
24 111
24 112
24 115
24 116
24 117
24 119
24 120
24 126
24 128
24 129
24 131
24 133
24 138
24 139
24 140
24 141
24 143
24 146
24 147
24 148
25 26
25 27
25 29
25 31
25 32
25 33
25 35
25 36
25 37
25 38
25 40
25 41
25 42
25 46
25 48
25 49
25 53
25 55
25 58
25 61
25 62
25 65
25 66
25 67
25 71
25 73
25 76
25 79
25 80
25 81
25 86
25 87
25 88
25 90
25 91
25 93
25 94
25 98
25 100
25 103
25 104
25 106
25 108
25 113
25 115
25 117
25 119
25 123
25 124
25 127
25 128
25 130
25 131
25 132
25 137
25 140
25 141
25 143
25 145
25 146
25 147
26 27
26 28
26 30
26 32
26 33
26 34
26 37
26 41
26 42
26 45
26 48
26 51
26 52
26 53
26 54
26 55
26 56
26 58
26 60
26 61
26 62
26 65
26 67
26 71
26 72
26 73
26 75
26 78
26 79
26 82
26 84
26 85
26 88
26 89
26 90
26 91
26 92
26 96
26 97
26 101
26 104
26 106
26 107
26 109
26 110
26 111
26 112
26 114
26 116
26 117
26 118
26 119
26 120
26 121
26 122
26 125
26 127
26 131
26 132
26 133
26 135
26 137
26 138
26 140
26 141
26 142
26 143
26 144
26 145
26 148
26 149
27 29
27 30
27 32
27 35
27 37
27 38
27 39
27 40
27 41
27 43
27 44
27 45
27 47
27 48
27 49
27 53
27 57
27 59
27 63
27 64
27 66
27 68
27 70
27 72
27 79
27 81
27 83
27 85
27 86
27 87
27 91
27 95
27 100
27 107
27 109
27 110
27 111
27 112
27 113
27 118
27 120
27 121
27 123
27 125
27 129
27 131
27 132
27 133
27 134
27 135
27 138
27 140
27 141
27 142
27 143
27 144
27 147
28 30
28 31
28 34
28 38
28 39
28 43
28 45
28 46
28 47
28 48
28 49
28 50
28 51
28 54
28 55
28 56
28 59
28 60
28 61
28 62
28 67
28 68
28 69
28 76
28 77
28 78
28 82
28 87
28 90
28 92
28 95
28 97
28 100
28 102
28 103
28 104
28 109
28 111
28 118
28 119
28 122
28 123
28 125
28 127
28 130
28 132
28 133
28 140
28 141
28 142
28 143
28 147
28 149
29 30
29 31
29 32
29 34
29 35
29 39
29 40
29 41
29 42
29 46
29 47
29 49
29 50
29 53
29 55
29 62
29 66
29 67
29 69
29 72
29 76
29 78
29 82
29 84
29 86
29 88
29 91
29 93
29 94
29 95
29 97
29 99
29 100
29 102
29 103
29 107
29 108
29 112
29 113
29 115
29 116
29 119
29 120
29 124
29 125
29 130
29 132
29 134
29 136
29 139
29 140
29 142
29 147
29 148
30 31
30 32
30 33
30 37
30 38
30 39
30 40
30 41
30 44
30 46
30 47
30 50
30 52
30 53
30 54
30 55
30 59
30 60
30 64
30 67
30 74
30 76
30 77
30 80
30 85
30 86
30 92
30 93
30 96
30 99
30 103
30 105
30 108
30 109
30 114
30 117
30 119
30 120
30 121
30 122
30 123
30 124
30 126
30 127
30 129
30 130
30 134
30 135
30 137
30 138
30 140
30 145
30 146
30 147
30 149
31 32
31 34
31 35
31 37
31 41
31 42
31 45
31 46
31 47
31 48
31 51
31 53
31 55
31 58
31 59
31 60
31 63
31 64
31 65
31 66
31 69
31 71
31 74
31 77
31 80
31 82
31 85
31 87
31 88
31 91
31 94
31 97
31 98
31 102
31 104
31 106
31 107
31 110
31 111
31 115
31 117
31 119
31 121
31 122
31 124
31 127
31 129
31 130
31 132
31 133
31 134
31 138
31 140
31 142
31 145
31 146
31 147
31 149
32 34
32 35
32 36
32 39
32 40
32 41
32 42
32 43
32 45
32 47
32 49
32 52
32 54
32 55
32 56
32 57
32 59
32 60
32 61
32 62
32 64
32 65
32 66
32 67
32 70
32 72
32 73
32 74
32 76
32 79
32 80
32 83
32 84
32 85
32 86
32 88
32 89
32 90
32 93
32 94
32 97
32 98
32 99
32 100
32 103
32 104
32 110
32 111
32 112
32 113
32 119
32 120
32 123
32 124
32 128
32 130
32 131
32 132
32 133
32 137
32 138
32 142
32 143
32 144
32 147
32 149
33 34
33 36
33 37
33 39
33 45
33 49
33 50
33 51
33 56
33 57
33 59
33 60
33 63
33 64
33 65
33 66
33 68
33 71
33 74
33 76
33 77
33 84
33 85
33 86
33 87
33 88
33 90
33 92
33 95
33 97
33 99
33 103
33 105
33 106
33 107
33 108
33 109
33 110
33 114
33 116
33 118
33 119
33 122
33 123
33 124
33 126
33 128
33 129
33 130
33 131
33 133
33 136
33 137
33 139
33 140
33 142
33 144
33 146
33 147
34 35
34 37
34 39
34 40
34 41
34 42
34 45
34 46
34 47
34 50
34 51
34 52
34 54
34 55
34 56
34 57
34 58
34 59
34 60
34 61
34 63
34 64
34 65
34 66
34 67
34 72
34 77
34 79
34 83
34 84
34 86
34 89
34 90
34 92
34 95
34 99
34 108
34 109
34 110
34 111
34 112
34 113
34 115
34 117
34 118
34 120
34 121
34 124
34 125
34 128
34 129
34 131
34 132
34 133
34 135
34 139
34 140
34 141
34 142
34 143
34 145
34 149
35 38
35 39
35 40
35 41
35 42
35 43
35 45
35 47
35 48
35 51
35 52
35 53
35 55
35 56
35 58
35 60
35 61
35 62
35 64
35 67
35 68
35 71
35 72
35 75
35 77
35 82
35 83
35 84
35 85
35 86
35 87
35 88
35 92
35 93
35 94
35 95
35 96
35 100
35 102
35 106
35 107
35 108
35 109
35 110
35 111
35 113
35 117
35 118
35 123
35 124
35 125
35 128
35 131
35 132
35 133
35 137
35 139
35 141
35 142
35 145
35 147
36 38
36 39
36 40
36 41
36 43
36 44
36 45
36 46
36 48
36 51
36 53
36 54
36 56
36 57
36 59
36 63
36 64
36 66
36 67
36 71
36 72
36 73
36 74
36 75
36 78
36 80
36 82
36 83
36 85
36 86
36 88
36 89
36 91
36 92
36 99
36 102
36 105
36 109
36 111
36 112
36 115
36 118
36 120
36 126
36 128
36 131
36 140
36 141
36 143
36 145
36 147
36 148
36 149
37 39
37 41
37 43
37 47
37 50
37 55
37 56
37 57
37 58
37 62
37 66
37 69
37 71
37 73
37 75
37 78
37 80
37 81
37 82
37 83
37 85
37 88
37 93
37 94
37 95
37 96
37 99
37 100
37 105
37 106
37 107
37 109
37 111
37 112
37 113
37 115
37 119
37 120
37 122
37 123
37 125
37 128
37 129
37 133
37 134
37 138
37 140
37 143
37 145
38 39
38 40
38 43
38 44
38 47
38 49
38 51
38 56
38 57
38 58
38 60
38 63
38 64
38 66
38 67
38 72
38 73
38 74
38 75
38 76
38 77
38 78
38 79
38 81
38 82
38 86
38 87
38 88
38 91
38 92
38 93
38 94
38 95
38 96
38 99
38 100
38 101
38 103
38 104
38 105
38 106
38 107
38 108
38 110
38 111
38 112
38 118
38 119
38 121
38 122
38 123
38 126
38 127
38 128
38 129
38 131
38 134
38 136
38 137
38 138
38 141
38 144
38 146
38 148
39 44
39 45
39 48
39 49
39 52
39 53
39 54
39 57
39 61
39 62
39 63
39 65
39 69
39 71
39 72
39 73
39 75
39 76
39 81
39 84
39 86
39 87
39 92
39 95
39 96
39 97
39 98
39 102
39 103
39 104
39 110
39 111
39 112
39 113
39 118
39 119
39 120
39 121
39 123
39 124
39 126
39 128
39 129
39 132
39 135
39 137
39 140
39 142
39 143
39 144
39 148
40 41
40 44
40 45
40 46
40 47
40 50
40 52
40 56
40 57
40 60
40 61
40 62
40 63
40 64
40 65
40 67
40 70
40 73
40 75
40 77
40 78
40 79
40 81
40 82
40 84
40 87
40 89
40 92
40 94
40 98
40 100
40 101
40 102
40 103
40 104
40 106
40 109
40 110
40 111
40 112
40 114
40 115
40 116
40 117
40 120
40 121
40 123
40 124
40 126
40 127
40 128
40 129
40 131
40 132
40 134
40 137
40 140
40 143
40 144
41 43
41 44
41 47
41 48
41 49
41 50
41 51
41 54
41 55
41 57
41 58
41 59
41 60
41 61
41 64
41 65
41 70
41 71
41 72
41 76
41 78
41 85
41 87
41 88
41 89
41 90
41 98
41 101
41 106
41 108
41 109
41 111
41 112
41 113
41 114
41 117
41 118
41 119
41 121
41 123
41 129
41 130
41 133
41 136
41 139
41 141
41 143
41 144
41 145
42 44
42 47
42 49
42 50
42 52
42 53
42 55
42 56
42 57
42 59
42 60
42 64
42 65
42 67
42 68
42 70
42 71
42 73
42 74
42 75
42 77
42 79
42 80
42 82
42 85
42 88
42 91
42 92
42 94
42 95
42 96
42 97
42 98
42 101
42 102
42 103
42 104
42 106
42 109
42 110
42 112
42 113
42 118
42 119
42 123
42 124
42 125
42 126
42 127
42 129
42 131
42 132
42 133
42 138
42 139
42 141
42 143
42 144
42 147
43 44
43 46
43 47
43 48
43 50
43 52
43 54
43 56
43 57
43 58
43 59
43 60
43 62
43 64
43 67
43 68
43 72
43 73
43 74
43 77
43 78
43 79
43 82
43 83
43 85
43 86
43 87
43 89
43 90
43 91
43 92
43 94
43 96
43 98
43 99
43 101
43 102
43 103
43 104
43 107
43 108
43 112
43 114
43 115
43 117
43 118
43 119
43 120
43 122
43 124
43 127
43 129
43 130
43 132
43 133
43 136
43 137
43 138
43 139
43 140
43 141
43 142
43 143
43 144
43 145
43 146
43 148
43 149
44 45
44 46
44 48
44 49
44 51
44 55
44 57
44 58
44 60
44 68
44 69
44 70
44 73
44 74
44 78
44 79
44 82
44 83
44 85
44 94
44 98
44 99
44 101
44 102
44 103
44 104
44 105
44 107
44 109
44 110
44 116
44 123
44 124
44 126
44 128
44 131
44 134
44 135
44 136
44 140
44 143
44 144
44 145
45 46
45 47
45 48
45 49
45 50
45 52
45 55
45 57
45 58
45 60
45 62
45 65
45 68
45 69
45 70
45 72
45 79
45 81
45 83
45 86
45 87
45 88
45 90
45 93
45 95
45 98
45 99
45 100
45 101
45 102
45 103
45 104
45 107
45 108
45 111
45 112
45 113
45 117
45 118
45 119
45 122
45 123
45 126
45 129
45 130
45 132
45 133
45 135
45 138
45 139
45 143
45 144
45 149
46 49
46 50
46 52
46 53
46 54
46 57
46 58
46 59
46 60
46 62
46 64
46 67
46 69
46 71
46 72
46 74
46 81
46 82
46 83
46 85
46 87
46 88
46 89
46 91
46 92
46 94
46 98
46 99
46 103
46 104
46 105
46 108
46 110
46 112
46 114
46 117
46 120
46 124
46 125
46 128
46 131
46 132
46 134
46 135
46 136
46 138
46 139
46 140
46 141
46 146
46 149
47 48
47 49
47 50
47 53
47 56
47 57
47 59
47 62
47 65
47 66
47 69
47 71
47 74
47 76
47 78
47 79
47 80
47 81
47 82
47 87
47 90
47 92
47 97
47 98
47 102
47 104
47 108
47 109
47 110
47 112
47 118
47 120
47 122
47 127
47 129
47 130
47 131
47 132
47 133
47 134
47 136
47 137
47 143
47 146
47 147
47 149
48 50
48 57
48 58
48 59
48 63
48 68
48 69
48 73
48 75
48 77
48 79
48 81
48 83
48 86
48 92
48 94
48 95
48 98
48 99
48 100
48 103
48 105
48 106
48 108
48 109
48 114
48 119
48 120
48 123
48 124
48 126
48 127
48 130
48 132
48 135
48 138
48 140
48 141
48 144
48 146
48 149
49 51
49 52
49 53
49 54
49 58
49 59
49 61
49 62
49 65
49 67
49 68
49 70
49 71
49 72
49 73
49 74
49 75
49 77
49 79
49 82
49 85
49 90
49 91
49 94
49 100
49 106
49 111
49 112
49 113
49 115
49 117
49 118
49 123
49 124
49 125
49 127
49 129
49 134
49 136
49 140
49 148
50 52
50 54
50 55
50 61
50 64
50 68
50 69
50 70
50 71
50 72
50 74
50 75
50 78
50 79
50 80
50 82
50 84
50 87
50 91
50 92
50 94
50 97
50 98
50 106
50 111
50 112
50 116
50 118
50 119
50 123
50 124
50 125
50 127
50 129
50 130
50 131
50 132
50 134
50 135
50 136
50 142
50 144
50 145
50 146
50 148
50 149
51 53
51 57
51 58
51 59
51 60
51 62
51 64
51 66
51 67
51 69
51 72
51 73
51 74
51 76
51 80
51 83
51 86
51 89
51 90
51 91
51 92
51 94
51 95
51 103
51 107
51 114
51 115
51 117
51 118
51 119
51 120
51 121
51 126
51 128
51 129
51 140
51 142
51 143
51 144
51 146
52 53
52 54
52 59
52 61
52 62
52 64
52 65
52 69
52 72
52 73
52 74
52 75
52 77
52 81
52 83
52 84
52 86
52 89
52 91
52 92
52 93
52 101
52 104
52 106
52 108
52 111
52 114
52 116
52 118
52 119
52 124
52 125
52 126
52 127
52 128
52 133
52 135
52 136
52 138
52 140
52 142
52 143
52 144
52 145
52 146
52 147
53 54
53 56
53 57
53 58
53 59
53 60
53 61
53 66
53 69
53 70
53 73
53 74
53 75
53 77
53 80
53 82
53 83
53 85
53 87
53 89
53 92
53 93
53 98
53 99
53 100
53 101
53 102
53 103
53 104
53 106
53 107
53 111
53 113
53 114
53 116
53 117
53 118
53 120
53 121
53 122
53 127
53 128
53 130
53 131
53 133
53 136
53 138
53 140
53 143
53 147
53 149
54 56
54 61
54 62
54 64
54 65
54 66
54 69
54 70
54 71
54 72
54 73
54 74
54 75
54 76
54 79
54 80
54 81
54 82
54 83
54 86
54 87
54 88
54 89
54 90
54 93
54 97
54 98
54 100
54 102
54 103
54 104
54 106
54 107
54 108
54 109
54 110
54 112
54 113
54 114
54 116
54 120
54 121
54 122
54 123
54 126
54 129
54 132
54 140
54 141
54 144
54 146
54 148
55 56
55 60
55 62
55 67
55 68
55 69
55 71
55 72
55 76
55 77
55 79
55 80
55 82
55 83
55 84
55 86
55 87
55 88
55 89
55 93
55 94
55 96
55 100
55 101
55 103
55 104
55 105
55 107
55 109
55 112
55 116
55 117
55 119
55 122
55 125
55 126
55 127
55 133
55 134
55 138
55 139
55 141
55 143
55 144
55 148
56 57
56 58
56 63
56 64
56 67
56 69
56 72
56 79
56 82
56 83
56 85
56 86
56 87
56 88
56 90
56 91
56 92
56 94
56 96
56 97
56 98
56 101
56 104
56 105
56 111
56 114
56 115
56 119
56 121
56 123
56 124
56 127
56 128
56 131
56 136
56 137
56 138
56 139
56 140
56 143
56 144
56 145
56 146
56 148
56 149
57 60
57 61
57 62
57 64
57 65
57 66
57 67
57 68
57 70
57 72
57 74
57 75
57 76
57 84
57 87
57 88
57 89
57 92
57 93
57 94
57 95
57 99
57 103
57 104
57 108
57 111
57 112
57 113
57 115
57 118
57 120
57 123
57 125
57 127
57 131
57 133
57 134
57 137
57 138
57 142
57 143
57 144
57 147
57 148
58 62
58 64
58 66
58 68
58 70
58 71
58 75
58 78
58 80
58 83
58 85
58 86
58 88
58 89
58 90
58 92
58 93
58 94
58 96
58 98
58 99
58 101
58 105
58 106
58 108
58 110
58 112
58 113
58 114
58 115
58 116
58 117
58 119
58 122
58 124
58 128
58 129
58 134
58 135
58 136
58 137
58 138
58 139
58 140
58 144
58 145
58 146
58 147
58 148
59 64
59 66
59 69
59 73
59 74
59 76
59 77
59 78
59 80
59 84
59 89
59 90
59 91
59 92
59 96
59 98
59 100
59 102
59 105
59 106
59 107
59 110
59 112
59 113
59 116
59 119
59 120
59 121
59 122
59 129
59 131
59 133
59 135
59 136
59 137
59 138
59 141
59 142
59 144
59 145
59 147
59 148
59 149
60 62
60 68
60 69
60 73
60 74
60 76
60 77
60 80
60 84
60 85
60 86
60 88
60 93
60 94
60 96
60 99
60 102
60 105
60 106
60 117
60 118
60 119
60 121
60 122
60 126
60 127
60 128
60 130
60 131
60 133
60 135
60 136
60 139
60 141
60 142
60 143
60 144
60 146
60 147
60 148
60 149
61 63
61 64
61 66
61 67
61 68
61 70
61 71
61 73
61 74
61 76
61 78
61 80
61 81
61 84
61 88
61 89
61 90
61 91
61 94
61 96
61 98
61 99
61 100
61 103
61 106
61 108
61 109
61 115
61 116
61 117
61 118
61 124
61 125
61 126
61 127
61 128
61 137
61 138
61 139
61 140
61 143
61 144
61 145
62 63
62 64
62 67
62 70
62 71
62 73
62 74
62 75
62 76
62 79
62 80
62 81
62 82
62 83
62 84
62 85
62 87
62 89
62 91
62 92
62 93
62 95
62 97
62 99
62 100
62 103
62 107
62 110
62 112
62 114
62 115
62 116
62 119
62 120
62 121
62 122
62 123
62 124
62 125
62 127
62 130
62 131
62 132
62 133
62 135
62 136
62 140
62 143
62 147
63 64
63 65
63 67
63 68
63 69
63 74
63 75
63 76
63 77
63 78
63 81
63 83
63 84
63 85
63 86
63 87
63 89
63 90
63 91
63 95
63 96
63 97
63 100
63 101
63 105
63 106
63 109
63 110
63 112
63 114
63 115
63 118
63 120
63 121
63 123
63 125
63 129
63 131
63 135
63 138
63 140
63 141
63 142
63 143
63 144
63 145
63 146
63 149
64 65
64 66
64 67
64 70
64 71
64 72
64 74
64 76
64 77
64 79
64 80
64 81
64 82
64 83
64 85
64 87
64 88
64 90
64 92
64 98
64 100
64 101
64 104
64 106
64 108
64 109
64 110
64 111
64 113
64 116
64 117
64 118
64 120
64 125
64 126
64 127
64 129
64 130
64 132
64 133
64 134
64 135
64 137
64 142
64 143
64 144
64 146
64 147
64 148
64 149
65 66
65 71
65 75
65 76
65 78
65 79
65 80
65 82
65 87
65 88
65 89
65 90
65 91
65 92
65 93
65 95
65 96
65 97
65 100
65 102
65 103
65 108
65 110
65 112
65 114
65 124
65 125
65 127
65 130
65 131
65 134
65 135
65 138
65 139
65 140
65 141
65 143
65 145
65 146
65 149
66 68
66 70
66 73
66 74
66 79
66 80
66 81
66 83
66 85
66 86
66 88
66 89
66 90
66 97
66 99
66 100
66 102
66 104
66 105
66 106
66 108
66 110
66 111
66 114
66 116
66 121
66 122
66 124
66 125
66 126
66 127
66 131
66 132
66 133
66 134
66 137
66 138
66 140
66 141
66 145
66 146
66 147
66 148
67 68
67 70
67 71
67 73
67 74
67 75
67 77
67 79
67 80
67 81
67 83
67 84
67 87
67 92
67 98
67 100
67 102
67 106
67 107
67 113
67 115
67 120
67 124
67 126
67 127
67 129
67 131
67 132
67 133
67 134
67 135
67 137
67 142
67 143
67 144
67 148
67 149
68 69
68 70
68 73
68 74
68 75
68 76
68 78
68 80
68 83
68 86
68 87
68 88
68 89
68 90
68 92
68 95
68 98
68 100
68 102
68 105
68 108
68 109
68 110
68 111
68 113
68 114
68 115
68 116
68 117
68 119
68 120
68 121
68 124
68 125
68 127
68 130
68 131
68 132
68 137
68 138
68 140
68 141
68 146
68 147
68 148
69 70
69 71
69 72
69 73
69 74
69 75
69 77
69 81
69 83
69 85
69 86
69 88
69 89
69 90
69 93
69 94
69 96
69 97
69 98
69 99
69 100
69 102
69 103
69 104
69 108
69 109
69 111
69 113
69 116
69 117
69 120
69 121
69 124
69 125
69 129
69 130
69 134
69 137
69 138
69 140
69 141
69 143
69 144
69 148
69 149
70 71
70 72
70 75
70 79
70 83
70 87
70 89
70 91
70 92
70 93
70 95
70 96
70 98
70 99
70 100
70 102
70 103
70 104
70 107
70 109
70 110
70 111
70 113
70 114
70 115
70 117
70 121
70 123
70 124
70 126
70 127
70 128
70 130
70 133
70 134
70 135
70 136
70 137
70 142
70 144
70 145
70 146
70 147
71 72
71 74
71 76
71 79
71 80
71 81
71 83
71 84
71 85
71 86
71 88
71 92
71 93
71 95
71 96
71 97
71 98
71 101
71 106
71 109
71 110
71 111
71 112
71 113
71 119
71 120
71 121
71 122
71 126
71 129
71 130
71 131
71 132
71 133
71 134
71 137
71 140
71 141
71 146
71 149
72 73
72 75
72 77
72 78
72 79
72 81
72 83
72 85
72 86
72 89
72 92
72 95
72 97
72 100
72 101
72 104
72 105
72 107
72 108
72 109
72 114
72 117
72 121
72 122
72 125
72 130
72 131
72 132
72 134
72 135
72 137
72 138
72 142
72 143
72 145
72 147
72 148
72 149
73 74
73 76
73 82
73 83
73 84
73 85
73 86
73 87
73 88
73 91
73 93
73 94
73 95
73 97
73 101
73 102
73 108
73 110
73 111
73 112
73 113
73 117
73 119
73 120
73 121
73 125
73 126
73 127
73 128
73 130
73 131
73 132
73 133
73 135
73 137
73 138
73 139
73 141
73 142
73 143
73 144
73 146
73 149
74 75
74 77
74 79
74 82
74 87
74 90
74 93
74 94
74 96
74 98
74 100
74 101
74 104
74 105
74 107
74 110
74 111
74 116
74 117
74 119
74 120
74 121
74 122
74 123
74 126
74 127
74 132
74 133
74 136
74 138
74 140
74 144
74 148
75 76
75 79
75 83
75 84
75 85
75 86
75 88
75 90
75 93
75 94
75 95
75 97
75 98
75 100
75 101
75 103
75 107
75 108
75 110
75 111
75 113
75 114
75 116
75 117
75 118
75 122
75 125
75 127
75 128
75 130
75 131
75 132
75 133
75 134
75 136
75 139
75 140
75 149
76 81
76 82
76 83
76 84
76 85
76 88
76 90
76 92
76 93
76 95
76 96
76 97
76 98
76 101
76 104
76 106
76 107
76 108
76 111
76 113
76 114
76 115
76 116
76 117
76 119
76 121
76 122
76 124
76 126
76 129
76 130
76 132
76 133
76 137
76 139
76 140
76 142
76 143
76 144
76 147
77 78
77 79
77 80
77 81
77 83
77 85
77 89
77 90
77 91
77 94
77 97
77 101
77 105
77 107
77 108
77 111
77 112
77 116
77 117
77 118
77 119
77 121
77 123
77 124
77 125
77 126
77 127
77 129
77 130
77 131
77 133
77 134
77 135
77 139
77 141
77 143
77 144
77 145
77 146
78 79
78 81
78 83
78 84
78 85
78 86
78 88
78 90
78 92
78 93
78 94
78 96
78 99
78 100
78 101
78 103
78 104
78 105
78 107
78 109
78 111
78 115
78 117
78 118
78 119
78 121
78 123
78 124
78 126
78 128
78 130
78 132
78 133
78 136
78 139
78 141
78 144
78 145
78 147
78 149
79 80
79 81
79 82
79 83
79 85
79 90
79 92
79 93
79 98
79 103
79 104
79 106
79 112
79 113
79 118
79 119
79 120
79 121
79 122
79 123
79 125
79 126
79 128
79 129
79 130
79 131
79 133
79 136
79 137
79 139
79 140
79 144
79 147
79 148
79 149
80 81
80 83
80 84
80 85
80 86
80 89
80 92
80 93
80 95
80 96
80 97
80 98
80 101
80 103
80 105
80 106
80 107
80 109
80 110
80 111
80 113
80 118
80 119
80 120
80 125
80 126
80 127
80 128
80 130
80 134
80 142
80 144
80 145
80 146
80 147
80 148
80 149
81 82
81 83
81 87
81 91
81 94
81 95
81 99
81 102
81 103
81 104
81 106
81 107
81 108
81 110
81 112
81 113
81 115
81 116
81 119
81 120
81 121
81 123
81 124
81 126
81 127
81 128
81 130
81 132
81 135
81 136
81 137
81 138
81 141
81 142
81 143
81 144
81 149
82 85
82 87
82 88
82 89
82 90
82 91
82 92
82 94
82 96
82 98
82 99
82 101
82 106
82 114
82 116
82 120
82 125
82 127
82 132
82 133
82 137
82 138
82 139
82 140
82 141
82 142
82 146
82 147
82 148
82 149
83 84
83 86
83 87
83 89
83 91
83 92
83 94
83 96
83 98
83 99
83 101
83 102
83 103
83 105
83 107
83 108
83 110
83 112
83 113
83 114
83 115
83 118
83 119
83 120
83 123
83 124
83 127
83 131
83 132
83 133
83 135
83 136
83 137
83 140
83 141
83 144
83 146
83 147
83 148
83 149
84 87
84 90
84 91
84 97
84 100
84 101
84 102
84 103
84 105
84 106
84 107
84 108
84 112
84 113
84 114
84 120
84 125
84 127
84 128
84 130
84 133
84 135
84 136
84 140
84 142
84 143
84 145
84 148
84 149
85 87
85 88
85 89
85 91
85 94
85 101
85 103
85 106
85 109
85 110
85 111
85 112
85 114
85 117
85 118
85 119
85 122
85 128
85 130
85 131
85 132
85 134
85 135
85 137
85 138
85 139
85 140
85 143
85 146
85 147
86 87
86 90
86 91
86 94
86 95
86 96
86 97
86 102
86 105
86 112
86 114
86 115
86 117
86 118
86 119
86 123
86 124
86 125
86 126
86 127
86 128
86 130
86 133
86 136
86 137
86 140
86 141
86 142
86 146
86 148
86 149
87 92
87 93
87 95
87 96
87 97
87 101
87 104
87 105
87 106
87 109
87 110
87 115
87 119
87 120
87 122
87 127
87 128
87 136
87 137
87 142
87 146
87 148
87 149
88 89
88 91
88 94
88 95
88 96
88 98
88 99
88 100
88 102
88 103
88 105
88 108
88 109
88 110
88 114
88 116
88 117
88 121
88 122
88 125
88 127
88 128
88 135
88 137
88 141
88 143
88 144
88 145
88 146
88 147
88 149
89 90
89 92
89 93
89 96
89 102
89 107
89 108
89 109
89 111
89 114
89 116
89 117
89 119
89 120
89 122
89 123
89 127
89 128
89 133
89 134
89 137
89 138
89 139
89 140
89 142
89 143
89 146
89 147
90 91
90 92
90 96
90 97
90 98
90 101
90 107
90 109
90 114
90 120
90 123
90 125
90 127
90 131
90 134
90 139
90 141
90 144
90 145
90 147
91 92
91 95
91 97
91 99
91 100
91 101
91 103
91 104
91 105
91 107
91 108
91 110
91 112
91 113
91 114
91 115
91 118
91 119
91 120
91 121
91 122
91 123
91 126
91 127
91 130
91 131
91 132
91 135
91 137
91 139
91 141
91 144
91 145
91 147
91 148
91 149
92 94
92 96
92 97
92 98
92 100
92 103
92 104
92 105
92 107
92 108
92 109
92 110
92 111
92 113
92 114
92 115
92 116
92 117
92 118
92 119
92 120
92 123
92 125
92 126
92 127
92 129
92 130
92 132
92 133
92 143
92 146
92 147
92 148
93 94
93 95
93 97
93 99
93 100
93 101
93 102
93 103
93 104
93 106
93 108
93 109
93 116
93 118
93 119
93 120
93 125
93 126
93 129
93 133
93 137
93 140
93 148
93 149
94 98
94 99
94 101
94 103
94 104
94 106
94 113
94 114
94 115
94 116
94 117
94 119
94 120
94 124
94 126
94 128
94 131
94 134
94 135
94 136
94 139
94 140
94 141
94 142
94 145
94 147
94 149
95 96
95 98
95 99
95 100
95 105
95 106
95 113
95 115
95 116
95 119
95 120
95 121
95 122
95 123
95 124
95 127
95 131
95 133
95 135
95 137
95 141
95 142
95 143
95 144
95 146
96 98
96 99
96 100
96 102
96 103
96 106
96 107
96 108
96 109
96 110
96 115
96 117
96 119
96 121
96 123
96 126
96 127
96 128
96 129
96 130
96 133
96 134
96 135
96 137
96 138
96 141
96 147
97 100
97 101
97 103
97 105
97 107
97 108
97 109
97 110
97 113
97 114
97 117
97 118
97 121
97 125
97 126
97 128
97 133
97 137
97 139
97 140
97 141
97 143
97 144
97 145
97 146
97 149
98 99
98 100
98 102
98 103
98 105
98 106
98 111
98 112
98 117
98 119
98 120
98 121
98 122
98 123
98 124
98 125
98 128
98 131
98 133
98 134
98 135
98 136
98 137
98 142
98 144
98 146
98 148
98 149
99 100
99 102
99 103
99 105
99 107
99 109
99 112
99 113
99 117
99 119
99 122
99 123
99 125
99 129
99 132
99 138
99 139
99 140
99 143
99 144
99 145
99 148
100 101
100 105
100 106
100 109
100 111
100 112
100 117
100 119
100 120
100 121
100 122
100 125
100 136
100 140
100 142
100 143
100 144
100 147
100 149
101 110
101 111
101 113
101 114
101 115
101 117
101 118
101 121
101 123
101 125
101 126
101 128
101 130
101 134
101 135
101 139
101 143
101 144
101 145
101 146
101 148
101 149
102 106
102 107
102 108
102 109
102 110
102 113
102 114
102 115
102 119
102 120
102 124
102 125
102 126
102 128
102 133
102 137
102 138
102 139
102 141
102 145
102 146
103 105
103 106
103 109
103 112
103 120
103 122
103 125
103 126
103 128
103 129
103 131
103 134
103 137
103 138
103 145
103 146
104 105
104 107
104 108
104 110
104 114
104 116
104 117
104 119
104 125
104 126
104 128
104 129
104 130
104 131
104 133
104 136
104 140
104 141
104 146
104 148
105 106
105 108
105 111
105 112
105 115
105 117
105 118
105 120
105 121
105 124
105 127
105 128
105 129
105 130
105 132
105 133
105 135
105 142
105 143
105 145
105 146
105 147
106 107
106 110
106 111
106 113
106 115
106 116
106 117
106 120
106 124
106 125
106 126
106 127
106 128
106 129
106 130
106 131
106 134
106 135
106 136
106 138
106 139
106 141
106 142
106 144
106 146
106 147
107 109
107 114
107 116
107 117
107 118
107 120
107 122
107 124
107 125
107 127
107 130
107 133
107 134
108 109
108 110
108 111
108 112
108 117
108 120
108 121
108 123
108 124
108 125
108 128
108 129
108 133
108 136
108 137
108 143
108 144
108 145
108 146
108 148
108 149
109 111
109 112
109 113
109 114
109 115
109 118
109 121
109 125
109 130
109 131
109 132
109 134
109 136
109 137
109 138
109 139
109 140
109 141
109 144
109 147
109 148
110 111
110 112
110 114
110 115
110 116
110 118
110 119
110 120
110 122
110 124
110 126
110 127
110 128
110 131
110 132
110 133
110 137
110 138
110 139
110 140
110 142
110 144
110 146
110 147
110 149
111 112
111 113
111 115
111 117
111 119
111 123
111 126
111 127
111 128
111 129
111 130
111 134
111 135
111 137
111 138
111 139
111 142
111 144
111 145
111 146
112 114
112 115
112 118
112 119
112 120
112 122
112 123
112 124
112 125
112 128
112 129
112 131
112 138
112 139
112 146
113 115
113 116
113 118
113 119
113 121
113 122
113 126
113 127
113 128
113 129
113 134
113 136
113 139
113 140
113 141
113 142
113 143
113 145
113 146
113 148
114 115
114 117
114 118
114 119
114 120
114 121
114 122
114 124
114 126
114 127
114 129
114 131
114 133
114 136
114 137
114 139
114 140
114 141
114 143
114 144
114 145
114 146
114 147
114 149
115 116
115 119
115 121
115 122
115 123
115 128
115 129
115 131
115 132
115 133
115 134
115 135
115 138
115 142
115 146
115 147
115 148
115 149
116 117
116 120
116 121
116 122
116 125
116 129
116 131
116 136
116 137
116 138
116 139
116 140
116 143
116 144
116 146
116 148
116 149
117 118
117 119
117 120
117 121
117 122
117 125
117 126
117 131
117 133
117 134
117 138
117 141
117 142
117 143
117 144
117 146
117 147
117 148
117 149
118 119
118 120
118 121
118 122
118 124
118 126
118 128
118 129
118 131
118 132
118 133
118 134
118 135
118 140
118 141
118 143
118 144
118 145
118 146
119 120
119 121
119 122
119 124
119 125
119 126
119 127
119 129
119 131
119 133
119 136
119 137
119 140
119 143
119 144
119 147
119 148
120 121
120 123
120 124
120 125
120 126
120 128
120 130
120 132
120 133
120 134
120 135
120 136
120 139
120 141
120 145
120 146
120 149
121 125
121 126
121 127
121 128
121 135
121 137
121 139
121 141
121 144
121 149
122 126
122 127
122 128
122 129
122 130
122 132
122 133
122 134
122 136
122 137
122 138
122 141
122 143
122 144
122 145
122 146
122 147
122 149
123 124
123 125
123 127
123 130
123 134
123 137
123 138
123 139
123 142
123 143
123 145
123 146
123 147
123 148
123 149
124 126
124 127
124 128
124 130
124 133
124 134
124 139
124 140
124 141
124 142
124 144
124 145
124 149
125 127
125 128
125 137
125 138
125 139
125 140
125 141
125 144
125 145
126 127
126 128
126 129
126 130
126 131
126 132
126 133
126 135
126 136
126 137
126 139
126 140
126 143
126 144
126 146
126 147
126 149
127 128
127 129
127 134
127 136
127 142
127 143
127 145
127 148
127 149
128 129
128 140
128 143
128 144
128 148
128 149
129 131
129 134
129 136
129 137
129 138
129 140
129 143
129 144
129 149
130 131
130 132
130 133
130 134
130 135
130 138
130 142
130 145
130 148
130 149
131 132
131 137
131 145
131 146
131 147
131 148
132 134
132 135
132 136
132 137
132 138
132 141
132 144
132 146
132 148
132 149
133 135
133 137
133 138
133 140
133 141
133 142
133 144
133 145
133 147
134 135
134 137
134 139
134 145
134 146
134 148
135 137
135 138
135 139
135 141
135 142
135 143
135 147
136 137
136 138
136 140
136 143
136 145
136 149
137 138
137 139
137 141
137 144
137 148
137 149
138 141
138 142
138 144
138 145
138 148
138 149
139 141
139 147
139 149
140 143
140 144
140 146
140 147
140 149
141 142
141 149
142 143
142 146
142 148
142 149
143 144
143 145
143 146
143 148
143 149
144 145
144 146
144 147
145 146
145 147
145 148
145 149
146 148
147 148
147 149
129 36 96 113 135 89 64 10 33 144 73 30 149 138 82 32 142 83 13 34 112 132 94 59 111 29 121 28 15 50 119 72 68 4 53 60 124 27 105 99 56 5 38 117 107
40 0 131 37 93 122 39 45 23 76 91 90 148 146 145 147 67 57 103 17 102 126 19 79 35 128 47 77 139 2 42 20 26 61 7 125 51 75 41 97 143 31 108 100 25
104 11 1 92 8 6 101 52 109 106 62 81 140 115 18 133 14 63 48 85 86 136 58 55 95 141 116 120 66 16 44 87 24 3 22 9 12 21 110 98 78 43 118 46 88
74 49 123 54 70 84 134 137 130 80 127 69 65 71 114
