150
2163
4
0 3
0 8
0 10
0 14
0 27
0 38
0 40
0 46
0 50
0 51
0 52
0 54
0 60
0 62
0 64
0 69
0 72
0 77
0 78
0 79
0 82
0 88
0 98
0 99
0 103
0 111
0 114
0 118
0 121
0 123
0 125
0 141
1 3
1 4
1 7
1 13
1 23
1 24
1 26
1 36
1 39
1 44
1 51
1 52
1 54
1 58
1 59
1 71
1 76
1 87
1 99
1 101
1 107
1 109
1 124
1 125
1 127
1 132
1 142
1 148
1 149
2 3
2 16
2 27
2 41
2 49
2 57
2 75
2 76
2 79
2 80
2 86
2 92
2 94
2 107
2 110
2 111
2 115
2 119
2 122
2 127
2 129
2 130
2 135
2 136
2 143
2 147
3 4
3 15
3 25
3 28
3 30
3 43
3 44
3 50
3 66
3 74
3 79
3 86
3 88
3 94
3 96
3 98
3 103
3 108
3 110
3 112
3 113
3 121
3 123
3 128
3 138
3 142
3 149
4 6
4 10
4 14
4 21
4 36
4 43
4 45
4 47
4 48
4 55
4 65
4 68
4 82
4 84
4 88
4 93
4 95
4 98
4 99
4 103
4 105
4 106
4 107
4 127
4 128
4 133
4 139
4 140
4 143
4 144
4 145
4 147
4 148
5 10
5 13
5 14
5 17
5 18
5 20
5 27
5 28
5 38
5 44
5 54
5 56
5 65
5 69
5 76
5 85
5 86
5 89
5 95
5 97
5 98
5 113
5 123
5 128
5 139
5 141
5 146
5 147
5 149
6 7
6 13
6 28
6 40
6 41
6 44
6 47
6 48
6 49
6 54
6 57
6 60
6 63
6 64
6 65
6 66
6 67
6 72
6 73
6 77
6 79
6 80
6 82
6 86
6 95
6 104
6 109
6 113
6 115
6 132
6 138
6 148
7 9
7 18
7 21
7 34
7 38
7 49
7 54
7 62
7 76
7 77
7 86
7 90
7 106
7 115
7 117
7 120
7 122
7 131
7 134
7 136
7 137
7 139
7 145
8 11
8 17
8 20
8 24
8 30
8 31
8 37
8 46
8 48
8 57
8 58
8 62
8 68
8 73
8 80
8 85
8 91
8 94
8 99
8 100
8 103
8 104
8 106
8 108
8 112
8 114
8 119
8 120
8 121
8 122
8 124
8 127
8 134
8 139
8 147
8 148
8 149
9 14
9 22
9 23
9 32
9 34
9 38
9 49
9 54
9 64
9 66
9 71
9 74
9 75
9 85
9 88
9 92
9 96
9 99
9 100
9 105
9 110
9 113
9 118
9 119
9 120
9 122
9 123
9 126
9 127
9 128
9 130
9 139
9 147
9 149
10 19
10 21
10 28
10 34
10 38
10 46
10 49
10 52
10 55
10 64
10 68
10 74
10 79
10 84
10 91
10 92
10 96
10 97
10 103
10 104
10 106
10 114
10 116
10 120
10 124
10 126
10 129
10 136
10 140
10 141
10 145
11 19
11 29
11 34
11 42
11 48
11 49
11 59
11 70
11 78
11 82
11 86
11 87
11 98
11 112
11 114
11 119
11 123
11 134
11 137
11 143
12 15
12 22
12 32
12 35
12 46
12 49
12 50
12 54
12 59
12 63
12 67
12 73
12 85
12 87
12 89
12 92
12 94
12 98
12 103
12 109
12 112
12 115
12 120
12 125
12 139
12 142
12 146
12 147
13 26
13 32
13 33
13 39
13 40
13 46
13 58
13 61
13 74
13 76
13 79
13 90
13 95
13 98
13 101
13 109
13 110
13 128
13 132
13 135
13 136
13 142
13 148
13 149
14 17
14 34
14 42
14 46
14 49
14 50
14 53
14 55
14 56
14 68
14 70
14 71
14 75
14 78
14 79
14 85
14 86
14 91
14 92
14 97
14 101
14 105
14 107
14 109
14 111
14 112
14 116
14 118
14 124
14 126
14 129
14 134
14 145
14 146
15 21
15 29
15 33
15 39
15 48
15 58
15 72
15 73
15 74
15 77
15 87
15 88
15 95
15 100
15 103
15 128
15 137
15 139
15 140
15 144
16 20
16 22
16 26
16 32
16 35
16 43
16 49
16 57
16 58
16 59
16 61
16 62
16 64
16 67
16 70
16 73
16 77
16 82
16 83
16 89
16 93
16 98
16 99
16 112
16 114
16 117
16 119
16 120
16 126
16 128
16 130
16 131
16 139
16 141
16 145
17 19
17 22
17 23
17 30
17 31
17 32
17 34
17 37
17 38
17 40
17 42
17 45
17 46
17 50
17 51
17 63
17 67
17 71
17 72
17 75
17 83
17 84
17 95
17 96
17 105
17 107
17 117
17 130
17 134
17 138
17 144
18 20
18 21
18 38
18 39
18 43
18 45
18 53
18 55
18 58
18 82
18 88
18 91
18 108
18 112
18 122
18 123
18 129
18 132
18 134
18 138
19 24
19 27
19 32
19 33
19 34
19 36
19 45
19 47
19 67
19 72
19 80
19 82
19 86
19 87
19 88
19 91
19 95
19 99
19 100
19 106
19 107
19 110
19 113
19 115
19 117
19 119
19 124
19 127
19 128
20 22
20 23
20 27
20 32
20 38
20 57
20 61
20 64
20 77
20 83
20 84
20 88
20 94
20 98
20 106
20 107
20 108
20 111
20 116
20 122
20 126
20 128
20 133
20 146
20 148
21 33
21 40
21 45
21 49
21 53
21 58
21 59
21 60
21 73
21 75
21 77
21 80
21 82
21 88
21 89
21 103
21 104
21 106
21 121
21 123
21 129
21 130
21 131
21 136
21 138
21 146
22 24
22 28
22 31
22 38
22 45
22 53
22 55
22 58
22 68
22 71
22 84
22 88
22 102
22 110
22 113
22 115
22 117
22 118
22 126
22 128
22 134
22 146
23 35
23 43
23 45
23 54
23 58
23 65
23 73
23 74
23 75
23 91
23 96
23 104
23 105
23 122
23 132
23 133
23 134
23 136
23 141
23 144
23 149
24 30
24 36
24 44
24 49
24 52
24 53
24 54
24 55
24 58
24 61
24 64
24 81
24 85
24 86
24 99
24 105
24 123
24 126
24 132
24 134
24 137
24 146
25 29
25 41
25 46
25 56
25 59
25 60
25 65
25 71
25 72
25 81
25 91
25 94
25 100
25 104
25 108
25 110
25 117
25 123
25 125
25 130
25 133
25 134
25 145
26 30
26 31
26 44
26 45
26 46
26 48
26 57
26 58
26 67
26 82
26 86
26 89
26 92
26 93
26 100
26 101
26 103
26 127
27 29
27 32
27 38
27 43
27 45
27 52
27 53
27 55
27 60
27 61
27 65
27 73
27 79
27 88
27 90
27 93
27 102
27 113
27 114
27 115
27 116
27 132
27 138
27 147
28 29
28 34
28 37
28 45
28 46
28 47
28 53
28 66
28 69
28 88
28 91
28 92
28 98
28 101
28 106
28 110
28 116
28 123
28 125
28 129
28 131
28 144
29 35
29 42
29 44
29 47
29 49
29 50
29 68
29 72
29 101
29 103
29 116
29 118
29 127
29 132
29 145
30 32
30 46
30 49
30 56
30 70
30 71
30 81
30 85
30 92
30 93
30 99
30 107
30 111
30 117
30 122
30 125
30 127
30 140
30 145
31 32
31 33
31 38
31 40
31 45
31 46
31 50
31 56
31 60
31 62
31 66
31 70
31 75
31 80
31 86
31 87
31 95
31 108
31 109
31 112
31 114
31 119
31 120
31 122
31 125
31 126
31 129
31 131
31 138
31 139
31 143
32 35
32 37
32 40
32 43
32 44
32 49
32 67
32 68
32 78
32 80
32 81
32 85
32 91
32 94
32 105
32 114
32 116
32 122
32 130
32 131
32 137
32 141
32 144
32 147
32 149
33 38
33 42
33 46
33 53
33 55
33 58
33 59
33 74
33 76
33 97
33 98
33 107
33 127
33 132
33 133
33 137
33 138
33 139
33 142
33 147
34 35
34 39
34 55
34 63
34 80
34 83
34 87
34 88
34 97
34 99
34 114
34 115
34 123
34 126
34 128
34 132
34 134
35 39
35 40
35 42
35 45
35 47
35 49
35 58
35 59
35 67
35 74
35 75
35 85
35 91
35 95
35 98
35 103
35 106
35 111
35 113
35 115
35 120
35 122
35 133
35 142
35 147
36 42
36 52
36 55
36 57
36 59
36 79
36 83
36 92
36 95
36 98
36 106
36 108
36 116
36 118
36 127
36 135
36 136
36 146
36 149
37 38
37 42
37 44
37 46
37 53
37 60
37 68
37 75
37 78
37 88
37 89
37 93
37 97
37 101
37 102
37 105
37 108
37 110
37 122
37 125
37 128
37 129
37 132
37 134
37 142
37 143
37 147
38 41
38 42
38 49
38 54
38 68
38 77
38 81
38 99
38 100
38 101
38 106
38 116
38 117
38 118
38 119
38 135
38 141
38 142
38 148
39 48
39 55
39 60
39 73
39 76
39 77
39 92
39 95
39 97
39 99
39 101
39 105
39 106
39 113
39 114
39 116
39 124
39 127
39 132
39 136
39 144
39 147
39 148
39 149
40 45
40 48
40 49
40 55
40 56
40 57
40 60
40 63
40 64
40 68
40 71
40 74
40 88
40 89
40 97
40 101
40 102
40 112
40 114
40 118
40 120
40 122
40 123
40 124
40 130
40 132
40 133
40 142
40 145
40 149
41 42
41 49
41 61
41 65
41 70
41 77
41 87
41 97
41 107
41 109
41 111
41 135
41 144
41 147
42 46
42 52
42 65
42 73
42 81
42 83
42 95
42 100
42 107
42 108
42 117
42 125
42 127
42 131
42 133
42 149
43 45
43 56
43 65
43 73
43 92
43 93
43 99
43 129
43 132
43 134
44 46
44 47
44 62
44 65
44 73
44 76
44 84
44 86
44 88
44 91
44 92
44 95
44 103
44 107
44 108
44 110
44 123
44 125
44 130
44 142
44 147
45 57
45 67
45 68
45 78
45 83
45 85
45 96
45 102
45 104
45 105
45 113
45 115
45 116
45 117
45 120
45 126
45 132
45 143
45 147
46 56
46 60
46 62
46 74
46 82
46 83
46 84
46 94
46 99
46 103
46 104
46 120
46 137
46 139
46 145
46 147
47 55
47 59
47 61
47 66
47 81
47 95
47 98
47 99
47 104
47 105
47 106
47 120
47 136
48 51
48 55
48 57
48 63
48 68
48 89
48 93
48 95
48 98
48 99
48 101
48 103
48 106
48 115
48 126
48 128
48 131
48 132
48 134
48 136
48 138
48 147
49 51
49 60
49 69
49 74
49 75
49 76
49 78
49 79
49 80
49 87
49 101
49 105
49 106
49 108
49 113
49 114
49 118
49 120
49 121
49 122
49 123
49 127
49 128
49 139
49 142
49 143
49 144
49 145
49 147
50 55
50 59
50 80
50 83
50 85
50 90
50 92
50 94
50 103
50 104
50 105
50 110
50 115
50 125
50 134
50 139
51 61
51 62
51 63
51 80
51 81
51 89
51 100
51 106
51 109
51 111
51 112
51 117
51 120
51 126
51 132
51 135
52 57
52 58
52 59
52 69
52 76
52 78
52 79
52 82
52 85
52 88
52 89
52 92
52 100
52 103
52 114
52 125
52 127
52 139
52 140
52 143
52 146
52 148
53 61
53 67
53 72
53 74
53 77
53 78
53 80
53 81
53 92
53 95
53 108
53 109
53 110
53 124
53 128
53 129
53 131
53 134
53 136
53 139
53 148
53 149
54 57
54 62
54 65
54 66
54 70
54 75
54 76
54 80
54 81
54 85
54 87
54 90
54 94
54 98
54 101
54 103
54 107
54 119
54 128
54 134
54 136
54 137
54 141
54 142
54 147
55 57
55 63
55 66
55 67
55 74
55 75
55 76
55 81
55 86
55 87
55 89
55 101
55 104
55 105
55 107
55 113
55 114
55 119
55 122
55 132
55 140
55 141
56 59
56 61
56 66
56 77
56 78
56 100
56 102
56 103
56 105
56 112
56 117
56 124
56 125
56 136
56 142
56 143
56 145
56 146
56 149
57 64
57 81
57 82
57 83
57 84
57 93
57 100
57 102
57 104
57 112
57 119
57 124
57 129
57 147
58 59
58 60
58 71
58 75
58 77
58 91
58 99
58 101
58 104
58 106
58 115
58 116
58 118
58 124
58 132
58 133
58 134
58 139
58 140
58 141
58 142
58 145
58 146
59 61
59 66
59 67
59 69
59 80
59 86
59 87
59 88
59 89
59 91
59 93
59 99
59 112
59 118
59 119
59 127
59 128
59 131
59 138
59 140
59 144
60 67
60 70
60 75
60 76
60 78
60 79
60 84
60 87
60 90
60 94
60 97
60 100
60 105
60 110
60 112
60 121
60 122
60 126
60 128
60 129
60 131
60 133
60 145
61 63
61 78
61 81
61 83
61 84
61 86
61 91
61 96
61 103
61 115
61 125
61 128
61 129
61 130
61 131
61 136
61 140
61 143
61 147
61 149
62 63
62 64
62 71
62 78
62 98
62 100
62 106
62 107
62 115
62 119
62 120
62 121
62 130
62 138
62 147
63 67
63 73
63 77
63 81
63 82
63 92
63 93
63 99
63 103
63 112
63 118
63 121
63 122
63 124
63 127
63 130
63 133
63 136
63 138
63 139
63 147
64 69
64 70
64 78
64 83
64 85
64 97
64 113
64 115
64 117
64 121
64 122
64 130
64 135
64 137
64 140
65 71
65 78
65 87
65 88
65 100
65 102
65 142
65 143
65 144
65 148
66 70
66 71
66 72
66 73
66 76
66 79
66 82
66 84
66 93
66 96
66 98
66 100
66 102
66 105
66 110
66 117
66 119
66 127
66 129
66 134
67 68
67 71
67 82
67 85
67 89
67 97
67 101
67 111
67 117
67 119
67 128
68 70
68 75
68 76
68 79
68 81
68 91
68 93
68 94
68 98
68 101
68 104
68 112
68 113
68 115
68 117
68 120
68 121
68 130
68 133
68 137
68 141
68 149
69 72
69 75
69 81
69 83
69 101
69 102
69 109
69 113
69 115
69 121
69 128
69 129
69 140
69 142
70 71
70 74
70 76
70 82
70 93
70 96
70 98
70 100
70 105
70 108
70 109
70 111
70 112
70 126
70 132
70 134
70 136
71 81
71 102
71 105
71 106
71 111
71 115
71 138
71 139
72 74
72 75
72 77
72 84
72 88
72 95
72 98
72 99
72 108
72 117
72 119
72 123
72 126
72 129
72 132
72 133
72 135
73 75
73 78
73 87
73 89
73 97
73 108
73 110
73 113
73 124
73 128
73 133
73 139
73 140
73 148
74 87
74 90
74 94
74 95
74 97
74 109
74 129
74 135
74 141
74 145
75 86
75 90
75 97
75 99
75 100
75 103
75 108
75 112
75 115
75 120
75 121
75 124
75 127
75 141
76 81
76 86
76 92
76 96
76 97
76 100
76 103
76 105
76 108
76 112
76 113
76 118
76 123
76 128
76 132
76 143
76 148
76 149
77 93
77 94
77 97
77 98
77 102
77 105
77 110
77 126
77 127
77 139
77 144
77 147
77 149
78 80
78 92
78 95
78 98
78 104
78 116
78 122
78 124
78 133
78 137
78 141
78 144
78 145
79 94
79 95
79 101
79 104
79 106
79 111
79 112
79 113
79 115
79 116
79 117
79 121
79 125
79 129
79 132
79 133
79 136
79 143
80 84
80 86
80 87
80 89
80 99
80 103
80 105
80 123
80 128
80 136
80 137
80 149
81 104
81 105
81 107
81 117
81 122
81 123
81 129
81 139
81 141
81 142
81 143
82 88
82 98
82 101
82 103
82 112
82 115
82 122
82 123
82 129
82 134
83 87
83 89
83 112
83 119
83 122
83 132
83 140
83 145
84 88
84 92
84 108
84 117
84 121
84 122
84 125
84 126
84 127
84 129
84 135
84 146
84 149
85 90
85 95
85 108
85 113
85 114
85 117
85 132
85 145
85 146
85 149
86 95
86 98
86 100
86 101
86 106
86 108
86 119
86 120
86 122
86 124
86 134
87 92
87 114
87 117
87 118
87 122
87 125
87 127
87 128
87 129
87 132
87 136
87 139
87 140
87 147
88 90
88 102
88 108
88 120
88 125
88 127
88 129
88 131
88 132
88 140
88 143
88 146
89 91
89 94
89 98
89 105
89 108
89 111
89 118
89 120
89 125
89 126
89 132
89 140
89 143
89 145
90 92
90 93
90 95
90 96
90 97
90 98
90 100
90 105
90 109
90 116
90 117
90 118
90 119
90 138
90 147
91 101
91 104
91 107
91 108
91 129
91 132
91 135
91 138
91 144
91 148
92 97
92 102
92 112
92 115
92 119
92 122
92 123
92 135
92 141
93 107
93 113
93 114
93 118
93 128
93 129
93 131
93 134
93 139
93 141
93 146
94 96
94 101
94 102
94 106
94 107
94 122
94 123
94 129
94 132
94 134
94 149
95 96
95 106
95 117
95 119
95 138
95 143
96 100
96 103
96 120
96 123
96 125
96 128
97 98
97 100
97 101
97 102
97 105
97 113
97 120
97 128
97 133
97 139
97 144
98 106
98 108
98 112
98 117
98 118
98 124
98 132
98 133
98 134
98 136
98 138
98 139
98 146
98 147
99 101
99 112
99 113
99 122
99 127
99 140
99 141
99 143
99 147
100 103
100 105
100 107
100 108
100 110
100 113
100 114
100 117
100 121
100 125
100 129
100 133
100 136
101 109
101 117
101 122
101 127
101 130
101 133
101 136
101 137
101 140
101 144
102 120
102 124
102 132
102 133
103 104
103 118
103 119
103 125
103 129
103 133
103 134
103 135
103 136
103 142
104 110
104 130
104 136
104 140
104 142
105 106
105 112
105 113
105 121
105 122
105 127
105 130
105 134
105 135
105 137
105 138
105 143
105 147
106 107
106 127
106 133
106 138
106 142
107 109
107 114
107 120
107 124
107 127
107 131
107 134
107 136
107 138
107 145
107 146
107 149
108 113
108 124
108 131
108 133
108 134
108 136
108 138
108 142
108 143
108 145
108 147
108 149
109 120
109 128
109 143
110 112
110 119
110 128
110 129
110 131
110 133
110 138
111 133
111 136
111 149
112 120
112 125
112 132
112 139
112 140
112 148
113 115
113 121
113 126
113 130
113 137
113 139
113 144
113 145
113 146
114 118
114 120
114 143
115 121
115 125
115 126
115 127
115 134
115 144
115 145
115 147
115 149
116 118
116 120
116 131
116 132
116 133
116 145
117 120
117 135
117 142
117 143
118 120
118 136
118 143
118 149
119 120
119 125
119 126
119 131
119 132
119 134
119 135
119 137
120 122
120 127
120 129
120 135
120 142
120 144
120 146
121 122
121 143
121 145
121 147
122 126
122 129
122 130
122 136
122 145
122 147
123 132
123 135
124 129
124 137
124 144
124 145
125 126
125 130
125 138
126 135
126 137
126 139
126 142
126 149
127 129
127 132
127 138
127 143
128 130
128 132
128 133
128 136
128 137
128 143
128 144
128 147
128 148
128 149
129 132
129 145
129 146
130 136
130 137
130 138
130 144
130 149
131 132
131 133
131 135
131 141
131 143
131 144
131 146
131 148
131 149
132 135
132 137
132 144
133 139
133 143
135 139
136 143
136 146
137 141
137 143
138 139
138 143
138 148
139 144
140 147
143 144
145 146
62 85 111 133 128 44 19 34 91 22 81 102 36 135 54 84 47 68 37 88 78 61 123 25 100 92 18 110 4 56 38 126 32 95 0 134 114 29 145 108 143 58 103 69 87
24 57 118 11 80 140 109 6 142 50 146 74 75 138 132 23 77 17 90 52 14 8 28 65 13 45 27 9 26 21 129 97 141 96 127 83 15 94 63 30 131 71 105 116 136
107 43 31 120 144 104 98 99 40 149 70 124 113 7 139 125 12 64 46 5 93 60 86 121 148 42 137 55 89 59 67 122 101 115 2 35 82 72 79 39 10 76 66 41 1
117 73 130 51 48 20 49 147 106 16 112 3 33 119 53
