150
1145
10
0 15
0 24
0 26
0 33
0 37
0 43
0 55
0 70
0 72
0 73
0 77
0 83
0 91
0 104
0 123
0 126
0 129
1 5
1 19
1 28
1 50
1 59
1 61
1 74
1 75
1 90
1 97
1 100
1 107
1 133
1 134
1 135
1 140
1 148
2 24
2 38
2 39
2 42
2 52
2 54
2 83
2 93
2 97
2 101
2 103
2 112
2 115
2 116
2 127
2 143
3 15
3 22
3 29
3 46
3 47
3 57
3 65
3 76
3 77
3 84
3 89
3 123
3 126
3 147
3 148
4 25
4 43
4 51
4 59
4 65
4 67
4 77
4 87
4 99
4 110
4 114
4 129
4 135
4 137
4 146
5 12
5 18
5 20
5 32
5 74
5 88
5 96
5 103
5 105
5 111
5 128
5 134
5 143
5 148
6 14
6 15
6 25
6 35
6 37
6 44
6 48
6 59
6 65
6 99
6 106
6 109
6 114
6 131
6 137
7 9
7 12
7 14
7 18
7 28
7 35
7 56
7 73
7 84
7 95
7 104
7 108
7 115
7 116
7 123
7 127
7 134
7 145
8 11
8 19
8 26
8 27
8 28
8 33
8 40
8 75
8 87
8 95
8 96
8 123
8 130
8 142
8 143
9 10
9 17
9 21
9 28
9 32
9 37
9 39
9 45
9 59
9 60
9 62
9 69
9 76
9 84
9 94
9 99
9 106
9 116
9 124
10 15
10 41
10 45
10 66
10 69
10 74
10 81
10 85
10 94
10 136
10 139
10 143
11 25
11 37
11 60
11 67
11 69
11 70
11 80
11 85
11 96
11 97
11 105
11 135
11 137
11 145
12 35
12 37
12 45
12 55
12 76
12 84
12 86
12 93
12 111
12 114
12 119
12 132
12 148
13 21
13 24
13 29
13 30
13 38
13 40
13 44
13 59
13 70
13 81
13 88
13 94
13 104
13 106
13 119
13 120
13 121
13 123
13 129
13 140
13 143
14 16
14 27
14 34
14 36
14 44
14 74
14 89
14 90
14 93
14 96
14 107
14 121
14 147
15 17
15 23
15 35
15 36
15 42
15 53
15 56
15 58
15 59
15 70
15 72
15 80
15 91
15 100
15 109
15 122
15 124
15 125
15 135
16 28
16 41
16 48
16 50
16 53
16 55
16 60
16 74
16 92
16 112
16 121
16 131
16 134
16 135
16 148
17 26
17 30
17 35
17 43
17 44
17 51
17 79
17 90
17 110
17 115
17 116
17 118
17 126
17 128
17 145
18 36
18 42
18 45
18 60
18 70
18 83
18 104
18 105
18 118
18 123
18 132
19 28
19 44
19 55
19 84
19 85
19 86
19 103
19 143
20 56
20 64
20 74
20 91
20 141
21 30
21 64
21 72
21 88
21 115
21 122
21 138
21 141
22 27
22 39
22 43
22 48
22 49
22 51
22 69
22 74
22 88
22 91
22 92
22 109
22 113
22 119
22 129
22 139
22 144
23 34
23 45
23 59
23 62
23 65
23 66
23 86
23 106
23 108
23 109
23 115
23 121
23 129
23 132
23 133
23 141
23 148
24 34
24 45
24 58
24 74
24 77
24 79
24 102
24 116
24 120
24 123
24 124
24 127
24 128
24 137
25 28
25 38
25 41
25 44
25 57
25 67
25 78
25 79
25 89
25 105
25 110
25 114
25 115
25 127
25 131
26 47
26 61
26 65
26 78
26 81
26 86
26 100
26 121
26 127
26 139
27 30
27 42
27 44
27 47
27 49
27 65
27 66
27 75
27 77
27 90
27 91
27 94
27 96
27 98
27 123
28 30
28 32
28 58
28 63
28 65
28 70
28 87
28 90
28 141
28 149
29 52
29 61
29 62
29 64
29 71
29 72
29 80
29 95
29 96
29 137
29 138
30 32
30 35
30 36
30 38
30 45
30 48
30 57
30 59
30 66
30 71
30 74
30 84
30 90
30 139
30 141
31 34
31 39
31 40
31 88
31 92
31 109
31 115
31 117
31 132
31 138
31 141
31 144
32 35
32 72
32 84
32 87
32 90
32 93
32 128
32 132
32 133
32 136
32 146
32 148
33 34
33 49
33 51
33 55
33 67
33 68
33 77
33 85
33 120
33 126
33 131
34 38
34 50
34 61
34 63
34 80
34 83
34 89
34 91
34 100
34 114
34 140
35 40
35 50
35 88
35 89
35 113
35 120
35 123
35 134
35 147
36 51
36 54
36 64
36 73
36 82
36 84
36 87
36 94
36 107
36 108
36 121
36 124
36 127
36 142
36 145
37 46
37 71
37 83
37 95
37 109
37 116
37 119
37 123
37 126
38 65
38 104
38 108
38 111
38 119
38 128
38 130
38 138
38 139
38 141
38 142
38 144
38 145
38 148
39 65
39 107
39 112
39 115
39 117
39 123
39 129
39 133
39 139
39 140
39 143
40 45
40 51
40 57
40 63
40 101
40 114
40 124
40 130
40 132
40 135
40 141
41 43
41 52
41 76
41 81
41 86
41 93
41 99
41 106
41 110
41 115
41 125
41 130
41 137
42 53
42 72
42 74
42 83
42 85
42 94
42 104
42 105
42 113
42 115
42 117
42 119
42 130
42 138
42 143
42 149
43 48
43 60
43 74
43 82
43 88
43 89
43 91
43 93
43 98
43 112
43 114
43 115
43 129
43 134
43 140
44 49
44 54
44 69
44 75
44 78
44 94
44 103
44 114
44 122
44 135
44 139
44 140
45 52
45 53
45 60
45 63
45 98
45 99
45 106
45 118
45 121
45 123
45 143
45 146
46 54
46 58
46 66
46 86
46 98
46 100
46 101
46 102
46 111
46 112
46 113
46 134
46 146
46 147
47 51
47 59
47 73
47 74
47 76
47 77
47 97
47 105
47 114
47 118
47 120
47 121
47 122
47 146
48 50
48 57
48 73
48 74
48 75
48 83
48 96
48 105
48 138
48 143
48 148
49 75
49 142
49 144
50 54
50 55
50 67
50 69
50 76
50 100
50 114
50 119
50 122
50 130
50 145
50 147
51 53
51 63
51 68
51 84
51 88
51 92
51 93
51 97
51 100
51 103
51 136
51 138
51 139
51 140
52 68
52 72
52 86
52 96
52 137
52 144
52 146
53 72
53 79
53 82
53 90
53 91
53 113
53 115
53 118
53 133
53 146
53 147
54 64
54 74
54 83
54 84
54 85
54 93
54 96
54 97
54 110
54 114
54 115
54 145
55 56
55 59
55 64
55 70
55 78
55 79
55 81
55 89
55 93
55 102
55 110
55 112
55 113
55 116
55 121
55 130
56 67
56 71
56 72
56 78
56 101
56 107
56 116
56 124
57 61
57 70
57 76
57 87
57 94
57 96
57 100
57 103
57 111
58 62
58 63
58 87
58 88
58 101
58 121
58 135
58 140
59 67
59 69
59 80
59 81
59 113
59 119
60 75
60 80
60 82
60 83
60 86
60 106
60 127
60 136
61 63
61 65
61 67
61 69
61 77
61 93
61 132
61 140
62 63
62 83
62 90
62 98
62 100
62 118
62 132
62 133
63 82
63 90
63 98
63 100
63 123
63 128
63 130
63 132
64 68
64 75
64 105
64 108
64 141
64 149
65 68
65 81
65 97
65 127
65 141
65 144
65 145
66 92
66 101
66 103
66 112
66 114
66 117
66 126
66 141
67 100
67 139
67 149
68 71
68 73
68 74
68 84
68 101
68 109
68 117
68 129
68 132
68 149
69 70
69 71
69 77
69 92
69 94
69 98
69 101
69 103
69 109
69 110
69 121
69 129
69 135
69 148
70 72
70 98
70 101
70 102
70 128
71 86
71 89
71 104
71 106
71 139
71 148
72 97
72 103
72 117
72 128
73 85
73 109
73 114
73 124
73 133
73 146
74 87
74 100
74 102
74 121
74 124
74 134
74 135
74 138
74 140
74 142
74 144
74 149
75 87
75 122
75 127
75 136
75 148
76 81
76 86
76 96
76 115
76 126
76 136
76 137
76 142
77 87
77 91
77 99
77 112
77 114
77 128
78 79
78 80
78 84
78 90
78 96
78 103
78 127
78 133
78 145
79 86
79 106
79 113
79 129
79 133
79 140
80 82
80 83
80 103
80 108
80 128
80 137
80 138
81 92
81 108
81 109
81 117
81 124
81 135
82 96
82 104
82 125
82 129
82 131
82 137
83 107
83 109
83 116
83 124
83 128
83 134
83 138
84 87
84 110
84 116
84 126
84 145
84 146
85 94
85 97
85 98
85 99
85 103
85 118
85 128
85 135
86 113
86 121
86 122
86 127
87 99
87 111
87 113
87 127
87 138
87 142
88 111
88 117
88 121
88 140
89 106
89 108
89 118
89 128
89 138
89 144
90 99
90 123
91 94
91 101
91 117
91 127
91 134
91 137
91 143
91 144
92 93
92 117
92 131
92 143
92 148
92 149
93 107
93 110
93 114
93 118
93 121
93 124
93 135
94 147
95 105
95 114
95 115
95 122
95 123
95 140
95 144
96 97
96 110
96 111
96 116
96 123
96 137
96 140
96 141
97 100
97 117
97 137
97 140
98 103
98 106
98 108
98 124
98 129
98 147
98 148
98 149
99 105
99 109
99 116
99 119
99 125
100 105
100 112
100 115
100 125
100 140
101 109
101 119
101 139
101 142
101 148
102 110
102 118
102 121
102 126
102 142
103 111
103 131
103 137
103 142
104 108
104 109
105 106
105 128
105 140
105 148
106 120
106 141
107 111
107 117
107 126
107 130
107 134
107 135
107 142
107 144
108 116
108 118
108 127
108 135
109 111
109 112
109 120
109 124
110 114
110 124
110 129
110 133
110 134
110 144
111 114
111 125
111 143
112 118
112 124
112 138
112 147
113 121
113 125
113 135
113 137
114 124
114 131
114 145
115 119
115 132
115 147
116 125
117 121
117 126
118 143
118 145
118 147
118 149
119 127
119 129
119 130
119 138
120 128
121 141
122 136
122 142
123 129
123 143
124 147
124 148
126 130
126 132
126 133
126 135
127 130
128 148
129 139
131 133
131 140
131 141
132 133
132 135
132 137
132 147
132 148
134 135
134 136
135 140
135 142
135 144
136 148
137 138
137 143
137 144
137 146
139 145
140 143
141 146
141 148
146 148
146 116 125 39 124 115 143 99 28 62 52 90 36 5 53
107 58 17 26 13 55 103 72 141 85 19 1 105 10 83
60 117 57 97 48 65 8 74 149 148 80 123 24 121 54
104 40 132 84 76 147 69 73 93 37 22 134 70 71 130
102 30 94 46 114 44 86 77 136 145 129 111 110 61 126
88 14 11 38 127 23 29 98 0 100 82 91 43 75 81
50 25 101 56 42 21 108 138 16 49 79 20 119 6 68
128 92 135 67 27 7 32 137 2 15 45 63 140 118 95
113 109 112 133 9 3 106 12 122 78 35 96 66 144 59
47 87 142 34 89 18 51 120 41 64 139 4 31 33 131
