130
4198
22
0 1
0 2
0 6
0 8
0 9
0 11
0 15
0 17
0 21
0 22
0 23
0 26
0 28
0 29
0 31
0 32
0 39
0 40
0 41
0 42
0 43
0 49
0 50
0 51
0 57
0 58
0 59
0 62
0 63
0 64
0 65
0 66
0 67
0 72
0 73
0 75
0 77
0 79
0 89
0 93
0 95
0 96
0 97
0 99
0 101
0 105
0 106
0 111
0 112
0 114
0 119
0 120
0 121
0 122
0 124
0 128
0 129
1 6
1 9
1 10
1 13
1 15
1 18
1 19
1 22
1 29
1 30
1 32
1 35
1 37
1 38
1 39
1 43
1 45
1 47
1 51
1 52
1 53
1 54
1 55
1 56
1 57
1 59
1 60
1 61
1 62
1 63
1 66
1 68
1 71
1 74
1 78
1 81
1 83
1 84
1 86
1 88
1 89
1 92
1 93
1 94
1 97
1 104
1 105
1 106
1 109
1 112
1 113
1 116
1 117
1 118
1 121
1 122
1 126
1 127
1 128
1 129
2 4
2 5
2 6
2 8
2 9
2 10
2 14
2 18
2 20
2 24
2 28
2 29
2 32
2 33
2 34
2 36
2 38
2 40
2 48
2 51
2 52
2 53
2 54
2 57
2 58
2 59
2 62
2 63
2 64
2 70
2 71
2 73
2 75
2 76
2 77
2 79
2 84
2 86
2 88
2 89
2 90
2 92
2 93
2 94
2 95
2 96
2 98
2 101
2 102
2 105
2 109
2 110
2 114
2 115
2 116
2 118
2 119
2 120
2 121
2 125
2 126
2 128
3 4
3 7
3 11
3 12
3 15
3 16
3 17
3 19
3 22
3 23
3 25
3 26
3 28
3 29
3 35
3 36
3 37
3 40
3 48
3 49
3 50
3 62
3 64
3 67
3 68
3 69
3 71
3 77
3 78
3 79
3 80
3 83
3 85
3 86
3 89
3 91
3 95
3 97
3 100
3 103
3 105
3 106
3 108
3 109
3 110
3 111
3 112
3 118
3 119
3 120
3 121
3 123
3 126
4 5
4 6
4 7
4 10
4 12
4 13
4 14
4 17
4 18
4 19
4 20
4 21
4 25
4 26
4 28
4 37
4 40
4 41
4 45
4 47
4 48
4 57
4 60
4 61
4 62
4 67
4 71
4 73
4 74
4 75
4 76
4 79
4 81
4 82
4 87
4 88
4 90
4 91
4 97
4 98
4 99
4 100
4 103
4 104
4 106
4 107
4 108
4 109
4 110
4 112
4 114
4 115
4 117
4 118
4 119
4 122
4 129
5 6
5 7
5 8
5 11
5 12
5 13
5 14
5 19
5 24
5 25
5 28
5 30
5 31
5 32
5 36
5 37
5 39
5 40
5 41
5 42
5 46
5 47
5 48
5 49
5 53
5 54
5 56
5 58
5 60
5 62
5 64
5 65
5 67
5 69
5 73
5 74
5 75
5 76
5 77
5 78
5 80
5 81
5 83
5 86
5 90
5 91
5 93
5 94
5 97
5 99
5 100
5 103
5 107
5 110
5 112
5 113
5 115
5 116
5 117
6 7
6 8
6 10
6 11
6 12
6 13
6 14
6 15
6 19
6 20
6 22
6 24
6 25
6 27
6 33
6 34
6 35
6 37
6 39
6 40
6 41
6 45
6 46
6 48
6 50
6 56
6 57
6 60
6 61
6 65
6 66
6 68
6 69
6 70
6 71
6 72
6 75
6 79
6 80
6 81
6 83
6 85
6 87
6 88
6 89
6 90
6 92
6 93
6 94
6 95
6 98
6 99
6 101
6 103
6 104
6 106
6 108
6 109
6 110
6 113
6 114
6 115
6 118
6 119
6 120
6 121
6 122
6 123
6 125
6 127
6 128
7 8
7 10
7 11
7 14
7 18
7 22
7 24
7 26
7 27
7 28
7 29
7 30
7 31
7 32
7 33
7 37
7 40
7 45
7 47
7 48
7 49
7 50
7 55
7 56
7 58
7 62
7 63
7 65
7 69
7 71
7 73
7 76
7 77
7 79
7 80
7 81
7 83
7 84
7 85
7 86
7 87
7 88
7 89
7 94
7 95
7 96
7 97
7 98
7 101
7 103
7 106
7 108
7 109
7 112
7 113
7 115
7 118
7 120
7 122
7 126
7 127
7 128
8 9
8 11
8 12
8 15
8 17
8 21
8 22
8 27
8 28
8 31
8 36
8 41
8 44
8 46
8 47
8 48
8 49
8 51
8 52
8 56
8 57
8 59
8 61
8 63
8 64
8 67
8 68
8 70
8 71
8 73
8 76
8 77
8 81
8 83
8 84
8 85
8 86
8 90
8 91
8 92
8 99
8 105
8 108
8 110
8 112
8 113
8 116
8 124
8 125
8 126
8 127
8 129
9 11
9 13
9 14
9 15
9 17
9 20
9 21
9 22
9 24
9 25
9 26
9 29
9 30
9 31
9 33
9 35
9 37
9 38
9 43
9 44
9 48
9 50
9 51
9 53
9 55
9 56
9 60
9 63
9 66
9 67
9 69
9 71
9 73
9 74
9 75
9 77
9 78
9 79
9 82
9 83
9 84
9 86
9 87
9 90
9 91
9 93
9 94
9 97
9 98
9 99
9 101
9 102
9 103
9 107
9 108
9 112
9 113
9 115
9 116
9 117
9 120
9 123
9 126
9 127
9 128
10 12
10 15
10 16
10 18
10 19
10 22
10 25
10 27
10 30
10 31
10 32
10 33
10 34
10 39
10 40
10 41
10 44
10 46
10 47
10 48
10 50
10 51
10 57
10 59
10 62
10 67
10 68
10 69
10 71
10 73
10 74
10 77
10 80
10 82
10 84
10 85
10 86
10 88
10 91
10 92
10 93
10 94
10 96
10 97
10 100
10 101
10 102
10 104
10 105
10 108
10 109
10 111
10 112
10 113
10 114
10 115
10 117
10 118
10 119
10 120
10 121
10 124
10 126
10 127
11 15
11 16
11 17
11 19
11 23
11 25
11 27
11 29
11 30
11 32
11 34
11 35
11 38
11 39
11 41
11 43
11 45
11 47
11 48
11 49
11 51
11 52
11 54
11 58
11 60
11 64
11 66
11 67
11 71
11 75
11 81
11 82
11 86
11 87
11 91
11 93
11 94
11 95
11 96
11 97
11 98
11 99
11 100
11 107
11 108
11 110
11 116
11 119
11 121
11 124
11 127
11 128
11 129
12 13
12 14
12 16
12 18
12 19
12 21
12 23
12 26
12 27
12 29
12 32
12 33
12 34
12 35
12 37
12 38
12 39
12 43
12 47
12 51
12 53
12 54
12 55
12 57
12 58
12 61
12 63
12 65
12 66
12 68
12 69
12 70
12 71
12 72
12 73
12 75
12 76
12 77
12 79
12 81
12 82
12 83
12 84
12 85
12 86
12 87
12 88
12 90
12 91
12 93
12 95
12 99
12 102
12 103
12 106
12 107
12 108
12 110
12 111
12 115
12 116
12 117
12 119
12 121
12 125
12 127
12 128
13 14
13 18
13 22
13 25
13 27
13 30
13 31
13 32
13 33
13 34
13 35
13 37
13 43
13 44
13 45
13 47
13 48
13 49
13 51
13 52
13 53
13 55
13 58
13 60
13 62
13 63
13 64
13 67
13 70
13 71
13 72
13 74
13 77
13 78
13 79
13 81
13 82
13 83
13 86
13 89
13 90
13 92
13 93
13 96
13 98
13 99
13 102
13 103
13 104
13 105
13 107
13 109
13 113
13 115
13 116
13 121
13 124
13 125
13 126
13 127
13 128
14 17
14 18
14 19
14 23
14 25
14 26
14 28
14 29
14 30
14 31
14 33
14 34
14 37
14 38
14 42
14 43
14 46
14 47
14 48
14 49
14 50
14 52
14 54
14 55
14 56
14 57
14 58
14 60
14 61
14 63
14 65
14 66
14 69
14 73
14 78
14 79
14 80
14 81
14 83
14 86
14 87
14 89
14 92
14 94
14 97
14 98
14 100
14 101
14 102
14 103
14 106
14 107
14 108
14 111
14 112
14 117
14 118
14 124
14 125
14 126
14 127
14 128
15 25
15 32
15 35
15 36
15 37
15 38
15 39
15 40
15 43
15 44
15 46
15 48
15 49
15 51
15 52
15 53
15 60
15 61
15 62
15 63
15 65
15 66
15 70
15 71
15 73
15 76
15 79
15 81
15 84
15 96
15 98
15 100
15 101
15 102
15 103
15 104
15 106
15 107
15 111
15 113
15 114
15 115
15 117
15 118
15 119
15 120
15 121
15 128
15 129
16 17
16 18
16 21
16 23
16 25
16 28
16 29
16 30
16 34
16 35
16 36
16 38
16 39
16 41
16 43
16 47
16 49
16 52
16 53
16 54
16 55
16 56
16 57
16 59
16 60
16 64
16 68
16 69
16 73
16 76
16 77
16 78
16 81
16 82
16 83
16 84
16 85
16 86
16 88
16 89
16 91
16 93
16 95
16 98
16 99
16 101
16 102
16 103
16 105
16 106
16 107
16 111
16 114
16 115
16 116
16 117
16 118
16 119
16 121
16 122
16 124
16 126
16 128
16 129
17 20
17 21
17 22
17 24
17 25
17 26
17 28
17 30
17 32
17 35
17 36
17 39
17 40
17 41
17 42
17 44
17 46
17 48
17 49
17 50
17 51
17 52
17 53
17 55
17 56
17 58
17 62
17 63
17 65
17 66
17 71
17 72
17 75
17 76
17 78
17 85
17 86
17 88
17 89
17 90
17 93
17 96
17 98
17 99
17 103
17 105
17 106
17 107
17 108
17 109
17 110
17 111
17 112
17 113
17 114
17 116
17 117
17 120
17 121
17 122
17 123
17 125
17 126
17 128
17 129
18 19
18 20
18 21
18 22
18 23
18 28
18 29
18 30
18 32
18 37
18 40
18 43
18 44
18 46
18 49
18 52
18 58
18 59
18 62
18 63
18 65
18 67
18 71
18 72
18 77
18 78
18 79
18 81
18 82
18 83
18 84
18 85
18 86
18 88
18 95
18 97
18 101
18 102
18 103
18 105
18 110
18 114
18 116
18 117
18 121
18 124
18 129
19 20
19 21
19 22
19 23
19 24
19 27
19 28
19 30
19 31
19 36
19 38
19 42
19 46
19 47
19 48
19 49
19 51
19 52
19 53
19 55
19 59
19 61
19 63
19 66
19 68
19 71
19 75
19 80
19 81
19 82
19 83
19 84
19 86
19 88
19 89
19 90
19 93
19 96
19 97
19 100
19 101
19 103
19 105
19 108
19 109
19 111
19 115
19 116
19 117
19 119
19 122
19 124
19 126
19 128
20 23
20 27
20 29
20 31
20 33
20 34
20 37
20 38
20 41
20 42
20 43
20 46
20 47
20 48
20 50
20 51
20 52
20 53
20 56
20 59
20 61
20 66
20 67
20 69
20 72
20 74
20 75
20 76
20 77
20 79
20 81
20 82
20 85
20 86
20 91
20 93
20 94
20 95
20 96
20 97
20 99
20 103
20 106
20 107
20 110
20 113
20 118
20 119
20 121
20 122
20 123
20 125
20 128
21 22
21 23
21 27
21 28
21 32
21 33
21 34
21 42
21 43
21 44
21 46
21 47
21 51
21 52
21 60
21 61
21 62
21 66
21 71
21 72
21 73
21 81
21 82
21 85
21 91
21 92
21 93
21 98
21 99
21 101
21 102
21 103
21 104
21 105
21 106
21 110
21 113
21 114
21 115
21 117
21 118
21 121
21 122
21 123
21 125
21 129
22 24
22 26
22 28
22 33
22 36
22 38
22 40
22 42
22 44
22 46
22 47
22 49
22 50
22 54
22 55
22 56
22 62
22 65
22 66
22 67
22 69
22 72
22 73
22 75
22 78
22 80
22 81
22 88
22 90
22 91
22 92
22 93
22 97
22 106
22 107
22 109
22 110
22 111
22 113
22 115
22 116
22 117
22 118
22 121
22 123
22 127
22 128
23 25
23 27
23 28
23 30
23 31
23 33
23 34
23 35
23 37
23 39
23 40
23 41
23 45
23 47
23 48
23 52
23 53
23 54
23 56
23 58
23 60
23 61
23 63
23 64
23 65
23 68
23 70
23 71
23 75
23 76
23 78
23 79
23 80
23 81
23 83
23 84
23 86
23 87
23 88
23 91
23 92
23 93
23 95
23 96
23 97
23 98
23 99
23 101
23 104
23 105
23 106
23 107
23 109
23 113
23 114
23 115
23 117
23 120
23 123
23 127
23 129
24 26
24 29
24 31
24 34
24 35
24 36
24 37
24 41
24 42
24 44
24 45
24 50
24 52
24 54
24 57
24 60
24 61
24 63
24 66
24 67
24 69
24 73
24 74
24 75
24 77
24 84
24 87
24 88
24 89
24 93
24 94
24 106
24 107
24 108
24 109
24 111
24 115
24 116
24 117
24 120
24 121
24 122
24 124
24 125
24 126
24 127
24 128
24 129
25 27
25 28
25 30
25 31
25 32
25 34
25 36
25 38
25 41
25 42
25 45
25 46
25 49
25 50
25 51
25 52
25 53
25 54
25 55
25 57
25 59
25 64
25 65
25 66
25 67
25 68
25 71
25 72
25 73
25 74
25 75
25 77
25 84
25 87
25 90
25 91
25 96
25 97
25 98
25 101
25 102
25 103
25 104
25 107
25 108
25 110
25 111
25 112
25 114
25 115
25 118
25 122
25 123
25 126
25 127
26 27
26 31
26 34
26 35
26 39
26 40
26 44
26 45
26 46
26 49
26 50
26 51
26 52
26 55
26 56
26 58
26 63
26 68
26 71
26 72
26 73
26 74
26 77
26 81
26 82
26 83
26 86
26 89
26 91
26 92
26 93
26 94
26 95
26 96
26 97
26 98
26 99
26 100
26 101
26 105
26 107
26 108
26 111
26 113
26 114
26 115
26 116
26 117
26 120
26 121
26 122
27 28
27 30
27 31
27 33
27 36
27 37
27 38
27 39
27 43
27 44
27 45
27 47
27 50
27 53
27 55
27 56
27 59
27 61
27 62
27 64
27 66
27 67
27 69
27 72
27 74
27 75
27 76
27 79
27 80
27 81
27 85
27 87
27 88
27 92
27 93
27 94
27 96
27 97
27 98
27 99
27 105
27 106
27 108
27 111
27 115
27 116
27 118
27 120
27 122
27 125
27 128
27 129
28 30
28 31
28 32
28 34
28 35
28 36
28 37
28 40
28 41
28 43
28 44
28 45
28 47
28 48
28 58
28 61
28 62
28 64
28 65
28 69
28 71
28 73
28 74
28 78
28 79
28 80
28 81
28 82
28 83
28 86
28 88
28 90
28 91
28 93
28 94
28 98
28 99
28 101
28 102
28 103
28 104
28 106
28 107
28 109
28 112
28 114
28 115
28 116
28 117
28 119
28 121
28 124
28 125
28 126
28 127
29 30
29 32
29 34
29 36
29 38
29 45
29 47
29 48
29 52
29 54
29 59
29 63
29 64
29 65
29 66
29 70
29 72
29 74
29 75
29 76
29 79
29 80
29 83
29 84
29 85
29 87
29 88
29 91
29 92
29 97
29 105
29 106
29 108
29 112
29 113
29 117
29 118
29 121
29 122
29 123
29 125
29 126
30 31
30 33
30 35
30 36
30 38
30 39
30 43
30 44
30 46
30 47
30 48
30 50
30 51
30 52
30 56
30 63
30 68
30 71
30 73
30 79
30 80
30 82
30 85
30 87
30 88
30 91
30 95
30 96
30 97
30 99
30 101
30 102
30 109
30 114
30 115
30 118
30 121
30 122
30 123
30 124
30 126
31 32
31 34
31 39
31 40
31 41
31 43
31 44
31 46
31 48
31 51
31 52
31 54
31 56
31 57
31 59
31 62
31 66
31 68
31 72
31 74
31 75
31 76
31 77
31 79
31 80
31 81
31 82
31 97
31 99
31 102
31 103
31 106
31 108
31 109
31 110
31 111
31 113
31 117
31 118
31 119
31 120
31 121
31 124
31 125
31 127
32 33
32 35
32 37
32 39
32 41
32 43
32 45
32 49
32 51
32 52
32 57
32 58
32 61
32 65
32 67
32 68
32 69
32 70
32 71
32 78
32 79
32 80
32 86
32 92
32 93
32 95
32 99
32 100
32 102
32 103
32 104
32 105
32 106
32 110
32 112
32 114
32 122
32 125
32 127
32 128
32 129
33 34
33 35
33 40
33 41
33 42
33 43
33 44
33 45
33 47
33 49
33 50
33 55
33 56
33 59
33 60
33 63
33 64
33 65
33 66
33 67
33 68
33 74
33 76
33 79
33 82
33 85
33 87
33 88
33 89
33 91
33 92
33 93
33 94
33 99
33 101
33 103
33 104
33 108
33 110
33 111
33 112
33 113
33 114
33 115
33 116
33 118
33 120
33 122
33 124
33 126
34 37
34 38
34 39
34 41
34 42
34 44
34 47
34 51
34 56
34 57
34 58
34 61
34 62
34 63
34 64
34 65
34 68
34 71
34 79
34 86
34 87
34 88
34 94
34 96
34 99
34 100
34 102
34 104
34 105
34 106
34 107
34 108
34 109
34 110
34 111
34 113
34 114
34 116
34 118
34 119
34 120
34 125
34 128
34 129
35 36
35 37
35 41
35 42
35 44
35 46
35 47
35 48
35 51
35 56
35 57
35 58
35 60
35 62
35 65
35 67
35 69
35 70
35 71
35 73
35 75
35 77
35 80
35 82
35 87
35 91
35 93
35 95
35 97
35 98
35 103
35 106
35 107
35 108
35 109
35 111
35 115
35 116
35 118
35 119
35 120
35 121
35 122
35 124
35 125
35 127
35 128
36 37
36 38
36 40
36 42
36 43
36 44
36 45
36 47
36 51
36 53
36 54
36 55
36 56
36 57
36 59
36 60
36 61
36 62
36 66
36 68
36 70
36 74
36 78
36 79
36 83
36 86
36 87
36 88
36 90
36 93
36 94
36 95
36 97
36 100
36 104
36 105
36 106
36 108
36 111
36 112
36 115
36 117
36 119
36 120
36 121
36 122
36 124
36 128
36 129
37 39
37 40
37 41
37 45
37 46
37 47
37 50
37 51
37 53
37 54
37 55
37 58
37 59
37 62
37 63
37 65
37 67
37 70
37 73
37 77
37 78
37 80
37 81
37 82
37 83
37 84
37 86
37 89
37 90
37 94
37 95
37 99
37 100
37 101
37 103
37 105
37 107
37 108
37 111
37 112
37 116
37 118
37 121
37 123
37 126
37 127
37 128
38 40
38 42
38 46
38 50
38 52
38 54
38 55
38 56
38 59
38 60
38 61
38 66
38 67
38 68
38 71
38 72
38 74
38 77
38 81
38 82
38 84
38 93
38 94
38 95
38 97
38 100
38 101
38 102
38 105
38 107
38 108
38 109
38 110
38 112
38 113
38 115
38 119
38 121
38 122
38 124
38 125
38 126
38 127
38 128
39 40
39 41
39 42
39 44
39 46
39 51
39 52
39 54
39 55
39 56
39 61
39 62
39 63
39 65
39 67
39 68
39 69
39 70
39 71
39 73
39 74
39 76
39 81
39 82
39 84
39 88
39 89
39 90
39 91
39 95
39 97
39 98
39 99
39 101
39 103
39 104
39 105
39 106
39 114
39 117
39 118
39 119
39 122
39 124
39 125
39 127
39 128
39 129
40 43
40 44
40 50
40 52
40 56
40 57
40 61
40 65
40 66
40 67
40 69
40 72
40 74
40 76
40 77
40 80
40 81
40 82
40 86
40 87
40 89
40 91
40 92
40 93
40 95
40 96
40 97
40 102
40 103
40 104
40 107
40 109
40 113
40 114
40 116
40 117
40 119
40 120
40 121
40 124
40 126
40 128
40 129
41 43
41 44
41 45
41 47
41 50
41 52
41 54
41 60
41 61
41 62
41 63
41 65
41 68
41 70
41 71
41 72
41 74
41 75
41 76
41 77
41 79
41 80
41 81
41 82
41 83
41 84
41 85
41 86
41 87
41 88
41 89
41 91
41 92
41 97
41 98
41 99
41 102
41 104
41 105
41 108
41 109
41 110
41 113
41 116
41 118
41 119
41 124
41 127
42 43
42 44
42 45
42 46
42 57
42 59
42 60
42 62
42 63
42 68
42 70
42 72
42 73
42 74
42 75
42 76
42 82
42 83
42 84
42 85
42 88
42 89
42 91
42 92
42 93
42 94
42 100
42 101
42 102
42 108
42 109
42 110
42 111
42 112
42 114
42 116
42 117
42 118
42 119
42 120
42 122
42 125
42 127
42 129
43 45
43 46
43 49
43 51
43 54
43 56
43 58
43 61
43 62
43 63
43 64
43 68
43 73
43 74
43 75
43 85
43 87
43 89
43 92
43 93
43 95
43 98
43 99
43 104
43 107
43 110
43 111
43 113
43 114
43 115
43 116
43 119
43 125
43 126
43 128
43 129
44 56
44 57
44 59
44 64
44 65
44 66
44 68
44 69
44 70
44 71
44 72
44 74
44 75
44 76
44 77
44 81
44 83
44 85
44 90
44 92
44 93
44 94
44 96
44 98
44 102
44 104
44 106
44 107
44 113
44 114
44 117
44 120
44 124
44 125
44 129
45 52
45 53
45 54
45 57
45 58
45 59
45 60
45 61
45 64
45 66
45 67
45 68
45 71
45 72
45 73
45 74
45 78
45 79
45 83
45 84
45 86
45 88
45 91
45 92
45 93
45 95
45 98
45 102
45 104
45 105
45 107
45 108
45 109
45 110
45 112
45 113
45 114
45 116
45 117
45 119
45 120
45 123
45 126
46 47
46 48
46 49
46 50
46 51
46 55
46 60
46 61
46 67
46 69
46 71
46 72
46 73
46 75
46 76
46 78
46 79
46 81
46 82
46 84
46 87
46 88
46 90
46 91
46 93
46 95
46 96
46 97
46 99
46 100
46 101
46 102
46 105
46 109
46 110
46 113
46 114
46 116
46 121
46 125
46 127
46 128
46 129
47 48
47 49
47 50
47 51
47 52
47 53
47 54
47 56
47 60
47 63
47 65
47 70
47 74
47 75
47 80
47 81
47 83
47 85
47 86
47 87
47 88
47 90
47 91
47 92
47 93
47 96
47 99
47 101
47 102
47 104
47 105
47 106
47 108
47 109
47 111
47 114
47 115
47 117
47 118
47 119
47 122
47 123
47 124
47 125
47 127
47 128
47 129
48 52
48 54
48 56
48 59
48 62
48 67
48 69
48 70
48 71
48 72
48 73
48 78
48 81
48 93
48 95
48 96
48 97
48 98
48 99
48 101
48 106
48 113
48 114
48 115
48 116
48 117
48 119
48 122
48 123
48 124
48 128
49 50
49 51
49 53
49 55
49 57
49 59
49 65
49 68
49 69
49 72
49 75
49 77
49 82
49 83
49 84
49 86
49 87
49 88
49 90
49 91
49 92
49 93
49 95
49 97
49 102
49 103
49 106
49 107
49 109
49 111
49 112
49 114
49 116
49 118
49 119
49 120
49 121
49 123
49 124
49 125
49 126
49 127
49 128
49 129
50 51
50 52
50 53
50 54
50 55
50 57
50 58
50 59
50 61
50 62
50 63
50 66
50 67
50 69
50 70
50 71
50 75
50 78
50 81
50 82
50 84
50 86
50 88
50 91
50 95
50 96
50 97
50 98
50 101
50 104
50 105
50 106
50 108
50 109
50 111
50 112
50 114
50 115
50 117
50 118
50 121
50 122
50 124
50 125
50 127
50 129
51 54
51 57
51 58
51 59
51 62
51 63
51 66
51 67
51 69
51 70
51 72
51 75
51 77
51 79
51 82
51 84
51 87
51 92
51 94
51 95
51 96
51 97
51 98
51 99
51 100
51 102
51 105
51 108
51 110
51 115
51 116
51 117
51 119
51 122
52 54
52 55
52 56
52 59
52 61
52 62
52 64
52 66
52 67
52 68
52 69
52 70
52 72
52 73
52 76
52 77
52 78
52 80
52 82
52 85
52 91
52 93
52 96
52 97
52 98
52 99
52 101
52 102
52 103
52 104
52 105
52 107
52 109
52 111
52 114
52 115
52 116
52 117
52 120
52 122
52 125
52 126
52 127
52 128
53 55
53 57
53 58
53 60
53 61
53 64
53 65
53 66
53 67
53 68
53 70
53 71
53 74
53 75
53 78
53 79
53 80
53 88
53 89
53 92
53 94
53 98
53 101
53 102
53 103
53 106
53 109
53 111
53 114
53 115
53 116
53 117
53 121
53 122
53 123
53 124
53 126
53 129
54 57
54 58
54 60
54 62
54 63
54 65
54 66
54 67
54 70
54 71
54 72
54 73
54 76
54 78
54 79
54 80
54 81
54 83
54 85
54 90
54 92
54 94
54 95
54 96
54 99
54 101
54 102
54 104
54 105
54 107
54 109
54 111
54 114
54 116
54 118
54 119
54 120
54 123
54 125
54 126
54 128
55 57
55 58
55 60
55 61
55 62
55 63
55 65
55 66
55 68
55 70
55 71
55 72
55 75
55 77
55 78
55 81
55 82
55 86
55 87
55 88
55 89
55 90
55 91
55 92
55 93
55 97
55 98
55 100
55 102
55 105
55 106
55 107
55 111
55 113
55 114
55 115
55 116
55 117
55 119
55 120
55 121
55 123
55 128
56 58
56 59
56 60
56 61
56 63
56 66
56 70
56 72
56 77
56 78
56 79
56 80
56 81
56 87
56 88
56 89
56 92
56 93
56 95
56 96
56 97
56 98
56 102
56 106
56 107
56 108
56 109
56 110
56 112
56 113
56 114
56 115
56 116
56 117
56 122
56 123
56 125
56 128
57 58
57 62
57 66
57 67
57 70
57 72
57 79
57 80
57 81
57 82
57 84
57 85
57 87
57 92
57 93
57 94
57 96
57 97
57 98
57 103
57 105
57 107
57 108
57 109
57 110
57 112
57 113
57 115
57 116
57 118
57 121
57 122
57 124
57 125
58 61
58 66
58 67
58 70
58 73
58 74
58 75
58 79
58 82
58 83
58 84
58 85
58 87
58 88
58 89
58 90
58 92
58 94
58 96
58 99
58 101
58 104
58 110
58 112
58 115
58 118
58 123
58 126
58 127
58 129
59 60
59 63
59 64
59 65
59 67
59 68
59 72
59 75
59 76
59 77
59 81
59 83
59 85
59 88
59 89
59 90
59 91
59 92
59 93
59 96
59 99
59 102
59 106
59 109
59 110
59 111
59 113
59 116
59 118
59 123
59 126
59 127
59 128
59 129
60 61
60 62
60 64
60 66
60 67
60 69
60 71
60 74
60 76
60 79
60 80
60 82
60 84
60 85
60 88
60 89
60 91
60 93
60 96
60 97
60 98
60 99
60 100
60 101
60 102
60 109
60 110
60 111
60 112
60 115
60 116
60 118
60 119
60 122
60 123
60 124
60 125
60 127
60 128
60 129
61 64
61 65
61 66
61 67
61 68
61 70
61 71
61 75
61 77
61 78
61 79
61 81
61 82
61 83
61 84
61 85
61 86
61 89
61 91
61 95
61 98
61 99
61 101
61 105
61 108
61 111
61 112
61 113
61 114
61 115
61 116
61 117
61 118
61 119
61 120
61 121
61 122
61 126
61 127
61 128
61 129
62 63
62 65
62 68
62 69
62 70
62 71
62 72
62 73
62 74
62 76
62 78
62 81
62 82
62 84
62 85
62 87
62 88
62 90
62 95
62 96
62 101
62 103
62 106
62 110
62 113
62 114
62 118
62 120
62 122
62 123
62 124
62 128
63 65
63 66
63 67
63 68
63 70
63 71
63 73
63 75
63 76
63 77
63 81
63 84
63 85
63 88
63 89
63 93
63 95
63 96
63 98
63 100
63 105
63 106
63 107
63 108
63 112
63 115
63 116
63 118
63 120
63 121
63 123
63 127
64 68
64 69
64 72
64 75
64 76
64 78
64 79
64 81
64 82
64 83
64 85
64 99
64 100
64 102
64 105
64 109
64 111
64 112
64 113
64 114
64 115
64 119
64 120
64 125
64 126
64 128
65 66
65 67
65 70
65 72
65 74
65 75
65 77
65 78
65 82
65 85
65 86
65 87
65 90
65 94
65 96
65 97
65 101
65 103
65 104
65 105
65 107
65 108
65 111
65 114
65 115
65 116
65 117
65 118
65 119
65 121
65 122
65 125
65 126
65 127
65 128
65 129
66 67
66 68
66 71
66 72
66 76
66 77
66 79
66 83
66 92
66 94
66 95
66 99
66 105
66 106
66 107
66 110
66 111
66 113
66 115
66 116
66 118
66 119
66 124
66 125
66 126
66 129
67 68
67 70
67 71
67 72
67 74
67 75
67 76
67 77
67 78
67 79
67 80
67 81
67 83
67 88
67 89
67 90
67 91
67 94
67 97
67 98
67 101
67 102
67 103
67 104
67 105
67 106
67 107
67 108
67 111
67 112
67 114
67 117
67 119
67 120
67 121
67 122
67 123
67 126
67 127
67 128
67 129
68 70
68 72
68 75
68 78
68 80
68 86
68 87
68 88
68 89
68 90
68 92
68 93
68 94
68 96
68 97
68 98
68 104
68 106
68 107
68 108
68 109
68 110
68 112
68 114
68 116
68 117
68 119
68 120
68 121
68 122
68 123
68 127
68 128
68 129
69 70
69 71
69 73
69 74
69 77
69 81
69 82
69 84
69 87
69 89
69 90
69 91
69 93
69 96
69 97
69 98
69 100
69 101
69 105
69 110
69 111
69 113
69 114
69 115
69 119
69 122
69 126
69 128
69 129
70 74
70 79
70 80
70 81
70 82
70 84
70 85
70 86
70 89
70 90
70 91
70 94
70 97
70 100
70 103
70 105
70 107
70 108
70 110
70 111
70 113
70 115
70 116
70 118
70 119
70 120
70 121
70 122
70 123
70 125
70 126
71 74
71 75
71 77
71 81
71 82
71 85
71 88
71 92
71 95
71 97
71 99
71 102
71 105
71 106
71 109
71 110
71 111
71 112
71 113
71 115
71 116
71 117
71 119
71 120
71 126
72 73
72 74
72 75
72 76
72 81
72 84
72 85
72 86
72 87
72 88
72 89
72 90
72 91
72 92
72 93
72 94
72 96
72 97
72 102
72 104
72 107
72 109
72 110
72 111
72 112
72 115
72 117
72 119
72 121
72 124
72 125
72 129
73 74
73 77
73 84
73 85
73 86
73 87
73 88
73 91
73 95
73 96
73 100
73 102
73 107
73 108
73 115
73 118
73 121
73 124
73 126
73 127
73 128
73 129
74 79
74 80
74 82
74 85
74 87
74 88
74 89
74 90
74 95
74 98
74 99
74 100
74 101
74 105
74 108
74 111
74 112
74 115
74 118
74 119
74 120
74 127
74 128
74 129
75 76
75 78
75 79
75 80
75 81
75 84
75 85
75 86
75 88
75 89
75 90
75 91
75 92
75 93
75 94
75 97
75 98
75 99
75 101
75 102
75 104
75 105
75 106
75 107
75 109
75 110
75 111
75 113
75 116
75 119
75 120
75 121
75 123
75 125
75 128
76 77
76 80
76 81
76 82
76 83
76 84
76 86
76 87
76 88
76 90
76 93
76 101
76 102
76 103
76 104
76 107
76 108
76 109
76 112
76 116
76 117
76 119
76 121
76 122
76 123
76 125
76 127
77 78
77 79
77 83
77 89
77 90
77 92
77 94
77 95
77 97
77 98
77 100
77 103
77 104
77 106
77 107
77 109
77 111
77 112
77 116
77 119
77 120
77 121
77 122
77 123
77 125
77 126
77 127
77 129
78 80
78 81
78 82
78 87
78 90
78 96
78 97
78 98
78 99
78 101
78 102
78 106
78 107
78 109
78 110
78 112
78 113
78 114
78 116
78 117
78 118
78 121
78 124
78 125
78 126
78 127
78 128
78 129
79 81
79 82
79 84
79 85
79 88
79 89
79 90
79 94
79 95
79 96
79 99
79 101
79 103
79 104
79 108
79 110
79 111
79 112
79 113
79 114
79 116
79 118
79 121
79 123
79 124
79 125
79 126
79 128
79 129
80 81
80 82
80 84
80 85
80 87
80 88
80 91
80 93
80 94
80 97
80 99
80 101
80 102
80 103
80 105
80 106
80 107
80 108
80 109
80 112
80 113
80 115
80 117
80 118
80 120
80 121
80 122
80 125
80 128
81 83
81 85
81 86
81 88
81 90
81 91
81 92
81 93
81 94
81 95
81 96
81 97
81 98
81 99
81 105
81 106
81 110
81 114
81 115
81 116
81 120
81 121
81 127
81 128
81 129
82 84
82 89
82 91
82 93
82 94
82 95
82 96
82 97
82 100
82 101
82 105
82 109
82 112
82 115
82 117
82 121
82 123
82 124
82 125
82 128
83 84
83 86
83 87
83 88
83 89
83 90
83 93
83 97
83 98
83 101
83 102
83 103
83 106
83 107
83 108
83 110
83 111
83 115
83 116
83 117
83 118
83 119
83 120
83 122
83 123
83 125
83 126
83 128
83 129
84 85
84 86
84 89
84 90
84 91
84 96
84 97
84 98
84 101
84 103
84 104
84 105
84 106
84 107
84 108
84 109
84 111
84 112
84 114
84 115
84 118
84 120
84 121
84 122
84 123
84 124
84 125
84 126
84 127
84 128
84 129
85 87
85 88
85 90
85 91
85 92
85 93
85 96
85 97
85 101
85 108
85 109
85 110
85 111
85 114
85 115
85 116
85 117
85 118
85 122
85 126
86 87
86 88
86 89
86 90
86 92
86 93
86 95
86 97
86 99
86 102
86 106
86 107
86 108
86 111
86 113
86 114
86 116
86 119
86 120
86 121
86 122
86 123
86 125
86 127
87 88
87 89
87 92
87 93
87 95
87 98
87 100
87 101
87 102
87 103
87 112
87 114
87 117
87 119
87 123
87 126
87 127
88 90
88 95
88 96
88 98
88 100
88 102
88 103
88 105
88 107
88 114
88 117
88 118
88 119
88 121
88 123
88 125
88 126
88 127
88 128
88 129
89 90
89 91
89 92
89 93
89 95
89 96
89 97
89 98
89 99
89 104
89 108
89 111
89 112
89 114
89 115
89 116
89 117
89 119
89 120
89 122
89 123
89 125
89 128
90 92
90 95
90 102
90 103
90 106
90 108
90 110
90 112
90 119
90 120
90 121
90 122
90 124
90 125
90 127
90 128
91 92
91 94
91 95
91 97
91 102
91 103
91 105
91 110
91 111
91 114
91 115
91 116
91 118
91 126
91 128
91 129
92 94
92 96
92 97
92 98
92 99
92 100
92 101
92 102
92 103
92 105
92 106
92 108
92 109
92 110
92 113
92 119
92 121
92 124
92 127
92 129
93 94
93 95
93 96
93 98
93 101
93 107
93 109
93 111
93 112
93 118
93 119
93 121
93 126
93 127
93 128
94 95
94 98
94 101
94 103
94 104
94 105
94 106
94 111
94 116
94 122
94 123
94 125
94 126
94 127
95 97
95 100
95 101
95 103
95 104
95 105
95 107
95 108
95 111
95 114
95 115
95 116
95 117
95 118
95 123
95 125
95 128
95 129
96 98
96 99
96 100
96 101
96 104
96 105
96 106
96 112
96 114
96 115
96 116
96 118
96 121
96 123
96 124
96 126
96 127
96 129
97 98
97 99
97 101
97 102
97 103
97 106
97 107
97 110
97 111
97 112
97 114
97 116
97 117
97 118
97 121
97 123
97 124
97 125
97 127
97 128
98 99
98 101
98 102
98 103
98 105
98 107
98 108
98 109
98 115
98 117
98 118
98 120
98 121
98 122
98 123
98 125
98 126
98 127
98 128
99 103
99 105
99 106
99 107
99 110
99 113
99 116
99 118
99 120
99 121
99 123
99 124
99 127
99 128
99 129
100 102
100 103
100 104
100 106
100 108
100 109
100 110
100 112
100 114
100 117
100 119
100 122
100 123
101 104
101 105
101 107
101 108
101 111
101 114
101 115
101 116
101 120
101 122
101 123
101 124
101 126
101 127
101 128
101 129
102 106
102 107
102 108
102 109
102 114
102 115
102 119
102 120
102 124
102 128
103 104
103 107
103 109
103 110
103 111
103 113
103 115
103 116
103 117
103 118
103 120
103 121
103 122
103 124
103 126
103 127
103 128
103 129
104 106
104 107
104 111
104 113
104 115
104 119
104 120
104 121
104 122
104 124
104 125
104 126
104 127
105 107
105 109
105 110
105 111
105 117
105 120
105 121
105 123
105 128
106 108
106 110
106 111
106 112
106 114
106 116
106 117
106 119
106 121
106 123
106 124
106 125
106 128
106 129
107 108
107 109
107 110
107 111
107 114
107 117
107 119
107 121
107 122
107 126
107 128
108 110
108 114
108 116
108 121
108 122
108 124
108 126
109 110
109 111
109 120
109 122
109 123
109 124
109 125
109 127
110 115
110 118
110 119
110 120
110 123
110 126
110 128
111 117
111 119
111 120
111 126
111 129
112 114
112 115
112 117
112 118
112 121
112 123
112 125
112 126
112 128
112 129
113 114
113 116
113 117
113 118
113 119
113 120
113 121
113 125
113 126
113 128
114 116
114 117
114 118
114 119
114 120
114 123
114 124
114 125
114 126
114 127
114 128
114 129
115 117
115 119
115 120
115 121
115 122
115 123
115 124
115 125
115 127
115 128
116 117
116 118
116 121
116 123
116 124
116 125
116 126
116 127
116 128
116 129
117 118
117 120
117 121
117 122
117 124
117 125
117 129
118 120
118 121
118 123
118 124
119 123
119 124
119 127
119 128
120 121
120 122
120 123
120 125
120 126
120 128
120 129
121 123
121 124
121 128
121 129
122 123
122 125
122 126
122 128
122 129
123 124
123 126
123 127
124 125
124 128
124 129
125 127
126 127
126 129
127 129
128 129
74 93 68 28 96 18
110 101 59 31 10 47
4 40 92 67 108 44
111 91 128 124 6 125
43 87 60 39 37 8
36 75 63 14 112 21
103 9 45 56 107 116
102 24 13 12 26 114
76 2 35 85 54 109
115 15 106 19 51 25
117 99 16 34 42 32
123 97 65 82 98 121
7 118 73 72 113 90
30 62 83 89 69 126
49 70 105 61 41 119
71 127 94 129 1 22
84 86 33 64 78 77
55 29 120 5 95 79
104 122 48 88 58 53
17 27 100 66 52 20
50 57 38 3 81 0
80 23 46 11
